31-Dec-15,528.00,534.90,523.46,533.00,4027
30-Dec-15,530.50,531.59,522.50,529.00,4776
29-Dec-15,511.00,529.50,511.00,528.50,50218
24-Dec-15,523.50,528.14,513.50,520.00,1713
23-Dec-15,517.50,520.00,516.50,520.00,21736
22-Dec-15,518.00,528.50,515.00,518.50,27684
21-Dec-15,517.50,520.00,503.00,515.00,20637
18-Dec-15,515.50,522.50,500.00,516.00,66622
16-Dec-15,530.00,530.52,520.00,528.00,14352
15-Dec-15,538.50,538.50,522.00,527.50,20558
14-Dec-15,520.00,530.00,520.00,526.00,15749
11-Dec-15,535.00,535.00,521.50,524.00,39528
10-Dec-15,538.00,538.00,523.80,526.34,15283
9-Dec-15,523.00,529.00,523.00,527.85,14001
8-Dec-15,529.50,535.50,523.00,525.00,15762
7-Dec-15,542.50,542.50,523.50,530.00,34129
4-Dec-15,525.50,530.00,525.50,528.80,5562
3-Dec-15,530.00,535.00,523.00,527.50,58694
2-Dec-15,524.00,527.99,522.50,525.00,22123
1-Dec-15,520.00,530.00,520.00,525.00,30559
30-Nov-15,523.00,528.00,520.00,525.00,46832
27-Nov-15,521.50,523.00,519.82,523.00,11151
26-Nov-15,525.00,525.63,520.50,522.50,23232
25-Nov-15,525.00,527.24,521.50,525.00,13145
24-Nov-15,525.00,530.00,520.00,522.00,17135
23-Nov-15,530.00,530.00,520.00,526.00,14460
20-Nov-15,525.50,530.00,525.00,530.00,22328
19-Nov-15,530.00,530.00,523.26,525.14,34810
18-Nov-15,530.00,530.00,524.00,527.50,18107
17-Nov-15,530.00,530.00,527.50,530.00,40626
16-Nov-15,520.00,530.00,520.00,530.00,19473
13-Nov-15,525.00,529.50,524.33,526.00,16180
12-Nov-15,524.50,530.00,524.50,526.50,16139
11-Nov-15,530.00,530.00,527.00,527.00,11827
10-Nov-15,530.00,530.00,526.00,530.00,10739
9-Nov-15,531.00,533.00,528.50,531.00,14063
6-Nov-15,527.00,533.00,527.00,530.00,59744
5-Nov-15,533.00,533.00,527.00,530.00,14915
4-Nov-15,537.00,537.00,521.76,530.41,35041
3-Nov-15,519.00,530.00,519.00,528.50,17162
2-Nov-15,536.00,536.00,519.00,527.00,9894
30-Oct-15,519.00,536.00,519.00,529.50,17224
29-Oct-15,537.00,537.00,518.52,526.00,14955
28-Oct-15,534.00,534.00,518.07,526.00,23207
27-Oct-15,530.00,536.50,525.50,534.11,13241
26-Oct-15,532.50,536.50,530.50,535.29,16681
23-Oct-15,531.50,535.50,525.00,530.00,46294
22-Oct-15,520.00,537.00,520.00,529.50,32142
21-Oct-15,537.00,537.00,523.23,526.50,14958
20-Oct-15,534.00,534.00,521.50,524.00,13195
19-Oct-15,537.00,537.00,520.00,522.00,23233
16-Oct-15,535.00,535.00,520.50,530.00,30055
15-Oct-15,520.00,529.00,520.00,528.37,30974
14-Oct-15,520.00,534.50,520.00,524.20,21831
13-Oct-15,530.00,530.68,520.00,525.00,11980
12-Oct-15,520.00,528.50,513.00,513.00,21713
9-Oct-15,530.00,530.00,520.00,522.50,30684
8-Oct-15,535.50,535.50,520.00,521.00,49825
7-Oct-15,523.00,533.00,520.00,521.50,27490
6-Oct-15,537.00,537.00,521.50,528.50,23585
5-Oct-15,525.50,530.06,522.46,525.00,38113
2-Oct-15,522.00,527.70,517.00,524.50,23020
1-Oct-15,530.00,531.50,517.00,522.00,30710
30-Sep-15,529.50,535.00,520.00,524.50,34360
29-Sep-15,525.50,529.56,525.00,526.50,16367
28-Sep-15,532.00,532.00,525.00,525.50,38164
25-Sep-15,533.00,535.00,528.50,531.00,26289
24-Sep-15,527.00,536.00,525.50,530.50,28804
23-Sep-15,537.00,541.50,525.00,528.50,42795
22-Sep-15,550.50,550.50,530.00,530.00,64534
21-Sep-15,572.50,574.00,562.00,562.00,8260
18-Sep-15,582.00,582.00,560.00,573.00,53335
17-Sep-15,570.00,570.00,562.00,562.00,41365
16-Sep-15,573.00,573.50,562.50,563.00,11645
15-Sep-15,580.50,580.50,570.00,573.00,4115
14-Sep-15,580.00,584.50,573.00,580.83,8475
11-Sep-15,575.50,588.50,575.00,580.00,9891
10-Sep-15,588.00,591.22,579.00,582.00,3742
9-Sep-15,575.00,590.00,571.00,585.50,11733
8-Sep-15,578.50,581.81,571.50,574.00,5019
7-Sep-15,572.00,585.00,571.40,579.50,5510
4-Sep-15,565.00,579.50,560.00,568.99,8342
3-Sep-15,555.00,569.50,553.30,565.50,11568
2-Sep-15,564.50,568.50,551.50,551.50,24415
1-Sep-15,565.00,578.00,562.10,565.00,21936
28-Aug-15,568.00,570.02,560.00,561.00,15237
27-Aug-15,560.00,569.50,557.70,567.50,21663
26-Aug-15,557.00,570.00,553.00,556.50,14929
25-Aug-15,554.00,564.50,544.00,559.50,21047
24-Aug-15,545.00,546.72,530.50,540.50,24752
21-Aug-15,566.50,566.50,555.00,555.00,13088
20-Aug-15,580.00,580.00,515.97,560.50,15466
19-Aug-15,574.00,579.50,568.53,570.00,8154
18-Aug-15,580.00,580.00,571.00,576.00,10687
17-Aug-15,571.00,578.42,567.00,567.00,5432
14-Aug-15,575.00,576.00,569.00,569.50,10035
13-Aug-15,580.00,580.00,567.36,567.50,7160
12-Aug-15,567.00,573.00,565.50,566.50,27856
11-Aug-15,582.00,582.00,571.50,578.50,7638
10-Aug-15,582.00,582.00,570.83,580.00,8315
7-Aug-15,578.00,578.72,571.00,571.00,22652
6-Aug-15,580.00,582.50,574.50,577.00,9938
5-Aug-15,574.00,598.50,571.69,580.00,25164
4-Aug-15,571.50,575.50,568.50,574.00,9601
3-Aug-15,580.00,580.00,571.00,571.00,15173
31-Jul-15,580.00,586.93,565.00,572.00,14498
30-Jul-15,593.00,593.00,573.00,576.00,19603
29-Jul-15,598.00,598.00,579.50,579.50,25441
28-Jul-15,580.00,593.68,580.00,585.50,15556
27-Jul-15,606.00,611.76,581.50,590.00,33938
24-Jul-15,630.00,633.95,604.50,606.00,57188
23-Jul-15,634.50,642.50,631.00,633.00,20559
22-Jul-15,632.50,640.00,620.20,633.00,22596
21-Jul-15,623.50,638.00,623.48,633.00,18997
20-Jul-15,616.00,626.00,610.00,624.00,19863
17-Jul-15,610.00,622.00,610.00,620.86,9735
16-Jul-15,609.50,622.00,609.50,615.00,11429
15-Jul-15,620.00,620.00,600.00,610.00,29684
14-Jul-15,616.00,616.00,610.00,613.00,10152
13-Jul-15,610.00,619.50,610.00,617.00,13868
10-Jul-15,612.00,617.00,605.00,617.00,13151
9-Jul-15,603.00,609.50,601.94,605.00,12862
8-Jul-15,608.50,614.00,602.50,604.00,9491
7-Jul-15,615.00,615.00,607.00,608.00,18282
6-Jul-15,588.00,616.33,588.00,610.00,22389
3-Jul-15,607.00,617.66,607.00,611.20,9056
2-Jul-15,620.00,622.00,616.50,620.00,17953
1-Jul-15,610.50,624.91,609.62,618.00,7863
30-Jun-15,600.00,621.00,600.00,615.00,33093
29-Jun-15,610.00,611.13,593.50,610.00,16429
26-Jun-15,605.00,612.50,605.00,607.00,43967
25-Jun-15,603.00,614.50,603.00,608.00,17616
24-Jun-15,618.00,618.00,606.58,611.50,9577
23-Jun-15,617.50,617.50,607.00,608.00,20060
22-Jun-15,623.00,623.00,601.50,614.50,38612
19-Jun-15,614.50,623.00,604.00,604.00,185836
18-Jun-15,605.00,614.50,605.00,609.50,12566
17-Jun-15,620.00,620.00,610.00,613.12,18920
16-Jun-15,611.00,617.30,605.00,611.50,24584
15-Jun-15,612.50,625.26,608.00,609.50,70926
12-Jun-15,615.00,615.00,608.00,615.00,13335
11-Jun-15,623.00,623.00,610.00,610.50,9485
10-Jun-15,623.00,623.00,608.50,614.00,10530
9-Jun-15,616.50,620.00,611.50,615.00,6180
8-Jun-15,608.00,620.00,608.00,617.50,5194
5-Jun-15,608.00,620.00,608.00,620.00,8822
4-Jun-15,619.00,621.00,607.50,607.50,32348
3-Jun-15,613.00,622.00,613.00,615.50,48092
2-Jun-15,622.00,622.00,613.50,618.83,12080
1-Jun-15,614.00,623.00,612.20,620.00,24369
29-May-15,615.00,615.00,610.00,611.00,35317
28-May-15,612.00,615.00,610.50,613.00,10763
27-May-15,620.00,620.00,589.88,615.00,30628
26-May-15,624.00,631.28,620.81,623.00,9237
22-May-15,635.00,635.00,624.90,628.00,9067
21-May-15,633.00,635.00,625.37,634.50,7076
20-May-15,635.00,635.00,626.17,633.50,12858
19-May-15,626.00,634.00,626.00,630.00,52020
18-May-15,628.50,634.00,623.50,625.50,4396
15-May-15,627.50,630.00,615.00,630.00,26635
14-May-15,625.00,630.00,622.00,625.00,26239
13-May-15,622.00,630.00,622.00,630.00,12888
12-May-15,627.00,630.00,624.00,629.50,6767
11-May-15,630.50,632.00,624.70,629.50,20565
8-May-15,625.00,635.00,620.50,630.50,115207
7-May-15,612.50,622.00,612.00,620.00,20360
6-May-15,626.50,630.00,620.00,623.50,13110
5-May-15,620.00,630.00,620.00,624.50,15077
1-May-15,624.50,632.93,620.00,631.50,12125
30-Apr-15,620.00,634.00,620.00,624.00,23811
29-Apr-15,635.00,635.00,626.50,626.50,12930
28-Apr-15,635.00,635.00,625.50,630.00,88496
27-Apr-15,620.00,628.43,620.00,627.50,22058
24-Apr-15,638.00,638.00,622.00,629.00,15125
23-Apr-15,630.00,638.59,624.00,625.00,12835
22-Apr-15,645.00,645.00,631.00,634.00,12580
21-Apr-15,640.50,650.60,632.00,635.50,16536
20-Apr-15,645.00,648.00,640.50,641.00,5054
17-Apr-15,652.00,655.19,642.00,644.00,17806
16-Apr-15,662.00,662.00,652.50,657.50,10736
15-Apr-15,658.00,660.40,652.00,655.00,8969
14-Apr-15,662.00,662.00,649.50,653.08,9652
13-Apr-15,650.00,658.72,648.50,652.02,22632
10-Apr-15,653.00,659.00,649.68,657.00,28459
9-Apr-15,644.00,655.00,637.00,652.50,18306
8-Apr-15,645.00,663.50,633.50,633.50,42251
7-Apr-15,622.00,642.00,610.00,640.50,21438
2-Apr-15,622.00,622.00,610.00,616.50,41730
1-Apr-15,610.00,619.00,602.50,607.00,21257
31-Mar-15,628.50,628.50,609.50,609.50,19653
30-Mar-15,619.00,624.72,613.00,613.00,18656
27-Mar-15,633.00,635.40,616.50,616.50,28395
26-Mar-15,647.50,647.50,628.00,634.00,15480
25-Mar-15,663.00,663.00,644.50,644.50,14715
24-Mar-15,667.50,675.00,640.00,648.00,42638
23-Mar-15,656.00,681.00,630.00,677.00,17546
20-Mar-15,650.00,681.00,645.00,660.00,77176
19-Mar-15,652.00,655.00,643.00,643.00,9412
18-Mar-15,647.50,655.00,647.00,650.00,16593
17-Mar-15,643.00,653.00,638.44,645.00,13669
16-Mar-15,657.00,657.00,637.50,640.00,16496
13-Mar-15,655.00,655.62,642.50,644.00,11302
12-Mar-15,646.00,655.00,632.12,649.50,15195
11-Mar-15,659.50,663.38,620.50,642.00,46308
10-Mar-15,669.00,678.50,647.50,655.00,24767
9-Mar-15,677.50,680.50,675.94,678.50,22776
6-Mar-15,683.00,683.00,668.00,669.00,9762
5-Mar-15,685.00,685.00,670.00,683.00,10417
4-Mar-15,672.00,686.50,670.00,675.00,14236
3-Mar-15,672.00,684.50,672.00,677.00,13786
2-Mar-15,680.00,699.36,675.12,680.00,20204
27-Feb-15,672.50,678.50,668.00,677.50,5592
26-Feb-15,673.50,678.50,665.00,668.00,16657
25-Feb-15,674.50,681.00,670.00,681.00,9159
24-Feb-15,677.00,685.28,674.00,675.50,14984
23-Feb-15,659.50,685.04,659.50,684.00,22500
20-Feb-15,652.50,667.00,648.50,666.00,7630
19-Feb-15,649.00,660.00,647.73,660.00,11759
18-Feb-15,645.00,657.15,645.00,653.50,13051
17-Feb-15,660.00,660.00,645.00,653.00,12594
16-Feb-15,647.00,652.02,645.00,647.00,12750
13-Feb-15,660.00,680.00,646.50,646.50,36571
12-Feb-15,630.00,661.00,630.00,655.00,25849
11-Feb-15,636.50,642.00,630.00,640.00,7830
10-Feb-15,635.00,643.05,630.00,642.00,9298
9-Feb-15,630.00,641.00,630.00,635.00,11401
6-Feb-15,630.00,644.68,630.00,642.50,6648
5-Feb-15,645.00,645.00,632.50,638.50,4976
4-Feb-15,645.00,645.00,633.50,635.50,7133
3-Feb-15,637.00,645.00,630.00,637.00,20158
2-Feb-15,635.00,635.00,622.00,625.00,10143
30-Jan-15,636.00,642.00,631.50,638.00,10142
29-Jan-15,630.00,642.00,629.81,642.00,27541
28-Jan-15,627.00,645.00,627.00,634.50,13665
27-Jan-15,635.00,635.00,621.50,630.00,16410
26-Jan-15,612.00,627.00,612.00,625.00,13990
23-Jan-15,617.00,627.00,613.50,624.50,19446
22-Jan-15,616.00,622.00,611.00,615.50,18054
21-Jan-15,617.00,618.00,609.00,613.66,14622
20-Jan-15,625.50,625.50,608.00,617.00,17475
19-Jan-15,600.00,610.00,588.68,605.66,4601
16-Jan-15,589.00,600.00,584.00,588.00,12096
15-Jan-15,583.00,596.00,583.00,589.00,19051
14-Jan-15,610.00,610.00,580.50,580.50,26294
13-Jan-15,595.00,595.00,581.00,589.00,23179
12-Jan-15,610.00,610.00,580.00,583.00,9004
9-Jan-15,572.00,588.00,572.00,584.50,11678
8-Jan-15,585.00,594.26,577.00,587.50,7241
7-Jan-15,575.50,581.74,575.50,578.50,3279
6-Jan-15,580.00,582.50,568.50,577.00,9309
5-Jan-15,582.00,588.00,580.00,583.50,5137
31-Dec-14,595.00,595.00,586.93,595.00,56
30-Dec-14,584.50,594.50,581.46,584.50,9809
29-Dec-14,595.50,596.37,582.00,586.00,8896
24-Dec-14,598.00,604.00,590.50,604.00,681
23-Dec-14,595.00,597.50,587.00,591.50,8242
22-Dec-14,595.00,599.50,588.00,595.50,6067
19-Dec-14,587.50,600.00,587.50,598.50,59135
18-Dec-14,580.50,595.00,573.00,592.00,28732
17-Dec-14,579.00,583.45,574.00,575.00,27972
16-Dec-14,580.00,595.00,548.00,579.00,29917
15-Dec-14,581.50,592.00,571.00,580.00,10066
12-Dec-14,585.00,595.00,573.62,582.00,23276
11-Dec-14,595.00,604.60,587.50,596.50,14539
10-Dec-14,598.00,609.00,591.12,599.50,14385
9-Dec-14,588.00,595.50,577.62,593.00,10350
8-Dec-14,595.00,598.10,583.00,591.00,9395
5-Dec-14,592.00,600.00,580.50,600.00,18220
4-Dec-14,598.00,600.00,580.00,581.00,31664
3-Dec-14,609.50,610.50,599.50,600.50,9651
2-Dec-14,607.50,613.49,601.00,609.00,13719
1-Dec-14,620.00,620.00,599.00,607.00,11877
28-Nov-14,611.50,618.00,601.00,614.00,14427
27-Nov-14,596.00,613.50,589.15,610.00,10546
26-Nov-14,592.00,607.00,588.00,592.00,12825
25-Nov-14,600.00,604.50,585.00,597.50,8287
24-Nov-14,582.00,596.50,580.50,589.50,8446
21-Nov-14,573.00,587.50,573.00,580.00,17625
20-Nov-14,583.00,586.85,578.50,580.00,6144
19-Nov-14,580.00,582.10,574.50,579.00,11543
18-Nov-14,580.00,588.00,580.00,580.50,7117
17-Nov-14,584.50,590.00,576.00,585.00,14045
14-Nov-14,580.00,585.00,580.00,582.50,8585
13-Nov-14,587.00,587.00,573.00,579.00,10927
12-Nov-14,587.00,587.00,574.50,581.50,10126
11-Nov-14,587.00,587.00,578.00,583.50,6277
10-Nov-14,577.00,585.00,575.56,581.00,4693
7-Nov-14,585.00,588.80,572.50,580.00,23351
6-Nov-14,585.00,586.50,578.00,581.50,8541
5-Nov-14,590.00,590.00,579.50,589.50,9555
4-Nov-14,580.50,586.50,578.00,578.00,21533
3-Nov-14,597.00,597.00,580.50,580.50,6516
31-Oct-14,585.00,600.50,583.75,590.50,37794
30-Oct-14,584.00,585.00,578.00,585.00,11024
29-Oct-14,580.00,590.00,575.00,585.50,10989
28-Oct-14,580.00,586.00,578.00,578.00,12852
27-Oct-14,586.50,591.50,581.26,581.50,12286
24-Oct-14,585.00,588.50,583.50,585.00,8640
23-Oct-14,594.50,594.50,580.00,584.00,14827
22-Oct-14,582.00,593.50,575.50,587.00,24533
21-Oct-14,589.50,589.50,576.50,583.00,15051
20-Oct-14,589.50,594.38,567.50,576.50,20335
17-Oct-14,570.00,584.00,562.40,584.00,37094
16-Oct-14,583.50,583.50,560.50,568.00,47974
15-Oct-14,577.00,597.00,571.50,575.00,16690
14-Oct-14,565.00,577.00,565.00,574.50,12626
13-Oct-14,575.00,578.00,561.41,565.00,25606
10-Oct-14,573.50,586.75,573.00,578.00,17996
9-Oct-14,607.50,607.50,571.00,581.50,29166
8-Oct-14,616.50,616.50,596.00,596.50,12259
7-Oct-14,605.00,607.00,603.00,604.50,6575
6-Oct-14,610.00,612.86,603.00,603.50,5003
3-Oct-14,616.50,616.50,603.00,603.00,24653
2-Oct-14,611.50,611.50,602.00,604.30,17998
1-Oct-14,615.00,633.48,601.00,603.00,47534
30-Sep-14,627.50,627.50,611.00,617.00,21548
29-Sep-14,613.00,623.80,611.50,611.50,7756
26-Sep-14,613.50,627.00,613.00,613.00,12950
25-Sep-14,627.00,634.36,611.50,615.00,17575
24-Sep-14,642.00,642.00,627.00,627.00,15889
23-Sep-14,625.00,642.00,625.00,630.50,19190
22-Sep-14,627.50,635.00,627.50,631.13,24966
19-Sep-14,629.50,636.50,623.50,633.00,79226
18-Sep-14,615.00,631.21,615.00,622.70,15160
17-Sep-14,625.00,630.00,615.00,615.00,26640
16-Sep-14,612.00,625.50,612.00,622.00,35653
15-Sep-14,612.50,627.00,612.50,615.00,12768
12-Sep-14,612.00,625.50,612.00,622.50,11839
11-Sep-14,614.00,637.00,606.50,612.50,29491
10-Sep-14,628.50,640.20,611.50,611.50,17352
9-Sep-14,627.00,642.00,627.00,634.00,10150
8-Sep-14,633.00,642.50,625.50,633.00,17348
5-Sep-14,643.00,647.50,636.75,644.00,3475
4-Sep-14,640.00,647.50,639.50,644.00,6003
3-Sep-14,641.50,646.50,637.50,642.00,12101
2-Sep-14,639.50,645.00,635.00,639.00,14520
1-Sep-14,636.00,645.05,636.00,640.50,6074
29-Aug-14,635.00,642.56,635.00,642.00,16006
28-Aug-14,637.50,644.38,635.00,641.00,4895
27-Aug-14,642.50,648.00,636.50,642.50,8161
26-Aug-14,644.50,648.10,635.00,639.00,8857
22-Aug-14,640.00,651.06,632.00,647.00,12328
21-Aug-14,653.50,653.50,644.50,646.50,6284
20-Aug-14,647.00,653.20,615.50,640.50,23923
19-Aug-14,668.00,668.00,650.16,651.50,8493
18-Aug-14,660.50,669.00,657.00,657.00,8054
15-Aug-14,651.50,663.00,642.75,661.00,15533
14-Aug-14,649.00,656.00,644.00,645.00,8066
13-Aug-14,640.00,651.00,640.00,648.50,9729
12-Aug-14,647.00,652.00,642.00,649.50,9810
11-Aug-14,637.00,652.00,637.00,647.00,4077
8-Aug-14,652.00,652.00,643.00,648.00,29933
7-Aug-14,660.00,661.50,643.00,650.00,21053
6-Aug-14,666.50,666.50,648.00,650.15,12809
5-Aug-14,652.50,662.32,652.00,653.42,10005
4-Aug-14,664.00,665.00,655.50,664.50,8214
1-Aug-14,667.00,669.00,655.00,669.00,28182
31-Jul-14,650.00,665.00,641.50,663.00,25803
30-Jul-14,643.50,653.50,642.06,650.00,18396
29-Jul-14,629.00,648.00,629.00,642.00,14842
28-Jul-14,632.00,636.50,626.00,628.50,15097
25-Jul-14,635.00,637.00,625.00,632.00,11210
24-Jul-14,623.00,631.11,620.00,622.97,11017
23-Jul-14,620.00,628.72,612.00,622.00,13534
22-Jul-14,611.00,620.72,611.00,614.54,26144
21-Jul-14,616.00,621.50,610.50,614.20,15026
18-Jul-14,619.50,624.00,605.00,610.54,24511
17-Jul-14,620.50,621.00,606.50,613.50,7123
16-Jul-14,620.50,621.00,607.50,611.50,12245
15-Jul-14,628.50,631.50,606.00,606.00,11195
14-Jul-14,632.50,632.50,618.00,620.50,5596
11-Jul-14,610.00,627.50,610.00,623.50,16078
10-Jul-14,623.00,630.00,595.12,611.00,43331
9-Jul-14,620.50,634.50,620.50,625.00,15459
8-Jul-14,637.00,646.00,623.50,634.50,28942
7-Jul-14,645.00,647.00,633.50,633.50,14221
4-Jul-14,645.00,645.00,631.50,639.50,10387
3-Jul-14,644.50,645.00,630.00,640.00,15050
2-Jul-14,650.00,655.00,634.50,639.50,13711
1-Jul-14,644.50,650.00,635.00,650.00,13274
30-Jun-14,638.50,653.00,635.50,636.00,13503
27-Jun-14,638.50,653.00,638.50,641.00,17554
26-Jun-14,620.50,654.50,620.50,641.00,18931
25-Jun-14,634.50,634.50,624.50,628.00,18043
24-Jun-14,637.00,642.36,610.27,629.50,38570
23-Jun-14,661.00,665.00,635.50,646.00,43743
20-Jun-14,609.50,672.00,605.50,672.00,146718
19-Jun-14,631.00,638.50,598.50,598.50,60043
18-Jun-14,627.50,638.54,613.00,631.00,20608
17-Jun-14,628.50,630.39,596.10,610.00,63345
16-Jun-14,634.50,635.00,620.00,624.98,61528
13-Jun-14,625.50,631.75,579.00,626.00,25552
12-Jun-14,640.00,640.00,630.00,639.00,12923
11-Jun-14,630.50,639.75,630.50,638.00,10823
10-Jun-14,625.50,635.61,625.00,628.00,40740
9-Jun-14,642.50,645.54,625.61,629.70,28208
6-Jun-14,623.50,645.50,623.50,645.50,12156
5-Jun-14,630.50,635.00,623.00,635.00,11714
4-Jun-14,638.00,638.00,624.50,631.00,7905
3-Jun-14,638.00,638.00,623.50,631.00,17344
2-Jun-14,638.00,638.00,623.00,629.00,12957
30-May-14,625.50,635.00,621.50,625.00,12467
29-May-14,625.50,633.00,620.47,620.50,14908
28-May-14,633.00,633.00,622.32,623.50,22030
27-May-14,633.00,639.00,623.00,639.00,10019
23-May-14,613.50,626.45,613.50,622.50,11719
22-May-14,613.50,624.50,613.50,620.00,24579
21-May-14,619.50,628.00,614.00,627.50,13052
20-May-14,619.50,620.00,609.00,615.00,16653
19-May-14,608.50,620.00,608.50,614.84,23595
16-May-14,608.00,619.00,608.00,615.00,19155
15-May-14,608.50,623.00,608.00,610.96,18315
14-May-14,603.50,621.00,603.50,617.00,9969
13-May-14,612.50,618.00,610.50,618.00,7904
12-May-14,608.00,619.70,589.46,604.51,13561
9-May-14,622.50,622.50,610.00,612.74,15957
8-May-14,610.00,620.50,609.00,611.50,21413
7-May-14,615.50,621.00,610.00,610.60,22383
6-May-14,619.00,633.36,617.00,630.00,6613
2-May-14,620.00,624.50,620.00,620.50,14436
1-May-14,626.00,634.65,621.50,625.00,10449
30-Apr-14,627.50,627.50,618.00,618.33,36471
29-Apr-14,617.50,628.00,617.50,620.00,12617
28-Apr-14,615.50,620.00,615.50,615.54,14983
25-Apr-14,612.00,619.00,612.00,616.00,19376
24-Apr-14,617.50,618.82,613.38,614.50,16205
23-Apr-14,610.00,622.00,610.00,618.00,8421
22-Apr-14,610.00,613.00,606.10,610.00,16326
17-Apr-14,606.00,607.90,600.75,604.00,6188
16-Apr-14,604.00,610.00,602.00,602.00,7098
15-Apr-14,595.50,611.09,595.50,607.00,14314
14-Apr-14,618.00,618.00,596.00,600.50,20432
11-Apr-14,622.00,628.50,611.00,617.00,14531
10-Apr-14,635.50,636.50,614.00,625.00,26652
9-Apr-14,635.00,641.00,627.10,633.50,17820
8-Apr-14,629.50,637.00,625.00,635.50,22410
7-Apr-14,625.00,637.00,621.50,633.00,23522
4-Apr-14,626.50,630.00,620.20,627.00,10144
3-Apr-14,627.00,636.15,620.77,623.50,15999
2-Apr-14,620.00,630.00,611.05,629.50,20828
1-Apr-14,608.50,620.00,603.00,618.00,16478
31-Mar-14,613.00,613.00,600.50,610.00,19270
28-Mar-14,610.00,613.36,600.00,610.50,11906
27-Mar-14,613.50,614.85,600.00,601.50,10093
26-Mar-14,599.50,616.50,597.00,616.50,36684
25-Mar-14,590.00,600.00,590.00,594.50,16711
24-Mar-14,585.00,590.00,577.00,582.00,20716
21-Mar-14,578.00,585.00,564.57,578.50,48918
20-Mar-14,583.00,587.00,578.00,578.00,8933
19-Mar-14,577.00,593.00,577.00,584.50,5081
18-Mar-14,595.00,595.00,567.52,581.00,16960
17-Mar-14,588.50,592.50,585.00,585.00,13156
14-Mar-14,585.00,594.50,585.00,588.50,26099
13-Mar-14,598.50,600.00,587.00,588.50,17713
12-Mar-14,598.50,601.00,594.00,594.00,16947
11-Mar-14,598.00,601.50,595.00,596.50,18585
10-Mar-14,615.00,615.00,560.00,597.00,30836
7-Mar-14,605.00,615.00,605.00,607.00,10429
6-Mar-14,605.50,610.50,605.00,610.50,13929
5-Mar-14,612.00,614.00,607.50,609.50,8969
4-Mar-14,609.00,615.00,605.00,615.00,32071
3-Mar-14,612.00,614.00,605.50,608.00,27401
28-Feb-14,611.50,620.00,611.00,616.00,20553
27-Feb-14,610.00,615.50,607.00,611.00,28472
26-Feb-14,611.00,617.00,610.00,613.00,12376
25-Feb-14,615.00,618.00,611.00,611.00,43050
24-Feb-14,613.50,622.00,613.00,617.00,6739
21-Feb-14,612.00,622.00,612.00,616.32,17458
20-Feb-14,614.00,617.00,612.00,616.00,9567
19-Feb-14,614.00,624.50,614.00,614.50,12173
18-Feb-14,618.00,622.00,617.50,617.50,18792
17-Feb-14,631.00,631.00,612.00,620.00,14081
14-Feb-14,605.50,615.00,605.00,613.00,13617
13-Feb-14,608.50,613.50,605.50,609.50,21707
12-Feb-14,613.50,617.50,612.00,613.00,16793
11-Feb-14,613.50,619.00,613.50,617.30,15645
10-Feb-14,608.50,626.00,608.50,619.50,30946
7-Feb-14,623.00,623.00,618.50,622.00,11498
6-Feb-14,620.00,623.00,617.00,623.00,22864
5-Feb-14,605.50,618.50,605.50,617.50,13372
4-Feb-14,606.00,612.00,606.00,612.00,14283
3-Feb-14,607.50,616.00,607.50,609.50,28833
31-Jan-14,622.00,625.00,610.00,610.00,74689
30-Jan-14,609.50,618.00,609.50,615.50,16038
29-Jan-14,610.00,622.00,600.00,622.00,12552
28-Jan-14,605.50,625.00,598.50,604.50,16665
27-Jan-14,610.00,614.50,586.50,614.00,17731
24-Jan-14,603.00,618.00,594.00,605.00,17322
23-Jan-14,600.00,618.00,600.00,614.00,21295
22-Jan-14,603.00,626.00,598.50,609.50,13264
21-Jan-14,583.50,602.00,583.50,597.00,13985
20-Jan-14,575.00,595.00,575.00,590.00,16650
17-Jan-14,575.00,590.00,575.00,582.50,16834
16-Jan-14,582.50,592.50,576.00,588.00,22923
15-Jan-14,583.00,587.00,582.50,585.00,17306
14-Jan-14,580.50,587.00,580.00,585.00,17679
13-Jan-14,580.50,587.00,572.50,586.50,21694
10-Jan-14,572.00,588.50,565.50,588.50,20777
9-Jan-14,574.50,591.00,572.00,586.00,17882
8-Jan-14,585.50,585.50,574.50,578.50,8493
7-Jan-14,579.00,590.00,579.00,587.50,17400
6-Jan-14,585.50,587.00,579.00,579.00,10690
3-Jan-14,585.00,587.00,578.00,586.00,14460
2-Jan-14,573.00,587.00,566.00,585.00,18250
31-Dec-13,566.50,570.00,566.00,566.00,3177
30-Dec-13,582.00,582.00,566.00,566.00,5606
27-Dec-13,572.50,583.00,569.00,579.50,14264
24-Dec-13,567.00,572.00,564.50,572.00,2341
23-Dec-13,576.00,576.00,567.50,569.50,5872
20-Dec-13,577.00,589.50,568.00,575.50,54721
19-Dec-13,560.00,590.00,560.00,581.50,19265
18-Dec-13,569.50,575.00,568.00,571.50,14463
17-Dec-13,563.00,575.00,563.00,571.50,31872
16-Dec-13,561.00,568.50,560.00,565.50,19389
13-Dec-13,561.50,568.50,561.50,565.00,6933
12-Dec-13,560.00,567.50,560.00,565.50,14087
11-Dec-13,559.00,567.00,557.50,563.00,21592
10-Dec-13,554.00,571.50,552.00,563.00,20677
9-Dec-13,559.00,560.00,553.50,557.00,16381
6-Dec-13,545.00,562.00,539.50,562.00,17225
5-Dec-13,540.00,554.50,537.00,544.00,29792
4-Dec-13,541.50,548.50,533.00,543.50,14927
3-Dec-13,539.00,544.00,533.00,544.00,19397
2-Dec-13,554.50,557.00,534.50,539.50,20725
29-Nov-13,549.00,556.50,548.50,552.00,18606
28-Nov-13,543.00,555.00,543.00,547.00,19547
27-Nov-13,550.50,550.50,543.50,547.50,5368
26-Nov-13,550.00,552.50,547.50,547.50,6221
25-Nov-13,553.50,560.50,548.00,548.00,14479
22-Nov-13,544.00,552.00,544.00,549.50,23380
21-Nov-13,547.00,554.50,543.00,545.00,34627
20-Nov-13,536.00,546.50,534.50,546.50,15320
19-Nov-13,534.00,542.00,534.00,539.50,12037
18-Nov-13,530.00,540.00,530.00,537.50,23539
15-Nov-13,529.50,535.00,527.50,529.00,15845
14-Nov-13,525.00,529.00,521.00,527.50,6389
13-Nov-13,519.00,524.50,518.50,522.90,40405
12-Nov-13,521.00,525.00,515.00,520.00,58958
11-Nov-13,520.00,521.50,518.00,520.00,51201
8-Nov-13,517.00,526.00,517.00,520.00,43047
7-Nov-13,520.00,521.50,518.50,520.00,36391
6-Nov-13,524.50,524.50,520.00,520.00,43402
5-Nov-13,525.00,527.50,520.00,525.00,4240
4-Nov-13,521.00,529.50,521.00,527.50,27292
1-Nov-13,521.50,526.50,516.50,522.00,29136
31-Oct-13,526.50,530.00,515.00,523.50,31411
30-Oct-13,526.00,530.00,519.50,529.50,14936
29-Oct-13,515.00,530.00,512.00,528.00,61532
28-Oct-13,520.00,527.50,502.00,502.00,20158
25-Oct-13,535.00,535.00,520.00,520.00,14212
24-Oct-13,525.50,527.50,523.50,523.50,18828
23-Oct-13,524.50,531.50,-,527.34,22396
22-Oct-13,526.00,534.00,526.00,527.00,8026
21-Oct-13,516.00,535.00,516.00,528.00,31779
18-Oct-13,521.50,522.00,516.50,516.50,12529
17-Oct-13,522.00,522.00,517.50,522.00,23758
16-Oct-13,519.00,523.50,515.00,521.50,12710
15-Oct-13,521.50,524.50,517.00,521.00,13642
14-Oct-13,526.00,526.00,518.00,520.50,11539
11-Oct-13,519.00,523.00,514.50,520.50,18828
10-Oct-13,519.50,524.00,517.50,522.00,41495
9-Oct-13,517.50,530.00,514.00,520.00,66292
8-Oct-13,517.50,522.50,514.00,514.00,9817
7-Oct-13,519.50,519.50,513.00,517.00,14686
4-Oct-13,523.50,523.50,519.50,519.50,14032
3-Oct-13,523.50,526.00,512.00,520.00,28886
2-Oct-13,524.50,533.00,524.50,526.00,4564
1-Oct-13,524.50,528.50,521.50,526.50,26229
30-Sep-13,520.50,530.00,520.00,527.50,51472
27-Sep-13,524.00,530.00,518.00,526.00,15621
26-Sep-13,528.00,537.50,528.00,528.70,64134
25-Sep-13,539.50,539.50,529.00,529.00,18845
24-Sep-13,537.00,541.50,523.00,541.50,89946
20-Sep-13,533.00,539.50,525.00,525.00,77326
19-Sep-13,538.00,548.00,530.00,535.75,41998
18-Sep-13,536.50,538.00,533.00,536.00,15918
17-Sep-13,543.50,551.00,535.00,538.00,32708
16-Sep-13,538.50,550.50,538.50,544.00,5348
13-Sep-13,540.00,542.50,536.00,538.00,14186
12-Sep-13,544.00,551.00,538.00,541.50,13998
11-Sep-13,560.00,560.00,544.00,549.50,20746
10-Sep-13,549.00,550.00,545.00,543.83,18874
9-Sep-13,540.50,552.00,537.00,552.00,50989
6-Sep-13,539.00,550.00,537.00,542.50,98279
5-Sep-13,545.00,546.50,537.00,542.00,62578
4-Sep-13,537.00,550.00,537.00,548.50,12410
3-Sep-13,539.00,550.00,539.00,550.00,23249
2-Sep-13,537.50,553.50,531.50,541.00,14908
30-Aug-13,565.00,565.00,540.00,540.00,10645
29-Aug-13,550.00,556.00,549.00,554.00,15849
28-Aug-13,557.00,558.50,549.00,553.50,9486
27-Aug-13,565.00,570.00,549.00,570.00,13748
23-Aug-13,560.00,575.00,556.50,564.00,7799
22-Aug-13,567.00,575.00,561.00,567.00,7900
21-Aug-13,556.00,580.00,556.00,569.50,16113
20-Aug-13,561.50,565.50,561.50,565.00,9394
19-Aug-13,564.00,569.50,552.00,557.50,16610
16-Aug-13,557.50,559.50,549.00,556.00,26460
15-Aug-13,570.50,583.00,555.50,555.50,22532
14-Aug-13,577.00,581.00,569.00,574.50,10604
13-Aug-13,576.50,584.00,570.00,578.00,6525
12-Aug-13,579.00,587.00,572.00,577.00,23671
9-Aug-13,570.00,587.00,570.00,580.00,18761
8-Aug-13,562.50,578.00,562.50,577.00,26577
7-Aug-13,564.00,570.00,562.00,569.83,5642
6-Aug-13,563.00,570.00,559.00,568.60,9515
5-Aug-13,557.00,569.00,557.00,561.26,16228
2-Aug-13,557.50,563.00,550.50,560.40,9654
1-Aug-13,549.00,560.00,538.00,555.07,16053
31-Jul-13,546.50,550.00,538.00,542.20,13009
30-Jul-13,542.00,547.50,539.00,546.11,23836
29-Jul-13,536.00,542.00,529.00,532.94,9381
26-Jul-13,537.00,540.00,506.50,532.52,27724
25-Jul-13,560.00,560.50,535.00,542.48,14388
24-Jul-13,565.00,571.50,557.00,559.65,23438
23-Jul-13,570.00,576.00,562.00,569.50,19909
22-Jul-13,545.00,580.00,545.00,569.28,22315
19-Jul-13,547.50,570.00,545.00,546.00,16774
18-Jul-13,521.50,557.21,521.50,554.00,37987
17-Jul-13,520.00,530.00,518.23,530.00,17253
16-Jul-13,520.00,525.00,508.00,522.75,72092
15-Jul-13,520.00,523.85,515.74,520.00,11695
12-Jul-13,520.00,530.00,520.00,522.00,10354
11-Jul-13,521.00,530.00,517.88,522.00,20863
10-Jul-13,523.00,523.00,513.00,521.50,16227
9-Jul-13,520.00,533.00,511.95,522.50,25346
8-Jul-13,514.50,533.01,511.00,531.50,26388
5-Jul-13,505.00,535.50,501.00,535.50,16012
4-Jul-13,502.00,515.00,502.00,515.00,12686
3-Jul-13,502.00,515.00,499.65,514.50,11282
2-Jul-13,508.50,516.00,497.60,506.50,60917
1-Jul-13,504.50,515.00,504.00,514.50,9157
28-Jun-13,510.00,514.09,502.00,505.00,18222
27-Jun-13,507.00,510.00,505.00,509.50,7391
26-Jun-13,512.00,512.94,502.50,508.00,15270
25-Jun-13,505.00,513.50,505.00,513.50,18460
24-Jun-13,517.50,517.50,505.00,505.00,18524
21-Jun-13,502.00,535.50,502.00,535.50,57483
20-Jun-13,505.00,510.00,503.00,504.00,24364
19-Jun-13,504.50,510.00,502.50,505.00,36364
18-Jun-13,505.00,514.50,505.00,505.50,7085
17-Jun-13,509.00,512.00,507.00,507.00,12544
14-Jun-13,505.00,510.00,502.50,507.50,15087
13-Jun-13,500.00,505.00,500.00,502.39,40616
12-Jun-13,508.50,515.00,495.98,503.31,22394
11-Jun-13,510.00,522.50,503.00,506.67,49595
10-Jun-13,505.00,513.52,505.00,508.25,19337
7-Jun-13,510.50,515.00,504.00,509.46,36763
6-Jun-13,518.00,530.00,510.50,514.28,23973
5-Jun-13,535.00,545.00,518.00,521.50,29966
4-Jun-13,559.50,559.50,535.50,535.50,21943
3-Jun-13,558.50,562.50,546.50,547.00,10427
31-May-13,565.00,566.50,545.00,555.00,9448
30-May-13,569.50,572.40,562.00,568.50,2657
29-May-13,570.00,572.00,565.00,568.50,5181
28-May-13,568.00,585.36,568.00,574.50,19195
24-May-13,572.50,573.00,568.00,570.00,13206
23-May-13,581.00,585.00,570.50,570.50,17090
22-May-13,573.50,588.50,556.50,588.50,28116
21-May-13,565.00,575.00,564.00,574.50,9470
20-May-13,559.00,582.16,550.00,570.00,7683
17-May-13,567.00,575.00,562.00,571.00,14150
16-May-13,555.00,573.00,555.00,562.00,23930
15-May-13,557.50,565.00,549.00,565.00,12734
14-May-13,560.00,560.00,544.61,549.50,13102
13-May-13,551.50,558.00,551.50,555.50,15295
10-May-13,554.50,558.00,543.50,557.50,21011
9-May-13,557.50,557.50,543.90,550.50,17187
8-May-13,550.50,558.50,550.00,555.00,12791
7-May-13,557.00,561.00,540.93,554.00,9518
3-May-13,549.50,562.00,547.39,557.00,30459
2-May-13,550.00,550.50,535.00,550.50,65285
1-May-13,545.00,548.00,542.00,547.50,13104
30-Apr-13,546.50,548.00,542.00,548.00,13681
29-Apr-13,550.00,552.73,535.00,545.00,4925
26-Apr-13,550.00,550.00,535.43,535.43,10529
25-Apr-13,549.50,550.00,535.00,546.00,10668
24-Apr-13,539.00,549.50,532.50,549.50,54585
23-Apr-13,541.00,541.00,519.00,535.50,24125
22-Apr-13,547.50,548.00,532.56,541.00,10303
19-Apr-13,537.50,554.00,537.50,540.50,6925
18-Apr-13,545.00,554.50,535.00,548.50,20909
17-Apr-13,543.00,544.86,535.50,535.50,16469
16-Apr-13,535.00,545.00,535.00,537.50,15691
15-Apr-13,534.50,552.50,534.50,538.00,13629
12-Apr-13,533.00,553.79,533.00,545.00,11554
11-Apr-13,532.00,555.00,532.00,555.00,16991
10-Apr-13,535.00,547.00,534.00,540.00,22382
9-Apr-13,545.50,553.00,537.62,553.00,22417
8-Apr-13,549.00,549.00,532.00,537.00,67999
5-Apr-13,535.00,555.00,532.30,547.00,20712
4-Apr-13,533.50,536.00,530.00,535.00,26981
3-Apr-13,552.00,552.00,532.00,536.50,16563
2-Apr-13,549.50,560.00,540.50,552.00,13885
28-Mar-13,550.50,562.50,542.00,545.00,25966
27-Mar-13,551.00,559.00,547.00,549.00,30646
26-Mar-13,574.50,574.50,553.00,567.00,40930
25-Mar-13,568.50,585.00,556.60,570.00,40183
22-Mar-13,540.00,572.00,539.72,572.00,29225
21-Mar-13,522.00,539.50,521.50,539.50,5312
20-Mar-13,533.50,538.18,520.50,520.50,9858
19-Mar-13,529.50,535.00,515.50,530.50,6308
18-Mar-13,517.50,530.00,505.00,528.50,21012
15-Mar-13,502.50,524.82,502.00,524.00,83307
14-Mar-13,510.00,513.50,506.00,508.66,46629
13-Mar-13,504.00,513.50,501.40,507.00,30157
12-Mar-13,516.00,516.00,498.00,504.00,23156
11-Mar-13,505.00,515.00,505.00,513.00,7897
8-Mar-13,514.00,514.00,503.50,507.00,59554
7-Mar-13,506.00,515.00,503.50,503.50,11634
6-Mar-13,510.00,514.50,505.00,512.00,22961
5-Mar-13,515.00,515.00,506.00,506.00,8380
4-Mar-13,519.50,519.50,505.00,514.00,15271
1-Mar-13,515.00,515.00,510.00,510.00,12311
28-Feb-13,514.00,520.00,508.50,513.00,18227
27-Feb-13,518.50,518.50,504.50,510.00,30584
26-Feb-13,520.00,526.50,511.40,520.00,6466
25-Feb-13,505.50,526.00,505.00,526.00,21688
22-Feb-13,503.00,530.00,503.00,515.00,34376
21-Feb-13,507.00,515.50,500.50,501.00,24996
20-Feb-13,503.00,513.00,501.75,513.00,20248
19-Feb-13,505.00,509.00,500.00,503.00,18454
18-Feb-13,510.50,510.50,497.13,502.00,13869
15-Feb-13,504.50,515.00,500.00,512.50,207035
14-Feb-13,508.00,537.50,494.10,502.50,160920
13-Feb-13,542.00,563.00,504.00,515.50,211074
12-Feb-13,545.50,555.00,538.00,555.00,89868
11-Feb-13,550.00,550.00,537.50,545.50,10263
8-Feb-13,538.00,550.00,538.00,550.00,2995
7-Feb-13,550.00,550.00,536.50,538.00,14080
6-Feb-13,550.00,550.00,539.00,545.50,29852
5-Feb-13,542.00,550.00,539.00,545.00,18233
4-Feb-13,547.50,550.00,535.69,537.00,31426
1-Feb-13,542.00,550.00,538.40,550.00,66545
31-Jan-13,525.00,543.50,523.99,543.50,32828
30-Jan-13,540.50,544.96,510.50,526.00,77150
29-Jan-13,556.50,558.00,535.50,542.00,27450
28-Jan-13,551.88,568.00,550.00,554.55,24477
25-Jan-13,550.00,555.00,536.00,546.05,21857
24-Jan-13,528.00,550.00,518.00,527.13,26885
23-Jan-13,518.00,524.59,515.00,519.63,27827
22-Jan-13,512.00,525.00,510.00,514.83,10353
21-Jan-13,513.00,524.50,506.12,512.22,18865
18-Jan-13,508.50,534.50,500.00,520.00,43138
17-Jan-13,500.00,510.00,495.10,508.50,39981
16-Jan-13,498.00,508.00,495.72,501.00,19123
15-Jan-13,499.90,509.00,487.25,500.00,30506
14-Jan-13,500.00,500.00,490.00,490.00,28419
11-Jan-13,500.00,500.00,490.00,494.23,13286
10-Jan-13,494.50,496.45,489.60,491.96,11421
9-Jan-13,499.50,499.50,491.00,492.99,16434
8-Jan-13,487.37,494.40,487.00,492.00,19555
7-Jan-13,487.50,498.75,487.00,488.99,26509
4-Jan-13,487.60,491.90,485.70,487.00,967
3-Jan-13,497.90,498.00,489.36,494.90,24204
2-Jan-13,497.00,505.28,485.00,495.10,83449
