31-Dec-15,220.00,220.00,217.55,218.90,4488359
30-Dec-15,222.80,223.00,219.10,220.70,13348452
29-Dec-15,221.70,224.85,221.35,222.60,15236375
24-Dec-15,222.90,223.80,220.55,221.70,4454137
23-Dec-15,220.70,223.05,219.40,222.30,18555879
22-Dec-15,218.55,221.28,217.71,219.00,16230716
21-Dec-15,216.30,220.70,215.75,216.40,18647534
18-Dec-15,216.05,221.90,216.05,217.60,49702165
16-Dec-15,216.30,217.45,213.75,215.75,21295032
15-Dec-15,211.15,216.40,210.96,214.80,28710733
14-Dec-15,213.85,214.75,209.05,209.10,36695420
11-Dec-15,217.95,218.30,209.38,211.20,42332284
10-Dec-15,220.65,223.40,216.65,218.00,30836678
9-Dec-15,222.00,225.25,219.60,221.95,22963590
8-Dec-15,227.35,228.05,221.60,222.10,23801883
7-Dec-15,231.85,232.25,227.00,228.00,16213673
4-Dec-15,230.05,234.41,227.30,229.60,23534103
3-Dec-15,235.10,238.10,230.30,230.30,37387262
2-Dec-15,234.50,236.22,233.70,234.75,27684755
1-Dec-15,228.50,234.55,227.00,233.50,56094243
30-Nov-15,223.50,224.50,221.50,223.20,22938017
27-Nov-15,223.90,226.03,223.10,224.30,14117034
26-Nov-15,222.05,225.70,221.25,225.20,19182089
25-Nov-15,220.95,222.90,218.70,221.50,27431907
24-Nov-15,219.50,220.55,215.40,220.05,34242446
23-Nov-15,220.50,222.95,218.14,220.55,24811633
20-Nov-15,229.50,230.25,221.30,221.90,50623646
19-Nov-15,229.50,231.55,227.45,229.95,25722870
18-Nov-15,226.00,227.90,225.70,227.90,19023042
17-Nov-15,226.55,229.00,225.60,227.45,22309632
16-Nov-15,223.00,225.45,222.38,224.40,21738911
13-Nov-15,225.00,226.55,223.15,225.10,36402682
12-Nov-15,231.70,232.15,225.25,225.70,35520520
11-Nov-15,231.85,234.90,229.40,232.10,19725862
10-Nov-15,235.55,235.57,229.40,230.60,28462143
9-Nov-15,235.00,238.45,233.95,234.05,34984909
6-Nov-15,228.75,233.60,226.70,232.40,45367692
5-Nov-15,231.50,232.10,227.78,228.15,33163488
4-Nov-15,233.70,234.25,232.10,232.35,28686219
3-Nov-15,235.95,236.31,231.75,233.50,37048351
2-Nov-15,230.40,237.81,229.75,236.05,39904026
30-Oct-15,234.00,236.34,230.70,232.00,49188748
29-Oct-15,246.00,249.00,235.85,237.25,60883766
28-Oct-15,250.85,253.85,247.15,253.15,20131064
27-Oct-15,250.20,252.48,249.48,250.85,19434230
26-Oct-15,252.00,253.10,250.35,250.95,17681922
23-Oct-15,252.95,254.26,250.87,251.25,29812084
22-Oct-15,247.50,251.68,246.25,250.65,21669328
21-Oct-15,253.30,253.35,246.10,248.05,32827883
20-Oct-15,255.00,255.75,251.95,252.60,22477027
19-Oct-15,251.50,254.65,251.30,254.65,29363782
16-Oct-15,250.30,252.40,249.10,250.80,21280254
15-Oct-15,245.00,249.30,241.79,248.00,40944531
14-Oct-15,248.25,251.45,245.80,246.05,26504993
13-Oct-15,257.20,257.39,247.58,251.40,34413136
12-Oct-15,256.85,257.75,255.30,256.55,12853716
9-Oct-15,256.75,259.50,254.50,257.00,21201861
8-Oct-15,253.00,256.24,252.40,254.75,22278260
7-Oct-15,256.10,259.40,254.30,255.75,27525087
6-Oct-15,257.35,257.90,254.35,255.35,20768257
5-Oct-15,253.70,256.65,251.55,256.20,25835587
2-Oct-15,248.55,253.46,244.75,248.55,29073663
1-Oct-15,247.55,249.80,245.75,247.15,32123786
30-Sep-15,243.50,247.21,243.00,244.15,35674347
29-Sep-15,241.00,243.35,236.65,239.00,37812869
28-Sep-15,254.15,255.20,245.20,245.20,30793751
25-Sep-15,250.80,256.25,248.22,254.95,28663498
24-Sep-15,248.80,250.90,245.90,246.45,21673520
23-Sep-15,247.55,251.60,246.10,248.20,22820862
22-Sep-15,255.40,255.55,246.65,246.65,34631888
21-Sep-15,251.80,257.20,250.40,254.90,21009627
18-Sep-15,258.45,258.60,250.20,253.25,62265180
17-Sep-15,263.00,263.55,259.05,260.45,26271261
16-Sep-15,263.50,263.75,260.25,262.50,27425528
15-Sep-15,255.00,261.00,253.85,259.65,23970628
14-Sep-15,258.45,260.25,252.90,254.50,23535560
11-Sep-15,259.05,259.55,256.60,258.45,17167457
10-Sep-15,258.80,261.30,257.40,258.60,28686350
9-Sep-15,265.00,266.41,262.00,262.50,29910630
8-Sep-15,254.55,260.00,253.82,258.50,25985758
7-Sep-15,252.25,254.70,251.65,253.00,15385159
4-Sep-15,254.60,255.00,250.00,250.90,26228547
3-Sep-15,256.35,258.80,255.50,257.30,26005321
2-Sep-15,254.00,258.90,250.30,253.80,22806618
1-Sep-15,265.90,265.95,250.75,253.15,38455899
28-Aug-15,260.50,263.45,257.75,261.45,40294180
27-Aug-15,258.80,264.35,258.10,262.60,41098648
26-Aug-15,254.60,258.80,250.80,252.00,45210347
25-Aug-15,249.95,260.80,249.10,256.35,57101950
24-Aug-15,247.60,251.85,237.30,244.70,81322261
21-Aug-15,261.95,264.70,256.80,256.80,33665160
20-Aug-15,265.50,270.05,264.25,265.15,28184243
19-Aug-15,272.65,273.00,267.55,267.90,23074926
18-Aug-15,273.50,275.15,272.25,274.05,19306391
17-Aug-15,276.90,277.20,272.37,273.95,20626100
14-Aug-15,276.50,277.10,272.75,274.35,20254454
13-Aug-15,274.90,277.55,274.25,275.55,23040450
12-Aug-15,276.15,276.30,269.40,271.15,31849030
11-Aug-15,281.80,282.00,278.30,278.35,24067660
10-Aug-15,282.20,282.85,278.00,282.60,24320490
7-Aug-15,282.75,283.20,280.90,281.25,18807966
6-Aug-15,280.00,282.65,279.35,282.00,29425144
5-Aug-15,282.25,284.75,281.10,282.00,35169378
4-Aug-15,286.55,287.60,279.85,282.15,42951893
3-Aug-15,287.55,289.90,286.40,288.20,26396919
31-Jul-15,287.50,289.45,286.35,288.95,35337780
30-Jul-15,286.00,288.85,285.85,287.05,35895672
29-Jul-15,283.50,288.70,283.35,284.60,46508901
28-Jul-15,277.30,280.85,277.30,279.60,28881392
27-Jul-15,280.10,281.45,275.70,276.80,34210122
24-Jul-15,280.80,282.90,280.00,282.15,32418182
23-Jul-15,283.10,284.75,280.40,281.75,25742011
22-Jul-15,281.00,282.85,279.60,281.40,25931988
21-Jul-15,280.85,283.75,280.25,283.15,26766751
20-Jul-15,280.10,281.95,279.40,280.85,18410222
17-Jul-15,279.95,280.60,278.35,280.10,29141827
16-Jul-15,278.95,281.25,278.75,280.00,31190503
15-Jul-15,275.00,278.05,273.42,278.05,28642855
14-Jul-15,274.25,276.03,272.45,276.00,28611858
13-Jul-15,272.05,275.31,270.85,273.70,42944039
10-Jul-15,263.00,270.45,262.25,268.05,37064802
9-Jul-15,258.00,262.45,256.50,261.15,32050358
8-Jul-15,259.00,262.28,257.27,257.30,77364659
7-Jul-15,259.65,259.65,251.80,252.15,33555494
6-Jul-15,259.20,261.20,256.90,258.80,27722672
3-Jul-15,265.50,266.12,261.35,262.95,16946960
2-Jul-15,266.70,267.60,265.25,266.40,13900835
1-Jul-15,262.80,267.45,261.65,266.55,33065949
30-Jun-15,262.50,265.30,260.50,260.50,42584261
29-Jun-15,263.50,269.10,261.88,264.25,43583007
26-Jun-15,271.45,276.16,269.70,272.35,25215062
25-Jun-15,273.85,276.60,272.00,272.90,33426604
24-Jun-15,271.75,276.62,271.45,274.45,43314996
23-Jun-15,273.00,274.06,272.00,272.45,24778805
22-Jun-15,269.00,272.95,267.05,272.45,32870295
19-Jun-15,260.95,266.50,259.93,265.75,62389244
18-Jun-15,260.85,267.50,258.20,261.55,24988043
17-Jun-15,263.50,264.50,260.65,261.90,31781808
16-Jun-15,263.25,264.60,261.45,263.65,24232608
15-Jun-15,267.35,268.60,264.20,264.95,36593502
12-Jun-15,268.15,270.60,266.50,269.70,28880776
11-Jun-15,267.05,271.35,266.00,268.75,28950046
10-Jun-15,261.70,268.00,258.85,267.15,38721301
9-Jun-15,263.35,265.40,260.45,261.55,28722028
8-Jun-15,265.50,266.17,261.95,262.00,28358539
5-Jun-15,265.80,267.50,263.20,265.45,32287710
4-Jun-15,270.65,270.95,265.59,266.40,33389784
3-Jun-15,267.25,273.35,267.05,271.20,25943039
2-Jun-15,267.25,269.05,262.75,267.65,29281200
1-Jun-15,270.00,271.65,265.80,266.40,23235279
29-May-15,270.15,272.00,267.95,270.00,35286646
28-May-15,268.65,271.95,267.20,271.10,26075282
27-May-15,265.65,270.55,264.00,269.25,33141797
26-May-15,269.25,270.40,263.45,264.90,27013130
22-May-15,271.70,272.30,269.95,270.15,26202678
21-May-15,270.95,273.40,270.15,271.05,31488893
20-May-15,262.00,272.15,262.00,271.55,64694342
19-May-15,261.55,264.55,261.54,262.70,30260612
18-May-15,261.00,263.80,258.80,261.15,19944642
15-May-15,263.00,264.95,261.30,261.65,31746212
14-May-15,260.30,263.05,258.65,262.10,20963504
13-May-15,259.25,262.00,257.81,260.25,34433116
12-May-15,259.05,259.22,256.40,257.45,34523460
11-May-15,258.00,263.05,256.82,260.80,37491953
8-May-15,262.50,265.25,257.30,258.05,76220565
7-May-15,246.85,250.10,243.05,248.90,37188809
6-May-15,250.10,253.05,247.65,249.45,33836044
5-May-15,255.65,257.95,250.20,250.20,37194932
1-May-15,254.50,257.88,252.00,254.35,23286620
30-Apr-15,258.10,258.20,252.80,255.30,34061544
29-Apr-15,260.00,264.15,253.95,256.95,43441415
28-Apr-15,264.50,265.00,258.97,261.40,27325489
27-Apr-15,263.25,264.20,258.65,263.75,30615759
24-Apr-15,259.00,265.25,258.60,261.75,41439924
23-Apr-15,254.60,261.54,253.18,258.45,33640648
22-Apr-15,255.25,256.75,252.35,253.30,29339370
21-Apr-15,258.65,259.65,253.65,255.00,24741282
20-Apr-15,255.55,258.73,255.55,257.25,24009861
17-Apr-15,260.70,261.35,254.08,255.30,38034728
16-Apr-15,261.45,262.10,257.50,260.35,30777074
15-Apr-15,263.30,263.30,259.34,259.65,29455114
14-Apr-15,259.95,264.15,259.90,262.15,40711784
13-Apr-15,255.90,260.05,255.90,259.45,22771565
10-Apr-15,259.50,259.90,255.75,257.05,19044850
9-Apr-15,257.90,258.87,256.30,257.95,24803617
8-Apr-15,258.00,258.10,255.70,255.95,24972069
7-Apr-15,257.20,259.00,256.00,258.00,29768218
2-Apr-15,250.65,255.51,249.95,254.75,32098302
1-Apr-15,243.40,252.15,243.40,249.30,43707167
31-Mar-15,248.50,248.50,242.00,242.60,40389652
30-Mar-15,247.40,248.95,245.00,247.80,31847138
27-Mar-15,250.95,253.26,243.15,244.25,40200667
26-Mar-15,250.15,251.78,246.45,250.00,35218621
25-Mar-15,258.45,260.00,250.64,251.90,34407719
24-Mar-15,257.20,259.90,256.85,258.45,27547167
23-Mar-15,255.85,257.95,246.54,257.15,22057214
20-Mar-15,253.05,255.30,251.10,255.30,57233185
19-Mar-15,253.20,254.72,252.10,252.80,38500174
18-Mar-15,251.30,253.30,250.20,252.35,32779941
17-Mar-15,252.75,254.70,238.78,250.00,28920511
16-Mar-15,251.60,256.72,251.40,251.85,25581961
13-Mar-15,256.00,256.40,248.15,250.00,31045676
12-Mar-15,255.00,257.85,254.20,254.50,28624136
11-Mar-15,252.15,263.98,250.50,255.00,32021910
10-Mar-15,259.40,260.95,254.30,254.30,36643663
9-Mar-15,263.75,264.85,260.05,262.63,34462088
6-Mar-15,266.00,268.17,264.45,265.00,28654589
5-Mar-15,262.20,266.00,262.01,266.00,48040330
4-Mar-15,255.05,262.40,252.90,262.40,40709832
3-Mar-15,257.50,261.65,253.40,254.30,49519849
2-Mar-15,255.00,264.00,254.21,262.75,31938728
27-Feb-15,261.00,263.70,256.00,256.90,33409206
26-Feb-15,263.20,264.95,260.50,262.10,19165204
25-Feb-15,262.95,269.94,262.50,262.90,20327834
24-Feb-15,262.80,264.70,261.10,264.00,23230876
23-Feb-15,264.00,264.25,260.35,262.85,23295481
20-Feb-15,259.10,264.22,257.95,261.50,31815442
19-Feb-15,259.10,262.31,257.45,260.40,29669822
18-Feb-15,260.30,263.71,258.20,260.35,38145127
17-Feb-15,256.60,258.10,254.65,257.55,21595335
16-Feb-15,254.30,259.16,254.30,258.80,15673698
13-Feb-15,255.70,260.25,254.60,256.45,34683755
12-Feb-15,251.60,256.70,251.05,253.35,36871619
11-Feb-15,253.00,254.45,249.10,251.00,21989421
10-Feb-15,253.30,254.44,248.40,253.20,43542333
9-Feb-15,253.40,255.12,249.40,253.65,26455232
6-Feb-15,248.05,257.60,246.95,255.45,39101579
5-Feb-15,246.05,248.85,244.10,248.80,22810363
4-Feb-15,248.75,250.00,245.05,248.75,36944233
3-Feb-15,239.95,248.85,238.80,248.45,50587173
2-Feb-15,236.55,237.95,233.25,235.85,32874210
30-Jan-15,237.75,239.35,234.15,234.15,26012987
29-Jan-15,234.90,237.60,233.70,236.55,24178340
28-Jan-15,241.75,243.00,235.20,236.85,23653051
27-Jan-15,240.90,241.50,237.70,239.45,20951001
26-Jan-15,240.35,241.75,239.20,240.75,23664201
23-Jan-15,244.20,246.17,241.07,243.15,30222764
22-Jan-15,238.50,243.43,236.70,243.40,54099797
21-Jan-15,235.25,238.00,234.25,237.90,23091565
20-Jan-15,231.40,237.78,230.65,235.25,42791109
19-Jan-15,224.15,230.30,223.05,230.00,29922041
16-Jan-15,226.80,227.14,223.35,224.35,37246327
15-Jan-15,227.50,229.25,219.54,227.95,48237776
14-Jan-15,231.00,232.82,222.90,223.55,43195330
13-Jan-15,230.25,234.90,229.65,233.00,21127754
12-Jan-15,231.35,233.77,228.20,231.40,30057869
9-Jan-15,235.40,235.40,228.30,231.00,37840853
8-Jan-15,234.30,238.35,231.55,237.05,31231931
7-Jan-15,232.10,233.46,230.15,230.60,29785098
6-Jan-15,234.05,235.85,230.25,230.35,30792621
5-Jan-15,242.30,243.15,234.20,234.70,29778395
31-Dec-14,242.50,244.65,241.62,243.50,6018856
30-Dec-14,240.70,244.50,240.45,241.40,13712530
29-Dec-14,244.50,246.51,237.87,242.45,22587613
24-Dec-14,241.50,244.10,240.70,243.15,4049493
23-Dec-14,240.90,243.60,238.92,243.05,16285308
22-Dec-14,239.30,241.61,238.00,240.35,15142243
19-Dec-14,237.60,239.84,235.25,237.70,46703590
18-Dec-14,230.55,235.25,227.80,234.98,38884761
17-Dec-14,227.50,229.45,223.02,228.10,30893710
16-Dec-14,227.00,230.55,220.95,230.15,58038039
15-Dec-14,231.05,233.15,224.82,225.20,40214207
12-Dec-14,235.40,237.80,231.80,232.30,31807424
11-Dec-14,236.55,240.10,235.85,237.25,26920280
10-Dec-14,237.30,241.35,236.20,237.70,27615989
9-Dec-14,245.35,245.74,236.75,238.50,36747047
8-Dec-14,248.20,249.87,246.72,247.15,17376553
5-Dec-14,244.75,249.95,243.70,249.45,32194094
4-Dec-14,244.45,246.90,241.41,242.65,21251278
3-Dec-14,246.55,247.70,240.90,243.80,25908356
2-Dec-14,242.25,246.45,242.11,245.35,25763344
1-Dec-14,243.50,245.60,239.18,241.20,29091164
28-Nov-14,243.00,246.50,242.80,245.15,27227015
27-Nov-14,239.55,244.40,239.32,243.80,28370212
26-Nov-14,238.85,240.42,237.73,238.00,19709573
25-Nov-14,237.90,239.90,237.76,238.35,25831562
24-Nov-14,236.20,239.50,235.65,237.15,21238941
21-Nov-14,234.15,236.73,233.50,236.25,45600895
20-Nov-14,236.35,237.10,231.80,234.00,26497521
19-Nov-14,238.25,238.50,235.30,235.90,27127066
18-Nov-14,236.00,238.26,233.55,237.50,28688002
17-Nov-14,230.45,235.20,229.85,234.20,21459082
14-Nov-14,229.75,232.39,228.49,232.00,23987628
13-Nov-14,229.00,230.17,225.15,228.85,38121270
12-Nov-14,233.40,233.55,228.50,229.50,30351045
11-Nov-14,234.25,236.65,233.47,234.60,20784486
10-Nov-14,234.65,235.60,232.95,234.75,20615757
7-Nov-14,237.25,237.70,233.50,234.15,26029267
6-Nov-14,235.55,240.65,233.75,236.35,33149399
5-Nov-14,238.60,239.65,236.40,238.05,32148790
4-Nov-14,236.05,239.00,235.45,236.70,40560795
3-Nov-14,240.00,244.65,227.10,237.00,59547732
31-Oct-14,224.80,245.15,223.35,240.80,147529005
30-Oct-14,223.85,225.49,217.35,222.55,81877153
29-Oct-14,224.00,225.26,217.00,220.50,56292338
28-Oct-14,223.45,225.32,220.10,225.32,37789773
27-Oct-14,229.55,230.86,221.35,221.85,42505218
24-Oct-14,225.15,226.66,224.35,226.35,30801129
23-Oct-14,222.70,227.02,221.44,225.90,36045661
22-Oct-14,224.30,224.65,221.70,223.40,25903313
21-Oct-14,217.90,224.45,216.05,223.40,50049308
20-Oct-14,212.70,219.39,211.55,218.35,60212687
17-Oct-14,208.40,215.36,207.70,213.10,71355498
16-Oct-14,214.70,228.90,204.05,207.90,81829705
15-Oct-14,222.95,223.05,211.35,212.20,73711480
14-Oct-14,222.00,226.25,219.74,222.00,46874471
13-Oct-14,221.25,226.13,221.10,223.40,33591137
10-Oct-14,224.45,226.45,222.60,223.90,35097263
9-Oct-14,232.40,232.71,225.00,225.95,40891481
8-Oct-14,229.00,231.87,228.05,229.40,31371177
7-Oct-14,233.25,233.25,228.70,230.65,38353177
6-Oct-14,225.65,234.37,225.10,232.30,55069888
3-Oct-14,222.95,225.85,221.82,224.60,35620854
2-Oct-14,227.45,228.44,220.80,220.80,38235657
1-Oct-14,226.90,230.25,226.60,227.30,23763619
30-Sep-14,226.75,229.95,226.45,228.03,37013702
29-Sep-14,229.55,229.60,223.85,225.90,26701477
26-Sep-14,227.80,228.60,226.43,227.75,26353179
25-Sep-14,229.65,230.69,225.65,227.88,29506648
24-Sep-14,228.85,229.60,226.15,228.80,29752261
23-Sep-14,232.05,232.05,225.80,229.25,39285650
22-Sep-14,233.00,235.63,231.30,231.65,25757488
19-Sep-14,238.40,238.95,230.22,234.15,59484415
18-Sep-14,233.00,236.48,231.73,234.55,37603586
17-Sep-14,230.80,232.42,229.80,231.75,26811018
16-Sep-14,229.95,230.00,226.50,229.65,28942412
15-Sep-14,230.00,231.35,228.79,229.70,28642323
12-Sep-14,226.70,231.95,225.10,230.00,44128499
11-Sep-14,229.25,231.75,223.55,225.50,30192428
10-Sep-14,226.15,228.60,225.25,228.25,23546636
9-Sep-14,224.95,227.75,224.20,225.90,28179596
8-Sep-14,225.00,225.75,220.65,224.90,32244744
5-Sep-14,231.50,232.50,225.70,226.25,32309072
4-Sep-14,228.60,232.20,226.40,230.75,38261098
3-Sep-14,225.10,229.75,223.80,228.10,38276245
2-Sep-14,223.85,225.75,218.35,222.35,23910968
1-Sep-14,224.90,227.75,222.90,224.10,15705694
29-Aug-14,224.15,226.20,222.95,224.45,26417033
28-Aug-14,225.65,226.49,223.54,224.05,23257567
27-Aug-14,225.25,227.00,224.70,225.90,18964910
26-Aug-14,225.60,227.45,224.30,225.25,25157202
22-Aug-14,221.80,223.60,219.75,222.80,24441167
21-Aug-14,221.00,221.45,218.75,220.80,23451095
20-Aug-14,220.85,221.95,219.10,220.70,21961583
19-Aug-14,221.45,222.05,219.50,221.20,21289327
18-Aug-14,218.85,220.40,217.80,219.60,19574604
15-Aug-14,219.05,220.90,217.45,217.60,29670097
14-Aug-14,219.40,221.00,217.40,218.00,19592156
13-Aug-14,218.25,221.30,218.00,219.35,21603880
12-Aug-14,216.95,219.90,215.44,217.00,30263301
11-Aug-14,215.90,218.00,214.40,216.25,27798441
8-Aug-14,211.75,216.20,210.35,214.20,28094828
7-Aug-14,217.85,218.10,212.85,213.40,35403531
6-Aug-14,218.60,221.35,214.75,217.55,36122858
5-Aug-14,224.40,224.98,220.38,221.90,25167866
4-Aug-14,225.10,227.41,222.40,223.95,23840677
1-Aug-14,226.05,227.30,221.75,224.25,37255717
31-Jul-14,227.40,229.21,225.20,225.70,44595169
30-Jul-14,225.85,230.86,224.15,228.40,87654977
29-Jul-14,218.55,221.95,217.88,219.10,33456462
28-Jul-14,218.50,220.36,216.05,218.15,33764150
25-Jul-14,214.95,220.07,214.65,218.05,42244191
24-Jul-14,211.65,214.75,209.60,214.50,31977643
23-Jul-14,209.70,212.85,208.35,210.95,24416323
22-Jul-14,211.00,212.58,209.70,210.60,22330032
21-Jul-14,210.80,212.25,208.65,210.20,19327210
18-Jul-14,209.95,211.80,207.50,211.80,25876079
17-Jul-14,213.90,215.00,209.85,210.22,38227821
16-Jul-14,212.00,217.61,211.20,216.00,41082572
15-Jul-14,209.50,213.25,207.35,210.65,48944418
14-Jul-14,206.85,211.57,205.35,209.60,32508791
11-Jul-14,208.30,209.98,206.50,207.90,30533317
10-Jul-14,211.60,211.85,201.75,208.00,67055718
9-Jul-14,213.55,214.60,209.51,211.50,44194736
8-Jul-14,217.35,218.84,213.40,213.70,34529873
7-Jul-14,218.90,220.75,215.60,216.05,21142560
4-Jul-14,219.50,221.34,217.80,218.55,14553556
3-Jul-14,217.75,220.59,217.19,219.35,23737105
2-Jul-14,216.35,218.80,216.35,217.10,26764157
1-Jul-14,213.90,216.53,213.75,216.00,36011551
30-Jun-14,217.10,220.27,211.80,212.78,46086141
27-Jun-14,214.15,220.69,212.88,216.23,44274413
26-Jun-14,224.50,226.04,209.40,215.00,168819915
25-Jun-14,232.90,233.70,229.65,230.00,36925680
24-Jun-14,236.00,236.83,232.25,233.70,19288375
23-Jun-14,235.25,235.25,233.10,234.30,21580517
20-Jun-14,235.70,237.13,234.00,234.60,69052449
19-Jun-14,237.00,238.89,235.95,236.20,20684381
18-Jun-14,237.40,238.35,235.50,235.50,18304310
17-Jun-14,238.00,238.00,235.60,236.50,25385987
16-Jun-14,238.15,240.40,234.00,236.50,23529044
13-Jun-14,240.35,240.75,236.60,238.70,22454751
12-Jun-14,240.95,241.45,239.05,239.85,19937462
11-Jun-14,242.00,243.36,239.86,240.60,25962418
10-Jun-14,243.80,245.37,242.30,243.20,17060660
9-Jun-14,243.05,245.93,241.82,244.75,18407943
6-Jun-14,241.00,243.81,240.40,242.70,31365104
5-Jun-14,242.40,245.52,237.80,240.25,40927254
4-Jun-14,242.60,242.97,238.82,242.85,29571063
3-Jun-14,245.45,246.40,242.05,244.10,22392894
2-Jun-14,248.40,249.45,245.55,246.09,18860404
30-May-14,246.50,247.09,243.97,246.99,81143957
29-May-14,245.95,246.28,244.50,246.05,17184321
28-May-14,246.00,246.95,242.30,245.34,34825788
27-May-14,247.75,249.43,245.25,245.49,34915174
23-May-14,243.60,247.54,242.44,246.61,28757615
22-May-14,243.50,244.67,241.65,243.50,23418425
21-May-14,239.75,243.87,236.90,241.70,35631456
20-May-14,239.60,239.96,236.70,238.55,26431436
19-May-14,240.00,241.47,235.75,238.95,49538507
16-May-14,245.80,246.41,239.30,241.55,56983508
15-May-14,251.95,254.05,244.34,244.80,46040784
14-May-14,254.10,254.90,249.95,251.30,22284528
13-May-14,257.50,259.00,252.48,255.35,30221564
12-May-14,259.00,259.70,254.75,256.65,29801202
9-May-14,265.00,267.55,258.70,260.15,57580374
8-May-14,251.00,264.57,249.35,262.00,132027090
7-May-14,242.80,245.54,239.10,243.30,50750318
6-May-14,252.85,255.32,244.27,245.00,64302663
2-May-14,256.00,258.60,253.98,258.50,45955000
1-May-14,255.00,257.18,253.75,256.15,18787817
30-Apr-14,249.80,253.10,248.11,252.17,30576170
29-Apr-14,248.80,251.70,244.80,250.28,36888710
28-Apr-14,249.00,250.70,248.05,248.98,24339865
25-Apr-14,250.85,252.85,247.75,248.85,28463300
24-Apr-14,249.95,253.55,249.45,252.00,33891691
23-Apr-14,249.00,249.70,246.05,248.90,28652320
22-Apr-14,247.00,249.40,244.90,247.27,36152953
17-Apr-14,238.90,250.15,234.65,246.50,69453513
16-Apr-14,234.15,238.21,234.00,237.55,28965181
15-Apr-14,237.00,239.12,232.15,233.15,28950211
14-Apr-14,234.90,237.32,230.95,237.32,35302820
11-Apr-14,238.00,239.68,232.98,236.05,51874209
10-Apr-14,239.60,242.07,237.85,239.75,29766206
9-Apr-14,239.05,241.25,237.55,238.50,30290763
8-Apr-14,241.05,242.25,234.35,238.60,35329764
7-Apr-14,246.45,248.05,241.15,241.85,31553401
4-Apr-14,245.55,249.00,241.76,248.15,33602627
3-Apr-14,244.00,246.45,240.77,244.20,45244554
2-Apr-14,238.50,243.97,238.12,242.73,46133077
1-Apr-14,236.35,237.95,233.40,237.45,39648182
31-Mar-14,231.90,233.75,231.10,233.42,39160764
28-Mar-14,232.65,233.95,227.65,231.10,34862474
27-Mar-14,232.35,232.70,229.80,230.95,35667826
26-Mar-14,237.25,237.60,232.85,233.32,53482799
25-Mar-14,234.65,238.35,234.30,236.95,37892691
24-Mar-14,237.60,237.80,233.10,234.05,37762923
21-Mar-14,238.15,239.25,234.50,235.90,96147256
20-Mar-14,239.90,242.05,236.10,238.65,38236704
19-Mar-14,238.50,243.30,232.17,241.50,58172922
18-Mar-14,231.80,238.00,230.20,235.38,44923633
17-Mar-14,232.10,233.67,229.95,231.05,38685691
14-Mar-14,235.60,238.65,228.30,231.15,59861867
13-Mar-14,235.50,240.35,234.95,235.65,56664493
12-Mar-14,235.00,237.10,230.35,233.75,54787394
11-Mar-14,242.35,243.15,233.65,236.13,71675191
10-Mar-14,245.50,248.35,240.70,241.98,56904645
7-Mar-14,254.05,254.30,247.30,248.35,45647718
6-Mar-14,253.90,255.00,252.60,253.30,21782796
5-Mar-14,253.70,254.00,250.40,252.25,31263929
4-Mar-14,250.25,254.25,249.05,252.95,34807672
3-Mar-14,249.35,250.20,245.05,247.83,44576039
28-Feb-14,254.40,255.00,251.25,252.10,52942020
27-Feb-14,252.20,254.60,249.60,253.90,39652550
26-Feb-14,258.45,258.90,251.80,253.15,39163910
25-Feb-14,259.35,259.90,254.00,257.90,54259203
24-Feb-14,257.30,259.85,256.20,259.00,31106329
21-Feb-14,256.60,258.65,256.00,257.51,37223800
20-Feb-14,253.65,255.80,252.50,255.25,27956033
19-Feb-14,259.70,261.95,254.75,255.80,32411000
18-Feb-14,257.65,262.20,252.95,261.30,43083017
17-Feb-14,253.00,256.20,253.00,255.70,26332729
14-Feb-14,257.55,258.40,252.80,253.00,48402172
13-Feb-14,260.30,260.30,251.10,256.40,81577622
12-Feb-14,264.70,265.45,259.75,263.30,49871877
11-Feb-14,276.95,277.00,255.50,264.70,133202801
10-Feb-14,272.80,277.35,271.40,275.00,42637125
7-Feb-14,271.45,273.45,269.50,271.70,32974390
6-Feb-14,266.90,271.15,265.05,269.95,40774454
5-Feb-14,263.35,268.05,261.05,264.95,32975622
4-Feb-14,264.35,268.10,263.00,264.55,39076556
3-Feb-14,270.85,272.80,265.05,265.70,36298376
31-Jan-14,274.35,274.40,267.55,272.50,43276640
30-Jan-14,275.00,275.90,271.60,275.05,30435462
29-Jan-14,281.95,284.80,268.80,274.95,73794530
28-Jan-14,271.95,274.50,270.25,273.30,29217398
27-Jan-14,272.00,275.20,268.05,269.35,38793042
24-Jan-14,279.30,280.70,270.85,272.28,53539943
23-Jan-14,278.00,284.30,277.25,278.90,40501821
22-Jan-14,281.60,283.80,277.50,278.20,30598343
21-Jan-14,283.00,285.60,279.95,280.60,42058607
20-Jan-14,284.50,286.05,282.20,282.80,33425945
17-Jan-14,291.40,293.00,286.50,288.60,49129066
16-Jan-14,297.40,297.95,287.40,290.45,46886458
15-Jan-14,293.30,297.75,292.35,296.50,41854332
14-Jan-14,287.60,292.50,286.15,291.75,31538311
13-Jan-14,286.50,294.25,286.50,291.70,43687747
10-Jan-14,286.00,286.75,282.25,283.60,32183110
9-Jan-14,283.90,289.25,282.55,284.25,45168588
8-Jan-14,282.35,285.90,281.25,283.70,34455289
7-Jan-14,276.95,282.15,275.00,280.95,32002702
6-Jan-14,271.55,278.55,271.20,277.50,34518221
3-Jan-14,271.25,273.65,270.40,272.85,19594604
2-Jan-14,273.00,274.50,268.35,271.08,26175833
31-Dec-13,271.55,274.30,271.05,271.95,9095193
30-Dec-13,272.50,273.15,269.55,271.10,18344582
27-Dec-13,268.90,270.35,268.10,269.70,19272967
24-Dec-13,268.55,268.55,263.30,265.45,5462543
23-Dec-13,259.35,265.05,259.35,264.35,20834578
20-Dec-13,257.60,260.50,256.80,259.70,67240558
19-Dec-13,255.60,260.10,255.25,257.45,33318461
18-Dec-13,252.95,254.10,252.00,252.05,26248185
17-Dec-13,254.35,254.65,251.20,251.30,30844306
16-Dec-13,250.30,257.75,250.20,255.05,31923412
13-Dec-13,254.95,256.45,251.00,251.45,30727510
12-Dec-13,258.50,260.70,252.55,253.95,48420730
11-Dec-13,262.65,264.20,259.30,259.75,34006206
10-Dec-13,264.70,267.45,263.15,263.75,23531177
9-Dec-13,267.55,268.50,262.35,265.85,21256367
6-Dec-13,263.80,267.30,261.15,265.65,22517615
5-Dec-13,263.65,266.45,260.55,262.35,25178105
4-Dec-13,266.90,267.55,258.85,262.80,33433926
3-Dec-13,269.35,270.00,265.75,266.20,38386726
2-Dec-13,272.85,274.60,269.70,270.25,32523086
29-Nov-13,266.15,274.80,265.90,271.79,61119786
28-Nov-13,263.00,268.50,262.80,265.60,37681486
27-Nov-13,260.50,263.70,260.25,262.50,19272746
26-Nov-13,259.30,262.45,259.05,260.80,33215137
25-Nov-13,258.00,260.30,257.60,259.10,28080794
22-Nov-13,258.10,260.15,255.90,256.95,24076226
21-Nov-13,252.55,258.00,251.05,257.10,31017359
20-Nov-13,251.00,254.60,250.00,252.60,27834950
19-Nov-13,249.60,251.70,249.10,250.80,21980167
18-Nov-13,249.40,252.60,248.65,251.40,21849051
15-Nov-13,250.90,252.75,248.55,249.45,27864789
14-Nov-13,252.95,254.40,248.50,250.00,30425784
13-Nov-13,255.50,255.50,247.85,249.50,49645772
12-Nov-13,257.05,258.65,254.00,256.80,22573149
11-Nov-13,256.90,259.40,254.95,256.25,22938711
8-Nov-13,251.05,256.35,250.10,252.93,31529993
7-Nov-13,255.45,258.85,251.40,252.70,34948691
6-Nov-13,250.20,257.35,249.55,254.65,50588235
5-Nov-13,255.50,257.10,246.65,249.00,65792714
4-Nov-13,257.60,259.65,254.75,255.15,29718221
1-Nov-13,263.10,263.50,254.55,258.25,71390785
31-Oct-13,267.65,272.00,261.60,263.60,66547560
30-Oct-13,272.00,276.80,268.05,268.55,68090386
29-Oct-13,260.00,267.20,258.05,266.05,35030275
28-Oct-13,269.25,271.00,260.95,263.25,43281636
25-Oct-13,266.05,271.75,265.15,267.90,38407441
24-Oct-13,269.00,270.95,265.60,266.45,40815444
23-Oct-13,274.10,-,266.40,268.20,51949995
22-Oct-13,274.40,276.95,272.25,272.60,32159228
21-Oct-13,277.05,277.05,272.15,274.75,29167890
18-Oct-13,279.05,280.15,272.20,277.85,50317559
17-Oct-13,281.40,281.40,275.05,278.30,48634508
16-Oct-13,278.50,285.10,278.05,283.65,34621334
15-Oct-13,279.65,281.45,278.85,279.85,28045760
14-Oct-13,276.60,279.25,274.60,276.85,23458025
11-Oct-13,276.95,280.05,273.70,278.00,37566532
10-Oct-13,269.45,275.05,267.85,274.50,39031151
9-Oct-13,266.85,272.00,265.60,267.80,31103295
8-Oct-13,271.70,274.10,267.70,268.20,32403064
7-Oct-13,272.00,273.55,267.40,272.55,33183103
4-Oct-13,271.60,274.25,269.85,271.35,62452597
3-Oct-13,272.00,275.50,271.45,273.00,29881026
2-Oct-13,271.00,274.55,268.70,272.55,39551374
1-Oct-13,266.95,271.70,265.60,269.80,47079759
30-Sep-13,262.10,266.00,261.25,265.50,43124560
27-Sep-13,268.35,269.05,263.95,265.80,67968897
26-Sep-13,274.00,274.20,265.00,269.20,64575814
25-Sep-13,271.80,277.50,270.35,273.00,70028386
24-Sep-13,265.90,273.50,265.70,271.45,75367661
20-Sep-13,277.85,277.95,272.70,273.45,83010622
19-Sep-13,282.20,282.20,277.50,278.30,65960659
18-Sep-13,284.00,284.00,275.35,277.20,60249629
17-Sep-13,305.20,305.50,295.55,299.00,62360892
16-Sep-13,306.00,309.90,300.95,305.40,44330444
13-Sep-13,304.50,305.90,300.70,301.60,29865643
12-Sep-13,306.05,309.00,305.25,307.00,20299342
11-Sep-13,305.30,308.35,303.85,306.45,26476056
10-Sep-13,303.00,308.20,302.95,305.75,38526324
9-Sep-13,297.20,300.90,296.75,299.55,19563489
6-Sep-13,296.30,301.00,292.90,297.00,26931423
5-Sep-13,289.00,297.95,289.00,287.77,37392637
4-Sep-13,286.55,290.90,283.05,289.55,28044252
3-Sep-13,286.90,288.60,282.85,285.10,14923158
2-Sep-13,286.00,289.45,285.25,285.70,16830066
30-Aug-13,285.25,286.80,281.10,283.35,22679262
29-Aug-13,285.85,286.70,281.60,284.65,16975214
28-Aug-13,279.40,286.20,277.25,284.55,34180939
27-Aug-13,286.05,287.80,278.70,280.70,35943763
23-Aug-13,284.20,290.60,282.00,286.85,23458725
22-Aug-13,282.80,286.95,282.30,284.70,18208147
21-Aug-13,286.50,292.30,282.00,283.00,24468860
20-Aug-13,285.65,287.15,282.75,286.75,22421085
19-Aug-13,288.60,290.50,287.80,288.70,21991995
16-Aug-13,283.25,289.30,282.55,288.05,32336374
15-Aug-13,285.10,287.45,282.65,284.30,21151019
14-Aug-13,284.95,286.40,283.50,285.45,22951955
13-Aug-13,285.55,286.05,281.85,283.65,23872340
12-Aug-13,288.00,289.35,283.70,285.00,16096642
9-Aug-13,287.20,288.85,283.00,287.10,18408273
8-Aug-13,283.45,287.35,281.10,286.95,21570837
7-Aug-13,283.25,284.75,281.15,282.15,31648903
6-Aug-13,285.90,286.50,280.55,284.50,25929072
5-Aug-13,286.15,288.25,282.00,285.50,21168077
2-Aug-13,291.35,291.90,283.00,285.45,34893421
1-Aug-13,289.15,292.00,287.80,291.10,38977751
31-Jul-13,290.95,291.25,284.65,287.90,43021842
30-Jul-13,291.00,298.70,283.60,291.30,93853561
29-Jul-13,318.95,319.75,303.65,309.05,55827016
26-Jul-13,324.35,325.05,318.30,320.15,18325720
25-Jul-13,321.20,324.30,316.90,322.50,23748977
24-Jul-13,322.10,324.20,317.80,320.55,27764256
23-Jul-13,324.50,327.50,321.75,321.75,25468711
22-Jul-13,320.55,325.95,320.00,324.00,29038992
19-Jul-13,315.80,323.03,314.33,320.00,34733000
18-Jul-13,309.50,320.05,308.36,317.05,37178239
17-Jul-13,308.20,313.07,304.63,309.65,34821845
16-Jul-13,310.05,313.30,307.92,308.15,27103167
15-Jul-13,308.10,311.36,307.19,309.75,29143306
12-Jul-13,303.05,306.75,299.95,306.15,39517820
11-Jul-13,306.00,308.26,270.30,302.90,30061586
10-Jul-13,300.20,307.50,299.95,302.05,22857309
9-Jul-13,300.00,305.35,299.85,302.35,34373700
8-Jul-13,293.40,301.50,292.95,298.60,28030753
5-Jul-13,294.55,300.75,290.00,291.50,36813148
4-Jul-13,283.80,295.21,282.80,292.70,38423364
3-Jul-13,278.42,281.35,269.75,280.75,41809381
2-Jul-13,286.00,286.30,279.16,283.00,27320524
1-Jul-13,282.95,287.00,272.10,284.50,58286208
28-Jun-13,287.65,290.75,277.10,278.45,51037675
27-Jun-13,288.85,292.00,283.55,286.25,30465214
26-Jun-13,283.35,291.42,281.60,288.85,34821201
25-Jun-13,282.90,285.13,280.63,283.10,24456169
24-Jun-13,280.10,285.48,276.00,279.05,29611705
21-Jun-13,286.38,292.50,281.54,281.60,57999880
20-Jun-13,295.00,298.95,285.50,288.10,65662965
19-Jun-13,301.50,304.70,298.56,301.50,34237969
18-Jun-13,295.95,305.07,294.75,300.30,27208424
17-Jun-13,299.15,299.86,291.55,296.65,24520500
14-Jun-13,299.45,301.30,296.25,297.70,28790346
13-Jun-13,290.00,298.13,287.25,296.55,38114999
12-Jun-13,302.25,305.78,293.60,295.80,39843233
11-Jun-13,307.45,308.80,298.85,304.55,34346721
10-Jun-13,308.00,313.10,306.50,308.65,30404500
7-Jun-13,303.60,309.25,301.70,307.80,35919526
6-Jun-13,312.00,312.28,303.05,303.30,57403407
5-Jun-13,317.35,325.00,314.95,316.30,30701303
4-Jun-13,321.90,324.85,318.52,320.35,20175096
3-Jun-13,318.80,321.67,315.70,317.10,29909829
31-May-13,323.45,324.65,317.45,322.45,51808678
30-May-13,318.65,326.50,317.50,326.50,21377059
29-May-13,323.40,324.62,319.05,320.00,25171955
28-May-13,320.75,330.18,320.35,325.10,29037282
24-May-13,324.45,325.45,316.20,317.00,24195762
23-May-13,320.25,324.03,317.50,321.45,44138680
22-May-13,325.00,338.20,323.05,333.85,49698888
21-May-13,324.55,326.10,320.03,323.30,32685803
20-May-13,326.75,330.70,322.90,326.20,21412514
17-May-13,319.95,330.00,319.00,326.80,36506947
16-May-13,318.45,324.50,317.85,320.40,31355709
15-May-13,314.50,320.95,305.00,318.65,31400990
14-May-13,314.00,314.05,308.50,314.05,25074330
13-May-13,314.00,314.45,308.15,312.55,25427806
10-May-13,311.00,315.59,309.70,314.40,32732615
9-May-13,310.00,314.51,307.75,310.00,31025979
8-May-13,306.30,311.50,305.70,308.80,27828168
7-May-13,303.40,314.00,299.10,307.40,66362969
3-May-13,289.15,298.95,287.96,296.10,54031261
2-May-13,288.00,291.60,283.40,288.90,28739046
1-May-13,289.95,293.50,286.25,288.70,12352220
30-Apr-13,287.50,294.00,284.60,286.05,55050020
29-Apr-13,291.45,295.25,288.05,289.90,23444582
26-Apr-13,292.75,296.00,287.60,290.70,25164964
25-Apr-13,294.55,301.04,290.45,293.70,39662834
24-Apr-13,293.70,316.00,291.45,294.42,68280757
23-Apr-13,286.65,300.46,286.65,298.30,40818046
22-Apr-13,289.90,296.80,288.80,289.50,30249573
19-Apr-13,285.15,287.77,282.75,286.35,26164063
18-Apr-13,292.00,292.60,280.85,283.75,30528328
17-Apr-13,298.90,299.95,286.70,290.30,32214989
16-Apr-13,293.15,299.07,290.40,294.80,23340951
15-Apr-13,298.10,300.00,289.90,296.75,22756716
12-Apr-13,302.10,303.45,296.54,299.30,22820050
11-Apr-13,298.20,307.42,295.80,303.90,35612230
10-Apr-13,288.10,301.65,286.85,298.25,40128603
9-Apr-13,280.20,288.00,280.20,286.00,29053905
8-Apr-13,282.35,282.80,276.00,277.20,17693895
5-Apr-13,284.95,291.38,273.34,280.00,38664483
4-Apr-13,289.85,293.40,284.90,284.90,30659905
3-Apr-13,296.80,297.77,288.30,289.30,23541569
2-Apr-13,291.40,298.88,289.75,297.50,31400115
28-Mar-13,288.05,294.70,285.40,291.15,30929130
27-Mar-13,289.10,296.54,283.55,287.90,41626181
26-Mar-13,283.85,288.35,277.00,287.20,37657293
25-Mar-13,296.80,300.85,277.62,282.10,56744841
22-Mar-13,295.00,297.69,291.54,292.00,30327863
21-Mar-13,295.00,297.78,293.01,294.60,30151953
20-Mar-13,299.35,301.27,292.93,295.20,45199004
19-Mar-13,305.25,307.45,295.30,297.50,43056115
18-Mar-13,310.40,311.87,303.50,305.95,53267713
15-Mar-13,317.55,326.43,317.55,320.05,118736758
14-Mar-13,317.25,318.75,312.65,317.90,35099989
13-Mar-13,311.25,314.83,308.05,314.70,22198808
12-Mar-13,312.40,317.89,311.33,313.15,25563559
11-Mar-13,316.90,317.65,309.80,311.50,31062352
8-Mar-13,313.25,319.95,311.55,318.60,43275410
7-Mar-13,304.70,311.35,304.03,309.50,36334795
6-Mar-13,306.50,309.85,301.70,302.15,26672735
5-Mar-13,303.05,308.90,302.15,307.45,30416777
4-Mar-13,301.80,302.75,297.65,300.40,25541389
1-Mar-13,306.50,308.15,291.70,303.45,43201955
28-Feb-13,304.25,309.40,302.50,307.00,39750463
27-Feb-13,302.10,303.75,295.55,301.80,43644332
26-Feb-13,293.65,315.65,290.00,297.00,65957665
25-Feb-13,310.00,318.74,309.05,311.65,38190026
22-Feb-13,307.15,312.80,306.00,307.00,29744540
21-Feb-13,317.75,320.85,306.31,306.45,45332296
20-Feb-13,320.45,325.00,318.00,323.00,28846991
19-Feb-13,319.00,325.60,317.65,325.00,29839940
18-Feb-13,321.30,322.02,318.56,320.20,14489183
15-Feb-13,319.20,323.76,316.00,321.25,31519146
14-Feb-13,326.00,327.53,317.20,319.00,42443458
13-Feb-13,330.00,330.56,325.00,326.00,56418541
12-Feb-13,301.90,329.20,301.00,327.35,106548477
11-Feb-13,298.10,303.95,298.00,301.50,34541578
8-Feb-13,294.00,300.47,293.10,298.60,30214727
7-Feb-13,294.55,298.41,291.20,292.50,36436577
6-Feb-13,295.25,299.25,291.00,295.45,22605067
5-Feb-13,290.00,296.91,288.32,295.25,26532727
4-Feb-13,299.00,300.04,290.40,291.50,46230562
1-Feb-13,301.00,305.80,297.73,300.00,39024024
31-Jan-13,302.00,303.95,294.60,301.00,49104453
30-Jan-13,300.30,304.55,297.59,302.00,31853612
29-Jan-13,305.00,306.65,297.10,300.90,41284368
28-Jan-13,300.50,307.66,297.47,305.85,30038393
25-Jan-13,299.15,303.90,298.05,300.70,28662407
24-Jan-13,295.00,300.05,294.25,297.03,31016571
23-Jan-13,296.20,299.90,295.75,296.00,32694665
22-Jan-13,298.00,300.05,293.94,296.05,38781134
21-Jan-13,298.70,299.37,294.32,297.40,19417413
18-Jan-13,296.15,299.90,294.94,297.00,32957591
17-Jan-13,291.95,298.97,289.05,296.05,29914029
16-Jan-13,293.95,296.00,287.25,293.40,36532973
15-Jan-13,298.00,298.69,292.00,295.40,43605794
14-Jan-13,299.55,301.30,297.90,298.91,37867051
11-Jan-13,295.90,301.75,295.54,299.65,45679282
10-Jan-13,293.80,298.79,291.65,294.60,39136759
9-Jan-13,289.00,298.15,288.80,294.75,40664960
8-Jan-13,285.60,295.48,282.50,287.20,38840424
7-Jan-13,281.00,288.46,276.04,287.20,46967252
4-Jan-13,275.15,278.56,273.50,276.70,26802603
3-Jan-13,274.65,278.89,272.83,276.00,23198120
2-Jan-13,272.85,277.08,269.60,275.60,45345917
