31-Dec-15,3780.00,3801.00,3754.00,3771.00,493136
30-Dec-15,3799.00,3803.18,3773.50,3789.50,784619
29-Dec-15,3793.50,3816.00,3767.00,3806.00,1279528
24-Dec-15,3763.50,3784.50,3729.50,3781.00,290109
23-Dec-15,3696.50,3753.01,3691.50,3745.50,1151895
22-Dec-15,3658.00,3688.50,3647.00,3669.50,1022048
21-Dec-15,3667.00,3712.50,3657.50,3657.50,1161185
18-Dec-15,3703.00,3730.50,3660.50,3666.50,3642281
16-Dec-15,3693.00,3723.35,3672.50,3719.00,2026155
15-Dec-15,3616.50,3697.00,3616.50,3686.00,2744872
14-Dec-15,3603.50,3673.88,3583.50,3590.00,2770344
11-Dec-15,3685.50,3700.50,3572.50,3599.00,3535022
10-Dec-15,3699.00,3709.00,3672.00,3694.00,2820104
9-Dec-15,3830.00,3830.00,3737.00,3738.00,2404345
8-Dec-15,3840.00,3861.00,3781.50,3800.00,2025167
7-Dec-15,3809.50,3843.50,3779.00,3835.50,1576640
4-Dec-15,3803.00,3803.00,3760.50,3781.00,2083269
3-Dec-15,3884.50,3915.50,3810.00,3816.00,2477440
2-Dec-15,3899.00,3906.00,3872.00,3891.00,1476889
1-Dec-15,3875.00,3887.00,3843.50,3886.50,2351031
30-Nov-15,3901.50,3931.50,3861.50,3868.00,2213817
27-Nov-15,3848.50,3909.50,3837.50,3898.50,1353398
26-Nov-15,3876.50,3892.50,3858.00,3875.00,918036
25-Nov-15,3856.50,3884.50,3850.50,3873.00,1480823
24-Nov-15,3871.50,3871.50,3810.00,3850.00,1388285
23-Nov-15,3834.00,3870.50,3820.00,3869.00,1465304
20-Nov-15,3873.50,3892.50,3839.22,3870.00,2060456
19-Nov-15,3819.00,3867.50,3816.50,3860.50,2507476
18-Nov-15,3794.50,3824.02,3782.50,3808.50,1298888
17-Nov-15,3774.50,3816.50,3760.00,3812.00,2002026
16-Nov-15,3689.00,3741.50,3687.50,3741.00,1426523
13-Nov-15,3718.00,3728.81,3667.00,3705.50,2117112
12-Nov-15,3787.00,3796.00,3720.00,3724.50,1993755
11-Nov-15,3790.00,3807.50,3764.00,3784.50,1500313
10-Nov-15,3793.00,3797.00,3736.50,3780.00,1656375
9-Nov-15,3800.00,3810.10,3759.00,3773.00,1887903
6-Nov-15,3869.50,3875.50,3798.50,3810.00,1722042
5-Nov-15,3857.50,3901.50,3845.23,3860.00,1469131
4-Nov-15,3831.50,3871.00,3823.50,3857.00,1557328
3-Nov-15,3825.00,3847.50,3818.00,3842.00,1307969
2-Nov-15,3826.00,3843.00,3811.00,3820.00,1830065
30-Oct-15,3895.00,3906.00,3842.50,3859.50,2185941
29-Oct-15,3895.00,3902.00,3853.00,3890.50,2126192
28-Oct-15,3826.00,3900.52,3826.00,3893.00,2597270
27-Oct-15,3825.00,3836.00,3793.50,3793.50,1541099
26-Oct-15,3805.00,3842.00,3797.50,3830.00,1663850
23-Oct-15,3848.00,3858.00,3828.57,3843.50,1921801
22-Oct-15,3820.00,3831.50,3796.50,3823.00,1682535
21-Oct-15,3814.00,3849.50,3800.50,3816.00,1841187
20-Oct-15,3840.00,3844.50,3785.00,3799.00,2103566
19-Oct-15,3826.00,3906.73,3798.00,3824.50,1434397
16-Oct-15,3797.50,3834.00,3783.00,3830.00,2269612
15-Oct-15,3753.00,3815.50,3751.00,3804.00,2398273
14-Oct-15,3755.00,3760.00,3729.00,3737.00,1963879
13-Oct-15,3759.50,3790.00,3726.50,3772.00,2222006
12-Oct-15,3770.50,3770.50,3719.00,3763.50,1688478
9-Oct-15,3760.50,3782.50,3734.50,3770.00,1750634
8-Oct-15,3723.00,3750.00,3702.50,3738.50,1951970
7-Oct-15,3709.00,3747.00,3699.00,3726.00,2528809
6-Oct-15,3683.00,3710.50,3658.00,3702.50,2082995
5-Oct-15,3689.00,3694.50,3665.50,3679.50,1927861
2-Oct-15,3635.00,3655.00,3584.50,3634.50,1908838
1-Oct-15,3643.00,3678.50,3586.00,3588.50,2609836
30-Sep-15,3583.00,3643.00,3561.50,3643.00,3369159
29-Sep-15,3516.50,3558.50,3505.00,3521.00,2269679
28-Sep-15,3619.00,3628.00,3549.50,3555.50,1911053
25-Sep-15,3579.00,3635.50,3561.00,3618.00,2690202
24-Sep-15,3521.00,3555.50,3499.00,3535.00,3099775
23-Sep-15,3460.00,3535.50,3460.00,3514.50,2042322
22-Sep-15,3560.00,3570.50,3459.00,3459.00,3247385
21-Sep-15,3556.00,3599.60,3553.50,3558.50,2034824
18-Sep-15,3572.50,3585.00,3450.00,3571.00,4979672
17-Sep-15,3582.50,3634.50,3571.85,3578.00,3321537
16-Sep-15,3490.50,3582.00,3484.50,3575.00,3218221
15-Sep-15,3440.00,3477.50,3405.00,3472.50,2920379
14-Sep-15,3441.50,3467.00,3420.00,3423.00,1736648
11-Sep-15,3435.50,3454.50,3402.00,3424.00,2620545
10-Sep-15,3442.00,3444.00,3403.50,3439.50,2521826
9-Sep-15,3468.50,3484.00,3434.50,3469.50,2023440
8-Sep-15,3400.00,3439.50,3354.60,3410.50,1833686
7-Sep-15,3401.50,3412.50,3367.00,3400.00,1063091
4-Sep-15,3431.00,3431.00,3376.50,3384.50,2322807
3-Sep-15,3419.00,3458.50,3404.00,3450.50,2691087
2-Sep-15,3404.50,3423.50,3358.00,3392.50,2448893
1-Sep-15,3431.00,3440.00,3367.50,3391.00,3015492
28-Aug-15,3479.50,3487.08,3386.16,3479.00,2339701
27-Aug-15,3466.50,3476.50,3409.50,3465.00,2735335
26-Aug-15,3385.00,3462.00,3366.00,3405.50,4228421
25-Aug-15,3391.50,3440.50,3364.50,3425.00,4854727
24-Aug-15,3378.00,3420.50,3231.50,3355.50,7688836
21-Aug-15,3555.50,3585.50,3499.50,3499.50,2802112
20-Aug-15,3598.00,3601.00,3558.50,3582.50,2174340
19-Aug-15,3702.50,3703.00,3648.50,3657.00,2367839
18-Aug-15,3730.50,3734.00,3654.94,3709.00,2086138
17-Aug-15,3740.50,3743.06,3700.50,3726.50,1176887
14-Aug-15,3743.50,3745.00,3713.50,3721.00,1503705
13-Aug-15,3741.50,3777.50,3698.50,3731.00,2366739
12-Aug-15,3755.00,3782.45,3678.35,3694.00,3176013
11-Aug-15,3808.50,3831.00,3768.00,3775.00,2210280
10-Aug-15,3828.00,3835.00,3777.00,3822.50,1959060
7-Aug-15,3813.50,3824.00,3793.50,3805.00,1696085
6-Aug-15,3828.50,3871.00,3823.00,3830.00,2006487
5-Aug-15,3822.50,3851.50,3803.00,3828.50,2103639
4-Aug-15,3790.50,3843.00,3783.00,3821.00,2428218
3-Aug-15,3788.50,3800.00,3766.00,3785.00,2008199
31-Jul-15,3750.00,3806.50,3743.74,3801.00,3477104
30-Jul-15,3693.00,3747.00,3673.50,3740.00,3902549
29-Jul-15,3650.00,3680.50,3629.50,3680.50,3694271
28-Jul-15,3540.00,3551.50,3517.50,3551.50,2538801
27-Jul-15,3559.50,3575.00,3498.00,3512.00,2450248
24-Jul-15,3585.00,3629.00,3542.50,3550.00,1857141
23-Jul-15,3637.00,3660.50,3559.00,3579.50,1947783
22-Jul-15,3636.50,3653.00,3581.50,3592.50,2117353
21-Jul-15,3665.00,3676.00,3630.00,3659.50,1579231
20-Jul-15,3675.00,3675.50,3637.00,3651.00,1563728
17-Jul-15,3664.50,3678.00,3634.00,3651.00,1659997
16-Jul-15,3660.00,3687.00,3640.00,3659.50,1892589
15-Jul-15,3626.50,3656.50,3605.50,3653.00,1461488
14-Jul-15,3625.00,3656.00,3609.50,3639.50,1893989
13-Jul-15,3663.50,3671.50,3597.50,3617.00,2274676
10-Jul-15,3606.50,3650.41,3570.50,3626.50,2305323
9-Jul-15,3531.50,3568.50,3508.50,3564.50,1821868
8-Jul-15,3486.50,3529.50,3457.00,3529.50,2444104
7-Jul-15,3478.50,3492.50,3452.00,3462.00,2373864
6-Jul-15,3448.00,3507.50,3433.50,3485.00,2153725
3-Jul-15,3483.50,3515.50,3473.00,3481.50,1009161
2-Jul-15,3507.50,3509.00,3474.00,3495.00,1540617
1-Jul-15,3446.00,3510.00,3427.90,3499.00,2708358
30-Jun-15,3464.50,3484.00,3415.00,3415.00,3770219
29-Jun-15,3477.50,3531.00,3467.50,3475.50,2360359
26-Jun-15,3538.50,3570.50,3525.50,3546.50,1800645
25-Jun-15,3573.00,3611.50,3556.00,3556.00,2359914
24-Jun-15,3571.00,3617.00,3556.50,3591.00,2089288
23-Jun-15,3598.50,3607.00,3569.00,3579.50,2040826
22-Jun-15,3592.00,3605.50,3554.00,3593.50,2329791
19-Jun-15,3550.00,3582.50,3536.00,3547.00,4236715
18-Jun-15,3499.50,3556.00,3488.50,3556.00,2726855
17-Jun-15,3529.00,3539.50,3477.00,3503.00,2650760
16-Jun-15,3418.00,3529.50,3406.50,3506.00,4323644
15-Jun-15,3399.00,3438.00,3388.50,3411.50,2473827
12-Jun-15,3427.50,3430.00,3392.50,3417.50,2071509
11-Jun-15,3432.00,3458.50,3417.00,3445.00,1813944
10-Jun-15,3413.50,3440.50,3383.00,3434.00,2844213
9-Jun-15,3432.50,3442.50,3400.50,3423.00,2075766
8-Jun-15,3431.00,3447.00,3385.00,3431.00,2760990
5-Jun-15,3509.00,3509.00,3438.50,3440.00,2143287
4-Jun-15,3536.50,3536.50,3478.00,3520.00,2781749
3-Jun-15,3511.50,3568.00,3506.00,3535.50,2629833
2-Jun-15,3563.50,3565.00,3494.50,3506.00,3619746
1-Jun-15,3607.00,3653.15,3584.00,3592.50,2595234
29-May-15,3690.50,3691.00,3599.00,3605.50,3282260
28-May-15,3666.50,3708.00,3665.50,3691.50,1676252
27-May-15,3625.00,3679.00,3617.50,3664.50,2692745
26-May-15,3616.00,3641.00,3586.65,3611.50,1724594
22-May-15,3634.50,3698.92,3621.00,3621.00,1975412
21-May-15,3644.50,3649.00,3609.00,3633.00,1416171
20-May-15,3636.00,3652.00,3606.00,3644.00,2423838
19-May-15,3638.50,3655.00,3618.50,3639.50,2199524
18-May-15,3599.50,3619.00,3545.00,3595.50,1710825
15-May-15,3620.50,3713.89,3571.50,3592.00,1953845
14-May-15,3572.00,3607.98,3543.50,3602.00,1981472
13-May-15,3585.50,3621.50,3558.50,3572.00,2437645
12-May-15,3594.50,3605.00,3520.82,3557.50,3506839
11-May-15,3630.50,3674.81,3613.00,3621.00,2054862
8-May-15,3645.00,3652.62,3598.00,3640.00,2965165
7-May-15,3588.00,3600.00,3498.00,3576.00,3863230
6-May-15,3558.00,3598.00,3549.98,3582.50,2249558
5-May-15,3686.50,3690.00,3547.50,3547.50,3050094
1-May-15,3595.00,3668.00,3554.00,3640.00,1486588
30-Apr-15,3602.50,3620.00,3573.50,3592.50,2850501
29-Apr-15,3635.00,3648.00,3582.00,3588.50,3929887
28-Apr-15,3725.50,3725.50,3632.50,3669.50,2801824
27-Apr-15,3749.00,3758.50,3687.50,3721.50,2613464
24-Apr-15,3760.00,3770.95,3715.50,3746.50,1858533
23-Apr-15,3756.50,3774.00,3720.00,3753.00,2062218
22-Apr-15,3775.00,3775.00,3704.00,3734.00,2222626
21-Apr-15,3758.50,3797.00,3735.00,3762.50,2415025
20-Apr-15,3750.50,3775.00,3740.20,3765.00,2070847
17-Apr-15,3750.00,3780.00,3709.00,3724.00,3520212
16-Apr-15,3709.00,3747.73,3675.50,3742.00,3333540
15-Apr-15,3677.50,3711.00,3667.00,3691.00,1691914
14-Apr-15,3646.00,3690.00,3629.00,3677.50,1717614
13-Apr-15,3706.50,3706.50,3622.93,3662.00,1616562
10-Apr-15,3642.50,3721.00,3636.00,3716.00,2539067
9-Apr-15,3607.00,3651.00,3596.50,3631.00,2039682
8-Apr-15,3615.50,3625.00,3579.12,3589.00,1858898
7-Apr-15,3612.50,3637.68,3575.00,3631.00,2188017
2-Apr-15,3528.50,3583.00,3514.00,3577.00,1910868
1-Apr-15,3496.50,3546.00,3481.50,3538.50,2763443
31-Mar-15,3598.50,3598.50,3482.50,3488.50,4088196
30-Mar-15,3598.00,3599.00,3554.50,3594.50,2649020
27-Mar-15,3587.50,3588.00,3538.00,3552.00,2250259
26-Mar-15,3614.00,3622.00,3446.53,3570.00,3419883
25-Mar-15,3664.50,3681.00,3639.50,3639.50,1976087
24-Mar-15,3685.50,3737.00,3664.00,3664.00,2315185
23-Mar-15,3667.00,3715.88,3641.50,3703.50,2559213
20-Mar-15,3676.00,3676.00,3647.50,3657.00,4349766
19-Mar-15,3690.00,3715.50,3635.00,3668.00,3448906
18-Mar-15,3729.00,3808.50,3701.50,3796.00,3131985
17-Mar-15,3698.50,3734.50,3679.50,3715.50,2205034
16-Mar-15,3644.50,3722.00,3636.00,3708.50,2133605
13-Mar-15,3660.00,3674.50,3619.00,3644.00,2102292
12-Mar-15,3649.00,3675.50,3629.00,3641.50,2037647
11-Mar-15,3663.50,3682.50,3613.00,3627.00,2221799
10-Mar-15,3744.50,3770.00,3652.01,3652.50,2943678
9-Mar-15,3825.00,3825.00,3746.50,3756.00,2422765
6-Mar-15,3879.50,3894.00,3822.50,3825.50,2198156
5-Mar-15,3832.50,3893.75,3806.50,3892.50,3240332
4-Mar-15,3788.00,3813.00,3735.50,3813.00,2141942
3-Mar-15,3787.50,3811.50,3749.00,3767.00,1975556
2-Mar-15,3774.50,3780.00,3739.50,3756.50,2178505
27-Feb-15,3799.00,3806.00,3759.50,3782.00,2284819
26-Feb-15,3750.00,3799.00,3716.50,3795.00,2725766
25-Feb-15,3733.00,3739.00,3685.00,3731.00,1832618
24-Feb-15,3727.00,3770.00,3718.50,3737.00,2497737
23-Feb-15,3666.00,3727.50,3644.00,3727.50,2344523
20-Feb-15,3660.50,3678.00,3630.50,3674.50,2789004
19-Feb-15,3619.50,3670.92,3604.50,3660.50,2430834
18-Feb-15,3669.00,3676.00,3587.00,3603.50,2100492
17-Feb-15,3591.00,3663.50,3574.50,3663.50,1817123
16-Feb-15,3623.00,3628.50,3580.50,3594.50,1523621
13-Feb-15,3645.50,3645.50,3574.62,3592.00,2441659
12-Feb-15,3659.00,3661.00,3615.50,3626.50,1905892
11-Feb-15,3659.00,3674.50,3610.00,3635.50,1496266
10-Feb-15,3601.00,3668.00,3601.00,3647.50,2544049
9-Feb-15,3630.50,3630.50,3573.00,3605.00,2211189
6-Feb-15,3684.00,3684.00,3617.00,3628.00,2658670
5-Feb-15,3716.50,3731.50,3662.50,3689.00,2620913
4-Feb-15,3746.00,3778.00,3699.00,3735.50,3150247
3-Feb-15,3769.50,3799.50,3729.50,3753.00,2409606
2-Feb-15,3748.00,3780.00,3721.00,3767.00,2104059
30-Jan-15,3805.00,3818.00,3748.00,3752.00,2853199
29-Jan-15,3757.00,3808.00,3751.00,3794.00,2811235
28-Jan-15,3785.00,3795.50,3745.00,3778.50,2226170
27-Jan-15,3780.00,3792.50,3734.00,3756.00,2167444
26-Jan-15,3757.50,3806.00,3752.00,3779.50,2679075
23-Jan-15,3751.00,3805.00,3713.50,3791.00,3130308
22-Jan-15,3678.00,3737.00,3665.58,3734.50,2986520
21-Jan-15,3619.50,3691.00,3618.84,3690.50,2485294
20-Jan-15,3618.50,3643.50,3587.50,3611.50,2278975
19-Jan-15,3576.50,3610.00,3558.50,3598.00,1290520
16-Jan-15,3582.00,3595.00,3554.50,3574.55,2939102
15-Jan-15,3537.50,3589.50,3444.50,3470.50,3035794
14-Jan-15,3542.00,3599.00,3481.00,3514.50,2994970
13-Jan-15,3517.00,3590.00,3508.00,3584.50,2599747
12-Jan-15,3489.50,3530.50,3488.50,3522.00,2332043
9-Jan-15,3512.50,3531.50,3456.50,3472.00,1542556
8-Jan-15,3441.00,3513.00,3367.18,3512.50,2402586
7-Jan-15,3442.50,3460.00,3397.00,3410.00,2517288
6-Jan-15,3418.50,3455.00,3362.50,3421.00,2361729
5-Jan-15,3448.00,3492.50,3403.50,3413.00,2229547
31-Dec-14,3501.50,3523.00,3484.00,3500.00,433411
30-Dec-14,3533.00,3554.50,3470.50,3490.00,1431150
29-Dec-14,3543.00,3559.00,3524.00,3554.00,1276965
24-Dec-14,3510.00,3550.50,3509.00,3531.50,265747
23-Dec-14,3545.00,3561.00,3480.20,3523.00,1060979
22-Dec-14,3514.00,3538.50,3496.50,3532.00,1406747
19-Dec-14,3474.50,3510.00,3422.00,3500.50,4505106
18-Dec-14,3402.50,3459.00,3377.00,3450.00,3276426
17-Dec-14,3389.50,3395.50,3337.50,3365.00,2866311
16-Dec-14,3363.50,3417.50,3325.50,3417.50,4677243
15-Dec-14,3407.50,3461.00,3335.50,3335.50,3307909
12-Dec-14,3502.00,3503.00,3401.50,3405.00,2853722
11-Dec-14,3574.50,3581.00,3497.50,3526.41,3208703
10-Dec-14,3620.00,3639.00,3582.59,3583.00,2127235
9-Dec-14,3711.50,3711.50,3605.00,3608.00,2560747
8-Dec-14,3743.00,3746.00,3667.50,3686.50,1731916
5-Dec-14,3741.00,3749.50,3716.50,3744.50,1966794
4-Dec-14,3750.50,3758.50,3712.50,3730.00,1917556
3-Dec-14,3757.00,3781.50,3740.50,3743.00,1982342
2-Dec-14,3731.50,3769.50,3704.00,3753.00,2321478
1-Dec-14,3782.00,3789.50,3708.50,3726.50,2371695
28-Nov-14,3740.00,3806.50,3739.50,3794.50,2037898
27-Nov-14,3700.00,3747.50,3699.00,3741.00,1221469
26-Nov-14,3724.00,3753.00,3686.50,3699.00,1493859
25-Nov-14,3692.00,3728.50,3685.50,3721.50,2289187
24-Nov-14,3713.50,3725.50,3698.00,3702.00,1269337
21-Nov-14,3708.00,3717.00,3616.87,3704.00,3278795
20-Nov-14,3708.00,3727.50,3634.28,3700.00,2494398
19-Nov-14,3713.50,3725.50,3690.50,3709.00,1568295
18-Nov-14,3719.00,3728.00,3683.50,3703.50,1671357
17-Nov-14,3641.00,3716.50,3640.00,3707.00,1792222
14-Nov-14,3678.50,3683.50,3647.50,3658.50,1950913
13-Nov-14,3630.00,3688.50,3625.00,3671.50,1953538
12-Nov-14,3621.50,3632.50,3608.00,3621.50,1536570
11-Nov-14,3602.50,3640.62,3598.58,3637.50,1418939
10-Nov-14,3584.00,3616.00,3576.00,3607.00,1561896
7-Nov-14,3610.50,3617.00,3560.00,3579.50,2190485
6-Nov-14,3572.50,3607.50,3561.50,3602.00,2150879
5-Nov-14,3564.00,3590.00,3539.00,3577.50,2939050
4-Nov-14,3504.50,3564.50,3504.50,3553.00,2168300
3-Nov-14,3547.50,3565.50,3493.50,3509.00,2526158
31-Oct-14,3494.50,3553.50,3486.50,3547.00,3151720
30-Oct-14,3464.00,3469.00,3422.00,3466.50,1906337
29-Oct-14,3416.00,3457.50,3406.37,3450.00,1459341
28-Oct-14,3414.50,3447.50,3401.50,3405.50,1984652
27-Oct-14,3402.50,3402.50,3363.50,3388.00,1716224
24-Oct-14,3360.00,3375.50,3338.50,3362.50,1831712
23-Oct-14,3359.00,3383.00,3322.50,3364.50,2985283
22-Oct-14,3350.00,3375.00,3303.00,3375.00,5583684
21-Oct-14,3440.50,3468.00,3391.00,3466.50,2784794
20-Oct-14,3458.50,3485.00,3411.25,3436.00,1993402
17-Oct-14,3385.50,3459.00,3355.50,3455.50,3017938
16-Oct-14,3424.00,3427.00,3347.00,3389.50,4569505
15-Oct-14,3433.00,3454.00,3389.00,3389.00,4183491
14-Oct-14,3404.50,3435.00,3369.05,3430.00,2507709
13-Oct-14,3409.00,3422.00,3389.00,3415.50,2115981
10-Oct-14,3457.00,3468.50,3414.00,3427.00,2713483
9-Oct-14,3509.00,3516.50,3475.00,3480.50,2287215
8-Oct-14,3455.50,3485.50,3428.55,3475.00,1850075
7-Oct-14,3477.00,3480.00,3440.50,3456.00,1626836
6-Oct-14,3467.50,3502.50,3467.50,3480.50,1580545
3-Oct-14,3478.50,3504.50,3456.50,3475.50,1855380
2-Oct-14,3480.00,3494.00,3453.26,3455.00,2207536
1-Oct-14,3486.50,3500.02,3465.00,3480.00,1824994
30-Sep-14,3511.00,3514.50,3469.50,3482.00,2806146
29-Sep-14,3517.50,3517.50,3480.50,3502.00,1833523
26-Sep-14,3530.00,3530.00,3485.00,3506.00,1647817
25-Sep-14,3578.00,3588.00,3506.50,3529.00,2110629
24-Sep-14,3538.00,3574.00,3525.75,3567.00,1879979
23-Sep-14,3623.00,3628.00,3533.00,3543.50,2394649
22-Sep-14,3635.00,3635.00,3586.50,3617.50,1422751
19-Sep-14,3656.50,3656.50,3624.50,3629.00,5950401
18-Sep-14,3616.50,3619.00,3596.00,3615.00,1989540
17-Sep-14,3612.50,3650.01,3602.50,3609.50,1857142
16-Sep-14,3640.00,3640.00,3589.00,3601.50,2332725
15-Sep-14,3612.50,3649.50,3611.50,3633.50,2066200
12-Sep-14,3635.00,3650.00,3625.20,3629.50,2088127
11-Sep-14,3619.00,3630.00,3601.00,3620.00,1422306
10-Sep-14,3584.50,3629.21,3557.00,3615.50,1893416
9-Sep-14,3590.00,3605.00,3587.00,3594.50,1184105
8-Sep-14,3576.50,3608.50,3554.50,3607.50,1837412
5-Sep-14,3593.50,3596.50,3570.50,3584.00,1530688
4-Sep-14,3537.50,3608.00,3531.00,3597.00,2443763
3-Sep-14,3580.00,3600.00,3568.00,3568.50,1965916
2-Sep-14,3559.00,3583.50,3548.50,3565.50,1423664
1-Sep-14,3543.50,3564.00,3526.00,3552.00,976699
29-Aug-14,3540.00,3563.00,3485.75,3553.50,2719841
28-Aug-14,3535.50,3546.50,3518.59,3530.00,1478335
27-Aug-14,3535.00,3535.50,3502.50,3531.00,1270847
26-Aug-14,3569.50,3569.50,3518.00,3530.50,1442345
22-Aug-14,3525.50,3525.50,3483.00,3498.50,1152775
21-Aug-14,3517.50,3542.50,3504.50,3516.50,1234774
20-Aug-14,3539.50,3539.50,3501.50,3517.50,1831527
19-Aug-14,3591.50,3594.00,3562.00,3581.50,1588899
18-Aug-14,3537.00,3557.00,3519.50,3550.50,1517442
15-Aug-14,3500.00,3549.50,3497.50,3519.00,1855063
14-Aug-14,3475.50,3521.50,3464.28,3501.50,1509334
13-Aug-14,3476.50,3492.50,3458.73,3478.50,1399578
12-Aug-14,3451.00,3459.50,3436.00,3448.00,1229650
11-Aug-14,3442.00,3469.00,3430.00,3448.50,1880832
8-Aug-14,3406.00,3425.50,3385.50,3418.00,1851219
7-Aug-14,3452.00,3453.50,3413.50,3416.50,1601113
6-Aug-14,3435.00,3454.00,3407.00,3447.00,1760420
5-Aug-14,3418.50,3462.00,3418.50,3445.00,1401343
4-Aug-14,3453.00,3456.00,3407.50,3417.50,1865325
1-Aug-14,3485.00,3491.50,3414.00,3443.50,2171006
31-Jul-14,3515.00,3528.50,3481.00,3483.00,2632820
30-Jul-14,3551.00,3559.50,3520.00,3523.50,1591188
29-Jul-14,3537.00,3569.50,3536.10,3567.50,1929088
28-Jul-14,3549.00,3570.50,3535.00,3547.50,1424676
25-Jul-14,3542.00,3556.00,3527.00,3539.50,1389912
24-Jul-14,3555.00,3574.50,3533.00,3557.00,1450286
23-Jul-14,3526.00,3558.00,3510.25,3550.00,1675714
22-Jul-14,3515.50,3530.50,3504.00,3528.50,1477905
21-Jul-14,3500.00,3514.50,3489.50,3500.00,1525569
18-Jul-14,3534.00,3547.00,3514.50,3532.00,1930743
17-Jul-14,3508.00,3549.50,3490.50,3535.00,2149651
16-Jul-14,3553.00,3555.50,3486.50,3508.50,2595436
15-Jul-14,3588.00,3593.00,3522.00,3532.00,2579701
14-Jul-14,3551.50,3606.00,3539.45,3595.50,1654768
11-Jul-14,3560.00,3598.00,3518.00,3528.00,2229692
10-Jul-14,3538.50,3552.40,3509.50,3521.00,1776530
9-Jul-14,3542.50,3557.00,3540.50,3547.50,1562364
8-Jul-14,3591.50,3594.00,3554.50,3555.50,1557613
7-Jul-14,3599.00,3606.96,3572.50,3575.00,1712962
4-Jul-14,3588.00,3615.00,3569.50,3603.00,1383517
3-Jul-14,3524.50,3584.50,3519.00,3584.00,2176448
2-Jul-14,3524.00,3535.50,3502.50,3531.50,1757773
1-Jul-14,3481.00,3524.00,3463.50,3524.00,1578972
30-Jun-14,3473.50,3494.50,3467.50,3477.65,2547028
27-Jun-14,3498.50,3503.00,3471.00,3476.00,1751597
26-Jun-14,3528.00,3528.00,3465.50,3495.00,2934161
25-Jun-14,3550.50,3563.50,3516.00,3522.00,2063249
24-Jun-14,3549.00,3574.50,3539.50,3560.00,1621756
23-Jun-14,3598.50,3614.00,3541.00,3544.50,2269187
20-Jun-14,3586.50,3606.00,3573.50,3596.00,3437063
19-Jun-14,3567.50,3601.00,3555.00,3585.00,2445046
18-Jun-14,3557.00,3578.50,3537.50,3542.00,1702728
17-Jun-14,3530.00,3558.00,3516.00,3544.50,1740279
16-Jun-14,3527.00,3548.50,3507.50,3514.50,1422970
13-Jun-14,3538.50,3556.50,3503.00,3520.00,1794202
12-Jun-14,3556.50,3574.00,3552.00,3555.50,1758021
11-Jun-14,3551.00,3562.50,3525.00,3543.00,1926276
10-Jun-14,3533.50,3552.59,3500.00,3545.50,2147111
9-Jun-14,3548.50,3552.50,3526.50,3531.50,1376738
6-Jun-14,3551.50,3553.50,3506.00,3541.00,1988619
5-Jun-14,3568.50,3579.00,3527.50,3535.18,1832046
4-Jun-14,3570.00,3589.50,3553.00,3568.68,1581251
3-Jun-14,3581.00,3589.00,3536.00,3569.50,1645405
2-Jun-14,3616.50,3616.50,3571.50,3584.68,1555487
30-May-14,3576.00,3622.74,3570.75,3600.68,2790385
29-May-14,3537.50,3598.50,3532.85,3578.64,1065197
28-May-14,3532.00,3544.15,3506.00,3537.18,1364379
27-May-14,3531.50,3550.00,3508.00,3537.68,1855880
23-May-14,3548.00,3553.00,3503.00,3515.68,1344307
22-May-14,3586.50,3625.00,3543.00,3543.18,3434505
21-May-14,3507.00,3526.18,3501.00,3526.18,1449636
20-May-14,3539.50,3539.50,3484.00,3503.68,1400582
19-May-14,3527.00,3547.00,3513.50,3528.35,2433402
16-May-14,3479.50,3527.00,3445.00,3513.18,3456391
15-May-14,3460.00,3478.00,3430.50,3466.50,2497292
14-May-14,3455.00,3467.50,3429.00,3464.33,1657142
13-May-14,3471.50,3473.00,3435.00,3450.50,2132626
12-May-14,3469.00,3478.50,3451.00,3458.50,1976368
9-May-14,3430.50,3446.00,3405.29,3417.00,1997830
8-May-14,3430.00,3449.50,3417.00,3436.00,1990464
7-May-14,3374.00,3415.50,3371.00,3415.50,2312534
6-May-14,3411.50,3416.90,3362.50,3366.33,2446557
2-May-14,3444.50,3449.00,3380.50,3396.50,2685876
1-May-14,3418.00,3461.50,3406.00,3449.00,1197898
30-Apr-14,3430.00,3500.32,3399.00,3416.66,3461235
29-Apr-14,3489.50,3489.50,3449.00,3487.00,2756005
28-Apr-14,3424.50,3475.00,3408.00,3458.65,2102898
25-Apr-14,3411.50,3427.50,3395.00,3424.33,2044893
24-Apr-14,3430.00,3432.50,3384.50,3424.50,1932991
23-Apr-14,3435.50,3459.50,3411.50,3417.00,1933195
22-Apr-14,3407.00,3444.50,3392.25,3423.84,2563196
17-Apr-14,3414.50,3414.50,3363.50,3407.00,3540077
16-Apr-14,3446.00,3452.00,3407.00,3415.16,2725123
15-Apr-14,3445.00,3467.00,3421.00,3435.16,2408983
14-Apr-14,3380.50,3545.90,3365.00,3451.00,3928073
11-Apr-14,3405.50,3497.40,3383.73,3392.50,2178048
10-Apr-14,3413.00,3433.58,3391.50,3427.66,2027945
9-Apr-14,3392.50,3431.00,3377.00,3400.00,2563132
8-Apr-14,3316.00,3395.50,3305.50,3389.66,3709153
7-Apr-14,3323.00,3356.50,3315.98,3328.50,1963491
4-Apr-14,3360.00,3360.00,3320.00,3346.50,2238122
3-Apr-14,3312.50,3325.00,3298.00,3323.50,2646775
2-Apr-14,3339.00,3339.00,3302.00,3306.67,2072629
1-Apr-14,3345.50,3355.64,3300.65,3323.19,1967623
31-Mar-14,3357.00,3446.15,3322.00,3335.33,3102381
28-Mar-14,3287.50,3340.00,3274.00,3340.00,3532085
27-Mar-14,3224.50,3287.00,3216.70,3286.84,2653550
26-Mar-14,3246.50,3270.00,3224.00,3234.68,2885554
25-Mar-14,3220.50,3251.50,3211.50,3250.50,2504296
24-Mar-14,3230.50,3230.50,3200.50,3213.50,2630390
21-Mar-14,3208.00,3244.50,3200.50,3239.00,4772520
20-Mar-14,3221.00,3225.83,3189.00,3214.50,2835424
19-Mar-14,3258.00,3264.00,3221.50,3232.84,2422279
18-Mar-14,3195.00,3266.50,3162.00,3253.00,2910769
17-Mar-14,3224.00,3224.00,3179.00,3200.18,2878589
14-Mar-14,3189.50,3241.50,3188.50,3224.00,2767517
13-Mar-14,3220.00,3230.50,3196.50,3200.00,3066005
12-Mar-14,3226.00,3240.00,3205.50,3218.00,3274427
11-Mar-14,3340.00,3352.00,3315.00,3334.50,3326648
10-Mar-14,3300.00,3351.00,3300.00,3341.00,3007545
7-Mar-14,3340.00,3340.00,3290.00,3290.00,3078571
6-Mar-14,3325.00,3344.50,3296.50,3335.00,3361349
5-Mar-14,3291.50,3347.00,3279.50,3325.00,3352933
4-Mar-14,3256.00,3288.50,3250.50,3286.50,3072702
3-Mar-14,3200.00,3227.00,3187.50,3210.18,3507620
28-Feb-14,3236.00,3273.50,3228.00,3250.00,4650385
27-Feb-14,3185.00,3240.00,3129.00,3217.37,3238949
26-Feb-14,3172.50,3193.00,3153.50,3174.00,2277996
25-Feb-14,3177.50,3189.50,3142.00,3176.50,5100005
24-Feb-14,3141.00,3182.50,3119.50,3182.50,3009701
21-Feb-14,3148.50,3173.00,3143.50,3155.00,3568194
20-Feb-14,3100.50,3152.00,3091.50,3152.00,3024420
19-Feb-14,3118.50,3132.50,3101.00,3126.50,3533778
18-Feb-14,3122.50,3146.50,3096.00,3141.00,3355972
17-Feb-14,3058.00,3109.50,3047.00,3108.50,2150785
14-Feb-14,3042.50,3049.00,3022.50,3047.00,2007242
13-Feb-14,2994.50,3063.50,2986.50,3052.00,4074727
12-Feb-14,3000.00,3012.50,2985.00,2995.00,3416299
11-Feb-14,2984.50,2995.50,2967.50,2993.00,2873440
10-Feb-14,2938.00,2966.50,2935.00,2966.50,1972692
7-Feb-14,2935.50,2953.50,2910.50,2925.00,2248495
6-Feb-14,2891.00,2932.50,2884.00,2928.00,3244918
5-Feb-14,2906.00,2920.50,2878.50,2881.00,2945190
4-Feb-14,2900.00,2922.00,2900.00,2903.50,2769552
3-Feb-14,2914.50,2944.50,2903.00,2916.50,2403172
31-Jan-14,2915.50,2958.50,2871.00,2916.00,4510250
30-Jan-14,2938.50,2939.00,2877.50,2889.50,4704929
29-Jan-14,3000.50,3001.00,2923.00,2929.00,4021617
28-Jan-14,3025.00,3032.00,2979.50,2985.00,2955781
27-Jan-14,3073.00,3078.00,3022.00,3024.50,2927153
24-Jan-14,3120.50,3146.50,3068.00,3073.25,3234194
23-Jan-14,3163.00,3192.00,3121.00,3126.50,2250159
22-Jan-14,3150.00,3177.00,3149.50,3167.00,2456533
21-Jan-14,3125.00,3163.00,3114.50,3148.00,3118834
20-Jan-14,3080.00,3127.00,3075.50,3121.00,1524816
17-Jan-14,3088.00,3105.00,3063.50,3075.00,3469231
16-Jan-14,3081.50,3093.50,3059.00,3085.00,2374586
15-Jan-14,3080.00,3086.00,3073.00,3084.00,2256610
14-Jan-14,3040.00,3075.00,3025.00,3054.00,2628632
13-Jan-14,3089.00,3096.00,3018.00,3042.50,4238251
10-Jan-14,3142.00,3143.00,3082.00,3084.50,2829892
9-Jan-14,3153.00,3166.50,3105.00,3111.50,2126263
8-Jan-14,3168.00,3186.00,3087.50,3154.50,2717981
7-Jan-14,3202.00,3219.50,3185.50,3185.50,1877566
6-Jan-14,3195.50,3219.00,3186.00,3208.20,1290509
3-Jan-14,3208.00,3229.00,3196.50,3200.00,1180910
2-Jan-14,3252.50,3252.50,3207.00,3207.50,1847183
31-Dec-13,3223.00,3238.00,3213.50,3238.00,454250
30-Dec-13,3255.50,3255.50,3201.50,3220.50,1244514
27-Dec-13,3238.50,3257.50,3219.50,3252.50,928573
24-Dec-13,3211.00,3244.00,3199.50,3213.50,255246
23-Dec-13,3183.00,3214.00,3183.00,3214.00,1029144
20-Dec-13,3186.50,3208.00,3162.50,3175.50,5969569
19-Dec-13,3186.00,3199.00,3183.00,3194.00,2129222
18-Dec-13,3170.00,3190.00,3162.50,3172.50,2334637
17-Dec-13,3156.00,3173.00,3148.00,3148.00,2395276
16-Dec-13,3126.50,3174.00,3119.50,3172.00,1700241
13-Dec-13,3132.00,3144.50,3118.00,3124.50,1692832
12-Dec-13,3150.50,3169.50,3125.50,3142.50,2452275
11-Dec-13,3163.00,3182.50,3155.00,3166.00,2301538
10-Dec-13,3166.50,3188.50,3156.00,3174.35,1652849
9-Dec-13,3201.00,3202.50,3170.50,3181.50,1979224
6-Dec-13,3207.00,3210.50,3176.00,3195.00,1920896
5-Dec-13,3213.00,3218.50,3191.00,3196.50,1702605
4-Dec-13,3190.50,3223.00,3189.50,3209.50,2525231
3-Dec-13,3218.00,3229.50,3185.00,3185.00,2126596
2-Dec-13,3268.50,3278.50,3223.50,3223.50,1683587
29-Nov-13,3248.50,3269.50,3247.00,3261.00,1719813
28-Nov-13,3250.00,3258.50,3217.50,3250.50,1718528
27-Nov-13,3267.50,3286.00,3262.00,3273.00,1749236
26-Nov-13,3290.00,3305.50,3268.00,3268.00,2846282
25-Nov-13,3285.50,3303.00,3284.50,3300.00,2127955
22-Nov-13,3281.00,3292.50,3262.50,3271.00,2023398
21-Nov-13,3312.00,3325.00,3281.00,3281.00,2575432
20-Nov-13,3362.00,3373.50,3353.50,3360.00,1563208
19-Nov-13,3372.00,3384.00,3368.50,3376.51,1643513
18-Nov-13,3383.00,3395.00,3368.00,3379.00,1645561
15-Nov-13,3389.50,3397.00,3377.50,3387.00,1953218
14-Nov-13,3405.00,3412.50,3376.00,3398.13,2448010
13-Nov-13,3424.00,3434.50,3374.50,3380.00,2138790
12-Nov-13,3447.00,3447.00,3409.50,3423.00,1842658
11-Nov-13,3443.50,3453.00,3422.50,3446.50,1263125
8-Nov-13,3421.00,3434.50,3395.00,3426.00,1565394
7-Nov-13,3446.00,3466.50,3417.00,3428.00,1930935
6-Nov-13,3444.50,3454.50,3425.50,3434.50,2151362
5-Nov-13,3438.00,3438.00,3408.50,3434.00,1373721
4-Nov-13,3444.00,3454.00,3420.50,3434.50,1338640
1-Nov-13,3449.50,3449.50,3417.50,3435.50,1403516
31-Oct-13,3433.00,3461.50,3414.00,3436.00,2790182
30-Oct-13,3450.00,3459.00,3429.00,3438.50,1944811
29-Oct-13,3451.50,3480.00,3415.50,3450.00,2035352
28-Oct-13,3415.00,3445.50,3401.00,3443.50,1549409
25-Oct-13,3377.50,3417.00,3362.50,3415.00,2659879
24-Oct-13,3420.00,3420.50,3376.50,3390.00,1901994
23-Oct-13,3369.00,3400.00,-,3386.00,2016575
22-Oct-13,3347.50,3416.00,3339.50,3385.00,3472695
21-Oct-13,3334.00,3340.50,3300.50,3336.00,2195320
18-Oct-13,3330.00,3330.00,3287.50,3306.33,2753991
17-Oct-13,3243.00,3314.00,3243.00,3276.52,2969012
16-Oct-13,3214.00,3259.00,3205.50,3250.00,2383880
15-Oct-13,3252.50,3262.00,3217.50,3221.00,2304325
14-Oct-13,3230.00,3251.00,3221.50,3232.00,1804250
11-Oct-13,3250.00,3250.00,3209.00,3233.00,1977095
10-Oct-13,3213.50,3244.50,3201.00,3235.00,2213336
9-Oct-13,3205.00,3222.00,3192.50,3205.00,2450314
8-Oct-13,3203.50,3232.00,3192.00,3212.00,2868378
7-Oct-13,3200.00,3201.50,3178.00,3200.00,1906242
4-Oct-13,3195.50,3231.50,3189.50,3198.00,2418782
3-Oct-13,3199.50,3209.00,3182.50,3190.00,2559968
2-Oct-13,3199.00,3199.50,3158.00,3178.00,3475412
1-Oct-13,3245.00,3269.50,3200.50,3204.00,3072390
30-Sep-13,3258.50,3285.00,3251.00,3276.50,1897154
27-Sep-13,3332.00,3340.50,3281.50,3295.00,1670456
26-Sep-13,3315.00,3337.00,3304.50,3328.50,1379203
25-Sep-13,3319.00,3339.50,3300.50,3304.00,1929200
24-Sep-13,3342.50,3348.00,3322.00,3325.50,1497305
20-Sep-13,3365.00,3380.00,3351.00,3355.50,3517604
19-Sep-13,3365.00,3421.50,3357.50,3373.50,3692547
18-Sep-13,3353.00,3356.50,3313.00,3324.50,2528726
17-Sep-13,3335.50,3375.00,3335.50,3346.00,2427078
16-Sep-13,3345.00,3364.50,3322.00,3352.00,1913711
13-Sep-13,3296.00,3316.50,3295.50,3307.02,1563449
12-Sep-13,3336.50,3338.50,3310.00,3316.00,2184187
11-Sep-13,3326.50,3339.50,3313.00,3329.00,1835144
10-Sep-13,3327.00,3344.50,3320.00,3320.00,1794249
9-Sep-13,3340.50,3351.00,3304.00,3308.00,2174022
6-Sep-13,3263.50,3289.50,3245.50,3265.54,2276932
5-Sep-13,3260.00,3285.50,3222.50,3269.50,2206692
4-Sep-13,3261.50,3261.50,3232.50,3254.00,1570795
3-Sep-13,3273.50,3303.50,3254.50,3264.00,2145186
2-Sep-13,3275.00,3312.00,3269.00,3275.00,1587441
30-Aug-13,3284.50,3302.50,3254.00,3255.00,2881480
29-Aug-13,3249.00,3280.00,3239.50,3271.00,1782136
28-Aug-13,3269.00,3286.00,3232.00,3243.00,2305278
27-Aug-13,3255.00,3317.00,3255.00,3278.00,3039699
23-Aug-13,3327.50,3340.00,3309.00,3331.00,2217676
22-Aug-13,3315.50,3342.50,3306.00,3328.00,2040513
21-Aug-13,3374.50,3382.00,3317.50,3320.00,1866367
20-Aug-13,3400.00,3418.00,3377.00,3406.50,1617714
19-Aug-13,3410.00,3418.50,3373.00,3393.50,1539511
16-Aug-13,3420.00,3430.00,3385.50,3398.00,2278036
15-Aug-13,3457.00,3479.50,3402.50,3412.50,2197225
14-Aug-13,3465.00,3493.00,3448.00,3448.00,1916501
13-Aug-13,3452.50,3477.50,3438.50,3462.00,1639348
12-Aug-13,3480.00,3480.00,3436.00,3450.00,1473869
9-Aug-13,3461.50,3470.00,3428.50,3465.00,1398093
8-Aug-13,3451.50,3467.00,3414.00,3447.50,2198174
7-Aug-13,3510.50,3529.00,3443.50,3443.50,2544103
6-Aug-13,3517.00,3539.00,3491.50,3523.50,1652245
5-Aug-13,3549.50,3574.50,3511.50,3529.50,1425284
2-Aug-13,3582.00,3591.00,3525.00,3546.00,1946795
1-Aug-13,3527.50,3579.50,3525.00,3563.38,2185817
31-Jul-13,3483.50,3559.00,3454.00,3506.00,2876011
30-Jul-13,3455.50,3493.00,3455.50,3462.50,1904579
29-Jul-13,3428.50,3464.00,3428.50,3448.00,1592212
26-Jul-13,3443.50,3467.00,3413.50,3418.50,1602419
25-Jul-13,3450.50,3459.50,3395.00,3421.00,1741793
24-Jul-13,3442.00,3478.50,3432.00,3450.00,2311135
23-Jul-13,3493.50,3501.50,3446.00,3446.00,2132202
22-Jul-13,3480.50,3499.00,3466.50,3489.00,1168088
19-Jul-13,3512.50,3525.50,3455.00,3470.50,3349639
18-Jul-13,3507.50,3537.00,3471.50,3501.00,2532996
17-Jul-13,3526.50,3529.00,3459.50,3508.00,2171025
16-Jul-13,3511.50,3542.50,3491.00,3495.50,2140386
15-Jul-13,3486.00,3518.50,3468.00,3508.50,1716867
12-Jul-13,3514.00,3530.00,3470.00,3476.00,1870668
11-Jul-13,3516.00,3526.50,3470.00,3495.00,2072711
10-Jul-13,3555.50,3584.50,3477.50,3482.00,3084935
9-Jul-13,3546.00,3598.00,3525.41,3553.00,2570484
8-Jul-13,3505.00,3564.61,3483.00,3537.00,1819270
5-Jul-13,3505.50,3563.00,3375.50,3480.00,2924494
4-Jul-13,3405.50,3519.50,3405.50,3506.50,2571280
3-Jul-13,3395.50,3417.00,3353.50,3382.50,2182808
2-Jul-13,3437.00,3459.00,3404.50,3435.50,1808009
1-Jul-13,3384.50,3448.50,3381.50,3447.00,2353138
28-Jun-13,3443.00,3455.50,3367.50,3367.50,3963021
27-Jun-13,3414.50,3458.00,3388.00,3439.00,2729556
26-Jun-13,3331.50,3394.50,3326.00,3394.50,2880036
25-Jun-13,3319.50,3339.50,3287.00,3325.00,2661850
24-Jun-13,3345.00,3372.50,3288.00,3293.00,2990840
21-Jun-13,3355.00,3399.50,3327.50,3354.00,8103912
20-Jun-13,3425.50,3449.50,3330.00,3339.76,3647483
19-Jun-13,3489.00,3502.50,3443.00,3486.50,1746796
18-Jun-13,3470.50,3501.00,3466.50,3476.50,2048712
17-Jun-13,3487.00,3519.00,3467.50,3467.50,1999988
14-Jun-13,3507.00,3507.00,3441.00,3469.00,2105606
13-Jun-13,3463.00,3492.50,3447.00,3483.00,2491076
12-Jun-13,3505.50,3538.50,3498.00,3500.50,1752170
11-Jun-13,3513.50,3522.50,3455.00,3508.50,2307379
10-Jun-13,3523.00,3539.00,3515.00,3520.00,1545456
7-Jun-13,3505.00,3537.50,3460.50,3527.50,2359675
6-Jun-13,3560.00,3576.50,3498.00,3498.00,1930913
5-Jun-13,3620.00,3638.00,3556.50,3556.50,2198246
4-Jun-13,3630.00,3654.00,3603.50,3634.00,1644006
3-Jun-13,3608.00,3635.50,3577.00,3603.50,1753172
31-May-13,3659.00,3675.78,3621.95,3623.00,3541163
30-May-13,3664.50,3686.00,3628.00,3660.50,1757965
29-May-13,3768.50,3807.50,3651.50,3667.00,2489775
28-May-13,3739.00,3807.00,3736.50,3784.00,2609717
24-May-13,3719.50,3742.50,3676.00,3706.00,1571711
23-May-13,3737.50,3762.00,3690.00,3715.00,2297258
22-May-13,3752.50,3770.00,3725.00,3752.00,2343991
21-May-13,3778.00,3784.00,3738.50,3758.50,2019032
20-May-13,3776.00,3790.00,3732.50,3772.00,1245351
17-May-13,3739.00,3766.00,3700.00,3762.50,1740059
16-May-13,3752.00,3767.50,3736.50,3744.00,1369593
15-May-13,3763.50,3779.50,3733.50,3757.00,1480249
14-May-13,3738.00,3758.50,3728.00,3746.50,1780400
13-May-13,3724.50,3750.50,3709.50,3740.00,1659666
10-May-13,3687.50,3737.50,3687.50,3725.00,2173418
9-May-13,3669.50,3702.00,3656.00,3684.50,1543662
8-May-13,3646.00,3688.50,3625.50,3674.00,1822444
7-May-13,3657.50,3657.50,3596.00,3633.00,1957940
3-May-13,3625.50,3644.00,3601.00,3628.50,1496913
2-May-13,3576.50,3643.00,3576.50,3634.00,1941876
1-May-13,3585.00,3621.13,3566.50,3604.50,1390869
30-Apr-13,3610.50,3610.50,3552.60,3566.00,3064421
29-Apr-13,3600.00,3600.50,3579.00,3591.00,1872905
26-Apr-13,3586.50,3607.00,3573.50,3596.50,1649776
25-Apr-13,3625.00,3660.00,3584.50,3591.00,3780977
24-Apr-13,3563.00,3563.00,3521.78,3548.00,2100339
23-Apr-13,3518.00,3572.57,3501.50,3557.50,2602910
22-Apr-13,3544.00,3547.50,3488.90,3503.00,2076390
19-Apr-13,3515.00,3528.00,3478.00,3526.50,2495905
18-Apr-13,3559.00,3564.00,3426.00,3479.50,3837628
17-Apr-13,3556.50,3567.50,3533.50,3537.50,2780510
16-Apr-13,3576.50,3584.50,3531.00,3531.00,2046467
15-Apr-13,3581.50,3615.50,3566.50,3594.50,1975195
12-Apr-13,3587.50,3611.50,3583.00,3590.00,1782238
11-Apr-13,3592.50,3618.00,3571.00,3600.50,1964484
10-Apr-13,3549.50,3585.50,3530.62,3580.00,2144212
9-Apr-13,3562.00,3562.00,3519.00,3530.50,1627971
8-Apr-13,3513.50,3551.11,3501.60,3544.00,1876637
5-Apr-13,3560.50,3564.00,3490.00,3510.00,2197478
4-Apr-13,3563.50,3586.00,3541.50,3549.50,1851167
3-Apr-13,3600.00,3606.04,3557.00,3562.00,1972949
2-Apr-13,3541.00,3599.50,3532.50,3590.00,1938432
28-Mar-13,3526.00,3573.50,3497.00,3527.00,2371643
27-Mar-13,3512.00,3524.50,3487.50,3513.50,1584701
26-Mar-13,3521.00,3527.00,3483.50,3496.00,1690083
25-Mar-13,3494.50,3522.50,3468.00,3509.00,1637500
22-Mar-13,3483.00,3525.00,3474.00,3488.00,1712305
21-Mar-13,3516.50,3516.50,3468.50,3492.00,2309574
20-Mar-13,3532.00,3543.00,3504.00,3514.50,2538609
19-Mar-13,3473.00,3516.57,3464.50,3506.50,1733540
18-Mar-13,3460.00,3491.21,3460.00,3482.50,2026720
15-Mar-13,3478.00,3502.00,3464.00,3494.50,4442636
14-Mar-13,3495.50,3501.50,3472.00,3472.50,3192917
13-Mar-13,3514.00,3539.09,3487.50,3491.00,2746590
12-Mar-13,3629.50,3639.51,3583.50,3613.00,2036422
11-Mar-13,3559.00,3631.00,3478.00,3628.00,2065465
8-Mar-13,3537.00,3580.00,3531.50,3562.00,2230953
7-Mar-13,3524.50,3535.00,3502.50,3517.00,2484533
6-Mar-13,3554.50,3559.00,3510.50,3519.00,2752509
5-Mar-13,3572.50,3580.00,3539.50,3566.00,2010703
4-Mar-13,3518.00,3580.44,3509.00,3564.00,2523939
1-Mar-13,3447.50,3516.00,3430.00,3508.00,2843061
28-Feb-13,3447.50,3457.50,3407.00,3434.50,3834408
27-Feb-13,3423.00,3427.50,3396.50,3416.00,1789260
26-Feb-13,3411.50,3446.00,3399.00,3422.00,1832982
25-Feb-13,3451.50,3465.00,3417.50,3427.50,2130800
22-Feb-13,3437.50,3458.00,3430.00,3453.00,1292193
21-Feb-13,3468.00,3470.50,3405.50,3439.00,2081803
20-Feb-13,3397.00,3474.00,3396.50,3474.00,2215823
19-Feb-13,3339.00,3391.00,3337.50,3390.00,1582012
18-Feb-13,3337.00,3359.00,3317.74,3340.00,985306
15-Feb-13,3346.50,3362.00,3323.50,3340.50,1677610
14-Feb-13,3349.50,3385.50,3332.50,3343.50,1746375
13-Feb-13,3320.00,3359.50,3273.00,3349.50,3385695
12-Feb-13,3293.50,3328.00,3283.00,3321.50,1759552
11-Feb-13,3288.50,3317.50,3276.00,3291.00,1366366
8-Feb-13,3247.00,3311.06,3242.00,3280.50,2325461
7-Feb-13,3286.50,3290.50,3241.00,3241.50,2001563
6-Feb-13,3292.50,3310.50,3272.50,3284.50,1510762
5-Feb-13,3277.00,3323.36,3263.00,3289.50,1693180
4-Feb-13,3325.00,3327.50,3278.00,3280.50,1935985
1-Feb-13,3283.00,3340.00,3270.53,3327.50,2229372
31-Jan-13,3267.00,3300.00,3256.50,3283.00,2765113
30-Jan-13,3266.50,3293.50,3243.00,3275.50,3575423
29-Jan-13,3257.50,3306.50,3239.50,3301.50,1909441
28-Jan-13,3237.00,3268.50,3232.00,3256.00,2046244
25-Jan-13,3247.00,3262.00,3208.00,3262.00,2389606
24-Jan-13,3191.00,3265.50,3175.00,3249.50,2323887
23-Jan-13,3222.50,3232.00,3183.50,3200.00,2060610
22-Jan-13,3219.50,3234.00,3200.32,3225.50,1748075
21-Jan-13,3181.00,3227.00,3177.00,3223.50,1586650
18-Jan-13,3150.00,3188.14,3150.00,3170.50,2855757
17-Jan-13,3177.50,3181.82,3124.00,3157.50,2340322
16-Jan-13,3157.50,3188.50,3150.50,3171.00,2616269
15-Jan-13,3140.00,3171.27,3138.00,3160.50,2434366
14-Jan-13,3152.00,3165.00,3139.00,3142.00,2246666
11-Jan-13,3182.50,3185.00,3137.00,3147.00,2257849
10-Jan-13,3171.00,3194.50,3162.00,3170.00,2044844
9-Jan-13,3185.00,3203.50,3178.00,3183.00,2232036
8-Jan-13,3199.50,3207.50,3151.01,3185.50,2678343
7-Jan-13,3200.00,3217.00,3192.50,3194.00,2335950
4-Jan-13,3124.00,3190.50,3124.00,3174.50,2083276
3-Jan-13,3107.50,3132.50,3091.41,3124.00,2036995
2-Jan-13,3116.00,3129.00,3089.00,3091.00,2623752
