31-Dec-15,130.70,131.24,129.00,129.70,437099
30-Dec-15,129.80,131.00,129.49,131.00,625888
29-Dec-15,128.00,129.90,127.68,129.50,747338
24-Dec-15,126.20,128.00,126.20,128.00,70258
23-Dec-15,127.70,128.20,126.30,127.20,891298
22-Dec-15,129.20,129.39,127.10,128.00,558059
21-Dec-15,129.50,130.00,128.20,128.95,1025255
18-Dec-15,128.00,129.40,127.70,129.10,1772594
16-Dec-15,127.00,127.00,125.30,126.30,706156
15-Dec-15,126.00,126.50,125.10,126.10,548567
14-Dec-15,127.00,127.00,125.10,125.38,950577
11-Dec-15,127.00,127.00,125.80,126.50,919032
10-Dec-15,125.50,127.10,125.50,126.90,785038
9-Dec-15,126.00,127.50,126.00,126.10,371091
8-Dec-15,128.50,128.50,126.10,126.51,466389
7-Dec-15,126.50,128.00,126.50,127.50,389830
4-Dec-15,128.50,128.50,126.20,127.00,617362
3-Dec-15,129.10,130.50,127.90,128.00,639085
2-Dec-15,131.60,131.60,129.30,129.60,801125
1-Dec-15,131.00,132.00,129.40,131.40,1488551
30-Nov-15,127.50,132.00,127.50,130.00,8528793
27-Nov-15,128.90,129.38,127.60,128.00,498699
26-Nov-15,128.00,129.60,127.50,129.42,722363
25-Nov-15,128.30,129.00,127.23,127.90,998265
24-Nov-15,130.20,130.61,128.46,129.00,689976
23-Nov-15,130.30,131.10,129.90,131.10,1186140
20-Nov-15,130.00,130.50,129.00,130.50,691346
19-Nov-15,129.60,130.00,129.30,130.00,613363
18-Nov-15,127.90,129.60,127.70,129.60,1005659
17-Nov-15,125.50,128.50,124.90,128.50,1344004
16-Nov-15,124.00,125.30,124.00,124.95,863488
13-Nov-15,124.30,125.90,124.30,124.80,815759
12-Nov-15,126.60,126.60,124.50,125.00,235133
11-Nov-15,126.30,126.80,125.35,126.05,345072
10-Nov-15,125.20,126.90,125.20,126.65,627100
9-Nov-15,126.50,126.90,125.14,125.50,744184
6-Nov-15,127.50,127.50,126.50,126.70,768406
5-Nov-15,127.40,128.30,126.80,127.20,429074
4-Nov-15,128.50,128.50,127.10,128.20,826075
3-Nov-15,127.70,128.47,127.20,127.90,676216
2-Nov-15,127.90,128.79,127.60,128.10,546290
30-Oct-15,129.40,129.40,128.50,128.50,982500
29-Oct-15,127.20,129.10,127.20,129.10,731197
28-Oct-15,128.00,128.25,127.10,127.80,326498
27-Oct-15,127.70,128.50,127.00,127.00,464250
26-Oct-15,128.00,128.50,127.50,128.20,701388
23-Oct-15,127.50,128.00,126.50,128.00,569017
22-Oct-15,126.10,127.50,126.10,127.50,657999
21-Oct-15,125.60,127.00,125.60,126.50,439546
20-Oct-15,125.30,126.30,125.30,126.00,742927
19-Oct-15,124.80,126.00,124.10,125.50,615642
16-Oct-15,124.40,125.00,124.20,124.85,577289
15-Oct-15,123.10,124.50,122.80,124.30,671025
14-Oct-15,123.20,123.20,122.60,122.80,367551
13-Oct-15,122.50,123.10,122.33,122.97,725799
12-Oct-15,122.60,122.70,122.10,122.30,436873
9-Oct-15,123.00,123.00,122.60,122.70,1023760
8-Oct-15,124.50,124.50,122.70,123.00,1054244
7-Oct-15,127.00,127.00,124.70,124.85,823761
6-Oct-15,127.90,127.90,127.00,127.00,1192893
5-Oct-15,126.90,128.20,126.80,127.90,559053
2-Oct-15,127.60,127.60,126.40,126.50,624233
1-Oct-15,127.30,127.70,126.50,127.10,657983
30-Sep-15,126.50,127.50,126.40,127.50,1266397
29-Sep-15,126.60,126.60,125.90,126.20,616654
28-Sep-15,126.30,127.00,126.10,126.10,824144
25-Sep-15,126.40,126.40,125.59,126.20,828851
24-Sep-15,125.80,126.40,125.17,126.30,809985
23-Sep-15,125.50,126.00,125.50,125.82,432871
22-Sep-15,125.60,126.00,125.00,125.80,695245
21-Sep-15,125.00,126.00,124.80,125.60,748330
18-Sep-15,123.40,125.00,122.40,125.00,12536415
17-Sep-15,123.20,123.70,122.00,122.80,915643
16-Sep-15,125.00,125.40,123.00,123.50,730301
15-Sep-15,125.00,125.20,124.30,125.00,1047771
14-Sep-15,124.10,125.00,124.10,125.00,688929
11-Sep-15,122.90,124.90,122.63,124.80,1208428
10-Sep-15,121.80,122.80,121.38,122.50,718712
9-Sep-15,122.00,122.10,121.68,122.00,502631
8-Sep-15,121.70,122.10,121.70,122.00,661082
7-Sep-15,121.50,122.43,121.50,121.90,478773
4-Sep-15,122.00,122.00,121.20,121.90,704811
3-Sep-15,118.70,122.00,118.60,121.66,1521097
2-Sep-15,119.50,120.20,119.20,120.05,608235
1-Sep-15,118.30,119.60,118.30,119.20,772459
28-Aug-15,119.00,119.10,118.50,118.79,377630
27-Aug-15,117.20,119.10,116.65,118.30,1002363
26-Aug-15,115.70,117.10,115.70,116.50,366315
25-Aug-15,115.50,116.96,115.50,116.83,782531
24-Aug-15,117.50,118.10,115.60,115.60,854713
21-Aug-15,119.00,119.45,117.70,118.00,289004
20-Aug-15,118.30,119.43,118.30,119.40,432472
19-Aug-15,118.50,119.15,118.50,118.87,176576
18-Aug-15,119.00,119.50,118.68,119.00,454963
17-Aug-15,117.90,119.10,117.90,118.90,386465
14-Aug-15,119.00,119.00,117.60,118.50,154540
13-Aug-15,118.30,118.80,118.20,118.80,147888
12-Aug-15,118.40,118.80,117.50,118.50,391882
11-Aug-15,118.80,119.10,118.40,118.90,241971
10-Aug-15,119.20,119.30,118.70,118.80,236864
7-Aug-15,119.30,119.40,118.90,119.08,144523
6-Aug-15,119.50,119.50,119.00,119.40,231031
5-Aug-15,119.00,119.50,118.68,119.50,770006
4-Aug-15,118.50,118.90,118.00,118.80,417809
3-Aug-15,117.20,118.30,116.90,118.00,211275
31-Jul-15,117.20,118.00,117.10,118.00,253408
30-Jul-15,116.70,117.40,116.70,117.40,262820
29-Jul-15,117.50,117.50,116.30,116.40,287853
28-Jul-15,117.70,117.80,116.60,117.00,577700
27-Jul-15,118.90,118.90,117.85,118.30,275915
24-Jul-15,118.10,118.80,118.10,118.50,188977
23-Jul-15,118.20,119.00,118.20,118.44,422569
22-Jul-15,117.80,118.97,117.70,118.97,343442
21-Jul-15,117.90,119.00,117.40,118.40,497587
20-Jul-15,117.20,118.00,117.00,117.85,392689
17-Jul-15,117.00,117.90,116.38,117.60,943220
16-Jul-15,115.90,117.00,115.80,116.90,912575
15-Jul-15,114.40,115.95,114.00,115.80,726541
14-Jul-15,113.80,114.40,113.50,114.30,379389
13-Jul-15,114.00,114.00,112.88,113.50,320679
10-Jul-15,112.90,113.66,112.50,113.00,437827
9-Jul-15,113.30,113.30,112.60,113.04,108979
8-Jul-15,113.00,113.00,112.60,112.70,146268
7-Jul-15,113.30,113.78,112.70,113.00,327939
6-Jul-15,113.50,113.92,113.00,113.20,468811
3-Jul-15,113.50,114.10,113.40,113.80,92099
2-Jul-15,113.40,114.00,113.40,113.58,350560
1-Jul-15,113.40,113.90,113.00,113.80,104413
30-Jun-15,114.00,114.00,113.20,113.30,401845
29-Jun-15,113.00,114.00,112.50,113.15,1532916
26-Jun-15,113.20,113.90,113.20,113.40,231549
25-Jun-15,113.20,113.80,113.18,113.26,521603
24-Jun-15,114.00,114.00,113.40,113.50,220308
23-Jun-15,114.50,114.50,113.30,113.56,489047
22-Jun-15,113.00,114.50,113.00,113.90,521732
19-Jun-15,113.50,114.50,112.50,113.20,2925528
18-Jun-15,113.00,113.40,112.50,112.80,1495073
17-Jun-15,115.30,115.30,114.30,114.40,309267
16-Jun-15,114.50,115.10,114.50,114.80,502455
15-Jun-15,115.00,115.20,114.30,115.00,178981
12-Jun-15,114.20,115.00,114.20,114.90,1384703
11-Jun-15,115.00,115.00,114.20,114.63,502525
10-Jun-15,114.50,115.00,114.20,114.61,378617
9-Jun-15,115.00,115.35,114.50,114.60,242334
8-Jun-15,115.00,115.50,114.60,114.90,1619000
5-Jun-15,115.00,116.28,114.75,116.25,7662145
4-Jun-15,115.00,115.75,114.75,115.00,1530326
3-Jun-15,115.75,116.00,114.75,115.18,1373708
2-Jun-15,116.25,116.25,115.50,115.98,171294
1-Jun-15,115.50,116.25,115.25,115.98,343721
29-May-15,116.00,116.25,115.75,115.75,425523
28-May-15,116.50,116.50,115.50,116.12,531330
27-May-15,116.00,116.50,115.75,115.75,219096
26-May-15,116.25,116.50,116.00,116.00,335014
22-May-15,116.50,116.50,116.00,116.00,140058
21-May-15,116.50,116.50,115.75,116.00,399820
20-May-15,116.25,116.46,115.75,116.25,300847
19-May-15,116.00,116.21,115.75,116.00,127110
18-May-15,115.50,116.25,115.50,116.00,217737
15-May-15,115.75,116.00,115.22,115.58,429152
14-May-15,116.25,116.25,115.38,115.75,205060
13-May-15,116.00,116.50,115.00,115.50,525117
12-May-15,116.75,116.75,115.97,116.06,275490
11-May-15,116.25,116.75,116.00,116.65,268464
8-May-15,116.00,116.75,115.50,115.75,776940
7-May-15,116.50,117.00,116.00,116.00,545547
6-May-15,116.50,117.00,116.50,116.50,281163
5-May-15,116.50,117.00,116.50,116.50,366935
1-May-15,117.25,117.25,116.72,116.75,78459
30-Apr-15,116.50,117.25,116.00,116.82,776884
29-Apr-15,116.50,117.00,116.25,116.25,352746
28-Apr-15,117.25,117.25,116.75,116.79,918972
27-Apr-15,117.25,117.50,117.00,117.20,185729
24-Apr-15,117.25,117.50,116.95,117.50,258562
23-Apr-15,117.00,117.50,116.50,116.81,771415
22-Apr-15,116.50,117.00,116.25,117.00,369618
21-Apr-15,117.00,117.00,116.25,116.75,364827
20-Apr-15,117.00,117.25,116.50,116.92,1680636
17-Apr-15,117.00,117.00,116.75,116.88,207449
16-Apr-15,117.00,117.00,116.50,117.00,284268
15-Apr-15,117.00,117.00,116.60,117.00,245175
14-Apr-15,117.00,117.00,116.75,117.00,274252
13-Apr-15,117.00,117.50,116.25,116.81,1375736
10-Apr-15,117.00,117.00,116.50,116.88,442252
9-Apr-15,116.75,117.25,116.50,116.88,273665
8-Apr-15,116.75,117.00,116.50,117.00,820142
7-Apr-15,116.50,117.00,116.25,116.50,618703
2-Apr-15,116.50,117.00,116.50,116.88,2186001
1-Apr-15,116.25,117.00,115.53,117.00,551894
31-Mar-15,116.00,116.50,115.13,116.25,2484424
30-Mar-15,114.50,116.25,114.37,115.75,6359723
27-Mar-15,113.50,114.50,113.50,114.25,475932
26-Mar-15,112.50,114.00,112.50,114.00,1938761
25-Mar-15,112.75,113.00,112.57,112.75,172198
24-Mar-15,112.25,113.02,112.00,112.50,2549859
23-Mar-15,113.00,113.00,111.50,112.02,1291737
20-Mar-15,112.50,113.00,111.75,112.62,18216445
19-Mar-15,111.25,112.50,111.00,111.25,2839599
18-Mar-15,113.00,113.00,112.00,113.00,1207789
17-Mar-15,113.50,113.50,112.50,113.00,863268
16-Mar-15,113.75,113.75,112.92,113.50,620361
13-Mar-15,113.75,114.00,113.50,113.75,717359
12-Mar-15,113.25,114.00,113.25,114.00,937197
11-Mar-15,113.75,114.00,113.00,114.00,1246545
10-Mar-15,113.75,114.00,113.00,113.75,1716187
9-Mar-15,114.00,114.00,112.75,113.75,1019382
6-Mar-15,114.00,115.75,111.75,114.00,3726986
5-Mar-15,114.00,114.00,113.00,113.25,323228
4-Mar-15,114.50,114.75,113.75,114.25,300615
3-Mar-15,114.50,114.75,113.75,114.00,258841
2-Mar-15,113.50,114.50,112.95,114.50,752829
27-Feb-15,112.75,113.50,112.50,113.50,741878
26-Feb-15,112.00,113.00,112.00,112.75,487780
25-Feb-15,111.75,112.92,111.42,112.50,333396
24-Feb-15,111.50,111.75,111.25,111.75,670804
23-Feb-15,111.00,111.75,111.00,111.70,555399
20-Feb-15,111.25,111.75,111.00,111.75,202780
19-Feb-15,111.25,111.75,111.17,111.75,117392
18-Feb-15,111.50,111.75,111.00,111.50,877309
17-Feb-15,111.00,111.75,111.00,111.50,45078
16-Feb-15,111.25,111.50,110.50,111.25,28054
13-Feb-15,111.00,111.50,110.66,111.25,403126
12-Feb-15,110.00,111.00,108.93,110.50,604933
11-Feb-15,111.00,111.00,110.00,110.50,131753
10-Feb-15,110.00,111.00,110.00,110.75,327420
9-Feb-15,110.50,111.00,109.75,110.75,175928
6-Feb-15,110.50,110.50,110.00,110.25,53109
5-Feb-15,110.25,110.50,109.75,110.50,446533
4-Feb-15,110.50,110.50,109.75,110.25,81589
3-Feb-15,110.25,110.50,109.51,110.25,18346
2-Feb-15,110.00,110.50,109.25,109.75,737329
30-Jan-15,110.25,110.25,109.00,109.75,122670
29-Jan-15,110.50,110.50,109.00,109.75,188420
28-Jan-15,110.25,111.00,110.00,110.50,279907
27-Jan-15,111.50,111.50,110.25,110.25,77317
26-Jan-15,111.00,111.50,110.75,111.10,258534
23-Jan-15,111.00,111.00,110.50,110.70,37426
22-Jan-15,110.25,111.00,110.25,111.00,209580
21-Jan-15,110.25,110.75,110.00,110.50,345049
20-Jan-15,109.75,110.50,109.45,110.50,774097
19-Jan-15,109.00,109.50,109.00,109.38,3977
16-Jan-15,109.75,109.75,109.25,109.75,40270
15-Jan-15,109.50,109.75,109.25,109.75,224055
14-Jan-15,109.25,109.75,109.00,109.50,427258
13-Jan-15,109.25,109.25,108.75,109.00,138947
12-Jan-15,109.25,109.25,109.00,109.25,214113
9-Jan-15,109.25,109.25,109.00,109.00,100465
8-Jan-15,109.00,109.25,108.81,109.00,66248
7-Jan-15,108.75,109.50,108.50,109.00,262683
6-Jan-15,108.25,108.75,108.00,108.25,372638
5-Jan-15,108.00,108.50,107.38,108.25,180721
31-Dec-14,108.00,108.50,107.75,108.00,251959
30-Dec-14,108.00,108.00,107.25,108.00,42935
29-Dec-14,108.00,108.00,107.50,108.00,174925
24-Dec-14,108.00,108.00,107.55,108.00,37884
23-Dec-14,107.50,108.00,107.25,108.00,331148
22-Dec-14,107.50,108.00,107.00,107.25,310248
19-Dec-14,107.25,108.00,106.75,107.50,3781250
18-Dec-14,106.50,107.25,106.00,107.25,243826
17-Dec-14,106.00,106.75,106.00,106.50,260730
16-Dec-14,106.00,107.00,106.00,106.50,227580
15-Dec-14,106.00,107.00,106.00,106.50,567732
12-Dec-14,106.25,107.00,106.00,106.25,474731
11-Dec-14,107.00,107.00,106.00,106.25,394223
10-Dec-14,107.00,107.00,105.75,106.75,576767
9-Dec-14,106.50,106.75,105.75,106.25,148898
8-Dec-14,106.25,106.50,105.50,106.25,191836
5-Dec-14,106.00,106.25,105.50,106.00,200934
4-Dec-14,105.75,106.25,105.75,106.00,244622
3-Dec-14,106.25,106.25,105.50,105.75,508420
2-Dec-14,106.50,106.50,105.50,106.00,453415
1-Dec-14,106.50,106.50,105.50,105.75,85161
28-Nov-14,106.50,106.50,105.15,106.00,184345
27-Nov-14,106.25,107.00,106.00,106.50,638310
26-Nov-14,108.00,108.00,107.00,107.25,185910
25-Nov-14,108.00,108.00,107.00,107.00,43694
24-Nov-14,108.00,108.00,107.47,108.00,39128
21-Nov-14,108.00,108.00,107.27,107.50,918
20-Nov-14,107.50,107.80,106.50,107.25,61009
19-Nov-14,109.00,109.00,108.24,108.75,26181
18-Nov-14,109.00,109.00,108.00,109.00,11058
17-Nov-14,109.00,109.00,108.00,108.50,18697
14-Nov-14,108.50,108.75,107.50,108.75,284999
13-Nov-14,110.00,110.00,107.75,109.00,253624
12-Nov-14,109.75,109.75,109.25,109.75,149831
11-Nov-14,109.25,109.91,109.25,109.50,101131
10-Nov-14,109.50,110.00,109.00,109.75,285916
7-Nov-14,109.00,110.25,109.00,110.25,1054772
6-Nov-14,109.50,109.75,109.00,109.50,68520
5-Nov-14,109.75,109.75,109.00,109.50,45429
4-Nov-14,109.50,109.75,109.00,109.25,128781
3-Nov-14,109.25,109.75,109.00,109.75,204290
31-Oct-14,109.25,109.25,108.75,109.00,8660
30-Oct-14,108.75,109.00,108.00,109.00,258491
29-Oct-14,108.00,108.75,108.00,108.50,8225
28-Oct-14,108.50,108.75,108.00,108.25,204797
27-Oct-14,109.75,109.75,108.00,108.00,345679
24-Oct-14,109.00,109.75,109.00,109.00,31077
23-Oct-14,110.25,110.25,109.25,109.50,72800
22-Oct-14,109.50,110.00,109.10,109.75,194627
21-Oct-14,109.75,109.75,109.00,109.25,18133
20-Oct-14,109.00,109.25,109.00,109.00,39724
17-Oct-14,108.50,109.25,108.25,108.75,176631
16-Oct-14,108.75,109.25,108.25,108.25,193321
15-Oct-14,108.75,109.50,108.50,108.75,262220
14-Oct-14,109.00,109.50,109.00,109.00,341052
13-Oct-14,108.25,109.50,108.25,109.25,231828
10-Oct-14,108.75,109.00,108.50,109.00,112780
9-Oct-14,109.00,109.00,108.50,109.00,64850
8-Oct-14,108.75,109.00,108.50,109.00,36000
7-Oct-14,108.50,109.00,108.50,108.75,108702
6-Oct-14,108.50,108.75,107.75,108.50,81542
3-Oct-14,108.50,108.50,108.00,108.50,100773
2-Oct-14,107.75,108.50,107.50,108.00,214995
1-Oct-14,107.25,108.25,107.25,108.25,710386
30-Sep-14,107.75,108.00,107.25,107.75,104883
29-Sep-14,107.75,108.00,107.00,108.00,276303
26-Sep-14,107.75,107.75,107.25,107.75,258864
25-Sep-14,107.50,107.75,107.50,107.75,93430
24-Sep-14,107.75,107.75,107.25,107.75,207168
23-Sep-14,107.50,107.50,107.25,107.50,558358
22-Sep-14,107.50,107.75,107.00,107.25,317453
19-Sep-14,107.50,107.75,107.00,107.75,6118820
18-Sep-14,107.50,107.75,107.25,107.50,304143
17-Sep-14,107.00,107.50,107.00,107.50,322990
16-Sep-14,107.50,107.75,107.00,107.50,170887
15-Sep-14,107.50,107.50,107.05,107.50,66646
12-Sep-14,107.50,107.75,107.00,107.50,606891
11-Sep-14,107.25,107.50,107.25,107.25,193365
10-Sep-14,107.25,107.50,106.92,107.25,461994
9-Sep-14,107.00,107.50,107.00,107.50,372210
8-Sep-14,107.25,107.50,107.00,107.25,290664
5-Sep-14,107.50,107.50,107.06,107.25,104439
4-Sep-14,107.25,107.50,106.75,107.25,399174
3-Sep-14,107.25,107.25,106.80,107.25,87347
2-Sep-14,106.75,107.25,106.50,107.00,407998
1-Sep-14,107.25,107.25,107.00,107.00,5793
29-Aug-14,107.25,107.25,106.77,107.00,87831
28-Aug-14,107.25,107.50,106.81,107.00,120350
27-Aug-14,106.75,107.25,105.92,106.94,242410
26-Aug-14,106.75,107.00,106.50,106.75,170636
22-Aug-14,106.75,107.00,106.50,106.88,381739
21-Aug-14,106.75,106.75,106.25,106.75,57372
20-Aug-14,106.25,106.75,106.25,106.75,102678
19-Aug-14,106.50,106.75,106.00,106.50,105037
18-Aug-14,106.25,106.50,106.00,106.25,195725
15-Aug-14,106.50,106.75,105.86,106.00,375339
14-Aug-14,106.00,106.52,106.00,106.00,12340
13-Aug-14,106.75,106.75,106.00,106.25,154318
12-Aug-14,106.50,106.75,106.00,106.75,303407
11-Aug-14,106.25,106.50,105.88,106.50,81703
8-Aug-14,105.75,106.50,105.00,106.50,354522
7-Aug-14,104.75,105.50,104.40,105.38,175938
6-Aug-14,104.25,106.35,104.25,106.35,106225
5-Aug-14,104.50,104.75,104.26,104.38,380876
4-Aug-14,104.50,104.52,104.00,104.48,64891
1-Aug-14,104.00,104.75,104.00,104.37,43268
31-Jul-14,104.75,104.76,103.92,104.39,202459
30-Jul-14,105.00,106.00,105.00,105.00,60057
29-Jul-14,105.00,105.75,104.50,105.12,2379
28-Jul-14,105.15,105.25,104.78,105.00,6442
25-Jul-14,104.14,105.49,104.14,105.15,0
24-Jul-14,104.14,104.50,104.00,104.50,3551
23-Jul-14,104.34,104.35,104.00,104.29,1611
22-Jul-14,104.64,104.64,104.00,104.50,0
21-Jul-14,104.74,105.00,104.33,104.64,0
18-Jul-14,104.80,104.80,104.25,104.26,813
17-Jul-14,104.88,105.25,104.33,104.81,342
16-Jul-14,104.75,105.25,104.26,104.87,75000
15-Jul-14,106.75,106.85,105.80,106.75,29920
14-Jul-14,106.50,106.75,105.58,106.50,0
11-Jul-14,106.50,106.62,105.56,106.50,0
10-Jul-14,106.44,106.60,105.51,106.50,0
9-Jul-14,106.22,106.50,105.30,105.35,11423
8-Jul-14,105.00,106.00,104.75,106.00,390
7-Jul-14,104.25,105.50,104.25,105.50,0
4-Jul-14,104.17,105.10,104.17,105.10,0
3-Jul-14,104.66,104.83,104.16,104.83,0
2-Jul-14,104.15,104.68,104.00,104.67,0
1-Jul-14,104.83,104.83,104.00,104.68,0
30-Jun-14,104.67,105.00,104.00,104.67,2500
27-Jun-14,105.00,105.00,104.00,104.68,0
26-Jun-14,104.09,105.00,104.00,104.75,1400
25-Jun-14,105.00,105.00,104.00,104.75,0
24-Jun-14,105.24,105.24,104.50,104.50,7000
23-Jun-14,105.33,105.33,104.58,105.25,6553
20-Jun-14,105.50,106.00,104.50,106.00,3518
19-Jun-14,106.15,109.00,105.25,109.00,527
18-Jun-14,105.58,106.50,105.58,106.15,0
17-Jun-14,106.30,106.30,105.58,106.28,0
16-Jun-14,106.69,106.69,105.75,105.75,0
13-Jun-14,106.58,106.91,106.00,106.00,0
12-Jun-14,107.05,107.50,107.00,107.25,5852
11-Jun-14,107.53,107.53,107.00,107.50,4894
10-Jun-14,107.26,107.55,107.10,107.53,0
9-Jun-14,107.50,107.75,107.24,107.55,1161
6-Jun-14,107.55,108.00,107.23,107.76,0
5-Jun-14,107.25,107.59,107.23,107.55,0
4-Jun-14,107.12,107.75,106.50,107.00,788
3-Jun-14,106.26,107.19,106.26,106.50,608
2-Jun-14,106.89,106.89,106.27,106.27,0
30-May-14,107.25,107.25,106.26,106.90,4000
29-May-14,107.71,107.86,107.25,107.25,0
28-May-14,108.00,108.25,107.51,107.88,1548
27-May-14,108.05,108.33,107.50,108.25,16605
23-May-14,108.56,108.75,108.25,108.25,3899
22-May-14,108.56,108.75,108.00,108.00,0
21-May-14,108.38,108.56,108.25,108.56,1920
20-May-14,108.54,108.65,108.25,108.25,0
19-May-14,108.35,108.75,108.35,108.75,0
16-May-14,108.38,108.75,108.25,108.25,0
15-May-14,108.59,108.59,108.00,108.57,0
14-May-14,108.51,108.80,108.00,108.00,0
13-May-14,108.84,108.99,108.51,108.83,0
12-May-14,108.25,108.90,108.25,108.84,0
9-May-14,109.28,109.28,108.40,108.40,0
8-May-14,109.85,109.85,108.75,108.75,0
7-May-14,109.87,109.88,109.47,109.85,0
6-May-14,110.00,110.00,109.50,109.75,0
2-May-14,109.67,109.75,109.00,109.75,0
1-May-14,109.25,109.68,109.15,109.38,0
30-Apr-14,109.42,109.50,108.75,109.50,0
29-Apr-14,108.94,109.00,108.68,109.00,0
28-Apr-14,108.92,109.00,108.56,109.00,0
25-Apr-14,108.65,109.00,108.50,108.55,0
24-Apr-14,108.65,108.68,108.25,108.65,0
23-Apr-14,108.00,108.65,108.00,108.65,0
22-Apr-14,108.24,108.50,108.00,108.24,0
17-Apr-14,108.19,108.25,107.50,108.25,0
16-Apr-14,108.06,108.25,107.91,108.20,0
15-Apr-14,108.00,108.36,107.50,108.24,0
14-Apr-14,107.85,108.36,107.50,108.36,0
11-Apr-14,107.98,107.98,107.77,107.98,0
10-Apr-14,108.00,108.00,107.00,108.00,0
9-Apr-14,108.00,108.00,107.75,107.75,0
8-Apr-14,108.00,108.00,107.40,107.94,0
7-Apr-14,108.00,108.00,107.25,107.25,0
4-Apr-14,107.90,108.00,107.58,108.00,0
3-Apr-14,107.44,107.70,107.42,107.70,0
2-Apr-14,107.00,107.50,107.00,107.25,0
1-Apr-14,107.00,107.00,106.27,107.00,0
31-Mar-14,106.50,106.85,106.27,106.75,0
28-Mar-14,105.98,106.50,105.98,106.50,0
27-Mar-14,105.76,106.00,105.50,106.00,14079
26-Mar-14,106.00,106.00,105.56,106.00,0
25-Mar-14,105.95,106.00,105.25,106.00,6379
24-Mar-14,105.95,105.95,105.50,105.80,0
21-Mar-14,105.09,105.75,105.09,105.38,0
20-Mar-14,104.75,105.50,104.75,105.25,0
19-Mar-14,104.59,104.75,104.00,104.75,6436
18-Mar-14,104.35,104.49,103.91,104.40,0
17-Mar-14,104.65,104.65,103.90,104.35,0
14-Mar-14,104.67,-,-,104.50,0
13-Mar-14,104.10,103.75,103.75,104.68,3250
12-Mar-14,104.07,-,-,104.60,0
11-Mar-14,104.40,-,-,104.06,0
10-Mar-14,104.80,-,-,104.62,0
7-Mar-14,104.75,-,-,104.80,0
6-Mar-14,104.71,-,-,105.23,0
5-Mar-14,104.64,-,-,104.70,0
4-Mar-14,105.17,-,-,105.17,0
3-Mar-14,105.00,-,-,104.63,0
28-Feb-14,105.00,105.00,105.00,105.00,5996
27-Feb-14,105.55,105.00,105.00,105.00,28949
26-Feb-14,105.82,105.50,105.50,105.50,25000
25-Feb-14,105.75,-,-,105.82,0
24-Feb-14,105.80,-,-,105.74,0
21-Feb-14,106.06,-,-,105.90,0
20-Feb-14,105.75,-,-,105.90,0
19-Feb-14,105.87,106.00,106.00,106.00,38045
18-Feb-14,106.25,106.25,106.25,106.25,9999
17-Feb-14,105.60,-,-,106.25,0
14-Feb-14,105.59,-,-,105.80,0
13-Feb-14,105.99,-,-,105.59,0
12-Feb-14,105.36,-,-,105.70,0
11-Feb-14,105.33,-,-,105.74,0
10-Feb-14,105.63,-,-,105.95,0
7-Feb-14,105.63,-,-,105.75,0
6-Feb-14,105.00,105.00,105.00,104.75,15000
5-Feb-14,105.17,-,-,105.00,0
4-Feb-14,104.67,-,-,105.17,0
3-Feb-14,104.66,-,-,105.17,0
31-Jan-14,105.19,-,-,105.22,0
30-Jan-14,104.91,-,-,104.91,0
29-Jan-14,105.19,-,-,105.19,0
28-Jan-14,105.10,-,-,104.88,0
27-Jan-14,104.90,-,-,104.88,0
24-Jan-14,105.10,-,-,104.90,0
23-Jan-14,105.10,-,-,105.10,0
22-Jan-14,105.00,105.00,105.00,105.11,1221
21-Jan-14,105.10,-,-,105.00,0
20-Jan-14,105.15,105.00,105.00,105.10,5000
17-Jan-14,104.47,-,-,104.51,0
16-Jan-14,103.60,103.75,103.75,104.30,100000
15-Jan-14,103.50,-,-,103.60,0
14-Jan-14,103.85,-,-,103.90,0
13-Jan-14,102.31,103.50,103.00,103.50,120440
10-Jan-14,102.33,-,-,102.25,0
9-Jan-14,102.28,-,-,102.33,0
8-Jan-14,102.52,-,-,102.28,0
7-Jan-14,102.54,-,-,102.49,0
6-Jan-14,102.31,-,-,102.75,0
3-Jan-14,102.58,-,-,102.31,0
2-Jan-14,102.36,-,-,102.58,0
31-Dec-13,102.68,-,-,102.44,0
30-Dec-13,102.50,102.75,102.75,102.68,445
27-Dec-13,102.68,-,-,102.68,0
24-Dec-13,102.43,-,-,102.68,0
23-Dec-13,102.45,-,-,102.50,0
20-Dec-13,102.64,-,-,102.50,0
19-Dec-13,102.38,102.75,102.75,102.64,1452
18-Dec-13,102.58,-,-,102.60,0
17-Dec-13,102.60,-,-,102.58,0
16-Dec-13,102.25,-,-,102.60,0
13-Dec-13,102.00,-,-,102.36,0
12-Dec-13,101.43,-,-,102.15,0
11-Dec-13,100.75,-,-,101.00,0
10-Dec-13,100.50,100.50,100.50,100.00,99999
9-Dec-13,101.00,-,-,101.00,0
