31-Dec-15,2019.00,2028.05,2016.00,2019.00,1521
30-Dec-15,2027.00,2039.00,2017.00,2023.00,4623
29-Dec-15,2025.00,2037.00,2025.00,2028.00,1574
24-Dec-15,2020.00,2037.00,2020.00,2037.00,3594
23-Dec-15,2037.00,2037.00,2016.00,2035.00,5032
22-Dec-15,2016.00,2033.00,2016.00,2027.00,30833
21-Dec-15,2040.00,2040.00,2022.00,2028.00,8003
18-Dec-15,2040.00,2040.00,2010.00,2034.00,41661
16-Dec-15,2008.00,2030.00,2005.00,2027.00,37120
15-Dec-15,2002.00,2020.00,2002.00,2005.00,28230
14-Dec-15,2018.00,2018.00,2001.00,2008.00,38476
11-Dec-15,2000.00,2018.00,2000.00,2012.00,22895
10-Dec-15,2024.00,2024.00,2000.00,2006.00,22659
9-Dec-15,2001.00,2018.00,2000.00,2009.00,26995
8-Dec-15,2035.00,2035.00,2000.00,2000.00,52841
7-Dec-15,2025.00,2037.00,2020.00,2030.00,54221
4-Dec-15,2030.00,2039.00,2027.00,2030.00,61656
3-Dec-15,2035.00,2050.00,2031.00,2038.48,101708
2-Dec-15,2040.00,2047.49,2035.00,2045.00,103182
1-Dec-15,2003.00,2055.00,2003.00,2055.00,154331
30-Nov-15,2003.00,2020.00,2003.00,2015.00,53449
27-Nov-15,2005.00,2019.00,1998.00,2005.00,101002
26-Nov-15,1996.00,2015.00,1996.00,2015.00,27112
25-Nov-15,2005.00,2008.45,1996.26,2008.00,35121
24-Nov-15,2000.00,2009.00,1995.00,2003.50,89858
23-Nov-15,2000.00,2010.00,1998.32,2009.00,30063
20-Nov-15,2020.00,2020.00,1996.00,2010.00,26636
19-Nov-15,2005.00,2009.00,2000.00,2009.00,23236
18-Nov-15,2000.00,2009.60,2000.00,2001.00,27104
17-Nov-15,2005.00,2009.00,1995.00,2009.00,14968
16-Nov-15,1990.00,2005.00,1990.00,2000.00,20519
13-Nov-15,1990.00,2005.00,1990.00,2001.00,17796
12-Nov-15,2000.00,2008.00,1995.00,2000.00,34033
11-Nov-15,2009.00,2010.00,1996.50,2008.00,17982
10-Nov-15,1998.00,2002.00,1991.95,1997.00,49917
9-Nov-15,2001.00,2001.00,1990.00,1999.00,22747
6-Nov-15,1998.00,2005.20,1990.00,2004.00,33813
5-Nov-15,2010.00,2011.00,1995.00,1996.00,46136
4-Nov-15,2020.00,2020.00,2010.00,2010.00,26734
3-Nov-15,2013.00,2020.00,2010.00,2016.00,48489
2-Nov-15,2015.00,2024.00,2012.50,2024.00,18974
30-Oct-15,2015.00,2024.00,2015.00,2016.00,44201
29-Oct-15,2023.00,2026.00,2017.00,2022.00,87016
28-Oct-15,2024.00,2032.00,2011.00,2017.00,140886
27-Oct-15,2005.00,2025.00,1995.00,2013.00,191492
26-Oct-15,2022.00,2028.05,2018.00,2018.00,90490
23-Oct-15,2020.00,2029.00,2018.00,2028.00,26050
22-Oct-15,2020.00,2030.00,2015.00,2027.00,54392
21-Oct-15,2023.00,2026.36,2015.00,2026.00,54756
20-Oct-15,2023.00,2035.00,2020.15,2028.00,6617
19-Oct-15,2025.00,2030.00,2016.20,2023.00,64176
16-Oct-15,2032.00,2043.00,2020.00,2030.00,45783
15-Oct-15,2030.00,2040.00,2030.00,2039.00,13041
14-Oct-15,2030.00,2039.00,2030.00,2031.00,2365
13-Oct-15,2045.00,2055.72,2030.00,2053.00,16675
12-Oct-15,2045.00,2051.00,2043.00,2046.00,25527
9-Oct-15,2048.00,2056.25,2043.00,2049.00,24974
8-Oct-15,2050.00,2058.00,2046.00,2053.00,8853
7-Oct-15,2052.00,2057.00,2044.82,2057.00,5649
6-Oct-15,2049.00,2056.00,2045.70,2056.00,4974
5-Oct-15,2045.00,2058.00,2045.00,2052.00,6047
2-Oct-15,2048.00,2054.08,2045.00,2049.12,15404
1-Oct-15,2057.00,2057.00,2045.00,2055.00,3972
30-Sep-15,2057.00,2060.00,2044.60,2048.00,60751
29-Sep-15,2045.00,2053.00,2040.00,2052.00,24260
28-Sep-15,2043.00,2055.00,2042.00,2046.00,10106
25-Sep-15,2044.00,2054.00,2043.00,2045.00,19027
24-Sep-15,2045.00,2059.00,2044.00,2048.00,17859
23-Sep-15,2054.00,2063.50,2046.00,2051.00,8380
22-Sep-15,2057.00,2070.00,2050.00,2054.00,17049
21-Sep-15,2060.00,2067.00,2057.00,2058.00,7770
18-Sep-15,2070.00,2070.00,2062.00,2068.00,24759
17-Sep-15,2057.00,2069.00,2057.00,2068.00,8341
16-Sep-15,2057.00,2065.05,2055.00,2063.00,7446
15-Sep-15,2060.00,2069.00,2055.00,2060.00,11383
14-Sep-15,2058.00,2070.00,2058.00,2068.00,25766
11-Sep-15,2057.00,2068.70,2055.00,2068.00,7479
10-Sep-15,2060.00,2069.00,2056.13,2068.00,5685
9-Sep-15,2070.00,2070.00,2055.00,2063.00,9336
8-Sep-15,2042.00,2070.00,2042.00,2068.00,20191
7-Sep-15,2045.00,2060.00,2035.00,2060.00,53770
4-Sep-15,2045.00,2062.00,2045.00,2055.80,11059
3-Sep-15,2055.00,2063.00,2045.00,2058.00,40758
2-Sep-15,2055.00,2062.00,2048.00,2055.00,14727
1-Sep-15,2060.00,2065.00,2048.00,2065.00,49031
28-Aug-15,2058.00,2068.00,2055.00,2062.00,9064
27-Aug-15,2060.00,2065.12,2055.00,2056.37,37091
26-Aug-15,2061.00,2071.00,2055.00,2065.00,25953
25-Aug-15,2075.00,2075.00,2065.00,2065.00,5971
24-Aug-15,2080.00,2091.55,2065.00,2066.00,20923
21-Aug-15,2095.00,2095.00,2080.00,2083.00,6598
20-Aug-15,2095.00,2095.00,2080.00,2083.00,16264
19-Aug-15,2105.00,2105.00,2085.00,2095.00,2051
18-Aug-15,2105.00,2105.00,2093.60,2103.00,5034
17-Aug-15,2090.00,2103.92,2090.00,2102.52,2958
14-Aug-15,2090.00,2106.00,2090.00,2098.00,21027
13-Aug-15,2090.00,2098.00,2090.00,2097.12,2220
12-Aug-15,2100.00,2100.00,2090.00,2090.25,6790
11-Aug-15,2090.00,2099.00,2085.00,2099.00,18912
10-Aug-15,2090.00,2094.00,2090.00,2091.00,4067
7-Aug-15,2095.00,2095.00,2086.00,2095.00,3250
6-Aug-15,2087.00,2095.00,2083.00,2095.00,8337
5-Aug-15,2090.00,2094.90,2080.00,2086.00,22468
4-Aug-15,2087.00,2090.00,2080.00,2085.00,12334
3-Aug-15,2080.00,2087.00,2080.00,2087.00,2302
31-Jul-15,2081.00,2089.00,2081.00,2087.00,5580
30-Jul-15,2086.00,2089.00,2079.70,2085.00,7303
29-Jul-15,2075.00,2088.00,2075.00,2085.00,14498
28-Jul-15,2080.00,2085.00,2080.00,2084.00,26292
27-Jul-15,2081.00,2086.00,2080.00,2086.00,14405
24-Jul-15,2080.00,2089.00,2080.00,2085.00,7134
23-Jul-15,2080.00,2090.00,2080.00,2085.00,9423
22-Jul-15,2080.00,2092.00,2080.00,2091.00,2873
21-Jul-15,2080.00,2092.00,2080.00,2080.00,50156
20-Jul-15,2086.00,2094.00,2080.00,2084.00,12535
17-Jul-15,2079.00,2085.00,2076.00,2079.00,3380
16-Jul-15,2080.00,2085.00,2073.00,2084.00,11080
15-Jul-15,2080.00,2080.00,2071.00,2079.00,6031
14-Jul-15,2077.00,2080.00,2075.00,2079.00,10857
13-Jul-15,2073.00,2080.00,2069.00,2078.00,14574
10-Jul-15,2073.00,2080.00,2073.00,2079.00,7525
9-Jul-15,2077.00,2080.00,2065.00,2078.00,4385
8-Jul-15,2069.00,2080.00,2065.00,2079.00,3863
7-Jul-15,2070.00,2083.25,2066.00,2071.00,9545
6-Jul-15,2077.00,2078.00,2070.00,2070.00,4453
3-Jul-15,2077.00,2080.00,2070.00,2077.07,15821
2-Jul-15,2079.00,2085.00,2068.00,2080.00,33260
1-Jul-15,2075.00,2094.00,2075.00,2081.65,29264
30-Jun-15,2055.00,2081.00,2055.00,2079.00,45189
29-Jun-15,2059.00,2064.36,2050.00,2064.00,39074
26-Jun-15,2060.00,2063.00,2051.00,2063.00,43331
25-Jun-15,2050.00,2061.04,2045.00,2060.00,54372
24-Jun-15,2053.00,2060.00,2050.00,2060.00,19058
23-Jun-15,2060.00,2068.00,2055.00,2068.00,27603
22-Jun-15,2055.00,2069.00,2041.00,2065.00,109579
19-Jun-15,2081.00,2081.00,2055.00,2055.00,100397
18-Jun-15,2078.00,2085.00,2075.00,2085.00,4455
17-Jun-15,2075.00,2080.31,2073.00,2075.00,16474
16-Jun-15,2081.00,2094.00,2075.00,2077.00,12982
15-Jun-15,2085.00,2096.25,2080.00,2085.00,15292
12-Jun-15,2085.00,2096.25,2085.00,2091.00,7301
11-Jun-15,2085.00,2097.20,2085.00,2095.00,2688
10-Jun-15,2085.00,2099.00,2085.00,2098.00,3282
9-Jun-15,2090.00,2097.88,2086.00,2096.00,1539
8-Jun-15,2096.00,2100.12,2085.00,2086.91,31630
5-Jun-15,2090.00,2101.25,2090.00,2100.75,3534
4-Jun-15,2101.00,2110.00,2090.22,2095.09,19235
3-Jun-15,2102.00,2105.00,2093.00,2103.00,10719
2-Jun-15,2097.00,2104.00,2090.00,2096.00,10487
1-Jun-15,2090.00,2105.00,2090.00,2092.00,3756
29-May-15,2091.00,2100.00,2090.00,2093.00,25246
28-May-15,2090.00,2103.00,2085.00,2100.00,5703
27-May-15,2086.00,2094.00,2085.00,2094.00,10694
26-May-15,2085.00,2093.00,2081.00,2090.00,16997
22-May-15,2084.00,2088.00,2071.00,2081.00,15827
21-May-15,2070.00,2084.00,2070.00,2077.00,7909
20-May-15,2075.00,2083.86,2070.00,2070.00,19160
19-May-15,2083.00,2090.33,2014.00,2072.00,30061
18-May-15,2100.00,2100.00,2081.00,2081.00,13042
15-May-15,2093.00,2100.00,2085.00,2093.00,12686
14-May-15,2098.00,2099.00,2085.00,2093.00,10815
13-May-15,2090.00,2105.00,2085.00,2086.00,21043
12-May-15,2105.00,2105.00,2090.00,2100.00,11066
11-May-15,2105.00,2115.32,2095.00,2106.00,27063
8-May-15,2120.00,2120.00,2105.00,2120.00,29603
7-May-15,2110.00,2120.00,2105.00,2114.00,28559
6-May-15,2115.00,2125.00,2110.00,2112.00,5932
5-May-15,2125.00,2127.00,2115.00,2115.00,7301
1-May-15,2123.00,2128.00,2120.00,2125.00,5826
30-Apr-15,2124.00,2134.00,2116.00,2122.51,21331
29-Apr-15,2120.00,2135.00,2113.60,2135.00,18491
28-Apr-15,2091.00,2125.00,2091.00,2100.00,38508
27-Apr-15,2096.00,2100.00,2090.00,2096.00,10787
24-Apr-15,2100.00,2107.00,2095.06,2096.00,20620
23-Apr-15,2105.00,2115.00,2100.00,2100.00,29197
22-Apr-15,2125.00,2133.96,2104.00,2112.00,46689
21-Apr-15,2153.00,2160.00,2125.05,2130.90,85322
20-Apr-15,2161.00,2172.00,2154.00,2161.00,18941
17-Apr-15,2161.00,2172.88,2160.00,2161.00,1874
16-Apr-15,2173.00,2173.00,2160.00,2164.80,13706
15-Apr-15,2168.00,2173.00,2162.00,2166.00,2118
14-Apr-15,2156.00,2171.00,2156.00,2161.00,12404
13-Apr-15,2154.00,2165.00,2154.00,2155.00,798
10-Apr-15,2152.00,2170.00,2145.00,2157.00,34845
9-Apr-15,2150.00,2157.00,2146.51,2150.00,3608
8-Apr-15,2157.00,2157.00,2146.00,2148.00,11353
7-Apr-15,2160.00,2160.00,2148.00,2154.00,4531
2-Apr-15,2147.00,2155.00,2147.00,2149.00,10809
1-Apr-15,2160.00,2164.50,2147.00,2148.00,15267
31-Mar-15,2191.00,2191.00,2161.00,2176.30,36423
30-Mar-15,2180.00,2191.00,2175.00,2185.00,4992
27-Mar-15,2177.00,2191.00,2172.00,2182.00,3858
26-Mar-15,2180.00,2184.88,2171.00,2177.00,2578
25-Mar-15,2175.00,2191.00,2173.00,2184.00,8535
24-Mar-15,2174.00,2190.00,2173.00,2181.00,42516
23-Mar-15,2185.00,2189.00,2176.00,2185.50,4793
20-Mar-15,2170.00,2191.00,2170.00,2182.00,60216
19-Mar-15,2180.00,2183.33,2170.00,2182.00,14443
18-Mar-15,2175.00,2190.00,2171.00,2174.50,14316
17-Mar-15,2165.00,2174.00,2158.00,2171.00,20533
16-Mar-15,2174.00,2175.00,2158.80,2173.00,7839
13-Mar-15,2151.00,2175.00,2150.00,2169.00,15439
12-Mar-15,2155.00,2160.00,2151.00,2156.00,5600
11-Mar-15,2152.00,2160.00,2150.00,2154.00,3859
10-Mar-15,2142.00,2155.00,2137.00,2155.00,35701
9-Mar-15,2145.00,2145.78,2141.00,2144.00,6729
6-Mar-15,2149.00,2149.00,2141.00,2143.00,10273
5-Mar-15,2149.00,2149.00,2138.00,2139.27,8620
4-Mar-15,2137.00,2149.00,2137.00,2137.00,4418
3-Mar-15,2142.00,2149.00,2141.80,2142.00,19298
2-Mar-15,2142.00,2146.40,2140.00,2142.00,3805
27-Feb-15,2138.00,2148.00,2135.00,2138.38,15717
26-Feb-15,2137.00,2148.00,2133.00,2139.40,13324
25-Feb-15,2150.00,2150.00,2131.00,2139.00,15542
24-Feb-15,2136.00,2147.00,2136.00,2147.00,5687
23-Feb-15,2138.00,2150.00,2138.00,2149.00,4278
20-Feb-15,2137.00,2150.00,2137.00,2147.00,7671
19-Feb-15,2136.00,2144.00,2135.00,2144.00,10144
18-Feb-15,2139.00,2145.30,2135.00,2140.00,6217
17-Feb-15,2149.00,2150.00,2142.00,2144.70,7141
16-Feb-15,2140.00,2145.00,2133.60,2144.94,3200
13-Feb-15,2125.00,2140.00,2125.00,2131.00,14688
12-Feb-15,2125.00,2135.00,2121.00,2125.00,5451
11-Feb-15,2128.00,2135.50,2120.00,2122.00,34423
10-Feb-15,2125.00,2141.66,2121.83,2134.00,17110
9-Feb-15,2122.00,2135.00,2121.00,2122.00,7906
6-Feb-15,2129.00,2134.00,2110.00,2119.00,19836
5-Feb-15,2108.00,2124.99,2106.00,2120.00,12392
4-Feb-15,2110.00,2118.00,2107.00,2108.00,7488
3-Feb-15,2115.00,2118.19,2107.00,2108.00,5867
2-Feb-15,2110.00,2122.74,2107.00,2110.10,8223
30-Jan-15,2105.00,2119.58,2105.00,2110.00,7458
29-Jan-15,2110.00,2120.00,2100.00,2104.00,15525
28-Jan-15,2110.00,2110.00,2099.00,2101.00,18911
27-Jan-15,2075.00,2095.00,2065.40,2092.25,18990
26-Jan-15,2064.00,2075.00,2061.00,2071.00,9139
23-Jan-15,2055.00,2070.00,2050.00,2054.00,55905
22-Jan-15,2048.00,2055.36,2040.00,2050.00,9019
21-Jan-15,2042.00,2051.00,2035.00,2045.00,15728
20-Jan-15,2027.00,2049.00,2027.00,2029.00,53808
19-Jan-15,2034.00,2034.48,2027.00,2030.00,11527
16-Jan-15,2036.00,2040.00,2025.20,2030.00,73794
15-Jan-15,2033.00,2043.00,2025.00,2025.97,68681
14-Jan-15,2032.00,2050.00,2030.00,2040.00,48337
13-Jan-15,2027.00,2034.99,2026.00,2032.00,42426
12-Jan-15,2035.00,2035.00,2026.00,2029.00,15599
9-Jan-15,2029.00,2035.00,2025.00,2032.00,9077
8-Jan-15,2029.00,2035.00,2026.00,2034.00,52958
7-Jan-15,2030.00,2035.00,2030.00,2032.00,35149
6-Jan-15,2040.00,2040.00,2030.10,2032.00,11517
5-Jan-15,2038.00,2046.55,2031.00,2031.00,31473
31-Dec-14,2049.00,2049.00,2044.00,2049.00,11265
30-Dec-14,2025.00,2046.00,2025.00,2044.00,34125
29-Dec-14,2030.00,2035.46,2025.00,2030.00,5580
24-Dec-14,2025.00,2035.36,2024.05,2033.00,5588
23-Dec-14,2015.00,2025.00,2014.00,2024.00,6288
22-Dec-14,2010.00,2024.00,2007.00,2017.00,17698
19-Dec-14,2012.00,2025.00,2010.00,2012.50,71597
18-Dec-14,2007.00,2021.00,2007.00,2014.00,23279
17-Dec-14,2015.00,2025.00,2011.00,2015.00,19311
16-Dec-14,2040.00,2047.92,2036.00,2043.00,20775
15-Dec-14,2037.00,2048.00,2036.00,2047.00,49735
12-Dec-14,2038.00,2050.20,2036.00,2041.00,44747
11-Dec-14,2036.00,2051.00,2036.00,2041.00,57632
10-Dec-14,2040.00,2053.00,2036.00,2053.00,23897
9-Dec-14,2016.00,2048.00,2016.00,2048.00,36942
8-Dec-14,2025.00,2035.00,2025.00,2030.00,15939
5-Dec-14,2025.00,2025.00,2020.00,2022.00,21694
4-Dec-14,2030.00,2035.99,2023.00,2028.00,31856
3-Dec-14,2030.00,2037.00,2025.00,2026.00,5515
2-Dec-14,2023.00,2036.00,2023.00,2034.00,9575
1-Dec-14,2026.00,2037.00,2024.00,2035.00,11450
28-Nov-14,2024.00,2039.00,2024.00,2037.00,19167
27-Nov-14,2021.00,2039.31,2021.00,2037.00,24654
26-Nov-14,2028.00,2037.00,2019.00,2034.00,28186
25-Nov-14,2030.00,2030.00,2015.00,2019.00,25028
24-Nov-14,2025.00,2030.00,2014.09,2025.00,37282
21-Nov-14,2020.00,2028.99,2020.00,2026.00,7451
20-Nov-14,2025.00,2027.67,2011.00,2025.00,41413
19-Nov-14,2020.00,2030.00,2013.01,2025.00,18477
18-Nov-14,2025.00,2029.00,2019.01,2029.00,4759
17-Nov-14,2010.00,2121.50,2010.00,2021.00,36897
14-Nov-14,2019.00,2023.48,2010.29,2015.00,44255
13-Nov-14,2030.00,2030.00,2010.01,2022.00,20163
12-Nov-14,2024.00,2028.00,2010.00,2019.00,56988
11-Nov-14,2019.00,2035.00,2014.00,2025.00,11515
10-Nov-14,2023.00,2028.65,2017.00,2023.00,6695
7-Nov-14,2022.00,2030.00,2018.00,2018.00,20937
6-Nov-14,2025.00,2029.90,2000.00,2025.00,20528
5-Nov-14,2000.00,2035.00,2000.00,2031.00,29170
4-Nov-14,2004.00,2016.00,2000.00,2010.00,8031
3-Nov-14,2007.00,2011.68,1998.00,2003.00,23297
31-Oct-14,1995.00,2005.00,1986.00,1986.00,57087
30-Oct-14,1990.00,1994.00,1973.01,1982.00,64574
29-Oct-14,1994.00,1994.00,1970.00,1972.00,106437
28-Oct-14,1983.00,1998.00,1983.00,1994.00,34291
27-Oct-14,1996.00,1997.00,1980.00,1983.00,31564
24-Oct-14,1991.00,1995.20,1981.00,1986.00,18058
23-Oct-14,1997.00,1997.00,1977.00,1987.00,42905
22-Oct-14,1992.00,1997.24,1984.00,1991.00,48764
21-Oct-14,2003.00,2009.00,1980.00,1988.00,48171
20-Oct-14,2018.00,2018.00,2006.20,2010.00,55443
17-Oct-14,2010.00,2015.00,1990.00,2015.00,93317
16-Oct-14,2005.00,2020.00,1985.00,1995.00,101003
15-Oct-14,2047.00,2047.00,1991.00,2017.00,93993
14-Oct-14,2050.00,2060.00,2040.00,2042.00,63873
13-Oct-14,2049.00,2062.00,2040.00,2045.00,52742
10-Oct-14,2054.00,2061.00,2040.00,2054.00,41026
9-Oct-14,2052.00,2062.00,2032.00,2062.00,31520
8-Oct-14,2064.00,2067.00,2050.00,2054.00,18061
7-Oct-14,2034.00,2064.00,2034.00,2056.00,14413
6-Oct-14,2049.00,2059.00,2039.00,2045.00,13237
3-Oct-14,2050.00,2050.00,2039.00,2043.00,6236
2-Oct-14,2050.00,2065.99,2030.00,2039.00,55067
1-Oct-14,2055.00,2065.00,2045.00,2050.00,31538
30-Sep-14,2020.00,2049.00,2020.00,2042.00,96327
29-Sep-14,2025.00,2029.00,2025.00,2029.00,54182
26-Sep-14,2025.00,2029.00,2025.00,2028.00,74510
25-Sep-14,2029.00,2029.00,2027.00,2027.00,48581
24-Sep-14,2050.00,2050.00,2025.00,2028.00,19392
23-Sep-14,2025.00,2040.20,2025.00,2028.00,15752
22-Sep-14,2029.00,2049.00,2028.00,2038.00,20875
19-Sep-14,2050.00,2054.00,2028.00,2036.00,99270
18-Sep-14,2025.00,2050.00,2025.00,2027.00,20174
17-Sep-14,2025.00,2032.00,2025.00,2031.00,45882
16-Sep-14,2007.00,2020.00,2003.00,2008.75,37291
15-Sep-14,1995.00,2017.00,1995.00,2010.00,22449
12-Sep-14,2013.00,2020.00,2008.00,2011.00,22205
11-Sep-14,2000.00,2016.00,2000.00,2010.00,17975
10-Sep-14,1980.00,2013.00,1980.00,2007.00,33949
9-Sep-14,1964.00,1969.00,1954.00,1965.00,46312
8-Sep-14,1964.00,1965.00,1948.00,1957.00,80422
5-Sep-14,1964.00,1972.99,1954.00,1964.00,52322
4-Sep-14,1960.00,1967.00,1946.00,1964.00,69545
3-Sep-14,1970.00,1972.00,1955.00,1964.90,9334
2-Sep-14,1962.00,1969.40,1953.00,1963.00,11332
1-Sep-14,1950.00,1966.00,1950.00,1964.00,17903
29-Aug-14,1964.00,1971.08,1964.00,1964.00,15599
28-Aug-14,1960.00,1970.75,1950.01,1964.00,52673
27-Aug-14,1938.00,1953.00,1938.00,1941.00,19500
26-Aug-14,1950.00,1950.15,1938.00,1938.00,18237
22-Aug-14,1936.00,1953.88,1936.00,1938.00,6976
21-Aug-14,1936.00,1945.00,1936.00,1938.00,23223
20-Aug-14,1938.00,1942.00,1935.00,1936.00,11574
19-Aug-14,1945.00,1954.00,1937.14,1941.00,34120
18-Aug-14,1963.00,1963.00,1939.00,1943.00,2008
15-Aug-14,1955.00,1955.00,1930.00,1939.00,51557
14-Aug-14,1962.00,1962.00,1940.00,1950.00,11642
13-Aug-14,1962.00,1964.00,1948.00,1953.00,6193
12-Aug-14,1974.00,1974.00,1957.95,1969.00,7097
11-Aug-14,1956.00,1971.00,1955.00,1971.00,27807
8-Aug-14,1965.00,1974.00,1954.00,1974.00,8111
7-Aug-14,1952.00,1967.00,1950.00,1962.00,31535
6-Aug-14,1953.00,1967.00,1942.00,1962.00,42293
5-Aug-14,1953.00,1955.26,1945.00,1953.00,30631
4-Aug-14,1953.00,1959.00,1944.00,1950.00,60429
1-Aug-14,1946.00,1955.00,1944.44,1953.00,57025
31-Jul-14,1942.00,1957.00,1942.00,1953.00,58217
30-Jul-14,1965.00,1965.00,1949.01,1952.00,9371
29-Jul-14,1950.00,1960.12,1946.80,1951.00,5588
28-Jul-14,1939.00,1957.32,1939.00,1947.00,4495
25-Jul-14,1954.00,1954.00,1943.01,1946.00,12469
24-Jul-14,1948.00,1956.24,1938.00,1946.00,36397
23-Jul-14,1946.00,1949.99,1938.00,1946.00,89784
22-Jul-14,1962.00,1962.00,1941.05,1942.00,13342
21-Jul-14,1942.00,1947.18,1942.00,1947.00,12216
18-Jul-14,1946.00,1954.40,1942.00,1942.00,16874
17-Jul-14,1955.00,1955.00,1945.00,1945.00,10006
16-Jul-14,1938.00,1949.00,1938.00,1945.00,8117
15-Jul-14,1957.00,1958.60,1941.00,1942.00,44601
14-Jul-14,1966.00,1966.25,1945.95,1945.95,39824
11-Jul-14,1957.00,1962.50,1957.00,1960.00,26751
10-Jul-14,1957.00,1963.60,1942.00,1957.00,59293
9-Jul-14,1942.00,1955.00,1942.00,1955.00,71644
8-Jul-14,1948.00,1952.00,1940.00,1951.00,23558
7-Jul-14,1949.00,1951.50,1940.00,1947.00,15103
4-Jul-14,1946.00,1954.00,1943.65,1949.00,11217
3-Jul-14,1953.00,1956.00,1941.00,1953.00,65059
2-Jul-14,1949.00,1955.00,1947.00,1950.00,14158
1-Jul-14,1945.00,1959.00,1941.00,1958.00,58324
30-Jun-14,1961.00,1962.00,1954.00,1959.35,13816
27-Jun-14,1958.00,1965.00,1952.00,1958.00,55362
26-Jun-14,1948.00,1960.00,1943.00,1958.00,50122
25-Jun-14,1950.00,1959.00,1943.00,1955.00,64416
24-Jun-14,1960.00,1963.20,1941.00,1950.00,76010
23-Jun-14,1950.00,1961.00,1941.00,1955.00,72938
20-Jun-14,1965.00,1970.00,1920.00,1920.00,425420
19-Jun-14,1953.00,1970.00,1950.00,1968.00,80597
18-Jun-14,1955.00,1955.00,1942.00,1953.00,45432
17-Jun-14,1945.00,1949.00,1934.00,1945.00,86870
16-Jun-14,1949.00,1949.00,1934.00,1939.00,64879
13-Jun-14,1940.00,1944.00,1930.00,1930.00,65808
12-Jun-14,1930.00,1949.00,1930.00,1949.00,50507
11-Jun-14,1950.00,1950.00,1932.00,1944.00,86344
10-Jun-14,1948.00,1950.00,1937.00,1948.30,49815
9-Jun-14,1929.00,1949.00,1929.00,1940.90,42810
6-Jun-14,1945.00,1949.00,1925.78,1948.00,59018
5-Jun-14,1940.00,1943.84,1919.00,1935.00,55947
4-Jun-14,1936.00,1956.00,1936.00,1947.00,13654
3-Jun-14,1953.00,1956.00,1935.00,1949.00,22030
2-Jun-14,1951.00,1955.00,1946.32,1948.00,8401
30-May-14,1954.00,1957.15,1948.00,1948.00,62960
29-May-14,1948.00,1958.00,1945.16,1950.00,32241
28-May-14,1948.00,1951.00,1944.00,1944.00,32964
27-May-14,1951.00,1952.19,1944.00,1944.00,30642
23-May-14,1944.00,1948.50,1935.00,1939.75,50942
22-May-14,1935.00,1949.00,1935.00,1944.00,11702
21-May-14,1946.00,1956.00,1941.00,1946.00,31118
20-May-14,1955.00,1957.00,1938.01,1945.00,19903
19-May-14,1947.00,1955.00,1943.00,1945.00,28094
16-May-14,1936.00,1950.00,1935.00,1946.00,57627
15-May-14,1947.00,1947.00,1935.00,1946.80,22796
14-May-14,1944.00,1951.04,1941.97,1946.00,10177
13-May-14,1940.00,1950.00,1940.00,1943.00,50175
12-May-14,1946.00,1957.38,1936.00,1936.00,16755
9-May-14,1946.00,1949.99,1945.00,1947.00,21862
8-May-14,1947.00,1956.00,1940.00,1946.00,53767
7-May-14,1950.00,1959.11,1945.00,1947.00,14475
6-May-14,1951.00,1971.20,1949.00,1949.00,9208
2-May-14,1950.00,1951.70,1940.00,1949.00,16409
1-May-14,1970.00,1970.00,1945.77,1947.00,6497
30-Apr-14,1963.00,1965.99,1945.55,1949.00,81926
29-Apr-14,1945.00,1964.10,1945.00,1953.00,8455
28-Apr-14,1955.00,1961.60,1950.00,1952.00,14360
25-Apr-14,1946.00,1955.00,1945.00,1952.00,9141
24-Apr-14,1951.00,1955.00,1946.00,1950.00,23536
23-Apr-14,1952.00,1953.56,1945.00,1945.00,14075
22-Apr-14,1947.00,1957.35,1942.00,1942.00,18400
17-Apr-14,1950.00,1959.45,1942.00,1947.00,14185
16-Apr-14,1946.00,1966.00,1945.00,1961.70,13896
15-Apr-14,1972.00,1973.55,1955.00,1966.00,63466
14-Apr-14,1965.00,1970.00,1960.00,1970.00,68074
11-Apr-14,1960.00,1971.99,1960.00,1969.00,69351
10-Apr-14,1966.00,1974.99,1965.00,1970.00,12992
9-Apr-14,1960.00,1975.00,1954.00,1971.00,36403
8-Apr-14,1955.00,1970.00,1955.00,1962.50,65254
7-Apr-14,1969.00,1969.00,1939.96,1960.00,34944
4-Apr-14,1957.00,1966.00,1949.41,1965.00,19678
3-Apr-14,1945.00,1965.00,1945.00,1956.60,25537
2-Apr-14,1933.00,1962.00,1933.00,1935.00,46150
1-Apr-14,1920.00,1935.00,1920.00,1932.00,206193
31-Mar-14,1926.00,1926.00,1920.00,1924.00,65358
28-Mar-14,1924.00,1926.00,1921.00,1922.20,48607
27-Mar-14,1924.00,1932.00,1924.00,1930.00,99232
26-Mar-14,1933.00,1935.00,1921.00,1924.00,45460
25-Mar-14,1930.00,1935.00,1924.00,1930.11,73282
24-Mar-14,1945.00,1945.00,1930.00,1931.00,34084
21-Mar-14,1940.00,1941.00,1930.00,1932.00,180203
20-Mar-14,1939.00,1947.00,1939.00,1944.00,28096
19-Mar-14,1935.00,1943.00,1935.00,1936.00,29008
18-Mar-14,1947.00,1950.00,1940.00,1947.00,65419
17-Mar-14,1941.00,1946.00,1941.00,1941.50,21024
14-Mar-14,1945.00,1950.00,1941.00,1945.00,26492
13-Mar-14,1947.00,1954.00,1945.00,1949.00,17014
12-Mar-14,1950.00,1953.00,1942.00,1946.50,44431
11-Mar-14,1958.00,1958.00,1943.00,1948.93,66503
10-Mar-14,1963.00,1967.00,1951.00,1953.00,13814
7-Mar-14,1966.00,1972.00,1962.00,1965.00,14776
6-Mar-14,1968.00,1970.00,1962.00,1966.00,12562
5-Mar-14,1953.00,1969.00,1953.00,1963.00,9563
4-Mar-14,1964.00,1974.00,1959.00,1972.30,8579
3-Mar-14,1954.00,1967.00,1954.00,1960.00,18453
28-Feb-14,1939.00,1981.00,1939.00,1980.00,88584
27-Feb-14,1940.00,1946.00,1937.00,1945.00,24856
26-Feb-14,1946.00,1950.00,1943.00,1946.00,39093
25-Feb-14,1957.00,1957.00,1943.00,1951.00,45192
24-Feb-14,1969.00,1978.00,1952.00,1959.00,20921
21-Feb-14,1965.00,1979.00,1960.00,1964.20,30498
20-Feb-14,1969.00,1983.00,1960.00,1967.90,8696
19-Feb-14,1969.00,1977.00,1969.00,1975.00,13486
18-Feb-14,1970.00,1981.00,1969.00,1976.00,42151
17-Feb-14,1984.00,1988.00,1970.00,1971.00,13766
14-Feb-14,1992.00,1992.00,1978.00,1979.00,23994
13-Feb-14,1980.00,2010.00,1980.00,1989.00,31447
12-Feb-14,2004.00,2004.00,1985.00,1990.00,36877
11-Feb-14,1992.00,2015.00,1992.00,2014.00,8715
10-Feb-14,1990.00,2014.00,1990.00,2010.00,11250
7-Feb-14,2016.00,2017.00,2000.00,2010.00,15218
6-Feb-14,2004.00,2019.00,2002.00,2016.00,10688
5-Feb-14,1988.00,2014.00,1988.00,2000.00,17915
4-Feb-14,1988.00,2013.00,1988.00,1998.00,8633
3-Feb-14,1995.00,2011.00,1995.00,2009.00,13887
31-Jan-14,2019.00,2019.00,2001.00,2002.00,21518
30-Jan-14,1995.00,2018.00,1992.00,2004.00,8046
29-Jan-14,2011.00,2011.00,1990.00,1991.00,26104
28-Jan-14,2026.00,2028.00,2010.00,2024.00,8227
27-Jan-14,2018.00,2038.00,2010.00,2010.00,12612
24-Jan-14,2019.00,2032.00,2015.00,2030.00,27455
23-Jan-14,2016.00,2035.00,2015.00,2024.50,106911
22-Jan-14,2035.00,2035.00,2018.00,2028.67,2972
21-Jan-14,2040.00,2040.00,2016.00,2016.00,39177
20-Jan-14,2052.00,2052.00,2030.00,2040.00,35107
17-Jan-14,2053.00,2061.00,2040.00,2040.00,8681
16-Jan-14,2075.00,2075.00,2045.00,2051.00,23996
15-Jan-14,2075.00,2075.00,2055.00,2060.00,21911
14-Jan-14,2064.00,2065.00,2050.00,2062.00,6377
13-Jan-14,2068.00,2068.00,2055.00,2054.00,12048
10-Jan-14,2050.00,2070.00,2050.00,2069.00,15622
9-Jan-14,2060.00,2064.00,2050.00,2060.00,23323
8-Jan-14,2085.00,2085.00,2061.00,2070.00,35234
7-Jan-14,2084.00,2084.00,2070.00,2078.00,19198
6-Jan-14,2085.00,2085.00,2075.00,2083.00,24294
3-Jan-14,2079.00,2089.00,2078.00,2088.00,7342
2-Jan-14,2076.00,2089.00,2076.00,2089.00,10383
31-Dec-13,2085.00,2090.00,2079.00,2079.00,15174
30-Dec-13,2066.00,2090.00,2066.00,2066.00,30972
27-Dec-13,2073.00,2077.00,2066.00,2066.00,5129
24-Dec-13,2074.00,2086.00,2067.00,2086.00,9947
23-Dec-13,2067.00,2090.00,2067.00,2068.00,9291
20-Dec-13,2075.00,2092.00,2068.00,2078.00,38146
19-Dec-13,2093.00,2094.00,2075.00,2093.00,11528
18-Dec-13,2094.00,2094.00,2070.00,2070.00,5543
17-Dec-13,2091.00,2093.00,2074.00,2090.00,16305
16-Dec-13,2076.00,2095.00,2076.00,2083.00,9950
13-Dec-13,2100.00,2100.00,2086.00,2090.00,50025
12-Dec-13,2081.00,2100.00,2080.00,2095.00,20072
11-Dec-13,2095.00,2095.00,2083.00,2094.20,6937
10-Dec-13,2078.00,2092.00,2078.00,2089.70,9502
9-Dec-13,2095.00,2095.00,2085.00,2094.66,6897
6-Dec-13,2095.00,2095.00,2080.00,2087.00,15102
5-Dec-13,2090.00,2110.00,2080.00,2080.00,43752
4-Dec-13,2100.00,2110.00,2095.00,2110.00,21674
3-Dec-13,2085.00,2116.00,2085.00,2103.00,68760
2-Dec-13,2092.00,2092.00,2077.00,2083.00,13243
29-Nov-13,2085.00,2092.00,2079.00,2092.00,5556
28-Nov-13,2058.00,2090.00,2058.00,2089.00,8063
27-Nov-13,2075.00,2085.00,2065.00,2073.00,7954
26-Nov-13,2070.00,2074.00,2064.00,2065.00,4236
25-Nov-13,2070.00,2070.00,2060.00,2061.00,7573
22-Nov-13,2078.00,2080.00,2060.00,2060.00,8531
21-Nov-13,2056.00,2079.00,2052.00,2058.00,58078
20-Nov-13,2045.00,2057.00,2045.00,2054.00,22758
19-Nov-13,2050.00,2050.00,2032.00,2041.00,24725
18-Nov-13,2046.00,2048.00,2034.00,2047.25,21974
15-Nov-13,2042.00,2043.00,2031.00,2033.00,8143
14-Nov-13,2039.00,2039.00,2020.00,2037.00,7467
13-Nov-13,2035.00,2045.00,2021.00,2022.00,60636
12-Nov-13,2045.00,2049.00,2042.00,2046.00,19958
11-Nov-13,2037.00,2050.00,2037.00,2039.00,9114
8-Nov-13,2035.00,2050.00,2025.00,2045.00,15912
7-Nov-13,2055.00,2055.00,2040.00,2040.00,9045
6-Nov-13,2060.00,2060.00,2046.00,2057.00,18958
5-Nov-13,2050.00,2060.00,2050.00,2059.00,36298
4-Nov-13,2070.00,2070.00,2056.00,2059.00,42297
1-Nov-13,2047.00,2065.00,2047.00,2057.00,37403
31-Oct-13,2073.00,2073.00,2050.00,2050.00,14969
30-Oct-13,2047.00,2080.00,2047.00,2070.00,13288
29-Oct-13,2090.00,2090.00,2061.00,2069.00,29377
28-Oct-13,2085.00,2089.00,2062.00,2084.50,11472
25-Oct-13,2068.00,2090.00,2068.00,2085.00,22670
24-Oct-13,2068.00,2070.00,2058.00,2060.00,11659
23-Oct-13,2059.99,2070.00,2040.00,2058.00,18910
22-Oct-13,2030.00,2060.00,2022.00,2047.01,46664
21-Oct-13,2030.00,2030.00,2013.00,2026.00,6192
18-Oct-13,2045.00,2045.00,2020.00,2030.00,39844
17-Oct-13,2032.00,2045.00,2029.00,2044.00,8771
16-Oct-13,2050.00,2050.00,2030.00,2048.00,8938
15-Oct-13,2064.00,2064.00,2025.00,2048.00,15643
14-Oct-13,2069.00,2069.00,2052.00,2054.00,5431
11-Oct-13,2066.00,2074.00,2056.00,2056.00,14960
10-Oct-13,2089.00,2089.00,2078.00,2086.50,16157
9-Oct-13,2090.00,2099.00,2072.00,2090.00,25421
8-Oct-13,2109.00,2109.00,2084.00,2098.00,6577
7-Oct-13,2115.00,2115.00,2085.00,2095.00,11580
4-Oct-13,2111.00,2124.00,2091.00,2095.00,16934
3-Oct-13,2120.00,2135.00,2120.00,2121.00,7513
2-Oct-13,2135.00,2137.00,2118.00,2120.00,23104
1-Oct-13,2139.00,2140.00,2119.00,2120.00,14380
30-Sep-13,2139.00,2140.00,2121.00,2132.00,20362
27-Sep-13,2140.00,2145.00,2134.00,2145.00,7735
26-Sep-13,2135.00,2140.00,2127.00,2135.00,19223
25-Sep-13,2132.00,2135.00,2120.00,2133.00,12871
24-Sep-13,2111.00,2135.00,2111.00,2125.00,12580
20-Sep-13,2125.00,2146.00,2125.00,2149.00,47981
19-Sep-13,2155.00,2155.00,2126.00,2129.00,28401
18-Sep-13,2132.00,2153.00,2132.00,2144.00,4436
17-Sep-13,2155.00,2155.00,2128.00,2128.00,25801
16-Sep-13,2150.00,2155.00,2143.00,2155.00,20161
13-Sep-13,2148.00,2148.00,2140.00,2145.00,5612
12-Sep-13,2148.00,2148.00,2141.00,2148.00,4194
11-Sep-13,2148.00,2149.00,2138.00,2140.00,9864
10-Sep-13,2150.00,2150.00,2137.00,2149.00,5599
9-Sep-13,2145.00,2162.00,2144.00,2142.00,8641
6-Sep-13,2135.00,2150.00,2135.00,2150.00,7435
5-Sep-13,2164.00,2164.00,2144.00,2154.00,4913
4-Sep-13,2146.00,2168.00,2145.00,2165.00,13492
3-Sep-13,2160.00,2165.00,2145.00,2160.00,11996
2-Sep-13,2165.00,2165.00,2151.00,2151.00,12875
30-Aug-13,2143.00,2165.00,2143.00,2158.20,24021
29-Aug-13,2144.00,2159.00,2143.00,2159.00,17109
28-Aug-13,2141.00,2155.00,2141.00,2155.00,27087
27-Aug-13,2145.00,2160.00,2145.00,2158.00,3754
23-Aug-13,2160.00,2160.00,2150.00,2160.00,3850
22-Aug-13,2159.00,2160.00,2147.00,2159.00,4435
21-Aug-13,2155.00,2160.00,2140.00,2159.91,25233
20-Aug-13,2160.00,2160.00,2141.00,2150.00,8830
19-Aug-13,2159.00,2160.00,2151.00,2159.00,7730
16-Aug-13,2153.00,2160.00,2150.00,2150.00,8697
15-Aug-13,2150.00,2156.00,2136.00,2152.00,31579
14-Aug-13,2155.00,2168.00,2155.00,2164.00,22027
13-Aug-13,2185.00,2190.00,2160.00,2181.50,18410
12-Aug-13,2182.00,2185.00,2173.00,2185.00,22925
9-Aug-13,2165.00,2185.00,2165.00,2181.00,17133
8-Aug-13,2177.00,2185.00,2167.00,2184.00,10193
7-Aug-13,2188.00,2190.00,2170.00,2178.50,4882
6-Aug-13,2197.00,2198.00,2182.00,2187.00,69048
5-Aug-13,2200.00,2200.00,2187.00,2185.00,17596
2-Aug-13,2193.00,2199.00,2172.00,2193.00,44932
1-Aug-13,2172.00,2200.00,2166.00,2188.00,27087
31-Jul-13,2200.00,2200.00,2171.00,2174.00,23316
30-Jul-13,2217.00,2219.00,2205.00,2219.00,4815
29-Jul-13,2220.00,2229.00,2210.00,2220.00,14320
26-Jul-13,2219.00,2220.00,2210.00,2217.00,10937
25-Jul-13,2219.00,2220.00,2210.00,2217.00,18642
24-Jul-13,2215.00,2230.00,2208.00,2219.00,18220
23-Jul-13,2199.00,2220.00,2192.00,2213.00,49158
22-Jul-13,2200.00,2200.00,2173.00,2200.00,20370
19-Jul-13,2190.00,2201.76,2172.00,2183.00,2895
18-Jul-13,2205.00,2205.00,2179.09,2195.00,2192
17-Jul-13,2197.00,2210.00,2180.00,2202.80,16426
16-Jul-13,2214.00,2215.00,2200.00,2202.80,13185
15-Jul-13,2239.00,2239.00,2195.00,2198.90,29316
12-Jul-13,2230.00,2230.00,2211.01,2222.00,1848
11-Jul-13,2223.00,2244.00,2210.00,2211.00,49406
10-Jul-13,2224.00,2224.00,2210.00,2222.00,23750
9-Jul-13,2207.00,2218.00,2199.00,2211.00,12195
8-Jul-13,2219.00,2220.00,2196.24,2212.00,18939
5-Jul-13,2220.00,2220.00,2210.00,2217.00,24570
4-Jul-13,2210.00,2219.00,2200.00,2217.00,23723
3-Jul-13,2195.00,2218.00,2190.00,2218.00,15689
2-Jul-13,2215.00,2220.00,2204.40,2217.00,33268
1-Jul-13,2215.00,2219.99,2214.98,2219.00,30508
28-Jun-13,2215.00,2220.00,2210.00,2216.00,23353
27-Jun-13,2210.00,2215.00,2190.00,2215.00,32856
26-Jun-13,2235.00,2250.00,2210.00,2211.00,39084
25-Jun-13,2250.00,2250.00,2235.00,2243.50,63796
24-Jun-13,2259.00,2259.00,2238.00,2251.00,101136
21-Jun-13,2240.00,2266.00,2230.00,2259.00,148527
20-Jun-13,2230.00,2245.00,2220.00,2245.00,80578
19-Jun-13,2220.00,2239.00,2206.00,2239.00,66313
18-Jun-13,2200.00,2238.00,2195.70,2238.00,64066
17-Jun-13,2175.00,2204.00,2160.00,2196.00,57510
14-Jun-13,2168.00,2175.00,2151.00,2173.00,11731
13-Jun-13,2190.00,2190.00,2154.00,2170.00,17881
12-Jun-13,2227.00,2227.00,2168.11,2188.00,31157
11-Jun-13,2255.00,2265.00,2229.00,2229.00,12114
10-Jun-13,2264.00,2265.40,2238.80,2246.00,5675
7-Jun-13,2237.00,2258.00,2233.21,2257.00,18489
6-Jun-13,2280.00,2280.00,2239.00,2239.00,27611
5-Jun-13,2320.00,2320.00,2283.00,2283.00,20021
4-Jun-13,2335.00,2335.00,2296.82,2300.00,27404
3-Jun-13,2327.00,2344.00,2315.00,2325.00,4502
31-May-13,2349.00,2349.00,2326.00,2327.00,12110
30-May-13,2355.00,2355.00,2332.00,2349.00,9914
29-May-13,2385.00,2385.00,2335.00,2353.00,12828
28-May-13,2375.00,2385.00,2355.00,2378.00,17116
24-May-13,2346.00,2374.00,2346.00,2361.00,12159
23-May-13,2403.00,2403.00,2345.00,2350.00,13707
22-May-13,2375.00,2410.00,2356.44,2410.00,33289
21-May-13,2315.00,2372.60,2315.00,2370.00,26642
20-May-13,2335.00,2340.00,2311.00,2340.00,8969
17-May-13,2300.00,2335.00,2300.00,2335.00,41735
16-May-13,2290.00,2315.00,2290.00,2315.00,29573
15-May-13,2305.00,2305.00,2293.60,2300.00,24708
14-May-13,2280.00,2305.00,2270.70,2305.00,55204
13-May-13,2280.00,2280.00,2263.36,2273.00,34071
10-May-13,2250.00,2279.00,2250.00,2279.00,31594
9-May-13,2256.00,2258.99,2243.00,2256.00,7884
8-May-13,2257.00,2257.00,2241.00,2245.00,74894
7-May-13,2256.00,2256.00,2240.01,2245.00,25338
3-May-13,2259.00,2259.00,2240.00,2245.00,12588
2-May-13,2258.00,2260.00,2240.00,2245.00,36903
1-May-13,2243.42,2258.00,2236.00,2258.00,32957
30-Apr-13,2255.00,2255.00,2230.00,2234.00,21373
29-Apr-13,2247.00,2253.50,2231.00,2238.00,5926
26-Apr-13,2250.00,2255.00,2234.64,2242.00,7749
25-Apr-13,2241.00,2260.00,2227.00,2230.00,26188
24-Apr-13,2237.00,2255.00,2236.00,2255.00,32045
23-Apr-13,2230.00,2250.00,2216.00,2246.00,19987
22-Apr-13,2213.00,2225.00,2199.00,2220.00,40437
19-Apr-13,2182.00,2210.00,2182.00,2201.00,16349
18-Apr-13,2180.00,2200.00,2180.00,2192.00,36806
17-Apr-13,2160.00,2175.00,2147.60,2175.00,29489
16-Apr-13,2140.00,2155.00,2126.00,2155.00,18108
15-Apr-13,2131.00,2150.00,2124.40,2145.00,23575
12-Apr-13,2135.00,2155.00,2124.50,2139.00,13597
11-Apr-13,2130.00,2139.00,2119.00,2139.00,23114
10-Apr-13,2106.00,2131.00,2106.00,2123.00,20849
9-Apr-13,2113.00,2129.00,2085.95,2129.00,17497
8-Apr-13,2120.00,2120.00,2102.68,2110.00,12198
5-Apr-13,2114.00,2114.00,2100.00,2110.00,11362
4-Apr-13,2102.00,2119.00,2090.00,2097.00,20353
3-Apr-13,2120.00,2120.00,2104.67,2119.00,15569
2-Apr-13,2090.00,2120.00,2084.00,2119.00,20063
28-Mar-13,2095.00,2100.00,2082.00,2090.00,42574
27-Mar-13,2105.00,2105.00,2085.00,2085.00,12721
26-Mar-13,2110.00,2110.00,2091.00,2109.00,20328
25-Mar-13,2090.00,2110.00,2090.00,2105.00,16399
22-Mar-13,2091.00,2110.00,2090.00,2109.00,22803
21-Mar-13,2100.00,2112.00,2084.00,2104.00,25010
20-Mar-13,2114.00,2114.00,2095.00,2095.00,3664
19-Mar-13,2114.00,2114.00,2098.82,2114.00,4671
18-Mar-13,2110.00,2115.00,2093.00,2113.00,16300
15-Mar-13,2100.00,2110.00,2085.00,2109.00,55558
14-Mar-13,2100.00,2100.00,2085.00,2095.00,15731
13-Mar-13,2062.00,2099.00,2062.00,2097.00,11725
12-Mar-13,2060.00,2078.00,2040.00,2078.00,19836
11-Mar-13,2046.00,2060.00,2041.91,2050.00,17451
8-Mar-13,2050.00,2060.00,2036.00,2059.00,44062
7-Mar-13,2020.00,2047.00,2002.90,2040.00,41258
6-Mar-13,2001.00,2020.00,2001.00,2012.00,19697
5-Mar-13,2008.00,2019.00,2000.01,2003.00,14466
4-Mar-13,1995.00,2008.00,1992.00,2008.00,15830
1-Mar-13,1999.20,2005.00,1990.00,2002.00,6487
28-Feb-13,2000.00,2004.00,1995.00,2004.00,19417
27-Feb-13,2005.00,2005.00,1996.00,2005.00,14111
26-Feb-13,1999.00,2010.00,1985.00,2005.00,42862
25-Feb-13,1998.00,2000.00,1985.00,1985.00,58550
22-Feb-13,2000.00,2000.00,1986.00,1998.00,22626
21-Feb-13,1985.00,2000.00,1984.00,1984.00,24219
20-Feb-13,1985.00,2000.00,1985.00,1992.00,44824
19-Feb-13,1995.00,2000.00,1985.00,1987.00,14059
18-Feb-13,1983.00,2000.00,1983.00,1983.00,7709
15-Feb-13,1980.00,1997.00,1980.00,1997.00,42860
14-Feb-13,1985.00,1998.00,1980.00,1985.00,16657
13-Feb-13,1986.00,1999.00,1986.00,1999.00,4213
12-Feb-13,1994.00,2000.00,1986.00,1993.00,20498
11-Feb-13,1986.00,1999.00,1985.00,1985.00,18899
8-Feb-13,1985.00,1999.00,1985.00,1990.00,4938
7-Feb-13,1999.00,2000.00,1985.00,1986.00,11314
6-Feb-13,2002.00,2002.00,1985.00,1995.00,14810
5-Feb-13,2000.00,2000.00,1985.59,1995.00,7084
4-Feb-13,1990.00,2000.00,1985.00,1985.00,6492
1-Feb-13,1999.00,2002.00,1982.00,1996.00,24171
31-Jan-13,1991.00,2000.00,1988.00,1988.00,18353
30-Jan-13,1991.00,2005.00,1991.00,1991.00,47220
29-Jan-13,1995.00,2000.68,1987.00,1999.00,19966
28-Jan-13,1986.00,2006.00,1986.00,1998.00,14860
25-Jan-13,2012.00,2015.00,1987.00,2010.60,20146
24-Jan-13,2015.00,2015.00,2002.00,2002.00,12172
23-Jan-13,2006.00,2015.32,2003.00,2009.00,19138
22-Jan-13,2008.00,2012.46,2005.00,2009.00,11768
21-Jan-13,2009.00,2014.00,2005.00,2009.00,16980
18-Jan-13,2020.00,2020.00,2006.16,2007.00,10797
17-Jan-13,2003.00,2020.00,2003.00,2013.00,16772
16-Jan-13,2003.00,2020.00,2003.00,2014.00,13395
15-Jan-13,2003.00,2015.00,2003.00,2005.00,7897
14-Jan-13,2020.00,2020.00,2004.00,2004.00,16390
11-Jan-13,2010.00,2019.00,2006.00,2006.00,25892
10-Jan-13,2010.00,2019.99,2010.00,2010.00,14158
9-Jan-13,2020.00,2020.00,2010.00,2019.00,6256
8-Jan-13,2011.00,2020.00,2002.00,2019.00,17550
7-Jan-13,1997.00,2015.00,1993.20,2015.00,8161
4-Jan-13,1999.00,2009.00,1997.00,1997.00,16758
3-Jan-13,1970.00,1999.00,1967.10,1987.00,20324
2-Jan-13,1950.00,1973.00,1950.00,1962.00,10531
