31-Dec-15,307.50,322.20,307.50,319.30,31223
30-Dec-15,309.00,310.00,307.50,309.00,5175
29-Dec-15,309.20,310.00,306.00,310.00,14408
24-Dec-15,309.00,310.00,305.30,306.00,16706
23-Dec-15,302.90,310.00,299.45,308.90,31861
22-Dec-15,305.00,305.00,300.50,305.00,72668
21-Dec-15,292.00,304.90,292.00,300.00,43690
18-Dec-15,311.30,318.00,294.50,294.50,154885
16-Dec-15,297.00,310.00,294.60,310.00,49836
15-Dec-15,284.40,301.00,283.00,300.00,57322
14-Dec-15,278.50,283.50,274.10,275.50,31790
11-Dec-15,280.00,282.20,274.20,274.20,25702
10-Dec-15,277.60,283.50,277.60,278.10,13336
9-Dec-15,287.00,287.00,274.60,279.40,25136
8-Dec-15,277.00,284.10,277.00,284.00,49880
7-Dec-15,284.00,285.10,276.00,281.80,29235
4-Dec-15,279.40,286.90,279.40,284.60,20240
3-Dec-15,280.00,287.00,278.62,280.90,41585
2-Dec-15,278.00,282.90,276.50,281.80,22164
1-Dec-15,272.00,282.50,272.00,282.50,40167
30-Nov-15,279.10,281.90,273.90,275.20,29453
27-Nov-15,279.10,282.60,275.50,277.50,22525
26-Nov-15,282.00,283.00,272.00,283.00,16616
25-Nov-15,277.00,280.00,273.60,274.00,19722
24-Nov-15,273.00,280.70,272.50,273.00,115485
23-Nov-15,272.00,272.10,265.00,265.00,70824
20-Nov-15,270.00,274.70,265.00,274.70,68138
19-Nov-15,271.10,272.00,266.60,267.60,77823
18-Nov-15,276.00,276.00,271.10,271.10,30018
17-Nov-15,275.20,277.00,271.10,271.10,57302
16-Nov-15,278.00,278.00,275.20,275.20,13472
13-Nov-15,273.90,280.80,272.56,275.70,15989
12-Nov-15,278.00,279.70,273.60,273.90,39715
11-Nov-15,280.00,283.70,278.00,278.20,68496
10-Nov-15,287.00,287.00,280.10,281.60,7892
9-Nov-15,282.00,283.70,280.10,282.70,5613
6-Nov-15,278.70,285.00,278.10,285.00,38284
5-Nov-15,278.00,287.31,278.00,278.10,18096
4-Nov-15,288.30,288.30,278.00,286.80,26363
3-Nov-15,278.00,284.87,278.00,278.30,15614
2-Nov-15,278.10,287.00,278.00,280.00,19460
30-Oct-15,280.00,287.00,280.00,280.10,23117
29-Oct-15,278.50,287.10,278.50,280.30,72173
28-Oct-15,284.00,287.00,280.10,283.50,24784
27-Oct-15,289.00,289.47,282.93,284.00,61736
26-Oct-15,276.90,283.40,275.70,277.00,66656
23-Oct-15,271.10,281.90,270.40,281.00,28175
22-Oct-15,270.50,281.90,270.10,281.10,42725
21-Oct-15,280.70,280.70,271.40,272.80,25279
20-Oct-15,279.90,279.90,272.00,273.30,18022
19-Oct-15,278.00,282.98,270.00,273.30,54929
16-Oct-15,278.20,281.10,278.20,278.60,15203
15-Oct-15,282.20,288.50,281.70,285.20,21077
14-Oct-15,296.30,296.30,279.40,283.30,56091
13-Oct-15,287.10,292.20,286.40,286.60,58995
12-Oct-15,286.10,290.00,286.10,287.00,32552
9-Oct-15,297.00,297.00,286.10,286.10,49039
8-Oct-15,296.90,296.90,286.50,287.60,70001
7-Oct-15,298.40,298.40,288.30,293.00,39989
6-Oct-15,300.00,300.00,289.70,290.10,52216
5-Oct-15,298.40,298.40,290.00,290.00,6632
2-Oct-15,288.60,299.00,288.02,292.90,16097
1-Oct-15,296.60,299.00,294.00,299.00,13249
30-Sep-15,297.30,299.00,287.57,293.00,61476
29-Sep-15,295.00,298.80,288.00,289.50,48832
28-Sep-15,295.00,305.00,295.00,300.00,51779
25-Sep-15,294.00,303.90,294.00,298.00,30335
24-Sep-15,297.00,303.60,293.60,297.00,89300
23-Sep-15,305.00,312.80,300.00,309.80,195938
22-Sep-15,320.00,320.00,309.30,310.00,75549
21-Sep-15,315.00,319.90,309.90,316.00,95986
18-Sep-15,310.50,323.22,310.25,320.25,2568303
17-Sep-15,311.00,319.75,311.00,319.00,36475
16-Sep-15,318.00,321.09,314.50,316.00,114317
15-Sep-15,336.00,336.00,320.50,326.00,18880
14-Sep-15,334.00,338.00,328.91,330.50,72310
11-Sep-15,331.75,337.92,327.50,333.00,18390
10-Sep-15,335.25,339.50,327.75,331.00,31182
9-Sep-15,342.50,355.45,333.25,335.50,18381
8-Sep-15,353.00,353.00,336.93,342.00,33831
7-Sep-15,345.00,353.00,345.00,348.50,28685
4-Sep-15,355.00,355.00,349.75,353.50,58502
3-Sep-15,345.00,356.00,344.00,352.75,132434
2-Sep-15,343.00,345.00,336.24,345.00,55320
1-Sep-15,339.50,343.82,338.25,339.75,75689
28-Aug-15,329.25,342.50,328.51,342.50,83835
27-Aug-15,310.00,332.00,310.00,328.25,111773
26-Aug-15,310.00,325.00,308.50,325.00,155445
25-Aug-15,303.25,321.00,298.63,310.00,146619
24-Aug-15,310.00,313.00,294.25,303.75,84608
21-Aug-15,315.00,319.75,310.00,316.50,56998
20-Aug-15,316.00,318.00,310.50,310.75,23667
19-Aug-15,316.00,320.00,316.00,316.00,11715
18-Aug-15,315.00,323.00,315.00,316.00,11841
17-Aug-15,320.00,321.50,315.75,319.75,22717
14-Aug-15,310.00,327.62,310.00,320.00,71137
13-Aug-15,310.00,320.00,310.00,320.00,25945
12-Aug-15,315.00,318.00,313.00,318.00,21408
11-Aug-15,310.00,317.75,310.00,314.50,41029
10-Aug-15,310.00,316.06,310.00,311.75,15712
7-Aug-15,310.75,317.75,310.75,317.00,44770
6-Aug-15,312.75,317.25,310.25,317.25,49030
5-Aug-15,300.00,318.50,300.00,317.25,68151
4-Aug-15,302.00,310.00,300.13,310.00,43522
3-Aug-15,300.00,302.50,300.00,302.00,34044
31-Jul-15,305.00,305.00,300.75,300.75,20337
30-Jul-15,301.00,305.75,300.25,301.50,25231
29-Jul-15,303.50,310.00,302.00,306.50,57466
28-Jul-15,295.50,299.75,295.50,297.75,9636
27-Jul-15,296.50,297.75,295.25,297.00,12334
24-Jul-15,302.00,302.00,296.75,299.50,23666
23-Jul-15,299.25,301.00,296.75,300.00,234351
22-Jul-15,295.00,303.00,295.00,300.00,103146
21-Jul-15,300.00,300.00,295.25,297.50,22079
20-Jul-15,300.00,300.00,295.25,295.50,25589
17-Jul-15,305.00,305.00,296.75,299.00,71543
16-Jul-15,299.75,300.25,294.75,300.00,96339
15-Jul-15,302.25,302.25,295.00,299.00,53110
14-Jul-15,301.75,302.25,296.00,296.25,47580
13-Jul-15,305.00,305.00,295.25,295.25,23997
10-Jul-15,301.25,305.00,299.75,303.00,44039
9-Jul-15,303.75,303.75,291.62,293.25,53349
8-Jul-15,300.75,303.75,295.94,297.75,20069
7-Jul-15,298.00,302.88,296.75,297.25,17391
6-Jul-15,295.50,304.75,295.50,304.00,35820
3-Jul-15,300.00,304.25,299.75,302.50,57405
2-Jul-15,300.50,301.97,294.38,297.25,61987
1-Jul-15,296.50,303.09,295.75,300.50,31834
30-Jun-15,293.00,293.00,289.00,293.00,27263
29-Jun-15,280.50,292.50,280.50,290.75,85265
26-Jun-15,288.50,295.00,286.63,293.75,60093
25-Jun-15,286.00,293.00,286.00,288.25,34355
24-Jun-15,291.75,292.00,286.00,292.00,49605
23-Jun-15,290.00,294.75,289.75,290.00,220479
22-Jun-15,290.00,290.00,281.50,289.25,260249
19-Jun-15,289.00,300.00,286.50,295.00,2651887
18-Jun-15,285.00,290.00,285.00,290.00,70311
17-Jun-15,288.75,292.00,286.00,286.00,85192
16-Jun-15,283.00,293.25,283.00,289.00,366002
15-Jun-15,280.00,285.60,280.00,284.75,129660
12-Jun-15,280.00,287.25,280.00,281.00,146415
11-Jun-15,287.00,287.00,277.00,283.94,220956
10-Jun-15,288.00,288.00,279.90,282.75,305914
9-Jun-15,282.00,287.19,280.35,285.00,34637
8-Jun-15,285.50,287.36,281.00,282.50,60331
5-Jun-15,285.50,288.00,285.00,288.00,37105
4-Jun-15,288.00,288.00,285.00,288.00,19527
3-Jun-15,290.00,290.00,285.00,288.00,56025
2-Jun-15,286.00,288.50,285.15,288.00,60813
1-Jun-15,285.50,288.00,285.50,286.50,114023
29-May-15,288.00,288.00,285.25,285.50,56961
28-May-15,288.00,288.00,286.44,288.00,36494
27-May-15,285.00,287.55,285.00,287.00,6043
26-May-15,287.50,288.00,283.44,288.00,21442
22-May-15,288.00,288.00,285.25,287.00,294011
21-May-15,286.50,291.19,285.80,288.00,84509
20-May-15,290.00,294.16,286.25,288.00,82453
19-May-15,295.00,295.00,286.00,287.25,144801
18-May-15,287.00,294.38,285.64,288.25,98550
15-May-15,308.00,308.25,287.00,287.62,613491
14-May-15,320.00,320.00,314.00,320.00,4851
13-May-15,315.00,320.00,313.00,320.00,15078
12-May-15,320.00,320.00,312.00,315.00,8370
11-May-15,311.00,319.08,311.00,314.75,9451
8-May-15,319.00,322.75,311.00,313.25,133678
7-May-15,305.00,315.00,298.05,313.25,23538
6-May-15,296.50,302.25,295.00,301.50,5787
5-May-15,299.25,299.75,295.94,297.00,6563
1-May-15,296.25,304.75,296.25,300.00,111483
30-Apr-15,300.00,300.00,297.00,297.00,26084
29-Apr-15,294.50,299.00,293.25,298.25,21086
28-Apr-15,294.50,300.00,293.00,300.00,8774
27-Apr-15,295.00,300.00,292.94,300.00,16581
24-Apr-15,292.00,297.25,292.00,293.87,1393
23-Apr-15,292.50,299.40,290.00,292.00,32015
22-Apr-15,290.00,294.75,290.00,292.00,4457
21-Apr-15,291.75,294.51,291.25,292.00,6262
20-Apr-15,300.00,300.00,290.25,290.75,6048
17-Apr-15,296.50,296.50,291.31,292.75,2590
16-Apr-15,297.00,297.00,290.75,296.00,13301
15-Apr-15,297.75,297.75,290.25,290.25,723
14-Apr-15,298.00,300.00,293.25,300.00,6978
13-Apr-15,293.50,296.80,290.25,295.50,7555
10-Apr-15,295.00,295.00,290.25,290.25,1730
9-Apr-15,288.00,295.00,288.00,291.75,20337
8-Apr-15,287.25,296.00,287.00,292.00,80665
7-Apr-15,297.00,297.00,286.00,287.00,9831
2-Apr-15,287.00,297.00,286.75,297.00,38684
1-Apr-15,280.00,287.50,274.00,287.50,75735
31-Mar-15,274.50,280.00,274.00,280.00,16195
30-Mar-15,280.00,280.00,270.24,275.00,86764
27-Mar-15,273.00,278.25,271.25,275.00,10545
26-Mar-15,278.00,283.41,272.75,276.00,51640
25-Mar-15,283.68,283.95,280.00,280.00,0
24-Mar-15,284.75,284.75,280.00,282.36,1366
23-Mar-15,282.00,286.75,278.44,285.00,14401
20-Mar-15,277.00,285.31,272.52,280.00,45425
19-Mar-15,272.00,280.00,271.75,271.75,44514
18-Mar-15,272.50,275.00,269.15,269.50,784
17-Mar-15,266.00,275.00,266.00,275.00,1907
16-Mar-15,272.00,275.00,268.70,270.25,12525
13-Mar-15,273.50,274.50,267.00,269.00,5357
12-Mar-15,273.50,276.75,273.50,273.50,3452
11-Mar-15,270.00,276.50,270.00,273.50,5338
10-Mar-15,271.00,276.00,270.50,271.75,15587
9-Mar-15,267.00,277.00,267.00,277.00,1171
6-Mar-15,270.00,276.75,269.41,274.00,14095
5-Mar-15,267.00,276.75,267.00,276.75,17204
4-Mar-15,266.00,274.70,266.00,267.00,17335
3-Mar-15,266.00,274.25,266.00,271.00,65033
2-Mar-15,267.50,280.00,266.00,275.00,118333
27-Feb-15,261.00,264.34,260.51,263.50,53909
26-Feb-15,260.00,262.00,254.00,260.00,124038
25-Feb-15,253.00,261.75,250.75,260.00,83209
24-Feb-15,250.00,255.00,250.00,253.00,29747
23-Feb-15,250.75,256.00,250.00,254.00,8919
20-Feb-15,250.00,256.00,250.00,255.00,8335
19-Feb-15,250.00,256.00,250.00,251.50,14344
18-Feb-15,253.00,257.00,253.00,253.50,11643
17-Feb-15,251.50,254.50,251.50,252.72,10641
16-Feb-15,247.75,254.50,247.75,252.00,27468
13-Feb-15,250.00,251.25,246.00,246.00,6771
12-Feb-15,255.00,255.70,246.75,250.00,77341
11-Feb-15,255.00,258.00,255.00,255.00,6095
10-Feb-15,253.00,260.00,252.25,259.00,35430
9-Feb-15,250.00,254.29,250.00,253.00,18642
6-Feb-15,255.25,257.10,250.00,250.00,12860
5-Feb-15,257.00,260.00,254.75,257.39,4044
4-Feb-15,257.00,258.40,257.00,257.00,878
3-Feb-15,257.00,262.75,257.00,260.00,35204
2-Feb-15,257.00,260.00,254.00,258.75,11380
30-Jan-15,255.00,255.50,252.45,255.00,27275
29-Jan-15,255.00,257.10,255.00,255.00,2376
28-Jan-15,257.00,258.00,257.00,258.00,7371
27-Jan-15,256.00,259.00,256.00,257.00,23596
26-Jan-15,255.00,256.75,255.00,256.00,4154
23-Jan-15,253.50,260.00,252.38,259.00,25345
22-Jan-15,250.00,255.00,249.80,254.00,14332
21-Jan-15,260.00,260.25,249.25,250.85,53921
20-Jan-15,264.00,266.56,260.00,260.00,29141
19-Jan-15,264.00,266.00,262.32,264.00,14088
16-Jan-15,262.00,267.13,261.00,263.75,9062
15-Jan-15,265.25,268.48,265.00,268.00,19852
14-Jan-15,268.25,270.00,267.35,269.00,6658
13-Jan-15,264.00,270.25,264.00,268.50,94803
12-Jan-15,268.00,268.00,262.00,264.00,14102
9-Jan-15,270.50,273.48,263.20,264.00,60459
8-Jan-15,277.00,277.00,270.00,270.00,50152
7-Jan-15,276.00,276.00,272.00,272.00,49160
6-Jan-15,274.00,284.00,270.00,276.00,93111
5-Jan-15,275.00,277.78,272.25,274.00,26905
31-Dec-14,278.00,280.29,275.80,278.75,17333
30-Dec-14,276.75,278.00,275.78,278.00,5898
29-Dec-14,277.00,280.00,276.90,278.00,7739
24-Dec-14,277.00,277.75,277.00,277.00,8120
23-Dec-14,278.00,282.00,276.00,277.00,19038
22-Dec-14,275.00,278.00,275.00,277.00,25752
19-Dec-14,278.00,280.00,275.50,278.00,352562
18-Dec-14,274.00,277.00,274.00,276.75,4825
17-Dec-14,277.00,277.00,272.00,272.00,9833
16-Dec-14,275.00,279.00,275.00,279.00,43634
15-Dec-14,275.00,278.00,272.00,276.75,111783
12-Dec-14,283.00,286.28,270.00,277.00,106014
11-Dec-14,287.00,294.00,285.00,288.25,78361
10-Dec-14,286.00,290.75,280.00,290.00,95555
9-Dec-14,288.00,288.00,280.25,285.00,161303
8-Dec-14,300.00,300.00,288.25,288.25,54610
5-Dec-14,305.50,308.75,305.40,308.00,11707
4-Dec-14,304.00,307.00,302.00,306.00,40191
3-Dec-14,304.00,305.50,300.63,304.75,31725
2-Dec-14,304.75,304.75,300.00,301.50,48822
1-Dec-14,303.00,305.00,290.00,305.00,127834
28-Nov-14,307.00,307.00,302.75,305.00,15344
27-Nov-14,307.00,309.50,305.00,309.50,31854
26-Nov-14,304.00,307.00,300.25,305.00,10065
25-Nov-14,304.50,305.92,301.71,305.00,9310
24-Nov-14,303.00,305.00,301.62,304.75,26153
21-Nov-14,300.00,304.00,297.29,302.00,33533
20-Nov-14,297.00,301.75,297.00,301.50,70450
19-Nov-14,293.25,297.00,293.25,297.00,3020
18-Nov-14,292.00,295.50,290.50,295.00,6892
17-Nov-14,292.00,293.60,291.14,292.00,218
14-Nov-14,294.00,297.00,294.00,297.00,1622
13-Nov-14,294.00,298.00,291.43,297.00,4415
12-Nov-14,297.00,299.75,292.00,299.00,8683
11-Nov-14,285.00,298.00,283.48,297.00,76968
10-Nov-14,283.00,284.00,280.75,283.75,5982
7-Nov-14,290.00,290.00,280.00,284.00,59127
6-Nov-14,290.00,297.00,290.00,294.00,11691
5-Nov-14,290.00,295.00,287.00,295.00,7997
4-Nov-14,289.00,291.00,285.00,288.75,48629
3-Nov-14,291.00,293.00,288.50,291.00,29814
31-Oct-14,288.00,293.00,286.00,293.00,10680
30-Oct-14,283.00,288.00,283.00,288.00,6566
29-Oct-14,290.00,290.00,284.00,290.00,3560
28-Oct-14,281.00,288.00,281.00,285.50,31438
27-Oct-14,282.25,284.50,280.00,280.00,8290
24-Oct-14,285.00,285.21,282.00,282.00,2786
23-Oct-14,287.00,287.00,283.00,285.00,22226
22-Oct-14,283.25,285.50,280.00,283.00,15000
21-Oct-14,280.00,285.00,280.00,285.00,16874
20-Oct-14,283.00,285.00,282.00,280.00,1371
17-Oct-14,280.00,283.00,279.74,280.00,48961
16-Oct-14,278.75,282.25,278.25,282.00,24063
15-Oct-14,285.00,286.38,280.00,280.13,89900
14-Oct-14,291.25,294.00,286.25,290.00,67795
13-Oct-14,293.00,295.75,291.25,295.75,66057
10-Oct-14,295.50,298.20,293.00,293.00,50827
9-Oct-14,302.00,303.00,296.25,303.00,21215
8-Oct-14,300.50,301.00,300.00,301.00,10255
7-Oct-14,302.00,302.00,300.00,300.00,11069
6-Oct-14,302.00,302.50,300.20,302.50,7894
3-Oct-14,303.00,303.00,300.75,300.75,3139
2-Oct-14,302.00,303.50,300.00,300.25,13351
1-Oct-14,301.25,304.00,300.00,300.00,34042
30-Sep-14,304.00,304.10,301.75,304.00,6565
29-Sep-14,303.00,303.74,301.25,302.00,2294
26-Sep-14,303.00,304.00,301.65,301.75,10616
25-Sep-14,303.00,305.20,301.69,304.00,12609
24-Sep-14,303.00,306.00,301.50,305.75,31800
23-Sep-14,300.00,302.00,300.00,302.00,9307
22-Sep-14,298.00,304.00,296.00,300.75,49688
19-Sep-14,299.90,305.90,297.10,300.00,703121
18-Sep-14,300.00,302.00,298.00,299.90,32558
17-Sep-14,299.00,302.90,297.16,298.30,22578
16-Sep-14,297.00,300.00,296.00,299.20,15459
15-Sep-14,296.00,300.00,296.00,297.80,18248
12-Sep-14,299.20,300.80,296.73,298.80,43551
11-Sep-14,303.00,303.00,298.40,298.40,14262
10-Sep-14,302.00,304.00,300.00,302.70,15717
9-Sep-14,301.00,302.80,301.00,301.10,13312
8-Sep-14,303.10,305.00,300.00,301.70,26300
5-Sep-14,300.90,304.90,300.90,303.00,9235
4-Sep-14,308.00,308.70,301.00,303.00,63344
3-Sep-14,311.00,311.00,308.40,308.40,56257
2-Sep-14,314.00,314.00,309.00,309.00,25995
1-Sep-14,315.00,315.00,312.00,314.00,24962
29-Aug-14,317.00,317.00,313.00,316.80,18036
28-Aug-14,313.00,317.00,312.97,315.40,11596
27-Aug-14,314.50,317.00,312.00,316.70,115305
26-Aug-14,315.00,317.40,311.63,315.00,18191
22-Aug-14,312.00,315.00,311.66,313.00,38400
21-Aug-14,314.50,318.50,312.00,314.00,657847
20-Aug-14,320.00,320.00,313.50,316.00,56638
19-Aug-14,309.00,320.00,307.75,318.00,111028
18-Aug-14,303.00,308.00,302.25,305.00,34401
15-Aug-14,301.00,302.75,297.25,302.00,45520
14-Aug-14,300.50,304.48,300.50,300.50,776
13-Aug-14,303.00,305.00,302.20,305.00,25418
12-Aug-14,303.85,303.85,302.05,302.50,0
11-Aug-14,303.00,305.00,302.00,302.00,20446
8-Aug-14,296.25,309.00,293.75,302.00,58822
7-Aug-14,299.75,303.00,299.50,302.00,42012
6-Aug-14,298.00,302.25,298.00,300.50,1718
5-Aug-14,299.50,301.75,298.68,301.75,25905
4-Aug-14,303.00,304.45,297.53,302.00,45861
1-Aug-14,297.00,303.55,295.50,302.50,104474
31-Jul-14,290.00,298.00,288.44,296.12,33786
30-Jul-14,285.00,295.00,282.70,295.00,43008
29-Jul-14,287.75,287.75,278.74,282.00,111665
28-Jul-14,292.00,297.98,290.00,290.00,104844
25-Jul-14,288.00,297.00,287.60,292.00,48629
24-Jul-14,280.00,292.33,280.00,288.00,28220
23-Jul-14,280.00,284.50,279.38,282.00,27297
22-Jul-14,281.00,281.50,278.00,281.50,10925
21-Jul-14,279.00,281.00,278.25,280.50,52685
18-Jul-14,275.25,282.00,275.00,278.50,57941
17-Jul-14,278.75,278.75,275.25,275.25,938
16-Jul-14,278.75,279.00,277.50,279.00,1035
15-Jul-14,277.75,280.00,277.62,279.00,5191
14-Jul-14,277.00,280.75,276.00,280.00,8619
11-Jul-14,269.50,282.00,268.76,281.00,66573
10-Jul-14,270.00,276.75,247.00,276.75,189547
9-Jul-14,275.00,275.00,266.50,270.75,17291
8-Jul-14,274.00,277.00,270.00,270.00,118667
7-Jul-14,275.00,281.00,275.00,278.50,12373
4-Jul-14,277.00,277.50,275.25,275.50,4827
3-Jul-14,280.00,282.75,278.75,280.00,37174
2-Jul-14,279.00,279.00,275.52,277.50,27786
1-Jul-14,276.00,280.00,272.50,275.00,40153
30-Jun-14,278.00,278.00,272.00,276.00,11287
27-Jun-14,273.50,279.00,273.25,278.00,99189
26-Jun-14,272.25,274.50,272.25,274.00,27847
25-Jun-14,280.00,281.35,267.73,275.00,152015
24-Jun-14,288.00,290.00,280.25,281.00,52017
23-Jun-14,290.75,294.75,289.75,290.00,60527
20-Jun-14,297.75,300.00,286.00,290.00,2203029
19-Jun-14,293.00,300.50,293.00,297.66,88254
18-Jun-14,298.00,299.75,297.00,299.00,24034
17-Jun-14,294.75,301.00,294.75,300.00,47730
16-Jun-14,300.00,300.00,296.25,299.00,76167
13-Jun-14,298.00,300.00,293.20,295.25,15391
12-Jun-14,291.75,298.00,291.75,295.00,10144
11-Jun-14,296.50,298.00,295.52,297.00,9561
10-Jun-14,296.25,298.00,296.17,298.00,15494
9-Jun-14,295.00,298.00,291.18,298.00,42001
6-Jun-14,298.00,298.00,295.75,296.00,25888
5-Jun-14,300.00,300.00,297.00,297.00,23540
4-Jun-14,300.00,300.00,297.63,300.00,97133
3-Jun-14,300.00,300.00,292.50,292.50,59831
2-Jun-14,300.00,300.00,299.50,299.50,8750
30-May-14,299.75,300.00,298.50,298.50,74716
29-May-14,298.00,302.00,297.25,300.00,35898
28-May-14,300.00,300.00,295.75,296.00,19198
27-May-14,300.00,300.00,298.75,299.63,17407
23-May-14,300.00,300.00,295.00,300.00,17293
22-May-14,284.00,300.00,284.00,300.00,76671
21-May-14,286.75,291.00,284.25,285.00,17035
20-May-14,285.50,291.29,285.50,289.50,2639
19-May-14,290.00,290.00,284.76,286.50,40272
16-May-14,295.00,295.00,286.76,291.00,57970
15-May-14,300.00,300.00,288.97,291.00,43394
14-May-14,305.00,308.99,298.75,300.00,5458
13-May-14,303.25,305.00,300.25,300.25,26939
12-May-14,310.00,310.00,306.75,307.00,66569
9-May-14,308.00,310.00,305.00,305.00,67451
8-May-14,309.75,310.00,302.25,310.00,25033
7-May-14,311.75,316.75,308.00,310.00,26165
6-May-14,318.00,318.00,313.00,318.00,16764
2-May-14,313.00,319.00,312.03,318.00,70719
1-May-14,310.00,313.00,309.38,313.00,9488
30-Apr-14,304.00,310.00,303.00,309.49,49431
29-Apr-14,304.00,304.00,300.00,302.25,10851
28-Apr-14,303.00,304.00,297.90,302.00,20983
25-Apr-14,300.00,301.00,298.00,301.00,61738
24-Apr-14,300.00,301.00,299.15,301.00,11146
23-Apr-14,295.00,299.50,288.00,299.50,22280
22-Apr-14,283.25,294.23,283.25,293.00,63960
17-Apr-14,279.00,286.10,279.00,282.50,5611
16-Apr-14,278.00,279.44,274.68,277.25,1240
15-Apr-14,300.00,302.25,268.00,268.00,140256
14-Apr-14,305.00,305.00,300.00,300.00,7897
11-Apr-14,311.75,311.75,303.75,307.60,744995
10-Apr-14,310.00,313.50,309.00,310.50,339402
9-Apr-14,309.00,310.00,306.50,309.00,559402
8-Apr-14,307.00,308.00,306.00,308.00,588753
7-Apr-14,305.00,306.00,303.00,305.00,501332
4-Apr-14,301.50,304.00,299.47,304.00,364415
3-Apr-14,300.00,301.00,298.50,301.00,320921
2-Apr-14,300.00,301.50,297.00,300.00,288776
1-Apr-14,303.00,303.00,294.50,299.00,68185
31-Mar-14,303.00,303.00,298.00,300.00,251756
28-Mar-14,295.25,299.00,292.68,298.00,444335
27-Mar-14,302.75,303.39,290.00,295.25,429192
26-Mar-14,305.25,305.69,303.00,303.50,75773
25-Mar-14,306.00,306.38,304.50,304.50,94451
24-Mar-14,307.25,308.30,304.00,304.50,136702
21-Mar-14,308.50,309.89,306.75,308.00,156058
20-Mar-14,310.00,310.00,308.00,308.50,119032
19-Mar-14,310.00,310.90,309.00,309.25,229007
18-Mar-14,310.25,312.00,309.00,310.00,267384
17-Mar-14,312.00,312.00,307.00,310.00,821148
14-Mar-14,309.75,311.00,309.00,309.91,1407813
13-Mar-14,310.00,316.75,309.00,310.00,5342977
