31-Dec-15,1985.00,1985.00,1959.00,1971.00,124309
30-Dec-15,1980.00,1987.00,1969.00,1975.61,230851
29-Dec-15,1963.00,1990.00,1950.00,1980.00,565018
24-Dec-15,1954.00,1955.00,1930.00,1946.00,75941
23-Dec-15,1943.00,1963.27,1929.00,1946.00,807022
22-Dec-15,1923.00,1936.00,1908.00,1924.84,670447
21-Dec-15,1907.00,1948.00,1897.97,1910.00,829911
18-Dec-15,1904.00,1920.00,1879.54,1916.12,1410652
16-Dec-15,1878.00,1891.00,1869.98,1880.32,964603
15-Dec-15,1899.00,1900.00,1878.00,1887.54,1324739
14-Dec-15,1880.00,1904.00,1853.95,1890.20,1502824
11-Dec-15,1912.00,1919.00,1880.00,1895.49,1529353
10-Dec-15,1930.00,1940.00,1916.56,1918.00,952823
9-Dec-15,1956.00,1968.00,1931.00,1941.00,2251210
8-Dec-15,1970.00,1977.00,1943.00,1951.06,1475168
7-Dec-15,1959.00,1979.00,1947.00,1973.00,888831
4-Dec-15,1942.00,1967.00,1925.00,1941.33,1165254
3-Dec-15,1973.00,1990.00,1903.36,1942.00,1706744
2-Dec-15,1985.00,2000.01,1965.47,1978.00,909717
1-Dec-15,1964.00,1972.00,1952.00,1966.61,1452849
30-Nov-15,1950.00,1976.00,1950.00,1964.32,1015982
27-Nov-15,1950.00,1989.00,1943.00,1960.99,1670477
26-Nov-15,1940.00,1966.00,1930.00,1955.54,1192031
25-Nov-15,1915.00,1931.00,1907.00,1924.00,898100
24-Nov-15,1919.00,1919.00,1882.60,1898.24,1483703
23-Nov-15,1882.00,1921.00,1881.00,1915.91,936293
20-Nov-15,1887.00,1912.00,1868.00,1900.00,1647942
19-Nov-15,1810.00,1890.00,1735.00,1875.00,2366913
18-Nov-15,1785.00,1796.91,1763.94,1778.00,1119569
17-Nov-15,1795.00,1829.00,1793.00,1800.73,1203280
16-Nov-15,1754.00,1795.00,1754.00,1782.25,1032491
13-Nov-15,1749.00,1778.00,1743.00,1777.00,1165819
12-Nov-15,1789.00,1799.00,1752.40,1753.00,865368
11-Nov-15,1800.00,1807.00,1785.00,1794.74,1132694
10-Nov-15,1829.00,1830.69,1761.00,1782.00,1421052
9-Nov-15,1852.00,1880.00,1818.00,1850.45,1225158
6-Nov-15,1847.00,1884.00,1840.00,1869.08,2187299
5-Nov-15,1740.00,1806.00,1736.00,1793.61,2390079
4-Nov-15,1801.00,1810.19,1779.97,1800.00,1001367
3-Nov-15,1814.00,1816.00,1782.00,1790.00,1646522
2-Nov-15,1765.00,1810.98,1764.67,1807.82,785532
30-Oct-15,1777.00,1785.00,1762.00,1781.00,1009746
29-Oct-15,1802.00,1802.00,1760.00,1765.00,1129792
28-Oct-15,1755.00,1801.00,1755.00,1801.00,791009
27-Oct-15,1788.00,1792.00,1746.78,1747.00,1100217
26-Oct-15,1812.00,1825.00,1792.00,1805.66,1000139
23-Oct-15,1791.00,1844.00,1791.00,1823.00,1328262
22-Oct-15,1782.00,1812.09,1749.37,1772.01,1699433
21-Oct-15,1730.00,1794.00,1724.00,1775.53,1452734
20-Oct-15,1727.00,1736.00,1695.00,1720.20,1004854
19-Oct-15,1738.00,1760.00,1719.00,1726.00,1123578
16-Oct-15,1765.00,1774.00,1740.00,1761.08,789898
15-Oct-15,1742.00,1767.49,1735.00,1758.00,830953
14-Oct-15,1760.00,1765.00,1732.00,1734.00,1192105
13-Oct-15,1758.00,1790.00,1743.00,1782.00,893223
12-Oct-15,1769.00,1775.14,1755.00,1763.18,874791
9-Oct-15,1780.00,1787.00,1750.94,1769.53,1324532
8-Oct-15,1760.00,1777.00,1757.00,1765.00,1235565
7-Oct-15,1779.00,1798.00,1752.00,1773.11,2106439
6-Oct-15,1765.00,1788.00,1745.00,1774.00,1078440
5-Oct-15,1749.00,1775.00,1744.00,1768.00,1515795
2-Oct-15,1734.00,1754.00,1685.00,1711.00,1836039
1-Oct-15,1764.00,1774.00,1707.00,1759.91,2562862
30-Sep-15,1730.00,1746.00,1722.00,1741.00,2795220
29-Sep-15,1719.00,1748.00,1690.00,1700.00,3137320
28-Sep-15,1810.00,1816.00,1756.33,1759.00,1240818
25-Sep-15,1800.00,1838.00,1790.00,1825.19,1210448
24-Sep-15,1823.00,1836.00,1742.31,1759.00,1417007
23-Sep-15,1795.00,1848.00,1776.00,1833.00,1124922
22-Sep-15,1863.00,1877.64,1799.64,1806.00,1497879
21-Sep-15,1862.00,1887.09,1862.00,1862.00,1263895
18-Sep-15,1902.00,1905.00,1841.00,1873.00,1660561
17-Sep-15,1920.00,1920.00,1896.00,1908.00,1114058
16-Sep-15,1926.00,1938.00,1895.00,1908.00,1330510
15-Sep-15,1889.00,1916.00,1879.00,1900.59,949231
14-Sep-15,1904.00,1923.00,1879.74,1885.00,1270903
11-Sep-15,1920.00,1927.00,1891.55,1903.00,1217341
10-Sep-15,1898.00,1941.48,1898.00,1919.00,1018818
9-Sep-15,1963.00,1979.00,1931.00,1943.00,1333699
8-Sep-15,1879.00,1921.00,1879.00,1916.00,1044917
7-Sep-15,1861.00,1875.00,1855.00,1875.00,701109
4-Sep-15,1848.00,1856.00,1827.00,1849.00,1998622
3-Sep-15,1876.00,1886.70,1859.74,1874.00,2631478
2-Sep-15,1886.00,1894.00,1856.00,1856.60,1700047
1-Sep-15,1900.00,1925.00,1853.00,1900.00,1456581
28-Aug-15,1886.00,1923.00,1879.00,1922.00,1512203
27-Aug-15,1861.00,1910.90,1856.00,1893.00,1840073
26-Aug-15,1765.00,1833.00,1758.00,1800.00,1681046
25-Aug-15,1756.00,1834.29,1740.00,1805.00,1999385
24-Aug-15,1740.00,1764.00,1651.07,1736.00,3668653
21-Aug-15,1860.00,1886.00,1788.70,1855.00,2052128
20-Aug-15,1897.00,1934.00,1878.19,1895.00,1314667
19-Aug-15,1950.00,1954.00,1910.26,1917.00,950250
18-Aug-15,1961.00,1983.00,1952.52,1960.00,1167134
17-Aug-15,1961.00,1977.00,1945.00,1969.00,677174
14-Aug-15,1973.00,1977.00,1937.00,1951.00,820618
13-Aug-15,1920.00,1971.00,1920.00,1951.35,1536507
12-Aug-15,1937.00,1937.00,1876.24,1899.00,2187457
11-Aug-15,1956.00,1968.00,1940.00,1951.00,1125813
10-Aug-15,1968.00,1968.00,1932.00,1961.40,977943
7-Aug-15,1936.00,1950.00,1931.00,1943.05,915725
6-Aug-15,1947.00,1958.00,1915.92,1934.00,1090655
5-Aug-15,1965.00,1972.77,1950.00,1957.42,1184646
4-Aug-15,1914.00,1939.83,1905.00,1935.00,1435735
3-Aug-15,1900.00,1933.50,1885.00,1921.61,1259459
31-Jul-15,1879.00,1915.00,1877.70,1905.19,1462236
30-Jul-15,1896.00,1904.00,1865.56,1882.95,1070168
29-Jul-15,1870.00,1894.38,1866.00,1888.00,1676425
28-Jul-15,1839.00,1867.74,1814.00,1850.00,1295330
27-Jul-15,1876.00,1881.00,1834.25,1840.00,1121258
24-Jul-15,1895.00,1921.00,1882.00,1885.88,906523
23-Jul-15,1896.00,1918.00,1874.92,1905.03,1955114
22-Jul-15,1850.00,1900.27,1845.00,1876.00,1246752
21-Jul-15,1865.00,1881.00,1844.29,1861.00,1040836
20-Jul-15,1853.00,1872.38,1852.40,1863.78,837098
17-Jul-15,1892.00,1892.00,1861.24,1863.17,1104693
16-Jul-15,1873.00,1888.88,1863.00,1882.00,1175382
15-Jul-15,1857.00,1898.09,1850.00,1858.96,867295
14-Jul-15,1865.00,1875.00,1836.00,1862.00,784603
13-Jul-15,1869.00,1895.53,1853.00,1865.38,1121902
10-Jul-15,1813.00,1846.00,1799.00,1830.00,1891590
9-Jul-15,1755.00,1803.00,1755.00,1800.00,1283816
8-Jul-15,1732.00,1764.00,1718.71,1754.00,1722808
7-Jul-15,1789.00,1797.00,1730.00,1730.00,1649834
6-Jul-15,1775.00,1813.48,1770.00,1780.00,1415838
3-Jul-15,1809.00,1827.00,1806.00,1811.00,857802
2-Jul-15,1805.00,1831.54,1805.00,1820.00,1637685
1-Jul-15,1805.00,1848.00,1798.00,1814.00,2562409
30-Jun-15,1803.00,1818.00,1777.47,1786.00,1979407
29-Jun-15,1798.00,1830.90,1787.00,1809.00,1707260
26-Jun-15,1875.00,1877.00,1853.00,1859.38,1792927
25-Jun-15,1897.00,1917.00,1878.00,1897.50,2162526
24-Jun-15,1922.00,1930.00,1895.91,1902.00,1695333
23-Jun-15,1905.00,1968.10,1889.00,1927.40,2114760
22-Jun-15,1884.00,1916.00,1870.46,1913.61,2183529
19-Jun-15,1840.00,1932.06,1831.00,1857.00,3573125
18-Jun-15,1824.00,1847.00,1789.00,1846.63,2038593
17-Jun-15,1825.00,1864.00,1825.00,1833.63,1903431
16-Jun-15,1820.00,1838.29,1783.00,1828.64,1822996
15-Jun-15,1829.00,1847.29,1817.00,1829.63,1733485
12-Jun-15,1870.00,1880.00,1828.00,1845.00,1894753
11-Jun-15,1853.00,1893.28,1852.00,1884.62,2601277
10-Jun-15,1796.00,1853.92,1787.00,1800.61,2134749
9-Jun-15,1814.00,1820.67,1790.00,1795.74,1516601
8-Jun-15,1805.00,1827.00,1799.00,1821.63,1816663
5-Jun-15,1800.00,1832.71,1799.00,1806.61,1605732
4-Jun-15,1852.00,1852.00,1799.00,1816.00,2849766
3-Jun-15,1805.00,1867.00,1805.00,1853.00,2306951
2-Jun-15,1814.00,1829.00,1770.75,1792.00,1946649
1-Jun-15,1833.00,1860.00,1801.00,1837.29,1095074
29-May-15,1843.00,1867.00,1822.14,1831.00,1867492
28-May-15,1841.00,1851.00,1831.00,1847.00,1230608
27-May-15,1777.00,1843.00,1770.00,1839.00,2287596
26-May-15,1842.00,1842.00,1773.00,1776.00,2005208
22-May-15,1845.00,1856.00,1827.43,1833.00,1256418
21-May-15,1843.00,1860.00,1833.00,1840.00,960935
20-May-15,1847.00,1875.32,1831.00,1851.00,1094395
19-May-15,1826.00,1866.19,1801.00,1851.00,1110103
18-May-15,1826.00,1834.00,1799.00,1816.00,1079414
15-May-15,1818.00,1832.00,1801.00,1815.37,959412
14-May-15,1806.00,1816.22,1778.00,1810.00,993279
13-May-15,1818.00,1833.00,1793.09,1805.35,2006446
12-May-15,1823.00,1830.00,1805.00,1818.00,1804475
11-May-15,1887.00,1892.00,1837.00,1837.00,1501368
8-May-15,1844.00,1906.59,1828.00,1891.00,1706350
7-May-15,1850.00,1858.00,1793.30,1853.00,2219609
6-May-15,1835.00,1862.00,1802.00,1859.60,2470080
5-May-15,1847.00,1856.19,1817.00,1848.00,3160288
1-May-15,1861.00,1861.00,1805.00,1838.00,1146375
30-Apr-15,1855.00,1888.00,1802.74,1829.00,3388114
29-Apr-15,1895.00,1902.00,1807.33,1876.60,2036250
28-Apr-15,1896.00,1910.48,1879.00,1892.38,1721344
27-Apr-15,1898.00,1918.00,1871.00,1910.76,2218836
24-Apr-15,1865.00,1912.00,1860.00,1899.62,2958968
23-Apr-15,1861.00,1869.00,1838.63,1855.00,2483434
22-Apr-15,1890.00,1895.00,1846.00,1859.00,1582795
21-Apr-15,1868.00,1898.39,1862.00,1879.00,2045856
20-Apr-15,1839.00,1866.00,1839.00,1860.00,1382687
17-Apr-15,1861.00,1869.00,1828.59,1845.24,2283875
16-Apr-15,1872.00,1904.45,1860.00,1860.00,4217217
15-Apr-15,1815.00,1871.17,1806.00,1857.38,2260513
14-Apr-15,1779.00,1805.85,1779.00,1803.00,1458877
13-Apr-15,1796.00,1805.00,1787.00,1790.00,881566
10-Apr-15,1810.00,1811.00,1791.00,1797.36,1479920
9-Apr-15,1779.00,1809.00,1763.00,1786.94,1999083
8-Apr-15,1789.00,1789.00,1743.00,1752.00,1387239
7-Apr-15,1769.00,1790.06,1764.00,1782.00,1413352
2-Apr-15,1760.00,1780.47,1720.00,1762.00,1388580
1-Apr-15,1750.00,1778.00,1740.96,1745.00,1978812
31-Mar-15,1785.00,1807.44,1748.99,1749.65,2401063
30-Mar-15,1770.00,1794.34,1742.60,1787.00,2794801
27-Mar-15,1804.00,1832.00,1779.00,1788.00,2271445
26-Mar-15,1805.00,1808.00,1779.00,1794.36,1998121
25-Mar-15,1820.00,1854.00,1812.04,1817.37,2783056
24-Mar-15,1850.00,1876.00,1825.00,1843.93,2875458
23-Mar-15,1847.00,1856.00,1823.33,1852.00,2692183
20-Mar-15,1825.00,1866.00,1812.00,1840.00,5312548
19-Mar-15,1782.00,1791.07,1744.00,1751.00,2230159
18-Mar-15,1696.00,1787.00,1682.00,1771.00,3695061
17-Mar-15,1729.00,1756.00,1665.97,1687.34,4025201
16-Mar-15,1758.00,1771.00,1730.62,1750.85,5536313
13-Mar-15,1804.00,1817.00,1794.22,1811.00,2053131
12-Mar-15,1751.00,1813.00,1747.00,1807.00,3458001
11-Mar-15,1707.00,1743.13,1707.00,1736.76,3156336
10-Mar-15,1727.00,1749.00,1699.00,1708.00,3003920
9-Mar-15,1760.00,1777.00,1722.00,1742.75,3237944
6-Mar-15,1795.00,1816.00,1788.00,1797.00,1844610
5-Mar-15,1752.00,1810.93,1741.00,1801.37,2078676
4-Mar-15,1773.00,1791.13,1732.00,1788.00,3576160
3-Mar-15,1814.00,1821.00,1770.00,1770.00,3187381
2-Mar-15,1830.00,1851.00,1812.00,1813.00,2348608
27-Feb-15,1819.00,1842.54,1815.00,1830.00,2576933
26-Feb-15,1821.00,1851.00,1788.00,1814.87,1937622
25-Feb-15,1830.00,1838.12,1820.00,1826.00,1404548
24-Feb-15,1824.00,1833.00,1810.00,1815.00,1675949
23-Feb-15,1849.00,1857.56,1825.00,1833.89,1273008
20-Feb-15,1828.00,1843.28,1821.00,1835.00,1459020
19-Feb-15,1843.00,1851.00,1825.35,1832.00,1366061
18-Feb-15,1812.00,1872.64,1812.00,1847.00,1919254
17-Feb-15,1824.00,1834.00,1801.00,1811.00,1585615
16-Feb-15,1810.00,1835.00,1809.54,1825.65,1468999
13-Feb-15,1846.00,1870.96,1820.00,1820.00,3001448
12-Feb-15,1784.00,1828.00,1784.00,1820.00,8084867
11-Feb-15,1780.00,1793.00,1763.00,1784.00,2050462
10-Feb-15,1760.00,1782.00,1752.00,1782.00,2328492
9-Feb-15,1710.00,1760.20,1704.00,1756.00,2452503
6-Feb-15,1740.00,1746.00,1709.00,1724.00,4008018
5-Feb-15,1768.00,1781.94,1743.00,1750.50,2974348
4-Feb-15,1749.00,1795.83,1748.00,1763.76,3209085
3-Feb-15,1726.00,1787.00,1725.00,1746.00,4970403
2-Feb-15,1610.00,1727.04,1610.00,1700.41,9886204
30-Jan-15,1616.00,1627.00,1601.87,1603.00,1996376
29-Jan-15,1613.00,1627.00,1604.00,1611.40,1303926
28-Jan-15,1631.00,1642.00,1612.00,1620.00,1686731
27-Jan-15,1660.00,1673.00,1615.00,1624.00,2288313
26-Jan-15,1676.00,1696.00,1642.00,1663.00,2535772
23-Jan-15,1616.00,1709.22,1616.00,1681.00,4008733
22-Jan-15,1606.00,1662.00,1555.00,1639.00,4934868
21-Jan-15,1569.00,1599.00,1565.00,1595.68,2461396
20-Jan-15,1567.00,1577.00,1554.00,1568.00,1119326
19-Jan-15,1507.00,1564.00,1507.00,1557.00,1267753
16-Jan-15,1485.00,1512.57,1466.40,1484.49,2248813
15-Jan-15,1502.00,1518.79,1454.00,1496.26,2709359
14-Jan-15,1504.00,1523.00,1476.00,1480.43,1818799
13-Jan-15,1520.00,1543.45,1516.00,1536.34,1244407
12-Jan-15,1536.00,1559.00,1516.00,1522.81,852801
9-Jan-15,1546.00,1560.00,1512.00,1523.00,1197567
8-Jan-15,1521.00,1556.00,1510.20,1551.56,1399784
7-Jan-15,1490.00,1509.00,1481.14,1498.23,1570888
6-Jan-15,1500.00,1511.00,1466.81,1471.00,1835820
5-Jan-15,1522.00,1553.00,1499.00,1503.00,1267319
31-Dec-14,1560.00,1560.00,1544.00,1544.00,275899
30-Dec-14,1535.00,1560.00,1520.00,1528.00,764409
29-Dec-14,1558.00,1571.00,1530.00,1550.00,970456
24-Dec-14,1528.00,1566.00,1528.00,1558.00,199031
23-Dec-14,1529.00,1559.72,1526.00,1559.00,1280497
22-Dec-14,1540.00,1541.00,1507.88,1512.00,928402
19-Dec-14,1558.00,1558.00,1498.00,1523.00,2282898
18-Dec-14,1487.00,1558.00,1479.00,1533.00,1965886
17-Dec-14,1470.00,1477.00,1453.00,1467.00,1227807
16-Dec-14,1416.00,1475.00,1402.00,1474.41,3077860
15-Dec-14,1440.00,1472.00,1415.28,1421.00,2508100
12-Dec-14,1481.00,1484.20,1446.09,1448.00,1504214
11-Dec-14,1488.00,1496.84,1474.00,1491.00,2041305
10-Dec-14,1504.00,1524.00,1493.00,1495.75,2218972
9-Dec-14,1540.00,1541.00,1503.42,1504.00,1578319
8-Dec-14,1571.00,1573.00,1544.00,1548.58,869794
5-Dec-14,1593.00,1604.00,1565.00,1575.10,1701441
4-Dec-14,1543.00,1575.00,1536.00,1555.00,2795068
3-Dec-14,1524.00,1558.22,1523.00,1535.29,1461190
2-Dec-14,1516.00,1552.00,1515.00,1530.00,2120660
1-Dec-14,1494.00,1521.45,1487.00,1517.00,1327904
28-Nov-14,1493.00,1514.00,1485.00,1511.00,1862019
27-Nov-14,1481.00,1503.00,1477.00,1496.80,1035845
26-Nov-14,1494.00,1497.00,1469.00,1477.01,1148089
25-Nov-14,1479.00,1496.00,1467.00,1486.76,1873635
24-Nov-14,1463.00,1487.00,1458.00,1479.00,1714758
21-Nov-14,1430.00,1479.00,1422.00,1463.00,2165785
20-Nov-14,1405.00,1425.00,1395.49,1409.10,1642043
19-Nov-14,1367.00,1412.00,1351.00,1408.00,2045477
18-Nov-14,1362.00,1368.00,1352.00,1367.00,1898202
17-Nov-14,1347.00,1364.00,1347.00,1354.00,1527631
14-Nov-14,1371.00,1375.00,1343.00,1352.75,1364331
13-Nov-14,1375.00,1378.00,1358.00,1368.00,2125635
12-Nov-14,1381.00,1390.00,1354.35,1363.00,1304296
11-Nov-14,1385.00,1385.00,1345.00,1365.92,3311755
10-Nov-14,1398.00,1411.00,1378.00,1385.00,1957803
7-Nov-14,1416.00,1419.00,1398.60,1405.61,1778097
6-Nov-14,1396.00,1425.00,1396.00,1411.00,2449194
5-Nov-14,1377.00,1419.00,1377.00,1404.53,1891736
4-Nov-14,1380.00,1388.00,1356.73,1369.00,1749870
3-Nov-14,1377.00,1392.00,1374.00,1383.00,1161885
31-Oct-14,1402.00,1407.00,1380.00,1386.00,1965379
30-Oct-14,1360.00,1385.86,1336.00,1382.00,1797198
29-Oct-14,1379.00,1389.00,1356.50,1362.00,1544122
28-Oct-14,1382.00,1391.00,1370.00,1375.00,1292893
27-Oct-14,1385.00,1392.00,1347.00,1357.37,1960759
24-Oct-14,1383.00,1394.00,1367.00,1379.21,2192086
23-Oct-14,1354.00,1378.00,1338.00,1377.00,2341857
22-Oct-14,1351.00,1362.00,1345.00,1354.79,2089951
21-Oct-14,1299.00,1350.12,1292.00,1350.12,2347905
20-Oct-14,1312.00,1320.00,1293.00,1303.00,3729820
17-Oct-14,1269.00,1324.10,1263.00,1304.01,2736903
16-Oct-14,1283.00,1295.00,1220.00,1264.76,4826714
15-Oct-14,1315.00,1330.00,1265.00,1276.00,3101872
14-Oct-14,1290.00,1314.00,1271.00,1310.00,3620811
13-Oct-14,1285.00,1304.00,1276.00,1282.00,2055155
10-Oct-14,1315.00,1325.00,1290.00,1305.96,2505721
9-Oct-14,1358.00,1369.00,1320.00,1323.00,2233725
8-Oct-14,1358.00,1366.00,1335.00,1350.59,1889644
7-Oct-14,1396.00,1409.00,1364.60,1368.00,1872429
6-Oct-14,1397.00,1404.00,1324.00,1399.00,2412703
3-Oct-14,1380.00,1399.00,1380.00,1386.73,1971147
2-Oct-14,1401.00,1403.00,1355.47,1365.00,2467287
1-Oct-14,1405.00,1426.00,1395.00,1402.00,2305504
30-Sep-14,1400.00,1421.00,1395.00,1410.00,2451621
29-Sep-14,1394.00,1402.00,1385.00,1393.00,1738119
26-Sep-14,1400.00,1403.00,1380.00,1389.00,1862664
25-Sep-14,1410.00,1429.00,1387.28,1403.00,2534640
24-Sep-14,1420.00,1431.00,1403.00,1412.00,2265893
23-Sep-14,1444.00,1446.00,1416.00,1419.00,1714796
22-Sep-14,1440.00,1464.00,1429.00,1445.00,3033733
19-Sep-14,1455.00,1560.97,1416.00,1440.00,10211265
18-Sep-14,1435.00,1459.03,1426.00,1452.00,2492801
17-Sep-14,1422.00,1432.46,1413.00,1426.00,2828850
16-Sep-14,1446.00,1447.00,1412.00,1419.00,2620627
15-Sep-14,1477.00,1477.00,1445.00,1449.00,1678534
12-Sep-14,1486.00,1491.00,1473.51,1482.00,1962760
11-Sep-14,1505.00,1508.00,1473.16,1480.00,2489299
10-Sep-14,1487.00,1494.00,1473.00,1488.00,1819543
9-Sep-14,1475.00,1483.00,1470.00,1482.00,1937315
8-Sep-14,1460.00,1480.00,1460.00,1477.00,1917721
5-Sep-14,1463.00,1479.00,1461.00,1474.00,2202567
4-Sep-14,1445.00,1483.46,1423.00,1466.00,3594217
3-Sep-14,1410.00,1449.00,1406.00,1428.29,3439357
2-Sep-14,1383.00,1407.00,1383.00,1398.00,1441164
1-Sep-14,1390.00,1398.00,1376.00,1385.00,1747395
29-Aug-14,1443.00,1453.00,1388.00,1393.00,4608826
28-Aug-14,1420.00,1433.00,1408.00,1426.00,3283222
27-Aug-14,1406.00,1416.00,1391.00,1398.00,1873099
26-Aug-14,1399.00,1420.30,1393.00,1420.00,1893457
22-Aug-14,1399.00,1404.74,1374.00,1379.00,1671782
21-Aug-14,1380.00,1410.00,1371.16,1401.00,3153195
20-Aug-14,1417.00,1425.00,1369.00,1373.00,2975441
19-Aug-14,1449.00,1463.00,1421.07,1428.00,2085593
18-Aug-14,1410.00,1456.00,1410.00,1434.24,2063430
15-Aug-14,1424.00,1443.00,1411.40,1417.00,3321470
14-Aug-14,1386.00,1422.00,1383.00,1420.00,2995106
13-Aug-14,1376.00,1402.00,1365.00,1393.00,2017031
12-Aug-14,1355.00,1378.00,1348.00,1369.00,1768892
11-Aug-14,1350.00,1368.00,1348.00,1360.00,1974308
8-Aug-14,1327.00,1356.00,1325.00,1344.00,1557378
7-Aug-14,1365.00,1367.00,1340.00,1343.00,1398683
6-Aug-14,1360.00,1364.00,1337.00,1358.00,1942764
5-Aug-14,1392.00,1392.00,1362.00,1367.00,1287012
4-Aug-14,1397.00,1402.00,1377.00,1377.00,1420832
1-Aug-14,1389.00,1401.00,1362.00,1386.00,2293234
31-Jul-14,1432.00,1436.98,1382.99,1387.00,2422763
30-Jul-14,1459.00,1461.00,1420.01,1431.00,1604650
29-Jul-14,1441.00,1473.00,1437.00,1463.00,2651560
28-Jul-14,1449.00,1452.00,1430.00,1435.00,1665774
25-Jul-14,1450.00,1466.00,1437.00,1441.00,2143968
24-Jul-14,1456.00,1459.00,1415.00,1458.00,3256303
23-Jul-14,1459.00,1463.00,1455.00,1459.00,2595394
22-Jul-14,1470.00,1475.00,1458.00,1460.00,1526351
21-Jul-14,1466.00,1470.00,1450.00,1463.00,1310757
18-Jul-14,1465.00,1470.00,1446.00,1469.00,1460201
17-Jul-14,1490.00,1497.00,1459.71,1469.00,1614587
16-Jul-14,1484.00,1506.00,1480.00,1499.47,1294301
15-Jul-14,1504.00,1515.00,1482.00,1482.00,1490686
14-Jul-14,1487.00,1508.00,1487.00,1506.00,919309
11-Jul-14,1498.00,1514.00,1481.00,1483.00,1120754
10-Jul-14,1509.00,1515.56,1483.00,1489.00,1784455
9-Jul-14,1496.00,1523.00,1489.00,1516.00,1621757
8-Jul-14,1532.00,1534.00,1493.00,1494.00,1652958
7-Jul-14,1533.00,1545.00,1522.00,1524.00,933662
4-Jul-14,1556.00,1556.00,1533.00,1535.00,725124
3-Jul-14,1520.00,1556.00,1516.00,1555.00,1916420
2-Jul-14,1536.00,1542.00,1513.00,1523.00,1216344
1-Jul-14,1508.00,1539.00,1496.00,1537.00,2246733
30-Jun-14,1527.00,1528.00,1495.00,1501.30,1845874
27-Jun-14,1535.00,1535.00,1513.00,1520.00,1617530
26-Jun-14,1533.00,1546.00,1513.00,1531.00,2646619
25-Jun-14,1555.00,1557.00,1515.00,1526.00,2673719
24-Jun-14,1585.00,1595.00,1553.00,1553.00,1645259
23-Jun-14,1619.00,1635.00,1579.00,1579.00,1641011
20-Jun-14,1648.00,1675.00,1614.10,1622.00,2697015
19-Jun-14,1635.00,1669.64,1628.00,1660.26,1799472
18-Jun-14,1622.00,1636.00,1602.00,1611.00,1213579
17-Jun-14,1630.00,1638.00,1593.00,1625.00,1912962
16-Jun-14,1648.00,1662.00,1634.52,1638.00,1096033
13-Jun-14,1701.00,1701.00,1655.00,1659.00,1417436
12-Jun-14,1708.00,1715.63,1692.00,1707.00,1218725
11-Jun-14,1722.00,1729.00,1698.00,1699.00,1220071
10-Jun-14,1715.00,1729.82,1707.00,1722.00,736119
9-Jun-14,1731.00,1740.00,1714.00,1714.00,919669
6-Jun-14,1683.00,1721.00,1679.00,1720.00,1734304
5-Jun-14,1654.00,1686.00,1647.00,1685.08,2356019
4-Jun-14,1633.00,1659.00,1627.75,1657.08,1215454
3-Jun-14,1653.00,1655.00,1619.00,1635.08,1303233
2-Jun-14,1630.00,1648.00,1626.00,1644.00,977757
30-May-14,1665.00,1667.00,1636.00,1637.08,1187213
29-May-14,1672.00,1682.00,1653.00,1664.00,661890
28-May-14,1672.00,1695.00,1668.00,1673.08,853395
27-May-14,1650.00,1681.00,1633.00,1680.08,1864214
23-May-14,1629.00,1639.00,1620.00,1633.08,1057365
22-May-14,1627.00,1633.00,1609.00,1620.08,947558
21-May-14,1608.00,1632.92,1603.00,1623.08,1005891
20-May-14,1626.00,1632.00,1608.00,1609.08,937644
19-May-14,1617.00,1632.00,1598.00,1625.00,1180681
16-May-14,1600.00,1620.00,1572.00,1607.00,2041656
15-May-14,1680.00,1691.00,1596.00,1601.00,2072093
14-May-14,1691.00,1695.00,1673.00,1682.08,997207
13-May-14,1701.00,1712.00,1687.00,1693.08,1034661
12-May-14,1680.00,1693.26,1654.00,1692.00,1147151
9-May-14,1680.00,1695.00,1664.00,1664.00,1279654
8-May-14,1681.00,1685.00,1666.00,1682.00,2142459
7-May-14,1745.00,1751.00,1672.00,1679.00,2427568
6-May-14,1732.00,1752.00,1731.00,1740.09,1462284
2-May-14,1721.00,1744.00,1715.00,1726.00,1067846
1-May-14,1718.00,1735.00,1710.00,1729.00,440338
30-Apr-14,1714.00,1727.00,1708.00,1716.00,1110546
29-Apr-14,1709.00,1726.00,1708.00,1724.00,1337864
28-Apr-14,1712.00,1722.00,1701.00,1708.00,1110446
25-Apr-14,1711.00,1729.00,1701.00,1708.00,1183761
24-Apr-14,1742.00,1754.00,1711.00,1722.00,1499533
23-Apr-14,1733.00,1750.00,1717.71,1736.95,1498591
22-Apr-14,1720.00,1744.00,1712.00,1743.00,1768734
17-Apr-14,1729.00,1730.00,1708.67,1717.00,1445600
16-Apr-14,1719.00,1735.00,1711.00,1726.17,1783380
15-Apr-14,1711.00,1722.00,1693.00,1702.00,2439559
14-Apr-14,1729.00,1741.00,1699.00,1714.00,2189375
11-Apr-14,1732.00,1754.00,1723.00,1737.00,2475937
10-Apr-14,1770.00,1781.00,1755.00,1760.00,2026713
9-Apr-14,1731.00,1751.00,1722.00,1749.00,1303140
8-Apr-14,1760.00,1763.00,1706.00,1729.17,2213722
7-Apr-14,1769.00,1811.00,1760.00,1760.00,3509238
4-Apr-14,1695.00,1788.00,1694.00,1755.50,3700617
3-Apr-14,1724.00,1729.00,1702.00,1706.00,1079328
2-Apr-14,1716.00,1777.04,1708.00,1725.00,1535317
1-Apr-14,1679.00,1721.00,1677.00,1721.00,1735991
31-Mar-14,1678.00,1683.00,1666.00,1675.00,1573313
28-Mar-14,1678.00,1678.00,1664.00,1673.00,878084
27-Mar-14,1665.00,1681.00,1657.00,1670.92,1087267
26-Mar-14,1665.00,1686.00,1661.00,1680.00,1399099
25-Mar-14,1626.00,1661.00,1626.00,1660.00,1591963
24-Mar-14,1623.00,1647.00,1612.00,1615.00,1551082
21-Mar-14,1647.00,1669.00,1634.00,1634.16,3307093
20-Mar-14,1625.00,1650.00,1613.50,1647.00,1771505
19-Mar-14,1661.00,1675.00,1649.00,1651.00,1308965
18-Mar-14,1648.00,1670.00,1635.00,1667.92,1910531
17-Mar-14,1646.00,1663.50,1642.00,1658.00,1766331
14-Mar-14,1655.00,1661.00,1624.00,1644.00,2503182
13-Mar-14,1700.00,1700.00,1670.00,1675.95,1600202
12-Mar-14,1695.00,1705.00,1687.00,1691.00,1901637
11-Mar-14,1693.00,1733.00,1693.00,1715.00,1663360
10-Mar-14,1695.00,1719.00,1681.00,1702.00,1740345
7-Mar-14,1746.00,1746.00,1695.00,1695.00,1722200
6-Mar-14,1724.00,1744.00,1723.00,1744.00,1292011
5-Mar-14,1742.00,1753.00,1715.00,1723.00,1307506
4-Mar-14,1731.00,1777.00,1720.00,1777.00,1783180
3-Mar-14,1730.00,1740.00,1707.00,1712.00,2101029
28-Feb-14,1757.00,1773.00,1752.00,1763.00,1364679
27-Feb-14,1753.00,1760.00,1729.00,1759.00,1813977
26-Feb-14,1795.00,1795.00,1745.00,1751.00,2150502
25-Feb-14,1670.00,1796.00,1656.00,1787.64,4677301
24-Feb-14,1651.00,1684.00,1651.00,1674.00,1786665
21-Feb-14,1665.00,1668.00,1641.00,1651.69,1531380
20-Feb-14,1623.00,1648.00,1623.00,1650.46,1275947
19-Feb-14,1648.00,1662.00,1633.00,1649.00,1366719
18-Feb-14,1645.00,1660.00,1621.00,1654.00,1575492
17-Feb-14,1618.00,1649.00,1618.00,1646.00,928653
14-Feb-14,1630.00,1642.00,1616.00,1623.00,2095437
13-Feb-14,1656.00,1656.00,1603.00,1627.00,2105552
12-Feb-14,1661.00,1661.00,1634.00,1651.00,1881592
11-Feb-14,1643.00,1654.00,1636.00,1654.00,1571691
10-Feb-14,1646.00,1652.00,1632.00,1633.00,827471
7-Feb-14,1597.00,1644.00,1582.00,1638.00,2148607
6-Feb-14,1560.00,1599.00,1551.00,1587.34,2013676
5-Feb-14,1560.00,1568.00,1544.00,1554.00,1673367
4-Feb-14,1560.00,1574.00,1533.00,1568.50,1701279
3-Feb-14,1560.00,1587.00,1558.00,1565.00,1870214
31-Jan-14,1596.00,1606.00,1546.00,1567.25,1838443
30-Jan-14,1600.00,1613.00,1581.00,1598.00,1275320
29-Jan-14,1636.00,1642.00,1573.00,1609.00,2182833
28-Jan-14,1566.00,1613.00,1566.00,1609.00,1945267
27-Jan-14,1595.00,1610.00,1555.00,1562.00,2143066
24-Jan-14,1630.00,1637.00,1589.00,1592.50,2309819
23-Jan-14,1645.00,1646.00,1618.00,1628.00,1683926
22-Jan-14,1635.00,1645.00,1631.00,1636.00,1319862
21-Jan-14,1640.00,1646.00,1630.00,1630.00,1527712
20-Jan-14,1647.00,1656.00,1636.00,1637.00,1275738
17-Jan-14,1666.00,1670.00,1642.00,1653.00,2357057
16-Jan-14,1660.00,1664.00,1650.00,1656.00,1129731
15-Jan-14,1660.00,1665.00,1647.00,1655.00,2098379
14-Jan-14,1616.00,1654.00,1602.00,1653.00,1341995
13-Jan-14,1633.00,1647.00,1619.00,1645.00,1262277
10-Jan-14,1629.00,1631.00,1602.00,1619.00,1462287
9-Jan-14,1615.00,1652.00,1611.00,1625.00,2232293
8-Jan-14,1595.00,1598.00,1575.00,1587.00,1158739
7-Jan-14,1592.00,1603.00,1571.00,1592.00,1634201
6-Jan-14,1566.00,1589.00,1562.00,1579.00,1673194
3-Jan-14,1539.00,1585.00,1528.00,1580.00,1396760
2-Jan-14,1534.00,1550.00,1515.00,1539.00,1231183
31-Dec-13,1540.00,1540.00,1517.00,1523.00,238136
30-Dec-13,1547.00,1548.00,1524.00,1510.29,856651
27-Dec-13,1532.00,1543.00,1520.00,1543.00,744009
24-Dec-13,1502.00,1519.00,1491.00,1506.00,184306
23-Dec-13,1506.00,1521.00,1494.00,1520.00,1033135
20-Dec-13,1506.00,1518.00,1474.00,1506.00,2665794
19-Dec-13,1482.00,1504.00,1482.00,1496.00,1886324
18-Dec-13,1471.00,1481.00,1460.00,1466.00,1219929
17-Dec-13,1480.00,1488.00,1455.00,1477.00,1591404
16-Dec-13,1427.00,1488.00,1421.00,1487.00,2058507
13-Dec-13,1434.00,1438.00,1411.00,1419.00,2125802
12-Dec-13,1440.00,1448.00,1423.00,1427.00,1379917
11-Dec-13,1454.00,1479.00,1439.00,1439.00,1439292
10-Dec-13,1461.00,1485.00,1456.00,1461.36,1162563
9-Dec-13,1478.00,1486.00,1456.00,1470.00,840687
6-Dec-13,1449.00,1469.00,1445.00,1466.00,1206731
5-Dec-13,1455.00,1471.00,1443.00,1444.00,1751468
4-Dec-13,1476.00,1488.00,1461.00,1466.00,1526165
3-Dec-13,1528.00,1528.00,1471.00,1471.00,1772346
2-Dec-13,1558.00,1558.00,1514.00,1539.00,1127463
29-Nov-13,1552.00,1573.00,1550.00,1553.00,688338
28-Nov-13,1546.00,1576.00,1540.00,1563.00,550426
27-Nov-13,1553.00,1572.00,1551.00,1562.00,982320
26-Nov-13,1570.00,1575.00,1547.00,1551.00,916126
25-Nov-13,1574.00,1577.00,1565.00,1576.00,1004559
22-Nov-13,1576.00,1576.00,1551.00,1560.80,875546
21-Nov-13,1554.00,1570.00,1550.00,1562.00,1059182
20-Nov-13,1559.00,1580.00,1547.00,1573.40,1293834
19-Nov-13,1566.00,1569.00,1546.00,1567.49,1278743
18-Nov-13,1578.00,1586.00,1561.00,1572.05,1115650
15-Nov-13,1613.00,1622.00,1580.00,1595.00,1302930
14-Nov-13,1603.00,1617.00,1585.00,1617.00,1375988
13-Nov-13,1598.00,1611.00,1576.00,1586.22,2333809
12-Nov-13,1575.00,1630.00,1575.00,1609.00,2906627
11-Nov-13,1539.00,1559.00,1525.00,1559.00,1225511
8-Nov-13,1530.00,1531.00,1500.00,1526.54,1389461
7-Nov-13,1555.00,1583.00,1532.00,1545.00,1576076
6-Nov-13,1547.00,1571.00,1544.00,1560.00,1093194
5-Nov-13,1549.00,1562.00,1540.00,1541.19,1397684
4-Nov-13,1524.00,1565.00,1506.00,1553.00,1781067
1-Nov-13,1531.00,1534.00,1500.00,1505.00,1009313
31-Oct-13,1505.00,1525.00,1500.00,1523.00,1362472
30-Oct-13,1523.00,1532.00,1511.00,1520.00,1078435
29-Oct-13,1520.00,1525.00,1504.00,1517.35,1371338
28-Oct-13,1522.00,1528.00,1491.00,1522.00,1053129
25-Oct-13,1525.00,1525.00,1505.00,1513.00,1370223
24-Oct-13,1527.00,1536.00,1502.00,1516.00,1739003
23-Oct-13,1545.00,-,1512.00,1517.00,1863190
22-Oct-13,1521.00,1557.00,1518.00,1545.00,1566993
21-Oct-13,1536.00,1537.00,1524.00,1537.00,920850
18-Oct-13,1555.00,1555.00,1501.00,1531.00,3228543
17-Oct-13,1582.00,1582.00,1534.00,1539.00,1888531
16-Oct-13,1548.00,1582.00,1537.00,1580.00,1564735
15-Oct-13,1544.00,1573.00,1544.00,1562.00,1455298
14-Oct-13,1495.00,1546.00,1494.00,1540.00,1523305
11-Oct-13,1499.00,1504.00,1487.00,1502.00,1369120
10-Oct-13,1451.00,1503.00,1445.00,1503.00,1657487
9-Oct-13,1455.00,1458.00,1428.00,1443.00,1799388
8-Oct-13,1477.00,1506.00,1456.00,1456.00,1528603
7-Oct-13,1463.00,1490.00,1459.00,1489.00,852212
4-Oct-13,1462.00,1491.00,1455.00,1483.00,1185855
3-Oct-13,1478.00,1505.00,1465.00,1466.00,1302788
2-Oct-13,1489.00,1502.00,1476.00,1496.00,1100001
1-Oct-13,1493.00,1508.00,1482.00,1502.00,1234102
30-Sep-13,1467.00,1486.00,1467.00,1478.00,1081177
27-Sep-13,1514.00,1514.00,1481.00,1494.00,1257317
26-Sep-13,1500.00,1512.00,1490.00,1500.00,1295202
25-Sep-13,1502.00,1504.00,1481.00,1496.00,1300146
24-Sep-13,1506.00,1510.00,1487.00,1499.00,1049475
20-Sep-13,1510.00,1536.00,1510.00,1517.00,2555271
19-Sep-13,1520.00,1542.00,1519.00,1527.00,1941298
18-Sep-13,1488.00,1501.00,1469.00,1482.00,1057993
17-Sep-13,1475.00,1501.00,1475.00,1476.00,1460223
16-Sep-13,1499.00,1504.00,1486.00,1497.00,1410408
13-Sep-13,1465.00,1477.00,1462.00,1470.00,1134431
12-Sep-13,1497.00,1499.00,1467.00,1474.00,1776065
11-Sep-13,1481.00,1521.00,1466.00,1483.54,1985382
10-Sep-13,1464.00,1496.00,1460.00,1483.00,1987689
9-Sep-13,1443.00,1453.00,1428.00,1449.00,1689163
6-Sep-13,1417.00,1442.00,1411.00,1431.00,2220654
5-Sep-13,1378.00,1430.00,1376.00,1427.00,2397358
4-Sep-13,1376.00,1397.00,1359.00,1393.00,1223980
3-Sep-13,1375.00,1388.00,1358.00,1375.28,1277734
2-Sep-13,1376.00,1394.00,1375.00,1384.00,1224862
30-Aug-13,1375.00,1384.00,1360.00,1370.00,2409359
29-Aug-13,1337.00,1383.00,1319.00,1379.00,2636552
28-Aug-13,1352.00,1356.00,1314.00,1334.25,2285495
27-Aug-13,1393.00,1404.00,1353.00,1358.00,2215840
23-Aug-13,1403.00,1416.00,1386.00,1405.00,1595962
22-Aug-13,1365.00,1408.00,1362.00,1403.00,1761143
21-Aug-13,1400.00,1411.00,1380.00,1395.00,1670421
20-Aug-13,1368.00,1399.00,1335.00,1399.00,2877867
19-Aug-13,1453.00,1454.00,1424.00,1426.00,1274125
16-Aug-13,1444.00,1450.00,1411.00,1449.00,1921721
15-Aug-13,1465.00,1472.00,1429.00,1440.00,1399189
14-Aug-13,1460.00,1487.00,1460.00,1470.95,1208992
13-Aug-13,1465.00,1475.00,1449.00,1468.00,1011436
12-Aug-13,1474.00,1484.00,1445.00,1467.00,1728157
9-Aug-13,1445.00,1475.00,1441.00,1471.00,1579636
8-Aug-13,1438.00,1450.00,1423.00,1447.00,1095436
7-Aug-13,1431.00,1447.00,1422.00,1427.00,928107
6-Aug-13,1432.00,1455.00,1428.00,1438.00,1698482
5-Aug-13,1433.00,1439.00,1422.00,1432.00,721045
2-Aug-13,1413.00,1438.00,1400.00,1425.00,1948878
1-Aug-13,1391.00,1411.00,1385.00,1405.00,2146130
31-Jul-13,1350.00,1391.00,1350.00,1381.00,1855172
30-Jul-13,1361.00,1367.00,1349.00,1364.00,1263070
29-Jul-13,1359.00,1367.00,1348.00,1357.00,825491
26-Jul-13,1362.00,1368.00,1350.00,1354.00,1325753
25-Jul-13,1366.00,1367.00,1349.00,1351.00,1695776
24-Jul-13,1350.00,1371.00,1350.00,1366.00,1288686
23-Jul-13,1360.00,1375.00,1341.00,1350.00,1234745
22-Jul-13,1359.00,1360.00,1344.00,1349.00,1030489
19-Jul-13,1349.00,1359.00,1333.00,1355.00,1492541
18-Jul-13,1322.00,1353.00,1318.00,1351.00,1951732
17-Jul-13,1326.00,1337.00,1311.00,1320.00,1866028
16-Jul-13,1363.00,1363.00,1328.00,1336.51,1231483
15-Jul-13,1351.00,1357.00,1342.00,1352.00,1266072
12-Jul-13,1345.00,1350.00,1334.00,1345.00,1185310
11-Jul-13,1355.00,1357.00,1331.00,1336.00,1332067
10-Jul-13,1360.00,1368.00,1327.00,1331.00,1264828
9-Jul-13,1360.00,1366.00,1348.00,1355.00,1454207
8-Jul-13,1325.00,1352.00,1322.00,1341.00,1778484
5-Jul-13,1359.00,1360.00,1301.00,1315.00,2111923
4-Jul-13,1311.00,1354.00,1287.00,1352.00,1831186
3-Jul-13,1327.00,1333.00,1284.00,1292.00,1824517
2-Jul-13,1353.00,1358.00,1337.00,1350.50,1092038
1-Jul-13,1338.00,1360.00,1317.00,1358.00,998733
28-Jun-13,1353.00,1356.00,1329.00,1335.00,1270378
27-Jun-13,1319.00,1348.00,1316.00,1338.00,1553895
26-Jun-13,1291.00,1324.00,1290.00,1322.00,1613393
25-Jun-13,1280.00,1298.00,1266.00,1285.84,1706657
24-Jun-13,1288.00,1288.00,1253.00,1259.00,2279060
21-Jun-13,1288.00,1331.00,1284.00,1293.00,4611302
20-Jun-13,1304.00,1315.00,1278.00,1280.00,5220218
19-Jun-13,1327.00,1337.00,1313.00,1331.00,1436165
18-Jun-13,1327.00,1339.00,1315.00,1327.00,1602247
17-Jun-13,1326.00,1339.00,1310.00,1334.00,1362015
14-Jun-13,1326.00,1335.00,1311.00,1318.00,1386758
13-Jun-13,1275.00,1325.00,1273.00,1311.00,2056722
12-Jun-13,1315.00,1321.00,1289.00,1291.00,1806086
11-Jun-13,1350.00,1350.00,1303.00,1317.00,1442106
10-Jun-13,1359.00,1362.00,1343.00,1348.00,1002171
7-Jun-13,1331.00,1361.00,1316.00,1359.00,1772900
6-Jun-13,1353.00,1361.00,1324.00,1324.00,1524411
5-Jun-13,1376.00,1421.00,1347.00,1352.00,2872467
4-Jun-13,1417.00,1417.00,1387.00,1396.70,1944204
3-Jun-13,1384.00,1417.00,1382.00,1401.00,1582501
31-May-13,1434.00,1434.00,1392.00,1396.00,3128347
30-May-13,1400.00,1435.00,1400.00,1435.00,4145537
29-May-13,1434.00,1444.00,1395.00,1398.00,3012809
28-May-13,1417.00,1451.00,1230.12,1440.00,4182510
24-May-13,1410.00,1428.00,1385.00,1390.00,2124084
23-May-13,1385.00,1420.00,1384.00,1399.00,2417913
22-May-13,1430.00,1442.10,1400.00,1414.00,3133794
21-May-13,1458.00,1461.95,1431.00,1442.00,2459917
20-May-13,1441.00,1458.00,1436.00,1449.82,893757
17-May-13,1415.00,1453.00,1406.00,1441.00,2260067
16-May-13,1412.00,1423.00,1400.00,1406.00,838094
15-May-13,1396.00,1421.00,1394.00,1410.00,1119287
14-May-13,1378.00,1406.00,1368.00,1406.00,1159502
13-May-13,1372.00,1388.00,1371.00,1382.00,1183507
10-May-13,1358.00,1375.00,1346.00,1375.00,1655649
9-May-13,1385.00,1386.00,1358.00,1370.00,1254523
8-May-13,1391.00,1407.00,1367.00,1384.00,3137381
7-May-13,1399.00,1444.00,1395.00,1435.00,2159483
3-May-13,1364.00,1405.00,1356.00,1402.00,1726749
2-May-13,1367.00,1370.80,1319.00,1357.00,2364492
1-May-13,1398.00,1405.00,1360.25,1365.00,580652
30-Apr-13,1425.00,1428.00,1380.00,1382.00,1197895
29-Apr-13,1375.00,1417.00,1375.00,1416.00,1118397
26-Apr-13,1405.00,1422.00,1374.00,1376.00,1934424
25-Apr-13,1413.00,1432.00,1406.00,1411.00,1634337
24-Apr-13,1381.00,1414.00,1377.00,1401.10,2569510
23-Apr-13,1314.00,1387.00,1314.00,1387.00,2166860
22-Apr-13,1331.00,1335.00,1300.00,1315.00,1539940
19-Apr-13,1310.00,1342.00,1308.00,1318.00,1655304
18-Apr-13,1325.00,1327.00,1304.00,1322.00,1759490
17-Apr-13,1369.00,1369.00,1313.00,1320.00,2156336
16-Apr-13,1358.00,1365.00,1346.00,1356.00,1539296
15-Apr-13,1384.00,1394.00,1361.00,1370.00,971535
12-Apr-13,1422.00,1429.00,1385.00,1390.00,1293459
11-Apr-13,1416.00,1435.00,1411.00,1423.64,1103590
10-Apr-13,1360.00,1432.00,1360.00,1430.00,1604453
9-Apr-13,1374.00,1389.00,1357.00,1364.00,1516939
8-Apr-13,1366.00,1387.00,1366.00,1373.00,1152253
5-Apr-13,1421.00,1421.00,1350.68,1370.00,2193614
4-Apr-13,1448.00,1459.00,1405.00,1410.00,1866897
3-Apr-13,1460.00,1474.00,1448.00,1450.00,1153640
2-Apr-13,1436.00,1478.00,1432.00,1463.30,1645844
28-Mar-13,1427.00,1467.00,1427.00,1452.00,1631078
27-Mar-13,1455.00,1464.00,1428.00,1436.00,1807317
26-Mar-13,1450.00,1463.00,1437.00,1455.00,2190752
25-Mar-13,1485.00,1505.00,1461.00,1463.00,1339370
22-Mar-13,1470.00,1486.00,1461.00,1474.95,1614117
21-Mar-13,1515.00,1520.00,1485.00,1488.02,1654621
20-Mar-13,1528.00,1537.00,1513.00,1526.20,1797574
19-Mar-13,1514.00,1534.00,1502.00,1515.40,1655783
18-Mar-13,1508.05,1526.80,1475.00,1517.00,1460437
15-Mar-13,1538.00,1554.00,1518.46,1540.90,3056253
14-Mar-13,1489.00,1540.00,1489.00,1540.00,2202339
13-Mar-13,1488.00,1491.95,1466.00,1476.85,1731602
12-Mar-13,1497.00,1501.00,1481.00,1494.00,997326
11-Mar-13,1485.00,1502.00,1483.00,1498.00,980010
8-Mar-13,1489.00,1500.00,1477.00,1490.00,1765352
7-Mar-13,1447.00,1493.00,1447.00,1480.45,1860727
6-Mar-13,1484.00,1494.00,1446.00,1450.00,2777448
5-Mar-13,1470.00,1515.00,1460.00,1514.00,2232056
4-Mar-13,1435.00,1470.00,1423.00,1461.00,1943219
1-Mar-13,1431.00,1449.00,1412.00,1431.46,2488996
28-Feb-13,1431.00,1447.73,1425.00,1438.46,1967369
27-Feb-13,1442.00,1454.20,1418.00,1435.00,3106322
26-Feb-13,1385.00,1455.00,1382.80,1422.20,4220709
25-Feb-13,1395.00,1438.00,1390.00,1421.00,2756688
22-Feb-13,1340.00,1396.00,1340.00,1394.00,2142254
21-Feb-13,1384.00,1392.00,1333.00,1336.00,2781211
20-Feb-13,1400.00,1425.00,1388.55,1406.15,1426770
19-Feb-13,1380.00,1398.00,1372.00,1398.00,1756279
18-Feb-13,1378.00,1393.00,1370.00,1390.00,979225
15-Feb-13,1395.00,1403.00,1378.00,1388.00,1576273
14-Feb-13,1410.00,1434.00,1396.00,1411.90,1958923
13-Feb-13,1355.00,1433.00,1355.00,1420.00,2320496
12-Feb-13,1331.00,1370.00,1326.00,1356.00,1982007
11-Feb-13,1339.00,1344.00,1323.00,1338.00,1206850
8-Feb-13,1315.00,1342.64,1309.00,1330.00,1639713
7-Feb-13,1317.00,1341.00,1306.00,1309.00,2246612
6-Feb-13,1327.00,1339.00,1309.00,1315.00,1786722
5-Feb-13,1308.00,1327.00,1304.00,1318.00,3027599
4-Feb-13,1377.00,1377.00,1305.00,1310.00,2372283
1-Feb-13,1367.00,1378.00,1361.00,1369.00,1663419
31-Jan-13,1342.00,1379.07,1337.00,1362.00,2237962
30-Jan-13,1348.00,1368.00,1339.00,1346.00,1917022
29-Jan-13,1350.00,1368.00,1327.00,1364.00,1466603
28-Jan-13,1340.00,1359.00,1329.00,1353.00,1207213
25-Jan-13,1335.00,1386.00,1321.00,1349.00,3030026
24-Jan-13,1269.00,1349.00,1265.00,1321.65,3256692
23-Jan-13,1285.00,1297.00,1265.00,1274.00,1153749
22-Jan-13,1262.00,1291.00,1243.00,1285.00,1759311
21-Jan-13,1263.00,1269.00,1252.00,1265.00,702511
18-Jan-13,1243.00,1263.00,1243.00,1250.00,2485037
17-Jan-13,1217.00,1240.62,1214.00,1239.00,1056376
16-Jan-13,1221.00,1237.00,1213.00,1223.25,1124040
15-Jan-13,1236.00,1236.00,1212.00,1215.00,988654
14-Jan-13,1239.00,1247.00,1230.00,1236.00,840013
11-Jan-13,1240.00,1248.03,1224.70,1235.00,1146098
10-Jan-13,1225.00,1250.00,1221.00,1240.50,1327630
9-Jan-13,1227.00,1243.00,1212.00,1225.00,1568136
8-Jan-13,1254.00,1257.00,1221.00,1221.00,1233775
7-Jan-13,1268.00,1268.00,1249.00,1253.00,815285
4-Jan-13,1257.00,1271.00,1253.00,1263.00,777622
3-Jan-13,1275.00,1276.40,1257.00,1266.00,1090223
2-Jan-13,1247.00,1295.00,1247.00,1283.00,1531536
