31-Dec-15,557.00,561.50,555.50,557.00,81635
30-Dec-15,550.50,562.28,550.50,558.00,189270
29-Dec-15,546.00,557.50,544.50,554.50,143875
24-Dec-15,550.50,550.50,541.00,545.50,53797
23-Dec-15,552.50,552.61,540.00,548.00,214852
22-Dec-15,539.00,549.50,538.00,547.00,107803
21-Dec-15,538.00,550.00,538.00,538.00,220571
18-Dec-15,538.00,546.00,535.00,542.00,407442
16-Dec-15,529.50,538.50,523.50,533.00,353626
15-Dec-15,518.00,538.00,517.00,527.00,371489
14-Dec-15,523.00,539.00,513.00,515.50,425300
11-Dec-15,523.00,532.50,523.00,527.00,377340
10-Dec-15,528.00,534.22,523.50,528.00,347209
9-Dec-15,537.50,539.00,527.50,533.50,458616
8-Dec-15,554.50,559.90,525.00,536.00,639561
7-Dec-15,559.00,561.00,553.00,558.00,216659
4-Dec-15,542.00,560.00,538.50,548.97,539358
3-Dec-15,541.00,560.50,540.00,540.50,389793
2-Dec-15,546.50,549.35,537.00,546.00,239515
1-Dec-15,535.50,544.50,532.00,534.50,454265
30-Nov-15,514.50,537.50,513.00,519.25,810956
27-Nov-15,518.50,520.50,511.00,519.00,250159
26-Nov-15,502.50,519.00,502.00,516.50,297142
25-Nov-15,499.90,522.50,497.40,503.00,610030
24-Nov-15,508.50,508.50,488.10,495.00,550332
23-Nov-15,508.00,511.50,499.40,507.00,301052
20-Nov-15,510.00,515.00,505.50,508.00,288204
19-Nov-15,515.50,516.54,499.46,513.00,579162
18-Nov-15,514.50,519.00,510.00,515.00,399780
17-Nov-15,512.00,522.50,512.00,516.50,468226
16-Nov-15,500.00,510.50,496.60,510.00,673020
13-Nov-15,501.50,510.00,495.80,502.00,591397
12-Nov-15,502.00,509.56,490.99,504.50,413505
11-Nov-15,501.50,510.50,493.70,505.00,566495
10-Nov-15,514.00,514.00,493.00,500.00,1040801
9-Nov-15,523.00,526.50,504.36,512.50,412720
6-Nov-15,524.00,532.00,516.50,523.00,331499
5-Nov-15,513.00,532.00,513.00,525.00,414380
4-Nov-15,541.50,546.04,508.00,513.50,643088
3-Nov-15,550.50,554.84,527.00,534.00,693173
2-Nov-15,566.50,569.00,546.50,552.00,379263
30-Oct-15,534.00,545.50,534.00,544.00,222518
29-Oct-15,539.00,539.00,529.50,533.50,200011
28-Oct-15,542.50,549.50,537.50,538.50,187662
27-Oct-15,547.00,563.00,543.00,543.50,341198
26-Oct-15,540.00,550.61,538.00,549.00,161871
23-Oct-15,548.50,549.00,534.00,543.00,266773
22-Oct-15,543.00,548.00,538.50,545.50,275535
21-Oct-15,540.00,551.00,537.00,547.50,316728
20-Oct-15,531.50,542.40,531.50,537.00,239678
19-Oct-15,530.50,537.45,526.00,532.50,166192
16-Oct-15,535.50,538.00,525.50,528.50,275381
15-Oct-15,531.00,539.00,526.00,535.00,240284
14-Oct-15,536.00,540.05,526.50,529.00,376411
13-Oct-15,520.00,548.00,519.50,540.00,533338
12-Oct-15,532.50,533.00,520.55,525.50,314142
9-Oct-15,551.00,558.00,532.00,536.00,279112
8-Oct-15,551.00,557.00,546.00,551.50,363382
7-Oct-15,563.50,570.50,552.50,555.00,356209
6-Oct-15,561.00,566.00,558.50,564.50,201413
5-Oct-15,569.50,572.00,559.00,563.50,174398
2-Oct-15,574.50,576.00,548.00,556.00,220153
1-Oct-15,581.50,584.00,566.66,573.00,179556
30-Sep-15,572.00,578.00,565.50,571.00,276784
29-Sep-15,562.50,573.50,553.00,560.00,418597
28-Sep-15,574.50,584.00,571.00,572.50,209004
25-Sep-15,581.50,589.50,576.00,585.00,251023
24-Sep-15,566.00,575.00,561.00,570.50,316543
23-Sep-15,567.00,574.50,562.50,567.54,324031
22-Sep-15,578.00,579.50,563.00,569.50,408954
21-Sep-15,577.50,582.88,568.50,572.00,271662
18-Sep-15,575.00,580.50,559.50,568.00,468185
17-Sep-15,584.50,584.77,571.00,576.00,311499
16-Sep-15,586.50,586.50,576.50,580.00,222811
15-Sep-15,585.00,588.50,574.00,581.50,480104
14-Sep-15,590.50,598.50,583.50,586.00,349608
11-Sep-15,594.50,596.50,583.00,587.00,449644
10-Sep-15,577.00,596.00,573.00,591.00,426959
9-Sep-15,570.00,585.00,567.00,569.65,684509
8-Sep-15,562.00,564.00,553.00,556.50,190877
7-Sep-15,553.00,555.09,540.00,552.00,182673
4-Sep-15,542.00,550.00,541.00,545.50,277915
3-Sep-15,548.50,556.50,541.00,548.00,171062
2-Sep-15,531.50,546.00,528.50,543.50,204632
1-Sep-15,547.00,547.00,522.50,532.50,387223
28-Aug-15,542.00,553.00,530.27,553.00,267806
27-Aug-15,532.00,544.00,531.50,539.50,263795
26-Aug-15,521.00,535.00,517.00,523.50,398071
25-Aug-15,501.50,529.50,501.50,527.50,367492
24-Aug-15,509.50,520.00,483.95,499.40,482091
21-Aug-15,535.00,544.25,520.00,522.00,284530
20-Aug-15,549.00,554.28,535.00,542.50,313063
19-Aug-15,559.00,564.50,552.00,555.00,265764
18-Aug-15,569.50,571.50,562.23,562.50,174967
17-Aug-15,570.00,578.13,558.00,568.00,348691
14-Aug-15,575.00,581.40,540.00,570.00,562706
13-Aug-15,573.00,573.00,562.00,570.00,345858
12-Aug-15,564.50,571.00,558.50,564.50,370198
11-Aug-15,567.00,571.50,561.97,569.00,294330
10-Aug-15,579.50,579.50,563.50,567.00,343530
7-Aug-15,564.00,583.00,556.00,577.50,406923
6-Aug-15,556.50,563.00,544.00,561.00,460018
5-Aug-15,556.00,558.00,551.50,555.50,263952
4-Aug-15,549.00,557.50,544.00,551.50,355919
3-Aug-15,540.00,543.50,534.50,547.00,235053
31-Jul-15,530.00,547.50,530.00,546.00,399358
30-Jul-15,520.00,531.50,518.00,531.00,479958
29-Jul-15,524.00,531.20,517.00,521.50,369196
28-Jul-15,530.00,533.50,521.50,524.00,407703
27-Jul-15,517.50,531.00,515.02,529.00,436862
24-Jul-15,533.00,534.50,518.87,523.50,314311
23-Jul-15,522.50,534.67,511.68,529.00,222867
22-Jul-15,525.50,538.00,524.50,534.00,267915
21-Jul-15,545.00,546.50,532.50,535.00,221221
20-Jul-15,531.00,546.00,531.00,542.50,163911
17-Jul-15,540.00,542.00,530.50,535.00,263589
16-Jul-15,546.50,548.00,540.50,542.00,236538
15-Jul-15,541.50,551.00,541.50,544.50,307494
14-Jul-15,556.00,556.00,536.13,544.50,288036
13-Jul-15,548.00,560.00,541.00,553.00,328937
10-Jul-15,534.00,542.50,526.86,542.50,395879
9-Jul-15,522.50,528.00,513.50,524.50,661937
8-Jul-15,551.50,551.50,513.03,513.50,772443
7-Jul-15,564.50,566.50,540.72,549.00,511523
6-Jul-15,549.00,568.00,547.94,562.00,394103
3-Jul-15,557.00,566.00,555.00,558.50,176814
2-Jul-15,548.50,560.00,541.00,559.50,460545
1-Jul-15,564.00,572.08,549.50,554.50,453885
30-Jun-15,554.50,568.00,545.50,561.50,575885
29-Jun-15,544.00,554.00,528.55,551.00,385747
26-Jun-15,558.00,566.00,556.00,558.00,148734
25-Jun-15,550.00,569.50,550.00,565.00,483434
24-Jun-15,570.00,570.00,552.00,556.50,545344
23-Jun-15,579.50,587.92,568.50,569.00,306881
22-Jun-15,570.00,583.00,563.53,581.50,446208
19-Jun-15,565.50,575.86,554.50,563.25,866446
18-Jun-15,555.00,571.00,550.50,569.50,424119
17-Jun-15,568.50,568.50,527.00,558.50,380249
16-Jun-15,545.00,557.50,526.00,556.00,486090
15-Jun-15,556.50,558.95,543.50,544.50,349860
12-Jun-15,562.00,566.60,551.50,553.50,605759
11-Jun-15,543.00,569.00,543.00,562.00,660280
10-Jun-15,526.00,548.50,523.00,546.50,1136001
9-Jun-15,523.00,526.00,511.50,523.00,416067
8-Jun-15,523.50,530.00,517.00,519.00,255203
5-Jun-15,530.00,530.00,518.50,524.50,331336
4-Jun-15,544.00,544.00,525.50,529.00,466660
3-Jun-15,544.50,549.00,539.50,541.50,495197
2-Jun-15,539.50,541.50,534.50,537.00,359432
1-Jun-15,538.00,540.63,531.50,535.00,294019
29-May-15,542.00,542.00,526.50,535.00,738807
28-May-15,538.00,540.00,529.88,540.00,357290
27-May-15,546.50,547.12,533.00,537.00,447426
26-May-15,548.50,548.50,529.00,538.50,266797
22-May-15,536.50,539.50,530.50,535.00,228324
21-May-15,535.00,536.39,527.50,534.00,442630
20-May-15,526.50,542.25,523.50,532.69,723982
19-May-15,517.00,531.00,513.00,520.00,604830
18-May-15,505.50,536.50,505.50,511.00,327851
15-May-15,501.00,549.00,497.73,506.00,479924
14-May-15,481.60,500.50,479.40,495.35,535251
13-May-15,460.80,481.30,460.00,477.40,414845
12-May-15,452.80,463.60,452.80,460.00,249569
11-May-15,459.80,465.50,456.35,462.00,297741
8-May-15,453.00,469.40,445.18,455.80,755393
7-May-15,434.60,435.70,421.10,433.60,359428
6-May-15,435.80,437.40,429.39,434.40,420153
5-May-15,447.90,448.00,431.90,434.70,446034
1-May-15,446.60,452.60,431.20,448.20,307649
30-Apr-15,445.20,450.50,443.17,448.60,352477
29-Apr-15,452.00,456.30,441.10,446.70,750558
28-Apr-15,458.20,460.00,448.00,451.40,548836
27-Apr-15,457.80,457.80,444.80,455.10,405892
24-Apr-15,456.90,463.00,447.80,449.30,582451
23-Apr-15,462.90,462.90,454.90,458.60,335840
22-Apr-15,459.30,462.80,453.30,459.00,548782
21-Apr-15,443.90,458.30,443.90,456.20,411464
20-Apr-15,440.80,444.00,436.40,440.40,442741
17-Apr-15,444.00,447.90,435.10,437.00,234360
16-Apr-15,459.50,461.35,444.50,444.50,373598
15-Apr-15,452.00,463.50,451.93,455.10,245668
14-Apr-15,453.00,460.60,451.60,453.40,416253
13-Apr-15,454.90,455.00,444.30,453.70,253600
10-Apr-15,444.20,454.10,442.87,454.00,352439
9-Apr-15,436.00,441.90,432.40,438.90,328347
8-Apr-15,436.60,440.60,430.30,438.40,296876
7-Apr-15,433.50,440.00,428.50,433.20,369259
2-Apr-15,432.90,437.10,430.40,433.00,190567
1-Apr-15,425.80,441.90,417.20,432.60,806570
31-Mar-15,417.60,430.50,414.42,425.70,401989
30-Mar-15,426.00,426.00,418.00,422.70,538847
27-Mar-15,429.70,433.30,421.40,421.60,519783
26-Mar-15,434.60,438.38,425.20,425.20,487772
25-Mar-15,440.20,449.13,436.20,440.20,287983
24-Mar-15,435.00,447.70,433.32,443.80,353675
23-Mar-15,442.60,442.60,432.00,433.50,334393
20-Mar-15,444.30,448.20,436.20,441.50,521925
19-Mar-15,431.30,449.50,427.99,441.00,775412
18-Mar-15,428.60,432.90,424.50,425.20,613638
17-Mar-15,416.00,428.50,416.00,427.10,514481
16-Mar-15,414.00,422.30,409.20,421.70,420207
13-Mar-15,406.70,412.40,403.20,410.10,439972
12-Mar-15,415.00,424.70,407.20,409.20,474437
11-Mar-15,421.30,422.60,415.62,419.30,400629
10-Mar-15,424.00,429.70,416.20,418.50,462555
9-Mar-15,430.90,430.90,424.00,428.90,380236
6-Mar-15,441.10,441.70,422.00,431.30,703700
5-Mar-15,443.40,443.40,437.00,437.00,254629
4-Mar-15,437.00,442.20,432.80,439.10,267889
3-Mar-15,447.10,447.10,434.86,440.90,462096
2-Mar-15,444.00,449.71,441.05,443.10,325275
27-Feb-15,445.60,448.00,434.90,442.10,457380
26-Feb-15,444.30,447.30,439.58,444.70,251148
25-Feb-15,451.60,451.60,438.50,444.00,309306
24-Feb-15,450.00,450.00,434.98,447.30,181324
23-Feb-15,442.60,450.00,441.90,446.50,203847
20-Feb-15,433.60,443.00,433.40,442.00,433941
19-Feb-15,438.10,444.50,438.10,442.50,258758
18-Feb-15,444.00,444.00,436.00,441.40,232458
17-Feb-15,440.80,441.60,433.50,438.90,273691
16-Feb-15,444.90,444.90,429.92,437.80,300366
13-Feb-15,460.00,460.00,435.43,442.00,501272
12-Feb-15,434.00,466.00,433.99,451.31,659277
11-Feb-15,418.00,450.70,418.00,445.00,732484
10-Feb-15,420.70,426.30,420.70,426.00,201170
9-Feb-15,422.80,425.00,417.50,424.00,200357
6-Feb-15,418.10,423.41,415.85,421.00,272234
5-Feb-15,414.90,425.00,414.90,422.60,270852
4-Feb-15,416.60,420.90,408.00,420.50,388227
3-Feb-15,411.40,427.00,411.40,418.60,828595
2-Feb-15,415.20,415.54,409.80,414.70,712143
30-Jan-15,412.20,415.80,400.76,411.00,450707
29-Jan-15,398.00,414.20,391.96,410.15,777675
28-Jan-15,381.00,406.00,381.00,406.00,683347
27-Jan-15,380.00,393.00,378.12,380.00,736247
26-Jan-15,366.30,377.30,364.10,372.30,232149
23-Jan-15,361.40,372.90,357.50,363.70,320052
22-Jan-15,345.00,358.30,345.00,357.00,296802
21-Jan-15,350.80,353.33,345.50,350.00,306070
20-Jan-15,352.60,352.60,343.50,348.70,230512
19-Jan-15,342.00,351.91,342.00,349.30,386553
16-Jan-15,349.90,353.80,342.60,346.10,394251
15-Jan-15,360.00,366.80,350.50,354.00,223809
14-Jan-15,368.50,369.20,356.10,357.70,143087
13-Jan-15,363.90,371.60,361.52,370.00,306998
12-Jan-15,370.00,370.60,353.00,362.40,503449
9-Jan-15,376.10,379.30,365.00,368.90,408191
8-Jan-15,384.20,388.70,382.00,384.80,114216
7-Jan-15,384.00,385.60,378.00,382.00,133620
6-Jan-15,393.20,393.20,378.90,379.60,330147
5-Jan-15,385.00,394.43,381.20,385.00,237454
31-Dec-14,387.00,397.88,382.88,388.40,68340
30-Dec-14,394.40,394.40,382.70,386.80,100358
29-Dec-14,392.00,392.86,385.00,385.30,139593
24-Dec-14,388.00,391.30,379.27,386.70,31230
23-Dec-14,384.00,395.68,380.20,384.90,116502
22-Dec-14,378.00,396.96,376.66,382.20,167966
19-Dec-14,379.10,386.70,375.92,386.70,577407
18-Dec-14,377.60,385.90,373.83,384.20,237442
17-Dec-14,368.40,372.10,364.70,371.60,140082
16-Dec-14,364.00,373.60,360.19,371.90,198635
15-Dec-14,372.00,372.86,362.80,363.10,192886
12-Dec-14,379.90,380.42,369.99,371.30,275639
11-Dec-14,377.10,381.90,377.10,380.70,184607
10-Dec-14,379.70,386.30,378.60,380.40,245243
9-Dec-14,378.00,380.50,374.90,376.50,304188
8-Dec-14,380.20,380.20,375.70,379.00,236158
5-Dec-14,370.00,379.60,369.47,378.00,415924
4-Dec-14,359.70,373.20,359.70,369.70,278303
3-Dec-14,360.60,364.70,359.40,361.04,193120
2-Dec-14,358.60,361.40,355.10,357.40,163474
1-Dec-14,356.50,361.54,355.00,361.00,139233
28-Nov-14,358.70,364.00,355.30,359.10,1077507
27-Nov-14,362.60,362.60,355.10,356.30,265328
26-Nov-14,355.70,364.90,355.70,359.75,238317
25-Nov-14,360.60,364.50,355.00,360.50,279043
24-Nov-14,346.30,356.90,346.30,356.90,195796
21-Nov-14,337.50,356.00,337.50,350.00,565265
20-Nov-14,335.30,340.80,333.38,340.80,477046
19-Nov-14,330.00,334.20,328.20,334.00,1123041
18-Nov-14,341.20,342.74,331.40,334.00,144771
17-Nov-14,334.50,339.70,333.20,338.40,126181
14-Nov-14,336.90,339.72,332.40,337.60,91237
13-Nov-14,337.00,339.56,334.70,338.00,154248
12-Nov-14,335.80,339.19,330.86,333.70,178828
11-Nov-14,341.20,343.90,337.10,339.30,166914
10-Nov-14,337.10,339.24,330.00,338.30,201735
7-Nov-14,337.00,337.30,332.20,333.00,414694
6-Nov-14,338.10,339.40,330.10,334.00,152700
5-Nov-14,341.30,346.30,331.90,337.00,419494
4-Nov-14,341.90,346.00,335.00,337.30,325462
3-Nov-14,335.00,336.35,326.90,333.20,432783
31-Oct-14,336.00,344.00,333.30,335.50,442505
30-Oct-14,330.00,334.04,326.10,332.60,341302
29-Oct-14,325.00,335.60,325.00,331.00,960545
28-Oct-14,328.40,332.21,322.99,325.90,94205
27-Oct-14,325.10,332.58,322.74,328.30,185739
24-Oct-14,327.00,328.60,323.99,327.50,294679
23-Oct-14,335.70,335.70,324.80,325.50,332372
22-Oct-14,331.00,336.70,325.50,334.40,178231
21-Oct-14,307.90,329.40,307.90,329.40,554318
20-Oct-14,315.00,317.00,311.00,311.50,230228
17-Oct-14,305.20,313.98,305.20,313.70,191830
16-Oct-14,304.00,307.90,296.70,307.40,380964
15-Oct-14,310.00,310.30,302.10,303.50,388692
14-Oct-14,298.00,307.90,297.90,305.60,277740
13-Oct-14,296.70,305.09,296.70,298.90,293486
10-Oct-14,303.60,305.60,291.98,302.40,550216
9-Oct-14,318.00,318.50,305.20,305.20,476946
8-Oct-14,315.50,319.50,310.00,312.70,869445
7-Oct-14,317.90,320.80,315.70,320.00,395045
6-Oct-14,320.90,326.20,315.10,319.40,310307
3-Oct-14,310.50,323.70,310.50,320.10,322267
2-Oct-14,320.90,320.90,304.10,304.90,601879
1-Oct-14,316.50,324.90,313.00,317.90,342315
30-Sep-14,328.60,328.98,319.80,325.00,286013
29-Sep-14,321.60,327.46,321.00,325.00,250213
26-Sep-14,325.90,325.90,316.10,320.00,251252
25-Sep-14,324.40,329.65,318.60,320.00,278445
24-Sep-14,324.50,326.00,320.70,325.00,185260
23-Sep-14,328.20,332.20,323.30,330.53,490635
22-Sep-14,331.70,335.80,327.70,329.20,188758
19-Sep-14,332.90,344.00,331.90,334.00,538775
18-Sep-14,334.40,336.37,325.70,330.66,131768
17-Sep-14,334.90,337.00,327.82,334.00,314964
16-Sep-14,333.00,336.13,308.30,326.00,424243
15-Sep-14,329.50,340.30,329.50,336.90,185597
12-Sep-14,337.00,341.80,332.95,337.00,272321
11-Sep-14,343.20,343.20,331.80,336.00,107961
10-Sep-14,341.40,345.20,332.30,337.40,124528
9-Sep-14,334.00,347.70,324.33,344.60,182034
8-Sep-14,338.50,345.81,329.60,333.00,173916
5-Sep-14,346.50,348.58,342.00,343.00,63401
4-Sep-14,348.70,348.81,342.10,346.50,87585
3-Sep-14,349.70,356.54,339.40,346.00,170374
2-Sep-14,367.10,367.10,347.80,351.60,204234
1-Sep-14,366.60,366.60,358.10,360.00,50464
29-Aug-14,364.30,371.70,355.00,358.80,104536
28-Aug-14,364.30,369.10,359.48,364.40,78288
27-Aug-14,366.00,374.20,364.70,369.70,117511
26-Aug-14,370.20,370.20,362.54,363.54,78102
22-Aug-14,367.00,369.30,364.20,367.40,82477
21-Aug-14,369.00,369.10,362.90,365.50,52237
20-Aug-14,371.40,372.84,356.30,363.28,227591
19-Aug-14,362.00,372.60,361.71,367.09,137939
18-Aug-14,360.20,364.30,357.70,362.40,155379
15-Aug-14,352.00,359.90,352.00,356.12,133735
14-Aug-14,354.00,354.40,341.55,350.50,131562
13-Aug-14,342.60,348.90,337.50,346.10,68725
12-Aug-14,330.90,343.30,330.90,341.20,75915
11-Aug-14,338.10,343.60,338.10,340.40,94936
8-Aug-14,335.00,342.90,334.10,340.00,117066
7-Aug-14,338.20,341.80,332.10,340.00,146819
6-Aug-14,336.30,336.30,327.98,336.00,151434
5-Aug-14,346.60,346.90,331.10,336.30,161141
4-Aug-14,352.50,353.40,346.00,346.60,138182
1-Aug-14,347.80,352.50,340.00,352.50,222872
31-Jul-14,350.90,352.50,342.90,351.60,258934
30-Jul-14,353.00,353.80,350.00,350.10,151940
29-Jul-14,354.00,354.60,348.74,350.80,138672
28-Jul-14,353.90,353.90,346.80,350.00,181950
25-Jul-14,346.70,351.00,345.60,350.00,109417
24-Jul-14,347.40,351.10,343.73,350.00,112191
23-Jul-14,346.60,347.60,341.40,345.00,246817
22-Jul-14,340.50,346.60,332.50,346.60,253182
21-Jul-14,337.30,338.58,330.00,333.30,127954
18-Jul-14,335.70,340.98,328.10,336.00,293553
17-Jul-14,341.60,342.33,336.00,336.50,388775
16-Jul-14,338.00,345.30,338.00,343.00,159741
15-Jul-14,343.60,347.39,338.00,338.00,145067
14-Jul-14,347.70,348.10,338.70,347.40,104586
11-Jul-14,337.30,343.70,335.91,339.60,165199
10-Jul-14,343.60,343.60,336.20,338.00,319793
9-Jul-14,345.90,348.42,340.00,342.00,354908
8-Jul-14,363.70,363.70,340.10,344.50,456807
7-Jul-14,361.60,362.15,358.10,359.00,183532
4-Jul-14,356.90,363.00,356.90,360.40,44111
3-Jul-14,358.30,363.70,355.70,361.30,430417
2-Jul-14,354.70,359.40,349.81,355.90,396473
1-Jul-14,342.70,352.90,342.70,352.90,139134
30-Jun-14,352.50,352.50,340.60,344.80,260369
27-Jun-14,351.40,352.70,349.60,349.90,308123
26-Jun-14,344.00,353.00,340.00,348.00,457924
25-Jun-14,346.00,346.00,335.00,343.50,233907
24-Jun-14,347.30,348.00,336.20,344.00,310232
23-Jun-14,344.80,349.60,341.50,345.90,233042
20-Jun-14,341.10,351.40,338.60,348.30,743831
19-Jun-14,341.10,354.00,338.12,344.20,800385
18-Jun-14,343.00,343.20,335.50,339.40,257937
17-Jun-14,333.30,339.50,333.30,337.00,672769
16-Jun-14,330.50,333.19,323.60,325.00,463955
13-Jun-14,341.50,342.10,325.20,329.10,660644
12-Jun-14,347.30,349.80,344.00,344.40,184711
11-Jun-14,344.00,347.20,341.00,345.60,250831
10-Jun-14,344.60,347.32,341.65,345.70,340397
9-Jun-14,331.30,347.75,331.30,345.80,162876
6-Jun-14,327.20,334.80,323.60,334.80,410698
5-Jun-14,330.00,330.60,321.60,324.30,216050
4-Jun-14,330.90,333.64,325.31,327.20,147990
3-Jun-14,336.50,339.80,330.70,331.00,144719
2-Jun-14,335.00,338.00,330.70,335.00,285585
30-May-14,334.30,339.00,331.70,336.40,383060
29-May-14,339.40,339.40,330.70,333.90,167975
28-May-14,342.00,342.00,335.80,337.40,363789
27-May-14,344.00,348.20,340.10,342.46,89154
23-May-14,346.00,346.80,340.60,342.60,65690
22-May-14,341.50,346.00,338.40,341.00,242512
21-May-14,340.20,340.20,331.80,339.00,356450
20-May-14,335.40,343.10,332.86,337.50,264489
19-May-14,343.20,344.40,335.90,336.30,205750
16-May-14,351.20,351.20,336.20,341.20,281887
15-May-14,360.00,363.56,346.30,347.50,340229
14-May-14,361.30,363.00,357.56,360.00,326563
13-May-14,357.90,363.50,354.40,363.50,223061
12-May-14,348.10,353.64,348.00,351.80,99548
9-May-14,356.20,356.90,347.74,349.90,115900
8-May-14,358.00,358.00,350.48,353.40,97639
7-May-14,355.00,358.28,353.40,354.00,208410
6-May-14,361.80,364.44,356.00,359.00,180113
2-May-14,355.70,362.50,349.42,358.00,429336
1-May-14,350.90,353.90,347.82,353.70,104982
30-Apr-14,343.00,348.70,340.30,348.00,259028
29-Apr-14,349.80,349.80,339.20,347.60,258334
28-Apr-14,348.00,348.38,340.10,340.10,115965
25-Apr-14,349.10,350.50,341.30,345.00,720387
24-Apr-14,364.90,367.00,343.40,349.10,288398
23-Apr-14,373.80,373.80,359.70,364.90,125331
22-Apr-14,376.70,376.70,368.30,369.80,201355
17-Apr-14,361.40,375.80,357.50,372.90,109769
16-Apr-14,367.80,368.90,358.40,358.40,280314
15-Apr-14,366.20,368.30,359.00,360.30,229620
14-Apr-14,365.80,376.33,361.50,363.00,179206
11-Apr-14,380.00,385.00,371.50,374.00,510631
10-Apr-14,389.60,389.60,383.50,384.90,380104
9-Apr-14,382.50,386.20,377.50,383.40,613859
8-Apr-14,398.00,400.10,373.90,397.13,811913
7-Apr-14,407.70,408.40,397.24,400.00,188187
4-Apr-14,416.00,420.00,406.28,408.50,332056
3-Apr-14,401.90,418.90,396.30,414.71,1491987
2-Apr-14,399.00,404.50,390.00,403.00,432257
1-Apr-14,395.10,396.00,390.00,394.50,253078
31-Mar-14,390.30,396.68,388.30,393.30,295593
28-Mar-14,389.40,393.15,384.10,388.50,185285
27-Mar-14,389.20,392.80,384.30,387.70,201631
26-Mar-14,380.00,392.20,380.00,388.00,898558
25-Mar-14,385.10,387.80,382.80,386.00,329426
24-Mar-14,388.00,390.20,381.50,383.90,313858
21-Mar-14,388.70,389.60,380.00,386.90,1374953
20-Mar-14,402.60,402.60,389.00,400.00,493382
19-Mar-14,388.00,400.32,388.00,398.00,573445
18-Mar-14,381.00,390.54,381.00,388.50,351745
17-Mar-14,366.00,386.86,366.00,381.00,829297
14-Mar-14,348.50,372.00,348.50,365.20,370877
13-Mar-14,361.30,361.50,357.10,358.30,223995
12-Mar-14,363.00,363.00,347.30,358.40,498403
11-Mar-14,369.80,369.80,358.60,360.00,196247
10-Mar-14,365.00,370.20,362.50,362.60,282842
7-Mar-14,377.80,378.00,367.80,370.00,190091
6-Mar-14,379.60,379.60,375.70,377.80,100240
5-Mar-14,377.40,380.20,375.00,379.40,147508
4-Mar-14,374.50,381.60,374.50,380.00,178403
3-Mar-14,376.20,382.20,372.30,376.10,253870
28-Feb-14,387.70,387.70,380.20,381.90,335201
27-Feb-14,384.00,389.70,377.70,380.20,543333
26-Feb-14,386.00,387.30,378.50,380.07,1313760
25-Feb-14,384.40,395.70,384.40,390.00,711680
24-Feb-14,379.00,394.50,378.90,386.20,445778
21-Feb-14,375.00,382.80,375.00,379.98,307444
20-Feb-14,374.40,381.00,374.40,379.50,159799
19-Feb-14,375.60,381.80,375.40,380.00,125635
18-Feb-14,378.50,380.90,375.00,379.10,171028
17-Feb-14,379.80,383.00,375.00,380.33,148520
14-Feb-14,384.10,384.10,371.60,377.70,208314
13-Feb-14,374.80,380.80,374.00,380.80,135346
12-Feb-14,371.20,378.70,371.20,375.00,1915541
11-Feb-14,381.10,385.90,379.90,380.70,113462
10-Feb-14,371.20,389.40,371.20,379.80,174296
7-Feb-14,379.10,380.00,373.50,375.00,289092
6-Feb-14,375.00,378.40,370.80,378.40,58259
5-Feb-14,365.60,375.70,365.60,370.80,87444
4-Feb-14,364.10,372.90,362.20,370.10,169367
3-Feb-14,367.00,367.00,362.60,363.40,170505
31-Jan-14,371.20,371.20,361.50,366.36,712716
30-Jan-14,363.00,370.30,360.50,370.00,363388
29-Jan-14,360.00,363.00,351.50,361.10,342710
28-Jan-14,360.00,366.80,355.00,355.00,662832
27-Jan-14,360.00,360.00,350.00,352.20,238066
24-Jan-14,369.00,369.00,352.80,355.00,118389
23-Jan-14,373.30,375.20,359.10,364.80,78478
22-Jan-14,379.70,379.70,373.90,375.60,56085
21-Jan-14,380.10,387.00,378.20,378.40,127076
20-Jan-14,377.50,386.60,374.40,380.00,158667
17-Jan-14,379.90,380.00,370.60,376.70,108445
16-Jan-14,387.00,392.00,371.80,380.00,123087
15-Jan-14,390.00,392.00,387.10,392.00,60364
14-Jan-14,387.00,390.00,384.40,388.40,217208
13-Jan-14,393.60,400.30,392.00,392.00,94518
10-Jan-14,387.00,399.40,387.00,399.40,57200
9-Jan-14,391.00,393.50,387.60,390.70,13415
8-Jan-14,397.30,399.50,385.20,387.00,60887
7-Jan-14,390.50,396.40,390.50,392.00,124080
6-Jan-14,383.00,391.40,383.00,388.00,69551
3-Jan-14,369.00,382.00,368.70,380.00,224841
2-Jan-14,372.10,372.10,364.00,370.10,61526
31-Dec-13,369.10,369.50,365.10,365.10,9533
30-Dec-13,362.00,370.30,362.00,365.00,18153
27-Dec-13,362.10,364.40,355.00,361.10,41841
24-Dec-13,361.00,362.10,361.00,362.10,2074
23-Dec-13,361.80,362.10,358.00,361.80,36327
20-Dec-13,358.00,361.60,352.00,357.10,174671
19-Dec-13,354.50,359.50,354.10,358.50,42613
18-Dec-13,356.60,360.00,348.00,351.40,95315
17-Dec-13,358.00,364.10,355.60,356.00,136796
16-Dec-13,360.00,360.60,351.90,359.27,133259
13-Dec-13,354.60,364.80,354.60,361.70,70628
12-Dec-13,364.10,364.80,353.00,354.80,82085
11-Dec-13,360.00,364.80,353.50,355.80,105834
10-Dec-13,364.80,364.80,358.00,360.70,49455
9-Dec-13,354.90,364.20,349.30,360.00,106765
6-Dec-13,350.00,351.00,344.10,349.40,117444
5-Dec-13,346.70,350.00,340.40,340.40,355235
4-Dec-13,347.00,353.30,345.00,347.40,68349
3-Dec-13,352.90,354.20,342.10,346.00,162106
2-Dec-13,357.40,357.40,346.70,346.90,178223
29-Nov-13,351.60,357.20,349.50,357.00,94923
28-Nov-13,364.80,365.00,345.00,345.00,319365
27-Nov-13,353.00,360.00,353.00,359.60,137091
26-Nov-13,358.40,363.00,353.10,353.40,489830
25-Nov-13,364.60,364.60,352.50,353.50,129580
22-Nov-13,357.60,358.00,351.30,354.90,126355
21-Nov-13,358.80,360.10,355.90,355.90,102899
20-Nov-13,369.70,369.70,358.10,360.00,85933
19-Nov-13,367.90,367.90,358.00,361.50,51131
18-Nov-13,364.30,365.40,359.60,360.50,104929
15-Nov-13,371.60,371.60,364.10,365.00,82188
14-Nov-13,375.20,375.20,367.40,369.50,58240
13-Nov-13,375.50,375.50,360.20,366.25,144209
12-Nov-13,371.00,374.40,370.00,372.50,102649
11-Nov-13,381.90,382.00,365.80,374.30,201776
8-Nov-13,382.10,382.70,369.50,374.50,95098
7-Nov-13,374.30,375.40,372.30,374.10,44541
6-Nov-13,376.00,378.00,372.10,375.00,102799
5-Nov-13,389.50,391.90,373.40,374.50,109289
4-Nov-13,391.30,391.30,383.90,385.00,131583
1-Nov-13,394.90,394.90,382.00,385.00,91878
31-Oct-13,393.80,393.80,377.70,387.00,123515
30-Oct-13,382.00,396.80,382.00,385.00,110592
29-Oct-13,376.00,383.30,372.50,382.00,67820
28-Oct-13,380.10,384.50,374.00,376.00,106600
25-Oct-13,382.00,383.50,381.40,382.00,219388
24-Oct-13,387.40,387.40,382.40,385.00,116316
23-Oct-13,380.00,383.50,377.40,383.20,205107
22-Oct-13,382.00,382.00,372.50,378.00,133337
21-Oct-13,369.80,378.00,369.60,376.50,203926
18-Oct-13,367.70,369.20,362.70,365.00,242678
17-Oct-13,362.40,365.00,358.10,361.00,73026
16-Oct-13,366.00,366.00,355.00,360.60,142546
15-Oct-13,364.20,369.40,358.70,360.10,207270
14-Oct-13,343.70,361.00,343.40,360.00,175542
11-Oct-13,349.00,349.50,345.00,346.00,165390
10-Oct-13,347.50,352.90,346.00,346.90,181772
9-Oct-13,336.00,344.70,333.00,343.50,275256
8-Oct-13,335.00,335.00,329.80,329.80,204607
7-Oct-13,336.00,339.00,330.00,334.00,215542
4-Oct-13,336.50,338.20,334.00,336.00,71980
3-Oct-13,334.00,339.30,334.00,335.00,117363
2-Oct-13,335.40,337.10,329.80,333.90,99261
1-Oct-13,331.50,336.10,330.60,334.50,220332
30-Sep-13,332.00,333.40,322.20,331.70,554731
27-Sep-13,329.50,337.50,329.50,335.50,2217560
26-Sep-13,335.50,335.50,327.00,330.10,120190
25-Sep-13,342.80,342.80,330.10,331.70,153495
24-Sep-13,343.80,347.00,332.20,335.10,389249
20-Sep-13,337.60,337.60,328.60,333.00,995571
19-Sep-13,330.00,334.00,329.80,333.06,383517
18-Sep-13,324.00,330.10,319.90,325.00,598300
17-Sep-13,340.00,342.80,332.70,333.70,263952
16-Sep-13,343.50,346.80,334.70,343.17,122360
13-Sep-13,330.00,338.50,327.00,337.20,148004
12-Sep-13,325.40,327.40,319.50,325.00,125015
11-Sep-13,325.60,325.60,317.20,321.50,81820
10-Sep-13,328.20,328.20,319.70,321.30,82073
9-Sep-13,316.10,323.50,316.10,321.50,57023
6-Sep-13,320.50,320.50,316.60,318.00,65373
5-Sep-13,307.90,321.00,307.90,321.00,110124
4-Sep-13,317.00,319.90,314.10,315.50,51205
3-Sep-13,315.80,319.90,315.00,316.00,106834
2-Sep-13,308.80,322.00,308.80,317.90,256085
30-Aug-13,310.00,319.10,307.70,307.70,107109
29-Aug-13,314.70,320.50,314.70,315.00,187993
28-Aug-13,317.00,327.00,315.00,318.50,146211
27-Aug-13,329.20,332.50,318.30,323.00,51182
23-Aug-13,338.40,338.40,331.40,333.80,22223
22-Aug-13,327.90,336.90,323.20,330.20,99344
21-Aug-13,347.10,347.10,329.60,330.80,56011
20-Aug-13,317.40,348.80,317.40,337.00,132994
19-Aug-13,325.70,325.70,320.30,323.20,108162
16-Aug-13,328.60,329.10,317.90,325.80,147885
15-Aug-13,339.40,340.00,320.20,342.60,232480
14-Aug-13,338.80,348.20,338.80,342.80,116240
13-Aug-13,340.00,344.40,340.00,342.60,54578
12-Aug-13,335.00,341.50,332.00,335.50,328539
9-Aug-13,344.60,349.90,331.10,335.60,103600
8-Aug-13,350.00,350.00,342.80,347.00,186846
7-Aug-13,344.10,350.00,344.10,349.10,137201
6-Aug-13,345.70,349.20,345.00,349.20,106079
5-Aug-13,329.40,343.30,329.40,340.60,35355
2-Aug-13,331.20,340.00,331.20,337.10,54965
1-Aug-13,338.30,341.90,327.00,339.10,122723
31-Jul-13,334.60,348.90,329.40,336.20,249723
30-Jul-13,331.80,348.30,331.80,337.20,74099
29-Jul-13,330.60,335.00,329.10,332.60,72964
26-Jul-13,335.20,337.10,330.80,331.24,67487
25-Jul-13,338.30,338.70,335.80,336.90,36731
24-Jul-13,339.30,344.90,336.20,339.40,62685
23-Jul-13,346.10,347.40,341.20,344.60,49523
22-Jul-13,344.20,347.30,342.50,345.00,72199
19-Jul-13,339.90,349.70,339.90,344.00,81180
18-Jul-13,338.20,348.60,338.20,348.60,78539
17-Jul-13,349.30,349.30,335.00,338.90,84644
16-Jul-13,355.00,358.20,344.40,344.40,86768
15-Jul-13,359.40,368.10,355.40,355.50,286841
12-Jul-13,352.30,358.70,349.40,355.90,141144
11-Jul-13,348.70,357.40,348.70,357.40,90152
10-Jul-13,368.90,368.90,341.31,350.60,235126
9-Jul-13,358.60,365.30,354.27,360.00,155957
8-Jul-13,346.10,359.50,342.18,354.00,219678
5-Jul-13,332.80,346.40,330.46,340.00,257425
4-Jul-13,331.30,333.50,322.82,333.50,87300
3-Jul-13,331.40,331.40,320.70,323.97,192886
2-Jul-13,324.90,328.40,320.20,321.52,276102
1-Jul-13,322.70,330.90,319.00,326.20,233321
28-Jun-13,321.90,321.90,313.60,318.41,246886
27-Jun-13,312.00,322.70,312.00,321.40,326542
26-Jun-13,320.50,325.00,311.10,312.00,423867
25-Jun-13,313.30,326.00,313.00,322.90,496742
24-Jun-13,332.00,332.00,305.70,310.00,292057
21-Jun-13,340.00,340.00,326.00,326.00,7601571
20-Jun-13,354.00,354.00,332.00,332.00,623201
19-Jun-13,350.00,350.00,334.75,339.00,760915
18-Jun-13,346.25,350.00,337.00,339.50,510905
17-Jun-13,320.75,339.25,320.75,338.00,486288
14-Jun-13,327.50,333.25,319.50,320.00,166945
13-Jun-13,326.00,331.72,321.50,325.00,235389
12-Jun-13,327.50,334.75,327.25,330.25,155618
11-Jun-13,329.75,331.00,320.25,331.00,239218
10-Jun-13,338.75,338.75,326.50,328.00,90976
7-Jun-13,343.25,343.25,333.00,335.00,225823
6-Jun-13,339.00,345.00,327.75,339.00,516904
5-Jun-13,355.00,355.00,337.75,339.75,117912
4-Jun-13,354.00,354.00,347.25,348.00,104682
3-Jun-13,347.00,352.25,347.00,347.50,35460
31-May-13,350.00,357.00,346.25,350.50,1707784
30-May-13,339.25,350.00,339.25,346.87,219896
29-May-13,337.00,345.00,337.00,342.33,170254
28-May-13,344.00,344.00,337.00,340.00,97173
24-May-13,342.00,342.00,336.25,337.00,303633
23-May-13,336.00,341.18,330.25,340.00,219276
22-May-13,335.25,340.50,335.00,337.50,151580
21-May-13,338.00,340.00,335.18,338.00,94208
20-May-13,338.02,347.94,335.00,335.83,161161
17-May-13,336.50,345.75,335.00,337.75,137792
16-May-13,327.00,346.00,324.75,335.79,630842
15-May-13,324.00,326.02,322.00,322.50,189991
14-May-13,320.00,327.50,320.00,322.00,145595
13-May-13,316.00,328.25,316.00,320.36,113397
10-May-13,323.00,328.00,321.25,323.75,194475
9-May-13,328.75,331.05,317.00,317.00,275358
8-May-13,330.00,330.00,318.25,323.75,88531
7-May-13,320.00,335.00,315.44,324.00,425944
3-May-13,320.00,320.00,313.25,318.50,166041
2-May-13,320.00,324.50,315.00,315.00,79564
1-May-13,315.75,320.00,310.25,320.00,107138
30-Apr-13,318.00,319.00,311.75,319.00,87891
29-Apr-13,324.20,326.00,312.75,316.25,247304
26-Apr-13,315.00,319.25,312.75,315.00,99620
25-Apr-13,307.00,317.00,297.98,315.00,344172
24-Apr-13,304.75,310.12,302.00,306.00,110871
23-Apr-13,306.75,306.75,300.00,304.75,37426
22-Apr-13,307.00,310.50,301.28,302.25,27445
19-Apr-13,307.00,311.68,306.70,306.75,24705
18-Apr-13,309.75,311.50,304.50,308.00,55487
17-Apr-13,312.00,313.17,308.25,311.00,44236
16-Apr-13,307.00,314.00,305.00,313.00,134221
15-Apr-13,309.25,311.18,306.00,307.00,117704
12-Apr-13,310.50,314.72,307.00,309.75,117663
11-Apr-13,307.00,334.00,307.00,313.82,447035
10-Apr-13,307.25,307.25,300.50,300.50,155088
9-Apr-13,299.50,300.14,296.50,296.50,66974
8-Apr-13,293.75,300.00,293.44,299.75,49024
5-Apr-13,303.75,305.00,285.50,294.00,166035
4-Apr-13,308.75,309.43,302.50,305.00,129078
3-Apr-13,314.50,318.75,308.00,308.00,119654
2-Apr-13,300.00,325.00,296.30,317.50,331408
28-Mar-13,285.00,295.38,284.75,287.20,147969
27-Mar-13,288.00,290.58,282.25,285.00,141360
26-Mar-13,293.00,295.00,286.00,287.25,152686
25-Mar-13,297.50,298.68,290.00,292.50,50630
22-Mar-13,289.50,295.75,287.00,290.46,342861
21-Mar-13,283.00,296.13,283.00,285.57,469436
20-Mar-13,272.00,287.25,271.25,285.57,445184
19-Mar-13,270.75,272.10,268.50,271.00,43003
18-Mar-13,272.00,276.00,265.00,270.00,124051
15-Mar-13,274.50,274.78,273.00,273.00,48952
14-Mar-13,276.00,277.19,274.00,275.00,92357
13-Mar-13,281.25,282.00,275.00,275.00,129953
12-Mar-13,281.75,282.75,281.50,282.75,160889
11-Mar-13,283.00,285.55,281.00,282.00,122565
8-Mar-13,282.00,289.00,282.00,283.50,90820
7-Mar-13,270.25,283.02,269.30,280.14,346715
6-Mar-13,267.00,269.00,265.50,269.00,63217
5-Mar-13,268.00,268.00,265.40,267.00,35862
4-Mar-13,264.00,265.40,263.92,265.00,21943
1-Mar-13,267.00,267.00,265.00,265.00,36064
28-Feb-13,266.00,268.00,265.75,268.00,315906
27-Feb-13,263.00,265.52,263.00,264.00,77054
26-Feb-13,262.00,265.00,260.00,262.00,547121
25-Feb-13,260.00,264.75,259.00,264.00,276888
22-Feb-13,258.00,260.09,257.25,260.00,445359
21-Feb-13,259.00,261.23,257.78,259.00,110854
20-Feb-13,259.00,261.50,257.79,260.00,258555
19-Feb-13,260.00,261.22,255.00,258.00,596976
18-Feb-13,264.75,266.41,261.25,261.50,417753
15-Feb-13,261.25,266.00,261.25,265.00,865946
14-Feb-13,255.00,264.75,248.90,262.00,1770862
13-Feb-13,253.00,257.75,220.00,249.67,13277233
