31-Dec-15,386.00,388.80,385.82,387.97,20239
30-Dec-15,388.40,390.21,385.40,389.00,50185
29-Dec-15,389.00,389.30,387.42,389.30,62674
24-Dec-15,387.10,388.20,387.08,387.80,8947
23-Dec-15,382.00,388.20,380.40,387.30,105353
22-Dec-15,376.20,379.90,375.50,377.10,29647
21-Dec-15,377.00,380.50,375.50,375.50,71292
18-Dec-15,380.30,381.50,375.80,375.80,311900
16-Dec-15,379.00,379.33,376.00,376.00,84294
15-Dec-15,372.40,378.00,369.21,373.20,169981
14-Dec-15,371.00,374.87,366.10,366.10,228085
11-Dec-15,377.00,379.11,371.33,372.48,171273
10-Dec-15,382.70,382.70,377.50,378.00,70084
9-Dec-15,383.20,383.56,378.00,382.40,94940
8-Dec-15,381.50,384.03,378.70,380.10,145621
7-Dec-15,383.20,387.00,381.40,381.50,55719
4-Dec-15,382.30,386.33,381.64,383.04,86219
3-Dec-15,391.20,393.90,385.40,385.80,178131
2-Dec-15,388.60,393.90,388.60,393.50,25879
1-Dec-15,385.60,391.31,385.60,390.87,77979
30-Nov-15,387.00,388.40,384.90,387.66,80695
27-Nov-15,384.50,388.60,384.50,388.60,60558
26-Nov-15,387.00,388.90,384.45,388.90,74622
25-Nov-15,384.00,386.90,380.60,386.30,54879
24-Nov-15,384.60,384.78,379.40,383.40,168565
23-Nov-15,384.90,385.64,382.50,384.60,39054
20-Nov-15,386.90,386.90,384.80,386.60,91911
19-Nov-15,384.00,386.50,383.95,385.30,126891
18-Nov-15,377.50,382.98,377.50,381.80,39428
17-Nov-15,379.50,382.42,377.10,379.50,138693
16-Nov-15,371.50,375.79,369.66,370.90,27779
13-Nov-15,378.00,378.00,371.00,372.30,100908
12-Nov-15,384.60,384.60,376.40,376.60,228454
11-Nov-15,383.00,385.79,380.86,383.00,57319
10-Nov-15,384.00,386.50,380.50,382.00,69622
9-Nov-15,384.00,386.90,382.88,383.50,76423
6-Nov-15,388.20,388.20,383.40,384.20,124647
5-Nov-15,386.20,390.39,384.68,385.50,105291
4-Nov-15,390.00,391.34,388.23,389.40,107752
3-Nov-15,387.40,389.07,384.73,384.73,67553
2-Nov-15,382.10,387.90,382.10,387.00,43739
30-Oct-15,388.00,390.67,384.40,385.20,107193
29-Oct-15,391.10,391.10,386.81,387.50,104386
28-Oct-15,388.20,390.20,387.00,389.25,81375
27-Oct-15,390.80,390.80,387.50,388.50,81149
26-Oct-15,393.40,393.40,389.00,390.00,86734
23-Oct-15,388.90,394.90,387.00,391.00,134869
22-Oct-15,383.00,388.50,382.75,387.50,142640
21-Oct-15,386.00,390.50,386.00,388.50,186429
20-Oct-15,389.50,389.77,384.80,389.77,28384
19-Oct-15,387.90,390.00,386.00,387.00,66270
16-Oct-15,387.30,389.60,386.59,387.00,94100
15-Oct-15,384.00,387.50,382.00,387.50,35756
14-Oct-15,384.10,386.00,382.20,383.00,80896
13-Oct-15,388.50,388.56,383.75,383.75,176135
12-Oct-15,390.10,393.50,388.10,388.10,76703
9-Oct-15,391.60,393.34,389.25,389.25,41318
8-Oct-15,390.40,390.69,387.50,388.20,136515
7-Oct-15,391.50,394.17,389.40,391.36,103290
6-Oct-15,387.50,391.00,386.00,389.80,91839
5-Oct-15,383.80,388.92,383.80,388.00,37142
2-Oct-15,378.40,381.71,374.50,378.00,125299
1-Oct-15,381.00,382.76,374.60,377.00,118789
30-Sep-15,372.00,378.20,371.05,377.00,108411
29-Sep-15,366.00,369.80,364.00,368.60,109191
28-Sep-15,376.20,376.42,369.60,369.60,132236
25-Sep-15,373.40,377.80,373.40,376.10,172384
24-Sep-15,374.40,374.60,367.42,369.47,78544
23-Sep-15,367.00,375.00,367.00,370.00,172339
22-Sep-15,376.10,377.98,367.30,368.40,171777
21-Sep-15,376.20,378.50,375.00,375.50,51174
18-Sep-15,382.80,383.04,373.70,373.70,460929
17-Sep-15,383.90,384.00,380.00,382.00,58143
16-Sep-15,381.60,384.80,380.94,382.07,47615
15-Sep-15,378.20,380.80,372.80,372.80,110454
14-Sep-15,380.00,384.10,375.60,378.85,99920
11-Sep-15,381.90,381.90,377.00,378.20,78981
10-Sep-15,379.70,383.71,379.00,379.30,48676
9-Sep-15,387.30,387.30,383.10,383.50,53627
8-Sep-15,374.60,380.00,374.60,378.60,128485
7-Sep-15,377.00,378.50,371.50,375.17,185482
4-Sep-15,378.00,380.30,372.70,374.25,178837
3-Sep-15,381.20,383.96,378.50,381.39,221853
2-Sep-15,376.50,379.62,371.60,373.40,212994
1-Sep-15,379.00,379.00,373.00,375.80,173427
28-Aug-15,383.00,385.20,378.50,384.30,97681
27-Aug-15,377.00,382.10,375.70,381.00,135009
26-Aug-15,370.20,376.24,366.80,370.70,207464
25-Aug-15,368.90,379.49,366.20,378.30,367179
24-Aug-15,370.20,372.80,359.00,363.89,347122
21-Aug-15,385.00,388.20,378.50,379.00,175986
20-Aug-15,390.90,390.90,387.10,387.50,25261
19-Aug-15,393.50,396.35,389.60,389.80,42034
18-Aug-15,397.50,399.02,395.80,396.45,54743
17-Aug-15,395.30,398.00,393.55,393.55,84479
14-Aug-15,398.00,399.09,394.20,396.70,64822
13-Aug-15,398.40,399.90,396.44,397.00,118899
12-Aug-15,397.70,398.95,393.00,394.80,162773
11-Aug-15,400.20,403.10,398.70,398.80,86911
10-Aug-15,406.00,406.00,399.50,403.00,118868
7-Aug-15,403.20,405.24,402.51,402.60,109665
6-Aug-15,399.70,405.70,399.70,404.70,171131
5-Aug-15,400.30,404.00,398.82,404.00,175253
4-Aug-15,396.90,400.80,396.90,400.30,109500
3-Aug-15,400.00,400.31,397.70,398.80,64350
31-Jul-15,397.30,401.00,397.06,400.98,69081
30-Jul-15,395.10,400.00,395.10,399.50,152998
29-Jul-15,400.00,401.40,397.92,400.30,78214
28-Jul-15,397.50,399.52,396.20,398.91,100830
27-Jul-15,398.00,400.60,395.27,398.50,85446
24-Jul-15,403.60,406.90,399.40,402.00,160067
23-Jul-15,405.90,406.70,401.60,404.00,170194
22-Jul-15,404.20,404.90,401.70,403.00,21986
21-Jul-15,407.90,409.75,406.00,407.70,111940
20-Jul-15,409.50,409.90,406.10,407.95,89287
17-Jul-15,408.40,408.83,405.70,407.80,37839
16-Jul-15,407.00,409.03,404.75,408.30,50086
15-Jul-15,406.00,407.10,403.80,406.20,38349
14-Jul-15,404.10,406.00,401.70,405.00,69683
13-Jul-15,401.10,406.47,401.10,405.00,51342
10-Jul-15,399.90,400.50,398.00,398.75,42388
9-Jul-15,392.30,395.90,390.84,395.20,76158
8-Jul-15,390.10,393.50,388.40,390.30,164584
7-Jul-15,393.00,393.17,387.50,392.00,122266
6-Jul-15,393.50,397.46,392.19,392.70,64126
3-Jul-15,395.50,397.00,394.80,396.00,11117
2-Jul-15,394.00,398.60,394.00,398.00,90836
1-Jul-15,392.00,398.50,392.00,392.00,89932
30-Jun-15,396.00,396.00,390.70,392.50,182595
29-Jun-15,395.00,399.90,393.16,396.50,154337
26-Jun-15,405.90,405.90,400.00,403.36,172108
25-Jun-15,405.00,409.20,404.90,405.69,107624
24-Jun-15,406.40,409.50,405.50,407.90,43810
23-Jun-15,406.00,407.93,405.00,407.00,82243
22-Jun-15,402.00,405.90,401.40,405.90,66034
19-Jun-15,399.50,401.40,399.00,400.55,265808
18-Jun-15,398.00,401.00,395.10,395.75,206411
17-Jun-15,402.60,402.72,397.40,399.20,63875
16-Jun-15,398.10,401.50,397.10,397.75,143100
15-Jun-15,404.50,405.00,399.96,400.17,117276
12-Jun-15,407.20,407.20,402.50,404.90,78731
11-Jun-15,406.40,408.00,403.80,407.20,90936
10-Jun-15,403.90,407.00,401.70,406.50,94368
9-Jun-15,404.80,405.90,401.32,404.05,27499
8-Jun-15,407.50,408.04,404.90,405.66,45157
5-Jun-15,408.30,408.90,404.00,404.80,104556
4-Jun-15,410.90,411.65,406.60,408.70,90517
3-Jun-15,411.70,416.80,410.58,412.40,191608
2-Jun-15,413.40,414.30,408.37,413.30,357116
1-Jun-15,414.40,416.74,412.60,413.25,38536
29-May-15,413.00,418.35,412.70,414.32,173376
28-May-15,414.90,416.20,413.80,415.90,20107
27-May-15,410.00,415.71,409.79,412.00,198917
26-May-15,414.90,414.90,408.50,413.72,134783
22-May-15,412.10,414.79,411.53,413.55,48954
21-May-15,410.40,413.50,409.88,412.99,60537
20-May-15,411.50,412.43,408.36,412.20,83739
19-May-15,411.50,411.90,408.38,410.90,39880
18-May-15,405.10,411.00,405.10,406.78,149389
15-May-15,407.80,410.00,406.70,409.00,68592
14-May-15,402.70,408.10,401.40,407.62,215773
13-May-15,404.00,407.80,403.40,406.10,62635
12-May-15,408.50,408.90,401.02,405.00,237315
11-May-15,409.30,410.98,407.22,409.00,71791
8-May-15,404.90,409.30,403.13,408.50,298440
7-May-15,398.90,398.90,391.70,397.01,193418
6-May-15,400.00,402.90,396.86,398.73,158530
5-May-15,401.00,406.40,399.10,399.10,229458
1-May-15,398.10,401.39,396.30,399.20,18193
30-Apr-15,400.00,402.00,396.60,398.10,148669
29-Apr-15,405.00,408.20,403.50,403.70,68933
28-Apr-15,410.80,410.80,404.10,406.50,121726
27-Apr-15,408.00,411.90,406.10,409.40,124294
24-Apr-15,408.20,409.90,406.90,409.00,69246
23-Apr-15,405.80,408.40,405.48,407.70,24971
22-Apr-15,408.20,410.25,404.10,406.70,95689
21-Apr-15,409.00,410.90,407.10,409.00,63017
20-Apr-15,407.50,409.50,406.03,408.88,17116
17-Apr-15,410.30,411.60,404.10,404.20,148974
16-Apr-15,410.80,410.80,407.70,408.46,24602
15-Apr-15,410.00,411.10,406.40,410.54,46035
14-Apr-15,408.10,410.30,406.80,410.00,44887
13-Apr-15,410.00,410.90,407.72,409.30,29609
10-Apr-15,409.00,410.90,406.00,410.40,81350
9-Apr-15,407.80,408.10,404.67,408.10,72835
8-Apr-15,406.90,408.90,404.88,407.00,48384
7-Apr-15,402.00,408.00,399.70,407.00,74112
2-Apr-15,397.00,399.50,395.50,398.80,25287
1-Apr-15,393.50,399.10,392.50,395.60,116984
31-Mar-15,403.50,403.60,394.38,396.13,195743
30-Mar-15,400.10,403.50,400.10,401.25,97854
27-Mar-15,401.00,403.15,400.30,401.70,123202
26-Mar-15,402.50,405.34,400.20,401.70,83097
25-Mar-15,408.00,408.00,405.50,406.52,36709
24-Mar-15,406.10,409.50,405.73,407.65,103861
23-Mar-15,409.80,409.80,406.23,408.70,234935
20-Mar-15,408.40,409.00,406.10,406.50,363602
19-Mar-15,407.00,407.84,405.50,405.76,53370
18-Mar-15,398.70,406.00,398.70,403.50,168092
17-Mar-15,398.80,399.70,396.34,396.50,51582
16-Mar-15,395.30,397.90,395.00,397.80,37068
13-Mar-15,396.10,396.10,392.80,393.76,40849
12-Mar-15,390.10,396.50,390.03,394.70,96776
11-Mar-15,388.70,393.40,386.80,392.26,196728
10-Mar-15,401.50,401.50,388.70,389.50,371441
9-Mar-15,401.50,401.50,399.10,399.73,66777
6-Mar-15,400.70,403.40,400.70,402.46,39093
5-Mar-15,401.50,403.40,398.94,403.12,84901
4-Mar-15,400.00,401.00,397.31,399.90,131851
3-Mar-15,401.00,402.80,399.06,401.97,101610
2-Mar-15,401.50,401.90,399.48,401.60,57031
27-Feb-15,399.10,401.30,399.10,400.50,33182
26-Feb-15,399.50,401.60,399.50,400.20,90921
25-Feb-15,402.00,402.60,399.33,399.33,120246
24-Feb-15,396.00,402.00,396.00,401.50,142681
23-Feb-15,399.50,399.50,395.10,399.00,165612
20-Feb-15,394.00,398.40,394.00,397.20,66061
19-Feb-15,399.40,399.40,394.00,397.00,119560
18-Feb-15,398.50,399.50,395.56,397.80,64998
17-Feb-15,396.00,398.50,395.74,397.83,117862
16-Feb-15,399.00,399.00,397.00,397.00,91738
13-Feb-15,396.00,399.00,395.45,398.00,97568
12-Feb-15,395.50,396.30,392.84,395.70,85329
11-Feb-15,394.20,395.50,392.10,394.40,50603
10-Feb-15,392.90,395.30,392.60,393.50,226791
9-Feb-15,391.80,393.50,391.00,392.00,27542
6-Feb-15,395.50,395.50,392.10,395.00,57722
5-Feb-15,395.00,395.30,392.35,394.50,51355
4-Feb-15,399.00,399.00,394.10,398.55,83752
3-Feb-15,395.00,398.00,392.60,397.50,131534
2-Feb-15,390.30,394.00,390.10,392.30,27870
30-Jan-15,392.90,393.80,391.11,393.00,67350
29-Jan-15,392.00,393.00,388.00,392.90,66196
28-Jan-15,392.00,394.57,391.50,393.00,32071
27-Jan-15,394.80,395.92,390.60,392.70,116578
26-Jan-15,393.70,395.30,391.30,393.80,89561
23-Jan-15,394.00,395.90,392.11,394.40,109663
22-Jan-15,389.00,391.35,386.34,390.60,433939
21-Jan-15,386.70,391.50,385.60,390.67,62203
20-Jan-15,387.10,389.00,385.50,388.50,26446
19-Jan-15,380.10,387.00,380.10,386.08,106318
16-Jan-15,378.70,382.73,378.20,381.80,134942
15-Jan-15,379.00,381.86,374.30,374.30,157431
14-Jan-15,377.10,379.50,373.50,375.96,186586
13-Jan-15,380.30,383.50,377.21,382.60,93076
12-Jan-15,380.00,381.40,376.14,379.50,121593
9-Jan-15,381.00,383.30,377.90,383.07,175243
8-Jan-15,378.50,383.60,377.17,382.74,114136
7-Jan-15,374.50,377.18,372.10,375.86,85910
6-Jan-15,374.10,375.70,369.00,372.70,468371
5-Jan-15,379.00,382.00,373.50,374.56,249208
31-Dec-14,378.80,382.10,378.80,379.40,35604
30-Dec-14,383.40,385.00,379.10,379.20,78738
29-Dec-14,383.90,386.00,382.56,383.10,75043
24-Dec-14,384.40,384.90,381.58,383.00,13332
23-Dec-14,383.40,384.80,382.85,384.05,38335
22-Dec-14,382.30,383.34,381.32,382.80,107243
19-Dec-14,379.70,382.20,377.90,379.60,483119
18-Dec-14,372.00,377.90,370.40,373.50,160376
17-Dec-14,369.00,370.00,365.42,370.00,262546
16-Dec-14,364.80,370.00,359.60,366.96,1004383
15-Dec-14,368.70,370.80,362.00,368.70,313305
12-Dec-14,376.20,376.20,368.50,369.30,212293
11-Dec-14,379.70,379.90,374.20,377.50,144808
10-Dec-14,381.50,383.20,378.50,379.00,325057
9-Dec-14,386.00,386.00,379.30,381.20,176379
8-Dec-14,390.00,390.00,385.60,385.60,72898
5-Dec-14,387.50,390.50,386.67,389.90,102277
4-Dec-14,386.70,388.28,385.35,385.80,133217
3-Dec-14,388.00,389.10,387.00,387.10,19790
2-Dec-14,384.10,388.80,383.00,388.15,179255
1-Dec-14,385.40,385.40,381.70,382.70,57602
28-Nov-14,385.30,386.60,382.60,386.10,97658
27-Nov-14,385.20,385.90,383.53,385.30,52052
26-Nov-14,384.00,385.60,382.95,384.50,57581
25-Nov-14,385.70,385.85,383.00,383.40,63009
24-Nov-14,387.00,387.00,383.00,384.60,64993
21-Nov-14,380.60,386.00,380.60,381.12,68017
20-Nov-14,383.20,383.30,380.22,380.60,39616
19-Nov-14,381.50,383.80,381.14,381.25,38321
18-Nov-14,380.30,383.40,380.00,382.80,112674
17-Nov-14,378.10,382.80,377.12,382.50,75585
14-Nov-14,380.10,380.50,377.70,379.60,33667
13-Nov-14,379.50,380.00,377.00,379.32,132082
12-Nov-14,377.30,378.50,375.93,378.50,39918
11-Nov-14,376.50,378.90,376.50,378.50,35152
10-Nov-14,374.80,377.31,374.67,377.20,44469
7-Nov-14,374.00,377.12,373.60,373.69,81442
6-Nov-14,373.50,376.50,371.96,375.25,181024
5-Nov-14,371.60,374.00,369.91,372.70,156393
4-Nov-14,370.50,372.00,368.70,369.42,120336
3-Nov-14,374.00,374.80,370.80,371.04,134053
31-Oct-14,371.60,375.00,370.30,373.29,285772
30-Oct-14,370.10,370.50,363.60,368.44,383570
29-Oct-14,365.50,370.00,365.50,369.60,126596
28-Oct-14,365.30,365.50,363.20,363.85,147545
27-Oct-14,367.00,367.87,362.40,363.40,195266
24-Oct-14,364.50,364.72,362.10,363.85,89643
23-Oct-14,364.90,365.38,359.50,364.70,323869
22-Oct-14,365.20,367.30,362.90,364.00,94160
21-Oct-14,357.90,363.90,355.30,362.76,275363
20-Oct-14,361.00,361.00,355.60,357.00,173745
17-Oct-14,352.30,360.00,352.30,357.50,496685
16-Oct-14,354.80,355.59,345.00,351.60,802062
15-Oct-14,360.80,360.80,351.50,351.50,293915
14-Oct-14,357.50,360.89,355.09,360.75,223536
13-Oct-14,357.00,359.38,354.24,357.75,184405
10-Oct-14,362.50,362.50,357.40,357.40,242843
9-Oct-14,367.90,369.26,362.80,363.50,216192
8-Oct-14,364.50,366.76,363.50,365.00,153876
7-Oct-14,367.90,370.50,366.00,368.00,59077
6-Oct-14,369.50,371.26,368.52,370.52,197925
3-Oct-14,367.00,368.70,365.57,368.40,175064
2-Oct-14,369.50,369.50,362.90,366.10,130121
1-Oct-14,370.90,372.43,366.80,368.31,91037
30-Sep-14,372.50,373.57,370.80,372.65,64832
29-Sep-14,373.00,374.92,371.61,373.60,42037
26-Sep-14,373.00,374.72,372.50,374.50,40403
25-Sep-14,378.50,379.58,373.30,373.60,68423
24-Sep-14,378.80,378.80,375.00,378.50,230019
23-Sep-14,378.50,380.00,373.50,376.70,244245
22-Sep-14,382.20,382.20,379.20,380.20,78285
19-Sep-14,382.00,386.00,381.30,383.94,437224
18-Sep-14,377.50,380.50,376.23,380.20,65825
17-Sep-14,378.90,378.90,376.00,376.00,47508
16-Sep-14,379.90,379.90,373.20,376.88,129910
15-Sep-14,376.50,379.90,376.20,379.20,44158
12-Sep-14,376.10,380.50,376.10,380.40,51119
11-Sep-14,379.10,379.40,376.10,377.80,52464
10-Sep-14,378.50,378.50,376.50,378.20,85611
9-Sep-14,379.80,380.90,377.10,377.50,63089
8-Sep-14,381.50,382.68,378.10,382.00,164353
5-Sep-14,384.90,385.00,381.60,381.60,88203
4-Sep-14,383.20,385.50,382.40,384.70,68085
3-Sep-14,383.00,385.30,381.66,383.20,101321
2-Sep-14,382.50,383.00,380.10,381.50,47948
1-Sep-14,382.40,382.50,380.50,381.50,50000
29-Aug-14,382.00,382.50,379.10,379.30,66355
28-Aug-14,381.00,382.30,380.00,380.64,46329
27-Aug-14,383.00,383.00,380.70,382.30,19922
26-Aug-14,379.10,383.00,379.10,382.00,87185
22-Aug-14,379.50,379.50,378.20,378.80,55013
21-Aug-14,377.60,378.50,376.70,378.40,47831
20-Aug-14,378.40,379.20,376.70,377.43,51102
19-Aug-14,377.70,379.50,377.39,378.91,43953
18-Aug-14,377.50,377.70,376.50,377.50,13185
15-Aug-14,374.00,377.89,373.42,377.00,178153
14-Aug-14,372.00,374.00,370.20,374.00,86181
13-Aug-14,370.80,372.00,369.39,372.00,103544
12-Aug-14,370.00,370.00,368.27,369.80,36170
11-Aug-14,367.50,370.00,365.60,369.00,164086
8-Aug-14,364.90,366.50,362.60,366.00,215671
7-Aug-14,368.00,369.00,366.00,366.00,108713
6-Aug-14,370.00,370.00,365.50,368.16,152870
5-Aug-14,371.50,372.96,370.50,371.26,46464
4-Aug-14,373.00,374.00,370.60,371.30,133637
1-Aug-14,376.90,376.90,368.40,371.70,269856
31-Jul-14,377.60,378.00,375.20,375.20,23983
30-Jul-14,378.50,380.00,376.50,376.50,139108
29-Jul-14,380.90,382.50,380.03,382.30,57982
28-Jul-14,383.10,383.10,379.34,380.10,34170
25-Jul-14,380.30,382.60,380.20,380.20,28843
24-Jul-14,380.90,382.32,380.25,381.20,113682
23-Jul-14,380.90,382.93,378.70,382.70,127547
22-Jul-14,379.00,381.50,378.00,381.50,98483
21-Jul-14,378.50,378.50,376.50,377.80,33058
18-Jul-14,378.50,379.00,375.50,379.00,157507
17-Jul-14,378.30,379.92,377.70,378.10,18283
16-Jul-14,378.30,380.80,378.30,379.50,82163
15-Jul-14,378.60,380.38,377.10,377.20,92621
14-Jul-14,378.30,380.00,377.00,378.80,73658
11-Jul-14,377.30,377.72,374.99,376.58,101136
10-Jul-14,379.50,379.50,374.00,377.00,263836
9-Jul-14,381.00,381.32,377.47,378.48,157578
8-Jul-14,385.50,385.50,380.40,380.40,178684
7-Jul-14,386.40,386.50,383.30,384.02,62239
4-Jul-14,386.00,386.50,384.35,386.20,86068
3-Jul-14,383.00,385.10,382.52,384.70,105577
2-Jul-14,384.00,384.40,382.22,383.50,81716
1-Jul-14,378.50,384.00,378.50,381.40,91734
30-Jun-14,381.00,381.00,379.06,380.80,37302
27-Jun-14,379.70,381.00,378.30,381.00,73542
26-Jun-14,380.10,380.40,378.10,379.00,80950
25-Jun-14,382.10,382.10,378.00,379.30,65956
24-Jun-14,382.50,383.76,380.20,382.00,149567
23-Jun-14,383.20,384.92,382.10,383.20,40236
20-Jun-14,384.50,386.00,383.52,386.00,644538
19-Jun-14,383.40,384.40,382.43,383.99,87688
18-Jun-14,382.50,382.50,380.50,381.00,204932
17-Jun-14,382.70,384.57,379.60,379.98,210774
16-Jun-14,384.50,384.50,382.00,382.30,113131
13-Jun-14,388.00,388.00,382.40,383.70,125717
12-Jun-14,389.70,389.70,387.10,387.74,39965
11-Jun-14,389.00,389.50,386.30,387.04,79687
10-Jun-14,388.20,389.50,386.80,387.18,24655
9-Jun-14,387.10,388.80,386.70,386.70,26637
6-Jun-14,387.00,389.00,385.20,385.20,158048
5-Jun-14,385.80,387.00,384.50,385.40,78300
4-Jun-14,385.00,386.29,384.50,385.04,15472
3-Jun-14,387.00,387.40,384.83,385.53,89091
2-Jun-14,387.40,387.80,386.00,386.00,51154
30-May-14,384.60,387.70,384.60,386.70,75544
29-May-14,385.00,387.61,383.73,386.90,138192
28-May-14,384.90,384.90,383.10,384.30,47980
27-May-14,380.10,384.90,380.10,382.60,101890
23-May-14,381.00,382.78,381.00,381.73,85051
22-May-14,382.80,383.00,381.92,382.80,60304
21-May-14,380.50,382.20,379.22,382.20,66191
20-May-14,382.00,382.90,379.70,380.60,77961
19-May-14,382.50,383.39,380.30,380.30,166294
16-May-14,384.10,384.10,380.00,381.00,238344
15-May-14,384.90,385.59,381.50,382.10,136279
14-May-14,383.20,384.60,382.59,384.20,50252
13-May-14,384.00,384.75,383.10,383.20,32754
12-May-14,380.80,383.47,379.80,382.90,115139
9-May-14,380.90,382.58,379.30,379.90,119576
8-May-14,380.80,381.60,379.36,380.90,67217
7-May-14,380.00,380.20,378.10,378.70,72524
6-May-14,382.00,382.11,379.10,381.35,52255
2-May-14,379.90,381.60,379.33,380.23,23800
1-May-14,379.90,380.80,379.00,379.90,50411
30-Apr-14,380.50,380.50,377.70,378.96,192737
29-Apr-14,380.80,382.00,379.88,379.89,49073
28-Apr-14,380.00,380.29,378.60,379.40,47024
25-Apr-14,378.80,379.90,376.59,376.60,129251
24-Apr-14,379.10,381.90,378.83,379.30,299467
23-Apr-14,379.50,380.36,378.50,378.64,48603
22-Apr-14,375.50,379.50,374.34,379.40,51385
17-Apr-14,374.50,374.50,371.50,374.00,161780
16-Apr-14,374.50,374.50,371.50,372.70,84593
15-Apr-14,369.60,373.70,369.60,372.93,141118
14-Apr-14,373.00,373.00,368.10,370.71,280028
11-Apr-14,375.00,376.59,371.10,373.00,68628
10-Apr-14,379.90,381.25,376.20,379.90,218015
9-Apr-14,376.00,378.00,373.71,376.90,219418
8-Apr-14,375.20,377.52,371.50,374.29,130728
7-Apr-14,378.50,379.90,374.60,375.80,119752
4-Apr-14,376.90,380.00,376.90,378.50,70024
3-Apr-14,378.10,379.50,376.00,376.00,80232
2-Apr-14,378.50,379.55,376.50,378.50,53336
1-Apr-14,377.50,379.40,376.00,378.00,151897
31-Mar-14,374.50,377.78,374.50,377.06,101283
28-Mar-14,374.50,377.04,374.50,376.00,39205
27-Mar-14,375.40,376.10,373.30,376.10,87199
26-Mar-14,376.90,377.50,373.70,376.13,104745
25-Mar-14,371.20,375.86,371.20,374.30,49520
24-Mar-14,374.00,374.20,371.00,373.00,62352
21-Mar-14,371.50,374.44,371.50,374.44,283429
20-Mar-14,374.30,374.30,371.10,371.41,58411
19-Mar-14,376.00,376.42,374.00,375.80,22216
18-Mar-14,373.10,375.70,372.70,375.07,177980
17-Mar-14,373.90,375.28,372.21,375.15,106515
14-Mar-14,372.00,372.50,371.10,372.50,55879
13-Mar-14,376.70,378.30,372.50,377.20,169030
12-Mar-14,379.50,379.50,375.60,376.70,138035
11-Mar-14,381.00,381.00,378.50,380.50,32235
10-Mar-14,380.00,383.00,378.20,379.52,97852
7-Mar-14,384.30,384.30,379.90,380.79,224698
6-Mar-14,385.00,385.40,382.90,383.80,41220
5-Mar-14,384.20,386.00,383.20,384.82,86384
4-Mar-14,381.00,385.10,381.00,382.40,72356
3-Mar-14,382.40,382.40,377.50,378.20,80796
28-Feb-14,383.40,385.40,382.40,384.00,61855
27-Feb-14,381.60,384.20,380.90,383.00,86166
26-Feb-14,385.50,385.50,383.00,383.90,42236
25-Feb-14,384.90,385.50,382.40,384.17,150228
24-Feb-14,383.10,385.00,382.20,384.90,123950
21-Feb-14,383.00,384.40,382.90,383.64,121159
20-Feb-14,378.00,382.60,378.00,382.05,152886
19-Feb-14,379.10,382.40,379.10,381.80,48669
18-Feb-14,380.00,382.40,379.00,382.40,95519
17-Feb-14,377.20,379.90,376.20,379.46,37163
14-Feb-14,375.00,376.90,374.40,376.45,46016
13-Feb-14,373.50,375.70,371.80,375.16,22900
12-Feb-14,374.00,377.00,374.00,376.50,82848
11-Feb-14,371.00,374.90,371.00,374.90,79141
10-Feb-14,369.90,370.50,368.20,368.00,55149
7-Feb-14,366.70,369.70,365.80,369.50,84877
6-Feb-14,364.90,368.40,364.40,368.40,114835
5-Feb-14,365.00,365.60,362.90,363.00,93766
4-Feb-14,362.00,365.20,362.00,365.00,86063
3-Feb-14,363.00,368.50,363.00,365.10,203775
31-Jan-14,368.50,368.50,361.40,364.71,223496
30-Jan-14,364.90,367.80,364.80,367.50,53465
29-Jan-14,369.50,372.00,363.50,372.00,250386
28-Jan-14,367.00,368.00,365.60,367.20,102307
27-Jan-14,370.00,370.80,365.10,365.10,120821
24-Jan-14,375.50,378.00,371.10,376.10,176581
23-Jan-14,379.00,381.40,375.80,380.68,41730
22-Jan-14,379.00,381.90,379.00,381.29,27842
21-Jan-14,385.50,385.50,381.80,383.00,42559
20-Jan-14,383.00,383.50,380.80,383.00,75476
17-Jan-14,381.70,383.40,381.40,382.16,46878
16-Jan-14,380.20,383.20,380.20,382.50,50495
15-Jan-14,381.00,383.00,381.00,382.29,80328
14-Jan-14,379.70,380.90,378.10,380.50,72361
13-Jan-14,380.90,381.40,380.00,380.20,61395
10-Jan-14,378.00,381.00,376.40,380.40,257845
9-Jan-14,378.00,378.10,375.10,375.45,29867
8-Jan-14,380.00,380.00,377.80,378.00,23163
7-Jan-14,377.00,379.80,377.00,377.84,18875
6-Jan-14,379.40,379.80,377.20,377.90,80649
3-Jan-14,376.30,379.30,375.00,378.60,56596
2-Jan-14,376.30,379.00,376.30,378.00,36502
31-Dec-13,377.10,379.00,377.10,378.00,37528
30-Dec-13,377.90,377.90,375.10,377.90,20141
27-Dec-13,374.50,377.10,374.50,377.00,76677
24-Dec-13,373.50,374.00,373.50,374.00,4256
23-Dec-13,370.70,373.50,370.60,372.50,42655
20-Dec-13,370.00,371.90,369.10,370.70,227331
19-Dec-13,370.00,370.00,368.00,369.40,15788
18-Dec-13,366.00,366.50,364.00,366.32,77516
17-Dec-13,365.50,365.90,363.50,364.68,72520
16-Dec-13,365.00,365.50,362.10,365.50,43288
13-Dec-13,362.50,364.20,362.50,363.30,10025
12-Dec-13,365.90,365.90,360.00,361.50,120219
11-Dec-13,367.70,367.70,363.90,365.00,55257
10-Dec-13,366.70,366.70,365.40,366.00,20938
9-Dec-13,368.10,368.10,365.10,367.00,32957
6-Dec-13,366.40,367.00,362.70,365.20,105410
5-Dec-13,364.50,364.50,362.00,362.00,108507
4-Dec-13,369.10,369.10,364.10,367.05,74892
3-Dec-13,370.90,370.90,365.70,366.38,100006
2-Dec-13,375.00,375.00,368.00,371.00,99143
29-Nov-13,370.90,373.00,370.90,372.50,65036
28-Nov-13,370.40,372.50,370.40,371.50,48037
27-Nov-13,371.10,372.00,370.00,371.56,15164
26-Nov-13,372.40,372.40,370.00,373.00,18817
25-Nov-13,375.00,375.00,371.80,374.00,51161
22-Nov-13,371.30,373.00,369.80,371.30,45882
21-Nov-13,372.50,372.50,370.30,371.99,49283
20-Nov-13,373.00,373.00,370.30,371.70,71299
19-Nov-13,371.40,372.70,370.60,372.25,37689
18-Nov-13,371.10,374.00,371.10,373.10,49821
15-Nov-13,373.00,373.00,371.10,371.25,66570
14-Nov-13,371.00,372.90,370.10,372.00,33525
13-Nov-13,371.00,371.20,367.60,367.69,74500
12-Nov-13,373.00,374.00,371.50,372.50,36504
11-Nov-13,375.50,375.50,372.70,373.40,11864
8-Nov-13,370.00,373.70,369.00,369.25,31543
7-Nov-13,372.50,375.10,370.90,372.14,92588
6-Nov-13,372.50,375.50,372.50,374.30,28341
5-Nov-13,377.80,377.80,371.70,374.10,104068
4-Nov-13,374.50,377.30,374.50,378.27,18400
1-Nov-13,374.60,374.60,372.90,373.00,22810
31-Oct-13,373.50,375.00,371.90,374.30,126572
30-Oct-13,376.00,378.90,375.20,377.50,159124
29-Oct-13,374.40,376.70,372.00,374.80,71665
28-Oct-13,371.70,374.20,371.70,374.20,27109
25-Oct-13,373.40,373.90,370.10,372.10,161738
24-Oct-13,371.20,375.40,371.20,373.70,77565
23-Oct-13,372.50,-,-,372.20,116027
22-Oct-13,372.60,375.00,372.60,375.00,48850
21-Oct-13,372.00,373.00,370.30,372.90,111704
18-Oct-13,368.00,369.00,367.80,369.70,40948
17-Oct-13,367.40,367.90,365.50,366.75,39076
16-Oct-13,367.00,367.90,362.50,367.00,182792
15-Oct-13,365.00,366.10,363.60,365.00,54149
14-Oct-13,361.60,363.00,361.00,363.00,30363
11-Oct-13,360.00,362.50,359.60,361.80,69223
10-Oct-13,358.80,359.00,357.00,359.60,69308
9-Oct-13,357.20,357.20,353.90,354.30,205373
8-Oct-13,359.50,360.10,355.60,356.52,100621
7-Oct-13,362.00,362.00,357.00,359.19,89723
4-Oct-13,361.40,362.00,358.80,360.90,33849
3-Oct-13,359.50,361.40,358.00,358.80,52455
2-Oct-13,361.00,361.00,356.00,357.89,150999
1-Oct-13,363.00,363.00,360.00,361.00,47413
30-Sep-13,363.90,364.00,360.40,362.00,42848
27-Sep-13,363.10,364.00,362.60,365.20,29961
26-Sep-13,365.20,366.80,365.20,366.20,18522
25-Sep-13,364.50,367.50,364.50,366.10,83911
24-Sep-13,367.50,369.90,365.70,368.86,117935
20-Sep-13,370.00,370.60,366.50,368.00,225271
19-Sep-13,372.90,373.50,368.30,373.67,93158
18-Sep-13,370.50,370.50,365.40,370.25,76977
17-Sep-13,370.30,370.30,366.70,368.50,85181
16-Sep-13,368.90,370.50,365.50,370.50,51493
13-Sep-13,366.20,366.30,364.10,366.00,30075
12-Sep-13,366.70,368.00,365.50,365.80,37489
11-Sep-13,367.00,368.20,365.70,365.80,72887
10-Sep-13,365.00,366.70,365.00,365.85,28603
9-Sep-13,363.00,364.00,361.50,363.00,98248
6-Sep-13,361.30,364.60,361.30,361.26,105692
5-Sep-13,364.00,364.90,360.20,364.30,134512
4-Sep-13,363.80,363.90,358.00,362.00,71126
3-Sep-13,363.00,363.00,361.00,362.40,30971
2-Sep-13,362.40,363.00,361.00,362.50,61155
30-Aug-13,360.80,360.80,357.30,357.30,22543
29-Aug-13,360.00,361.30,357.00,358.30,58091
28-Aug-13,354.50,358.50,354.50,358.00,64025
27-Aug-13,363.00,363.80,357.60,359.00,121880
23-Aug-13,360.00,362.00,359.50,358.80,22076
22-Aug-13,358.00,360.50,357.90,360.50,74915
21-Aug-13,358.40,358.40,355.70,357.10,38194
20-Aug-13,359.50,359.50,355.70,358.00,23308
19-Aug-13,361.10,361.10,357.50,358.60,18989
16-Aug-13,358.00,361.20,358.00,359.60,85389
15-Aug-13,365.00,365.00,358.00,365.50,121471
14-Aug-13,364.00,368.00,364.00,365.00,40762
13-Aug-13,366.00,368.00,365.50,366.30,16448
12-Aug-13,366.50,366.50,363.50,366.50,82927
9-Aug-13,364.20,368.60,364.20,368.00,34989
8-Aug-13,367.60,367.70,363.60,364.54,108503
7-Aug-13,367.90,369.60,364.00,367.30,89095
6-Aug-13,368.50,370.00,366.70,366.68,52672
5-Aug-13,373.00,373.00,368.70,368.85,51390
2-Aug-13,371.30,373.50,369.40,370.50,34118
1-Aug-13,369.50,370.90,368.20,370.20,124822
31-Jul-13,364.90,369.50,363.40,368.86,72392
30-Jul-13,368.60,368.60,366.80,366.00,9236
29-Jul-13,365.50,367.90,365.10,365.33,18084
26-Jul-13,366.40,368.90,365.00,367.00,10381
25-Jul-13,367.00,368.40,364.50,367.00,23144
24-Jul-13,372.00,372.00,367.20,369.80,209809
23-Jul-13,371.50,371.50,369.70,370.18,18452
22-Jul-13,367.40,370.60,366.50,369.40,31444
19-Jul-13,368.90,368.90,366.50,367.10,18990
18-Jul-13,369.20,371.50,367.00,371.50,20493
17-Jul-13,368.20,370.00,365.00,370.00,55530
16-Jul-13,368.50,370.25,366.29,368.00,48762
15-Jul-13,366.40,370.90,366.40,367.20,19680
12-Jul-13,366.00,369.00,364.98,366.30,41497
11-Jul-13,368.00,369.90,365.22,366.00,100373
10-Jul-13,367.00,367.00,362.41,364.70,44644
9-Jul-13,366.00,368.50,364.69,368.50,97008
8-Jul-13,363.00,366.00,360.99,365.00,107911
5-Jul-13,362.00,364.00,359.19,361.10,119154
4-Jul-13,349.90,360.90,347.90,360.60,126365
3-Jul-13,346.40,348.80,344.01,347.50,123225
2-Jul-13,352.00,352.00,348.90,348.90,9304
1-Jul-13,345.60,350.10,344.42,348.90,90259
28-Jun-13,345.00,346.60,343.25,344.00,129564
27-Jun-13,338.50,345.50,338.50,344.00,211421
26-Jun-13,335.00,340.50,335.00,340.50,49150
25-Jun-13,332.50,336.00,332.50,333.80,156571
24-Jun-13,337.80,338.70,329.40,330.00,243118
21-Jun-13,342.30,343.90,337.00,337.00,322997
20-Jun-13,345.50,346.49,338.60,339.40,135309
19-Jun-13,349.60,351.40,348.38,351.40,96513
18-Jun-13,350.50,351.80,349.30,351.00,94941
17-Jun-13,348.00,350.40,347.04,349.70,100798
14-Jun-13,348.50,348.70,346.40,347.90,55017
13-Jun-13,342.00,347.70,341.10,345.60,65570
12-Jun-13,348.50,349.32,347.14,348.00,133148
11-Jun-13,350.00,351.54,345.48,348.70,48063
10-Jun-13,348.90,352.00,348.80,351.40,22312
7-Jun-13,348.00,351.50,346.44,351.50,139327
6-Jun-13,352.90,352.90,347.00,347.00,66571
5-Jun-13,359.20,359.20,351.25,351.70,186230
4-Jun-13,358.40,360.50,358.00,358.50,27764
3-Jun-13,360.10,360.90,355.56,356.10,255257
31-May-13,365.30,368.25,359.80,360.90,353713
30-May-13,366.30,368.90,365.41,368.00,16337
29-May-13,369.70,369.70,365.40,365.40,78094
28-May-13,367.00,370.90,365.80,370.90,51280
24-May-13,366.70,368.80,362.50,363.10,134288
23-May-13,366.50,368.00,363.90,368.00,86794
22-May-13,371.00,374.60,368.90,374.50,141079
21-May-13,369.00,371.00,367.00,371.00,104406
20-May-13,367.50,368.90,366.04,368.90,39512
17-May-13,365.40,367.40,364.36,367.40,27737
16-May-13,365.00,365.40,363.40,365.20,47582
15-May-13,360.20,364.90,360.20,364.80,152228
14-May-13,359.00,362.41,357.94,362.40,116657
13-May-13,358.04,358.59,356.50,358.00,34617
10-May-13,357.60,358.50,355.78,358.40,48524
9-May-13,357.90,357.90,355.49,357.50,57087
8-May-13,357.50,357.90,355.72,357.50,30912
7-May-13,355.00,357.40,355.00,355.70,11737
3-May-13,351.00,357.50,351.00,357.00,142070
2-May-13,353.40,354.15,350.90,352.00,95963
1-May-13,353.90,355.30,352.25,353.40,13921
30-Apr-13,357.00,358.00,355.10,355.80,39219
29-Apr-13,356.30,356.90,354.64,356.20,52301
26-Apr-13,356.40,356.40,353.60,356.40,29992
25-Apr-13,352.40,356.30,352.39,356.00,62098
24-Apr-13,349.90,354.00,349.90,353.90,142651
23-Apr-13,346.30,349.90,346.30,349.90,136322
22-Apr-13,348.00,350.00,345.00,345.50,80081
19-Apr-13,345.50,347.82,345.40,347.10,32993
18-Apr-13,346.50,347.80,344.70,345.80,131825
17-Apr-13,347.50,349.70,343.20,344.20,211663
16-Apr-13,345.80,348.50,345.50,347.50,184710
15-Apr-13,349.40,350.33,345.10,347.50,27795
12-Apr-13,347.50,349.80,347.50,349.00,63866
11-Apr-13,348.60,351.50,346.31,350.80,108373
10-Apr-13,347.00,349.90,345.60,349.80,78839
9-Apr-13,342.20,347.00,341.80,347.00,106465
8-Apr-13,342.40,342.53,340.22,342.20,16771
5-Apr-13,346.50,346.50,338.10,342.50,89502
4-Apr-13,348.70,351.00,344.20,345.80,168171
3-Apr-13,350.10,351.72,348.70,349.40,87222
2-Apr-13,346.60,352.00,346.60,352.00,49179
28-Mar-13,348.20,348.90,345.97,346.50,84943
27-Mar-13,348.40,348.70,344.50,346.00,40181
26-Mar-13,347.40,347.80,345.00,347.50,89964
25-Mar-13,348.10,349.60,346.00,346.50,159180
22-Mar-13,342.60,348.00,342.60,346.00,120157
21-Mar-13,344.90,345.50,342.60,344.00,50802
20-Mar-13,345.50,348.00,344.30,345.30,58817
19-Mar-13,346.00,347.30,344.25,346.30,46177
18-Mar-13,343.30,347.40,342.79,347.40,118426
15-Mar-13,348.00,349.00,344.90,347.50,410653
14-Mar-13,347.20,348.00,345.25,348.00,91134
13-Mar-13,345.98,347.40,342.00,344.00,146955
12-Mar-13,347.00,347.20,345.11,346.40,82101
11-Mar-13,344.30,347.00,344.10,345.25,86804
8-Mar-13,343.50,346.21,343.15,345.80,48988
7-Mar-13,340.00,343.50,340.00,343.50,5501
6-Mar-13,340.00,343.90,340.00,342.00,42113
5-Mar-13,337.50,342.20,337.10,340.80,71235
4-Mar-13,335.70,336.70,335.13,336.50,20783
1-Mar-13,337.00,338.00,333.96,338.00,107788
28-Feb-13,336.00,336.90,334.73,336.00,27612
27-Feb-13,334.30,335.66,332.70,334.80,38564
26-Feb-13,337.00,337.00,331.66,334.30,79779
25-Feb-13,336.60,339.00,335.40,339.00,64136
22-Feb-13,335.60,336.50,333.90,336.50,42275
21-Feb-13,334.30,336.20,332.00,332.00,74159
20-Feb-13,336.00,338.30,334.50,337.80,183346
19-Feb-13,333.00,336.00,331.00,336.00,116862
18-Feb-13,332.00,332.50,330.99,332.00,40608
15-Feb-13,331.10,333.72,330.83,332.20,18883
14-Feb-13,333.30,333.36,330.00,332.00,29249
13-Feb-13,330.00,333.70,329.56,333.70,78378
12-Feb-13,330.20,331.40,328.00,331.00,35413
11-Feb-13,326.60,330.50,326.60,330.40,53136
8-Feb-13,326.90,329.53,326.07,329.30,36433
7-Feb-13,331.70,331.70,326.70,326.70,96957
6-Feb-13,332.30,332.30,320.25,331.60,3196
5-Feb-13,330.00,331.16,328.80,329.50,115025
4-Feb-13,331.00,332.50,328.10,328.10,268800
1-Feb-13,331.40,332.60,330.45,332.00,11356
31-Jan-13,328.00,331.09,328.00,330.60,38932
30-Jan-13,330.70,331.30,328.34,330.00,166464
29-Jan-13,330.00,332.00,328.88,332.00,26910
28-Jan-13,330.20,331.00,327.88,331.00,38893
25-Jan-13,328.50,330.00,327.44,329.70,32964
24-Jan-13,326.20,329.07,324.57,327.30,78452
23-Jan-13,325.00,326.10,323.80,323.80,107525
22-Jan-13,327.30,327.81,326.20,327.30,116957
21-Jan-13,326.20,327.60,324.82,327.60,64947
18-Jan-13,325.40,326.00,324.75,326.00,166436
17-Jan-13,322.50,324.90,321.90,323.90,60972
16-Jan-13,322.00,324.50,321.80,322.70,32126
15-Jan-13,322.90,324.20,322.26,323.00,28247
14-Jan-13,326.50,326.50,323.00,323.00,92928
11-Jan-13,326.58,326.58,324.00,324.10,74302
10-Jan-13,325.50,326.61,324.00,324.00,28154
9-Jan-13,324.30,326.00,324.30,325.30,36945
8-Jan-13,323.40,324.35,322.00,322.90,17978
7-Jan-13,324.00,324.50,323.80,324.30,71742
4-Jan-13,322.10,324.50,321.80,323.70,29096
3-Jan-13,322.30,323.00,321.60,322.10,45457
2-Jan-13,320.00,323.00,319.18,322.30,40436
