31-Dec-15,334.90,338.89,331.39,332.40,2483
30-Dec-15,337.00,340.00,330.60,334.40,25573
29-Dec-15,340.00,344.90,335.90,344.90,11812
24-Dec-15,335.40,340.00,335.20,335.20,1176
23-Dec-15,340.00,340.20,331.59,340.20,8849
22-Dec-15,328.50,334.30,325.20,328.50,17010
21-Dec-15,340.00,343.39,330.80,337.90,25368
18-Dec-15,330.80,339.60,328.60,339.60,70414
16-Dec-15,334.00,342.30,315.70,336.20,92804
15-Dec-15,340.00,340.00,335.00,337.40,15300
14-Dec-15,333.20,340.00,330.00,335.00,33242
11-Dec-15,328.70,340.00,326.19,333.30,44934
10-Dec-15,341.70,341.70,331.31,334.90,39612
9-Dec-15,349.00,349.00,341.10,345.70,14618
8-Dec-15,347.90,349.00,343.90,343.90,20641
7-Dec-15,340.00,354.04,340.00,347.50,40283
4-Dec-15,349.00,350.00,340.60,347.30,26996
3-Dec-15,344.40,350.53,339.10,344.30,135473
2-Dec-15,349.00,349.00,341.60,349.00,16514
1-Dec-15,343.00,349.00,343.00,349.00,33726
30-Nov-15,349.00,349.00,341.08,349.00,76193
27-Nov-15,349.00,349.00,345.00,346.90,16750
26-Nov-15,345.00,349.00,338.01,349.00,79061
25-Nov-15,340.00,349.00,340.00,348.90,37918
24-Nov-15,347.00,349.00,335.00,349.00,165542
23-Nov-15,340.00,353.45,340.00,343.00,1400921
20-Nov-15,336.00,346.25,336.00,346.25,43380
19-Nov-15,333.25,339.00,332.00,336.25,7364
18-Nov-15,325.00,335.00,325.00,335.00,47617
17-Nov-15,326.75,335.50,320.00,331.00,88562
16-Nov-15,325.00,328.00,316.92,327.00,121680
13-Nov-15,325.00,327.00,320.50,325.00,135441
12-Nov-15,324.00,335.00,320.25,335.00,41656
11-Nov-15,325.00,325.00,316.00,324.00,56960
10-Nov-15,321.00,324.75,315.00,323.75,41389
9-Nov-15,315.00,321.00,315.00,320.00,47596
6-Nov-15,310.00,320.75,310.00,317.75,17984
5-Nov-15,325.00,327.48,305.51,315.25,233831
4-Nov-15,328.00,328.00,320.00,323.00,116440
3-Nov-15,320.50,325.75,320.50,324.00,98050
2-Nov-15,320.00,325.00,317.00,325.00,113422
30-Oct-15,318.00,323.89,316.25,323.00,66455
29-Oct-15,320.00,327.25,316.00,318.00,155401
28-Oct-15,311.25,319.00,308.00,319.00,41160
27-Oct-15,306.75,314.50,304.00,310.00,44239
26-Oct-15,308.25,313.00,303.25,306.00,25670
23-Oct-15,311.00,314.00,305.00,314.00,33425
22-Oct-15,297.00,310.00,295.30,295.44,358939
21-Oct-15,305.00,305.00,300.25,305.00,23026
20-Oct-15,295.00,305.00,295.00,305.00,25155
19-Oct-15,300.00,301.50,291.00,297.00,10125
16-Oct-15,300.00,301.75,295.00,300.00,25617
15-Oct-15,295.00,302.00,290.00,300.00,26625
14-Oct-15,288.00,294.00,285.00,287.00,29650
13-Oct-15,300.00,305.00,283.00,290.50,28613
12-Oct-15,310.00,310.00,300.00,300.00,23031
9-Oct-15,305.00,312.00,295.25,305.00,30719
8-Oct-15,315.00,319.25,295.25,311.75,185753
7-Oct-15,290.00,308.75,290.00,308.75,27420
6-Oct-15,294.75,300.00,291.51,300.00,16019
5-Oct-15,290.00,300.00,290.00,295.00,40929
2-Oct-15,295.00,295.53,283.68,292.25,7786
1-Oct-15,275.00,300.00,275.00,300.00,47863
30-Sep-15,270.00,289.25,270.00,285.00,19467
29-Sep-15,280.00,285.73,280.00,280.00,29717
28-Sep-15,290.00,300.00,277.75,277.75,33350
25-Sep-15,306.75,306.75,290.00,290.00,28269
24-Sep-15,300.00,306.75,300.00,300.00,15946
23-Sep-15,305.00,315.00,300.00,300.00,5856
22-Sep-15,309.75,315.00,305.00,311.53,20360
21-Sep-15,309.25,320.00,303.50,310.00,26508
18-Sep-15,302.50,309.50,302.20,309.50,25981
17-Sep-15,306.00,307.70,300.00,300.00,5500
16-Sep-15,303.00,307.50,302.75,306.00,3411
15-Sep-15,309.00,309.00,304.00,309.00,667
14-Sep-15,309.50,310.00,300.25,303.50,19995
11-Sep-15,300.00,308.19,300.00,303.75,11998
10-Sep-15,308.25,309.50,301.71,308.50,7555
9-Sep-15,305.00,306.00,301.00,303.50,5626
8-Sep-15,299.00,304.75,299.00,299.00,2169
7-Sep-15,292.50,308.15,290.00,299.00,13867
4-Sep-15,295.75,304.50,295.75,299.75,3384
3-Sep-15,299.75,303.02,294.25,297.00,70765
2-Sep-15,300.00,303.00,290.25,294.25,14162
1-Sep-15,293.50,298.38,293.50,293.50,8173
28-Aug-15,296.00,299.00,290.00,293.50,49604
27-Aug-15,299.00,299.00,289.69,292.00,17171
26-Aug-15,280.00,296.75,280.00,293.00,10210
25-Aug-15,271.50,293.25,271.50,293.25,52966
24-Aug-15,291.00,291.00,274.50,280.00,97815
21-Aug-15,315.25,315.25,290.75,290.75,50716
20-Aug-15,306.25,316.50,296.25,297.00,10787
19-Aug-15,290.00,310.00,290.00,310.00,28563
18-Aug-15,310.00,310.00,299.50,305.00,78367
17-Aug-15,290.00,304.00,290.00,301.25,14962
14-Aug-15,300.50,305.00,300.00,305.00,24818
13-Aug-15,300.00,306.00,299.89,300.00,50618
12-Aug-15,305.00,305.00,295.48,298.50,119056
11-Aug-15,281.50,300.25,281.50,300.00,31540
10-Aug-15,277.50,301.69,277.50,295.00,36810
7-Aug-15,295.00,300.25,290.00,300.25,45456
6-Aug-15,280.00,294.00,280.00,292.00,29199
5-Aug-15,293.75,293.79,282.89,290.00,70332
4-Aug-15,289.25,292.00,285.50,292.00,68258
3-Aug-15,290.00,290.00,282.75,289.44,24454
31-Jul-15,290.00,290.00,281.36,285.00,36087
30-Jul-15,267.75,283.00,267.75,282.75,61538
29-Jul-15,290.00,290.00,280.00,283.00,26407
28-Jul-15,270.50,283.00,270.50,281.00,24196
27-Jul-15,285.00,285.00,280.00,283.50,69730
24-Jul-15,290.00,290.00,280.00,280.00,23932
23-Jul-15,268.75,284.75,268.75,280.00,119868
22-Jul-15,280.00,290.00,279.00,281.75,133213
21-Jul-15,289.50,289.50,266.00,266.00,56873
20-Jul-15,261.25,285.50,261.25,278.00,40016
17-Jul-15,268.75,285.00,257.00,285.00,17231
16-Jul-15,275.00,275.00,259.19,269.50,77828
15-Jul-15,265.00,282.33,265.00,272.00,37686
14-Jul-15,279.75,279.75,270.00,271.50,60804
13-Jul-15,271.75,279.25,270.00,270.75,40434
10-Jul-15,281.75,281.75,267.37,270.50,9989
9-Jul-15,265.00,274.75,265.00,271.75,29468
8-Jul-15,278.25,278.25,268.25,270.50,33893
7-Jul-15,265.00,282.25,265.00,273.00,25336
6-Jul-15,265.00,279.50,265.00,274.00,28350
3-Jul-15,265.00,284.00,265.00,278.00,57325
2-Jul-15,285.00,285.00,273.93,278.00,17992
1-Jul-15,265.00,279.00,265.00,274.37,59892
30-Jun-15,269.50,275.50,266.00,273.00,28569
29-Jun-15,265.00,280.38,265.00,269.23,58190
26-Jun-15,277.00,280.00,268.50,277.25,18601
25-Jun-15,279.50,280.75,272.75,275.00,65183
24-Jun-15,283.75,285.00,274.25,280.00,142512
23-Jun-15,284.00,285.00,272.25,278.42,67382
22-Jun-15,290.00,290.00,269.50,278.42,64017
19-Jun-15,282.00,303.00,272.62,283.57,2805922
18-Jun-15,265.00,279.75,265.00,277.00,199769
17-Jun-15,277.50,280.25,275.50,276.38,49925
16-Jun-15,270.00,279.25,267.93,278.21,83386
15-Jun-15,278.00,288.00,278.00,280.00,143974
12-Jun-15,281.00,282.00,276.50,280.50,208136
11-Jun-15,279.25,282.00,278.00,280.72,105597
10-Jun-15,275.00,280.00,275.00,277.58,147609
9-Jun-15,279.75,279.75,273.25,277.58,98835
8-Jun-15,287.25,287.95,277.00,278.00,111147
5-Jun-15,265.50,283.88,265.50,281.64,106351
4-Jun-15,266.00,288.25,266.00,274.50,130674
3-Jun-15,265.00,274.00,261.50,274.00,128697
2-Jun-15,260.50,264.50,260.50,263.75,20917
1-Jun-15,261.00,265.00,260.00,265.00,61751
29-May-15,265.00,265.00,260.86,264.00,24406
28-May-15,265.00,266.25,261.75,265.00,65160
27-May-15,259.75,268.00,256.25,264.74,84119
26-May-15,270.00,270.00,256.85,259.50,51888
22-May-15,265.00,265.00,258.00,258.00,67873
21-May-15,259.32,260.74,254.50,260.50,28913
20-May-15,255.00,261.75,255.00,259.75,50152
19-May-15,264.00,265.25,258.00,261.26,138862
18-May-15,259.00,265.75,252.00,262.00,169060
15-May-15,262.00,262.25,256.00,259.00,78355
14-May-15,265.00,265.00,260.00,262.75,12857
13-May-15,267.25,267.54,259.07,264.00,45205
12-May-15,264.75,266.86,260.50,265.00,64285
11-May-15,270.25,273.00,262.06,264.50,16683
8-May-15,277.75,277.75,263.74,271.57,172570
7-May-15,265.00,275.00,260.00,271.00,114017
6-May-15,281.00,285.00,280.00,281.67,67504
5-May-15,280.00,285.00,278.00,280.00,68685
1-May-15,279.00,283.92,273.00,278.00,20323
30-Apr-15,280.00,283.16,275.00,279.50,69592
29-Apr-15,279.00,280.00,275.25,279.00,17910
28-Apr-15,278.00,280.00,276.00,278.00,51778
27-Apr-15,277.00,285.00,276.50,279.75,23369
24-Apr-15,273.50,277.75,263.06,276.25,90860
23-Apr-15,269.00,277.00,266.75,273.75,33303
22-Apr-15,269.00,281.00,269.00,269.00,25290
21-Apr-15,270.00,272.70,267.00,269.50,36595
20-Apr-15,267.75,274.00,265.00,268.50,19696
17-Apr-15,270.00,271.50,254.96,270.40,154098
16-Apr-15,267.00,281.25,265.75,273.00,263360
15-Apr-15,264.00,264.50,263.50,264.00,40385
14-Apr-15,260.00,267.72,260.00,264.50,48232
13-Apr-15,260.00,270.00,260.00,265.00,37890
10-Apr-15,264.75,269.00,264.50,265.00,139536
9-Apr-15,259.75,265.25,259.00,263.70,43466
8-Apr-15,257.50,269.00,257.19,265.00,47634
7-Apr-15,257.00,258.00,256.00,257.00,17270
2-Apr-15,256.00,257.75,256.00,257.00,12950
1-Apr-15,255.25,259.76,255.25,257.00,62338
31-Mar-15,256.00,261.76,255.00,256.50,210735
30-Mar-15,256.25,259.25,255.25,257.00,319407
27-Mar-15,257.00,267.63,255.00,256.50,296775
26-Mar-15,260.00,262.50,255.00,260.00,1516584
25-Mar-15,266.75,267.00,260.00,260.00,271748
24-Mar-15,268.25,270.40,267.00,267.00,214091
23-Mar-15,268.00,275.00,268.00,270.27,157435
20-Mar-15,268.50,274.75,268.50,270.27,279830
19-Mar-15,272.50,272.50,263.25,271.00,225854
18-Mar-15,272.00,274.56,269.50,270.00,181083
17-Mar-15,272.00,273.00,260.17,269.62,327226
16-Mar-15,271.75,272.00,268.42,270.29,179955
13-Mar-15,267.75,274.00,265.50,267.50,353388
12-Mar-15,258.00,266.75,257.88,263.59,289349
11-Mar-15,256.25,263.91,256.25,258.30,270151
10-Mar-15,255.75,262.50,255.44,259.06,619629
9-Mar-15,255.00,257.00,254.62,255.21,6213600
6-Mar-15,265.00,270.00,255.00,255.25,15194053
