31-Dec-15,3703.00,3725.00,3672.00,3672.00,62154
30-Dec-15,3740.00,3743.00,3667.00,3702.20,69950
29-Dec-15,3711.00,3743.00,3711.00,3729.00,92628
24-Dec-15,3720.00,3721.00,3695.00,3718.00,20887
23-Dec-15,3680.00,3700.00,3650.00,3676.00,81682
22-Dec-15,3663.00,3673.00,3586.00,3652.00,145850
21-Dec-15,3639.00,3713.00,3633.00,3633.00,111197
18-Dec-15,3660.00,3722.00,3644.00,3644.00,277168
16-Dec-15,3648.00,3688.00,3636.00,3664.42,136050
15-Dec-15,3569.00,3649.00,3569.00,3619.97,156632
14-Dec-15,3588.00,3632.00,3563.00,3605.86,158418
11-Dec-15,3619.00,3631.00,3568.00,3572.00,209134
10-Dec-15,3641.00,3671.00,3620.00,3639.48,134566
9-Dec-15,3716.00,3716.00,3662.00,3669.00,114881
8-Dec-15,3739.00,3759.00,3686.00,3715.93,143390
7-Dec-15,3666.00,3801.00,3666.00,3733.00,113764
4-Dec-15,3717.00,3733.00,3665.60,3687.18,113918
3-Dec-15,3782.00,3833.00,3718.00,3726.00,178610
2-Dec-15,3853.00,3891.00,3780.00,3807.98,207401
1-Dec-15,3790.00,3845.00,3770.00,3837.00,183354
30-Nov-15,3729.00,3782.00,3723.00,3754.80,168289
27-Nov-15,3718.00,3752.00,3702.00,3752.00,82389
26-Nov-15,3758.00,3760.00,3712.00,3728.00,100241
25-Nov-15,3679.00,3751.00,3679.00,3733.83,158788
24-Nov-15,3754.00,3760.00,3649.00,3659.86,145793
23-Nov-15,3760.00,3771.00,3738.00,3738.00,95450
20-Nov-15,3767.00,3781.00,3759.00,3774.00,188953
19-Nov-15,3762.00,3801.00,3740.00,3774.00,115524
18-Nov-15,3750.00,3771.00,3741.00,3754.00,100868
17-Nov-15,3717.00,3787.00,3712.00,3760.78,157968
16-Nov-15,3636.00,3694.00,3625.00,3672.45,142943
13-Nov-15,3629.00,3648.00,3613.00,3637.00,117409
12-Nov-15,3661.00,3720.00,3642.72,3662.51,101062
11-Nov-15,3665.00,3704.00,3656.00,3678.74,151988
10-Nov-15,3679.00,3703.00,3621.68,3650.00,240052
9-Nov-15,3761.00,3764.00,3671.00,3684.52,153045
6-Nov-15,3747.00,3783.00,3747.00,3758.00,126841
5-Nov-15,3751.00,3767.00,3723.00,3761.00,145686
4-Nov-15,3782.00,3795.00,3725.00,3756.83,202710
3-Nov-15,3821.00,3835.00,3772.00,3795.11,162888
2-Nov-15,3843.00,3862.00,3785.00,3834.15,139148
30-Oct-15,3847.00,3888.00,3847.00,3875.10,172105
29-Oct-15,3849.00,3860.00,3817.44,3849.88,95123
28-Oct-15,3820.00,3850.00,3820.00,3849.00,97704
27-Oct-15,3800.00,3830.00,3793.00,3830.00,112318
26-Oct-15,3800.00,3803.00,3767.00,3800.00,94700
23-Oct-15,3779.00,3799.00,3762.00,3786.32,89650
22-Oct-15,3742.00,3773.00,3723.00,3766.22,103986
21-Oct-15,3708.00,3754.00,3694.00,3735.52,66624
20-Oct-15,3682.00,3720.00,3682.00,3713.12,87639
19-Oct-15,3634.00,3700.00,3634.00,3684.29,108210
16-Oct-15,3631.00,3660.00,3617.00,3637.34,149605
15-Oct-15,3583.00,3633.00,3561.00,3630.00,179383
14-Oct-15,3575.00,3596.00,3561.00,3569.00,78139
13-Oct-15,3589.00,3604.00,3578.00,3585.00,151674
12-Oct-15,3637.00,3642.12,3588.00,3589.00,134604
9-Oct-15,3674.00,3703.35,3641.00,3652.00,190621
8-Oct-15,3647.00,3667.00,3621.00,3660.00,143558
7-Oct-15,3732.00,3771.00,3647.00,3660.00,160340
6-Oct-15,3761.00,3774.00,3716.00,3728.00,149304
5-Oct-15,3712.00,3758.00,3688.00,3738.00,102375
2-Oct-15,3636.00,3686.38,3633.00,3666.00,120754
1-Oct-15,3667.00,3695.00,3615.00,3622.00,148287
30-Sep-15,3653.00,3669.00,3611.00,3639.00,176964
29-Sep-15,3603.00,3629.00,3592.00,3604.62,108721
28-Sep-15,3658.00,3688.00,3624.00,3628.00,83162
25-Sep-15,3665.00,3676.00,3648.00,3663.39,219373
24-Sep-15,3607.00,3650.00,3598.00,3606.05,153382
23-Sep-15,3571.00,3630.00,3535.00,3623.02,126708
22-Sep-15,3592.00,3612.00,3560.00,3566.75,74874
21-Sep-15,3619.00,3642.27,3584.00,3601.00,93058
18-Sep-15,3571.00,3630.00,3565.00,3600.00,291994
17-Sep-15,3572.00,3625.00,3561.00,3592.00,114454
16-Sep-15,3591.00,3626.00,3577.00,3587.50,108554
15-Sep-15,3592.00,3608.00,3573.00,3584.91,99244
14-Sep-15,3611.00,3643.00,3586.00,3587.00,104879
11-Sep-15,3652.00,3652.00,3605.00,3606.00,116096
10-Sep-15,3613.00,3672.00,3612.00,3654.68,103250
9-Sep-15,3652.00,3671.00,3623.00,3650.00,142592
8-Sep-15,3584.00,3626.00,3577.00,3594.33,83042
7-Sep-15,3580.00,3593.00,3543.83,3564.00,88145
4-Sep-15,3588.00,3595.00,3547.00,3568.84,129287
3-Sep-15,3640.00,3674.00,3610.00,3634.00,122437
2-Sep-15,3562.00,3631.00,3547.00,3613.00,309612
1-Sep-15,3535.00,3578.00,3514.00,3535.00,217513
28-Aug-15,3616.00,3623.00,3562.00,3599.84,163001
27-Aug-15,3604.00,3628.00,3549.00,3619.00,143166
26-Aug-15,3581.00,3622.00,3515.00,3542.49,207164
25-Aug-15,3552.00,3659.00,3520.23,3608.29,326224
24-Aug-15,3618.00,3618.00,3454.00,3510.00,196316
21-Aug-15,3743.00,3772.84,3690.45,3697.00,155092
20-Aug-15,3754.00,3797.00,3738.00,3779.50,228116
19-Aug-15,3793.00,3797.00,3764.00,3775.00,167243
18-Aug-15,3756.00,3818.00,3756.00,3798.00,125767
17-Aug-15,3775.00,3789.00,3743.00,3769.00,110385
14-Aug-15,3712.00,3776.40,3707.72,3756.70,130459
13-Aug-15,3700.00,3719.44,3664.00,3695.40,150002
12-Aug-15,3658.00,3702.19,3618.00,3664.00,162474
11-Aug-15,3692.00,3720.00,3691.00,3707.00,154581
10-Aug-15,3725.00,3732.00,3699.00,3716.63,132849
7-Aug-15,3717.00,3727.00,3694.00,3707.00,158367
6-Aug-15,3688.00,3726.00,3681.00,3712.00,217882
5-Aug-15,3690.00,3704.00,3658.00,3693.55,129939
4-Aug-15,3646.00,3699.00,3615.00,3692.00,109741
3-Aug-15,3612.00,3664.00,3612.00,3638.00,103751
31-Jul-15,3614.00,3653.00,3614.00,3635.00,170367
30-Jul-15,3640.00,3675.00,3600.00,3629.00,152402
29-Jul-15,3657.00,3666.00,3605.00,3650.00,93912
28-Jul-15,3609.00,3647.00,3586.00,3633.29,114008
27-Jul-15,3623.00,3658.00,3592.00,3592.00,95340
24-Jul-15,3639.00,3685.00,3632.80,3657.80,115636
23-Jul-15,3678.00,3682.00,3630.00,3634.49,159668
22-Jul-15,3700.00,3700.00,3637.00,3672.54,197431
21-Jul-15,3678.00,3690.00,3644.00,3650.00,128200
20-Jul-15,3642.00,3695.00,3609.00,3661.00,97878
17-Jul-15,3677.00,3689.00,3658.00,3677.00,160194
16-Jul-15,3661.00,3714.00,3659.00,3680.00,107717
15-Jul-15,3646.00,3672.00,3639.00,3640.00,105072
14-Jul-15,3672.00,3673.00,3606.00,3642.00,106092
13-Jul-15,3570.00,3670.00,3555.00,3654.00,209470
10-Jul-15,3539.00,3548.00,3504.00,3540.00,104334
9-Jul-15,3441.00,3505.00,3434.00,3494.00,193957
8-Jul-15,3473.00,3480.00,3439.00,3447.00,150533
7-Jul-15,3460.00,3531.00,3457.00,3460.00,153030
6-Jul-15,3504.00,3519.00,3461.00,3461.00,163889
3-Jul-15,3501.00,3536.00,3492.00,3524.00,107839
2-Jul-15,3500.00,3543.00,3486.00,3502.00,129104
1-Jul-15,3433.00,3499.00,3418.00,3499.00,186681
30-Jun-15,3411.00,3427.00,3388.00,3402.00,212171
29-Jun-15,3397.00,3458.00,3397.00,3425.00,127765
26-Jun-15,3459.00,3494.00,3459.00,3484.00,81509
25-Jun-15,3462.00,3514.25,3462.00,3488.00,172964
24-Jun-15,3494.00,3499.00,3456.00,3459.80,144909
23-Jun-15,3497.00,3499.00,3450.00,3481.00,127576
22-Jun-15,3482.00,3500.00,3454.00,3471.00,116370
19-Jun-15,3426.00,3464.00,3422.00,3439.00,265164
18-Jun-15,3444.00,3444.00,3396.00,3427.00,180963
17-Jun-15,3496.00,3515.00,3432.00,3440.00,152271
16-Jun-15,3466.00,3526.00,3454.00,3499.00,175934
15-Jun-15,3485.00,3507.00,3469.00,3487.87,121303
12-Jun-15,3541.00,3563.00,3492.00,3508.00,175904
11-Jun-15,3499.00,3587.00,3488.00,3568.00,132679
10-Jun-15,3453.00,3507.00,3441.00,3462.11,127265
9-Jun-15,3439.00,3482.00,3428.35,3454.00,124975
8-Jun-15,3441.00,3446.00,3415.00,3432.67,140682
5-Jun-15,3487.00,3487.00,3431.00,3431.00,179460
4-Jun-15,3479.00,3511.00,3446.00,3490.00,210851
3-Jun-15,3535.00,3539.00,3473.00,3477.00,202601
2-Jun-15,3606.00,3606.00,3519.00,3519.00,191521
1-Jun-15,3560.00,3616.00,3560.00,3586.00,307539
29-May-15,3610.00,3625.00,3543.00,3561.00,322743
28-May-15,3575.00,3640.00,3575.00,3614.00,117828
27-May-15,3554.00,3625.00,3554.00,3579.12,175924
26-May-15,3609.00,3626.00,3552.00,3589.83,194027
22-May-15,3600.00,3607.00,3573.00,3589.00,185023
21-May-15,3619.00,3662.00,3588.00,3591.00,130901
20-May-15,3710.00,3710.00,3620.00,3636.00,172655
19-May-15,3643.00,3704.00,3628.00,3699.85,149478
18-May-15,3589.00,3639.00,3585.00,3609.00,235150
15-May-15,3550.00,3603.00,3548.00,3603.00,164114
14-May-15,3469.00,3551.00,3469.00,3534.00,117927
13-May-15,3475.00,3502.00,3464.00,3498.00,137107
12-May-15,3416.00,3466.00,3394.00,3450.00,217936
11-May-15,3477.00,3517.00,3448.00,3469.00,151704
8-May-15,3511.00,3567.00,3428.00,3467.40,403250
7-May-15,3315.00,3349.00,3286.00,3344.00,264657
6-May-15,3382.00,3387.00,3319.00,3331.00,170694
5-May-15,3396.00,3450.00,3384.00,3418.80,224214
1-May-15,3412.00,3434.00,3392.00,3392.00,54737
30-Apr-15,3428.00,3453.00,3398.00,3440.00,218984
29-Apr-15,3461.00,3472.00,3426.00,3445.00,140177
28-Apr-15,3485.00,3528.00,3426.00,3450.00,123002
27-Apr-15,3486.00,3508.00,3453.00,3501.00,85813
24-Apr-15,3507.00,3507.00,3470.00,3485.00,111529
23-Apr-15,3523.00,3525.00,3481.00,3483.00,140881
22-Apr-15,3566.00,3570.00,3480.00,3501.00,137039
21-Apr-15,3545.00,3557.00,3516.00,3544.00,114567
20-Apr-15,3516.00,3533.00,3497.00,3525.00,137673
17-Apr-15,3529.00,3542.00,3481.00,3500.00,234556
16-Apr-15,3554.00,3555.00,3513.00,3521.00,151749
15-Apr-15,3612.00,3612.00,3554.00,3574.80,119240
14-Apr-15,3582.00,3599.00,3557.00,3592.00,108727
13-Apr-15,3623.00,3638.00,3571.00,3572.00,181990
10-Apr-15,3605.00,3627.00,3591.00,3623.00,104069
9-Apr-15,3564.00,3602.00,3560.00,3590.00,128591
8-Apr-15,3528.00,3546.00,3499.00,3546.00,178023
7-Apr-15,3491.00,3531.00,3489.00,3511.00,143144
2-Apr-15,3439.00,3470.00,3430.00,3457.48,144926
1-Apr-15,3417.00,3454.00,3408.04,3430.00,219768
31-Mar-15,3480.00,3521.00,3424.00,3424.00,255840
30-Mar-15,3489.00,3498.00,3454.00,3480.00,182537
27-Mar-15,3484.00,3495.00,3451.00,3465.00,224907
26-Mar-15,3517.00,3521.00,3454.00,3469.00,212675
25-Mar-15,3557.00,3603.00,3527.00,3527.00,111959
24-Mar-15,3523.00,3573.00,3510.00,3563.00,160428
23-Mar-15,3561.00,3565.00,3513.00,3522.00,258990
20-Mar-15,3553.00,3572.00,3520.00,3551.23,1417676
19-Mar-15,3493.00,3565.00,3493.00,3535.00,194094
18-Mar-15,3441.00,3490.00,3441.00,3444.90,153892
17-Mar-15,3446.00,3457.00,3419.00,3457.00,134918
16-Mar-15,3394.00,3454.00,3394.00,3445.69,109888
13-Mar-15,3342.00,3414.00,3342.00,3409.00,87513
12-Mar-15,3354.00,3378.00,3338.00,3350.00,181506
11-Mar-15,3345.00,3368.00,3328.00,3342.00,212991
10-Mar-15,3339.00,3385.00,3339.00,3339.00,216988
9-Mar-15,3403.00,3403.00,3323.00,3361.00,201970
6-Mar-15,3458.00,3473.00,3400.00,3405.00,188919
5-Mar-15,3405.00,3474.16,3399.00,3424.91,246480
4-Mar-15,3434.00,3440.00,3376.00,3392.00,298786
3-Mar-15,3448.00,3478.00,3432.00,3434.00,252369
2-Mar-15,3353.00,3443.00,3340.00,3427.00,280046
27-Feb-15,3349.00,3363.00,3324.00,3350.00,207710
26-Feb-15,3350.00,3350.00,3303.00,3339.00,194096
25-Feb-15,3319.00,3323.00,3270.00,3286.00,236936
24-Feb-15,3253.00,3315.00,3217.00,3293.73,173965
23-Feb-15,3293.00,3315.00,3254.00,3272.51,239175
20-Feb-15,3283.00,3300.00,3232.00,3269.00,249560
19-Feb-15,3278.00,3293.00,3265.00,3285.00,179269
18-Feb-15,3300.00,3314.00,3263.00,3285.00,168247
17-Feb-15,3332.00,3332.00,3276.00,3299.00,134941
16-Feb-15,3300.00,3330.00,3288.00,3324.00,124904
13-Feb-15,3352.00,3379.00,3314.00,3336.94,274518
12-Feb-15,3318.00,3337.00,3305.00,3319.00,174899
11-Feb-15,3312.00,3330.00,3296.00,3314.00,195810
10-Feb-15,3297.00,3320.00,3286.00,3300.00,180584
9-Feb-15,3354.00,3354.00,3293.00,3307.00,213958
6-Feb-15,3384.00,3384.00,3334.00,3365.00,234333
5-Feb-15,3324.00,3383.00,3319.00,3383.00,159480
4-Feb-15,3320.00,3340.00,3286.00,3317.55,104443
3-Feb-15,3320.00,3330.00,3266.00,3315.07,168812
2-Feb-15,3267.00,3298.00,3248.00,3278.44,157943
30-Jan-15,3298.00,3315.00,3255.00,3255.00,214354
29-Jan-15,3261.00,3309.00,3247.00,3294.00,179517
28-Jan-15,3168.00,3286.00,3168.00,3283.00,142578
27-Jan-15,3264.00,3266.00,3192.00,3208.46,209139
26-Jan-15,3254.00,3267.00,3232.00,3264.00,112400
23-Jan-15,3203.00,3257.00,3201.00,3255.00,234282
22-Jan-15,3181.00,3233.00,3167.00,3191.00,247213
21-Jan-15,3179.00,3196.00,3152.98,3184.00,282606
20-Jan-15,3160.00,3222.00,3160.00,3206.00,135775
19-Jan-15,3153.00,3176.00,3109.00,3168.00,137298
16-Jan-15,3138.00,3165.00,3086.00,3165.00,138966
15-Jan-15,3094.00,3146.58,3081.00,3143.00,180071
14-Jan-15,3065.00,3099.00,3065.00,3081.00,190702
13-Jan-15,3054.00,3103.00,3054.00,3093.00,194574
12-Jan-15,3091.00,3103.00,3046.00,3053.00,196856
9-Jan-15,3073.00,3102.00,3066.00,3086.00,180940
8-Jan-15,3085.00,3107.00,3063.00,3073.00,264469
7-Jan-15,3028.00,3095.00,3017.00,3060.00,343357
6-Jan-15,3047.00,3050.00,2998.00,3018.00,222104
5-Jan-15,3003.00,3069.00,2991.00,3043.00,175078
31-Dec-14,3002.00,3036.00,2991.00,3018.00,29995
30-Dec-14,2985.00,3027.00,2985.00,3014.00,95086
29-Dec-14,3010.00,3088.00,2995.00,2997.00,150104
24-Dec-14,2978.00,3076.00,2978.00,3073.00,19800
23-Dec-14,3044.00,3053.00,3020.00,3040.00,114727
22-Dec-14,2999.00,3048.00,2999.00,3038.00,105590
19-Dec-14,2979.00,3011.00,2968.00,3008.00,387884
18-Dec-14,2905.00,2958.00,2874.00,2952.00,285627
17-Dec-14,2884.00,2905.00,2861.00,2870.00,190979
16-Dec-14,2879.00,2910.00,2800.00,2863.40,252982
15-Dec-14,2908.00,2938.00,2877.00,2885.00,297775
12-Dec-14,2913.00,2942.00,2893.00,2910.00,179573
11-Dec-14,2937.00,2961.00,2922.00,2940.00,139455
10-Dec-14,2959.00,2970.00,2941.00,2950.00,195197
9-Dec-14,2991.00,3016.00,2935.00,2941.00,114245
8-Dec-14,3016.00,3016.00,2977.00,3000.00,98219
5-Dec-14,3047.00,3055.00,3006.00,3016.00,103950
4-Dec-14,3065.00,3075.00,3008.00,3020.00,98386
3-Dec-14,3041.00,3065.00,3027.00,3055.00,122032
2-Dec-14,3035.00,3067.00,3026.00,3035.00,144909
1-Dec-14,3033.00,3046.00,3007.00,3040.00,92462
28-Nov-14,3036.00,3056.00,3024.00,3039.00,155381
27-Nov-14,2982.00,3052.00,2982.00,3042.00,140419
26-Nov-14,2999.00,3002.00,2974.00,2990.00,91585
25-Nov-14,2985.00,2999.00,2979.00,2995.00,171336
24-Nov-14,2983.00,2989.00,2966.00,2985.00,123274
21-Nov-14,2958.00,2989.00,2951.00,2975.00,250660
20-Nov-14,2963.00,2973.00,2928.00,2960.00,147578
19-Nov-14,2985.00,2985.00,2960.00,2978.00,149195
18-Nov-14,2981.00,2991.00,2963.00,2977.42,160616
17-Nov-14,2938.00,2982.00,2937.00,2975.00,211287
14-Nov-14,2967.00,2972.00,2941.00,2964.21,249637
13-Nov-14,2977.00,2993.00,2943.00,2958.14,166474
12-Nov-14,2974.00,2981.00,2950.00,2971.00,69811
11-Nov-14,2966.00,2992.00,2965.00,2974.00,132067
10-Nov-14,2927.00,2958.00,2920.00,2958.00,139216
7-Nov-14,2991.00,2992.00,2923.00,2927.00,165884
6-Nov-14,2969.00,2990.00,2936.00,2982.00,184444
5-Nov-14,2983.00,2990.00,2953.00,2974.37,220461
4-Nov-14,2961.00,2990.00,2954.00,2967.00,129862
3-Nov-14,2970.00,2974.00,2950.00,2956.00,154347
31-Oct-14,2960.00,2991.00,2924.00,2971.00,135511
30-Oct-14,2911.00,2934.00,2897.00,2934.00,209897
29-Oct-14,2874.00,2933.00,2873.31,2914.00,140269
28-Oct-14,2913.00,2920.00,2895.00,2915.00,175886
27-Oct-14,2921.00,2921.00,2883.00,2895.00,128846
24-Oct-14,2885.00,2906.00,2877.00,2897.00,124209
23-Oct-14,2885.00,2895.00,2858.00,2889.00,205276
22-Oct-14,2804.00,2879.00,2801.00,2859.86,266855
21-Oct-14,2729.00,2801.00,2726.00,2797.66,177213
20-Oct-14,2702.00,2737.00,2692.00,2730.00,126723
17-Oct-14,2676.00,2730.00,2676.00,2713.00,200205
16-Oct-14,2652.00,2692.00,2615.00,2658.94,313752
15-Oct-14,2693.00,2713.00,2634.00,2645.00,275847
14-Oct-14,2671.00,2691.00,2643.00,2683.00,115244
13-Oct-14,2660.00,2676.00,2640.00,2676.00,137592
10-Oct-14,2645.00,2693.00,2641.00,2690.00,160865
9-Oct-14,2700.00,2708.00,2669.00,2673.00,133207
8-Oct-14,2663.00,2683.00,2638.00,2659.43,154630
7-Oct-14,2683.00,2683.00,2647.00,2659.33,176404
6-Oct-14,2703.00,2703.00,2679.00,2686.30,69698
3-Oct-14,2698.00,2698.00,2669.00,2683.00,88230
2-Oct-14,2720.00,2727.00,2669.00,2669.00,162340
1-Oct-14,2720.00,2731.00,2683.00,2703.00,116934
30-Sep-14,2747.00,2754.00,2702.00,2747.00,175845
29-Sep-14,2726.00,2743.00,2712.00,2726.33,145392
26-Sep-14,2720.00,2739.00,2700.00,2727.00,215528
25-Sep-14,2757.00,2757.00,2717.00,2731.15,243604
24-Sep-14,2762.00,2770.00,2725.00,2745.51,157437
23-Sep-14,2815.00,2815.00,2747.00,2749.00,174324
22-Sep-14,2801.00,2808.00,2779.00,2801.00,147039
19-Sep-14,2801.00,2843.00,2792.53,2838.00,510328
18-Sep-14,2765.00,2790.58,2735.00,2777.00,100950
17-Sep-14,2787.00,2787.00,2719.00,2770.00,229867
16-Sep-14,2762.00,2762.00,2711.00,2735.00,125676
15-Sep-14,2727.00,2759.00,2724.00,2751.00,134853
12-Sep-14,2730.00,2753.00,2720.00,2745.00,110470
11-Sep-14,2734.00,2760.00,2712.00,2732.00,116439
10-Sep-14,2759.00,2760.00,2728.00,2736.00,75971
9-Sep-14,2756.00,2767.00,2719.00,2742.00,151213
8-Sep-14,2805.00,2805.00,2753.00,2769.00,107214
5-Sep-14,2796.00,2803.00,2773.00,2803.00,122423
4-Sep-14,2842.00,2842.00,2782.00,2806.00,100198
3-Sep-14,2792.00,2836.00,2787.00,2833.00,143373
2-Sep-14,2814.00,2814.00,2778.00,2792.00,127471
1-Sep-14,2793.00,2813.00,2789.00,2801.00,76181
29-Aug-14,2835.00,2840.00,2753.00,2791.00,177796
28-Aug-14,2831.00,2837.00,2816.00,2821.32,95894
27-Aug-14,2852.00,2852.00,2820.92,2830.00,98484
26-Aug-14,2848.00,2872.00,2821.00,2822.00,163312
22-Aug-14,2812.00,2822.00,2804.00,2822.00,89130
21-Aug-14,2816.00,2822.00,2799.00,2809.00,127856
20-Aug-14,2815.00,2831.00,2795.00,2804.00,149825
19-Aug-14,2826.00,2842.00,2808.00,2817.00,148636
18-Aug-14,2840.00,2844.00,2800.00,2817.00,158752
15-Aug-14,2795.00,2841.00,2789.00,2821.00,194015
14-Aug-14,2725.00,2799.00,2725.00,2799.00,226607
13-Aug-14,2678.00,2704.00,2645.00,2677.00,138863
12-Aug-14,2656.00,2687.00,2635.00,2677.00,185860
11-Aug-14,2618.00,2658.00,2610.00,2643.00,93794
8-Aug-14,2581.00,2606.00,2546.00,2587.92,163140
7-Aug-14,2557.00,2608.00,2554.00,2589.00,157441
6-Aug-14,2595.00,2597.00,2535.00,2568.00,229771
5-Aug-14,2620.00,2627.00,2591.00,2606.00,168465
4-Aug-14,2641.00,2643.00,2598.00,2621.22,183690
1-Aug-14,2671.00,2672.00,2620.00,2638.00,251668
31-Jul-14,2714.00,2718.00,2669.00,2676.00,141589
30-Jul-14,2756.00,2756.00,2712.00,2717.00,82473
29-Jul-14,2737.00,2759.00,2733.00,2741.00,116926
28-Jul-14,2735.00,2751.00,2716.00,2733.00,59225
25-Jul-14,2776.00,2780.00,2699.00,2733.00,225893
24-Jul-14,2787.00,2790.00,2755.00,2788.00,83648
23-Jul-14,2761.00,2790.00,2761.00,2778.00,139239
22-Jul-14,2724.00,2773.00,2724.00,2753.00,121274
21-Jul-14,2719.00,2720.00,2687.00,2710.00,64472
18-Jul-14,2684.00,2727.00,2684.00,2725.00,118398
17-Jul-14,2680.00,2711.00,2680.00,2700.00,89932
16-Jul-14,2670.00,2694.00,2670.00,2686.28,74351
15-Jul-14,2678.00,2680.00,2639.00,2656.00,78098
14-Jul-14,2663.00,2693.00,2663.00,2683.00,93257
11-Jul-14,2687.00,2690.00,2652.00,2661.00,81530
10-Jul-14,2646.00,2674.00,2620.00,2663.00,152767
9-Jul-14,2626.00,2640.00,2594.00,2640.00,127826
8-Jul-14,2671.00,2675.00,2625.00,2628.00,151433
7-Jul-14,2692.00,2697.00,2665.00,2665.00,99681
4-Jul-14,2714.00,2727.00,2681.00,2681.00,97951
3-Jul-14,2714.00,2717.00,2691.00,2711.00,133051
2-Jul-14,2722.00,2748.00,2693.00,2700.00,157132
1-Jul-14,2675.00,2715.00,2666.00,2700.00,127039
30-Jun-14,2657.00,2680.00,2656.00,2679.00,219472
27-Jun-14,2659.00,2672.00,2637.00,2654.00,178705
26-Jun-14,2609.00,2653.00,2599.00,2653.00,132312
25-Jun-14,2595.00,2609.00,2577.00,2602.00,110023
24-Jun-14,2576.00,2598.00,2558.00,2596.00,134714
23-Jun-14,2607.00,2607.00,2567.00,2567.00,103866
20-Jun-14,2598.00,2620.00,2597.00,2603.00,209160
19-Jun-14,2599.00,2620.00,2597.00,2607.00,224551
18-Jun-14,2551.00,2586.00,2538.00,2540.53,232812
17-Jun-14,2595.00,2610.00,2530.00,2562.76,321268
16-Jun-14,2600.00,2641.00,2568.00,2603.55,282393
13-Jun-14,2723.00,2724.00,2632.00,2650.00,138124
12-Jun-14,2722.00,2765.00,2722.00,2731.00,77803
11-Jun-14,2780.00,2783.00,2725.00,2725.00,163277
10-Jun-14,2806.00,2811.00,2776.00,2783.00,90886
9-Jun-14,2826.00,2833.00,2796.00,2803.00,90198
6-Jun-14,2766.00,2817.00,2748.00,2817.00,134692
5-Jun-14,2750.00,2757.00,2725.00,2752.14,75529
4-Jun-14,2768.00,2775.00,2738.00,2755.00,60598
3-Jun-14,2775.00,2775.00,2737.00,2756.00,133438
2-Jun-14,2752.00,2770.00,2749.00,2753.86,129613
30-May-14,2719.00,2742.00,2697.00,2737.00,93294
29-May-14,2712.00,2727.00,2697.00,2703.00,50026
28-May-14,2707.00,2727.00,2695.00,2712.00,151060
27-May-14,2696.00,2702.00,2666.00,2702.00,155745
23-May-14,2694.00,2700.00,2672.00,2680.00,126814
22-May-14,2679.00,2705.00,2679.00,2686.00,93376
21-May-14,2686.00,2700.00,2673.00,2680.00,151757
20-May-14,2659.00,2711.00,2659.00,2681.00,83231
19-May-14,2716.00,2716.00,2667.00,2688.00,128907
16-May-14,2728.00,2751.00,2654.00,2697.00,185446
15-May-14,2789.00,2789.00,2721.00,2740.00,113477
14-May-14,2789.00,2790.00,2764.00,2780.00,112162
13-May-14,2781.00,2806.00,2752.00,2767.00,178653
12-May-14,2771.00,2820.00,2762.00,2776.01,175137
9-May-14,2785.00,2785.00,2754.00,2769.35,122094
8-May-14,2816.00,2833.00,2739.00,2784.00,202057
7-May-14,2738.00,2770.00,2719.00,2749.19,147550
6-May-14,2734.00,2769.00,2726.00,2769.00,167379
2-May-14,2665.00,2736.00,2665.00,2718.00,146732
1-May-14,2770.00,2770.00,2702.00,2730.00,50170
30-Apr-14,2770.00,2773.00,2706.00,2720.00,149928
29-Apr-14,2762.00,2796.00,2762.00,2765.00,172595
28-Apr-14,2765.00,2796.00,2738.00,2749.00,149177
25-Apr-14,2780.00,2786.00,2762.00,2774.07,114037
24-Apr-14,2799.00,2810.00,2761.00,2776.00,144281
23-Apr-14,2775.00,2792.00,2772.00,2783.00,81894
22-Apr-14,2743.00,2780.00,2740.00,2767.00,63586
17-Apr-14,2697.00,2753.00,2695.00,2735.00,64719
16-Apr-14,2677.00,2706.00,2674.00,2697.00,79371
15-Apr-14,2693.00,2694.00,2665.00,2676.00,97580
14-Apr-14,2690.00,2715.00,2667.00,2684.00,143323
11-Apr-14,2740.00,2766.00,2707.00,2707.00,265232
10-Apr-14,2758.00,2779.00,2740.00,2762.00,151734
9-Apr-14,2738.00,2745.00,2716.00,2742.00,158442
8-Apr-14,2749.00,2750.00,2709.00,2720.00,121442
7-Apr-14,2759.00,2771.00,2731.00,2739.00,114584
4-Apr-14,2745.00,2773.00,2745.00,2773.00,71635
3-Apr-14,2740.00,2774.00,2740.00,2745.00,178009
2-Apr-14,2740.00,2787.00,2727.00,2750.00,109862
1-Apr-14,2732.00,2736.00,2700.00,2732.16,107382
31-Mar-14,2726.00,2732.00,2710.00,2710.00,183444
28-Mar-14,2711.00,2714.00,2690.31,2714.00,79768
27-Mar-14,2685.00,2707.00,2679.00,2688.00,95917
26-Mar-14,2688.00,2712.00,2684.00,2700.00,87656
25-Mar-14,2667.00,2709.00,2659.00,2697.00,71186
24-Mar-14,2686.00,2696.00,2642.00,2655.00,101863
21-Mar-14,2677.00,2709.00,2677.00,2683.00,226509
20-Mar-14,2705.00,2713.00,2647.00,2681.00,144327
19-Mar-14,2735.00,2743.00,2720.00,2729.00,87247
18-Mar-14,2702.00,2733.00,2692.00,2718.00,74108
17-Mar-14,2701.00,2726.00,2701.00,2715.00,101014
14-Mar-14,2687.00,2708.00,2672.00,2701.00,83650
13-Mar-14,2717.00,2717.00,2692.00,2705.00,78920
12-Mar-14,2708.00,2723.00,2696.00,2700.00,95011
11-Mar-14,2719.00,2734.00,2698.00,2716.00,86503
10-Mar-14,2728.00,2757.00,2700.00,2721.00,169884
7-Mar-14,2764.00,2774.00,2739.00,2749.00,135745
6-Mar-14,2746.00,2781.00,2744.00,2753.00,128900
5-Mar-14,2762.00,2762.00,2736.00,2758.00,88534
4-Mar-14,2758.00,2758.00,2737.00,2755.00,160076
3-Mar-14,2732.00,2740.00,2706.00,2718.00,179529
28-Feb-14,2741.00,2775.00,2730.00,2771.00,159715
27-Feb-14,2759.00,2765.00,2735.00,2749.43,158170
26-Feb-14,2790.00,2807.00,2749.00,2766.00,130602
25-Feb-14,2782.00,2810.00,2769.00,2803.00,195809
24-Feb-14,2782.00,2794.00,2763.00,2776.00,83995
21-Feb-14,2791.00,2800.00,2757.00,2767.04,177196
20-Feb-14,2725.00,2774.00,2725.00,2763.00,99569
19-Feb-14,2725.00,2756.00,2725.00,2755.00,112053
18-Feb-14,2732.00,2740.00,2712.00,2736.00,117502
17-Feb-14,2663.00,2730.00,2663.00,2730.00,58334
14-Feb-14,2660.00,2688.00,2656.00,2675.00,108989
13-Feb-14,2699.00,2699.00,2651.00,2666.00,163725
12-Feb-14,2688.00,2710.00,2680.00,2684.00,143541
11-Feb-14,2659.00,2695.00,2656.00,2691.00,86444
10-Feb-14,2640.00,2659.00,2640.00,2659.00,116173
7-Feb-14,2607.00,2641.00,2597.00,2640.00,118322
6-Feb-14,2545.00,2607.00,2542.00,2594.00,156183
5-Feb-14,2536.00,2558.00,2507.00,2540.00,123344
4-Feb-14,2549.00,2549.00,2510.00,2530.00,199797
3-Feb-14,2495.00,2552.00,2490.00,2546.00,182936
31-Jan-14,2519.00,2520.00,2472.00,2490.00,170913
30-Jan-14,2552.00,2557.00,2506.00,2529.37,141000
29-Jan-14,2575.00,2610.00,2522.00,2544.00,235071
28-Jan-14,2663.00,2663.00,2598.00,2598.00,115479
27-Jan-14,2591.00,2637.00,2583.00,2592.00,149028
24-Jan-14,2606.00,2627.00,2603.00,2606.00,148827
23-Jan-14,2614.00,2636.00,2609.00,2616.00,121828
22-Jan-14,2601.00,2626.00,2601.00,2626.00,99574
21-Jan-14,2624.00,2627.00,2594.00,2604.00,109819
20-Jan-14,2599.00,2635.00,2599.00,2615.00,109622
17-Jan-14,2561.00,2625.00,2544.00,2615.00,188176
16-Jan-14,2553.00,2553.00,2527.00,2547.00,105398
15-Jan-14,2543.00,2553.00,2523.00,2543.00,203511
14-Jan-14,2555.00,2560.00,2494.00,2529.00,173450
13-Jan-14,2573.00,2585.00,2565.00,2580.00,108103
10-Jan-14,2525.00,2571.00,2515.00,2559.00,96307
9-Jan-14,2509.00,2528.00,2495.00,2525.00,124589
8-Jan-14,2480.00,2504.00,2461.00,2500.00,119490
7-Jan-14,2475.00,2501.00,2459.00,2468.00,103541
6-Jan-14,2462.00,2513.00,2459.00,2482.00,144743
3-Jan-14,2432.00,2477.00,2432.00,2458.00,81712
2-Jan-14,2471.00,2490.00,2437.00,2437.00,182871
31-Dec-13,2450.00,2495.00,2441.00,2495.00,38506
30-Dec-13,2450.00,2456.00,2422.00,2439.00,73170
27-Dec-13,2478.00,2478.00,2435.00,2445.00,44769
24-Dec-13,2445.00,2458.00,2442.00,2458.00,10047
23-Dec-13,2410.00,2438.00,2404.00,2438.00,89663
20-Dec-13,2465.00,2467.00,2394.00,2406.00,291888
19-Dec-13,2420.00,2457.00,2409.00,2454.00,222799
18-Dec-13,2408.00,2416.00,2383.00,2397.00,79248
17-Dec-13,2420.00,2426.00,2382.00,2382.00,155931
16-Dec-13,2418.00,2446.00,2401.00,2420.00,88481
13-Dec-13,2408.00,2433.00,2404.00,2414.00,79094
12-Dec-13,2421.00,2462.00,2400.00,2420.00,122876
11-Dec-13,2439.00,2448.00,2417.00,2428.00,81631
10-Dec-13,2435.00,2455.00,2426.00,2446.00,76644
9-Dec-13,2431.00,2448.00,2408.00,2434.00,128576
6-Dec-13,2414.00,2434.00,2387.00,2432.00,141756
5-Dec-13,2379.00,2415.00,2374.00,2392.00,189680
4-Dec-13,2407.00,2423.00,2387.00,2391.00,99328
3-Dec-13,2400.00,2409.00,2386.00,2396.00,105336
2-Dec-13,2420.00,2432.00,2390.00,2400.00,128900
29-Nov-13,2457.00,2457.00,2421.00,2423.00,86905
28-Nov-13,2446.00,2462.00,2440.00,2447.00,82568
27-Nov-13,2408.00,2444.00,2408.00,2430.00,80634
26-Nov-13,2437.00,2440.00,2422.00,2422.36,85676
25-Nov-13,2445.00,2446.00,2423.00,2425.00,70656
22-Nov-13,2429.00,2445.00,2420.00,2429.00,74683
21-Nov-13,2448.00,2449.00,2419.00,2442.00,222669
20-Nov-13,2455.00,2455.00,2406.00,2419.00,115072
19-Nov-13,2474.00,2474.00,2449.00,2450.00,92580
18-Nov-13,2482.00,2487.00,2462.00,2480.00,130166
15-Nov-13,2460.00,2493.00,2458.00,2483.00,113153
14-Nov-13,2440.00,2467.00,2427.00,2451.00,128919
13-Nov-13,2458.00,2458.00,2409.00,2415.00,127785
12-Nov-13,2450.00,2453.00,2430.00,2442.00,200464
11-Nov-13,2457.00,2496.00,2444.00,2445.00,153467
8-Nov-13,2448.00,2468.00,2448.00,2456.00,98396
7-Nov-13,2477.00,2486.00,2451.00,2465.00,112264
6-Nov-13,2499.00,2516.00,2484.00,2484.00,87530
5-Nov-13,2505.00,2515.00,2484.00,2488.00,125301
4-Nov-13,2529.00,2530.00,2496.00,2496.00,94639
1-Nov-13,2510.00,2512.00,2493.00,2506.00,68753
31-Oct-13,2533.00,2533.00,2498.00,2504.00,185627
30-Oct-13,2582.00,2582.00,2526.00,2538.00,85867
29-Oct-13,2553.00,2564.00,2546.00,2564.00,108852
28-Oct-13,2585.00,2585.00,2546.00,2563.00,40701
25-Oct-13,2561.00,2574.00,2536.00,2563.00,180882
24-Oct-13,2568.00,2595.00,2562.00,2574.00,97897
23-Oct-13,2556.00,2567.00,2538.00,2567.00,124858
22-Oct-13,2545.00,2576.00,2539.00,2561.00,106438
21-Oct-13,2555.00,2555.00,2530.00,2555.00,112445
18-Oct-13,2565.00,2573.00,2536.00,2549.00,190504
17-Oct-13,2549.00,2571.00,2536.00,2560.00,135080
16-Oct-13,2522.00,2562.00,2513.00,2555.00,175238
15-Oct-13,2508.00,2535.00,2500.00,2535.00,206857
14-Oct-13,2447.00,2504.00,2446.00,2504.00,131983
11-Oct-13,2473.00,2473.00,2445.00,2462.00,79805
10-Oct-13,2422.00,2472.00,2411.00,2460.00,132570
9-Oct-13,2400.00,2425.00,2393.00,2407.00,151444
8-Oct-13,2390.00,2422.00,2390.00,2397.00,105291
7-Oct-13,2409.00,2409.00,2375.00,2385.00,80052
4-Oct-13,2392.00,2422.00,2388.00,2401.00,161833
3-Oct-13,2389.00,2409.00,2381.00,2397.00,102418
2-Oct-13,2391.00,2408.00,2363.00,2388.98,211716
1-Oct-13,2321.00,2400.00,2321.00,2400.00,181915
30-Sep-13,2348.00,2369.00,2342.00,2369.00,139301
27-Sep-13,2381.00,2381.00,2358.00,2363.00,123596
26-Sep-13,2416.00,2416.00,2362.00,2370.00,133702
25-Sep-13,2382.00,2388.00,2349.00,2380.00,173212
24-Sep-13,2366.00,2403.00,2354.00,2387.00,152396
20-Sep-13,2352.00,2397.00,2349.00,2377.00,277667
19-Sep-13,2331.00,2385.00,2325.00,2352.00,203454
18-Sep-13,2359.00,2366.00,2306.00,2306.00,156641
17-Sep-13,2393.00,2393.00,2338.00,2362.00,136605
16-Sep-13,2392.00,2398.00,2376.00,2378.00,60522
13-Sep-13,2346.00,2368.00,2346.00,2368.00,78692
12-Sep-13,2318.00,2371.00,2318.00,2349.00,149049
11-Sep-13,2331.00,2343.00,2302.00,2313.00,125328
10-Sep-13,2283.00,2334.00,2279.00,2333.00,144831
9-Sep-13,2301.00,2315.00,2271.00,2274.00,108169
6-Sep-13,2286.00,2298.00,2272.00,2298.00,139335
5-Sep-13,2284.00,2299.00,2275.00,2290.00,154408
4-Sep-13,2277.00,2286.00,2255.00,2275.00,141567
3-Sep-13,2327.00,2353.00,2279.00,2279.00,335282
2-Sep-13,2348.00,2392.00,2346.00,2381.00,129750
30-Aug-13,2353.00,2353.00,2313.00,2316.00,145451
29-Aug-13,2335.00,2348.00,2315.00,2336.00,211669
28-Aug-13,2333.00,2343.00,2323.00,2334.00,175502
27-Aug-13,2331.00,2359.00,2316.00,2337.00,291027
23-Aug-13,2263.00,2358.00,2263.00,2355.00,198526
22-Aug-13,2276.00,2328.00,2276.00,2305.00,119259
21-Aug-13,2353.00,2353.00,2305.00,2305.00,180365
20-Aug-13,2346.00,2364.00,2324.00,2337.00,138261
19-Aug-13,2386.00,2394.00,2351.00,2354.00,137185
16-Aug-13,2331.00,2378.00,2331.00,2378.00,173105
15-Aug-13,2409.00,2409.00,2318.00,2336.00,241743
14-Aug-13,2339.00,2370.00,2339.00,2345.00,175386
13-Aug-13,2305.00,2355.00,2303.00,2355.00,282677
12-Aug-13,2322.00,2332.00,2292.00,2301.00,146487
9-Aug-13,2360.00,2366.00,2325.00,2328.00,159845
8-Aug-13,2352.00,2378.00,2345.00,2358.00,272693
7-Aug-13,2401.00,2403.00,2342.00,2350.00,159603
6-Aug-13,2409.00,2409.00,2384.00,2403.00,131483
5-Aug-13,2437.00,2459.00,2390.00,2390.00,164804
2-Aug-13,2459.00,2482.00,2424.00,2432.00,131985
1-Aug-13,2430.00,2463.00,2414.00,2463.00,168960
31-Jul-13,2377.00,2423.00,2377.00,2411.00,133158
30-Jul-13,2388.00,2415.00,2382.00,2391.00,193777
29-Jul-13,2425.00,2440.00,2364.00,2366.00,192892
26-Jul-13,2448.00,2472.00,2417.00,2428.00,153650
25-Jul-13,2444.00,2451.00,2407.00,2435.00,167830
24-Jul-13,2492.00,2498.00,2450.00,2451.00,190443
23-Jul-13,2508.00,2518.00,2483.00,2483.00,117211
22-Jul-13,2508.00,2510.00,2489.00,2498.00,105697
19-Jul-13,2476.00,2498.00,2472.00,2489.00,130056
18-Jul-13,2469.00,2480.00,2429.00,2477.00,239119
17-Jul-13,2470.00,2480.00,2451.00,2460.00,180536
16-Jul-13,2524.00,2530.00,2478.76,2480.00,89774
15-Jul-13,2496.00,2526.00,2490.00,2516.00,101539
12-Jul-13,2484.00,2514.00,2482.00,2495.00,110347
11-Jul-13,2469.00,2495.00,2467.00,2495.00,132067
10-Jul-13,2479.00,2481.00,2419.00,2445.00,158719
9-Jul-13,2485.00,2509.00,2477.00,2479.00,149047
8-Jul-13,2442.00,2468.00,2441.00,2465.00,128932
5-Jul-13,2435.00,2467.00,2403.00,2431.61,240497
4-Jul-13,2356.00,2428.00,2337.00,2425.00,112659
3-Jul-13,2340.00,2347.00,2304.00,2332.00,135118
2-Jul-13,2313.00,2349.00,2288.00,2349.00,228125
1-Jul-13,2317.00,2321.00,2260.00,2297.00,227245
28-Jun-13,2277.00,2316.00,2268.00,2300.00,212278
27-Jun-13,2255.00,2268.00,2230.00,2268.00,155344
26-Jun-13,2226.00,2295.00,2214.00,2251.00,221580
25-Jun-13,2165.00,2235.00,2145.00,2201.08,222921
24-Jun-13,2295.00,2295.00,2157.00,2158.00,220503
21-Jun-13,2270.00,2300.00,2229.00,2263.47,346035
20-Jun-13,2335.00,2335.00,2244.07,2251.00,205143
19-Jun-13,2337.00,2337.00,2269.00,2322.00,268383
18-Jun-13,2269.00,2310.00,2268.00,2293.00,122524
17-Jun-13,2284.00,2305.00,2270.00,2276.00,128563
14-Jun-13,2252.00,2319.00,2240.00,2282.00,167364
13-Jun-13,2228.00,2243.00,2214.00,2227.00,104335
12-Jun-13,2239.00,2268.00,2228.00,2245.00,181561
11-Jun-13,2296.00,2296.00,2223.00,2246.00,213619
10-Jun-13,2284.00,2303.00,2278.00,2295.00,133791
7-Jun-13,2275.00,2304.00,2251.00,2296.00,122990
6-Jun-13,2311.00,2311.00,2262.00,2273.00,134515
5-Jun-13,2356.00,2356.00,2294.00,2298.00,182468
4-Jun-13,2378.00,2400.00,2357.00,2365.00,158894
3-Jun-13,2377.00,2384.00,2337.00,2367.00,158757
31-May-13,2400.00,2410.00,2371.00,2388.69,175282
30-May-13,2404.00,2404.00,2380.00,2401.00,90324
29-May-13,2456.00,2458.00,2399.00,2401.00,139034
28-May-13,2443.00,2495.00,2431.00,2456.00,135805
24-May-13,2456.00,2465.56,2424.00,2435.00,167555
23-May-13,2452.00,2490.00,2439.00,2454.41,210033
22-May-13,2550.00,2550.00,2507.00,2519.80,111576
21-May-13,2530.00,2542.00,2507.00,2542.00,128266
20-May-13,2518.00,2543.00,2507.00,2530.00,64488
17-May-13,2509.00,2531.00,2506.00,2522.55,103006
16-May-13,2501.00,2514.00,2492.00,2506.00,124640
15-May-13,2443.00,2504.00,2443.00,2504.00,147128
14-May-13,2432.00,2457.00,2426.00,2454.00,197501
13-May-13,2425.00,2435.00,2410.00,2425.00,116353
10-May-13,2403.00,2436.00,2403.00,2425.00,96738
9-May-13,2386.00,2401.00,2379.00,2401.00,107760
8-May-13,2365.00,2398.00,2357.00,2382.00,158852
7-May-13,2365.00,2396.00,2357.00,2392.00,120971
3-May-13,2330.00,2368.94,2330.00,2363.00,118107
2-May-13,2321.00,2345.00,2303.00,2345.00,104223
1-May-13,2310.00,2347.00,2304.35,2330.00,50712
30-Apr-13,2327.00,2347.00,2296.00,2309.00,110902
29-Apr-13,2296.00,2316.00,2283.00,2307.00,133263
26-Apr-13,2320.00,2341.00,2294.00,2297.00,110440
25-Apr-13,2329.00,2337.00,2308.00,2327.00,94014
24-Apr-13,2303.00,2336.00,2300.00,2325.00,112530
23-Apr-13,2300.00,2321.00,2273.00,2308.00,88521
22-Apr-13,2307.00,2307.00,2288.00,2297.00,89446
19-Apr-13,2299.00,2305.00,2284.00,2285.00,100886
18-Apr-13,2279.00,2308.00,2270.00,2285.00,149173
17-Apr-13,2258.00,2294.00,2245.00,2281.00,138846
16-Apr-13,2275.00,2275.00,2236.00,2258.00,180263
15-Apr-13,2271.00,2275.00,2232.00,2238.00,119642
12-Apr-13,2249.00,2291.00,2233.00,2273.00,174032
11-Apr-13,2199.00,2247.00,2198.00,2235.00,123169
10-Apr-13,2159.00,2209.00,2155.00,2199.00,122170
9-Apr-13,2134.00,2159.00,2113.00,2148.00,121650
8-Apr-13,2116.00,2141.00,2101.00,2141.00,140298
5-Apr-13,2161.00,2163.00,2120.00,2120.00,149606
4-Apr-13,2136.00,2156.00,2136.00,2152.00,216485
3-Apr-13,2166.00,2172.00,2138.00,2141.00,129341
2-Apr-13,2155.00,2194.00,2149.00,2164.00,179306
28-Mar-13,2124.00,2175.00,2124.00,2152.00,151688
27-Mar-13,2154.00,2164.00,2125.00,2125.00,115384
26-Mar-13,2144.00,2148.00,2127.00,2141.00,104967
25-Mar-13,2133.00,2156.00,2131.00,2140.00,89399
22-Mar-13,2127.00,2140.00,2120.00,2133.00,146870
21-Mar-13,2146.00,2148.00,2127.00,2140.00,111569
20-Mar-13,2151.00,2158.00,2129.00,2149.00,162397
19-Mar-13,2171.00,2175.00,2146.00,2150.00,112623
18-Mar-13,2152.00,2186.00,2150.60,2185.00,115430
15-Mar-13,2200.00,2219.00,2180.00,2181.96,398478
14-Mar-13,2191.00,2204.00,2178.00,2204.00,118038
13-Mar-13,2194.00,2199.00,2170.00,2185.00,93824
12-Mar-13,2224.00,2224.00,2184.00,2186.00,98077
11-Mar-13,2203.00,2219.48,2196.00,2204.00,74589
8-Mar-13,2256.00,2256.00,2203.00,2220.00,96225
7-Mar-13,2217.00,2252.00,2194.00,2239.00,105416
6-Mar-13,2232.00,2245.00,2215.00,2219.00,130107
5-Mar-13,2218.00,2235.00,2211.00,2228.00,85315
4-Mar-13,2211.00,2232.00,2195.00,2207.00,75067
1-Mar-13,2206.00,2229.00,2190.28,2212.00,120453
28-Feb-13,2149.00,2210.00,2149.00,2203.70,261149
27-Feb-13,2153.00,2159.00,2128.00,2129.00,105997
26-Feb-13,2110.00,2160.00,2106.00,2153.00,159350
25-Feb-13,2153.00,2156.00,2137.00,2138.00,100914
22-Feb-13,2161.00,2165.00,2145.00,2152.00,109522
21-Feb-13,2172.00,2172.00,2141.00,2156.00,74501
20-Feb-13,2165.00,2180.00,2165.00,2169.68,96769
19-Feb-13,2194.00,2194.00,2169.00,2169.00,99689
18-Feb-13,2162.00,2175.00,2157.00,2170.00,60875
15-Feb-13,2155.00,2171.00,2144.00,2162.00,88812
14-Feb-13,2159.00,2170.00,2141.86,2154.00,81073
13-Feb-13,2165.00,2167.00,2150.00,2156.00,151686
12-Feb-13,2105.00,2156.22,2105.00,2156.00,204447
11-Feb-13,2120.00,2140.00,2106.00,2109.00,109893
8-Feb-13,2120.00,2137.50,2118.00,2124.00,55962
7-Feb-13,2142.00,2154.00,2115.00,2129.00,132345
6-Feb-13,2150.00,2171.00,2137.00,2145.00,87562
5-Feb-13,2141.00,2171.00,2141.00,2148.00,68886
4-Feb-13,2161.00,2179.00,2132.00,2140.00,101205
1-Feb-13,2156.00,2182.00,2156.00,2166.00,71906
31-Jan-13,2131.00,2161.00,2131.00,2158.00,166357
30-Jan-13,2147.00,2147.00,2116.00,2129.00,138900
29-Jan-13,2177.00,2178.00,2138.00,2143.00,88117
28-Jan-13,2185.00,2193.00,2161.00,2161.00,93486
25-Jan-13,2195.00,2196.00,2172.00,2178.00,108875
24-Jan-13,2196.00,2202.00,2180.00,2192.00,133121
23-Jan-13,2171.00,2186.00,2168.00,2182.00,64864
22-Jan-13,2186.00,2197.00,2155.00,2171.00,92947
21-Jan-13,2187.00,2193.00,2176.00,2185.00,50020
18-Jan-13,2190.00,2194.00,2172.00,2191.00,116120
17-Jan-13,2168.00,2184.00,2164.00,2181.00,94087
16-Jan-13,2185.00,2187.00,2174.00,2174.00,104580
15-Jan-13,2192.00,2213.00,2179.00,2180.00,162840
14-Jan-13,2200.00,2217.00,2173.00,2193.00,76715
11-Jan-13,2180.00,2209.00,2180.00,2187.00,149506
10-Jan-13,2194.00,2198.00,2177.00,2182.00,118890
9-Jan-13,2189.00,2199.00,2165.00,2188.00,107271
8-Jan-13,2206.00,2219.00,2187.00,2190.00,98062
7-Jan-13,2179.00,2205.22,2166.00,2205.00,110507
4-Jan-13,2174.00,2190.00,2165.00,2173.00,65783
3-Jan-13,2174.00,2174.00,2159.00,2171.00,74626
2-Jan-13,2148.00,2181.00,2129.00,2174.00,131635
