31-Dec-15,245.40,250.40,239.70,244.40,649156
30-Dec-15,250.80,256.20,248.00,248.60,605557
29-Dec-15,254.10,257.10,249.70,252.00,1043751
24-Dec-15,254.60,254.60,245.80,252.30,261692
23-Dec-15,240.80,253.20,240.80,250.80,1592149
22-Dec-15,231.30,240.90,230.70,239.60,1268797
21-Dec-15,221.20,235.00,218.68,229.80,1134597
18-Dec-15,220.80,227.70,218.00,220.60,2783155
16-Dec-15,210.30,228.80,205.60,226.90,2185188
15-Dec-15,212.40,223.80,209.10,210.80,2658397
14-Dec-15,220.20,233.30,209.10,209.90,2049198
11-Dec-15,218.00,220.50,208.70,212.10,1102632
10-Dec-15,226.60,232.20,216.80,220.30,1243501
9-Dec-15,218.30,228.10,214.40,224.20,1923864
8-Dec-15,225.90,225.90,214.00,218.70,1374023
7-Dec-15,233.20,233.20,220.40,227.60,1690286
4-Dec-15,242.40,243.80,224.90,229.80,2335765
3-Dec-15,252.20,253.10,244.40,244.40,1756260
2-Dec-15,256.00,260.13,246.80,252.00,2260796
1-Dec-15,225.10,265.00,224.68,253.10,5806856
30-Nov-15,232.10,235.40,218.50,225.10,1671848
27-Nov-15,232.70,237.60,229.70,234.00,931723
26-Nov-15,228.60,236.70,228.60,236.70,721298
25-Nov-15,241.30,248.10,229.30,230.60,1439378
24-Nov-15,236.50,246.40,229.70,243.60,1785202
23-Nov-15,232.00,233.90,227.60,233.20,1145300
20-Nov-15,229.30,235.00,226.30,234.00,1395535
19-Nov-15,220.00,228.70,217.40,228.10,2211278
18-Nov-15,226.10,226.70,213.40,217.10,1903500
17-Nov-15,227.30,234.00,225.60,226.50,1517447
16-Nov-15,229.70,236.28,226.10,231.30,1363368
13-Nov-15,226.50,232.60,226.10,231.10,1285634
12-Nov-15,235.90,235.90,224.50,227.80,1601667
11-Nov-15,237.20,242.50,232.60,234.70,1698154
10-Nov-15,236.00,249.80,235.98,238.05,2833065
9-Nov-15,270.20,277.00,258.90,259.10,1385497
6-Nov-15,285.60,287.88,271.50,271.70,1851875
5-Nov-15,279.40,288.40,276.10,285.10,1601262
4-Nov-15,265.40,289.40,265.40,280.50,3398542
3-Nov-15,259.70,265.80,258.00,265.30,1037731
2-Nov-15,257.70,263.70,257.70,261.30,1531994
30-Oct-15,256.60,261.80,253.34,260.60,1389897
29-Oct-15,266.40,268.00,253.60,256.90,2363187
28-Oct-15,266.30,273.70,261.70,267.70,2053844
27-Oct-15,280.70,280.70,263.30,265.70,1695316
26-Oct-15,281.70,284.62,278.70,279.70,1206992
23-Oct-15,283.40,286.50,277.60,283.30,1281115
22-Oct-15,269.10,283.60,266.40,282.60,1321833
21-Oct-15,274.40,278.20,266.20,269.00,1402523
20-Oct-15,283.40,291.30,275.60,275.80,1454540
19-Oct-15,278.20,288.00,278.20,285.00,1406695
16-Oct-15,284.70,289.10,277.20,280.30,1696562
15-Oct-15,281.20,294.30,280.91,285.00,1152078
14-Oct-15,280.70,282.80,277.40,280.80,1427349
13-Oct-15,280.70,283.30,273.60,280.60,1108171
12-Oct-15,286.50,292.20,281.90,283.50,1193539
9-Oct-15,274.00,289.70,273.50,285.20,2065092
8-Oct-15,264.70,272.00,260.10,270.80,1498613
7-Oct-15,250.50,270.40,250.50,263.90,2975935
6-Oct-15,263.30,263.30,247.90,250.00,2654548
5-Oct-15,255.00,262.70,254.60,262.20,1550924
2-Oct-15,247.80,257.60,247.60,251.30,1712293
1-Oct-15,246.30,254.80,244.90,247.10,2008518
30-Sep-15,240.90,245.00,237.70,244.00,1679745
29-Sep-15,233.70,239.20,230.10,237.60,1587582
28-Sep-15,242.10,242.50,233.20,234.40,1129478
25-Sep-15,245.80,249.50,239.56,242.60,1601943
24-Sep-15,254.30,254.30,237.08,240.10,1729632
23-Sep-15,264.60,267.00,258.70,259.30,1314458
22-Sep-15,279.40,279.40,265.20,266.10,1426046
21-Sep-15,276.60,280.70,272.20,278.00,1566324
18-Sep-15,270.90,279.20,269.40,279.20,3936091
17-Sep-15,274.00,276.30,272.00,272.20,1498127
16-Sep-15,266.30,274.50,265.80,273.70,2046311
15-Sep-15,262.20,268.10,258.50,267.20,1518722
14-Sep-15,259.50,264.40,258.90,262.20,1131451
11-Sep-15,259.80,260.70,254.90,259.70,1926205
10-Sep-15,270.10,270.10,263.40,266.00,1461675
9-Sep-15,277.80,279.70,270.00,273.20,1591373
8-Sep-15,271.70,278.10,271.70,274.90,1487919
7-Sep-15,277.30,278.50,270.90,272.90,1430266
4-Sep-15,277.60,279.60,273.80,274.60,1466531
3-Sep-15,277.20,281.10,266.90,278.50,2319510
2-Sep-15,282.00,290.50,274.60,280.60,2258649
1-Sep-15,287.60,291.90,279.30,279.70,1710296
28-Aug-15,289.00,293.20,286.70,292.60,1516167
27-Aug-15,284.60,290.30,280.40,288.20,1835526
26-Aug-15,277.80,287.20,272.70,278.50,1315922
25-Aug-15,272.10,282.20,272.10,278.50,1543431
24-Aug-15,283.40,283.40,268.20,270.40,2067877
21-Aug-15,292.30,296.30,286.50,287.30,1315691
20-Aug-15,289.40,298.59,277.90,293.80,2617177
19-Aug-15,306.50,306.50,293.00,293.90,1584046
18-Aug-15,310.60,312.80,300.60,305.50,1234778
17-Aug-15,313.20,318.70,310.00,312.00,1545366
14-Aug-15,327.00,327.00,308.60,311.30,2026496
13-Aug-15,330.90,335.20,318.00,325.10,1537519
12-Aug-15,324.40,330.10,317.90,325.50,1395017
11-Aug-15,322.40,329.50,319.78,323.80,1722137
10-Aug-15,319.90,323.73,313.00,323.70,1046216
7-Aug-15,314.50,328.40,314.50,318.90,1540791
6-Aug-15,312.30,322.15,311.90,318.70,1337969
5-Aug-15,304.10,318.50,304.10,314.20,1973762
4-Aug-15,300.80,310.60,299.77,307.40,1750107
3-Aug-15,296.40,305.20,296.40,301.90,1875975
31-Jul-15,291.40,299.80,287.50,298.30,2206457
30-Jul-15,289.40,290.90,285.13,288.90,1907553
29-Jul-15,279.80,288.00,274.00,285.40,2666900
28-Jul-15,253.00,286.00,247.80,277.40,3284091
27-Jul-15,259.50,260.53,252.00,252.50,1139383
24-Jul-15,260.00,261.90,253.40,254.70,1339423
23-Jul-15,270.30,271.60,261.10,261.50,1387678
22-Jul-15,272.00,276.60,266.00,270.60,2346576
21-Jul-15,263.60,272.30,259.80,272.10,2049781
20-Jul-15,261.60,265.40,257.70,262.00,1015366
17-Jul-15,257.70,262.00,255.90,256.80,1038898
16-Jul-15,255.00,259.70,254.10,259.00,1290752
15-Jul-15,256.30,259.32,251.20,256.30,2168939
14-Jul-15,260.50,260.50,246.00,257.40,2326144
13-Jul-15,267.80,269.20,259.60,261.80,2312508
10-Jul-15,276.90,278.30,263.60,267.00,2551026
9-Jul-15,258.90,274.10,247.40,273.30,5646382
8-Jul-15,354.70,358.90,252.02,254.60,7786328
7-Jul-15,357.50,357.50,352.60,353.90,1330180
6-Jul-15,353.80,359.30,352.59,356.00,737269
3-Jul-15,361.90,363.40,356.00,356.80,802627
2-Jul-15,353.90,364.60,353.90,363.80,1251292
1-Jul-15,349.10,357.20,349.10,354.50,1342575
30-Jun-15,354.00,355.70,348.20,348.20,1504668
29-Jun-15,357.80,362.00,352.00,355.60,1702367
26-Jun-15,364.90,367.45,363.70,366.00,1486044
25-Jun-15,367.70,371.50,366.40,368.60,1491925
24-Jun-15,373.00,373.00,366.90,367.10,1263830
23-Jun-15,367.50,371.19,364.40,369.00,1220250
22-Jun-15,367.00,367.00,360.00,364.30,1288133
19-Jun-15,359.60,363.00,358.95,359.50,1610306
18-Jun-15,360.90,367.80,356.20,358.70,1565101
17-Jun-15,368.80,371.10,366.20,370.00,1376839
16-Jun-15,371.50,371.50,361.90,367.00,1248895
15-Jun-15,374.20,375.60,371.30,372.90,1043044
12-Jun-15,375.60,378.50,374.50,376.00,1095797
11-Jun-15,373.90,378.00,371.70,376.20,968956
10-Jun-15,370.80,376.00,369.78,373.00,1151690
9-Jun-15,377.50,381.60,368.70,369.80,992460
8-Jun-15,378.30,381.60,371.60,376.80,910958
5-Jun-15,376.20,382.69,372.80,375.50,920334
4-Jun-15,386.70,388.50,378.20,378.80,1537142
3-Jun-15,389.30,394.60,384.20,389.00,1336735
2-Jun-15,391.40,394.10,385.80,390.00,1156014
1-Jun-15,395.30,396.70,388.40,389.00,1408022
29-May-15,397.50,401.00,393.40,395.40,1586839
28-May-15,395.20,399.20,392.60,395.10,1507657
27-May-15,393.00,398.80,393.00,396.50,1264132
26-May-15,396.10,401.40,394.10,394.80,1355978
22-May-15,396.60,404.30,396.60,399.40,896977
21-May-15,401.80,402.90,396.40,399.00,1172422
20-May-15,396.60,401.50,396.20,401.10,1348477
19-May-15,414.10,417.86,398.70,400.60,2189108
18-May-15,412.10,425.50,412.10,416.60,1602837
15-May-15,429.00,429.00,411.60,418.25,1375344
14-May-15,416.00,435.90,414.80,424.90,1161369
13-May-15,417.60,419.80,410.80,418.40,1124033
12-May-15,415.40,417.60,405.20,414.70,1762108
11-May-15,413.00,422.00,410.50,420.20,1995856
8-May-15,407.00,426.40,407.00,415.25,2883359
7-May-15,395.70,403.70,393.60,398.60,1764221
6-May-15,395.90,402.60,395.90,398.40,1500305
5-May-15,407.60,407.60,394.90,396.90,1649230
1-May-15,403.30,407.30,398.00,404.20,982595
30-Apr-15,398.20,408.50,395.90,400.30,1876406
29-Apr-15,409.70,413.30,394.20,399.20,3215559
28-Apr-15,395.80,410.70,394.00,409.40,2085803
27-Apr-15,394.00,399.10,387.20,397.20,1831886
24-Apr-15,394.70,402.20,393.50,399.60,1198574
23-Apr-15,391.30,397.30,387.30,395.60,1782499
22-Apr-15,399.80,403.10,394.10,398.00,1620558
21-Apr-15,402.10,403.60,394.20,400.60,1769335
20-Apr-15,405.30,408.40,396.10,400.00,1273635
17-Apr-15,411.60,411.60,395.30,405.80,1887314
16-Apr-15,422.00,435.30,409.20,409.50,2805068
15-Apr-15,418.10,423.40,409.30,420.40,1716655
14-Apr-15,407.30,422.90,407.30,415.00,3200677
13-Apr-15,393.50,414.90,393.20,408.00,1905561
10-Apr-15,394.60,398.60,392.00,395.50,1210039
9-Apr-15,391.70,400.70,382.60,393.60,2471851
8-Apr-15,373.70,414.60,372.40,391.10,4287524
7-Apr-15,362.00,376.80,360.20,374.30,2656317
2-Apr-15,355.00,359.80,353.50,358.90,1728180
1-Apr-15,361.60,362.50,347.40,353.70,2967378
31-Mar-15,370.40,372.00,362.70,363.90,1800115
30-Mar-15,370.00,372.80,365.30,368.90,1342591
27-Mar-15,382.80,384.60,365.30,368.30,1721427
26-Mar-15,390.20,396.20,378.50,380.60,1533628
25-Mar-15,389.40,396.10,383.90,394.90,1257818
24-Mar-15,385.20,397.00,381.80,390.70,1404703
23-Mar-15,379.40,386.30,378.20,384.60,1240011
20-Mar-15,377.20,380.60,370.60,379.20,2899914
19-Mar-15,370.70,377.70,369.76,374.80,1543875
18-Mar-15,363.60,370.30,357.90,369.00,2342503
17-Mar-15,362.10,366.60,359.00,361.80,1814405
16-Mar-15,376.20,380.10,357.40,360.50,2447878
13-Mar-15,376.60,378.40,371.30,377.30,1811533
12-Mar-15,377.80,377.80,371.20,374.30,1495801
11-Mar-15,386.40,390.34,371.60,374.90,2210464
10-Mar-15,400.00,400.00,377.60,386.40,3064234
9-Mar-15,393.80,400.20,393.10,397.50,1443443
6-Mar-15,398.00,403.60,392.90,395.10,1446504
5-Mar-15,399.10,401.30,392.30,399.70,1866974
4-Mar-15,403.50,403.50,392.30,397.40,2441994
3-Mar-15,403.10,404.20,399.10,400.20,2393301
2-Mar-15,408.80,412.80,398.70,401.40,2702688
27-Feb-15,423.90,428.23,411.90,413.60,1805702
26-Feb-15,411.70,427.40,409.30,423.80,2405232
25-Feb-15,429.00,435.50,410.70,411.80,3264441
24-Feb-15,389.00,451.30,385.77,429.90,5411778
23-Feb-15,408.10,409.00,395.70,403.00,1823715
20-Feb-15,400.50,406.80,400.50,406.00,1350939
19-Feb-15,417.40,418.20,397.63,403.10,3900836
18-Feb-15,419.20,421.90,413.70,417.40,1581808
17-Feb-15,424.20,426.30,415.40,418.30,1486580
16-Feb-15,420.00,423.40,415.00,422.00,1128590
13-Feb-15,413.70,423.80,411.00,422.10,1582565
12-Feb-15,410.00,412.20,403.80,409.10,2271062
11-Feb-15,414.00,426.20,407.40,410.70,2708713
10-Feb-15,396.70,417.80,389.40,412.60,4647403
9-Feb-15,382.70,393.20,379.10,389.90,1828683
6-Feb-15,375.80,385.80,373.82,383.30,1264349
5-Feb-15,372.00,376.80,361.90,375.60,1652778
4-Feb-15,375.20,378.50,374.10,375.10,2307745
3-Feb-15,366.10,378.20,365.78,375.00,1796693
2-Feb-15,359.60,365.70,357.30,365.70,1154964
30-Jan-15,361.10,363.03,359.50,360.50,956091
29-Jan-15,362.70,366.90,359.20,361.20,1157093
28-Jan-15,367.90,370.57,363.43,364.70,937100
27-Jan-15,364.50,365.80,362.70,363.80,1625864
26-Jan-15,369.60,376.60,359.70,364.80,1999204
23-Jan-15,374.10,377.30,364.70,374.60,1482644
22-Jan-15,354.20,378.60,353.99,371.50,3344010
21-Jan-15,353.80,358.10,348.37,358.10,1741784
20-Jan-15,358.80,364.40,357.00,362.60,1682928
19-Jan-15,362.20,364.05,355.00,357.40,1232603
16-Jan-15,358.00,362.10,354.82,358.00,2216084
15-Jan-15,361.10,365.60,358.20,359.40,2185917
14-Jan-15,369.90,369.90,358.20,360.10,3019838
13-Jan-15,368.60,379.20,365.10,374.80,3601709
12-Jan-15,380.90,382.79,352.90,356.00,3693379
9-Jan-15,399.30,399.30,373.90,378.50,2029199
8-Jan-15,400.70,404.80,395.40,399.10,2261713
7-Jan-15,424.90,424.90,392.40,395.40,2646245
6-Jan-15,424.40,434.10,421.40,422.90,1539947
5-Jan-15,450.00,454.29,418.50,421.50,1830706
31-Dec-14,454.70,463.10,449.00,460.60,238255
30-Dec-14,448.10,460.80,448.10,456.00,712251
29-Dec-14,449.30,457.90,449.30,452.50,500330
24-Dec-14,442.90,455.23,442.90,452.00,129903
23-Dec-14,453.30,457.40,450.62,454.80,842340
22-Dec-14,443.20,454.70,436.80,453.40,1024202
19-Dec-14,450.00,453.40,435.50,441.00,1953891
18-Dec-14,462.00,471.50,433.10,446.30,2123942
17-Dec-14,454.00,466.10,453.37,462.40,1608155
16-Dec-14,470.10,471.90,440.50,461.40,2643516
15-Dec-14,501.50,508.31,470.40,470.40,1607991
12-Dec-14,544.00,544.00,488.70,508.50,2490025
11-Dec-14,564.00,567.50,559.07,564.50,753261
10-Dec-14,566.00,571.00,562.50,566.00,492159
9-Dec-14,570.50,573.33,561.50,562.00,518162
8-Dec-14,580.50,584.02,575.50,575.50,449323
5-Dec-14,581.00,588.00,581.00,583.50,689360
4-Dec-14,588.50,591.44,575.50,579.50,914986
3-Dec-14,606.50,607.00,585.50,585.50,626210
2-Dec-14,607.50,607.50,599.50,602.50,387292
1-Dec-14,604.50,613.50,599.00,601.50,424953
28-Nov-14,608.50,612.00,603.50,609.50,516730
27-Nov-14,606.00,609.00,601.50,606.50,480551
26-Nov-14,594.50,611.00,594.50,608.00,450841
25-Nov-14,594.00,597.00,590.00,597.00,360747
24-Nov-14,593.50,594.88,587.00,589.50,422554
21-Nov-14,596.00,601.50,592.00,596.50,660492
20-Nov-14,600.00,600.00,592.50,595.00,798991
19-Nov-14,600.00,603.00,591.00,594.50,776985
18-Nov-14,584.50,606.00,580.81,600.00,972318
17-Nov-14,579.50,583.00,575.00,580.00,357454
14-Nov-14,583.00,585.00,576.00,583.50,691568
13-Nov-14,590.00,592.00,582.18,585.00,652182
12-Nov-14,588.50,589.00,582.36,586.50,524187
11-Nov-14,586.50,592.00,585.00,589.00,466819
10-Nov-14,577.00,585.50,571.00,585.50,836900
7-Nov-14,588.50,588.50,572.50,573.00,618987
6-Nov-14,578.50,590.00,578.02,587.00,580894
5-Nov-14,590.50,591.50,578.00,580.50,431343
4-Nov-14,585.50,592.00,583.87,585.00,536915
3-Nov-14,594.50,595.11,582.00,584.00,611652
31-Oct-14,583.50,594.50,577.50,594.50,1157271
30-Oct-14,589.50,589.50,576.50,577.00,632452
29-Oct-14,595.00,598.50,588.50,589.50,702299
28-Oct-14,584.00,598.50,583.50,598.50,709781
27-Oct-14,591.50,595.25,578.50,580.50,626720
24-Oct-14,597.50,598.26,584.00,589.50,600794
23-Oct-14,597.00,597.50,589.50,595.00,639967
22-Oct-14,599.00,600.74,593.50,595.00,663511
21-Oct-14,586.50,601.00,583.50,599.50,1056758
20-Oct-14,588.00,590.45,583.50,588.00,577078
17-Oct-14,587.00,595.50,584.50,587.00,840351
16-Oct-14,591.50,592.50,568.00,587.50,1500748
15-Oct-14,607.00,607.00,586.50,589.00,772529
14-Oct-14,603.00,608.50,601.00,603.50,395660
13-Oct-14,607.50,610.50,603.00,606.50,444938
10-Oct-14,607.00,612.00,603.50,611.00,551856
9-Oct-14,623.00,623.50,608.00,609.50,451681
8-Oct-14,618.00,621.00,612.50,619.00,673329
7-Oct-14,629.00,630.26,617.50,620.00,404942
6-Oct-14,620.00,632.00,620.00,630.00,869327
3-Oct-14,624.00,624.00,615.00,618.50,926545
2-Oct-14,629.50,631.00,618.00,618.00,1039267
1-Oct-14,645.00,647.50,628.00,630.50,878272
30-Sep-14,648.50,649.50,639.00,646.50,610854
29-Sep-14,638.00,646.50,637.50,645.00,527752
26-Sep-14,635.00,643.50,635.00,639.50,723969
25-Sep-14,646.00,648.50,636.50,640.50,603975
24-Sep-14,635.50,646.50,633.00,644.50,799910
23-Sep-14,641.00,642.00,634.50,636.50,648317
22-Sep-14,639.00,643.00,637.36,640.00,800732
19-Sep-14,639.00,648.50,636.50,644.00,1545688
18-Sep-14,643.00,644.00,633.00,635.00,893543
17-Sep-14,650.00,651.50,641.50,643.50,461975
16-Sep-14,647.50,649.50,640.84,648.00,582586
15-Sep-14,652.50,653.98,643.50,648.00,356811
12-Sep-14,658.00,664.00,650.00,656.00,973741
11-Sep-14,642.00,656.50,639.50,656.50,1035699
10-Sep-14,641.00,648.00,640.00,642.75,700512
9-Sep-14,641.00,647.00,641.00,642.00,652507
8-Sep-14,641.50,644.18,641.00,642.50,475404
5-Sep-14,640.50,646.50,640.50,643.50,609210
4-Sep-14,646.50,647.00,635.00,640.50,560439
3-Sep-14,629.50,646.00,628.50,637.00,596447
2-Sep-14,629.50,631.50,625.50,629.00,361242
1-Sep-14,626.00,635.00,626.00,629.50,290730
29-Aug-14,630.00,636.50,626.00,627.50,563113
28-Aug-14,636.00,638.00,621.50,628.50,724413
27-Aug-14,633.00,643.00,629.50,638.00,621015
26-Aug-14,640.00,640.00,629.00,632.00,531653
22-Aug-14,634.50,638.50,634.00,636.00,301954
21-Aug-14,641.00,643.00,628.00,636.00,802377
20-Aug-14,638.50,647.00,638.00,641.00,816843
19-Aug-14,641.50,641.50,630.00,637.50,606319
18-Aug-14,642.50,646.56,630.00,638.00,474047
15-Aug-14,638.00,648.00,637.50,639.00,906713
14-Aug-14,630.50,640.50,629.98,640.00,1155437
13-Aug-14,648.50,652.00,640.50,645.00,1059860
12-Aug-14,635.00,645.50,634.10,644.50,913586
11-Aug-14,649.50,650.56,631.50,639.50,1107103
8-Aug-14,642.50,656.00,639.50,651.00,1608514
7-Aug-14,708.00,741.00,627.50,651.50,5251011
6-Aug-14,688.00,717.00,683.00,710.00,1343884
5-Aug-14,689.50,694.00,683.50,689.00,564756
4-Aug-14,688.50,695.50,685.00,689.00,454483
1-Aug-14,694.00,694.00,683.50,688.50,862354
31-Jul-14,704.00,709.00,698.50,699.50,1165103
30-Jul-14,701.00,713.50,699.89,706.50,1028929
29-Jul-14,686.50,701.50,679.00,699.50,1331034
28-Jul-14,669.00,687.00,664.00,686.50,987638
25-Jul-14,680.50,687.50,668.00,668.50,1132433
24-Jul-14,700.50,703.50,672.00,680.50,1608617
23-Jul-14,702.50,723.00,694.00,710.00,1476508
22-Jul-14,704.50,704.50,697.50,703.00,365703
21-Jul-14,700.50,702.24,691.00,700.00,596668
18-Jul-14,694.00,700.50,690.00,700.00,634492
17-Jul-14,699.00,699.50,691.50,698.50,867416
16-Jul-14,702.00,706.00,698.50,703.00,788787
15-Jul-14,709.50,711.19,695.50,700.00,1053636
14-Jul-14,683.00,732.50,680.50,710.00,2417537
11-Jul-14,680.00,682.50,678.00,680.00,1015814
10-Jul-14,682.50,683.50,676.50,680.50,717391
9-Jul-14,681.00,687.50,680.50,684.50,939509
8-Jul-14,683.50,685.50,676.00,680.00,831133
7-Jul-14,687.00,688.50,675.00,681.50,975826
4-Jul-14,692.50,692.50,683.00,690.50,882702
3-Jul-14,674.50,694.00,665.50,688.00,1359285
2-Jul-14,659.50,661.50,649.50,660.00,1087638
1-Jul-14,646.00,664.00,645.00,655.50,979618
30-Jun-14,638.00,644.00,636.00,640.50,561606
27-Jun-14,643.50,645.50,639.00,639.50,593962
26-Jun-14,638.00,644.00,636.00,644.00,669930
25-Jun-14,636.00,636.00,629.00,635.50,843868
24-Jun-14,635.00,642.00,633.50,640.00,539986
23-Jun-14,643.50,645.50,634.00,637.50,582461
20-Jun-14,634.00,646.00,632.00,645.00,1128876
19-Jun-14,625.00,635.50,621.00,635.50,703960
18-Jun-14,624.50,624.50,618.50,621.50,554363
17-Jun-14,639.50,639.50,620.00,625.00,875335
16-Jun-14,626.00,640.50,626.00,636.00,692191
13-Jun-14,628.50,632.50,624.50,629.00,635904
12-Jun-14,633.00,642.50,626.50,630.00,520612
11-Jun-14,644.50,644.50,632.50,634.50,365872
10-Jun-14,632.00,642.00,627.50,641.50,690136
9-Jun-14,636.00,638.50,629.00,632.50,458204
6-Jun-14,639.00,643.50,634.50,636.50,833320
5-Jun-14,635.00,639.50,628.00,638.53,632105
4-Jun-14,629.50,637.00,629.00,635.03,998472
3-Jun-14,638.50,639.50,627.50,629.97,923418
2-Jun-14,629.00,636.00,626.50,635.97,744261
30-May-14,635.00,636.50,624.71,628.97,1106547
29-May-14,629.50,640.50,628.00,636.50,1031023
28-May-14,614.50,633.00,610.19,626.97,1064195
27-May-14,611.50,618.00,611.00,613.47,1113327
23-May-14,606.50,610.50,600.64,608.50,1005802
22-May-14,601.00,608.50,595.86,603.47,1280908
21-May-14,595.00,600.00,583.50,599.00,1701327
20-May-14,602.50,607.50,593.50,595.00,1358612
19-May-14,611.00,614.50,600.50,601.00,1610800
16-May-14,625.00,625.00,603.00,608.50,1621026
15-May-14,637.00,640.00,608.00,622.50,1980921
14-May-14,633.00,642.50,632.50,638.50,1307023
13-May-14,653.50,656.50,628.50,637.50,2203429
12-May-14,663.00,664.00,648.50,653.50,1341707
9-May-14,647.00,665.00,641.00,660.00,2217504
8-May-14,687.50,688.50,676.00,677.00,760028
7-May-14,682.50,688.50,680.27,684.50,541199
6-May-14,682.50,691.00,680.50,683.50,1167152
2-May-14,663.00,685.50,663.00,684.00,1442381
1-May-14,669.00,670.00,659.00,668.50,432215
30-Apr-14,666.00,667.50,659.00,662.00,762383
29-Apr-14,674.00,678.00,656.50,664.50,1302839
28-Apr-14,675.50,680.50,658.89,670.00,1507254
25-Apr-14,660.50,667.50,658.00,660.50,1239512
24-Apr-14,660.00,661.50,654.00,661.50,1950538
23-Apr-14,690.00,704.00,650.50,657.65,3922330
22-Apr-14,753.00,760.00,749.00,756.50,880489
17-Apr-14,741.00,759.50,738.00,753.00,686275
16-Apr-14,739.00,742.50,731.50,740.50,737383
15-Apr-14,737.00,737.00,725.50,730.50,626026
14-Apr-14,735.00,741.00,731.00,737.50,1010642
11-Apr-14,733.00,745.50,733.00,740.00,1221589
10-Apr-14,735.50,739.50,730.50,735.50,879341
9-Apr-14,733.50,743.50,726.50,733.50,1057792
8-Apr-14,748.00,751.50,729.00,731.50,971813
7-Apr-14,736.00,756.50,736.00,750.50,720395
4-Apr-14,746.00,753.50,738.50,742.50,950031
3-Apr-14,760.00,766.00,742.50,747.90,1082860
2-Apr-14,774.00,780.00,754.50,760.00,1037637
1-Apr-14,764.50,777.50,764.50,775.50,895889
31-Mar-14,766.00,769.50,760.50,766.00,635183
28-Mar-14,754.50,765.50,750.50,765.00,727102
27-Mar-14,759.00,759.00,746.00,751.50,500026
26-Mar-14,754.50,757.00,746.00,757.00,931657
25-Mar-14,758.00,760.50,749.00,752.00,942481
24-Mar-14,771.00,771.50,752.00,755.00,785363
21-Mar-14,779.50,779.50,768.50,770.50,1170201
20-Mar-14,792.00,798.00,777.50,780.00,993792
19-Mar-14,790.00,798.50,784.00,795.50,1218483
18-Mar-14,778.00,789.00,772.00,788.00,925563
17-Mar-14,770.00,779.00,765.00,777.50,770383
14-Mar-14,760.00,772.00,754.50,771.00,782817
13-Mar-14,779.50,781.00,762.50,764.00,807163
12-Mar-14,770.50,778.50,767.50,778.50,1060493
11-Mar-14,796.50,797.00,765.50,771.00,1630735
10-Mar-14,811.00,813.50,789.00,793.50,920097
7-Mar-14,809.50,822.50,804.50,812.00,1284027
6-Mar-14,825.50,828.50,817.50,822.00,401218
5-Mar-14,818.00,826.50,817.50,822.50,600534
4-Mar-14,813.00,823.00,810.00,820.00,767326
3-Mar-14,802.50,813.50,796.00,807.50,1360793
28-Feb-14,802.00,809.00,799.50,806.00,900447
27-Feb-14,800.50,805.00,795.00,798.50,490254
26-Feb-14,816.00,816.00,798.50,798.50,606283
25-Feb-14,810.00,813.50,801.00,810.00,1102507
24-Feb-14,806.50,813.50,802.50,812.50,455072
21-Feb-14,813.50,821.00,810.00,811.00,574477
20-Feb-14,809.00,816.50,803.50,810.00,726810
19-Feb-14,811.50,816.00,800.50,809.50,902556
18-Feb-14,817.00,821.00,782.00,803.50,1138836
17-Feb-14,795.00,806.00,788.00,806.00,525776
14-Feb-14,799.50,799.50,791.50,795.00,476958
13-Feb-14,782.00,787.00,751.00,785.50,1413705
12-Feb-14,805.50,807.50,789.00,795.50,397057
11-Feb-14,804.00,808.00,800.50,807.50,387242
10-Feb-14,794.50,800.00,793.00,800.00,358366
7-Feb-14,795.00,799.50,791.50,795.00,447163
6-Feb-14,800.00,814.00,792.00,794.50,626566
5-Feb-14,785.00,805.50,785.00,798.00,748485
4-Feb-14,792.50,795.00,781.50,784.50,793002
3-Feb-14,810.50,824.00,794.00,796.00,819994
31-Jan-14,825.00,827.00,804.50,812.50,797180
30-Jan-14,807.00,829.50,804.00,822.50,481372
29-Jan-14,812.50,815.50,795.00,804.50,684548
28-Jan-14,785.50,811.00,783.50,808.50,928744
27-Jan-14,801.00,801.00,784.00,785.00,773499
24-Jan-14,804.00,809.50,797.00,800.50,571942
23-Jan-14,810.00,813.00,800.00,806.00,373363
22-Jan-14,807.00,810.00,800.00,809.00,590818
21-Jan-14,806.50,807.00,800.00,803.00,623448
20-Jan-14,807.50,815.00,805.50,807.00,179447
17-Jan-14,812.50,819.50,807.00,811.50,317509
16-Jan-14,820.00,820.50,809.00,815.00,379028
15-Jan-14,821.00,824.00,812.00,820.50,509230
14-Jan-14,818.00,819.00,811.50,817.50,430692
13-Jan-14,817.50,820.50,812.00,816.47,359013
10-Jan-14,817.00,822.50,814.00,820.00,360133
9-Jan-14,799.00,823.00,797.50,809.87,538286
8-Jan-14,796.00,799.50,778.00,797.00,449185
7-Jan-14,803.00,803.00,788.50,795.50,538326
6-Jan-14,802.50,811.00,799.50,808.15,445916
3-Jan-14,797.00,801.50,790.00,800.00,420992
2-Jan-14,797.00,805.00,790.50,797.50,415834
31-Dec-13,791.00,805.00,791.00,800.50,104784
30-Dec-13,797.00,801.00,793.50,794.00,249489
27-Dec-13,793.00,802.00,793.00,798.50,185387
24-Dec-13,789.50,798.00,787.00,798.00,27207
23-Dec-13,790.00,793.00,782.00,784.50,451107
20-Dec-13,795.00,804.50,785.00,789.00,1224788
19-Dec-13,781.50,803.50,778.00,792.00,1128577
18-Dec-13,774.50,783.50,771.00,771.00,700870
17-Dec-13,775.50,780.50,775.50,775.50,480601
16-Dec-13,778.00,786.50,769.00,780.00,707413
13-Dec-13,770.50,787.00,770.50,778.50,667484
12-Dec-13,789.50,794.00,785.50,788.00,495067
11-Dec-13,784.50,796.50,767.50,786.50,981571
10-Dec-13,782.50,786.00,778.00,781.00,527215
9-Dec-13,766.00,782.00,764.00,780.00,615863
6-Dec-13,762.00,766.00,750.50,764.50,699545
5-Dec-13,756.50,799.00,753.50,755.00,2209705
4-Dec-13,686.00,747.00,683.00,743.00,2183805
3-Dec-13,693.00,699.00,683.50,684.00,478713
2-Dec-13,691.00,693.00,685.00,691.00,508946
29-Nov-13,693.00,697.00,689.00,691.50,551619
28-Nov-13,694.50,695.00,686.00,692.50,460976
27-Nov-13,690.00,695.00,686.00,692.50,477781
26-Nov-13,690.00,697.50,687.00,687.00,625570
25-Nov-13,687.00,693.00,684.00,690.50,478411
22-Nov-13,688.50,691.50,679.50,683.50,554007
21-Nov-13,680.00,689.50,674.00,686.00,580491
20-Nov-13,678.00,681.00,675.50,680.00,609225
19-Nov-13,669.50,680.00,668.00,679.50,664971
18-Nov-13,668.00,673.50,661.50,671.00,594442
15-Nov-13,663.00,668.50,659.50,662.50,895233
14-Nov-13,661.00,663.00,648.50,656.00,927147
13-Nov-13,666.50,680.00,652.00,653.00,1730769
12-Nov-13,631.00,637.00,627.00,636.50,484340
11-Nov-13,629.50,636.50,626.50,631.50,284792
8-Nov-13,630.00,635.50,625.50,630.50,598706
7-Nov-13,637.00,642.50,631.50,632.50,411600
6-Nov-13,636.00,641.50,636.00,638.00,485179
5-Nov-13,647.00,650.00,630.50,634.00,783716
4-Nov-13,644.50,653.00,642.00,648.50,628885
1-Nov-13,638.00,641.50,627.00,641.50,698806
31-Oct-13,656.00,656.00,636.00,636.00,1393654
30-Oct-13,672.50,674.00,657.50,660.50,1157189
29-Oct-13,663.50,674.50,663.50,670.50,355220
28-Oct-13,671.50,674.50,664.50,665.50,458398
25-Oct-13,668.00,673.50,662.00,671.50,852772
24-Oct-13,658.00,660.50,655.50,656.50,483345
23-Oct-13,650.50,660.00,-,658.00,616719
22-Oct-13,655.50,657.50,650.00,650.00,642786
21-Oct-13,646.50,669.50,646.50,656.00,953973
18-Oct-13,635.00,656.00,631.00,647.00,1732171
17-Oct-13,651.00,655.50,624.00,627.00,1284695
16-Oct-13,639.00,646.50,625.50,641.00,1093469
15-Oct-13,661.50,663.50,639.00,639.00,1625978
14-Oct-13,647.00,660.00,643.50,659.00,488696
11-Oct-13,662.00,662.00,648.50,650.00,811387
10-Oct-13,665.00,667.00,656.00,657.00,625376
9-Oct-13,667.00,673.50,660.50,662.50,487537
8-Oct-13,672.00,677.00,669.50,669.50,601243
7-Oct-13,675.50,676.50,656.00,671.50,427180
4-Oct-13,678.50,680.00,675.00,675.50,577806
3-Oct-13,688.50,688.50,676.00,678.50,563494
2-Oct-13,683.50,689.50,680.00,686.00,483652
1-Oct-13,682.00,685.00,675.50,685.00,738715
30-Sep-13,675.00,682.50,673.50,682.50,1078400
27-Sep-13,687.50,693.00,685.00,690.00,678012
26-Sep-13,684.00,684.00,674.50,684.00,651356
25-Sep-13,685.00,688.00,674.50,683.50,1164791
24-Sep-13,682.50,695.00,682.00,693.00,589013
20-Sep-13,692.50,695.00,686.00,686.00,2194653
19-Sep-13,691.50,700.00,691.50,694.00,610290
18-Sep-13,685.00,689.00,681.00,687.00,476127
17-Sep-13,686.00,693.00,683.50,684.00,668358
16-Sep-13,692.00,697.50,688.00,688.00,324715
13-Sep-13,691.00,700.00,689.50,691.00,639204
12-Sep-13,694.00,703.00,690.00,694.00,814841
11-Sep-13,716.00,718.50,694.50,696.50,987931
10-Sep-13,720.00,720.00,713.00,714.00,666135
9-Sep-13,716.00,716.50,710.00,716.00,357870
6-Sep-13,719.00,722.00,712.50,716.50,700179
5-Sep-13,710.50,721.00,710.50,717.50,751117
4-Sep-13,718.00,718.00,707.50,713.00,663845
3-Sep-13,706.50,719.00,702.50,713.50,757837
2-Sep-13,700.50,710.00,696.00,709.00,572667
30-Aug-13,696.50,701.50,694.00,698.00,487242
29-Aug-13,704.50,704.50,694.50,699.50,779030
28-Aug-13,683.50,704.00,681.50,702.50,919625
27-Aug-13,683.50,687.50,677.00,686.50,698720
23-Aug-13,677.00,688.50,676.00,686.00,454222
22-Aug-13,674.00,680.00,672.50,674.50,456211
21-Aug-13,667.00,678.00,667.00,672.00,714215
20-Aug-13,659.00,663.00,656.00,659.50,322806
19-Aug-13,663.00,668.50,658.00,663.50,499228
16-Aug-13,662.50,665.50,660.00,661.00,639245
15-Aug-13,675.00,678.00,659.50,659.50,1124843
14-Aug-13,683.50,687.00,678.50,686.00,450886
13-Aug-13,686.50,687.50,680.00,683.00,361596
12-Aug-13,676.00,686.50,676.00,683.50,839993
9-Aug-13,678.50,682.00,676.00,677.50,656204
8-Aug-13,666.50,678.50,666.50,676.50,542425
7-Aug-13,665.00,677.00,663.50,667.00,694812
6-Aug-13,673.00,673.50,664.50,667.00,806284
5-Aug-13,671.00,678.50,665.50,672.50,1026125
2-Aug-13,654.00,656.00,648.50,653.50,626286
1-Aug-13,637.00,652.00,637.00,652.00,704626
31-Jul-13,642.00,648.00,638.00,641.50,734284
30-Jul-13,640.50,654.00,637.50,639.50,688675
29-Jul-13,640.50,650.00,627.50,631.50,789278
26-Jul-13,649.00,663.50,645.00,645.50,621688
25-Jul-13,650.00,652.50,648.00,648.00,780786
24-Jul-13,643.50,652.50,642.50,651.00,617365
23-Jul-13,644.50,659.00,643.00,646.00,718597
22-Jul-13,651.50,652.50,639.50,645.00,549866
19-Jul-13,646.00,652.00,636.50,651.50,755202
18-Jul-13,619.00,645.50,618.50,642.50,805617
17-Jul-13,618.50,621.00,607.50,619.00,453606
16-Jul-13,605.50,623.50,605.50,619.50,659587
15-Jul-13,609.50,616.00,606.00,606.00,399925
12-Jul-13,613.50,615.50,609.50,610.00,344282
11-Jul-13,621.50,621.50,610.50,612.00,414822
10-Jul-13,619.50,622.92,603.50,612.50,603613
9-Jul-13,621.00,631.00,621.00,621.00,797619
8-Jul-13,619.00,628.00,613.37,623.50,542012
5-Jul-13,622.50,624.50,614.00,614.00,683016
4-Jul-13,612.00,621.00,605.00,617.00,359041
3-Jul-13,603.50,607.50,598.00,607.50,882915
2-Jul-13,601.00,607.00,592.50,605.50,1090828
1-Jul-13,584.50,596.50,580.50,591.50,454253
28-Jun-13,577.50,585.50,574.50,582.50,1121591
27-Jun-13,538.00,581.00,535.00,573.00,2160292
26-Jun-13,535.00,544.00,532.00,534.00,389786
25-Jun-13,540.00,540.50,527.50,534.00,517393
24-Jun-13,545.50,552.00,535.50,538.00,598457
21-Jun-13,544.00,557.00,535.50,537.50,997757
20-Jun-13,557.50,558.00,542.00,543.00,735938
19-Jun-13,549.50,551.50,544.00,549.00,527609
18-Jun-13,550.00,556.00,548.50,548.50,549310
17-Jun-13,550.50,555.50,548.00,550.00,436853
14-Jun-13,544.50,551.00,541.50,549.50,352750
13-Jun-13,544.00,551.00,543.00,543.50,617040
12-Jun-13,540.00,554.50,540.00,549.50,646087
11-Jun-13,553.50,553.50,540.50,543.00,546845
10-Jun-13,555.00,561.50,553.00,556.00,405249
7-Jun-13,550.50,562.00,546.00,558.50,583848
6-Jun-13,558.50,561.00,548.50,549.50,577920
5-Jun-13,566.50,571.80,554.00,557.50,565921
4-Jun-13,564.50,572.50,558.50,570.00,638686
3-Jun-13,570.50,573.50,560.50,563.00,523846
31-May-13,576.50,576.50,563.50,572.50,600802
30-May-13,578.00,581.00,564.50,578.00,433697
29-May-13,586.50,590.00,570.00,580.00,739743
28-May-13,582.50,592.00,582.50,587.00,295546
24-May-13,588.50,590.50,573.50,579.00,539995
23-May-13,589.50,593.50,582.12,586.50,526190
22-May-13,595.50,596.50,584.00,591.00,653371
21-May-13,596.00,603.00,593.50,595.50,652114
20-May-13,589.50,598.50,585.50,598.50,614656
17-May-13,575.50,579.58,568.50,578.50,580804
16-May-13,579.50,585.06,573.00,576.50,549051
15-May-13,587.50,590.00,572.36,578.50,757352
14-May-13,596.50,601.50,584.50,590.00,643594
13-May-13,605.00,608.00,596.72,597.00,396091
10-May-13,608.50,608.50,595.50,606.50,371965
9-May-13,610.00,617.50,602.25,609.50,414247
8-May-13,610.00,620.00,603.97,608.50,774307
7-May-13,620.00,621.28,608.50,612.50,596912
3-May-13,616.50,623.00,615.00,619.00,287454
2-May-13,620.00,620.00,608.50,614.50,376451
1-May-13,611.00,618.50,610.50,616.00,227984
30-Apr-13,615.00,618.50,611.00,613.50,637925
29-Apr-13,615.50,623.00,612.50,614.50,486382
26-Apr-13,615.50,620.50,605.50,616.00,1136446
25-Apr-13,587.50,608.00,585.44,600.00,918722
24-Apr-13,597.00,605.00,585.00,589.00,818726
23-Apr-13,608.50,613.20,603.00,609.50,547871
22-Apr-13,612.50,615.00,609.00,613.00,249319
19-Apr-13,615.50,619.00,605.00,609.50,626857
18-Apr-13,623.00,623.00,611.00,615.00,373168
17-Apr-13,611.00,619.00,608.50,617.50,598941
16-Apr-13,621.00,625.00,607.00,608.50,920346
15-Apr-13,628.00,630.96,618.50,624.00,494592
12-Apr-13,629.50,631.00,624.00,625.00,483511
11-Apr-13,624.50,631.50,616.50,629.00,319389
10-Apr-13,626.50,632.00,621.00,628.00,607260
9-Apr-13,619.00,625.00,615.50,622.50,338613
8-Apr-13,625.00,627.50,614.50,617.00,454665
5-Apr-13,626.00,640.58,616.50,621.50,767565
4-Apr-13,624.50,624.50,608.50,614.50,504993
3-Apr-13,619.50,627.50,618.00,620.00,496793
2-Apr-13,615.00,628.50,613.08,622.50,480062
28-Mar-13,609.00,615.50,605.50,611.50,554023
27-Mar-13,622.50,622.50,601.50,609.00,603352
26-Mar-13,615.00,620.00,612.00,619.00,748962
25-Mar-13,620.00,620.50,605.50,615.00,1087627
22-Mar-13,622.50,635.94,622.50,627.00,859862
21-Mar-13,609.50,625.50,601.81,622.00,925038
20-Mar-13,594.00,605.50,588.00,605.00,752621
19-Mar-13,592.00,598.50,590.00,590.50,713272
18-Mar-13,580.00,597.00,578.02,593.00,1205550
15-Mar-13,595.50,601.50,580.50,580.50,4256211
14-Mar-13,613.50,613.50,597.00,597.00,902243
13-Mar-13,614.00,617.00,605.50,610.00,651512
12-Mar-13,619.00,622.50,614.50,616.00,430479
11-Mar-13,619.50,622.50,603.50,619.00,612586
8-Mar-13,633.00,635.13,618.00,622.00,656991
7-Mar-13,626.50,634.00,623.86,632.00,547955
6-Mar-13,637.00,638.00,624.00,626.50,451614
5-Mar-13,630.00,639.00,625.50,635.00,665820
4-Mar-13,612.00,624.50,612.00,623.00,664550
1-Mar-13,617.00,621.50,612.50,616.00,695464
28-Feb-13,615.50,620.50,613.00,615.00,824356
27-Feb-13,616.50,624.50,611.00,615.00,989252
26-Feb-13,610.50,622.00,608.50,619.50,516193
25-Feb-13,633.00,635.68,617.50,620.50,665040
22-Feb-13,637.00,641.50,622.00,632.00,1076541
21-Feb-13,646.00,650.00,639.00,644.50,686422
20-Feb-13,640.00,660.50,637.00,657.50,851163
19-Feb-13,612.00,648.00,609.00,641.50,1360140
18-Feb-13,607.00,612.09,603.00,604.50,490814
15-Feb-13,603.00,609.00,589.00,609.00,643603
14-Feb-13,610.00,610.00,603.00,603.50,443375
13-Feb-13,600.00,611.50,600.00,611.50,670395
12-Feb-13,611.50,614.00,606.50,613.00,424270
11-Feb-13,618.00,620.00,609.00,612.50,351991
8-Feb-13,607.50,616.50,605.50,614.50,448915
7-Feb-13,621.50,624.00,599.00,606.00,572829
6-Feb-13,612.00,625.00,611.00,623.00,495699
5-Feb-13,611.00,613.50,603.50,610.50,466490
4-Feb-13,600.00,608.00,596.50,602.00,617107
1-Feb-13,594.00,605.50,588.00,597.50,660886
31-Jan-13,589.00,596.50,582.41,593.00,809617
30-Jan-13,596.00,596.00,580.00,588.00,626118
29-Jan-13,586.50,597.50,585.50,595.00,580715
28-Jan-13,590.00,591.50,583.50,585.00,464483
25-Jan-13,587.00,592.50,581.00,587.50,302101
24-Jan-13,577.00,597.00,575.00,586.50,577539
23-Jan-13,576.00,579.00,565.50,572.50,337768
22-Jan-13,582.00,584.00,575.00,576.50,445708
21-Jan-13,562.50,581.06,560.50,580.50,433119
18-Jan-13,556.00,564.50,551.50,562.50,463728
17-Jan-13,556.00,557.00,546.50,553.50,485477
16-Jan-13,556.00,561.50,546.50,553.00,591641
15-Jan-13,560.00,563.00,554.86,558.50,374858
14-Jan-13,564.00,564.50,556.50,560.50,310234
11-Jan-13,566.50,566.50,557.00,562.50,390459
10-Jan-13,565.00,571.00,563.50,564.50,346454
9-Jan-13,561.50,568.50,555.50,565.50,382732
8-Jan-13,557.00,565.00,556.50,558.50,347085
7-Jan-13,559.50,569.00,556.50,560.00,351578
4-Jan-13,557.00,562.50,552.50,560.00,387159
3-Jan-13,554.00,562.00,548.50,555.50,553182
2-Jan-13,547.50,561.00,547.50,554.50,491137
