31-Dec-15,258.00,258.00,251.80,253.20,22919
30-Dec-15,257.00,257.00,251.00,253.10,52480
29-Dec-15,253.00,258.50,249.05,256.00,201610
24-Dec-15,245.20,253.40,245.20,247.80,8952
23-Dec-15,238.10,253.50,238.10,246.80,69209
22-Dec-15,253.90,253.90,241.60,243.00,84575
21-Dec-15,247.80,251.40,245.01,248.20,69864
18-Dec-15,250.00,250.50,244.50,244.80,276808
16-Dec-15,245.50,247.30,241.07,243.50,79333
15-Dec-15,239.00,243.60,235.38,239.00,148280
14-Dec-15,245.00,246.42,239.00,239.70,75001
11-Dec-15,254.30,254.30,240.30,244.90,145975
10-Dec-15,250.50,250.50,242.80,250.40,164664
9-Dec-15,252.60,252.60,243.50,243.70,91107
8-Dec-15,258.00,258.00,248.40,248.40,77552
7-Dec-15,250.50,260.85,250.50,258.55,125609
4-Dec-15,248.40,260.20,248.40,258.30,263751
3-Dec-15,244.00,256.00,244.00,250.60,120700
2-Dec-15,254.10,254.10,247.20,250.60,210498
1-Dec-15,244.10,253.20,243.90,248.50,493745
30-Nov-15,250.00,253.50,246.80,253.10,295760
27-Nov-15,245.90,254.90,245.90,249.30,103926
26-Nov-15,249.90,252.80,246.10,252.10,101948
25-Nov-15,250.00,250.00,245.10,247.70,69253
24-Nov-15,249.40,249.40,242.00,245.10,115330
23-Nov-15,249.80,249.80,242.10,243.00,64220
20-Nov-15,243.70,247.00,242.20,247.00,262136
19-Nov-15,240.00,246.80,240.00,244.50,241946
18-Nov-15,248.10,248.30,240.00,242.00,249161
17-Nov-15,258.40,258.40,249.50,253.20,162365
16-Nov-15,250.10,256.10,250.10,253.60,107927
13-Nov-15,243.90,258.10,243.90,255.30,163902
12-Nov-15,252.50,252.50,243.10,250.30,153417
11-Nov-15,260.00,260.00,240.00,245.90,429474
10-Nov-15,268.70,268.70,254.50,255.10,132461
9-Nov-15,264.00,264.00,257.30,263.00,229405
6-Nov-15,261.70,268.40,254.50,264.00,302588
5-Nov-15,254.80,260.90,254.00,254.90,120496
4-Nov-15,266.50,266.50,257.20,257.20,96952
3-Nov-15,252.80,263.00,252.80,259.70,107846
2-Nov-15,259.00,266.46,256.80,258.60,164553
30-Oct-15,263.90,265.30,260.48,265.00,208880
29-Oct-15,264.60,264.60,259.90,262.50,117630
28-Oct-15,254.60,260.80,254.60,260.70,114150
27-Oct-15,254.10,258.90,254.10,257.20,83545
26-Oct-15,256.90,262.30,256.80,259.20,60913
23-Oct-15,253.70,262.10,253.30,261.30,140116
22-Oct-15,264.90,264.90,257.70,259.30,166687
21-Oct-15,257.20,263.40,255.58,260.50,259018
20-Oct-15,250.80,257.50,246.40,253.30,144764
19-Oct-15,248.50,252.00,245.40,250.80,182053
16-Oct-15,240.00,245.00,239.78,242.00,606595
15-Oct-15,240.40,241.90,236.20,238.90,151523
14-Oct-15,239.50,242.60,238.60,240.00,339782
13-Oct-15,245.80,245.80,237.50,240.00,143871
12-Oct-15,239.40,241.80,238.10,240.00,208252
9-Oct-15,240.00,245.30,239.10,240.00,442239
8-Oct-15,244.10,244.10,236.40,240.00,219219
7-Oct-15,242.20,243.10,237.10,239.90,184598
6-Oct-15,242.60,245.30,239.60,242.80,103638
5-Oct-15,245.00,246.50,240.70,243.10,81316
2-Oct-15,249.20,249.20,239.30,242.20,157578
1-Oct-15,247.90,249.10,241.90,243.50,163133
30-Sep-15,246.80,248.70,244.60,248.00,289051
29-Sep-15,239.80,243.70,238.30,241.00,226042
28-Sep-15,236.40,242.90,236.40,241.60,169176
25-Sep-15,246.70,246.70,240.60,242.30,151221
24-Sep-15,243.20,244.60,239.50,241.00,107455
23-Sep-15,241.90,246.40,241.90,244.80,111849
22-Sep-15,245.60,249.80,240.60,242.90,389102
21-Sep-15,252.80,252.80,242.30,244.50,143266
18-Sep-15,247.80,255.20,245.10,247.70,340560
17-Sep-15,252.40,252.40,243.90,248.60,276437
16-Sep-15,252.20,252.95,246.30,246.90,285637
15-Sep-15,246.80,251.20,238.80,248.80,289336
14-Sep-15,246.10,246.10,241.80,242.80,121733
11-Sep-15,246.30,247.30,240.20,244.20,126462
10-Sep-15,243.40,245.30,241.40,244.30,139202
9-Sep-15,247.20,247.20,242.50,243.50,92451
8-Sep-15,238.90,245.02,237.60,241.60,268123
7-Sep-15,233.40,236.80,230.00,233.90,229417
4-Sep-15,235.20,235.90,230.48,233.00,190068
3-Sep-15,237.80,242.22,232.10,234.80,386680
2-Sep-15,241.10,244.50,234.30,239.30,316178
1-Sep-15,239.30,249.40,239.30,242.00,436588
28-Aug-15,242.80,246.30,239.50,246.30,247920
27-Aug-15,242.90,246.20,239.00,241.70,435281
26-Aug-15,239.50,244.59,237.40,239.70,332195
25-Aug-15,241.40,246.30,239.50,243.80,718081
24-Aug-15,244.30,245.00,236.70,240.00,538845
21-Aug-15,248.90,253.60,248.10,249.60,876278
20-Aug-15,254.50,254.50,248.10,250.50,623372
19-Aug-15,240.70,255.30,240.60,254.20,473633
18-Aug-15,241.70,243.70,240.30,242.40,422816
17-Aug-15,238.70,244.00,238.60,242.50,332879
14-Aug-15,235.80,239.60,233.10,238.50,351205
13-Aug-15,237.80,237.90,233.85,235.00,311631
12-Aug-15,236.10,237.90,230.30,235.00,848116
11-Aug-15,240.50,240.90,233.87,237.15,663524
10-Aug-15,255.00,255.00,235.10,240.00,3118850
7-Aug-15,268.20,268.20,264.30,265.50,295242
6-Aug-15,268.80,269.50,265.80,267.65,531449
5-Aug-15,270.90,270.90,265.20,268.00,594166
4-Aug-15,271.80,273.90,264.90,266.80,681274
3-Aug-15,270.70,271.00,268.70,269.65,344030
31-Jul-15,270.00,273.20,268.80,270.00,307690
30-Jul-15,273.50,273.50,267.00,269.20,254373
29-Jul-15,269.00,271.40,266.20,269.90,287772
28-Jul-15,270.60,271.50,269.20,270.00,190821
27-Jul-15,271.10,271.20,267.80,268.00,259824
24-Jul-15,271.30,271.50,268.50,270.00,209358
23-Jul-15,271.50,272.00,269.10,270.40,148992
22-Jul-15,268.30,273.92,268.30,271.30,301213
21-Jul-15,269.80,270.90,265.60,269.30,305012
20-Jul-15,262.70,268.30,262.46,264.20,139279
17-Jul-15,269.40,270.60,268.30,269.40,260352
16-Jul-15,263.20,270.20,262.60,269.80,389378
15-Jul-15,260.00,262.80,257.70,262.80,265694
14-Jul-15,260.10,261.50,256.25,259.70,136044
13-Jul-15,261.40,266.80,257.12,260.50,289637
10-Jul-15,269.70,271.68,257.50,260.00,313654
9-Jul-15,269.10,269.70,263.66,264.90,300890
8-Jul-15,255.70,267.40,255.70,266.20,298265
7-Jul-15,261.40,263.50,259.80,260.30,208663
6-Jul-15,257.00,263.40,252.72,261.30,320909
3-Jul-15,256.10,263.90,256.10,263.50,171802
2-Jul-15,255.60,263.80,254.50,263.00,413232
1-Jul-15,254.00,259.89,253.00,256.00,147178
30-Jun-15,251.00,255.10,248.00,254.00,580103
29-Jun-15,252.90,258.87,246.40,253.70,235139
26-Jun-15,257.30,258.60,254.60,257.40,314447
25-Jun-15,252.00,259.70,252.00,256.80,321007
24-Jun-15,261.50,262.70,256.38,256.90,119126
23-Jun-15,258.30,262.80,254.70,261.00,264239
22-Jun-15,257.40,257.50,250.87,256.40,203922
19-Jun-15,248.90,253.60,248.90,251.50,531458
18-Jun-15,246.10,252.40,246.10,252.40,140837
17-Jun-15,251.70,252.80,249.59,251.50,222277
16-Jun-15,252.60,252.60,250.00,250.00,168465
15-Jun-15,254.70,257.20,250.00,251.90,242870
12-Jun-15,261.60,262.10,255.00,256.90,211583
11-Jun-15,258.80,261.50,253.50,261.50,363557
10-Jun-15,252.40,260.30,251.55,259.50,445926
9-Jun-15,255.50,258.06,249.00,251.50,201443
8-Jun-15,258.40,258.40,252.80,253.30,198944
5-Jun-15,259.40,259.60,254.44,255.10,266326
4-Jun-15,262.10,262.10,256.11,258.20,261186
3-Jun-15,259.50,261.30,259.30,259.40,323551
2-Jun-15,257.00,262.00,257.00,260.30,512922
1-Jun-15,256.10,259.00,255.10,258.00,394037
29-May-15,249.80,262.40,249.80,260.75,515773
28-May-15,249.00,254.28,249.00,253.30,371245
27-May-15,242.60,253.00,242.60,252.00,516534
26-May-15,245.00,246.90,245.00,246.40,163469
22-May-15,246.20,247.50,244.80,245.50,291464
21-May-15,246.20,246.92,245.00,246.00,155244
20-May-15,246.90,248.00,244.40,245.80,205467
19-May-15,244.60,248.00,242.58,246.00,461628
18-May-15,242.20,245.00,242.20,243.70,197247
15-May-15,242.00,245.00,242.00,244.20,182026
14-May-15,242.80,244.00,239.80,241.70,254768
13-May-15,232.00,242.40,232.00,232.85,489210
12-May-15,235.70,240.38,233.70,234.70,554960
11-May-15,245.00,245.00,239.48,241.40,383303
8-May-15,235.00,247.00,235.00,244.70,911349
7-May-15,226.00,238.20,226.00,234.00,560434
6-May-15,224.70,230.37,224.70,229.30,360117
5-May-15,226.80,228.28,223.63,225.50,783957
1-May-15,222.70,230.07,221.75,227.00,549307
30-Apr-15,214.80,218.40,214.00,215.76,433496
29-Apr-15,213.50,217.00,213.00,216.70,338697
28-Apr-15,210.80,215.40,210.80,215.00,341539
27-Apr-15,211.20,213.60,209.80,211.80,182810
24-Apr-15,211.20,213.80,209.80,212.20,247672
23-Apr-15,209.80,213.70,209.80,213.10,215649
22-Apr-15,212.10,214.02,209.20,211.90,195678
21-Apr-15,210.90,214.88,208.60,212.50,150802
20-Apr-15,211.20,213.40,209.00,211.60,206101
17-Apr-15,211.40,214.60,208.80,212.00,319430
16-Apr-15,217.90,217.90,212.20,212.70,313157
15-Apr-15,214.50,217.00,214.36,215.70,234026
14-Apr-15,213.90,220.20,213.50,217.60,182829
13-Apr-15,217.70,217.70,212.26,213.20,209624
10-Apr-15,218.70,220.20,212.80,215.11,492366
9-Apr-15,211.00,220.40,209.08,215.36,902648
8-Apr-15,217.70,221.98,217.70,220.00,510033
7-Apr-15,218.90,223.00,218.26,220.60,608575
2-Apr-15,216.90,219.60,212.61,215.40,371023
1-Apr-15,209.40,217.50,209.40,215.00,500520
31-Mar-15,215.00,216.20,207.50,210.40,723505
30-Mar-15,217.40,218.79,214.80,214.80,570759
27-Mar-15,216.80,219.48,215.50,219.10,442723
26-Mar-15,219.30,224.80,216.30,218.40,505361
25-Mar-15,225.50,227.70,219.75,219.90,576351
24-Mar-15,229.00,229.00,225.20,226.10,244931
23-Mar-15,225.80,229.40,223.86,227.70,279499
20-Mar-15,221.00,225.60,221.00,224.00,422159
19-Mar-15,224.90,224.90,220.70,222.00,414771
18-Mar-15,224.80,224.80,217.90,220.30,647273
17-Mar-15,222.80,228.60,220.20,226.30,420908
16-Mar-15,222.50,230.30,222.50,224.00,452683
13-Mar-15,210.90,224.68,210.90,224.20,452421
12-Mar-15,207.00,215.90,204.76,212.90,716324
11-Mar-15,212.90,215.85,209.40,210.40,494438
10-Mar-15,228.50,229.49,205.10,212.50,1632858
9-Mar-15,238.00,239.10,233.30,233.80,208347
6-Mar-15,236.40,238.30,234.10,236.50,96291
5-Mar-15,233.00,236.50,229.69,234.30,501484
4-Mar-15,236.50,237.70,229.30,230.40,474482
3-Mar-15,245.60,245.60,236.80,236.90,318873
2-Mar-15,245.80,245.80,239.60,239.60,154289
27-Feb-15,240.00,240.60,238.74,239.80,179354
26-Feb-15,239.30,241.80,236.31,240.00,824069
25-Feb-15,244.00,244.00,233.63,237.00,218652
24-Feb-15,239.00,240.80,236.40,238.50,188789
23-Feb-15,236.90,238.40,234.68,236.90,237515
20-Feb-15,232.80,235.05,232.80,234.80,148406
19-Feb-15,232.90,235.20,232.90,234.47,283907
18-Feb-15,236.20,237.00,232.50,233.80,344464
17-Feb-15,232.50,236.90,232.50,233.80,443618
16-Feb-15,229.80,233.60,226.40,232.50,304822
13-Feb-15,230.40,233.60,227.44,227.90,756375
12-Feb-15,229.20,235.00,223.80,229.70,315559
11-Feb-15,238.30,240.00,232.10,234.31,437028
10-Feb-15,241.50,246.62,239.21,242.20,313587
9-Feb-15,240.40,241.70,238.30,239.00,205388
6-Feb-15,242.20,243.10,235.70,239.60,227642
5-Feb-15,240.70,243.70,237.23,241.00,302188
4-Feb-15,236.70,242.10,235.75,240.10,313566
3-Feb-15,232.00,235.70,230.90,235.00,835230
2-Feb-15,229.60,232.36,228.80,230.60,246832
30-Jan-15,231.00,233.20,229.50,230.60,330221
29-Jan-15,229.70,229.70,228.47,228.50,205879
28-Jan-15,229.00,229.00,226.36,228.70,80810
27-Jan-15,235.90,235.90,225.30,227.00,145446
26-Jan-15,230.60,232.00,228.00,229.50,179895
23-Jan-15,233.50,233.50,227.46,228.20,190224
22-Jan-15,227.00,230.60,225.90,229.00,268760
21-Jan-15,228.60,229.00,225.80,228.50,256292
20-Jan-15,233.00,233.30,225.40,225.70,265768
19-Jan-15,226.40,238.00,223.56,233.50,491752
16-Jan-15,216.40,226.30,212.20,223.00,689414
15-Jan-15,219.70,219.70,206.00,216.00,248309
14-Jan-15,220.80,226.10,216.20,216.20,300934
13-Jan-15,216.10,221.65,215.80,220.50,100605
12-Jan-15,215.90,217.40,213.94,214.10,274922
9-Jan-15,217.60,219.20,215.16,216.70,81281
8-Jan-15,217.60,221.80,214.02,219.70,179612
7-Jan-15,211.00,219.30,211.00,216.80,338201
6-Jan-15,210.90,211.70,205.80,211.20,151094
5-Jan-15,206.90,210.70,204.00,206.70,112468
31-Dec-14,207.60,207.60,204.20,204.20,25312
30-Dec-14,208.90,210.00,204.50,205.20,89193
29-Dec-14,214.60,214.60,207.00,207.00,102510
24-Dec-14,211.20,211.20,209.40,209.80,25287
23-Dec-14,211.00,211.70,206.90,209.80,94073
22-Dec-14,207.40,209.94,205.00,206.40,137455
19-Dec-14,203.00,209.62,199.80,209.62,412681
18-Dec-14,194.00,201.10,194.00,199.50,381321
17-Dec-14,197.80,198.50,193.60,197.90,146488
16-Dec-14,193.20,198.00,191.60,196.70,250183
15-Dec-14,192.40,197.90,192.40,194.20,226542
12-Dec-14,195.60,197.53,192.38,193.50,258986
11-Dec-14,198.10,201.67,195.65,199.00,159251
10-Dec-14,206.20,206.20,195.50,197.40,305220
9-Dec-14,205.30,206.90,200.90,201.00,183755
8-Dec-14,213.90,214.55,204.97,206.60,212803
5-Dec-14,211.00,214.30,208.51,214.30,87663
4-Dec-14,213.10,214.80,207.90,208.90,80373
3-Dec-14,212.40,213.30,210.40,211.00,96460
2-Dec-14,208.60,212.57,208.60,212.00,84060
1-Dec-14,212.30,212.40,209.20,210.90,179649
28-Nov-14,213.00,213.00,208.70,210.70,92593
27-Nov-14,207.10,212.19,205.70,211.11,245804
26-Nov-14,208.00,211.74,204.48,205.40,167179
25-Nov-14,205.10,208.38,201.60,207.00,298473
24-Nov-14,202.10,205.00,202.10,205.00,132795
21-Nov-14,197.80,204.90,197.74,201.84,413736
20-Nov-14,200.50,201.70,198.00,199.90,138302
19-Nov-14,201.00,201.60,198.65,200.00,539383
18-Nov-14,195.90,202.10,194.98,197.13,537396
17-Nov-14,195.00,198.96,193.00,195.00,242403
14-Nov-14,202.60,205.50,197.54,199.00,239796
13-Nov-14,202.00,204.70,202.00,203.80,84132
12-Nov-14,209.40,211.70,202.30,204.00,303572
11-Nov-14,208.40,210.70,206.72,207.10,176673
10-Nov-14,206.00,210.00,205.40,207.70,135272
7-Nov-14,216.00,216.00,207.00,208.40,392888
6-Nov-14,219.50,223.00,210.80,215.00,483958
5-Nov-14,230.00,230.00,219.21,222.00,631244
4-Nov-14,240.00,243.42,236.80,239.50,143129
3-Nov-14,245.40,246.20,237.40,240.00,143010
31-Oct-14,239.10,246.30,237.50,243.40,509204
30-Oct-14,240.10,241.28,236.20,238.10,109906
29-Oct-14,241.80,245.14,240.40,240.40,172512
28-Oct-14,242.30,247.30,241.40,241.80,164812
27-Oct-14,240.10,245.60,238.00,241.90,164871
24-Oct-14,234.50,239.90,232.38,237.80,206272
23-Oct-14,234.80,236.20,234.20,234.20,238712
22-Oct-14,223.10,238.64,223.10,235.00,566534
21-Oct-14,224.60,224.60,220.50,221.90,118715
20-Oct-14,221.00,226.30,221.00,221.30,157269
17-Oct-14,223.60,227.60,220.00,222.10,232855
16-Oct-14,223.90,226.80,220.00,222.00,360138
15-Oct-14,227.60,228.10,223.10,224.60,294330
14-Oct-14,220.70,228.10,217.80,226.80,174366
13-Oct-14,224.30,225.10,221.00,222.00,284852
10-Oct-14,219.00,230.20,218.36,227.70,319153
9-Oct-14,228.00,228.00,218.40,219.90,134692
8-Oct-14,225.00,229.50,225.00,225.00,226174
7-Oct-14,224.40,225.60,223.10,225.30,90178
6-Oct-14,226.50,227.00,224.20,226.90,177984
3-Oct-14,225.00,226.70,223.75,225.30,59563
2-Oct-14,227.30,228.60,222.70,222.90,139150
1-Oct-14,230.30,231.40,226.20,227.00,189348
30-Sep-14,231.80,232.40,229.80,230.90,258847
29-Sep-14,230.80,234.43,230.31,230.90,90742
26-Sep-14,230.00,233.30,228.69,232.20,218240
25-Sep-14,232.00,235.80,231.20,232.00,171191
24-Sep-14,234.00,237.10,233.20,234.10,197718
23-Sep-14,233.00,235.00,229.10,233.20,228900
22-Sep-14,232.40,233.70,230.90,232.00,525233
19-Sep-14,231.50,240.00,229.90,230.00,5476691
18-Sep-14,227.70,231.73,227.70,229.00,201190
17-Sep-14,230.80,231.09,228.00,228.20,186580
16-Sep-14,227.10,232.06,226.90,229.30,249408
15-Sep-14,229.90,237.25,228.70,230.80,309786
12-Sep-14,230.00,238.50,230.00,235.20,199054
11-Sep-14,238.60,241.80,233.80,234.10,364230
10-Sep-14,244.80,245.23,237.20,237.70,436780
9-Sep-14,248.40,248.40,240.70,244.40,273351
8-Sep-14,250.20,254.10,241.40,245.00,395348
5-Sep-14,258.00,258.68,249.91,254.10,183489
4-Sep-14,260.50,260.50,252.90,257.00,193462
3-Sep-14,262.70,266.80,257.50,260.10,125572
2-Sep-14,266.00,269.00,259.97,268.90,229575
1-Sep-14,266.50,267.92,265.00,266.00,17103
29-Aug-14,265.50,266.20,264.00,265.00,93485
28-Aug-14,265.00,268.20,265.00,266.50,146450
27-Aug-14,265.00,267.00,264.00,265.00,133089
26-Aug-14,267.30,268.60,264.60,265.70,75658
22-Aug-14,263.60,266.30,261.65,264.00,65508
21-Aug-14,265.30,266.70,262.70,265.50,77436
20-Aug-14,266.30,267.11,260.40,262.50,100824
19-Aug-14,261.60,262.50,255.00,261.30,159067
18-Aug-14,261.90,261.90,255.00,260.90,70871
15-Aug-14,267.20,267.20,258.20,258.20,97024
14-Aug-14,259.90,266.60,258.50,260.20,167909
13-Aug-14,258.80,260.90,257.00,258.50,129938
12-Aug-14,253.80,261.30,253.80,259.80,68882
11-Aug-14,256.00,260.33,255.06,256.40,64214
8-Aug-14,257.70,260.40,255.60,256.50,102285
7-Aug-14,257.40,260.80,253.10,256.70,134996
6-Aug-14,253.80,269.80,253.80,258.80,256805
5-Aug-14,264.90,264.90,259.60,260.00,176618
4-Aug-14,262.00,264.82,255.20,258.50,149038
1-Aug-14,255.70,261.10,254.20,257.20,127202
31-Jul-14,260.60,260.60,254.50,258.60,102493
30-Jul-14,255.00,262.12,254.80,258.00,188459
29-Jul-14,256.50,260.80,250.24,260.00,177809
28-Jul-14,254.60,261.00,252.40,255.70,157574
25-Jul-14,256.00,258.50,249.60,252.40,128827
24-Jul-14,257.70,261.20,254.60,256.50,127398
23-Jul-14,262.10,263.40,257.20,257.30,122390
22-Jul-14,260.90,262.40,257.83,259.70,146992
21-Jul-14,266.00,267.00,261.30,262.30,87556
18-Jul-14,268.40,275.69,261.60,266.00,198516
17-Jul-14,269.60,274.00,265.20,267.40,90950
16-Jul-14,268.70,271.10,268.30,269.70,112188
15-Jul-14,269.70,271.10,267.00,268.90,92142
14-Jul-14,267.60,273.90,265.75,270.40,82279
11-Jul-14,268.90,271.70,266.00,267.70,122549
10-Jul-14,269.00,270.40,265.00,269.80,58871
9-Jul-14,273.80,273.80,264.03,270.00,228402
8-Jul-14,276.40,278.68,272.75,274.90,148718
7-Jul-14,276.50,279.88,273.50,276.70,216504
4-Jul-14,280.00,281.00,272.20,279.00,171499
3-Jul-14,270.40,278.10,268.85,276.50,310867
2-Jul-14,270.50,273.04,269.40,270.60,91321
1-Jul-14,264.60,272.00,264.60,269.70,160704
30-Jun-14,266.80,268.50,262.78,266.50,196052
27-Jun-14,265.40,267.70,261.77,265.00,155314
26-Jun-14,256.80,265.77,256.76,263.20,335806
25-Jun-14,256.90,258.20,250.50,255.30,258240
24-Jun-14,257.70,258.12,253.80,255.00,333740
23-Jun-14,256.00,260.60,255.90,257.20,156222
20-Jun-14,254.50,260.00,251.72,258.70,1322017
19-Jun-14,261.30,263.50,255.20,256.70,873026
18-Jun-14,264.30,264.30,257.60,262.30,235349
17-Jun-14,271.00,272.08,260.40,261.00,282085
16-Jun-14,275.30,276.19,270.70,272.20,147892
13-Jun-14,274.40,277.20,272.60,275.30,193674
12-Jun-14,275.50,281.50,269.50,277.00,448290
11-Jun-14,262.50,278.32,261.01,270.40,549263
10-Jun-14,261.20,262.30,258.77,262.30,162214
9-Jun-14,261.00,262.50,258.70,259.90,226914
6-Jun-14,259.20,260.00,256.80,258.50,261745
5-Jun-14,261.20,262.00,255.73,260.00,250631
4-Jun-14,260.00,262.90,260.00,262.90,119795
3-Jun-14,263.00,266.90,259.21,263.00,378009
2-Jun-14,266.00,266.00,261.30,263.70,92009
30-May-14,265.00,274.90,260.40,266.00,511354
29-May-14,256.40,267.40,250.76,264.50,160434
28-May-14,251.10,254.60,249.68,250.00,147469
27-May-14,250.00,253.54,245.26,250.89,104705
23-May-14,260.00,260.00,249.10,249.50,190219
22-May-14,249.50,260.55,247.94,256.30,161471
21-May-14,250.40,251.30,247.29,248.60,56981
20-May-14,249.90,254.82,247.60,249.90,304750
19-May-14,259.40,259.40,249.00,251.20,217161
16-May-14,258.20,259.50,251.40,254.80,336869
15-May-14,260.90,262.70,258.50,258.50,374439
14-May-14,258.10,260.00,257.60,259.00,135839
13-May-14,259.20,259.50,255.00,258.00,109792
12-May-14,257.10,259.00,253.80,255.00,128524
9-May-14,252.10,256.30,249.70,255.00,211842
8-May-14,255.70,256.60,248.60,250.50,240446
7-May-14,253.90,259.00,250.30,257.20,645058
6-May-14,257.50,257.50,250.81,255.90,80186
2-May-14,254.40,255.52,250.00,255.20,102231
1-May-14,254.20,255.86,250.00,252.80,70838
30-Apr-14,258.00,258.00,248.10,251.50,320030
29-Apr-14,258.00,259.80,253.86,257.00,112287
28-Apr-14,254.70,259.50,250.11,258.00,239828
25-Apr-14,255.10,258.34,251.10,252.00,534943
24-Apr-14,251.60,256.00,251.00,254.50,523872
23-Apr-14,254.00,254.00,252.50,253.00,160962
22-Apr-14,254.50,254.50,251.29,253.20,200830
17-Apr-14,250.10,255.90,250.10,254.00,284128
16-Apr-14,248.00,253.20,246.70,253.20,411521
15-Apr-14,248.60,248.89,245.40,246.70,267457
14-Apr-14,245.80,247.10,238.70,246.10,317435
11-Apr-14,242.20,248.60,242.20,244.60,661158
10-Apr-14,244.00,249.50,239.30,244.90,837611
9-Apr-14,259.90,259.90,243.70,244.00,1268373
8-Apr-14,271.80,276.00,263.64,267.70,656999
7-Apr-14,272.20,275.50,268.00,273.20,325820
4-Apr-14,274.20,279.10,272.50,272.90,174062
3-Apr-14,278.00,279.49,274.10,275.00,201441
2-Apr-14,280.20,280.88,278.30,278.60,165839
1-Apr-14,280.10,282.83,278.00,279.73,323907
31-Mar-14,288.70,289.30,276.49,279.70,356415
28-Mar-14,286.00,290.70,286.00,286.10,286341
27-Mar-14,284.10,288.90,283.70,286.20,301068
26-Mar-14,284.60,290.00,284.49,287.30,699837
25-Mar-14,284.00,287.07,284.00,284.70,583825
24-Mar-14,285.50,288.00,285.00,285.50,375999
21-Mar-14,285.00,287.00,283.10,284.00,1658458
20-Mar-14,286.60,286.60,281.35,284.30,600903
19-Mar-14,282.80,290.78,281.68,284.70,810752
18-Mar-14,275.10,284.90,275.10,283.60,1001881
17-Mar-14,279.50,279.50,273.36,276.40,518633
14-Mar-14,260.90,274.00,260.90,273.30,1036008
13-Mar-14,268.50,270.00,264.00,266.00,491971
12-Mar-14,265.00,270.00,265.00,267.60,316467
11-Mar-14,268.00,271.10,263.60,267.00,2199720
10-Mar-14,270.00,276.90,266.00,275.30,907012
7-Mar-14,267.90,274.70,264.10,270.70,363568
6-Mar-14,267.10,269.30,262.60,265.40,287438
5-Mar-14,255.00,268.10,255.00,264.00,509432
4-Mar-14,260.00,260.00,256.50,257.50,194840
3-Mar-14,275.60,275.60,257.00,257.20,422255
28-Feb-14,271.90,272.80,268.00,269.50,395435
27-Feb-14,271.20,273.10,267.50,270.00,169050
26-Feb-14,276.40,276.40,272.90,274.20,128258
25-Feb-14,280.50,280.50,273.20,279.50,594966
24-Feb-14,274.10,279.20,273.90,277.00,262126
21-Feb-14,275.70,276.50,272.10,274.90,98249
20-Feb-14,270.10,275.60,270.10,274.50,163789
19-Feb-14,270.00,277.00,270.00,274.70,208198
18-Feb-14,275.40,277.50,273.70,276.90,196232
17-Feb-14,275.20,278.50,275.20,276.40,123320
14-Feb-14,275.00,278.00,274.80,276.10,186088
13-Feb-14,279.90,280.00,275.50,276.30,281509
12-Feb-14,273.50,280.00,273.50,280.00,244999
11-Feb-14,272.40,276.80,271.80,273.00,213991
10-Feb-14,271.80,275.50,271.00,272.60,78227
7-Feb-14,265.80,273.10,265.80,272.00,225868
6-Feb-14,258.20,267.80,258.10,267.30,459325
5-Feb-14,263.40,267.60,261.20,261.20,218453
4-Feb-14,262.50,267.70,262.50,266.50,133882
3-Feb-14,268.90,274.70,266.80,266.80,196913
31-Jan-14,274.30,275.10,266.80,272.60,260370
30-Jan-14,270.70,277.10,269.90,274.80,281190
29-Jan-14,273.70,279.10,267.30,269.70,235174
28-Jan-14,265.00,274.80,265.00,269.80,312547
27-Jan-14,273.60,274.10,265.60,265.80,487206
24-Jan-14,275.00,278.80,273.70,274.00,648910
23-Jan-14,285.10,286.20,276.20,280.00,518180
22-Jan-14,288.00,292.50,287.50,290.00,526220
21-Jan-14,288.80,291.00,285.00,289.22,223257
20-Jan-14,280.00,291.10,280.00,289.61,365497
17-Jan-14,270.00,288.90,270.00,284.50,1040710
16-Jan-14,271.60,275.00,268.10,268.10,276569
15-Jan-14,263.50,270.80,263.50,270.00,379090
14-Jan-14,261.40,272.30,260.80,269.00,613491
13-Jan-14,256.20,263.50,256.20,261.40,211819
10-Jan-14,251.40,260.00,251.40,259.50,369836
9-Jan-14,255.40,256.60,251.80,254.00,201157
8-Jan-14,254.50,255.50,252.10,254.00,488251
7-Jan-14,249.20,259.40,249.20,259.40,282283
6-Jan-14,249.50,252.00,245.80,251.20,418609
3-Jan-14,250.00,250.50,244.10,249.80,360485
2-Jan-14,249.00,249.80,246.10,249.80,155090
31-Dec-13,246.90,249.80,246.00,249.80,71159
30-Dec-13,248.70,249.60,244.20,246.80,223108
27-Dec-13,248.70,249.30,244.60,248.90,110106
24-Dec-13,245.80,246.90,245.70,246.00,33896
23-Dec-13,250.00,250.00,242.70,246.50,108198
20-Dec-13,241.40,250.70,240.60,246.00,579894
19-Dec-13,248.50,248.50,242.40,242.40,82687
18-Dec-13,235.40,246.30,235.40,242.00,199157
17-Dec-13,243.60,243.60,235.50,240.00,339195
16-Dec-13,238.70,247.00,236.80,247.00,141759
13-Dec-13,241.10,241.10,236.10,237.60,242720
12-Dec-13,242.00,242.00,238.50,240.20,246682
11-Dec-13,241.90,243.90,237.50,240.10,452977
10-Dec-13,250.00,250.00,243.00,243.00,167401
9-Dec-13,250.00,250.00,247.70,250.00,121211
6-Dec-13,250.00,250.90,243.20,249.60,476231
5-Dec-13,250.50,250.50,244.00,247.50,306692
4-Dec-13,249.50,250.90,244.00,250.50,318831
3-Dec-13,252.30,253.60,248.50,249.00,287885
2-Dec-13,257.00,257.80,254.30,254.80,359419
29-Nov-13,255.20,256.30,253.40,254.00,282290
28-Nov-13,255.00,256.80,251.10,255.00,853064
27-Nov-13,252.90,255.20,252.60,255.00,319319
26-Nov-13,249.60,254.00,247.60,253.00,3800109
25-Nov-13,246.00,250.20,244.50,248.30,568055
22-Nov-13,237.20,247.40,237.20,245.60,418689
21-Nov-13,238.10,245.90,234.80,242.40,601017
20-Nov-13,230.90,242.20,229.40,237.90,561326
19-Nov-13,230.60,233.60,230.00,230.80,246180
18-Nov-13,230.80,235.90,227.20,233.10,961430
15-Nov-13,225.10,227.80,224.70,227.00,385782
14-Nov-13,225.20,226.30,224.50,225.00,1096425
13-Nov-13,219.60,228.00,219.60,224.00,1426053
12-Nov-13,225.00,225.00,212.30,213.25,885859
11-Nov-13,226.80,230.00,221.50,221.50,372499
8-Nov-13,225.00,231.80,224.70,228.00,656584
7-Nov-13,223.30,224.50,222.40,223.00,174829
6-Nov-13,226.00,226.00,223.40,223.70,159472
5-Nov-13,226.00,226.00,224.00,225.50,216494
4-Nov-13,223.00,228.00,223.00,225.90,183806
1-Nov-13,226.80,229.20,225.30,226.00,317173
31-Oct-13,230.00,230.00,226.40,226.50,318925
30-Oct-13,230.40,235.00,229.20,229.50,379685
29-Oct-13,232.90,234.80,231.70,231.90,244534
28-Oct-13,240.50,241.90,232.20,232.70,450912
25-Oct-13,243.80,246.50,240.80,241.40,573680
24-Oct-13,239.00,242.50,238.50,241.00,549914
23-Oct-13,235.30,-,-,239.00,275705
22-Oct-13,235.10,240.60,233.80,238.60,549143
21-Oct-13,230.00,232.50,229.70,230.80,755327
18-Oct-13,230.40,230.40,227.20,228.20,172923
17-Oct-13,228.00,230.10,225.10,228.00,447635
16-Oct-13,227.00,228.50,223.70,226.00,421102
15-Oct-13,234.00,234.00,226.00,227.00,231890
14-Oct-13,231.50,231.80,228.00,229.50,128344
11-Oct-13,232.50,233.10,229.10,230.00,322345
10-Oct-13,221.80,229.60,221.80,229.60,252848
9-Oct-13,221.20,223.80,221.00,221.94,329689
8-Oct-13,229.00,229.00,223.30,224.90,433936
7-Oct-13,231.50,233.40,227.50,227.60,181680
4-Oct-13,238.70,239.20,234.70,236.50,287300
3-Oct-13,242.70,245.80,239.20,239.20,497672
2-Oct-13,245.60,248.20,239.50,239.80,196370
1-Oct-13,241.80,245.30,241.50,244.00,123068
30-Sep-13,244.60,246.50,242.30,244.30,201144
27-Sep-13,242.70,248.10,242.70,247.50,178969
26-Sep-13,246.00,249.60,245.40,248.40,61715
25-Sep-13,250.90,250.90,245.30,246.50,173500
24-Sep-13,249.40,252.30,249.40,249.70,152800
20-Sep-13,250.00,262.70,248.90,262.70,4376926
19-Sep-13,245.00,250.90,244.00,250.00,1219696
18-Sep-13,235.30,245.00,233.60,244.50,886582
17-Sep-13,237.00,237.00,231.90,234.00,278021
16-Sep-13,227.50,234.30,227.50,233.00,321215
13-Sep-13,235.00,235.00,227.00,227.70,399003
12-Sep-13,230.00,234.00,230.00,233.00,785975
11-Sep-13,230.50,233.50,229.40,232.40,202533
10-Sep-13,227.00,233.30,227.00,230.00,215840
9-Sep-13,227.00,230.00,225.60,228.00,291644
6-Sep-13,228.00,230.00,225.10,227.00,871244
5-Sep-13,227.90,233.80,227.80,228.50,530646
4-Sep-13,239.00,239.00,232.20,233.00,437760
3-Sep-13,240.00,242.90,238.00,238.00,243863
2-Sep-13,242.00,244.00,242.00,242.00,299148
30-Aug-13,242.00,244.00,241.80,242.00,717304
29-Aug-13,237.60,246.90,237.60,243.50,974862
28-Aug-13,235.60,243.50,235.60,241.76,457605
27-Aug-13,239.00,239.50,237.40,237.40,541012
23-Aug-13,235.00,239.50,235.00,237.00,155324
22-Aug-13,235.00,239.60,235.00,236.00,112005
21-Aug-13,236.00,238.70,234.20,235.60,138021
20-Aug-13,233.90,240.10,233.90,236.49,282846
19-Aug-13,235.00,240.00,235.00,240.00,247814
16-Aug-13,235.90,240.70,234.50,238.60,444858
15-Aug-13,246.40,250.00,238.70,238.80,468691
14-Aug-13,249.60,252.70,247.50,248.00,744934
13-Aug-13,255.00,260.00,249.80,251.00,330084
12-Aug-13,256.50,256.50,254.00,255.00,742929
9-Aug-13,251.60,257.00,250.30,254.50,546853
8-Aug-13,243.00,254.80,243.00,248.00,690050
7-Aug-13,251.90,258.20,241.30,242.00,1442891
6-Aug-13,305.10,305.10,246.00,246.00,3457528
5-Aug-13,303.90,314.10,303.90,311.50,147118
2-Aug-13,300.00,307.90,299.80,306.40,262492
1-Aug-13,296.00,300.00,295.50,299.50,150448
31-Jul-13,294.00,302.20,294.00,295.70,466298
30-Jul-13,293.70,299.90,293.70,296.00,355000
29-Jul-13,299.10,299.10,293.10,294.50,457282
26-Jul-13,302.50,302.50,298.00,298.50,208820
25-Jul-13,307.00,308.30,301.80,302.10,141476
24-Jul-13,316.40,316.40,307.10,307.30,224846
23-Jul-13,307.30,312.60,307.30,309.10,342719
22-Jul-13,307.40,311.10,307.40,308.00,162312
19-Jul-13,305.50,314.20,305.41,308.80,427106
18-Jul-13,313.50,317.28,303.61,305.90,781832
17-Jul-13,325.00,327.00,308.00,312.50,1171297
16-Jul-13,325.90,329.50,325.00,328.00,142371
15-Jul-13,328.70,329.90,325.02,327.00,112885
12-Jul-13,325.40,330.00,323.51,325.90,85188
11-Jul-13,333.60,333.60,321.90,327.40,150106
10-Jul-13,334.90,335.40,326.40,330.00,170300
9-Jul-13,334.00,334.00,329.10,331.50,160803
8-Jul-13,328.80,338.00,326.68,332.10,126427
5-Jul-13,332.80,334.70,326.40,328.60,246103
4-Jul-13,329.00,337.20,325.60,333.90,266707
3-Jul-13,326.90,328.70,324.40,328.30,199289
2-Jul-13,326.10,326.72,319.69,326.00,103802
1-Jul-13,329.00,329.00,321.70,325.50,333699
28-Jun-13,323.60,327.32,320.90,324.90,148042
27-Jun-13,322.00,326.50,317.40,324.80,311041
26-Jun-13,320.80,325.00,319.10,322.00,370471
25-Jun-13,322.00,322.00,315.70,319.30,403270
24-Jun-13,318.00,323.00,314.60,319.00,651256
21-Jun-13,318.00,322.00,314.25,320.75,16314724
20-Jun-13,317.50,318.00,313.59,315.00,1105955
19-Jun-13,313.50,320.54,310.96,318.00,481394
18-Jun-13,308.00,319.00,308.00,316.25,462608
17-Jun-13,308.25,313.91,306.25,309.00,110718
14-Jun-13,306.00,311.00,305.50,308.00,120337
13-Jun-13,301.25,310.50,301.03,308.50,420176
12-Jun-13,300.75,309.16,300.00,305.50,276615
11-Jun-13,310.00,313.53,303.00,307.00,267496
10-Jun-13,320.00,320.00,309.29,310.00,117702
7-Jun-13,314.50,315.25,310.25,313.00,255590
6-Jun-13,318.00,319.50,311.87,315.00,167414
5-Jun-13,320.00,320.00,313.21,319.25,359560
4-Jun-13,316.00,320.00,310.96,318.75,401776
3-Jun-13,314.75,316.00,310.00,313.50,93712
31-May-13,310.50,315.09,307.25,311.50,358551
30-May-13,315.50,315.50,309.00,312.00,229380
29-May-13,312.25,316.00,307.75,312.00,347530
28-May-13,308.00,316.00,308.00,315.00,77073
24-May-13,307.25,318.00,307.25,315.00,200206
23-May-13,311.00,319.75,309.31,315.50,348242
22-May-13,317.00,317.00,311.96,314.00,352796
21-May-13,313.25,319.75,307.75,314.75,310190
20-May-13,312.25,314.00,307.15,307.69,162262
17-May-13,307.50,314.16,307.50,311.25,84427
16-May-13,314.50,315.00,307.93,312.00,416585
15-May-13,314.00,316.25,308.88,313.75,414906
14-May-13,314.00,317.50,314.00,315.00,360092
13-May-13,317.75,319.50,314.09,317.25,270413
10-May-13,321.50,321.68,315.00,319.75,314672
9-May-13,312.00,321.00,310.00,320.00,1551047
8-May-13,309.50,315.00,306.68,314.75,1673672
7-May-13,299.50,306.50,299.25,306.00,961172
3-May-13,302.25,302.25,299.00,300.00,278037
2-May-13,299.00,302.25,297.50,299.75,214299
1-May-13,296.00,305.00,295.00,302.00,278826
30-Apr-13,289.00,299.75,287.50,297.25,758909
29-Apr-13,295.75,295.75,285.25,290.00,494612
26-Apr-13,298.75,299.75,290.50,294.50,766736
25-Apr-13,300.00,302.00,295.59,296.75,350283
24-Apr-13,294.50,303.75,294.50,301.50,293014
23-Apr-13,293.00,300.00,293.00,299.25,445643
22-Apr-13,291.00,297.30,286.87,294.00,599287
19-Apr-13,294.00,294.00,290.31,290.75,590066
18-Apr-13,295.25,297.74,286.28,292.00,385805
17-Apr-13,297.00,298.75,290.90,293.50,469254
16-Apr-13,295.25,296.06,294.00,294.00,230783
15-Apr-13,298.50,300.74,294.12,295.00,542745
12-Apr-13,299.50,300.25,294.03,299.00,310315
11-Apr-13,298.00,303.50,295.38,299.56,348044
10-Apr-13,296.50,299.25,293.75,296.00,1486460
9-Apr-13,300.00,302.32,295.00,296.00,286752
8-Apr-13,302.25,303.25,296.22,299.50,871273
5-Apr-13,305.00,305.00,295.00,300.00,826747
4-Apr-13,302.00,305.00,300.25,301.50,276157
3-Apr-13,302.00,308.00,302.00,304.75,2106960
2-Apr-13,300.00,304.00,299.69,303.00,1012878
28-Mar-13,297.75,300.57,294.50,300.00,2453500
27-Mar-13,300.50,301.62,293.25,295.50,2777754
26-Mar-13,304.00,304.93,298.25,299.95,3645080
25-Mar-13,304.50,306.91,290.00,304.94,3264281
22-Mar-13,315.00,315.47,290.00,307.40,80828518
