31-Dec-15,448.20,450.76,448.00,449.20,35572
30-Dec-15,448.50,450.50,448.00,450.00,18643
29-Dec-15,447.00,450.50,444.40,450.50,63732
24-Dec-15,447.00,447.00,443.00,445.10,3401
23-Dec-15,441.20,446.50,437.37,446.50,105538
22-Dec-15,435.50,439.50,435.28,435.28,126672
21-Dec-15,438.40,438.50,435.00,435.00,59236
18-Dec-15,436.90,438.00,434.70,436.50,311154
16-Dec-15,433.90,436.29,432.71,433.00,113511
15-Dec-15,427.00,434.30,425.04,430.46,144288
14-Dec-15,427.60,428.56,421.50,423.65,291070
11-Dec-15,435.50,437.80,427.00,427.00,166956
10-Dec-15,436.80,438.35,435.70,435.70,40287
9-Dec-15,442.80,442.80,434.35,440.00,273049
8-Dec-15,441.30,445.20,437.50,441.50,94206
7-Dec-15,442.50,445.90,441.60,441.70,97768
4-Dec-15,443.00,443.38,438.50,442.40,52481
3-Dec-15,450.70,450.70,443.50,444.00,136791
2-Dec-15,443.90,450.90,443.19,450.90,215393
1-Dec-15,442.60,446.10,442.60,443.80,80096
30-Nov-15,443.90,445.68,442.52,444.00,98637
27-Nov-15,443.00,446.30,441.70,443.00,61084
26-Nov-15,442.70,446.50,442.70,444.70,67422
25-Nov-15,442.80,445.80,441.70,443.79,58746
24-Nov-15,439.00,441.90,435.90,441.90,198807
23-Nov-15,441.90,441.90,439.46,440.50,51638
20-Nov-15,439.60,442.90,438.10,442.90,118724
19-Nov-15,436.90,442.00,436.90,438.20,130512
18-Nov-15,436.00,438.00,435.00,438.00,154910
17-Nov-15,437.00,437.99,434.34,436.00,177137
16-Nov-15,431.50,433.00,427.00,432.00,79207
13-Nov-15,435.80,437.75,429.93,431.52,201965
12-Nov-15,442.30,442.51,435.28,435.42,202981
11-Nov-15,444.00,444.00,439.20,443.00,73671
10-Nov-15,446.50,446.50,440.10,440.50,56085
9-Nov-15,444.00,446.80,442.50,445.00,295541
6-Nov-15,440.40,443.90,439.10,441.40,120100
5-Nov-15,439.20,443.60,437.00,439.40,177274
4-Nov-15,442.00,442.00,437.00,439.50,112313
3-Nov-15,435.10,439.41,435.10,438.99,39485
2-Nov-15,434.00,435.62,432.50,435.10,125522
30-Oct-15,437.00,437.93,434.10,434.20,124488
29-Oct-15,440.00,440.00,436.50,437.90,129525
28-Oct-15,433.00,439.90,433.00,438.90,140523
27-Oct-15,433.90,436.40,433.00,434.70,91222
26-Oct-15,436.60,436.60,431.30,435.00,162736
23-Oct-15,430.00,439.00,430.00,434.40,216403
22-Oct-15,425.50,431.20,425.10,426.50,88464
21-Oct-15,426.50,429.00,425.60,427.60,120845
20-Oct-15,427.10,429.20,425.14,427.00,49136
19-Oct-15,428.00,430.14,423.60,427.25,140600
16-Oct-15,430.00,431.40,426.50,426.70,160367
15-Oct-15,429.90,429.90,425.00,426.00,93069
14-Oct-15,430.00,430.00,426.00,427.10,96301
13-Oct-15,429.00,433.00,427.00,431.41,76065
12-Oct-15,431.50,433.63,428.50,429.41,76373
9-Oct-15,429.20,434.50,427.50,431.78,132053
8-Oct-15,428.00,429.90,424.90,425.30,281216
7-Oct-15,429.90,431.70,424.50,427.70,330777
6-Oct-15,425.10,429.10,424.60,427.60,99705
5-Oct-15,423.50,427.94,423.50,424.50,121642
2-Oct-15,415.60,418.50,414.66,418.00,34452
1-Oct-15,422.00,422.50,413.50,418.00,95060
30-Sep-15,417.20,419.00,412.79,418.40,61180
29-Sep-15,409.00,414.30,407.40,412.00,119967
28-Sep-15,422.70,424.25,416.30,416.30,56755
25-Sep-15,420.80,424.80,418.60,424.17,49997
24-Sep-15,421.00,422.70,414.40,416.30,74782
23-Sep-15,417.40,422.79,416.50,422.10,90070
22-Sep-15,422.00,424.79,416.50,417.70,91978
21-Sep-15,425.40,425.40,421.58,422.50,74825
18-Sep-15,429.40,429.40,421.30,422.80,372322
17-Sep-15,430.10,430.80,426.90,428.55,75442
16-Sep-15,425.30,430.70,424.50,428.89,98634
15-Sep-15,419.40,425.00,418.40,424.20,45488
14-Sep-15,424.00,424.00,418.50,420.25,77909
11-Sep-15,424.70,424.70,420.60,422.22,21186
10-Sep-15,428.90,428.94,420.50,427.60,105459
9-Sep-15,431.30,432.99,427.00,430.20,246727
8-Sep-15,420.00,427.90,420.00,420.60,184138
7-Sep-15,418.40,422.45,416.44,419.20,74947
4-Sep-15,421.10,422.73,414.79,417.00,76382
3-Sep-15,419.00,424.90,419.00,424.90,74343
2-Sep-15,421.60,423.79,415.60,417.60,138234
1-Sep-15,424.00,424.00,418.30,421.60,148155
28-Aug-15,427.00,430.00,421.90,428.81,67175
27-Aug-15,418.50,427.30,417.59,426.60,211392
26-Aug-15,408.20,416.70,406.00,406.00,161168
25-Aug-15,401.70,416.70,401.70,415.50,245983
24-Aug-15,417.00,417.00,395.60,401.60,302616
21-Aug-15,427.00,433.00,422.10,422.10,87302
20-Aug-15,439.10,439.80,433.00,436.00,64392
19-Aug-15,443.30,443.30,437.70,441.00,29469
18-Aug-15,442.00,444.60,439.00,441.60,106111
17-Aug-15,444.70,445.45,441.10,441.50,34147
14-Aug-15,442.60,444.74,440.60,440.60,40207
13-Aug-15,444.10,448.78,442.24,446.02,39898
12-Aug-15,445.20,446.75,440.00,444.10,195592
11-Aug-15,456.90,458.11,448.00,448.40,104178
10-Aug-15,452.00,458.90,450.44,450.90,106692
7-Aug-15,454.00,456.46,452.00,452.30,46046
6-Aug-15,453.80,458.00,453.40,456.10,42482
5-Aug-15,453.90,456.30,452.80,455.40,87672
4-Aug-15,444.90,455.70,443.04,452.60,365693
3-Aug-15,443.00,444.90,440.76,444.00,88052
31-Jul-15,441.90,444.30,441.49,443.84,91309
30-Jul-15,440.90,442.00,438.40,439.50,182587
29-Jul-15,440.60,442.28,438.00,438.72,77997
28-Jul-15,438.20,441.00,437.10,438.50,86850
27-Jul-15,442.80,443.00,437.00,437.70,87943
24-Jul-15,447.00,447.00,443.00,443.50,68534
23-Jul-15,443.10,446.30,442.23,446.00,103660
22-Jul-15,445.00,446.08,441.00,442.10,109681
21-Jul-15,445.60,448.71,444.90,446.40,126695
20-Jul-15,448.00,451.10,447.32,447.90,27692
17-Jul-15,447.90,449.20,444.50,448.10,191017
16-Jul-15,444.50,449.00,444.50,448.20,39921
15-Jul-15,444.30,445.61,443.28,445.00,79436
14-Jul-15,447.80,447.80,443.09,444.00,75172
13-Jul-15,447.90,447.90,443.54,445.50,19439
10-Jul-15,443.50,446.82,441.00,442.30,123253
9-Jul-15,436.00,441.00,436.00,440.10,58868
8-Jul-15,432.00,438.90,431.90,438.00,201556
7-Jul-15,436.30,437.70,431.60,436.30,153438
6-Jul-15,437.00,437.30,433.20,433.90,33206
3-Jul-15,438.90,440.00,436.00,439.00,57240
2-Jul-15,434.00,439.80,434.00,439.30,108317
1-Jul-15,436.60,440.00,433.05,437.90,139819
30-Jun-15,433.00,434.00,428.70,431.00,351351
29-Jun-15,430.00,437.87,430.00,433.00,118865
26-Jun-15,442.00,446.00,440.00,441.70,51314
25-Jun-15,448.70,449.70,443.37,444.80,117197
24-Jun-15,447.00,449.40,444.30,445.80,52088
23-Jun-15,446.90,449.00,444.90,446.00,89333
22-Jun-15,442.00,445.60,440.21,445.00,170797
19-Jun-15,439.00,440.70,437.50,440.70,454143
18-Jun-15,438.90,438.90,434.90,438.20,150265
17-Jun-15,442.10,444.00,437.35,439.20,181027
16-Jun-15,440.00,443.17,438.30,441.30,74638
15-Jun-15,443.80,446.00,440.02,443.30,72615
12-Jun-15,450.70,452.00,443.70,450.00,112331
11-Jun-15,450.20,451.90,449.30,450.40,176102
10-Jun-15,445.90,449.60,445.70,449.60,76280
9-Jun-15,448.50,451.10,445.00,445.00,75413
8-Jun-15,452.60,452.80,448.50,448.50,39867
5-Jun-15,451.80,452.34,447.10,450.30,149834
4-Jun-15,454.00,456.85,449.50,450.20,94476
3-Jun-15,455.70,459.00,454.00,456.50,183305
2-Jun-15,455.90,457.44,451.20,454.20,166111
1-Jun-15,456.00,457.91,454.38,457.50,67439
29-May-15,456.10,458.00,452.00,453.50,234340
28-May-15,455.00,456.24,453.50,455.00,104455
27-May-15,453.50,456.60,449.60,456.60,165302
26-May-15,454.60,455.73,449.00,451.00,156015
22-May-15,451.90,456.00,451.36,455.12,35274
21-May-15,451.30,453.90,449.20,452.40,67097
20-May-15,454.60,455.40,451.94,453.40,94646
19-May-15,450.80,455.50,447.29,453.60,131682
18-May-15,450.70,450.70,446.86,448.00,50185
15-May-15,446.30,449.90,445.12,448.00,185659
14-May-15,441.50,447.90,441.50,446.30,97553
13-May-15,441.20,444.60,441.20,442.50,830360
12-May-15,446.30,446.30,433.00,436.90,263510
11-May-15,449.70,452.50,445.00,446.85,195319
8-May-15,442.00,449.55,442.00,449.40,480316
7-May-15,437.50,441.50,434.10,440.00,156103
6-May-15,441.80,444.00,435.00,438.00,217708
5-May-15,440.00,447.40,440.00,441.50,260808
1-May-15,433.50,439.35,431.70,437.87,60055
30-Apr-15,440.80,440.80,432.20,433.50,413483
29-Apr-15,442.40,444.16,437.40,437.40,199482
28-Apr-15,448.00,450.00,441.00,445.20,113858
27-Apr-15,451.70,451.70,446.84,449.40,58603
24-Apr-15,446.90,449.00,444.00,447.80,225122
23-Apr-15,445.70,445.70,442.10,444.00,75590
22-Apr-15,447.70,450.41,442.00,443.00,169361
21-Apr-15,453.90,455.00,447.00,447.80,119338
20-Apr-15,445.20,451.30,444.77,448.30,83554
17-Apr-15,454.20,454.20,444.05,445.40,124826
16-Apr-15,456.00,456.02,450.10,452.10,119760
15-Apr-15,454.10,458.70,454.00,456.00,48981
14-Apr-15,456.00,457.00,450.60,455.50,187240
13-Apr-15,457.50,458.74,455.10,456.10,77813
10-Apr-15,456.00,458.50,451.38,458.30,209496
9-Apr-15,450.70,453.40,449.96,452.00,93933
8-Apr-15,447.30,451.80,446.82,448.50,124094
7-Apr-15,449.20,450.40,445.30,447.80,197697
2-Apr-15,443.00,446.20,442.36,444.50,100426
1-Apr-15,442.50,446.50,441.60,443.00,205482
31-Mar-15,446.60,451.40,441.80,443.00,462913
30-Mar-15,447.10,450.26,446.00,449.00,100265
27-Mar-15,451.70,452.70,444.00,444.00,162127
26-Mar-15,454.60,457.58,449.00,449.50,107221
25-Mar-15,465.70,467.48,460.12,460.12,156048
24-Mar-15,466.40,467.90,463.73,464.60,132872
23-Mar-15,462.00,466.90,462.00,465.00,85018
20-Mar-15,458.20,464.90,457.40,463.90,254271
19-Mar-15,460.00,461.00,457.00,458.26,170830
18-Mar-15,451.30,457.40,451.30,456.50,172232
17-Mar-15,454.00,454.20,451.56,453.00,163217
16-Mar-15,450.71,453.80,449.60,450.40,98363
13-Mar-15,447.00,449.73,446.00,448.10,142584
12-Mar-15,444.70,447.80,444.00,447.00,60490
11-Mar-15,443.60,444.60,439.40,442.50,322822
10-Mar-15,450.70,451.05,443.00,443.20,227342
9-Mar-15,454.30,454.30,450.01,450.50,105904
6-Mar-15,452.50,454.35,451.00,451.10,136332
5-Mar-15,454.90,454.90,450.83,452.80,82357
4-Mar-15,454.20,458.80,450.92,454.00,109440
3-Mar-15,456.50,459.35,454.00,455.35,144395
2-Mar-15,456.00,459.10,454.52,456.25,108871
27-Feb-15,457.00,457.80,456.00,456.00,44545
26-Feb-15,456.50,457.60,454.86,455.66,236541
25-Feb-15,458.00,458.90,454.50,455.70,109366
24-Feb-15,458.40,459.50,457.00,457.54,33482
23-Feb-15,461.50,461.50,457.00,457.50,84530
20-Feb-15,457.90,459.50,456.00,458.00,135704
19-Feb-15,461.40,462.20,455.10,455.10,159318
18-Feb-15,464.90,466.18,459.00,464.00,206057
17-Feb-15,461.50,464.50,461.50,464.50,95382
16-Feb-15,463.80,464.40,461.00,463.67,68798
13-Feb-15,458.90,464.40,457.66,462.50,438133
12-Feb-15,456.30,462.60,456.30,458.30,66922
11-Feb-15,457.10,460.42,456.49,458.00,40416
10-Feb-15,457.50,461.20,457.10,457.50,153285
9-Feb-15,459.00,460.00,457.50,459.50,190366
6-Feb-15,457.00,460.96,457.00,460.00,156875
5-Feb-15,457.00,458.35,454.10,457.00,91126
4-Feb-15,464.00,464.00,455.80,458.50,163764
3-Feb-15,456.00,463.30,456.00,463.00,238900
2-Feb-15,452.00,454.90,448.00,454.90,177269
30-Jan-15,449.00,452.90,449.00,450.92,319695
29-Jan-15,444.00,449.30,442.10,445.00,274806
28-Jan-15,447.00,449.76,444.80,448.20,87735
27-Jan-15,450.00,450.20,443.68,448.00,109425
26-Jan-15,444.10,450.00,444.00,448.60,109852
23-Jan-15,448.00,452.40,446.70,449.70,54125
22-Jan-15,441.20,447.37,439.60,447.10,162224
21-Jan-15,436.10,442.40,436.10,441.70,124851
20-Jan-15,436.40,438.00,433.25,434.00,61012
19-Jan-15,433.90,436.90,432.60,435.60,83735
16-Jan-15,434.70,434.70,429.80,431.00,77849
15-Jan-15,432.10,435.50,430.00,434.90,110098
14-Jan-15,432.60,435.00,428.00,433.00,207436
13-Jan-15,433.60,439.90,432.04,437.60,103186
12-Jan-15,433.50,435.90,430.10,434.40,158173
9-Jan-15,438.40,438.77,431.20,432.40,77856
8-Jan-15,425.70,437.80,425.28,437.10,291237
7-Jan-15,419.60,424.00,419.60,423.00,29787
6-Jan-15,421.70,423.14,417.40,420.00,109189
5-Jan-15,420.90,424.00,418.91,421.10,74075
31-Dec-14,422.00,423.00,421.00,422.00,50295
30-Dec-14,421.20,423.63,419.00,423.63,44726
29-Dec-14,422.40,425.80,420.50,421.00,28222
24-Dec-14,422.80,425.94,420.10,424.50,9204
23-Dec-14,422.00,425.90,420.50,425.90,39867
22-Dec-14,418.10,422.00,417.86,421.70,92664
19-Dec-14,412.50,418.00,412.50,418.00,400728
18-Dec-14,407.60,414.50,407.60,413.70,105084
17-Dec-14,404.00,409.00,404.00,407.50,65469
16-Dec-14,403.50,410.60,402.00,409.00,281822
15-Dec-14,407.40,408.40,403.20,407.80,150987
12-Dec-14,414.50,414.50,406.60,407.60,86451
11-Dec-14,414.70,417.00,410.80,415.70,87238
10-Dec-14,416.00,420.29,416.00,418.43,74291
9-Dec-14,421.00,421.45,414.10,416.90,145649
8-Dec-14,425.60,426.00,421.00,424.00,51717
5-Dec-14,419.30,423.50,415.20,422.20,89072
4-Dec-14,420.20,420.30,415.90,419.30,88464
3-Dec-14,420.50,421.00,418.80,420.50,21424
2-Dec-14,416.10,421.40,415.81,421.40,57710
1-Dec-14,418.50,420.62,415.50,415.70,49335
28-Nov-14,419.90,421.10,417.50,421.00,104793
27-Nov-14,418.60,422.40,418.60,421.10,97021
26-Nov-14,420.30,423.00,419.00,419.30,111687
25-Nov-14,420.00,420.58,416.70,418.00,27553
24-Nov-14,418.30,420.00,416.68,419.20,44652
21-Nov-14,414.40,419.99,414.40,418.20,62976
20-Nov-14,414.60,418.00,412.50,418.00,119196
19-Nov-14,417.70,418.40,415.00,415.30,31625
18-Nov-14,415.50,418.00,414.95,416.80,50222
17-Nov-14,412.30,415.50,411.00,413.00,56304
14-Nov-14,413.20,418.00,412.70,415.20,68600
13-Nov-14,411.00,416.00,411.00,415.90,112228
12-Nov-14,409.40,413.00,407.10,409.60,139153
11-Nov-14,412.90,415.50,407.17,413.20,131723
10-Nov-14,409.40,413.00,405.70,408.25,72411
7-Nov-14,409.10,411.70,405.00,409.70,166074
6-Nov-14,406.60,411.90,406.60,411.00,69147
5-Nov-14,405.50,412.00,402.30,408.50,133627
4-Nov-14,400.00,409.00,399.78,406.80,396085
3-Nov-14,401.00,403.60,400.50,401.60,75352
31-Oct-14,398.00,404.00,397.94,400.50,349786
30-Oct-14,392.90,394.70,389.00,394.70,246471
29-Oct-14,389.50,393.50,389.50,390.00,106350
28-Oct-14,384.60,389.00,384.60,387.20,112080
27-Oct-14,387.20,389.60,384.81,388.00,158345
24-Oct-14,388.80,388.80,385.31,385.31,210407
23-Oct-14,387.00,388.50,383.90,386.90,82274
22-Oct-14,383.50,387.90,383.00,387.50,171018
21-Oct-14,375.30,384.00,375.30,380.50,136273
20-Oct-14,380.40,380.40,376.82,379.00,102424
17-Oct-14,372.50,380.60,370.87,380.60,176728
16-Oct-14,373.00,375.00,365.00,372.20,353205
15-Oct-14,383.00,383.00,371.00,382.00,220427
14-Oct-14,378.90,383.00,376.90,379.00,167930
13-Oct-14,377.70,387.60,376.10,381.00,247099
10-Oct-14,383.00,383.00,379.00,380.50,254666
9-Oct-14,389.10,390.28,384.16,388.25,96659
8-Oct-14,392.00,393.00,386.00,387.10,144825
7-Oct-14,395.00,395.00,389.00,391.50,119358
6-Oct-14,393.80,398.10,391.75,397.00,74208
3-Oct-14,386.50,392.30,385.30,392.30,160816
2-Oct-14,388.70,388.70,382.00,383.20,150283
1-Oct-14,388.70,389.70,385.70,387.70,148024
30-Sep-14,392.60,393.00,388.80,392.30,95513
29-Sep-14,389.90,391.80,389.60,390.30,20076
26-Sep-14,390.90,393.90,389.70,392.50,40804
25-Sep-14,393.70,395.00,391.70,392.00,82064
24-Sep-14,394.00,395.20,391.64,395.20,62268
23-Sep-14,393.80,393.80,389.60,392.20,153408
22-Sep-14,397.80,398.00,394.30,394.50,123382
19-Sep-14,398.20,400.50,397.50,399.15,818846
18-Sep-14,393.60,398.00,393.60,396.00,207091
17-Sep-14,398.00,398.00,394.00,397.40,304969
16-Sep-14,397.10,398.00,393.50,397.40,185888
15-Sep-14,395.50,398.20,394.70,396.50,82544
12-Sep-14,399.80,400.90,397.71,399.80,135945
11-Sep-14,398.00,399.50,394.90,398.50,234134
10-Sep-14,397.00,399.60,396.10,398.00,225128
9-Sep-14,398.90,399.40,395.80,396.70,410518
8-Sep-14,396.00,399.00,395.70,398.00,385417
5-Sep-14,396.00,396.26,393.00,396.00,170276
4-Sep-14,394.70,396.60,394.00,395.80,94601
3-Sep-14,393.60,395.90,393.10,395.90,251853
2-Sep-14,392.00,392.48,390.40,391.00,114518
1-Sep-14,390.60,391.70,386.69,391.00,176222
29-Aug-14,390.00,391.40,387.60,389.50,222302
28-Aug-14,391.10,391.90,389.00,390.10,49127
27-Aug-14,391.60,393.80,391.40,392.50,72691
26-Aug-14,392.00,393.00,390.60,392.00,128718
22-Aug-14,389.00,389.90,387.00,389.00,158147
21-Aug-14,386.00,389.00,383.89,387.00,1058582
20-Aug-14,386.60,387.00,384.89,386.10,115188
19-Aug-14,382.70,388.70,382.70,387.70,64855
18-Aug-14,386.50,386.50,383.60,385.60,25926
15-Aug-14,383.00,385.40,381.75,382.50,66790
14-Aug-14,382.00,383.40,380.30,381.60,153291
13-Aug-14,378.70,382.00,377.40,378.80,103957
12-Aug-14,377.40,379.00,376.80,378.40,52136
11-Aug-14,374.50,379.00,374.00,379.00,110951
8-Aug-14,374.00,376.00,371.60,374.80,128044
7-Aug-14,376.20,379.90,374.00,374.00,111624
6-Aug-14,377.00,377.00,372.21,376.10,82836
5-Aug-14,380.00,380.20,375.40,377.30,61069
4-Aug-14,377.00,381.29,377.00,378.60,232069
1-Aug-14,377.00,377.50,373.00,376.10,194131
31-Jul-14,379.60,380.97,377.00,379.30,64067
30-Jul-14,381.80,383.20,379.50,379.91,197245
29-Jul-14,382.90,383.90,381.24,382.54,69144
28-Jul-14,381.20,382.40,379.50,381.10,170020
25-Jul-14,383.00,383.00,380.60,381.00,190539
24-Jul-14,381.50,383.10,380.57,382.25,259045
23-Jul-14,381.00,382.50,380.27,381.50,134379
22-Jul-14,376.20,381.70,376.20,381.70,256488
21-Jul-14,377.00,377.90,375.00,377.90,298549
18-Jul-14,375.70,377.60,374.00,377.60,197928
17-Jul-14,377.40,380.00,375.80,377.20,61462
16-Jul-14,375.50,380.30,375.50,379.20,365733
15-Jul-14,378.40,379.56,375.00,377.55,465585
14-Jul-14,379.10,380.00,375.89,377.80,160187
11-Jul-14,375.90,377.60,374.80,376.40,86626
10-Jul-14,376.00,377.90,372.50,376.20,222324
9-Jul-14,376.50,377.50,374.50,377.50,325045
8-Jul-14,380.50,381.94,376.00,376.00,152247
7-Jul-14,381.10,381.80,378.60,380.40,224656
4-Jul-14,380.60,383.40,380.02,381.50,125269
3-Jul-14,380.80,381.60,378.87,381.60,375014
2-Jul-14,380.20,380.20,378.42,380.00,139312
1-Jul-14,376.80,381.50,376.80,381.50,238072
30-Jun-14,378.30,378.70,376.00,376.00,190038
27-Jun-14,376.20,377.50,374.00,377.50,227568
26-Jun-14,377.20,378.10,373.50,374.45,430659
25-Jun-14,376.40,377.40,372.10,376.00,544796
24-Jun-14,374.50,379.10,373.90,374.74,654379
23-Jun-14,375.00,378.87,375.00,375.90,103002
20-Jun-14,376.00,379.50,374.17,379.00,544443
19-Jun-14,376.50,377.90,376.10,377.00,291908
18-Jun-14,376.10,376.16,373.60,375.00,137663
17-Jun-14,374.00,375.50,372.10,372.50,300792
16-Jun-14,376.90,376.90,373.50,374.10,264299
13-Jun-14,379.00,380.68,374.80,376.00,144673
12-Jun-14,380.00,380.90,379.40,380.10,27720
11-Jun-14,382.40,383.45,380.10,381.60,102937
10-Jun-14,381.80,383.50,381.50,382.20,51176
9-Jun-14,383.00,383.80,382.20,383.20,204558
6-Jun-14,378.50,383.30,378.10,379.97,268399
5-Jun-14,377.70,380.00,377.00,378.20,126852
4-Jun-14,377.40,378.34,377.00,377.40,46334
3-Jun-14,378.10,379.50,375.50,375.50,94824
2-Jun-14,378.80,380.27,378.80,379.80,170749
30-May-14,377.60,379.60,377.50,378.00,74487
29-May-14,377.40,379.60,377.31,378.10,85526
28-May-14,376.90,377.90,375.50,377.10,37547
27-May-14,375.40,376.40,373.79,375.10,105813
23-May-14,372.10,373.78,371.00,371.20,134984
22-May-14,371.00,373.45,371.00,371.90,57964
21-May-14,370.00,371.60,368.40,370.50,137068
20-May-14,372.80,373.60,369.20,369.80,202595
19-May-14,371.90,372.42,369.70,369.70,184280
16-May-14,373.10,374.60,370.00,371.60,149904
15-May-14,375.60,377.10,372.00,375.80,248308
14-May-14,374.60,377.74,374.50,375.00,65097
13-May-14,373.00,376.20,373.00,375.30,73018
12-May-14,369.60,372.90,369.10,372.50,189184
9-May-14,371.60,372.63,368.51,369.50,160667
8-May-14,370.50,372.10,369.70,371.50,205715
7-May-14,370.10,371.40,369.00,369.50,53577
6-May-14,371.10,374.20,369.70,370.50,51503
2-May-14,373.90,376.25,370.61,371.00,440525
1-May-14,372.00,372.40,368.95,371.20,119623
30-Apr-14,370.70,370.70,366.80,366.80,310226
29-Apr-14,369.00,372.20,369.00,371.00,106104
28-Apr-14,367.00,368.90,365.80,368.58,140281
25-Apr-14,370.20,371.93,365.50,366.70,201686
24-Apr-14,371.60,372.20,369.50,370.20,172135
23-Apr-14,372.00,373.40,370.66,370.70,69880
22-Apr-14,369.00,372.30,369.00,372.00,89764
17-Apr-14,366.50,369.60,366.05,368.00,130804
16-Apr-14,368.00,368.20,364.49,365.00,152087
15-Apr-14,365.10,366.27,363.00,363.00,170698
14-Apr-14,363.90,366.10,361.90,362.60,233836
11-Apr-14,367.50,370.40,363.53,366.10,188884
10-Apr-14,371.30,373.00,370.00,371.00,147848
9-Apr-14,370.90,372.50,367.85,371.15,121934
8-Apr-14,371.70,375.20,367.70,369.20,131533
7-Apr-14,374.10,376.83,374.10,375.40,161086
4-Apr-14,376.90,379.57,376.61,378.60,356209
3-Apr-14,372.50,377.00,372.50,376.80,385037
2-Apr-14,375.00,376.70,374.06,376.70,399320
1-Apr-14,373.40,376.00,371.46,375.00,160405
31-Mar-14,374.90,374.90,370.80,371.25,175899
28-Mar-14,369.00,372.40,369.00,371.40,227682
27-Mar-14,370.50,372.14,367.50,370.70,262258
26-Mar-14,374.40,375.30,371.10,371.50,461097
25-Mar-14,375.60,375.80,372.50,375.10,748209
24-Mar-14,377.10,377.10,371.90,373.60,489378
21-Mar-14,371.90,376.00,371.90,375.90,598065
20-Mar-14,374.00,374.86,371.00,374.00,79741
19-Mar-14,375.10,376.90,374.00,375.10,293795
18-Mar-14,373.40,376.48,372.60,374.99,159724
17-Mar-14,374.80,374.80,371.10,373.40,118291
14-Mar-14,371.00,373.30,369.20,370.00,109498
13-Mar-14,376.30,377.30,372.90,374.60,113399
12-Mar-14,378.00,378.00,375.50,374.00,97199
11-Mar-14,377.10,380.40,376.80,378.50,154539
10-Mar-14,378.40,382.00,375.30,376.90,123001
7-Mar-14,381.00,382.50,377.80,379.46,61187
6-Mar-14,379.60,382.80,379.30,381.30,71293
5-Mar-14,380.00,381.00,379.00,379.00,137968
4-Mar-14,378.00,382.00,377.70,380.10,53828
3-Mar-14,375.20,377.50,374.50,374.80,215322
28-Feb-14,380.70,384.00,380.70,381.50,87278
27-Feb-14,379.60,381.30,378.20,379.90,85697
26-Feb-14,380.20,382.10,379.80,380.85,69121
25-Feb-14,381.50,382.60,378.30,379.70,294326
24-Feb-14,378.70,383.40,378.50,379.70,62153
21-Feb-14,379.90,381.60,379.20,380.40,65783
20-Feb-14,379.80,379.90,376.50,379.90,92499
19-Feb-14,376.20,380.20,375.60,379.96,86704
18-Feb-14,375.70,379.40,375.50,376.50,131125
17-Feb-14,375.00,377.50,374.00,377.50,103201
14-Feb-14,375.50,376.00,374.00,376.00,94863
13-Feb-14,375.10,377.40,374.00,375.63,127050
12-Feb-14,377.00,381.60,377.00,380.00,144533
11-Feb-14,374.00,380.50,374.00,380.50,93883
10-Feb-14,372.60,375.90,372.40,373.05,143793
7-Feb-14,372.60,374.00,370.90,372.98,86800
6-Feb-14,370.50,372.60,367.10,372.60,56385
5-Feb-14,363.10,367.10,363.10,366.30,62341
4-Feb-14,364.00,366.90,363.80,366.50,91258
3-Feb-14,367.50,369.60,366.00,366.00,195489
31-Jan-14,368.60,368.90,364.40,366.30,356332
30-Jan-14,368.00,369.00,365.20,368.00,238560
29-Jan-14,371.50,371.50,362.90,364.50,269365
28-Jan-14,370.00,370.00,366.60,366.70,135270
27-Jan-14,371.70,371.70,366.00,366.10,109927
24-Jan-14,379.30,379.30,371.00,372.50,302933
23-Jan-14,378.50,379.80,375.30,375.75,181229
22-Jan-14,384.60,384.60,378.70,379.60,135901
21-Jan-14,382.90,383.90,380.50,380.50,73078
20-Jan-14,385.30,385.30,383.20,384.00,54869
17-Jan-14,383.00,384.80,381.30,383.00,78857
16-Jan-14,383.50,385.90,383.00,385.00,139270
15-Jan-14,379.00,386.00,379.00,385.50,78701
14-Jan-14,380.00,381.70,379.30,380.00,69653
13-Jan-14,381.80,384.20,380.10,383.20,134189
10-Jan-14,376.10,382.00,376.10,379.10,138191
9-Jan-14,378.50,380.20,376.10,376.10,224675
8-Jan-14,380.60,380.60,378.40,378.40,101882
7-Jan-14,379.50,380.90,378.60,379.00,108329
6-Jan-14,375.40,380.10,375.40,378.00,136620
3-Jan-14,376.50,379.30,375.50,379.30,100525
2-Jan-14,378.00,378.50,376.90,378.50,64956
31-Dec-13,377.90,379.70,377.70,378.35,45390
30-Dec-13,382.00,382.00,379.30,380.10,13637
27-Dec-13,382.00,382.00,379.10,381.00,7116
24-Dec-13,379.40,379.40,378.80,378.80,3364
23-Dec-13,379.00,379.00,375.60,378.30,260220
20-Dec-13,375.90,377.90,375.90,376.00,399704
19-Dec-13,377.00,378.00,375.60,377.00,48347
18-Dec-13,373.00,375.80,371.40,374.00,112321
17-Dec-13,373.10,375.50,371.50,371.50,135538
16-Dec-13,370.80,374.60,370.40,374.00,24748
13-Dec-13,370.50,372.00,370.10,370.20,24381
12-Dec-13,372.00,372.00,368.30,368.90,92377
11-Dec-13,374.50,374.50,370.00,373.00,364168
10-Dec-13,375.00,375.20,373.60,374.40,39810
9-Dec-13,374.90,376.20,374.30,374.15,149630
6-Dec-13,370.50,374.50,370.50,374.50,108004
5-Dec-13,369.00,372.00,369.00,371.33,244817
4-Dec-13,373.40,373.40,369.00,370.00,159836
3-Dec-13,373.10,375.90,368.60,370.55,274060
2-Dec-13,380.50,380.50,374.10,374.80,182060
29-Nov-13,377.60,379.70,377.60,377.60,36679
28-Nov-13,379.50,379.50,377.40,377.60,47556
27-Nov-13,380.30,380.30,377.10,377.20,71828
26-Nov-13,380.50,380.50,377.40,377.50,80920
25-Nov-13,378.60,380.40,378.00,380.40,28692
22-Nov-13,376.80,377.30,375.30,376.60,126406
21-Nov-13,376.00,379.50,376.00,379.00,188814
20-Nov-13,378.40,379.20,376.60,378.30,62020
19-Nov-13,378.10,380.40,378.00,379.80,61611
18-Nov-13,380.10,381.50,378.40,381.00,224712
15-Nov-13,380.20,381.50,378.10,380.00,132478
14-Nov-13,378.90,380.20,377.30,378.00,22391
13-Nov-13,379.90,380.30,375.00,375.25,259333
12-Nov-13,379.10,381.80,379.00,381.20,135893
11-Nov-13,379.70,380.70,379.50,380.00,32469
8-Nov-13,376.00,378.30,375.70,378.31,97977
7-Nov-13,380.20,381.30,377.10,379.60,94782
6-Nov-13,381.40,382.30,379.30,379.50,42142
5-Nov-13,381.10,381.90,379.00,381.00,88448
4-Nov-13,377.10,385.00,377.10,379.92,224240
1-Nov-13,379.50,381.00,378.90,380.60,75223
31-Oct-13,381.10,382.00,379.50,379.50,188597
30-Oct-13,381.30,384.50,381.00,382.00,155681
29-Oct-13,376.50,382.00,376.50,377.00,108208
28-Oct-13,376.00,379.30,376.00,377.30,69426
25-Oct-13,376.90,376.90,375.40,376.50,13020
24-Oct-13,378.90,378.90,375.00,375.40,104312
23-Oct-13,377.90,-,-,374.40,74897
22-Oct-13,376.90,378.00,375.20,376.50,57851
21-Oct-13,374.00,375.90,372.20,372.00,54618
18-Oct-13,372.40,374.00,372.40,373.40,39221
17-Oct-13,374.80,374.80,370.00,372.00,106171
16-Oct-13,368.00,375.10,368.00,373.77,129058
15-Oct-13,369.00,371.10,369.00,370.00,166923
14-Oct-13,367.00,368.10,364.70,368.00,55682
11-Oct-13,367.50,368.60,366.60,368.00,142400
10-Oct-13,362.50,365.20,362.50,365.20,72812
9-Oct-13,356.10,363.00,356.10,360.70,311486
8-Oct-13,361.50,361.50,359.00,360.00,150156
7-Oct-13,362.60,363.00,360.00,362.00,163041
4-Oct-13,361.80,363.30,359.70,363.00,130700
3-Oct-13,361.20,363.70,361.20,362.40,65003
2-Oct-13,361.60,361.60,359.80,361.10,147938
1-Oct-13,363.10,364.20,361.00,363.20,29770
30-Sep-13,361.90,363.00,360.60,363.00,52631
27-Sep-13,368.20,368.20,363.20,366.10,89508
26-Sep-13,368.90,369.40,366.90,367.60,60107
25-Sep-13,369.00,369.90,366.70,367.90,77028
24-Sep-13,365.90,370.70,365.90,369.78,168811
20-Sep-13,373.60,373.60,369.10,370.10,418478
19-Sep-13,370.50,372.40,368.20,371.70,416625
18-Sep-13,366.70,367.60,365.80,367.00,36772
17-Sep-13,367.70,369.30,366.50,367.50,271595
16-Sep-13,370.90,371.20,369.80,370.30,22598
13-Sep-13,369.10,369.10,366.60,368.20,70748
12-Sep-13,369.00,369.80,367.70,367.80,39067
11-Sep-13,370.00,370.00,367.70,369.00,67781
10-Sep-13,367.70,370.00,367.70,370.00,86053
9-Sep-13,363.80,366.30,363.80,366.00,66679
6-Sep-13,365.60,367.00,362.00,365.20,265809
5-Sep-13,365.60,366.60,364.50,365.20,57831
4-Sep-13,363.70,365.50,360.90,364.50,116775
3-Sep-13,366.90,366.90,363.00,363.30,75314
2-Sep-13,362.10,364.90,362.10,363.90,67063
30-Aug-13,362.30,362.40,358.60,360.10,61778
29-Aug-13,361.70,363.00,359.60,363.00,135527
28-Aug-13,359.60,361.40,359.00,360.30,171985
27-Aug-13,363.70,363.90,360.90,362.00,97744
23-Aug-13,363.30,366.10,362.90,365.00,83717
22-Aug-13,360.90,363.00,360.40,361.80,40261
21-Aug-13,359.20,360.60,358.00,360.50,106845
20-Aug-13,362.00,362.00,358.70,361.20,126788
19-Aug-13,364.30,365.50,362.60,363.40,152525
16-Aug-13,365.00,366.40,365.00,366.10,44450
15-Aug-13,370.10,371.90,363.60,372.00,281978
14-Aug-13,370.60,373.40,370.60,372.20,175465
13-Aug-13,373.40,373.50,372.00,373.00,56611
12-Aug-13,372.70,373.40,370.50,374.00,34157
9-Aug-13,370.70,373.30,370.70,373.10,106703
8-Aug-13,370.90,373.20,370.30,373.00,90302
7-Aug-13,374.80,375.50,369.70,372.50,205137
6-Aug-13,375.30,376.20,373.00,375.50,182220
5-Aug-13,378.00,378.70,374.80,376.00,101675
2-Aug-13,377.50,381.10,376.00,379.65,216413
1-Aug-13,373.60,378.70,373.50,377.62,267420
31-Jul-13,372.50,374.80,371.00,373.80,144608
30-Jul-13,373.00,373.00,370.50,371.20,32030
29-Jul-13,368.60,371.90,368.60,371.45,25505
26-Jul-13,369.90,371.00,368.10,373.75,182488
25-Jul-13,371.00,371.60,368.40,368.26,235483
24-Jul-13,374.00,374.40,371.00,373.00,243742
23-Jul-13,373.60,375.00,372.50,373.50,293657
22-Jul-13,371.20,374.20,371.20,373.00,90543
19-Jul-13,373.80,375.10,372.03,373.40,32145
18-Jul-13,372.40,376.00,372.00,374.80,153663
17-Jul-13,375.20,375.20,370.00,373.40,365738
16-Jul-13,374.70,375.66,373.07,373.30,121761
15-Jul-13,376.34,376.70,373.60,374.90,66145
12-Jul-13,375.00,375.53,372.30,374.00,173336
11-Jul-13,373.00,377.00,372.40,373.50,40240
10-Jul-13,372.10,372.90,370.10,372.90,273019
9-Jul-13,372.00,374.50,371.90,374.20,373527
8-Jul-13,366.90,372.00,366.80,369.70,260402
5-Jul-13,366.60,370.00,365.70,367.90,331526
4-Jul-13,358.80,366.00,357.61,365.90,370182
3-Jul-13,359.30,359.30,354.26,357.50,167811
2-Jul-13,360.00,361.60,358.20,361.60,77060
1-Jul-13,357.10,360.00,355.00,359.90,62372
28-Jun-13,356.50,358.91,352.90,356.69,408331
27-Jun-13,352.60,355.60,351.00,355.10,287247
26-Jun-13,347.70,351.00,347.70,351.00,100506
25-Jun-13,343.70,347.90,343.70,346.40,334887
24-Jun-13,349.30,350.60,343.50,343.50,183975
21-Jun-13,348.40,352.00,347.50,351.40,417578
20-Jun-13,353.00,353.50,347.69,349.90,287265
19-Jun-13,355.10,357.30,355.10,356.90,521906
18-Jun-13,355.20,357.60,354.25,356.50,156623
17-Jun-13,355.50,356.45,353.18,355.30,116320
14-Jun-13,354.60,357.75,352.40,353.70,115744
13-Jun-13,351.00,351.70,347.90,351.10,209329
12-Jun-13,356.30,356.30,354.15,355.60,94977
11-Jun-13,356.10,358.90,353.03,357.30,111712
10-Jun-13,360.00,360.68,357.74,359.00,292413
7-Jun-13,355.00,358.87,352.10,358.70,121649
6-Jun-13,362.00,362.00,353.32,354.60,174263
5-Jun-13,364.50,365.70,359.20,359.50,225967
4-Jun-13,369.00,369.80,366.80,366.80,43991
3-Jun-13,367.70,368.50,364.80,367.00,99434
31-May-13,371.40,373.89,369.00,370.70,142411
30-May-13,372.60,373.30,371.50,372.10,327066
29-May-13,379.20,379.20,372.50,373.50,101512
28-May-13,373.40,380.00,373.40,380.00,100802
24-May-13,375.00,377.20,370.00,373.40,358375
23-May-13,378.00,380.00,371.70,372.20,329054
22-May-13,378.60,383.70,377.70,383.00,148002
21-May-13,376.50,378.70,375.20,378.70,251632
20-May-13,374.40,377.96,374.40,377.20,68755
17-May-13,372.30,377.00,372.30,377.00,123733
16-May-13,373.78,374.30,372.50,373.60,58877
15-May-13,372.53,373.90,371.00,373.70,226200
14-May-13,370.00,372.92,368.36,372.40,69479
13-May-13,368.10,370.00,368.00,369.30,72183
10-May-13,367.60,370.30,366.08,370.30,163857
9-May-13,367.70,369.20,365.40,367.40,129869
8-May-13,367.40,368.10,365.00,368.00,57102
7-May-13,365.00,367.20,362.50,366.20,44469
3-May-13,359.10,365.60,359.10,365.60,135183
2-May-13,361.00,361.03,358.60,360.10,185144
1-May-13,357.90,361.50,357.90,361.00,80364
30-Apr-13,360.50,360.74,357.50,358.60,164973
29-Apr-13,357.10,360.40,357.10,359.40,78654
26-Apr-13,359.80,359.80,357.25,357.60,68558
25-Apr-13,361.00,362.00,357.80,360.00,126912
24-Apr-13,358.00,362.00,358.00,361.00,287130
23-Apr-13,352.10,357.90,352.10,357.40,162006
22-Apr-13,354.70,356.00,352.50,352.50,132330
19-Apr-13,351.70,354.28,350.70,354.00,62407
18-Apr-13,352.50,354.00,350.03,352.00,154733
17-Apr-13,353.20,355.57,350.20,351.70,280685
16-Apr-13,353.00,353.90,351.50,353.00,215601
15-Apr-13,356.40,357.47,353.50,354.80,125026
12-Apr-13,360.40,360.40,356.90,356.90,144971
11-Apr-13,357.00,360.23,356.68,360.00,257869
10-Apr-13,353.00,357.00,352.70,356.70,134443
9-Apr-13,351.60,353.00,351.00,352.30,301040
8-Apr-13,348.00,350.40,348.00,349.51,210542
5-Apr-13,354.90,354.90,346.00,348.80,399390
4-Apr-13,356.60,358.10,352.00,352.00,185530
3-Apr-13,358.00,358.90,355.50,356.60,358282
2-Apr-13,359.40,362.40,357.49,362.40,334813
28-Mar-13,358.00,360.20,357.50,358.00,418613
27-Mar-13,360.00,361.21,356.00,358.00,279675
26-Mar-13,360.40,360.86,357.50,358.90,375229
25-Mar-13,359.00,362.70,358.40,358.40,185508
22-Mar-13,358.10,359.12,356.00,358.00,182250
21-Mar-13,360.00,360.41,356.50,358.10,454941
20-Mar-13,360.10,362.84,359.80,359.80,158436
19-Mar-13,359.90,362.90,358.10,359.20,192702
18-Mar-13,361.50,362.80,359.92,361.90,199555
15-Mar-13,364.40,365.20,362.50,365.20,589988
14-Mar-13,364.10,364.50,361.40,364.00,383459
13-Mar-13,364.00,364.04,361.00,363.00,315232
12-Mar-13,363.80,364.75,362.90,364.50,328953
11-Mar-13,362.70,364.00,362.50,363.50,150676
8-Mar-13,359.60,364.20,359.60,363.90,207508
7-Mar-13,360.70,361.90,359.50,361.00,171903
6-Mar-13,358.00,360.50,356.88,360.00,227174
5-Mar-13,353.00,358.00,353.00,358.00,236779
4-Mar-13,352.40,353.50,351.30,353.50,175291
1-Mar-13,350.50,354.30,349.50,353.00,305880
28-Feb-13,353.00,353.40,346.70,353.40,515915
27-Feb-13,350.20,351.50,348.00,351.30,371174
26-Feb-13,351.90,351.90,347.40,349.00,207801
25-Feb-13,352.20,355.00,351.11,355.00,253263
22-Feb-13,348.10,350.60,347.84,350.30,235944
21-Feb-13,350.80,352.20,346.60,348.20,293641
20-Feb-13,351.50,354.90,350.70,353.50,395719
19-Feb-13,348.00,351.60,346.90,351.50,160780
18-Feb-13,347.90,348.89,346.50,348.50,132201
15-Feb-13,348.80,349.10,346.60,348.50,290077
14-Feb-13,347.60,349.30,345.00,348.80,300920
13-Feb-13,345.80,349.50,345.40,349.00,112219
12-Feb-13,343.10,347.00,343.10,346.90,129791
11-Feb-13,343.50,345.80,343.00,345.80,43121
8-Feb-13,341.40,344.80,341.40,344.50,242018
7-Feb-13,344.50,344.50,340.20,342.00,195877
6-Feb-13,343.00,345.30,343.00,344.70,122782
5-Feb-13,343.40,345.00,341.00,344.00,128475
4-Feb-13,344.50,345.31,341.90,342.00,241133
1-Feb-13,341.00,344.00,339.45,344.00,214586
31-Jan-13,341.50,341.50,338.70,340.00,216445
30-Jan-13,342.20,342.90,341.60,342.50,82952
29-Jan-13,341.90,343.40,339.61,343.40,113359
28-Jan-13,340.50,342.30,339.80,342.30,166257
25-Jan-13,340.20,340.20,339.12,340.20,68535
24-Jan-13,336.00,340.20,334.59,340.20,71993
23-Jan-13,337.40,337.40,334.30,336.70,89008
22-Jan-13,335.10,336.61,333.70,336.50,65880
21-Jan-13,335.00,337.40,332.38,337.40,90433
18-Jan-13,333.40,335.00,332.34,334.50,164228
17-Jan-13,329.50,332.90,328.99,332.90,69203
16-Jan-13,329.40,331.00,328.90,330.90,77103
15-Jan-13,331.00,331.34,329.46,331.10,78878
14-Jan-13,334.30,334.30,330.00,331.00,240553
11-Jan-13,331.80,332.26,330.90,331.00,94694
10-Jan-13,331.50,334.31,330.50,331.20,75894
9-Jan-13,329.60,334.12,327.70,333.30,170424
8-Jan-13,330.10,331.60,329.00,329.90,110415
7-Jan-13,330.00,331.00,328.30,330.60,120606
4-Jan-13,329.70,331.00,329.30,330.30,39708
3-Jan-13,328.50,329.10,326.30,328.40,97045
2-Jan-13,324.40,329.10,322.80,327.90,219405
