31-Dec-15,410.60,416.70,410.00,413.70,23364
30-Dec-15,420.50,420.50,417.10,419.00,36506
29-Dec-15,418.60,421.40,415.10,421.00,56339
24-Dec-15,415.30,421.10,413.40,419.70,11478
23-Dec-15,411.90,418.20,409.50,418.00,53318
22-Dec-15,410.70,415.60,410.70,412.80,60129
21-Dec-15,406.20,416.80,406.20,414.00,64843
18-Dec-15,412.20,415.20,409.80,415.00,199668
16-Dec-15,406.30,408.10,405.20,407.20,70905
15-Dec-15,406.70,411.70,405.00,408.00,102521
14-Dec-15,405.00,408.70,405.00,405.20,96110
11-Dec-15,413.30,413.30,405.00,408.40,67302
10-Dec-15,411.80,411.80,405.00,406.70,136089
9-Dec-15,411.30,415.60,407.30,411.35,185063
8-Dec-15,421.50,421.50,417.70,419.10,84067
7-Dec-15,410.70,422.00,410.70,419.00,73345
4-Dec-15,417.00,421.60,417.00,420.00,85367
3-Dec-15,421.40,423.67,419.00,420.00,65923
2-Dec-15,421.50,425.00,420.10,422.00,92899
1-Dec-15,411.60,423.00,411.60,420.20,96510
30-Nov-15,430.80,430.80,420.30,422.30,242698
27-Nov-15,417.20,425.14,417.20,422.00,87795
26-Nov-15,430.70,430.70,419.70,423.10,71340
25-Nov-15,421.50,423.60,419.90,420.96,75043
24-Nov-15,425.80,425.80,420.00,421.00,103018
23-Nov-15,424.60,425.60,419.85,421.10,78726
20-Nov-15,420.30,425.20,419.60,420.00,148999
19-Nov-15,414.60,420.00,414.60,419.20,134253
18-Nov-15,412.80,418.00,408.20,417.90,103671
17-Nov-15,420.20,426.20,408.10,411.80,198577
16-Nov-15,405.10,419.80,405.10,419.80,121818
13-Nov-15,409.30,412.00,406.20,412.00,44480
12-Nov-15,420.20,420.20,407.00,409.60,52097
11-Nov-15,418.80,418.80,408.70,415.92,75702
10-Nov-15,414.60,414.80,406.80,408.60,114464
9-Nov-15,416.70,416.70,407.40,410.80,149493
6-Nov-15,418.80,418.80,406.90,411.10,133107
5-Nov-15,414.90,419.60,412.50,414.30,75177
4-Nov-15,417.70,417.70,414.00,415.00,45080
3-Nov-15,403.30,417.40,403.30,413.10,67752
2-Nov-15,402.20,413.90,402.20,413.30,53390
30-Oct-15,402.00,408.90,402.00,405.28,144502
29-Oct-15,415.10,415.10,406.00,408.90,57247
28-Oct-15,408.20,409.70,402.90,407.40,117571
27-Oct-15,411.20,411.50,408.40,408.50,45413
26-Oct-15,418.20,418.20,410.80,411.20,83892
23-Oct-15,422.60,422.60,410.80,418.00,66508
22-Oct-15,414.90,417.70,411.20,412.20,114120
21-Oct-15,424.70,424.90,416.30,418.20,138248
20-Oct-15,407.20,422.20,407.20,422.20,163914
19-Oct-15,424.70,424.70,412.61,415.60,76141
16-Oct-15,406.80,419.00,406.80,414.30,209142
15-Oct-15,407.20,418.20,407.20,418.00,104013
14-Oct-15,410.60,420.10,409.40,414.90,182809
13-Oct-15,428.80,428.80,410.60,410.60,124205
12-Oct-15,405.90,426.10,405.90,426.10,120016
9-Oct-15,412.00,417.30,409.30,417.30,134541
8-Oct-15,419.80,419.80,405.90,408.40,132214
7-Oct-15,409.90,416.90,404.90,414.60,149882
6-Oct-15,414.40,414.40,406.00,406.00,79102
5-Oct-15,413.70,415.20,411.23,412.00,61236
2-Oct-15,411.40,411.40,407.30,407.60,88853
1-Oct-15,411.10,411.10,406.80,408.00,199812
30-Sep-15,409.50,411.60,404.70,405.80,203158
29-Sep-15,414.40,416.30,407.00,408.10,155430
28-Sep-15,418.00,420.60,411.10,417.00,110401
25-Sep-15,414.00,422.20,412.00,419.10,217946
24-Sep-15,409.90,415.30,408.00,411.30,183934
23-Sep-15,409.20,410.70,406.50,408.80,104787
22-Sep-15,412.00,414.60,409.20,411.50,77169
21-Sep-15,424.80,424.80,411.80,415.01,117162
18-Sep-15,416.00,418.30,409.30,415.50,205805
17-Sep-15,414.90,417.10,412.00,416.40,66677
16-Sep-15,412.90,416.10,410.97,414.40,127888
15-Sep-15,421.20,422.40,409.90,412.30,86175
14-Sep-15,417.30,417.30,409.20,412.00,55979
11-Sep-15,417.30,417.50,413.90,415.70,50789
10-Sep-15,419.70,423.10,416.80,418.00,93563
9-Sep-15,421.70,427.20,416.40,418.60,121335
8-Sep-15,421.50,422.80,412.57,417.60,95781
7-Sep-15,421.70,425.70,419.90,421.20,82600
4-Sep-15,425.50,425.50,415.40,422.00,118401
3-Sep-15,423.90,425.20,418.00,421.20,136306
2-Sep-15,422.10,426.10,419.00,421.70,128839
1-Sep-15,413.00,426.10,412.68,421.10,207873
28-Aug-15,417.50,422.60,409.50,420.90,176207
27-Aug-15,413.10,420.80,404.30,417.50,145179
26-Aug-15,401.60,410.90,401.60,410.00,131171
25-Aug-15,399.50,409.50,397.60,408.50,180553
24-Aug-15,404.50,406.70,394.90,399.80,196286
21-Aug-15,412.00,420.50,406.89,412.40,130142
20-Aug-15,420.50,420.70,407.30,408.20,157408
19-Aug-15,422.80,427.80,420.40,423.20,190812
18-Aug-15,421.30,431.50,421.30,427.40,106163
17-Aug-15,425.40,427.73,422.30,423.60,67376
14-Aug-15,429.70,431.60,424.60,424.80,69076
13-Aug-15,425.10,432.00,425.10,430.20,143794
12-Aug-15,425.80,427.60,419.20,421.60,224581
11-Aug-15,427.60,431.90,426.18,429.80,99063
10-Aug-15,434.80,434.80,428.60,429.50,109640
7-Aug-15,433.00,433.10,429.30,430.60,144376
6-Aug-15,427.50,435.40,427.10,434.66,136249
5-Aug-15,435.20,435.20,427.70,431.60,123577
4-Aug-15,439.50,439.50,428.00,428.40,94223
3-Aug-15,434.50,435.90,432.20,434.00,66027
31-Jul-15,425.80,436.60,425.80,436.00,138357
30-Jul-15,435.00,436.30,425.80,428.50,150116
29-Jul-15,433.90,434.90,430.04,432.70,135108
28-Jul-15,438.60,439.90,433.10,433.10,174329
27-Jul-15,435.10,441.60,427.00,435.80,209196
24-Jul-15,428.50,433.39,427.60,429.90,153917
23-Jul-15,433.30,433.30,426.90,429.74,306263
22-Jul-15,431.30,431.30,423.10,426.00,283240
21-Jul-15,434.10,436.60,426.80,428.64,238611
20-Jul-15,431.10,436.30,421.13,433.12,215582
17-Jul-15,473.31,482.29,464.92,471.15,204647
16-Jul-15,459.09,472.55,455.45,472.55,175785
15-Jul-15,456.10,460.80,450.70,460.80,134396
14-Jul-15,455.00,456.47,452.20,453.60,151676
13-Jul-15,453.49,459.67,450.48,453.17,167401
10-Jul-15,451.88,455.11,450.80,452.31,141092
9-Jul-15,451.60,453.90,450.20,450.70,147578
8-Jul-15,449.72,453.00,448.75,452.20,148209
7-Jul-15,461.40,461.40,450.20,452.30,210427
6-Jul-15,449.40,453.37,445.85,450.58,147419
3-Jul-15,457.37,458.66,450.96,454.89,181869
2-Jul-15,461.90,467.50,456.80,458.80,214866
1-Jul-15,463.51,474.17,463.19,474.17,340048
30-Jun-15,465.20,477.30,463.50,463.50,413198
29-Jun-15,462.90,473.10,461.60,468.70,177996
26-Jun-15,473.95,476.45,468.78,471.48,140432
25-Jun-15,466.30,479.80,466.30,477.30,215689
24-Jun-15,471.00,472.80,467.30,470.50,130241
23-Jun-15,462.00,470.83,461.90,469.54,152256
22-Jun-15,462.20,468.20,458.00,468.20,177763
19-Jun-15,461.20,464.60,458.70,459.30,471811
18-Jun-15,461.70,465.60,459.00,463.10,219018
17-Jun-15,459.40,461.20,456.70,461.10,246835
16-Jun-15,459.60,462.00,458.80,460.30,146223
15-Jun-15,454.90,463.00,454.90,459.70,144688
12-Jun-15,465.70,465.70,457.90,460.50,213021
11-Jun-15,460.30,465.70,459.70,463.20,184180
10-Jun-15,461.89,467.09,458.12,462.00,195746
9-Jun-15,459.60,463.10,458.00,459.10,196115
8-Jun-15,457.91,464.69,455.87,460.49,212544
5-Jun-15,458.70,462.00,454.70,459.70,244588
4-Jun-15,467.70,467.70,460.10,460.10,347288
3-Jun-15,465.60,470.90,458.80,465.00,287418
2-Jun-15,467.30,472.40,465.90,468.10,263529
1-Jun-15,461.70,473.80,461.70,470.80,351030
29-May-15,468.20,472.00,464.80,467.40,355870
28-May-15,473.10,473.40,467.60,471.30,233881
27-May-15,455.40,473.40,455.40,470.60,464356
26-May-15,473.74,473.84,462.22,471.59,403605
22-May-15,465.40,469.50,459.30,466.60,326983
21-May-15,458.30,468.50,454.70,462.50,561270
20-May-15,450.05,466.71,447.53,455.00,511671
19-May-15,441.50,452.30,435.40,450.30,382903
18-May-15,441.54,446.92,436.23,437.23,276742
15-May-15,438.20,440.25,433.46,436.54,198714
14-May-15,427.50,436.40,427.50,434.10,108627
13-May-15,428.30,438.50,428.30,435.00,80896
12-May-15,431.74,435.62,426.58,430.77,130127
11-May-15,435.80,440.50,432.90,435.60,135173
8-May-15,423.77,446.49,422.59,440.46,387810
7-May-15,423.80,423.80,410.40,417.80,140914
6-May-15,415.70,419.80,411.90,416.20,119936
5-May-15,408.80,420.20,408.80,415.20,133081
1-May-15,414.10,414.30,406.00,409.90,31307
30-Apr-15,417.40,417.40,407.10,411.40,207032
29-Apr-15,410.80,412.50,407.20,408.20,92979
28-Apr-15,409.30,410.10,404.90,409.20,149896
27-Apr-15,415.80,415.80,408.80,410.30,98104
24-Apr-15,408.50,414.50,408.50,411.90,119190
23-Apr-15,410.10,412.20,407.70,411.40,62494
22-Apr-15,409.23,414.51,404.78,409.98,141735
21-Apr-15,409.77,413.54,405.36,411.28,87612
20-Apr-15,408.15,411.54,405.46,407.29,100259
17-Apr-15,409.20,413.20,406.90,409.10,118898
16-Apr-15,419.60,419.60,408.80,411.60,322470
15-Apr-15,408.80,425.40,408.80,421.20,174577
14-Apr-15,414.62,418.71,411.42,415.69,135647
13-Apr-15,417.20,417.20,407.80,411.40,150540
10-Apr-15,408.50,411.00,404.90,409.10,224898
9-Apr-15,403.00,411.30,403.00,408.50,103188
8-Apr-15,413.50,413.50,408.00,410.30,160695
7-Apr-15,407.70,411.20,404.70,409.70,199894
2-Apr-15,406.40,409.90,405.10,408.80,103062
1-Apr-15,409.70,413.60,403.30,405.60,262026
31-Mar-15,403.80,416.80,403.80,412.00,309772
30-Mar-15,402.77,410.74,397.57,406.97,305572
27-Mar-15,397.38,404.91,395.12,400.40,230250
26-Mar-15,396.70,398.50,390.00,391.00,136320
25-Mar-15,399.50,404.20,397.90,401.70,243094
24-Mar-15,392.90,405.40,392.90,401.70,297591
23-Mar-15,397.30,401.60,394.90,397.40,152364
20-Mar-15,379.83,396.74,379.08,395.55,337855
19-Mar-15,379.20,379.80,374.10,379.60,97718
18-Mar-15,371.65,379.83,367.54,378.00,249001
17-Mar-15,365.40,370.90,363.20,369.70,198810
16-Mar-15,363.50,365.80,356.60,363.10,198251
13-Mar-15,363.46,363.46,359.61,361.09,75732
12-Mar-15,359.40,363.20,355.40,362.10,123155
11-Mar-15,354.52,356.35,354.04,355.92,119136
10-Mar-15,354.40,355.40,351.20,354.30,103087
9-Mar-15,356.68,356.68,350.94,352.15,86316
6-Mar-15,355.00,355.70,351.30,354.30,88670
5-Mar-15,350.90,355.90,350.90,354.30,121486
4-Mar-15,352.70,355.80,350.00,353.20,130996
3-Mar-15,364.10,364.30,347.40,348.40,308248
2-Mar-15,365.40,366.40,357.50,358.10,84802
27-Feb-15,364.00,367.30,356.70,363.20,192210
26-Feb-15,368.70,371.50,364.60,365.70,70677
25-Feb-15,368.74,372.72,364.79,372.72,121264
24-Feb-15,368.52,368.52,364.31,367.23,57962
23-Feb-15,367.30,367.30,362.30,366.90,120596
20-Feb-15,364.60,365.40,357.60,364.80,87732
19-Feb-15,365.20,365.20,359.70,365.00,103123
18-Feb-15,366.40,367.60,360.30,364.10,311325
17-Feb-15,355.80,362.60,354.60,358.10,89369
16-Feb-15,358.40,358.40,353.70,356.90,41361
13-Feb-15,363.40,363.40,355.00,356.00,123078
12-Feb-15,357.40,361.60,357.30,360.80,65193
11-Feb-15,363.03,363.03,356.78,360.77,258107
10-Feb-15,358.00,362.00,358.00,361.00,99300
9-Feb-15,359.80,360.80,355.50,360.80,133125
6-Feb-15,363.10,363.10,357.20,359.70,49195
5-Feb-15,362.50,363.40,356.60,360.80,54218
4-Feb-15,364.60,364.60,356.40,360.60,79734
3-Feb-15,359.40,365.40,356.20,362.30,81394
2-Feb-15,361.80,361.80,351.50,356.40,179159
30-Jan-15,355.90,366.50,350.00,363.40,145783
29-Jan-15,355.40,359.00,348.70,353.30,88230
28-Jan-15,359.90,361.40,355.40,357.20,74336
27-Jan-15,366.40,367.10,359.60,362.10,238844
26-Jan-15,358.20,366.20,354.30,364.90,130561
23-Jan-15,356.20,363.50,354.80,355.40,128711
22-Jan-15,360.00,360.00,355.50,358.20,65878
21-Jan-15,355.40,358.80,354.80,357.00,73834
20-Jan-15,356.00,356.90,352.40,355.40,94105
19-Jan-15,350.00,355.50,350.00,355.40,59662
16-Jan-15,346.80,356.00,345.40,350.00,241126
15-Jan-15,349.40,356.90,347.80,350.00,127546
14-Jan-15,362.30,365.50,346.90,351.20,212184
13-Jan-15,366.05,367.67,360.77,366.15,175306
12-Jan-15,370.68,370.68,360.54,363.78,67242
9-Jan-15,367.20,367.20,360.30,365.40,115729
8-Jan-15,361.10,366.20,358.60,364.50,99912
7-Jan-15,360.80,365.20,360.80,362.70,121732
6-Jan-15,362.70,366.20,360.70,361.30,99853
5-Jan-15,358.90,366.20,358.90,366.20,129564
31-Dec-14,349.90,368.10,349.90,362.50,57509
30-Dec-14,350.97,356.19,349.25,352.69,54770
29-Dec-14,346.20,354.00,346.20,352.50,63940
24-Dec-14,-,-,-,356.20,0
23-Dec-14,351.20,358.50,348.70,356.20,47723
22-Dec-14,354.50,357.00,349.80,352.20,68166
19-Dec-14,348.10,359.20,348.10,357.60,349094
18-Dec-14,347.80,350.60,347.80,349.50,130019
17-Dec-14,349.20,351.70,348.40,348.90,61923
16-Dec-14,347.80,352.40,347.80,351.30,224424
15-Dec-14,353.00,356.10,348.90,348.90,140618
12-Dec-14,349.10,354.20,348.90,351.30,216451
11-Dec-14,348.00,353.00,347.80,352.90,127981
10-Dec-14,348.00,353.90,347.40,350.40,108545
9-Dec-14,351.08,351.08,338.71,346.34,72165
8-Dec-14,348.70,349.60,344.40,346.20,164876
5-Dec-14,359.80,359.80,350.30,353.10,40054
4-Dec-14,348.60,354.20,347.50,353.20,108388
3-Dec-14,353.60,354.20,350.90,350.90,60249
2-Dec-14,352.20,353.10,349.70,352.20,55877
1-Dec-14,350.75,354.74,348.79,349.35,80296
28-Nov-14,358.30,358.30,351.50,352.90,84837
27-Nov-14,351.40,361.10,351.40,356.10,59949
26-Nov-14,358.60,359.40,352.00,353.00,79570
25-Nov-14,360.30,364.50,356.80,358.70,133119
24-Nov-14,351.40,360.80,351.40,358.00,145434
21-Nov-14,347.20,353.70,347.10,350.00,118820
20-Nov-14,351.20,352.80,346.90,347.50,137043
19-Nov-14,368.20,368.20,348.25,350.00,189671
18-Nov-14,365.70,366.20,358.30,359.80,88545
17-Nov-14,363.40,366.80,360.40,366.20,74223
14-Nov-14,368.00,368.00,364.00,364.00,89451
13-Nov-14,363.20,370.90,362.10,370.20,122611
12-Nov-14,364.50,369.30,361.50,363.80,85293
11-Nov-14,373.00,376.00,365.60,365.60,100445
10-Nov-14,373.60,373.60,368.30,370.20,103141
7-Nov-14,366.80,373.80,366.20,371.20,135994
6-Nov-14,376.50,376.70,370.70,370.90,124996
5-Nov-14,375.10,378.80,373.30,376.00,182798
4-Nov-14,375.80,381.80,367.40,369.70,333145
3-Nov-14,374.80,374.80,366.30,367.70,128705
31-Oct-14,371.30,380.70,370.60,371.50,455937
30-Oct-14,366.70,370.70,363.40,369.30,237208
29-Oct-14,360.60,361.70,358.10,359.80,139172
28-Oct-14,356.50,361.20,356.50,357.30,134840
27-Oct-14,360.40,360.80,355.20,357.40,109657
24-Oct-14,362.80,362.80,353.60,358.40,74980
23-Oct-14,367.80,367.80,358.60,360.00,113276
22-Oct-14,354.00,371.00,350.30,368.20,220455
21-Oct-14,345.37,354.85,344.64,354.31,104473
20-Oct-14,344.00,346.10,338.30,345.70,97258
17-Oct-14,339.90,342.50,339.60,340.30,175814
16-Oct-14,337.62,342.15,337.40,341.38,312603
15-Oct-14,343.90,345.20,337.40,338.90,134856
14-Oct-14,337.60,342.40,337.10,341.70,131502
13-Oct-14,338.80,343.65,336.92,340.31,190214
10-Oct-14,336.10,343.90,336.10,342.90,137500
9-Oct-14,344.60,344.80,339.10,340.30,171685
8-Oct-14,341.10,342.00,337.40,340.10,169945
7-Oct-14,341.30,341.80,337.10,340.50,80821
6-Oct-14,341.30,345.70,339.30,342.50,80933
3-Oct-14,344.90,346.00,339.30,343.50,54437
2-Oct-14,350.00,350.00,339.20,342.00,124855
1-Oct-14,341.71,344.18,337.30,343.54,117529
30-Sep-14,350.20,350.20,340.30,344.30,125786
29-Sep-14,337.70,343.10,337.70,342.20,63498
26-Sep-14,336.80,342.00,336.80,340.30,129387
25-Sep-14,336.20,340.10,336.20,339.20,106132
24-Sep-14,343.40,343.40,336.30,337.40,65531
23-Sep-14,340.00,341.80,336.80,340.30,153226
22-Sep-14,346.02,347.73,341.28,341.38,82791
19-Sep-14,345.20,347.30,342.60,344.60,475269
18-Sep-14,344.94,348.68,339.98,341.28,191169
17-Sep-14,347.50,347.50,340.40,343.30,265563
16-Sep-14,340.50,345.30,339.10,344.60,187973
15-Sep-14,340.00,344.10,338.70,342.40,109440
12-Sep-14,336.20,349.80,336.20,344.60,163390
11-Sep-14,336.00,343.00,336.00,339.20,114396
10-Sep-14,336.00,339.00,336.00,338.00,141651
9-Sep-14,337.40,339.90,337.10,338.20,70701
8-Sep-14,340.30,340.30,336.00,338.90,75626
5-Sep-14,341.90,342.40,337.40,338.20,76152
4-Sep-14,346.60,346.60,340.30,341.90,56727
3-Sep-14,344.90,347.60,343.80,343.80,49722
2-Sep-14,344.60,346.00,340.30,342.70,36738
1-Sep-14,346.90,347.30,344.10,345.60,31728
29-Aug-14,342.00,350.10,339.30,347.50,121320
28-Aug-14,347.30,347.70,340.20,345.80,44892
27-Aug-14,352.80,352.80,342.20,345.90,85895
26-Aug-14,352.60,352.80,344.20,349.10,96299
22-Aug-14,347.63,352.54,343.00,351.51,67361
21-Aug-14,339.40,345.60,339.40,345.60,89524
20-Aug-14,344.60,345.40,338.50,341.40,186665
19-Aug-14,351.10,352.50,345.30,345.90,84585
18-Aug-14,351.30,351.30,342.10,348.50,33773
15-Aug-14,349.50,352.20,345.30,347.20,107684
14-Aug-14,348.60,353.40,346.10,350.00,96868
13-Aug-14,337.80,348.60,332.10,348.60,105285
12-Aug-14,338.50,340.30,335.90,340.30,44963
11-Aug-14,335.89,338.10,333.42,336.43,38467
8-Aug-14,328.35,337.08,324.39,336.22,67997
7-Aug-14,326.60,331.90,322.40,328.50,72123
6-Aug-14,326.30,330.40,326.30,329.50,84784
5-Aug-14,322.10,329.40,322.10,328.50,107365
4-Aug-14,322.80,325.00,319.60,323.10,87116
1-Aug-14,319.80,326.00,319.80,322.90,88470
31-Jul-14,330.90,330.90,316.40,322.50,73601
30-Jul-14,331.40,332.60,326.60,327.60,37306
29-Jul-14,325.40,331.50,325.40,329.20,45290
28-Jul-14,327.70,328.40,323.70,326.80,61327
25-Jul-14,329.20,330.60,326.00,327.50,40466
24-Jul-14,330.60,333.50,327.50,330.90,84466
23-Jul-14,329.80,331.60,327.90,330.30,107447
22-Jul-14,330.00,331.40,327.90,329.80,120583
21-Jul-14,330.70,331.60,325.00,330.60,112158
18-Jul-14,323.00,333.30,323.00,333.20,132748
17-Jul-14,327.50,330.10,323.70,326.30,105320
16-Jul-14,323.00,328.40,319.50,326.30,164912
15-Jul-14,329.10,332.10,323.20,324.70,185787
14-Jul-14,327.60,332.20,326.80,330.60,154363
11-Jul-14,320.50,329.30,320.50,325.30,159471
10-Jul-14,324.40,324.40,318.70,322.90,130982
9-Jul-14,329.80,329.80,320.40,323.20,99986
8-Jul-14,331.15,331.26,326.04,329.22,151211
7-Jul-14,338.20,338.20,326.60,329.60,103422
4-Jul-14,336.43,340.39,333.85,336.00,97676
3-Jul-14,335.60,337.70,333.30,336.00,127972
2-Jul-14,336.90,340.40,334.30,336.50,123649
1-Jul-14,346.40,349.70,342.60,343.00,109662
30-Jun-14,336.00,347.00,336.00,347.00,195313
27-Jun-14,338.20,338.50,334.10,336.60,88614
26-Jun-14,340.10,343.30,334.60,336.50,175541
25-Jun-14,342.50,342.50,335.00,341.70,85217
24-Jun-14,343.60,345.90,337.20,340.20,271350
23-Jun-14,349.10,350.50,341.40,345.60,106593
20-Jun-14,336.80,352.80,336.80,350.00,560782
19-Jun-14,339.30,345.40,336.10,339.80,226487
18-Jun-14,345.90,349.90,336.60,339.60,199785
17-Jun-14,347.00,350.50,343.80,345.30,301542
16-Jun-14,357.60,357.60,348.50,349.10,191944
13-Jun-14,363.70,363.70,350.80,354.60,128689
12-Jun-14,357.40,365.50,353.40,362.90,133882
11-Jun-14,368.00,368.00,351.30,355.00,160296
10-Jun-14,367.30,367.30,364.60,365.60,89208
9-Jun-14,368.40,368.40,362.70,364.60,135979
6-Jun-14,361.80,367.90,360.30,367.20,98374
5-Jun-14,366.20,366.20,359.50,362.10,163403
4-Jun-14,362.80,366.20,361.60,366.20,87926
3-Jun-14,365.80,365.90,362.30,362.40,164153
2-Jun-14,363.90,366.00,361.40,365.30,142057
30-May-14,366.40,367.90,363.20,363.80,233322
29-May-14,365.40,370.90,364.54,368.31,111815
28-May-14,365.10,370.40,365.10,366.90,94708
27-May-14,366.30,372.20,364.20,365.10,158876
23-May-14,364.54,373.10,364.54,366.48,166879
22-May-14,364.30,371.40,364.30,366.20,200439
21-May-14,367.10,368.20,360.70,366.20,449174
20-May-14,344.60,371.50,344.60,366.50,786858
19-May-14,350.86,351.68,340.20,341.49,217419
16-May-14,366.80,366.80,345.80,348.90,251360
15-May-14,369.20,371.30,361.40,364.40,163353
14-May-14,373.30,374.40,369.30,369.40,73174
13-May-14,374.70,379.30,373.40,374.60,43771
12-May-14,371.00,375.30,369.00,374.40,74039
9-May-14,376.90,378.40,369.20,371.80,150005
8-May-14,372.29,378.38,368.85,377.89,87510
7-May-14,368.10,373.90,365.70,372.90,98716
6-May-14,359.30,369.90,359.30,369.90,119945
2-May-14,361.60,365.70,356.90,359.90,93718
1-May-14,361.95,368.02,361.95,366.15,175965
30-Apr-14,363.10,367.40,361.70,363.80,163474
29-Apr-14,355.70,367.70,355.70,364.60,112248
28-Apr-14,356.35,365.29,355.59,357.86,195958
25-Apr-14,355.80,360.40,352.20,357.60,169034
24-Apr-14,356.70,362.50,355.30,357.80,97657
23-Apr-14,360.55,365.94,357.10,358.83,95347
22-Apr-14,364.00,369.29,360.88,361.52,143021
17-Apr-14,353.70,366.20,353.70,364.30,145191
16-Apr-14,341.92,359.54,340.85,354.74,306111
15-Apr-14,337.40,345.30,337.40,341.10,131748
14-Apr-14,338.20,343.10,337.50,339.70,178423
11-Apr-14,337.10,343.00,336.00,340.30,239358
10-Apr-14,338.30,346.70,338.30,340.30,242404
9-Apr-14,342.80,345.60,339.80,341.60,192497
8-Apr-14,341.20,342.10,335.00,339.60,222123
7-Apr-14,336.54,347.09,335.71,340.31,184992
4-Apr-14,337.00,343.50,337.00,338.90,192961
3-Apr-14,330.70,343.90,330.70,338.90,153448
2-Apr-14,339.40,343.60,331.40,334.10,271042
1-Apr-14,339.20,344.30,338.00,340.10,349026
31-Mar-14,338.40,346.40,338.40,339.20,170426
28-Mar-14,337.60,342.50,337.30,339.00,93259
27-Mar-14,334.90,343.20,334.90,338.70,157659
26-Mar-14,324.60,345.60,324.60,339.40,260833
25-Mar-14,328.20,337.10,328.20,331.90,156519
24-Mar-14,328.20,334.70,328.20,329.20,167129
21-Mar-14,327.10,339.20,325.80,329.90,368858
20-Mar-14,329.90,333.00,327.40,328.40,146069
19-Mar-14,334.00,341.70,333.00,333.10,114016
18-Mar-14,334.10,341.80,332.90,338.20,161707
17-Mar-14,329.80,339.60,329.80,336.40,118164
14-Mar-14,333.20,337.90,329.90,331.50,180509
13-Mar-14,337.90,341.00,333.20,336.30,459674
12-Mar-14,340.70,348.50,338.60,338.60,189129
11-Mar-14,344.50,350.30,342.10,342.70,161357
10-Mar-14,348.30,353.60,341.40,341.80,156887
7-Mar-14,355.50,362.60,347.20,348.10,162128
6-Mar-14,363.50,366.70,356.80,356.80,61549
5-Mar-14,364.60,370.90,364.20,364.80,124182
4-Mar-14,357.30,370.00,357.30,369.30,152422
3-Mar-14,348.20,359.70,340.40,357.50,337571
28-Feb-14,352.50,356.80,346.60,355.30,302614
27-Feb-14,357.40,361.20,352.30,358.70,128163
26-Feb-14,362.60,363.20,351.50,361.00,207902
25-Feb-14,370.60,372.50,361.80,361.80,351413
24-Feb-14,364.80,379.30,364.80,372.20,120911
21-Feb-14,365.90,372.90,364.20,370.00,339735
20-Feb-14,368.40,372.70,364.10,366.90,156594
19-Feb-14,362.90,376.60,362.90,372.30,94674
18-Feb-14,351.00,368.80,351.00,368.60,130281
17-Feb-14,352.40,361.50,352.40,355.40,113434
14-Feb-14,354.80,360.40,354.70,354.70,103271
13-Feb-14,352.60,365.60,352.60,360.00,119654
12-Feb-14,360.20,371.50,358.60,360.00,140356
11-Feb-14,347.60,367.10,347.60,365.90,147164
10-Feb-14,351.00,360.40,347.80,354.50,333662
7-Feb-14,345.00,354.70,344.80,352.70,146975
6-Feb-14,343.40,352.20,343.40,346.30,116633
5-Feb-14,331.70,353.00,330.40,346.80,325188
4-Feb-14,336.40,343.20,317.70,330.60,277180
3-Feb-14,350.60,355.30,341.30,342.00,191967
31-Jan-14,356.20,356.50,343.90,352.80,183644
30-Jan-14,330.90,355.80,330.90,352.20,386380
29-Jan-14,316.20,343.90,316.20,335.10,219098
28-Jan-14,311.70,323.50,308.40,322.00,92163
27-Jan-14,305.60,327.90,303.70,314.70,123220
24-Jan-14,315.20,318.80,304.90,307.50,81387
23-Jan-14,321.10,325.70,318.30,319.20,41656
22-Jan-14,328.80,329.60,324.70,325.00,70326
21-Jan-14,316.80,330.60,316.80,327.70,117275
20-Jan-14,315.50,321.10,315.50,320.80,51010
17-Jan-14,312.20,320.40,310.80,314.70,114196
16-Jan-14,328.00,331.00,313.10,313.10,118645
15-Jan-14,325.40,333.80,325.40,329.50,229719
14-Jan-14,323.10,328.20,317.70,326.20,285819
13-Jan-14,303.70,317.40,297.70,316.90,282131
10-Jan-14,285.90,306.10,285.90,304.20,345508
9-Jan-14,278.20,282.40,276.70,278.90,48917
8-Jan-14,281.20,281.20,277.20,279.80,45769
7-Jan-14,282.40,284.20,278.40,282.00,65535
6-Jan-14,287.00,289.40,280.80,283.20,124624
3-Jan-14,287.50,292.00,284.40,286.00,65750
2-Jan-14,298.00,298.80,287.80,288.30,58429
31-Dec-13,294.60,301.30,290.70,296.50,78405
30-Dec-13,285.30,297.60,285.30,297.20,69239
27-Dec-13,295.90,297.00,285.40,289.60,44284
24-Dec-13,284.70,295.50,284.70,292.80,27003
23-Dec-13,289.30,289.80,285.60,286.10,70616
20-Dec-13,291.20,297.00,289.30,289.30,257987
19-Dec-13,283.40,292.60,281.30,292.60,177850
18-Dec-13,283.70,284.20,277.80,278.90,131229
17-Dec-13,281.70,286.50,281.70,283.80,146084
16-Dec-13,272.10,283.20,272.10,281.40,91645
13-Dec-13,275.90,279.40,274.60,278.90,30705
12-Dec-13,280.80,280.80,275.70,276.70,79135
11-Dec-13,280.60,284.20,277.80,279.10,88902
10-Dec-13,277.10,288.60,277.10,283.10,109560
9-Dec-13,287.20,287.20,278.70,278.80,121260
6-Dec-13,285.60,285.60,275.70,282.20,96498
5-Dec-13,273.00,289.80,273.00,279.10,242010
4-Dec-13,280.80,282.20,277.20,279.90,75696
3-Dec-13,278.70,285.10,275.70,285.10,165110
2-Dec-13,277.60,280.40,274.60,279.70,182514
29-Nov-13,277.30,278.60,276.30,276.30,135136
28-Nov-13,276.90,280.10,275.40,278.30,44745
27-Nov-13,280.00,280.00,273.60,275.80,106746
26-Nov-13,264.70,281.10,264.70,279.20,244380
25-Nov-13,261.90,265.70,258.00,265.70,138704
22-Nov-13,257.20,259.50,254.40,258.50,84457
21-Nov-13,259.00,259.30,254.20,257.70,181512
20-Nov-13,257.30,262.20,255.90,259.00,119280
19-Nov-13,269.60,269.60,257.10,258.70,168979
18-Nov-13,270.50,270.50,261.70,262.90,168347
15-Nov-13,270.60,274.80,269.20,271.30,139554
14-Nov-13,267.50,276.00,267.50,271.30,180319
13-Nov-13,263.40,271.80,261.90,269.20,420124
12-Nov-13,260.50,266.90,257.30,264.50,188751
11-Nov-13,257.50,261.00,257.50,260.10,129698
8-Nov-13,257.40,258.50,248.40,257.30,134066
7-Nov-13,251.20,257.90,250.30,251.60,124182
6-Nov-13,255.20,259.90,251.60,251.60,152325
5-Nov-13,257.50,258.20,251.80,254.60,79041
4-Nov-13,258.50,262.00,256.50,257.50,130040
1-Nov-13,252.20,256.50,252.20,256.30,142358
31-Oct-13,252.60,253.50,244.40,252.40,265061
30-Oct-13,251.60,253.20,249.70,252.50,143429
29-Oct-13,249.80,252.10,248.70,251.50,385869
28-Oct-13,252.10,252.10,249.30,249.80,220815
25-Oct-13,255.10,255.30,250.90,250.90,337958
24-Oct-13,253.50,258.70,253.50,256.30,209956
23-Oct-13,258.50,260.40,252.30,253.30,157623
22-Oct-13,258.90,261.60,258.90,259.50,580143
21-Oct-13,252.60,260.80,252.40,259.20,202589
18-Oct-13,246.00,253.00,243.00,253.00,371000
17-Oct-13,246.00,248.10,242.30,246.30,544077
16-Oct-13,260.50,260.90,243.70,247.30,403823
15-Oct-13,275.20,275.20,260.20,261.30,237862
14-Oct-13,272.00,274.30,270.40,273.50,71021
11-Oct-13,270.10,273.60,268.60,272.10,164886
10-Oct-13,263.70,270.40,261.30,269.80,119986
9-Oct-13,269.10,269.10,261.60,262.90,230415
8-Oct-13,277.10,277.50,267.90,268.60,191175
7-Oct-13,275.80,277.00,271.80,276.70,70241
4-Oct-13,277.20,277.20,274.00,275.80,65755
3-Oct-13,278.00,281.60,275.70,276.30,125638
2-Oct-13,279.57,279.57,276.12,277.21,103111
1-Oct-13,277.70,279.80,273.80,279.80,105038
30-Sep-13,271.80,281.20,267.10,276.80,366210
27-Sep-13,278.50,280.90,275.70,277.80,316924
26-Sep-13,277.10,279.50,276.10,278.90,68126
25-Sep-13,279.50,279.50,273.80,277.40,199726
24-Sep-13,279.00,280.90,277.40,279.40,136508
20-Sep-13,284.30,284.30,277.60,283.90,473107
19-Sep-13,284.60,286.10,281.20,284.00,196750
18-Sep-13,281.10,283.20,278.20,281.10,127146
17-Sep-13,286.50,287.50,277.50,280.20,190114
16-Sep-13,288.40,289.80,286.70,287.30,75278
13-Sep-13,286.40,286.40,284.80,286.10,29048
12-Sep-13,284.80,287.80,282.40,285.60,67031
11-Sep-13,285.50,290.00,284.00,285.40,224012
10-Sep-13,285.80,288.20,284.60,285.20,208234
9-Sep-13,279.20,286.50,278.50,284.20,222993
6-Sep-13,267.20,280.10,265.90,278.80,293388
5-Sep-13,265.60,268.30,264.30,266.90,110412
4-Sep-13,265.50,266.10,261.20,265.40,116193
3-Sep-13,264.30,268.20,264.30,265.60,186828
2-Sep-13,260.50,265.40,260.50,264.60,125513
30-Aug-13,261.90,263.10,253.40,260.50,319689
29-Aug-13,261.20,263.00,257.90,261.50,187003
28-Aug-13,267.10,267.10,260.10,261.20,165864
27-Aug-13,268.50,269.60,266.90,267.50,272990
23-Aug-13,263.85,271.71,263.09,267.59,325213
22-Aug-13,263.00,266.10,262.10,262.80,133654
21-Aug-13,261.20,266.80,260.60,263.80,215751
20-Aug-13,259.90,261.80,255.10,260.60,228741
19-Aug-13,263.50,263.80,260.70,262.40,153472
16-Aug-13,261.80,264.20,259.60,260.50,192509
15-Aug-13,263.10,264.80,258.60,258.90,214636
14-Aug-13,269.40,270.80,262.90,262.90,429177
13-Aug-13,268.20,271.10,267.10,268.70,583134
12-Aug-13,273.50,273.60,265.00,268.40,483939
9-Aug-13,272.70,274.30,270.70,273.20,246494
8-Aug-13,270.50,274.80,270.00,272.50,542325
7-Aug-13,281.50,282.40,270.40,270.50,262039
6-Aug-13,286.60,287.50,274.10,282.80,311874
5-Aug-13,290.90,294.20,285.90,285.90,147451
2-Aug-13,292.90,294.80,289.60,291.10,97751
1-Aug-13,284.40,293.40,284.40,291.70,119133
31-Jul-13,283.20,291.40,280.30,285.60,257694
30-Jul-13,287.50,290.90,279.00,284.20,286086
29-Jul-13,287.50,299.20,283.30,286.80,401928
26-Jul-13,297.20,304.00,273.80,286.50,692267
25-Jul-13,306.40,306.40,295.90,296.20,151940
24-Jul-13,313.80,316.80,306.00,306.30,172863
23-Jul-13,314.80,317.50,309.20,314.50,206554
22-Jul-13,314.70,319.10,312.50,313.40,147038
19-Jul-13,314.20,316.60,310.40,314.10,88693
18-Jul-13,310.50,316.60,310.50,313.70,202232
17-Jul-13,312.10,317.50,311.00,313.30,165468
16-Jul-13,313.60,317.00,310.20,313.90,121492
15-Jul-13,317.20,317.90,306.90,314.20,187521
12-Jul-13,310.40,314.90,307.00,311.90,124958
11-Jul-13,317.60,320.60,310.90,310.90,140821
10-Jul-13,315.10,317.70,307.40,314.70,158415
9-Jul-13,308.60,317.70,308.60,316.20,255832
8-Jul-13,300.80,312.10,300.80,310.50,240263
5-Jul-13,303.70,306.70,299.60,303.30,149579
4-Jul-13,292.20,305.40,292.20,302.80,188766
3-Jul-13,297.40,299.60,288.90,296.30,360695
2-Jul-13,306.80,310.30,301.00,307.60,303968
1-Jul-13,302.20,308.20,298.80,306.60,212616
28-Jun-13,298.60,304.10,283.00,301.50,535542
27-Jun-13,300.10,305.50,291.60,303.00,518503
26-Jun-13,294.00,309.60,294.00,299.90,335717
25-Jun-13,299.60,300.10,293.10,295.50,253843
24-Jun-13,299.10,300.60,291.60,298.40,230625
21-Jun-13,305.40,310.60,299.00,299.00,602597
20-Jun-13,302.62,307.68,299.92,303.48,236770
19-Jun-13,310.15,311.97,304.45,306.49,278670
18-Jun-13,304.23,313.06,302.01,312.74,386561
17-Jun-13,297.40,308.30,296.30,305.60,464209
14-Jun-13,294.20,304.60,294.20,298.20,363529
13-Jun-13,292.50,297.70,288.00,290.60,327782
12-Jun-13,300.90,308.00,295.70,296.70,402100
11-Jun-13,300.70,304.40,296.40,303.60,465629
10-Jun-13,292.70,303.60,289.40,302.40,244560
7-Jun-13,291.42,296.69,283.41,295.08,198894
6-Jun-13,265.50,300.50,265.50,286.00,697570
5-Jun-13,281.40,309.10,259.30,264.50,794825
4-Jun-13,287.20,289.30,282.90,283.20,261209
3-Jun-13,283.02,290.77,282.78,286.46,116098
31-May-13,282.91,288.62,282.91,284.98,242051
30-May-13,284.20,290.10,280.30,285.90,193942
29-May-13,282.58,291.45,279.89,285.38,435443
28-May-13,274.90,287.50,274.50,284.40,391036
24-May-13,277.10,283.00,270.10,274.60,338131
23-May-13,269.23,277.92,267.08,275.69,434802
22-May-13,269.20,285.70,264.50,275.90,551354
21-May-13,240.00,278.30,239.80,269.40,872733
20-May-13,238.43,249.70,238.43,244.46,181890
17-May-13,238.00,245.30,233.90,243.80,107374
16-May-13,228.20,237.50,228.20,236.90,85192
15-May-13,231.10,235.30,228.60,232.90,69241
14-May-13,229.50,233.20,227.70,231.50,74860
13-May-13,230.46,233.83,228.63,229.82,130354
10-May-13,228.80,231.90,226.60,231.20,122950
9-May-13,231.20,232.10,227.90,230.80,102693
8-May-13,228.80,230.60,225.90,230.10,96932
7-May-13,221.70,229.30,221.70,225.90,290827
3-May-13,221.70,225.50,219.80,224.90,123843
2-May-13,229.00,230.90,220.20,222.10,176817
1-May-13,223.60,232.70,223.60,232.70,90479
30-Apr-13,221.00,226.70,221.00,225.50,187955
29-Apr-13,219.20,222.80,218.60,222.70,73741
26-Apr-13,220.77,220.80,214.95,219.37,112153
25-Apr-13,215.50,223.40,215.50,222.10,151430
24-Apr-13,209.70,219.00,207.80,217.20,254410
23-Apr-13,206.90,211.50,205.70,211.00,293404
22-Apr-13,206.80,209.80,205.80,207.40,120117
19-Apr-13,210.20,212.40,206.40,206.70,218394
18-Apr-13,210.30,212.20,208.60,210.10,176284
17-Apr-13,213.23,213.62,209.25,209.46,226423
16-Apr-13,211.00,212.80,210.20,211.10,217359
15-Apr-13,215.71,215.80,211.62,212.91,289235
12-Apr-13,215.40,217.60,214.30,216.50,319868
11-Apr-13,210.00,216.00,210.00,215.00,234104
10-Apr-13,206.02,214.64,206.02,214.42,207624
9-Apr-13,206.60,211.50,206.60,210.30,312970
8-Apr-13,201.49,211.40,200.65,206.98,333282
5-Apr-13,209.00,212.40,199.10,199.90,315984
4-Apr-13,213.02,214.80,208.28,212.26,220640
3-Apr-13,215.30,216.50,211.90,213.00,205572
2-Apr-13,215.00,218.10,213.60,216.40,258997
28-Mar-13,212.90,217.30,211.00,215.90,378786
27-Mar-13,221.10,221.80,216.70,217.00,225237
26-Mar-13,220.40,223.90,218.40,221.30,283909
25-Mar-13,226.69,234.17,219.80,220.98,531652
22-Mar-13,204.60,229.60,202.50,227.70,1602496
21-Mar-13,242.50,243.60,239.30,240.20,287592
20-Mar-13,247.30,247.80,243.90,244.50,226645
19-Mar-13,245.30,249.50,244.70,245.90,347079
18-Mar-13,244.00,248.40,240.80,245.20,432185
15-Mar-13,243.38,257.49,242.08,244.35,2119978
14-Mar-13,250.71,252.95,238.11,240.48,347291
13-Mar-13,249.63,253.72,245.16,251.25,304001
12-Mar-13,252.75,258.46,247.86,250.38,434933
11-Mar-13,262.34,262.83,248.98,253.08,193607
8-Mar-13,263.20,263.50,260.60,262.80,211452
7-Mar-13,261.90,263.40,260.10,261.70,141646
6-Mar-13,260.30,265.20,259.20,260.60,206552
5-Mar-13,259.75,262.24,257.92,259.54,181261
4-Mar-13,255.30,258.40,254.00,257.70,227522
1-Mar-13,254.20,261.60,253.70,257.40,296638
28-Feb-13,255.00,257.20,251.90,254.70,218107
27-Feb-13,254.90,258.40,253.10,256.10,512764
26-Feb-13,261.60,264.10,257.00,260.30,215284
25-Feb-13,261.20,267.40,261.20,267.10,222962
22-Feb-13,258.80,265.00,258.80,263.60,238524
21-Feb-13,258.20,259.40,254.50,259.00,226692
20-Feb-13,258.00,259.80,255.80,258.70,149208
19-Feb-13,254.60,259.90,252.20,257.90,126642
18-Feb-13,257.20,259.30,249.60,250.50,116386
15-Feb-13,257.20,260.40,256.70,260.10,177368
14-Feb-13,257.00,258.00,254.20,257.40,185220
13-Feb-13,256.85,260.52,253.98,256.74,203180
12-Feb-13,258.80,260.80,257.80,260.80,94054
11-Feb-13,256.09,259.54,255.80,259.11,113370
8-Feb-13,257.50,260.90,255.70,255.80,156013
7-Feb-13,252.10,261.30,251.60,258.50,339083
6-Feb-13,255.00,266.30,250.60,252.00,578802
5-Feb-13,252.90,261.50,252.00,254.30,142907
4-Feb-13,253.30,258.20,252.30,253.70,104928
1-Feb-13,251.03,259.86,249.88,254.15,229964
31-Jan-13,250.10,252.80,248.40,249.80,359844
30-Jan-13,254.05,256.52,248.03,252.65,303834
29-Jan-13,257.60,258.19,251.57,255.77,102114
28-Jan-13,261.48,263.48,256.52,258.46,405726
25-Jan-13,261.50,264.40,260.40,262.80,184949
24-Jan-13,258.40,263.80,258.40,261.80,238446
23-Jan-13,260.70,261.60,258.50,258.50,190938
22-Jan-13,263.70,263.80,260.60,261.70,53194
21-Jan-13,259.80,264.80,259.80,264.30,80594
18-Jan-13,267.90,267.90,258.00,263.00,198574
17-Jan-13,259.43,266.24,259.11,266.22,136888
16-Jan-13,260.80,263.00,258.80,258.80,197226
15-Jan-13,260.70,264.90,260.00,260.80,286610
14-Jan-13,264.50,264.90,260.00,261.70,187326
11-Jan-13,264.38,267.62,262.76,263.85,140686
10-Jan-13,266.90,268.60,263.80,263.80,313616
9-Jan-13,266.50,269.90,266.50,266.50,208821
8-Jan-13,264.70,267.90,263.20,266.00,189140
7-Jan-13,263.50,269.90,262.80,264.90,253996
4-Jan-13,262.60,267.40,258.50,264.60,200456
3-Jan-13,259.00,266.60,259.00,264.30,282361
2-Jan-13,255.66,265.46,255.64,259.86,277596
