31-Dec-15,527.50,527.50,524.00,526.50,482230
30-Dec-15,525.00,528.50,524.00,527.00,506112
29-Dec-15,521.50,526.00,510.00,526.00,608533
24-Dec-15,520.00,520.00,515.50,518.00,141111
23-Dec-15,519.50,521.00,514.00,517.50,560575
22-Dec-15,522.50,524.00,512.00,515.50,876142
21-Dec-15,519.00,527.05,517.22,519.00,461889
18-Dec-15,520.50,526.00,520.00,521.00,1133231
16-Dec-15,523.00,525.00,516.00,518.50,1175831
15-Dec-15,519.00,525.50,495.00,520.00,1433452
14-Dec-15,517.50,521.50,515.50,517.50,463284
11-Dec-15,518.50,521.00,515.50,519.00,673085
10-Dec-15,518.00,520.00,515.10,517.00,702932
9-Dec-15,527.00,527.50,521.00,521.50,707292
8-Dec-15,529.50,531.00,525.55,527.50,981456
7-Dec-15,527.50,533.50,525.38,531.00,671750
4-Dec-15,523.50,527.50,520.50,527.00,590896
3-Dec-15,532.00,538.50,525.50,526.00,1022993
2-Dec-15,526.00,533.75,523.50,530.50,1041423
1-Dec-15,523.50,527.50,520.00,527.00,855946
30-Nov-15,508.50,520.00,507.00,520.00,1231594
27-Nov-15,503.00,510.00,500.56,509.00,660485
26-Nov-15,503.00,507.00,502.00,504.00,353481
25-Nov-15,497.30,505.00,495.30,503.50,463753
24-Nov-15,505.00,505.00,493.40,496.80,914799
23-Nov-15,502.50,505.00,500.50,502.00,493267
20-Nov-15,506.00,507.00,501.50,503.00,993081
19-Nov-15,508.00,508.00,500.50,503.00,785646
18-Nov-15,504.00,504.00,499.10,503.00,858704
17-Nov-15,503.00,507.50,502.92,506.50,945469
16-Nov-15,498.40,500.50,493.00,500.00,912229
13-Nov-15,498.80,500.50,495.60,499.10,893323
12-Nov-15,501.50,505.00,497.40,498.70,1140594
11-Nov-15,496.70,504.50,496.70,500.00,1079077
10-Nov-15,500.00,503.00,494.80,502.00,1687328
9-Nov-15,496.10,499.10,492.50,497.00,1531373
6-Nov-15,494.50,507.50,492.20,495.00,1755303
5-Nov-15,470.00,499.00,470.00,491.30,2668082
4-Nov-15,469.10,470.10,457.60,458.80,1234138
3-Nov-15,464.00,468.20,462.88,467.20,1117488
2-Nov-15,460.10,465.20,460.10,464.80,701493
30-Oct-15,459.00,464.30,458.30,463.60,1067361
29-Oct-15,455.60,458.30,453.00,457.80,586792
28-Oct-15,455.90,458.28,454.10,456.60,968800
27-Oct-15,456.60,456.60,452.80,454.30,1165700
26-Oct-15,455.10,456.10,452.00,454.90,829730
23-Oct-15,448.00,453.90,446.90,453.90,1260067
22-Oct-15,460.40,466.00,443.40,444.50,2084431
21-Oct-15,468.40,470.30,464.20,470.10,815198
20-Oct-15,468.30,468.30,464.50,466.00,1012608
19-Oct-15,466.40,468.10,462.00,466.90,669281
16-Oct-15,466.00,467.50,462.80,465.70,1249925
15-Oct-15,461.50,465.20,457.20,463.00,964845
14-Oct-15,465.50,466.25,458.40,458.90,700180
13-Oct-15,469.00,470.90,463.50,466.60,974286
12-Oct-15,472.30,473.10,463.60,468.00,1156422
9-Oct-15,481.80,484.00,471.60,471.80,949863
8-Oct-15,477.20,480.00,475.00,479.40,841557
7-Oct-15,488.70,493.55,476.80,478.40,1062239
6-Oct-15,490.50,491.00,487.70,488.40,894560
5-Oct-15,494.80,495.00,490.30,492.10,701071
2-Oct-15,490.60,492.90,483.00,488.50,638124
1-Oct-15,490.10,494.20,487.50,489.30,845441
30-Sep-15,484.20,487.10,477.70,486.50,1182194
29-Sep-15,481.00,484.40,475.40,476.00,1311423
28-Sep-15,489.00,490.10,484.10,484.90,905749
25-Sep-15,483.60,490.82,482.40,490.10,1191597
24-Sep-15,478.80,487.60,477.90,478.00,1126717
23-Sep-15,468.10,480.00,466.60,478.50,941879
22-Sep-15,478.50,481.10,467.20,468.30,979513
21-Sep-15,475.90,484.00,473.00,479.70,1295838
18-Sep-15,482.10,484.70,474.90,474.90,7518666
17-Sep-15,483.80,486.70,481.90,484.00,1140574
16-Sep-15,486.50,488.00,481.00,483.80,966491
15-Sep-15,489.50,490.00,482.80,484.00,1191486
14-Sep-15,485.80,490.50,485.03,488.50,1221200
11-Sep-15,487.70,489.30,482.30,486.10,836311
10-Sep-15,480.40,489.40,478.10,487.70,837942
9-Sep-15,492.50,492.50,482.20,483.20,1346978
8-Sep-15,486.90,490.00,481.90,483.70,874570
7-Sep-15,488.40,488.40,481.40,483.60,530606
4-Sep-15,487.30,488.90,479.50,484.50,915811
3-Sep-15,487.90,494.20,484.20,489.90,1370637
2-Sep-15,478.90,486.60,476.60,484.70,1664566
1-Sep-15,474.20,479.40,471.50,477.10,1534261
28-Aug-15,482.70,484.80,475.10,481.60,1562370
27-Aug-15,478.20,483.90,474.30,482.00,1571698
26-Aug-15,470.00,478.30,465.22,470.50,1164293
25-Aug-15,464.10,477.30,461.50,475.80,2241620
24-Aug-15,457.20,459.50,446.70,457.30,2503766
21-Aug-15,471.90,475.10,466.90,467.20,1593320
20-Aug-15,481.40,484.50,475.60,477.10,1008040
19-Aug-15,488.40,488.49,480.40,483.20,1227091
18-Aug-15,496.00,497.60,488.30,489.20,956202
17-Aug-15,498.30,498.50,489.60,495.00,773634
14-Aug-15,489.80,497.40,489.80,495.00,865415
13-Aug-15,494.40,497.00,488.10,490.60,1504597
12-Aug-15,489.00,491.58,484.80,488.70,1346295
11-Aug-15,490.00,497.00,490.00,494.90,1570572
10-Aug-15,497.40,497.40,490.50,494.80,1074509
7-Aug-15,491.00,495.80,487.20,493.20,1663463
6-Aug-15,490.60,493.60,485.00,490.90,1031159
5-Aug-15,493.60,497.00,490.70,494.00,1180421
4-Aug-15,500.50,501.50,489.30,494.30,1804612
3-Aug-15,494.20,502.00,493.40,498.80,2097445
31-Jul-15,480.50,495.80,477.69,495.60,2804083
30-Jul-15,481.40,485.40,473.40,478.10,2181807
29-Jul-15,477.00,480.50,470.25,479.10,2353776
28-Jul-15,476.80,479.70,471.80,473.00,2046035
27-Jul-15,479.60,484.00,472.50,473.70,1818470
24-Jul-15,477.80,490.00,467.20,485.60,3207023
23-Jul-15,520.00,526.88,474.73,474.80,3899358
22-Jul-15,511.00,525.25,511.00,518.00,952688
21-Jul-15,525.00,526.00,515.00,517.00,675226
20-Jul-15,522.00,530.50,520.74,525.50,617379
17-Jul-15,523.50,523.88,517.50,521.50,934190
16-Jul-15,523.50,525.00,519.00,524.00,962226
15-Jul-15,520.50,524.50,517.50,520.50,1977492
14-Jul-15,520.00,522.00,513.00,521.00,712411
13-Jul-15,516.00,523.58,516.00,520.00,847435
10-Jul-15,509.50,516.00,508.50,514.00,913116
9-Jul-15,499.10,508.50,497.60,504.50,1075695
8-Jul-15,506.50,507.00,492.47,494.80,1705708
7-Jul-15,510.50,510.50,503.00,503.00,935769
6-Jul-15,508.50,513.00,504.45,506.50,861138
3-Jul-15,513.50,517.00,512.00,513.00,684216
2-Jul-15,517.50,521.00,510.00,513.50,1221847
1-Jul-15,520.00,524.00,517.50,519.00,1052744
30-Jun-15,513.00,522.50,513.00,517.50,1052475
29-Jun-15,514.50,524.50,511.54,517.00,957135
26-Jun-15,527.00,529.50,525.00,528.50,915604
25-Jun-15,527.50,532.00,525.00,530.00,810147
24-Jun-15,528.00,530.00,524.00,526.67,699950
23-Jun-15,525.50,529.00,525.00,527.00,707306
22-Jun-15,525.00,526.00,522.00,526.00,934450
19-Jun-15,522.00,525.50,517.00,519.50,1241578
18-Jun-15,513.00,520.50,510.50,519.50,1108436
17-Jun-15,517.00,520.50,512.50,515.50,712175
16-Jun-15,512.00,517.00,503.72,516.00,864176
15-Jun-15,515.00,517.50,511.00,511.50,524592
12-Jun-15,520.50,524.50,517.00,518.50,936319
11-Jun-15,516.50,525.50,514.00,524.00,995435
10-Jun-15,510.00,515.50,506.50,515.50,1039723
9-Jun-15,506.50,513.00,505.22,508.01,652723
8-Jun-15,504.50,512.50,504.50,510.00,732424
5-Jun-15,513.50,515.20,504.00,506.50,810801
4-Jun-15,516.00,519.00,511.42,517.00,743866
3-Jun-15,519.50,522.50,515.50,516.00,981996
2-Jun-15,520.00,522.50,512.00,517.50,1124902
1-Jun-15,514.00,519.50,511.00,516.50,1270968
29-May-15,513.50,514.50,508.00,511.00,1785161
28-May-15,511.00,515.00,509.00,512.50,672049
27-May-15,504.00,513.00,503.00,511.50,833979
26-May-15,496.80,510.87,496.80,503.50,918216
22-May-15,506.50,512.69,505.50,508.00,1200102
21-May-15,498.00,504.00,491.88,500.50,1073548
20-May-15,508.00,509.21,502.00,505.50,741069
19-May-15,502.00,508.88,499.63,506.00,836869
18-May-15,501.50,505.00,498.54,501.56,943243
15-May-15,499.70,503.50,494.99,499.70,834062
14-May-15,492.30,498.10,488.30,496.00,1349236
13-May-15,483.90,495.98,481.90,491.40,1713592
12-May-15,479.10,481.60,474.80,479.80,1221271
11-May-15,488.60,493.30,480.40,484.00,1418459
8-May-15,480.00,495.60,478.49,491.40,2808953
7-May-15,463.50,469.91,455.60,469.30,2892350
6-May-15,456.00,465.90,454.44,464.80,1976593
5-May-15,473.50,473.50,456.00,456.00,2239815
1-May-15,465.00,472.78,460.50,470.50,538156
30-Apr-15,465.80,474.30,456.50,466.20,2029139
29-Apr-15,468.50,473.90,464.20,465.10,1251805
28-Apr-15,476.40,476.40,465.50,470.20,1467132
27-Apr-15,467.00,478.50,464.00,476.00,1941359
24-Apr-15,466.10,473.20,465.30,467.20,1506834
23-Apr-15,456.10,464.00,454.80,464.00,1268481
22-Apr-15,462.60,466.20,452.00,457.20,1421867
21-Apr-15,459.70,467.80,459.70,461.00,1385135
20-Apr-15,463.30,468.10,457.70,460.10,1025640
17-Apr-15,469.00,471.00,462.90,463.30,1026604
16-Apr-15,468.80,471.00,464.63,467.80,1696026
15-Apr-15,467.90,472.90,467.90,470.20,1403270
14-Apr-15,470.80,471.60,468.00,469.80,617520
13-Apr-15,472.70,474.00,462.67,470.50,1017600
10-Apr-15,470.00,474.10,468.10,472.70,1239829
9-Apr-15,467.40,469.60,462.70,469.50,772618
8-Apr-15,460.00,464.40,456.70,464.00,1397114
7-Apr-15,457.30,459.40,453.90,459.40,892413
2-Apr-15,450.20,454.10,447.90,452.40,699373
1-Apr-15,443.50,452.00,440.00,448.70,1755248
31-Mar-15,450.00,455.70,443.10,443.60,1575304
30-Mar-15,439.90,450.40,439.20,442.13,1758695
27-Mar-15,451.80,452.20,437.80,439.10,2944325
26-Mar-15,461.00,461.70,448.10,450.50,1334868
25-Mar-15,463.90,466.73,460.70,462.50,935948
24-Mar-15,459.70,469.90,459.20,465.80,1050145
23-Mar-15,463.90,463.90,456.00,461.90,1099348
20-Mar-15,470.60,472.66,462.00,462.50,1441676
19-Mar-15,467.10,472.40,462.60,468.70,1334578
18-Mar-15,456.90,466.80,455.90,465.30,1239402
17-Mar-15,458.10,459.80,453.50,455.00,1310954
16-Mar-15,458.10,462.30,453.80,455.90,1116523
13-Mar-15,459.00,464.80,458.40,461.20,1178079
12-Mar-15,459.80,462.20,455.20,456.60,758069
11-Mar-15,457.10,458.90,449.50,457.50,1037081
10-Mar-15,457.00,464.30,453.40,454.10,824146
9-Mar-15,461.50,463.60,458.80,459.90,1000582
6-Mar-15,463.80,469.10,463.80,464.50,879790
5-Mar-15,465.60,468.70,462.90,466.79,2512350
4-Mar-15,457.00,462.80,456.70,462.30,1537363
3-Mar-15,461.30,466.20,458.10,458.30,1682762
2-Mar-15,463.80,469.90,458.00,460.00,1821569
27-Feb-15,455.80,464.10,455.10,463.90,2447985
26-Feb-15,455.00,460.50,445.00,455.00,3035556
25-Feb-15,439.00,439.90,435.40,438.60,1719755
24-Feb-15,438.00,438.80,428.20,438.30,1193515
23-Feb-15,437.60,439.60,434.70,436.70,817813
20-Feb-15,434.80,437.20,429.90,437.00,840842
19-Feb-15,435.00,436.50,429.70,433.90,2371074
18-Feb-15,432.60,440.00,432.60,436.70,1042439
17-Feb-15,430.10,435.99,427.20,429.60,975040
16-Feb-15,431.80,432.70,426.00,428.40,636553
13-Feb-15,431.50,432.30,425.90,430.70,1426383
12-Feb-15,418.20,428.80,417.60,428.00,1051192
11-Feb-15,417.10,419.70,413.60,418.00,784930
10-Feb-15,409.90,417.50,409.60,416.10,1226631
9-Feb-15,417.70,418.04,407.60,411.20,746125
6-Feb-15,416.70,420.80,410.10,418.80,694321
5-Feb-15,424.40,425.20,417.70,419.30,772463
4-Feb-15,416.70,425.60,413.50,425.10,1050665
3-Feb-15,414.60,420.80,407.90,414.90,1451004
2-Feb-15,424.60,427.67,409.20,414.30,1523033
30-Jan-15,433.60,440.00,422.70,424.90,1397622
29-Jan-15,424.30,432.00,420.29,429.80,977992
28-Jan-15,431.50,431.50,421.00,425.00,669285
27-Jan-15,429.00,433.30,425.30,427.00,922358
26-Jan-15,423.50,435.10,420.00,429.10,1017253
23-Jan-15,422.40,430.90,421.40,423.30,1404873
22-Jan-15,421.50,422.90,416.20,421.60,700360
21-Jan-15,417.00,420.80,416.40,420.00,585804
20-Jan-15,412.30,420.40,410.00,419.40,1195346
19-Jan-15,408.80,411.20,406.80,410.10,999542
16-Jan-15,408.20,408.20,397.90,407.10,721262
15-Jan-15,410.50,412.40,398.50,408.90,903966
14-Jan-15,413.00,414.40,403.20,409.50,915453
13-Jan-15,412.30,416.30,408.20,415.00,1213222
12-Jan-15,411.90,416.30,406.70,411.50,816799
9-Jan-15,411.90,411.90,402.84,409.70,1460775
8-Jan-15,418.40,424.00,406.91,411.20,1755770
7-Jan-15,387.40,398.00,386.50,392.20,1040964
6-Jan-15,403.30,403.30,387.70,389.10,887577
5-Jan-15,398.80,408.10,396.70,400.50,751994
31-Dec-14,396.20,406.30,396.20,403.00,249146
30-Dec-14,397.60,405.50,397.60,400.10,298019
29-Dec-14,396.20,407.10,396.20,401.20,523393
24-Dec-14,407.80,407.80,397.37,406.40,50144
23-Dec-14,407.20,407.20,397.90,405.00,731227
22-Dec-14,402.50,405.60,398.20,405.00,629075
19-Dec-14,401.00,405.70,396.30,401.40,1341496
18-Dec-14,393.30,399.20,386.90,397.20,1074503
17-Dec-14,384.10,390.30,383.90,385.80,739393
16-Dec-14,386.70,390.20,381.70,388.80,1131736
15-Dec-14,387.00,394.20,384.50,387.70,888844
12-Dec-14,390.60,395.20,387.30,387.80,787720
11-Dec-14,397.20,400.00,393.10,396.80,784402
10-Dec-14,391.60,398.80,391.60,395.50,541511
9-Dec-14,393.00,397.60,389.00,390.40,778148
8-Dec-14,407.90,417.70,398.30,398.40,1018972
5-Dec-14,393.50,410.00,389.10,408.80,2192574
4-Dec-14,388.80,394.87,388.80,390.70,825273
3-Dec-14,392.00,392.99,388.20,389.60,915100
2-Dec-14,394.70,398.00,388.30,390.00,1002728
1-Dec-14,386.70,392.00,385.00,392.00,1090896
28-Nov-14,391.60,392.80,388.30,389.52,1314016
27-Nov-14,384.90,391.10,382.88,390.90,896692
26-Nov-14,392.00,393.40,383.90,384.00,1422001
25-Nov-14,387.30,393.90,387.30,392.80,1189553
24-Nov-14,385.00,392.10,384.00,389.30,735550
21-Nov-14,388.30,396.90,384.90,385.40,1374414
20-Nov-14,378.30,386.60,377.20,386.60,1736116
19-Nov-14,376.90,379.22,374.50,379.10,946831
18-Nov-14,376.00,376.90,372.70,376.60,937475
17-Nov-14,369.80,376.30,367.80,375.00,1370073
14-Nov-14,376.60,378.20,371.70,372.90,1261968
13-Nov-14,365.40,376.50,365.40,373.93,1178650
12-Nov-14,374.00,374.00,363.20,364.90,1194061
11-Nov-14,372.20,377.50,370.60,372.90,665742
10-Nov-14,363.40,372.00,362.80,372.00,956634
7-Nov-14,374.80,377.09,363.70,364.80,1890889
6-Nov-14,374.00,376.21,367.10,371.90,2457968
5-Nov-14,365.00,371.50,358.00,362.99,4562242
4-Nov-14,339.20,344.90,337.60,342.90,1016112
3-Nov-14,342.30,346.00,339.10,340.20,436985
31-Oct-14,339.90,345.90,336.10,342.30,720636
30-Oct-14,334.10,340.00,334.10,336.60,788439
29-Oct-14,336.50,337.50,332.50,334.20,951129
28-Oct-14,332.70,337.50,332.70,335.00,492057
27-Oct-14,335.50,337.10,329.70,335.10,1120270
24-Oct-14,333.60,338.80,333.20,334.00,500508
23-Oct-14,338.10,341.50,331.80,337.30,692400
22-Oct-14,336.20,341.40,336.20,339.20,1044033
21-Oct-14,327.50,336.70,327.10,335.00,1018249
20-Oct-14,325.00,331.90,323.40,328.30,1235490
17-Oct-14,322.70,327.90,319.80,324.60,946774
16-Oct-14,316.70,322.60,310.70,321.15,1880144
15-Oct-14,323.00,324.70,315.80,318.51,1560822
14-Oct-14,314.90,323.80,311.00,323.30,1132329
13-Oct-14,314.60,324.60,312.50,315.60,1118158
10-Oct-14,312.00,320.50,309.00,318.00,1011686
9-Oct-14,329.80,331.80,315.80,315.80,986322
8-Oct-14,324.30,327.30,320.20,325.83,720913
7-Oct-14,331.30,331.50,325.40,325.80,563208
6-Oct-14,334.30,334.80,330.40,331.70,521148
3-Oct-14,328.30,333.70,325.93,331.40,732477
2-Oct-14,335.60,335.60,323.20,324.60,1550101
1-Oct-14,340.90,341.20,331.90,335.00,906959
30-Sep-14,344.40,345.70,337.30,339.10,1054626
29-Sep-14,333.80,341.60,333.56,341.00,1543318
26-Sep-14,343.10,343.26,330.60,334.80,1079293
25-Sep-14,347.80,351.40,341.90,343.40,893326
24-Sep-14,346.80,346.80,341.80,345.70,623132
23-Sep-14,347.10,349.00,341.90,346.10,1014010
22-Sep-14,350.40,350.40,344.00,348.00,850767
19-Sep-14,352.30,355.16,345.70,350.70,1681554
18-Sep-14,345.40,352.70,344.80,350.20,919195
17-Sep-14,344.60,348.20,340.40,346.40,762420
16-Sep-14,350.70,350.70,340.70,343.40,914307
15-Sep-14,351.60,352.40,349.10,351.80,928751
12-Sep-14,346.30,353.60,343.32,353.60,1508832
11-Sep-14,347.30,347.30,342.60,344.70,779054
10-Sep-14,349.20,349.20,343.00,344.10,719984
9-Sep-14,353.00,356.20,347.40,348.00,1074383
8-Sep-14,357.30,359.90,352.70,354.50,563195
5-Sep-14,364.00,364.00,358.80,359.50,770491
4-Sep-14,360.30,363.90,357.40,363.70,708072
3-Sep-14,360.00,364.00,357.40,363.00,1072183
2-Sep-14,358.70,358.70,352.00,358.30,692516
1-Sep-14,351.40,356.20,349.00,355.80,570420
29-Aug-14,354.50,354.50,348.60,353.40,634545
28-Aug-14,352.80,355.31,347.40,351.60,865677
27-Aug-14,356.10,360.30,354.30,356.20,802797
26-Aug-14,359.30,362.90,356.90,357.40,936176
22-Aug-14,356.40,358.70,351.88,358.00,622796
21-Aug-14,347.50,353.70,344.80,352.90,801673
20-Aug-14,357.10,357.10,346.30,346.30,1073118
19-Aug-14,347.00,357.10,345.70,353.06,868572
18-Aug-14,345.20,346.40,342.00,343.80,798831
15-Aug-14,343.30,349.70,341.00,342.20,646461
14-Aug-14,336.20,344.40,335.70,342.80,816957
13-Aug-14,336.40,340.10,332.70,339.60,902889
12-Aug-14,337.40,339.70,331.80,336.50,666619
11-Aug-14,335.80,340.82,333.80,338.10,895009
8-Aug-14,330.00,332.20,325.10,331.10,815711
7-Aug-14,329.50,333.40,327.40,332.50,1210776
6-Aug-14,332.40,334.00,328.00,330.80,931071
5-Aug-14,337.90,342.08,335.00,336.00,1319096
4-Aug-14,340.60,341.30,334.40,338.30,1117877
1-Aug-14,339.10,339.10,329.30,336.70,1336412
31-Jul-14,337.90,340.20,333.78,339.10,1044639
30-Jul-14,345.40,345.40,335.50,338.10,843254
29-Jul-14,336.40,344.30,330.90,343.00,1727429
28-Jul-14,348.00,350.14,335.30,336.40,2052755
25-Jul-14,364.50,364.50,345.60,347.50,3412402
24-Jul-14,322.10,366.40,322.10,364.90,4999921
23-Jul-14,311.80,316.20,310.20,311.60,1142406
22-Jul-14,304.80,314.80,304.30,313.70,1288822
21-Jul-14,309.40,312.80,303.60,305.30,938519
18-Jul-14,303.20,311.40,300.40,310.90,857210
17-Jul-14,307.50,308.10,303.70,305.20,590086
16-Jul-14,305.00,309.80,301.94,309.30,805081
15-Jul-14,308.80,308.90,301.40,303.60,1232212
14-Jul-14,307.00,310.30,303.70,309.00,895542
11-Jul-14,306.50,308.20,303.00,305.00,1143896
10-Jul-14,311.50,312.80,301.00,304.60,1440219
9-Jul-14,313.90,314.00,301.54,310.50,2101006
8-Jul-14,324.30,324.90,311.40,313.30,2045839
7-Jul-14,328.60,329.60,322.00,323.00,1262191
4-Jul-14,328.10,331.80,327.20,327.20,687396
3-Jul-14,325.10,332.40,325.00,329.70,1565721
2-Jul-14,317.00,328.90,315.09,325.40,2307356
1-Jul-14,309.00,317.30,308.20,316.50,2032886
30-Jun-14,311.20,314.40,308.19,309.60,962497
27-Jun-14,314.90,315.44,310.10,313.00,1540619
26-Jun-14,307.40,318.50,306.10,315.00,3325280
25-Jun-14,303.50,308.50,299.40,306.30,2834702
24-Jun-14,298.00,305.30,297.90,303.50,3035497
23-Jun-14,300.00,300.00,290.75,296.70,1871217
20-Jun-14,289.20,291.00,288.23,290.20,2094182
19-Jun-14,290.00,294.40,289.10,289.20,2156347
18-Jun-14,291.90,292.80,287.50,288.30,1575583
17-Jun-14,298.10,299.20,289.40,290.00,2289248
16-Jun-14,309.20,309.60,296.94,297.40,2705872
13-Jun-14,327.70,328.70,305.40,307.60,3443222
12-Jun-14,326.10,332.50,325.60,329.80,1619348
11-Jun-14,324.10,327.90,322.40,327.00,2139670
10-Jun-14,317.50,323.10,315.98,322.50,1507590
9-Jun-14,318.50,322.22,315.60,316.80,654074
6-Jun-14,309.60,319.10,308.46,319.00,917594
5-Jun-14,312.70,312.70,308.80,309.20,560556
4-Jun-14,313.00,314.70,311.90,313.40,862470
3-Jun-14,313.80,314.10,308.50,312.80,1102810
2-Jun-14,320.20,321.80,314.83,315.50,991908
30-May-14,321.00,323.00,318.80,319.30,1584981
29-May-14,330.20,330.20,320.20,321.00,639648
28-May-14,327.60,332.90,327.60,329.60,905205
27-May-14,320.80,329.00,320.50,328.30,1645432
23-May-14,320.90,323.20,319.10,320.10,720307
22-May-14,325.00,326.32,320.20,320.30,1574271
21-May-14,313.10,322.50,312.64,321.80,1480966
20-May-14,315.90,319.20,314.30,317.70,1240226
19-May-14,313.40,319.70,312.50,315.50,1603913
16-May-14,316.80,326.60,300.00,313.50,1983334
15-May-14,334.30,336.60,314.50,316.20,1307537
14-May-14,350.30,350.30,333.70,334.80,914745
13-May-14,350.70,353.50,347.30,349.60,636934
12-May-14,348.50,349.64,346.00,348.10,524474
9-May-14,345.70,348.60,343.00,348.30,1420355
8-May-14,343.70,346.50,343.60,345.70,939483
7-May-14,341.80,344.80,341.10,343.50,1357081
6-May-14,344.70,348.70,339.30,342.40,1807400
2-May-14,331.90,341.10,330.90,338.00,2163789
1-May-14,327.20,340.00,327.20,328.60,1482357
30-Apr-14,324.00,326.70,319.00,325.20,1565466
29-Apr-14,328.10,330.00,324.40,324.60,1070099
28-Apr-14,331.00,331.50,326.10,326.60,888318
25-Apr-14,333.30,334.17,330.00,330.00,1227839
24-Apr-14,344.50,347.24,332.80,334.60,1773828
23-Apr-14,351.60,353.50,343.70,344.60,887053
22-Apr-14,346.90,354.70,345.50,352.30,1093459
17-Apr-14,339.50,347.10,338.00,345.90,687643
16-Apr-14,335.00,339.40,335.00,338.60,1785814
15-Apr-14,341.20,344.60,334.00,334.00,2306371
14-Apr-14,350.50,353.60,339.90,342.10,1119421
11-Apr-14,358.90,359.60,351.50,353.60,1659162
10-Apr-14,361.50,365.30,355.80,359.00,1436165
9-Apr-14,346.00,363.40,345.73,359.00,1826256
8-Apr-14,355.00,355.64,336.58,351.00,2137372
7-Apr-14,361.80,363.20,353.90,354.40,1081539
4-Apr-14,369.80,371.00,362.97,363.60,972428
3-Apr-14,370.10,371.60,368.90,371.00,977015
2-Apr-14,372.90,373.70,368.60,370.80,1157908
1-Apr-14,373.60,375.40,372.50,373.03,959648
31-Mar-14,380.90,381.40,370.20,372.10,1410942
28-Mar-14,383.70,385.80,378.40,379.10,676391
27-Mar-14,383.50,385.40,381.20,382.90,805623
26-Mar-14,378.90,385.30,378.90,384.10,1003531
25-Mar-14,369.30,379.57,369.30,378.50,1166609
24-Mar-14,370.90,371.70,365.00,369.70,814405
21-Mar-14,380.70,381.20,372.00,372.00,1711353
20-Mar-14,383.30,384.00,376.60,381.40,463189
19-Mar-14,384.90,390.40,384.04,384.80,821075
18-Mar-14,379.50,386.40,377.10,385.30,525497
17-Mar-14,374.00,380.18,373.20,379.30,791276
14-Mar-14,379.90,379.90,372.60,374.20,846876
13-Mar-14,384.50,385.30,381.00,382.98,1126237
12-Mar-14,381.00,385.10,377.80,384.70,1100060
11-Mar-14,380.50,383.10,379.00,381.30,855305
10-Mar-14,382.40,387.30,376.30,379.90,929566
7-Mar-14,382.60,385.50,374.60,382.20,1102565
6-Mar-14,386.70,389.40,381.00,384.40,812453
5-Mar-14,388.80,391.20,381.20,389.75,1230331
4-Mar-14,379.40,392.10,379.00,390.37,1582581
3-Mar-14,372.20,377.20,371.40,376.80,1774841
28-Feb-14,379.00,380.50,376.00,378.12,2180862
27-Feb-14,386.00,386.00,377.10,380.00,2616452
26-Feb-14,382.10,388.60,370.90,372.37,1263763
25-Feb-14,383.20,384.00,375.40,382.10,1825685
24-Feb-14,378.00,382.90,375.50,382.90,687248
21-Feb-14,375.70,379.50,373.90,377.40,629926
20-Feb-14,367.50,376.10,365.10,375.50,674234
19-Feb-14,370.10,374.50,368.80,371.50,950150
18-Feb-14,369.30,374.30,366.50,372.80,814278
17-Feb-14,366.40,370.80,363.60,370.80,694577
14-Feb-14,367.10,369.20,363.20,365.00,714807
13-Feb-14,366.70,366.90,360.60,365.10,913144
12-Feb-14,365.00,366.90,364.40,364.91,774573
11-Feb-14,356.40,365.20,356.40,365.20,883862
10-Feb-14,357.50,358.20,356.00,356.90,643316
7-Feb-14,357.80,358.30,354.20,357.40,805113
6-Feb-14,349.60,357.30,346.30,351.50,871739
5-Feb-14,343.30,348.00,343.00,346.30,1087689
4-Feb-14,341.60,345.90,338.70,342.60,1105328
3-Feb-14,343.70,348.50,341.20,341.50,1338503
31-Jan-14,333.80,344.50,333.80,342.34,1211863
30-Jan-14,334.40,337.20,330.70,335.60,1250160
29-Jan-14,324.00,334.20,323.00,333.70,1715419
28-Jan-14,318.30,323.10,318.30,320.70,1119764
27-Jan-14,324.50,325.80,318.10,318.80,1116796
24-Jan-14,331.00,334.90,325.40,325.90,971073
23-Jan-14,341.40,343.40,331.30,332.30,613096
22-Jan-14,339.90,345.40,339.90,343.00,999563
21-Jan-14,337.70,341.10,336.50,340.40,884837
20-Jan-14,336.30,340.40,334.90,336.90,724655
17-Jan-14,340.60,341.90,333.00,335.80,712843
16-Jan-14,343.80,343.80,337.30,338.30,730068
15-Jan-14,346.70,348.00,341.50,342.30,501796
14-Jan-14,342.50,346.00,336.70,345.90,771735
13-Jan-14,345.70,346.20,340.80,342.10,429099
10-Jan-14,341.50,346.20,339.80,346.00,666867
9-Jan-14,343.60,348.70,340.40,341.40,639757
8-Jan-14,346.10,346.10,340.80,342.60,498350
7-Jan-14,338.60,344.60,336.90,344.20,1202935
6-Jan-14,340.00,340.00,336.60,339.40,866242
3-Jan-14,336.10,340.50,331.10,339.70,1853913
2-Jan-14,341.50,343.20,335.20,335.20,1141406
31-Dec-13,333.20,344.80,331.90,344.80,435468
30-Dec-13,331.60,334.00,328.40,331.80,470115
27-Dec-13,332.90,336.00,332.30,334.10,340853
24-Dec-13,333.10,336.00,330.30,333.50,53166
23-Dec-13,329.60,333.10,328.40,332.20,489529
20-Dec-13,328.60,332.40,328.60,331.00,1323150
19-Dec-13,332.20,333.10,328.90,330.00,1279439
18-Dec-13,324.00,329.60,323.90,327.50,1016233
17-Dec-13,329.00,329.90,326.10,326.10,559512
16-Dec-13,328.90,331.90,326.50,329.90,934165
13-Dec-13,325.60,330.80,325.30,328.00,391773
12-Dec-13,330.00,331.10,324.00,325.00,827782
11-Dec-13,330.00,334.30,328.70,330.10,876838
10-Dec-13,328.00,330.70,326.90,328.60,754952
9-Dec-13,321.60,328.80,319.10,328.50,1262765
6-Dec-13,317.40,324.80,317.40,321.60,1380626
5-Dec-13,307.60,320.90,304.90,317.20,1283638
4-Dec-13,308.80,311.70,303.50,306.60,1439508
3-Dec-13,318.10,320.40,308.50,308.80,1176842
2-Dec-13,321.10,321.50,318.70,319.80,770633
29-Nov-13,321.70,322.80,320.50,322.00,559967
28-Nov-13,329.30,332.20,321.60,322.10,992869
27-Nov-13,326.80,328.90,325.00,327.10,1230783
26-Nov-13,324.90,328.80,323.70,325.60,897400
25-Nov-13,325.50,325.50,322.60,324.10,734792
22-Nov-13,320.50,323.10,320.40,323.10,509426
21-Nov-13,318.60,323.80,317.90,320.80,756194
20-Nov-13,321.00,323.00,319.10,320.40,464200
19-Nov-13,322.10,322.50,318.40,320.70,850074
18-Nov-13,325.10,325.80,322.20,323.80,744453
15-Nov-13,324.00,327.20,321.20,326.50,682568
14-Nov-13,326.90,328.80,322.90,323.50,954782
13-Nov-13,326.10,326.90,321.40,324.10,869045
12-Nov-13,326.40,328.90,323.10,326.80,955016
11-Nov-13,327.60,330.90,323.70,325.30,919019
8-Nov-13,330.70,331.70,324.00,326.00,1208297
7-Nov-13,328.30,337.50,326.40,334.45,1511852
6-Nov-13,323.80,327.60,323.60,327.30,869859
5-Nov-13,324.00,324.00,316.70,320.50,1035077
4-Nov-13,321.40,324.00,320.60,322.50,921694
1-Nov-13,323.50,323.50,319.50,320.00,729102
31-Oct-13,323.30,326.00,319.00,322.70,805527
30-Oct-13,319.10,325.40,317.60,323.10,1119898
29-Oct-13,313.80,317.60,312.40,317.60,406476
28-Oct-13,316.00,317.80,312.70,313.10,582436
25-Oct-13,317.50,317.70,313.90,316.20,468695
24-Oct-13,315.90,318.50,310.30,318.50,553412
23-Oct-13,319.30,323.20,314.90,315.70,1277956
22-Oct-13,324.70,324.70,319.80,321.10,1219682
21-Oct-13,322.40,330.20,322.20,324.50,1045133
18-Oct-13,316.00,323.00,315.80,321.20,1045686
17-Oct-13,313.10,317.80,310.00,315.60,853093
16-Oct-13,308.70,314.40,308.70,313.60,835437
15-Oct-13,310.60,312.00,309.00,310.00,1458369
14-Oct-13,308.50,310.90,307.50,309.50,608586
11-Oct-13,296.00,309.40,296.00,302.65,1610533
10-Oct-13,292.10,297.50,292.10,296.00,958523
9-Oct-13,293.90,295.00,291.10,294.95,593458
8-Oct-13,293.30,297.00,292.90,294.20,624730
7-Oct-13,292.90,293.00,288.90,291.30,582520
4-Oct-13,294.00,298.30,294.00,295.70,754449
3-Oct-13,292.20,297.40,292.10,295.12,658493
2-Oct-13,294.40,296.80,292.00,293.00,727006
1-Oct-13,292.40,297.60,290.70,295.40,891318
30-Sep-13,284.30,291.50,284.30,291.50,903818
27-Sep-13,285.90,289.00,285.90,287.20,735923
26-Sep-13,293.80,294.40,284.60,286.20,744087
25-Sep-13,295.60,296.10,291.30,291.30,712924
24-Sep-13,287.30,295.20,286.80,294.70,1200408
20-Sep-13,290.40,292.40,287.70,288.20,816948
19-Sep-13,293.00,293.00,288.90,290.00,877735
18-Sep-13,289.10,291.80,286.10,288.90,787597
17-Sep-13,291.40,293.60,288.20,288.20,572477
16-Sep-13,295.00,295.00,292.00,292.30,428838
13-Sep-13,291.80,293.00,290.30,291.60,745085
12-Sep-13,291.00,293.30,289.60,291.80,1209954
11-Sep-13,295.60,296.50,288.70,290.30,1033628
10-Sep-13,298.00,301.30,294.30,300.64,1298773
9-Sep-13,290.80,297.20,290.20,295.90,814739
6-Sep-13,289.30,293.50,288.60,290.80,860444
5-Sep-13,285.00,288.80,283.20,288.10,974009
4-Sep-13,283.40,284.10,279.20,282.70,638287
3-Sep-13,285.60,285.90,281.10,282.50,761223
2-Sep-13,281.40,287.50,281.40,284.80,792881
30-Aug-13,283.60,284.30,279.50,281.40,1171939
29-Aug-13,275.20,284.90,274.30,283.40,1550814
28-Aug-13,276.90,276.90,271.00,272.90,1439698
27-Aug-13,280.70,282.50,276.60,278.20,1706745
23-Aug-13,277.50,285.20,277.50,282.30,820963
22-Aug-13,275.70,280.60,275.70,279.00,884172
21-Aug-13,274.40,283.00,273.90,277.30,1383584
20-Aug-13,270.00,273.50,268.00,272.40,1386938
19-Aug-13,269.60,270.10,266.80,269.05,899603
16-Aug-13,266.80,268.20,265.60,267.50,821377
15-Aug-13,277.50,277.50,266.30,266.40,1104967
14-Aug-13,276.50,279.80,276.50,277.50,601993
13-Aug-13,277.70,279.30,275.80,277.00,875186
12-Aug-13,279.40,280.40,276.60,277.70,1031386
9-Aug-13,289.30,289.50,281.10,282.00,979454
8-Aug-13,287.80,291.20,286.70,289.40,589467
7-Aug-13,292.00,294.00,288.00,288.00,1085841
6-Aug-13,290.80,294.50,290.50,293.00,957743
5-Aug-13,293.30,296.50,289.40,291.57,1049452
2-Aug-13,296.10,300.00,291.70,292.26,1382288
1-Aug-13,288.80,296.20,288.80,296.20,1834956
31-Jul-13,289.40,290.80,285.80,288.80,1202920
30-Jul-13,286.70,289.60,285.90,289.00,1478441
29-Jul-13,286.80,289.40,285.10,286.70,1158169
26-Jul-13,289.80,291.60,286.00,287.10,1784362
25-Jul-13,276.00,288.90,276.00,288.50,3137563
24-Jul-13,277.20,278.00,275.20,275.50,2254290
23-Jul-13,280.00,280.00,275.40,276.80,1373873
22-Jul-13,281.20,281.30,276.60,279.60,632458
19-Jul-13,280.90,284.80,278.70,280.50,1078223
18-Jul-13,275.50,280.70,274.80,280.70,1316013
17-Jul-13,275.80,278.30,274.50,277.60,1027533
16-Jul-13,279.20,279.50,274.60,276.10,1386627
15-Jul-13,273.40,280.70,272.70,279.60,1091728
12-Jul-13,271.70,273.80,269.10,272.50,709382
11-Jul-13,269.30,273.90,268.30,270.00,660017
10-Jul-13,266.90,267.90,259.90,266.20,1661594
9-Jul-13,274.30,275.73,266.60,266.60,1420299
8-Jul-13,269.00,275.50,269.00,273.70,940875
5-Jul-13,266.30,272.20,265.10,267.70,930146
4-Jul-13,257.80,267.90,257.80,265.80,971445
3-Jul-13,254.40,259.20,254.00,257.50,1349844
2-Jul-13,257.20,258.60,253.20,257.60,980043
1-Jul-13,255.30,257.60,251.60,257.00,1818792
28-Jun-13,254.20,254.70,248.70,253.40,1603910
27-Jun-13,242.80,254.30,242.80,251.60,1504549
26-Jun-13,241.00,245.70,240.40,243.30,974842
25-Jun-13,237.30,240.80,236.50,240.40,1234770
24-Jun-13,245.10,246.30,236.50,236.60,1156809
21-Jun-13,242.30,250.30,242.30,244.80,2274856
20-Jun-13,243.50,244.90,240.80,242.46,1453860
19-Jun-13,245.70,248.10,242.60,247.50,1653152
18-Jun-13,239.80,246.60,239.80,245.00,1221969
17-Jun-13,242.10,243.13,240.00,241.20,574115
14-Jun-13,236.80,241.70,236.80,240.90,683515
13-Jun-13,234.50,236.60,229.71,236.40,1060093
12-Jun-13,235.60,238.30,234.90,236.50,714192
11-Jun-13,238.20,238.20,232.60,235.00,879477
10-Jun-13,239.90,240.90,236.20,237.50,882990
7-Jun-13,236.00,241.30,234.18,239.80,1089994
6-Jun-13,233.10,236.60,232.05,234.20,1791748
5-Jun-13,234.30,236.80,230.75,231.90,847956
4-Jun-13,233.70,237.80,233.10,236.70,943444
3-Jun-13,233.00,235.10,231.50,232.30,2085109
31-May-13,240.60,240.60,234.09,234.20,1478886
30-May-13,240.00,242.50,237.99,241.60,881710
29-May-13,246.70,247.20,240.20,241.00,953830
28-May-13,245.30,250.50,244.70,247.80,1307794
24-May-13,249.40,249.62,241.50,242.70,859528
23-May-13,250.00,250.00,244.10,246.80,1057902
22-May-13,252.30,256.30,248.70,254.90,1283289
21-May-13,251.80,253.50,249.60,253.20,969765
20-May-13,249.89,252.40,249.50,250.10,1017276
17-May-13,250.70,251.10,248.90,251.00,981925
16-May-13,247.40,250.90,247.40,249.15,967355
15-May-13,245.80,247.80,245.45,246.48,1292910
14-May-13,251.20,251.30,244.66,245.80,1973590
13-May-13,254.40,254.90,252.20,252.90,357946
10-May-13,252.90,256.70,251.50,253.80,721498
9-May-13,251.90,258.00,251.40,254.50,880898
8-May-13,247.80,253.30,247.50,252.70,802408
7-May-13,249.90,251.70,246.40,247.40,1275913
3-May-13,246.90,250.50,245.40,249.40,2706657
2-May-13,244.90,247.60,241.05,245.70,2108638
1-May-13,248.60,250.00,245.20,247.50,766231
30-Apr-13,248.50,251.08,244.80,248.70,1287521
29-Apr-13,247.80,249.00,245.90,248.10,646917
26-Apr-13,247.90,249.00,244.50,246.40,928174
25-Apr-13,244.60,251.00,244.60,249.05,1099348
24-Apr-13,248.40,249.30,243.80,245.10,1378950
23-Apr-13,243.00,248.16,242.20,247.50,798394
22-Apr-13,241.40,244.35,239.20,241.60,790770
19-Apr-13,240.80,241.80,237.60,240.90,874569
18-Apr-13,238.30,241.20,237.00,238.50,1139844
17-Apr-13,236.40,241.90,234.00,237.60,1992686
16-Apr-13,233.40,237.70,229.98,235.80,2108617
15-Apr-13,234.10,235.70,228.00,234.60,1594623
12-Apr-13,234.00,236.00,230.30,234.50,1642896
11-Apr-13,222.90,237.20,221.50,235.10,4490270
10-Apr-13,223.30,223.60,221.05,222.00,3690131
9-Apr-13,226.50,226.80,221.80,223.30,1641479
8-Apr-13,225.40,230.65,223.20,225.80,2134353
5-Apr-13,234.90,236.30,221.80,226.90,3043261
4-Apr-13,241.40,242.00,232.70,234.20,2115163
3-Apr-13,243.20,243.20,237.92,239.40,1979816
2-Apr-13,240.10,244.10,237.40,242.30,3950952
28-Mar-13,236.80,239.86,235.70,238.70,1656232
27-Mar-13,243.50,243.50,235.80,237.60,1449696
26-Mar-13,237.30,244.00,236.50,242.40,2256419
25-Mar-13,238.00,244.40,234.80,238.80,2241581
22-Mar-13,232.40,237.20,229.20,235.00,2068894
21-Mar-13,227.80,229.70,226.76,229.30,1187372
20-Mar-13,227.80,231.60,224.50,226.40,995082
19-Mar-13,226.00,229.70,225.30,226.10,856068
18-Mar-13,221.70,225.80,220.83,225.30,871697
15-Mar-13,226.10,227.50,223.50,224.90,1442128
14-Mar-13,226.00,228.30,223.90,226.20,1353250
13-Mar-13,223.50,225.94,221.50,224.70,656928
12-Mar-13,221.00,225.10,221.00,224.70,1050728
11-Mar-13,219.00,221.50,218.30,221.30,1829420
8-Mar-13,221.60,224.30,220.00,220.50,1342603
7-Mar-13,222.50,228.03,220.80,222.40,1304208
6-Mar-13,222.80,226.00,220.80,221.50,1558169
5-Mar-13,218.90,223.30,218.60,223.10,1411192
4-Mar-13,216.30,219.20,213.91,217.20,1674189
1-Mar-13,214.10,219.20,211.20,215.80,2302599
28-Feb-13,198.00,216.30,195.60,214.53,5506162
27-Feb-13,193.60,194.00,188.90,190.40,1957773
26-Feb-13,194.00,194.00,191.10,192.79,1219681
25-Feb-13,197.60,198.00,194.80,195.80,959670
22-Feb-13,195.60,197.63,195.60,196.40,828966
21-Feb-13,197.80,197.80,194.40,195.60,1295839
20-Feb-13,197.00,199.50,196.60,198.77,1376677
19-Feb-13,198.00,199.40,196.80,197.50,1640848
18-Feb-13,198.00,198.10,196.80,197.60,842371
15-Feb-13,199.10,199.10,196.90,197.70,1583023
14-Feb-13,202.40,202.40,198.30,198.70,644475
13-Feb-13,197.60,202.00,197.60,201.80,677589
12-Feb-13,196.20,198.90,195.00,198.90,735061
11-Feb-13,196.90,196.90,194.50,195.50,902711
8-Feb-13,194.90,196.62,193.32,196.60,482400
7-Feb-13,193.30,194.30,191.90,194.10,859027
6-Feb-13,192.30,194.70,191.50,192.90,824484
5-Feb-13,191.20,192.20,189.90,191.80,1161395
4-Feb-13,191.00,192.30,190.10,191.30,1572209
1-Feb-13,188.80,190.92,188.08,190.90,2177705
31-Jan-13,186.10,188.20,185.70,187.60,1559620
30-Jan-13,187.30,188.20,186.70,187.10,1188336
29-Jan-13,187.60,188.50,185.70,187.40,755518
28-Jan-13,189.60,190.04,186.90,189.00,613643
25-Jan-13,189.10,190.10,188.50,189.60,1200680
24-Jan-13,188.00,190.30,188.00,189.90,2168730
23-Jan-13,188.30,189.40,185.50,188.00,1475052
22-Jan-13,190.30,190.30,188.20,188.40,1709084
21-Jan-13,187.80,190.84,184.80,189.50,2966933
18-Jan-13,182.30,187.60,179.90,187.10,2379785
17-Jan-13,179.40,181.80,178.06,181.00,1015551
16-Jan-13,178.80,179.60,176.40,178.80,1194747
15-Jan-13,170.20,179.70,170.00,178.10,2276177
14-Jan-13,172.00,173.70,170.30,170.40,1098017
11-Jan-13,171.20,175.20,170.48,173.40,1899224
10-Jan-13,170.60,171.80,170.30,171.10,1204569
9-Jan-13,169.00,171.60,168.40,170.10,1023003
8-Jan-13,172.00,172.84,168.00,168.00,1261389
7-Jan-13,173.60,175.00,172.30,172.50,1507300
4-Jan-13,172.00,173.90,172.00,173.00,1171892
3-Jan-13,176.30,176.30,168.30,171.50,2782229
2-Jan-13,174.90,178.60,173.50,176.40,2324343
