31-Dec-15,319.30,320.80,317.30,317.30,632537
30-Dec-15,325.90,325.90,320.70,321.50,761036
29-Dec-15,324.70,326.40,322.80,326.40,880993
24-Dec-15,321.60,324.70,321.60,322.30,164972
23-Dec-15,318.20,320.80,316.20,320.20,908123
22-Dec-15,314.30,316.90,311.20,315.00,1107334
21-Dec-15,313.60,319.40,312.50,312.50,1125128
18-Dec-15,315.80,320.70,314.10,314.10,3308625
16-Dec-15,309.70,313.90,309.20,312.90,1522810
15-Dec-15,303.50,312.00,302.59,309.80,2151431
14-Dec-15,306.30,309.80,301.50,301.50,1778868
11-Dec-15,307.10,308.50,303.00,303.70,3080597
10-Dec-15,308.70,314.00,306.80,308.30,1843813
9-Dec-15,311.40,312.80,308.90,310.30,1790077
8-Dec-15,313.30,313.75,310.00,311.30,1508813
7-Dec-15,311.00,318.70,308.10,313.20,1967888
4-Dec-15,315.20,315.20,307.00,311.00,3185212
3-Dec-15,323.00,326.50,316.30,316.30,2359207
2-Dec-15,328.90,329.30,324.50,324.90,1655642
1-Dec-15,324.30,328.20,321.30,328.00,2019080
30-Nov-15,322.30,324.50,321.70,323.50,2540566
27-Nov-15,317.80,323.50,316.90,323.30,1025991
26-Nov-15,323.30,323.40,320.70,321.80,1265651
25-Nov-15,320.70,323.70,320.00,323.70,1484872
24-Nov-15,321.50,321.80,317.20,320.20,1554017
23-Nov-15,324.20,324.90,321.20,323.00,1689642
20-Nov-15,327.90,329.40,325.70,327.90,1881747
19-Nov-15,323.40,326.60,321.00,326.60,1499919
18-Nov-15,321.30,322.20,318.50,321.80,1627108
17-Nov-15,320.20,324.50,317.70,324.50,2510371
16-Nov-15,312.70,317.00,312.04,317.00,1870725
13-Nov-15,316.20,319.00,313.80,315.30,1813119
12-Nov-15,324.60,324.80,318.10,318.30,1686707
11-Nov-15,323.40,324.90,321.10,323.10,1534668
10-Nov-15,326.10,327.20,319.30,322.90,1979551
9-Nov-15,337.90,337.90,324.52,324.60,2457791
6-Nov-15,339.70,340.90,336.40,337.00,1515580
5-Nov-15,338.20,339.50,335.20,338.40,1631556
4-Nov-15,339.10,346.30,337.70,337.70,3028712
3-Nov-15,344.20,344.70,341.60,343.40,1983961
2-Nov-15,343.50,346.40,341.10,344.80,1705986
30-Oct-15,350.40,351.80,344.10,346.10,2167407
29-Oct-15,351.10,351.70,346.20,348.80,1843591
28-Oct-15,353.20,354.00,351.50,352.90,1622936
27-Oct-15,353.40,353.90,351.40,352.90,1976309
26-Oct-15,353.20,355.30,351.50,352.30,1356550
23-Oct-15,352.80,355.70,352.10,353.20,1532824
22-Oct-15,348.40,353.50,346.10,351.90,1585986
21-Oct-15,347.70,351.68,347.30,351.60,1668636
20-Oct-15,344.40,349.10,344.40,348.00,1038492
19-Oct-15,343.20,346.60,342.00,345.40,1474075
16-Oct-15,341.00,343.90,341.00,343.90,2044983
15-Oct-15,336.00,339.40,333.20,339.30,2139458
14-Oct-15,331.90,334.40,331.00,333.00,1247953
13-Oct-15,338.70,338.80,333.20,334.50,1566604
12-Oct-15,337.40,341.20,337.40,338.00,2654858
9-Oct-15,338.00,340.60,331.20,337.00,1769927
8-Oct-15,331.60,337.00,330.80,335.60,1614456
7-Oct-15,337.30,341.40,331.20,331.20,2151878
6-Oct-15,338.70,339.60,336.70,336.70,1466821
5-Oct-15,335.70,339.60,335.70,337.20,2073570
2-Oct-15,330.40,333.90,327.30,330.20,2310931
1-Oct-15,333.10,335.10,328.30,328.30,2475590
30-Sep-15,327.30,331.40,326.70,329.60,2648981
29-Sep-15,318.60,325.10,318.60,321.40,2036572
28-Sep-15,329.40,329.40,321.90,322.10,1433127
25-Sep-15,323.10,330.30,321.20,329.50,2404962
24-Sep-15,317.00,320.20,316.20,318.00,2126445
23-Sep-15,310.70,318.10,309.10,316.20,1704088
22-Sep-15,315.70,318.10,310.70,311.10,2428631
21-Sep-15,314.00,319.50,314.00,316.50,1968844
18-Sep-15,316.10,320.90,315.70,317.00,6143888
17-Sep-15,318.40,321.30,317.60,317.60,1789761
16-Sep-15,316.50,319.90,315.70,318.10,1498618
15-Sep-15,314.60,316.30,311.90,315.00,1494799
14-Sep-15,316.10,318.10,314.80,314.80,1695463
11-Sep-15,321.70,321.70,315.80,315.80,1641140
10-Sep-15,320.40,321.30,317.40,320.40,1578761
9-Sep-15,325.40,325.80,321.60,323.00,1599444
8-Sep-15,317.90,322.80,317.20,319.60,1790498
7-Sep-15,318.80,321.20,314.30,316.20,1816202
4-Sep-15,321.30,321.90,317.40,317.40,2532965
3-Sep-15,325.40,329.30,324.00,325.00,1631330
2-Sep-15,316.40,325.70,316.40,322.80,1929459
1-Sep-15,318.80,321.50,314.60,315.00,2719289
28-Aug-15,323.10,325.00,322.20,323.00,2811012
27-Aug-15,323.80,325.70,319.40,324.50,2587520
26-Aug-15,316.10,320.30,312.40,313.60,2685905
25-Aug-15,313.70,320.10,311.30,319.40,3596995
24-Aug-15,323.60,326.70,307.30,309.00,6881467
21-Aug-15,335.00,336.90,332.10,332.10,3231974
20-Aug-15,335.40,338.40,335.00,337.20,2182896
19-Aug-15,341.80,342.10,336.80,337.50,2423712
18-Aug-15,341.20,343.52,339.60,342.20,1208956
17-Aug-15,342.80,342.80,339.50,340.80,1297409
14-Aug-15,340.30,342.60,339.10,339.80,1637015
13-Aug-15,339.50,343.50,337.70,339.60,2393562
12-Aug-15,338.10,339.10,334.60,336.90,3505137
11-Aug-15,337.50,339.20,335.80,335.80,1158708
10-Aug-15,339.90,340.00,334.30,338.10,1209395
7-Aug-15,336.20,339.00,334.92,336.60,1950975
6-Aug-15,331.10,336.10,327.40,335.50,2555681
5-Aug-15,329.10,332.40,328.30,330.70,1984982
4-Aug-15,325.20,329.30,323.50,329.30,2179549
3-Aug-15,328.30,329.00,324.20,325.50,1959303
31-Jul-15,326.00,330.70,325.40,329.60,2959075
30-Jul-15,332.70,334.30,323.40,326.50,2085640
29-Jul-15,330.00,332.70,327.60,332.70,2122698
28-Jul-15,329.40,332.30,328.50,330.40,2052615
27-Jul-15,332.00,333.60,327.80,329.00,2006350
24-Jul-15,335.70,337.20,332.60,333.70,3477758
23-Jul-15,336.80,337.00,334.30,336.80,3729533
22-Jul-15,335.10,338.80,334.70,336.30,2947993
21-Jul-15,336.10,337.10,335.40,336.20,2589250
20-Jul-15,330.90,336.60,330.90,335.70,1210586
17-Jul-15,334.80,336.20,333.40,336.10,1395931
16-Jul-15,331.40,335.40,330.60,335.20,1803871
15-Jul-15,329.50,331.90,328.10,330.50,1442561
14-Jul-15,329.80,331.00,325.00,329.30,1506678
13-Jul-15,325.70,330.40,324.00,329.70,1895174
10-Jul-15,321.80,323.60,318.80,323.50,1797235
9-Jul-15,311.70,319.10,310.50,318.40,1834287
8-Jul-15,308.00,313.30,307.30,311.70,1787181
7-Jul-15,311.00,314.30,308.30,308.30,1679955
6-Jul-15,313.00,315.10,309.90,310.30,1622030
3-Jul-15,312.80,316.00,312.50,314.40,1196177
2-Jul-15,311.50,314.80,311.40,313.50,1937979
1-Jul-15,309.60,311.80,307.20,311.40,2242498
30-Jun-15,308.90,311.20,307.50,307.60,2860579
29-Jun-15,308.10,314.60,308.10,310.60,2828130
26-Jun-15,315.30,316.30,313.10,315.70,1516096
25-Jun-15,316.90,319.20,315.50,315.50,2401572
24-Jun-15,319.10,320.40,317.50,317.80,1922671
23-Jun-15,318.70,320.70,315.70,320.00,2151520
22-Jun-15,313.10,318.70,311.70,317.40,2215276
19-Jun-15,311.30,315.50,310.20,310.20,4037524
18-Jun-15,312.10,314.10,310.70,311.20,2909427
17-Jun-15,319.30,320.70,312.50,312.90,2927762
16-Jun-15,320.90,321.50,318.20,320.00,1598601
15-Jun-15,321.30,323.40,320.60,320.80,1543229
12-Jun-15,324.60,326.90,321.80,323.30,2576453
11-Jun-15,321.80,327.90,321.30,327.00,2032539
10-Jun-15,318.70,323.60,318.20,323.10,3065446
9-Jun-15,315.40,322.40,313.70,319.80,3311458
8-Jun-15,315.90,317.02,313.90,315.10,2355239
5-Jun-15,322.00,322.00,316.30,316.30,2482334
4-Jun-15,323.00,326.60,318.60,322.50,3869756
3-Jun-15,327.00,328.00,322.70,323.30,2244696
2-Jun-15,333.90,333.90,327.30,327.30,2810068
1-Jun-15,335.60,337.70,332.60,333.90,2441380
29-May-15,335.80,338.00,332.60,334.30,4208836
28-May-15,336.10,338.10,334.00,336.90,2238076
27-May-15,335.60,338.70,334.30,338.10,2490414
26-May-15,340.70,341.50,335.10,336.00,1906876
22-May-15,343.10,344.00,340.70,341.00,1277797
21-May-15,347.80,348.50,340.75,343.30,2031988
20-May-15,352.30,352.30,346.10,350.16,2442697
19-May-15,345.70,354.10,344.30,354.10,3145395
18-May-15,346.30,347.30,342.40,343.40,1741247
15-May-15,343.80,345.70,341.80,344.90,2818131
14-May-15,340.80,342.60,337.50,342.60,2305544
13-May-15,337.00,341.20,336.60,340.30,2320189
12-May-15,339.00,339.00,331.90,336.20,2096425
11-May-15,342.90,344.00,339.10,340.60,2711440
8-May-15,342.40,343.70,335.30,343.70,4869060
7-May-15,338.30,339.00,333.30,337.48,4699286
6-May-15,338.00,342.50,338.00,340.00,4966652
5-May-15,342.70,345.80,339.50,339.50,2955779
1-May-15,342.40,342.40,337.10,337.50,913442
30-Apr-15,344.20,344.70,340.50,343.00,2672133
29-Apr-15,346.50,348.10,342.20,342.50,2957996
28-Apr-15,349.60,351.50,343.10,346.90,2227311
27-Apr-15,350.40,353.20,346.70,351.00,1780127
24-Apr-15,350.10,352.10,348.00,350.00,1910771
23-Apr-15,351.70,352.40,349.60,350.30,1373329
22-Apr-15,355.30,355.30,347.70,350.70,1729443
21-Apr-15,353.70,354.40,350.50,353.10,1042575
20-Apr-15,351.10,354.30,350.50,352.10,1333090
17-Apr-15,352.50,356.20,349.20,349.20,2910097
16-Apr-15,356.30,356.50,349.10,353.20,3506648
15-Apr-15,364.00,366.50,361.60,363.70,2041136
14-Apr-15,361.00,364.20,361.00,363.90,1773092
13-Apr-15,367.40,369.20,362.30,362.30,2616254
10-Apr-15,362.80,367.70,360.80,367.40,1818056
9-Apr-15,357.20,363.00,356.80,363.00,1766434
8-Apr-15,354.70,358.70,353.40,356.90,1784953
7-Apr-15,350.20,357.10,350.20,355.90,1933306
2-Apr-15,348.70,352.70,348.30,349.70,1179675
1-Apr-15,348.30,351.30,345.70,349.50,1947324
31-Mar-15,352.00,353.80,348.00,348.00,2776265
30-Mar-15,356.90,356.96,350.10,352.80,2007830
27-Mar-15,352.90,354.30,349.60,352.80,2057703
26-Mar-15,356.30,356.30,350.60,352.80,1909350
25-Mar-15,362.60,363.20,358.00,358.00,1325366
24-Mar-15,358.40,363.40,357.50,361.70,2301066
23-Mar-15,355.30,360.80,354.90,358.00,2718099
20-Mar-15,353.60,356.00,351.50,355.20,3417102
19-Mar-15,353.10,360.10,352.30,353.60,2603719
18-Mar-15,347.40,354.30,346.80,352.80,1586414
17-Mar-15,345.20,349.90,344.70,347.40,2285948
16-Mar-15,341.10,346.70,341.10,346.40,2028299
13-Mar-15,337.50,342.40,337.50,342.00,2411073
12-Mar-15,340.20,342.50,338.20,338.40,2522033
11-Mar-15,334.00,339.10,331.50,338.20,3594336
10-Mar-15,340.40,343.00,334.80,334.90,2915625
9-Mar-15,348.00,348.00,340.50,343.10,2499502
6-Mar-15,360.90,361.60,347.90,348.00,2641738
5-Mar-15,355.90,362.70,355.90,362.20,3099565
4-Mar-15,357.00,357.60,352.40,355.10,2118866
3-Mar-15,357.70,362.50,355.80,356.20,2093518
2-Mar-15,352.70,358.30,352.70,357.30,3370243
27-Feb-15,365.00,368.30,353.10,353.50,4162824
26-Feb-15,368.00,372.50,366.90,372.50,2754404
25-Feb-15,369.30,372.10,367.00,369.40,1649906
24-Feb-15,365.60,370.30,364.80,369.00,2240516
23-Feb-15,363.40,366.00,362.20,366.00,2047324
20-Feb-15,364.50,364.60,359.40,362.40,2657846
19-Feb-15,364.20,365.70,362.90,365.70,2515445
18-Feb-15,369.80,372.50,361.70,364.10,4199882
17-Feb-15,370.90,376.40,370.30,376.40,1972337
16-Feb-15,372.50,376.50,371.80,374.70,1035647
13-Feb-15,368.00,374.00,367.60,374.00,2842893
12-Feb-15,367.10,370.70,365.60,368.50,2001507
11-Feb-15,366.90,369.60,364.60,366.70,2532731
10-Feb-15,366.40,369.40,366.00,368.90,2754995
9-Feb-15,370.90,372.00,364.40,366.60,1696162
6-Feb-15,372.60,374.90,371.40,372.40,2237468
5-Feb-15,370.40,373.60,369.70,373.60,1652182
4-Feb-15,371.30,372.00,368.10,372.00,1893690
3-Feb-15,368.80,372.90,367.40,372.00,2479463
2-Feb-15,367.10,369.50,364.30,369.40,1724162
30-Jan-15,369.00,370.00,365.00,365.00,3059586
29-Jan-15,366.80,369.70,363.90,369.30,2736664
28-Jan-15,367.00,368.90,363.00,368.50,1757647
27-Jan-15,368.00,371.80,364.30,364.30,2415112
26-Jan-15,366.50,368.70,364.40,368.00,1481093
23-Jan-15,364.40,368.22,364.40,367.50,2697357
22-Jan-15,358.10,363.60,355.60,363.00,3436464
21-Jan-15,350.50,357.70,350.50,357.50,3771711
20-Jan-15,346.20,350.30,345.00,349.50,2533991
19-Jan-15,343.80,345.60,340.20,344.80,3001028
16-Jan-15,341.20,345.10,338.10,345.00,3616924
15-Jan-15,336.10,343.40,332.70,343.40,2302597
14-Jan-15,340.00,340.30,330.90,333.50,3397569
13-Jan-15,335.40,342.70,335.40,342.00,2009488
12-Jan-15,336.00,340.70,333.80,335.80,1885341
9-Jan-15,337.50,340.80,333.30,334.30,2211180
8-Jan-15,332.90,340.00,332.10,339.30,1836969
7-Jan-15,329.30,331.70,327.30,331.00,2245784
6-Jan-15,329.40,330.90,324.50,328.40,1826586
5-Jan-15,332.10,336.90,328.90,329.80,2384463
31-Dec-14,332.10,338.20,332.10,334.00,543904
30-Dec-14,338.70,339.80,332.90,334.10,1112663
29-Dec-14,339.70,343.10,337.60,341.30,2709252
24-Dec-14,336.10,339.00,336.00,336.10,427471
23-Dec-14,337.90,339.50,335.30,338.50,1748973
22-Dec-14,334.60,338.60,333.30,338.40,2479237
19-Dec-14,333.10,336.10,329.10,335.50,5701650
18-Dec-14,328.30,331.50,322.60,331.30,2398182
17-Dec-14,326.20,327.50,322.10,326.20,2227898
16-Dec-14,323.40,329.39,320.30,329.20,1945412
15-Dec-14,328.00,328.30,322.00,322.40,2367935
12-Dec-14,334.30,334.40,328.10,328.20,2002789
11-Dec-14,336.30,337.90,333.25,335.00,1902936
10-Dec-14,337.70,341.00,335.40,337.80,1742811
9-Dec-14,344.10,344.20,337.40,337.80,1803271
8-Dec-14,349.20,349.20,343.80,346.00,1673700
5-Dec-14,350.20,354.20,349.20,350.50,1982256
4-Dec-14,355.20,355.60,349.40,349.80,1565193
3-Dec-14,356.40,356.80,351.90,353.40,1934697
2-Dec-14,354.90,357.90,351.50,357.20,2068911
1-Dec-14,356.20,356.20,349.80,353.60,3343192
28-Nov-14,358.70,359.90,355.00,356.90,1755802
27-Nov-14,349.90,357.60,349.10,357.60,1233255
26-Nov-14,350.20,350.20,347.10,348.40,1253927
25-Nov-14,347.50,351.50,347.50,349.20,2977194
24-Nov-14,347.50,349.60,345.90,347.50,1198785
21-Nov-14,346.80,350.10,345.40,347.80,2144272
20-Nov-14,346.50,346.90,343.00,345.10,1673446
19-Nov-14,346.20,346.90,343.80,346.70,1350818
18-Nov-14,343.20,346.60,342.50,345.70,1259405
17-Nov-14,341.30,344.10,340.00,342.40,1200514
14-Nov-14,340.20,344.00,339.90,343.00,1505919
13-Nov-14,342.00,343.20,337.00,340.10,1765838
12-Nov-14,342.80,344.60,339.30,340.90,2151936
11-Nov-14,343.00,345.40,341.10,342.30,1330543
10-Nov-14,343.20,345.70,339.70,342.30,1542248
7-Nov-14,342.70,344.20,340.30,341.70,1961321
6-Nov-14,339.90,341.50,338.70,340.70,1284107
5-Nov-14,343.00,345.00,339.50,342.20,1513778
4-Nov-14,337.90,344.20,337.90,341.90,1747078
3-Nov-14,340.80,341.10,337.20,338.00,2253578
31-Oct-14,337.30,343.70,337.30,340.40,2812469
30-Oct-14,337.30,338.30,331.60,335.30,1671565
29-Oct-14,337.30,339.90,335.20,335.80,1429650
28-Oct-14,332.80,337.50,332.80,335.60,1710088
27-Oct-14,333.70,335.20,329.10,330.80,1425763
24-Oct-14,329.40,331.70,327.00,331.00,1613547
23-Oct-14,327.40,330.80,324.70,329.80,1678727
22-Oct-14,327.90,332.90,326.20,332.90,2489353
21-Oct-14,319.00,327.90,318.00,327.90,2360060
20-Oct-14,321.10,322.70,318.50,320.10,1783527
17-Oct-14,316.80,324.00,316.40,322.30,4182540
16-Oct-14,310.50,318.70,305.50,317.10,2804691
15-Oct-14,316.40,318.50,309.90,310.10,1832164
14-Oct-14,315.70,317.00,312.10,315.80,1347589
13-Oct-14,313.10,316.30,310.40,316.30,2060110
10-Oct-14,314.30,319.10,312.50,316.20,1379430
9-Oct-14,318.20,319.30,316.20,316.80,1816678
8-Oct-14,312.30,317.10,311.30,315.90,1856131
7-Oct-14,316.90,317.00,312.40,312.70,2016711
6-Oct-14,318.70,320.20,315.90,317.30,2402227
3-Oct-14,318.20,319.90,315.90,317.80,1472434
2-Oct-14,320.80,322.00,316.00,316.00,2727628
1-Oct-14,322.30,325.30,320.50,320.60,2381703
30-Sep-14,330.50,330.50,320.20,322.70,3563578
29-Sep-14,330.40,331.60,328.40,330.00,1964949
26-Sep-14,325.00,331.60,318.50,330.50,2870342
25-Sep-14,331.20,332.70,324.70,325.70,2727928
24-Sep-14,335.00,335.30,329.60,332.20,2088251
23-Sep-14,342.70,342.70,334.70,334.80,2675205
22-Sep-14,343.80,345.50,338.00,342.60,1611524
19-Sep-14,345.90,350.20,344.40,345.60,6147152
18-Sep-14,343.10,345.40,341.20,344.10,1933461
17-Sep-14,337.80,344.10,337.10,342.90,2341079
16-Sep-14,341.00,341.00,333.80,336.00,2321439
15-Sep-14,339.60,341.40,337.40,341.10,1659295
12-Sep-14,340.00,341.40,337.40,341.20,1694257
11-Sep-14,339.80,340.70,337.30,339.80,1243672
10-Sep-14,343.00,343.50,338.00,339.50,1992798
9-Sep-14,344.70,345.50,342.70,343.30,1140636
8-Sep-14,346.10,347.70,342.50,345.50,1522445
5-Sep-14,348.90,348.90,344.00,346.20,1649825
4-Sep-14,345.40,348.40,344.10,348.40,1618044
3-Sep-14,344.90,346.60,342.80,345.20,1767336
2-Sep-14,343.90,344.90,342.40,343.40,1083898
1-Sep-14,342.20,345.20,341.30,343.40,1271487
29-Aug-14,343.50,343.50,340.00,342.00,2200294
28-Aug-14,345.00,345.00,342.10,342.90,1797279
27-Aug-14,343.00,346.60,341.80,345.00,2007066
26-Aug-14,340.60,344.30,340.40,342.70,1641114
22-Aug-14,337.70,339.80,336.00,339.10,1068846
21-Aug-14,336.30,340.40,335.80,337.30,1844574
20-Aug-14,338.90,338.90,335.40,336.80,1369326
19-Aug-14,340.20,343.40,337.80,339.00,1759841
18-Aug-14,338.00,339.40,336.60,338.50,1419827
15-Aug-14,336.60,340.40,334.90,336.60,2392918
14-Aug-14,330.40,336.80,329.78,336.70,1309817
13-Aug-14,325.30,331.20,325.20,330.50,1301660
12-Aug-14,323.00,325.30,323.00,324.90,1435518
11-Aug-14,322.70,325.40,322.30,323.60,1826672
8-Aug-14,320.60,322.50,318.40,321.10,1986192
7-Aug-14,320.90,326.30,319.40,324.70,2354765
6-Aug-14,319.60,321.30,317.30,321.30,2303998
5-Aug-14,323.10,325.20,319.90,322.60,2084781
4-Aug-14,324.10,325.10,320.80,322.60,2428624
1-Aug-14,330.10,330.10,323.38,323.60,3578281
31-Jul-14,320.80,331.30,320.80,328.80,3561965
30-Jul-14,326.70,326.70,318.30,320.21,2524625
29-Jul-14,319.60,327.60,319.60,326.30,2287878
28-Jul-14,318.70,319.90,316.80,319.70,1091530
25-Jul-14,320.90,321.80,316.90,318.30,1215334
24-Jul-14,321.10,322.80,319.90,321.80,1136489
23-Jul-14,322.80,322.90,319.90,321.70,1408160
22-Jul-14,315.40,323.10,315.00,322.60,1852159
21-Jul-14,316.50,317.80,313.70,314.90,976433
18-Jul-14,314.40,317.40,312.40,316.80,1863989
17-Jul-14,313.10,316.40,312.20,315.10,1347409
16-Jul-14,311.90,314.40,311.10,314.10,1327312
15-Jul-14,312.80,314.60,310.00,310.60,1332448
14-Jul-14,310.10,314.10,309.70,313.90,1648748
11-Jul-14,309.20,310.20,307.30,310.10,1887027
10-Jul-14,309.00,310.10,305.30,309.00,2712402
9-Jul-14,310.60,311.40,307.50,309.20,1076919
8-Jul-14,310.80,311.80,308.00,309.70,2245129
7-Jul-14,314.90,314.90,309.70,309.80,2002112
4-Jul-14,314.20,315.20,312.10,313.90,983502
3-Jul-14,313.40,315.50,311.60,313.80,1670939
2-Jul-14,313.20,314.20,311.50,313.40,1987317
1-Jul-14,312.00,313.80,309.10,313.00,2094056
30-Jun-14,311.00,312.80,309.30,311.60,1436823
27-Jun-14,309.20,311.50,308.20,310.30,1519803
26-Jun-14,307.30,308.70,304.50,308.70,1914751
25-Jun-14,307.90,308.80,306.10,306.10,2937920
24-Jun-14,306.30,307.90,304.20,307.20,3165405
23-Jun-14,304.90,306.70,302.00,305.10,2783758
20-Jun-14,307.40,308.70,300.70,304.60,27666587
19-Jun-14,310.00,313.00,307.20,307.30,2776981
18-Jun-14,307.30,309.70,306.50,307.60,1844917
17-Jun-14,311.60,311.60,305.60,307.20,2517960
16-Jun-14,314.30,315.20,311.50,311.50,1518981
13-Jun-14,318.90,319.10,313.60,314.30,2609296
12-Jun-14,318.60,321.50,317.00,320.00,1604800
11-Jun-14,321.80,322.30,317.80,319.00,1905346
10-Jun-14,324.30,325.20,319.70,321.80,2179154
9-Jun-14,328.50,328.90,323.80,325.00,1270506
6-Jun-14,319.00,328.60,317.00,328.60,3070182
5-Jun-14,316.10,318.70,315.70,317.52,1398943
4-Jun-14,317.80,318.10,315.80,317.90,1175689
3-Jun-14,317.70,318.80,314.90,318.40,2561787
2-Jun-14,316.70,316.80,313.40,316.70,1941514
30-May-14,314.20,316.80,313.50,315.00,2595874
29-May-14,314.60,316.40,313.80,314.81,1857241
28-May-14,312.80,316.10,311.10,315.00,1584450
27-May-14,312.10,312.40,309.10,312.40,2139952
23-May-14,310.00,311.80,308.20,311.80,1668853
22-May-14,307.30,309.90,305.30,309.90,1812514
21-May-14,304.90,308.10,303.90,307.60,1835230
20-May-14,304.60,305.80,302.10,304.10,1703198
19-May-14,304.20,305.00,301.23,303.70,986103
16-May-14,303.90,305.60,299.10,303.30,1349249
15-May-14,305.50,305.50,301.20,305.00,1543953
14-May-14,306.80,306.80,303.40,304.70,930580
13-May-14,304.90,305.90,303.30,305.20,1188540
12-May-14,303.30,303.40,301.10,303.40,1475026
9-May-14,301.20,302.50,300.10,302.10,1429647
8-May-14,296.90,303.50,295.93,303.10,1910184
7-May-14,291.00,295.60,289.20,295.60,1314385
6-May-14,295.10,297.00,293.20,295.90,1261494
2-May-14,292.00,295.50,292.00,295.10,974493
1-May-14,296.90,296.90,292.90,293.00,367080
30-Apr-14,294.50,295.10,291.70,292.00,1463120
29-Apr-14,292.80,296.90,292.20,294.40,1141614
28-Apr-14,293.90,294.80,292.40,292.80,875628
25-Apr-14,291.40,292.60,290.50,292.60,1538309
24-Apr-14,293.50,294.00,290.10,292.30,1227308
23-Apr-14,292.10,293.00,289.80,291.30,1243983
22-Apr-14,287.30,292.30,287.30,290.70,1430122
17-Apr-14,287.30,287.30,285.10,285.50,1020107
16-Apr-14,288.50,289.30,282.70,285.40,1712277
15-Apr-14,283.20,283.20,280.30,282.70,3171664
14-Apr-14,288.30,290.80,286.10,290.80,3659365
11-Apr-14,285.50,290.90,284.90,288.10,5540066
10-Apr-14,292.60,295.50,288.70,290.30,3672391
9-Apr-14,293.60,294.50,288.70,291.00,3007601
8-Apr-14,292.40,293.90,289.20,293.70,2098897
7-Apr-14,292.00,293.40,289.10,291.90,1615243
4-Apr-14,287.40,292.80,286.90,292.69,2004815
3-Apr-14,285.00,287.80,285.00,287.80,1857017
2-Apr-14,285.20,287.20,282.90,286.00,1834828
1-Apr-14,281.50,286.70,281.00,286.20,2183762
31-Mar-14,283.80,285.60,270.10,282.00,5074130
28-Mar-14,307.90,312.10,307.90,311.10,1545353
27-Mar-14,306.50,309.10,304.70,308.02,1283122
26-Mar-14,308.90,309.00,307.00,307.00,1144520
25-Mar-14,307.70,308.80,305.18,308.07,1184874
24-Mar-14,305.90,308.10,303.50,306.40,1587879
21-Mar-14,309.00,309.20,306.80,308.41,2896385
20-Mar-14,310.80,314.00,301.20,308.30,5271331
19-Mar-14,321.10,324.30,320.50,323.20,1137171
18-Mar-14,317.00,321.50,316.50,319.90,1709417
17-Mar-14,314.50,318.40,314.50,316.90,1564382
14-Mar-14,315.60,318.70,314.30,315.00,1338605
13-Mar-14,316.90,319.50,314.60,318.10,1762625
12-Mar-14,315.50,318.30,311.50,315.30,1264227
11-Mar-14,315.20,317.70,314.10,315.70,1273257
10-Mar-14,315.50,319.40,314.50,315.00,1105612
7-Mar-14,315.00,319.60,313.60,316.00,2019199
6-Mar-14,322.50,324.80,320.70,322.00,1197266
5-Mar-14,323.70,323.90,321.00,322.20,1309598
4-Mar-14,324.60,325.50,323.10,324.50,902337
3-Mar-14,321.00,323.60,319.70,323.10,1386711
28-Feb-14,327.00,332.30,324.30,324.70,1399368
27-Feb-14,325.80,329.00,324.50,326.80,898237
26-Feb-14,329.80,329.80,326.00,326.60,1215477
25-Feb-14,328.30,330.00,325.40,329.10,1848824
24-Feb-14,326.90,328.50,324.90,327.86,1352302
21-Feb-14,326.90,329.60,325.80,328.84,1375551
20-Feb-14,316.80,326.10,315.70,326.10,1499325
19-Feb-14,317.00,320.30,315.00,319.70,1337392
18-Feb-14,316.90,319.20,315.80,318.30,884911
17-Feb-14,317.30,317.50,315.00,317.50,1260405
14-Feb-14,315.70,317.00,314.70,315.90,970728
13-Feb-14,314.90,317.10,313.40,316.60,1034392
12-Feb-14,318.70,320.80,314.10,316.50,1586845
11-Feb-14,318.20,319.50,315.70,318.80,1769957
10-Feb-14,316.70,319.50,315.00,318.20,915327
7-Feb-14,318.20,318.40,315.90,318.00,968593
6-Feb-14,313.80,318.30,311.80,318.20,1695723
5-Feb-14,314.60,315.60,312.10,313.00,2010413
4-Feb-14,311.20,315.30,310.60,314.90,1624249
3-Feb-14,316.10,318.40,312.10,312.10,1715407
31-Jan-14,324.10,324.20,309.70,315.60,2775789
30-Jan-14,325.10,331.40,322.10,326.00,2728612
29-Jan-14,330.10,332.70,322.90,326.00,3658717
28-Jan-14,315.20,320.50,311.50,320.40,1551573
27-Jan-14,313.10,315.90,311.00,314.70,2027242
24-Jan-14,316.80,316.80,309.10,311.10,1213318
23-Jan-14,315.10,318.30,313.50,317.50,1193127
22-Jan-14,316.00,318.00,314.40,317.50,1739169
21-Jan-14,317.50,317.50,314.90,316.00,1713920
20-Jan-14,315.60,316.60,312.00,316.00,1250515
17-Jan-14,309.30,314.50,307.10,314.50,2099526
16-Jan-14,310.80,311.10,308.80,310.00,874378
15-Jan-14,311.50,312.20,309.20,311.80,805316
14-Jan-14,310.20,311.60,307.10,311.30,784731
13-Jan-14,314.00,314.30,311.80,313.50,612994
10-Jan-14,310.00,313.70,310.00,313.70,1023807
9-Jan-14,306.80,309.50,306.80,309.00,929735
8-Jan-14,311.10,311.30,306.30,307.40,1286290
7-Jan-14,312.30,316.00,310.30,311.10,1429691
6-Jan-14,310.30,312.20,310.10,310.20,454058
3-Jan-14,309.10,310.90,308.80,309.90,696924
2-Jan-14,311.50,314.10,306.90,308.00,877214
31-Dec-13,310.30,313.50,309.90,309.90,261619
30-Dec-13,308.10,312.10,308.10,310.40,641048
27-Dec-13,306.60,311.40,306.60,309.80,396774
24-Dec-13,312.10,312.10,307.20,307.20,113781
23-Dec-13,308.50,311.30,306.90,310.50,698987
20-Dec-13,308.90,310.20,306.00,306.50,2393016
19-Dec-13,307.00,310.90,307.00,308.30,1556806
18-Dec-13,305.20,308.90,304.00,304.00,822923
17-Dec-13,308.50,308.60,304.80,304.80,1032306
16-Dec-13,308.60,311.10,308.00,309.40,532160
13-Dec-13,315.10,315.10,307.70,309.80,790080
12-Dec-13,310.80,310.90,306.00,308.30,1165274
11-Dec-13,316.10,316.10,311.60,311.60,1012312
10-Dec-13,315.80,319.40,313.80,316.40,741318
9-Dec-13,317.30,317.30,314.40,315.80,534118
6-Dec-13,313.70,317.00,312.30,316.30,933449
5-Dec-13,311.60,315.10,311.50,312.20,753865
4-Dec-13,313.50,317.20,311.80,312.60,1129195
3-Dec-13,316.00,316.00,308.80,312.80,1644414
2-Dec-13,321.30,321.70,316.10,316.90,992957
29-Nov-13,322.00,325.50,321.00,321.30,1077955
28-Nov-13,319.80,324.10,318.30,322.00,907764
27-Nov-13,322.50,324.50,319.60,322.00,2087534
26-Nov-13,327.00,328.10,323.00,323.20,1368142
25-Nov-13,327.30,329.70,326.30,328.30,876978
22-Nov-13,326.90,328.50,325.10,328.50,656464
21-Nov-13,329.00,329.70,327.30,327.30,866537
20-Nov-13,332.50,333.00,327.20,329.40,725709
19-Nov-13,335.90,335.90,332.60,333.60,660939
18-Nov-13,337.30,338.80,335.70,337.70,879914
15-Nov-13,335.80,339.40,335.80,338.80,975672
14-Nov-13,336.10,336.20,332.70,334.60,1029992
13-Nov-13,336.10,336.10,331.60,333.00,991504
12-Nov-13,336.00,339.40,334.80,336.70,703095
11-Nov-13,333.70,336.60,332.60,336.60,767237
8-Nov-13,331.80,334.10,330.20,333.30,925075
7-Nov-13,333.20,336.10,330.60,332.70,1416319
6-Nov-13,337.50,337.50,331.50,334.00,1879486
5-Nov-13,343.60,344.10,333.00,335.40,1780460
4-Nov-13,343.70,345.80,343.60,345.80,925886
1-Nov-13,349.10,349.10,342.70,343.30,1332649
31-Oct-13,347.10,347.10,343.00,344.20,2303345
30-Oct-13,348.50,350.40,345.50,347.20,4204418
29-Oct-13,346.30,347.70,345.30,347.60,1153153
28-Oct-13,346.00,347.90,344.20,346.40,706678
25-Oct-13,340.40,345.30,340.00,344.60,963485
24-Oct-13,334.70,342.90,334.70,342.10,876744
23-Oct-13,333.90,336.90,-,335.50,815286
22-Oct-13,330.60,335.50,330.60,335.10,921932
21-Oct-13,332.20,334.00,329.70,334.00,579333
18-Oct-13,332.60,334.40,331.30,331.60,530335
17-Oct-13,330.60,332.70,326.80,332.70,939300
16-Oct-13,323.40,331.00,322.60,329.20,1256215
15-Oct-13,328.80,330.50,327.70,330.00,1152063
14-Oct-13,323.80,330.30,322.30,327.30,1322941
11-Oct-13,328.00,331.30,327.90,329.70,791226
10-Oct-13,319.00,328.10,319.00,328.10,828543
9-Oct-13,317.10,322.10,316.90,320.50,1248801
8-Oct-13,322.00,323.80,317.90,318.10,1037888
7-Oct-13,323.50,324.10,320.30,322.80,758260
4-Oct-13,324.40,324.90,321.30,321.90,1003525
3-Oct-13,318.30,322.40,318.30,320.30,693850
2-Oct-13,324.40,324.40,315.60,319.70,1175104
1-Oct-13,316.00,324.90,313.00,324.90,1481990
30-Sep-13,323.10,323.50,319.90,321.10,1209115
27-Sep-13,326.50,326.50,322.00,324.60,642380
26-Sep-13,325.70,327.00,321.30,326.90,787332
25-Sep-13,325.60,326.10,321.70,324.70,807063
24-Sep-13,320.10,325.80,320.10,324.00,737516
20-Sep-13,321.30,327.40,321.30,324.50,1958622
19-Sep-13,320.50,325.80,320.50,323.40,1027664
18-Sep-13,317.40,319.60,315.40,316.70,1267049
17-Sep-13,319.70,321.00,317.30,318.30,838165
16-Sep-13,317.80,320.00,314.10,319.80,560636
13-Sep-13,315.60,316.00,312.00,316.00,916712
12-Sep-13,314.10,315.70,312.30,313.40,1316518
11-Sep-13,313.50,314.50,311.10,314.00,1007980
10-Sep-13,308.10,313.40,308.00,313.00,1011175
9-Sep-13,305.10,309.20,303.60,307.00,1296496
6-Sep-13,304.80,306.90,303.20,305.00,1134703
5-Sep-13,303.40,307.10,302.70,304.90,1386325
4-Sep-13,302.20,304.50,300.50,303.50,1556382
3-Sep-13,312.10,312.30,301.60,301.60,1625248
2-Sep-13,305.80,313.80,305.80,312.20,1027557
30-Aug-13,307.60,309.10,305.30,305.90,1134270
29-Aug-13,311.10,314.20,304.90,307.50,956846
28-Aug-13,311.50,312.40,310.00,311.00,952878
27-Aug-13,312.70,312.70,308.50,312.10,974936
23-Aug-13,311.20,314.10,308.80,312.90,808412
22-Aug-13,308.60,312.00,307.60,311.10,750122
21-Aug-13,311.00,311.90,307.60,308.50,643573
20-Aug-13,312.00,312.00,309.70,311.90,672967
19-Aug-13,313.90,313.90,308.40,312.10,802802
16-Aug-13,309.90,314.00,309.90,314.00,924610
15-Aug-13,315.40,315.80,309.00,310.00,1091713
14-Aug-13,316.80,318.00,315.00,315.30,729280
13-Aug-13,315.10,318.00,313.00,316.70,1007501
12-Aug-13,318.00,318.70,314.00,315.00,725297
9-Aug-13,317.40,319.30,316.50,317.90,682035
8-Aug-13,317.90,318.40,315.20,317.30,981393
7-Aug-13,320.30,326.10,317.20,317.80,1765413
6-Aug-13,330.80,331.70,324.20,324.90,1997151
5-Aug-13,333.10,335.90,330.50,330.90,1168780
2-Aug-13,333.10,333.50,329.40,333.20,1258817
1-Aug-13,336.50,338.00,326.00,333.00,1763596
31-Jul-13,332.90,339.60,330.20,336.60,984619
30-Jul-13,332.30,335.40,332.00,332.80,669135
29-Jul-13,330.90,333.00,330.20,331.40,697299
26-Jul-13,332.80,335.00,329.20,331.00,759743
25-Jul-13,334.40,335.40,329.60,331.50,728440
24-Jul-13,338.10,340.00,332.80,334.30,1489525
23-Jul-13,334.20,341.30,334.00,338.00,941748
22-Jul-13,330.20,334.70,328.60,333.90,600012
19-Jul-13,328.70,332.10,327.00,330.10,583510
18-Jul-13,328.10,329.90,325.57,328.60,695215
17-Jul-13,331.90,334.70,328.20,328.20,918078
16-Jul-13,330.90,333.90,330.90,331.80,815664
15-Jul-13,328.50,334.30,328.40,331.00,1000335
12-Jul-13,329.30,332.00,327.90,328.40,1073858
11-Jul-13,327.70,334.50,327.70,331.30,929229
10-Jul-13,329.40,334.30,321.80,326.30,1013417
9-Jul-13,322.30,332.50,322.10,329.50,1475349
8-Jul-13,319.40,326.80,319.40,322.20,1195150
5-Jul-13,320.90,327.70,316.70,319.30,1174732
4-Jul-13,315.10,323.60,312.80,320.30,1270003
3-Jul-13,314.40,315.00,308.50,315.00,1496541
2-Jul-13,315.90,319.40,313.90,315.40,1675933
1-Jul-13,313.90,320.40,310.00,316.00,1624065
28-Jun-13,311.90,316.70,309.40,312.60,1879198
27-Jun-13,310.90,314.40,307.20,312.00,1810073
26-Jun-13,303.40,311.80,301.90,311.60,1656082
25-Jun-13,303.30,304.60,297.40,303.80,1563978
24-Jun-13,307.60,311.10,300.60,300.60,1716181
21-Jun-13,317.30,318.70,307.40,307.40,2807752
20-Jun-13,328.10,328.10,313.30,316.10,1989695
19-Jun-13,326.10,326.30,320.70,326.10,963888
18-Jun-13,326.00,328.80,323.00,326.50,883329
17-Jun-13,325.00,328.70,324.10,327.10,708091
14-Jun-13,321.80,326.30,320.80,325.60,1213080
13-Jun-13,315.60,321.00,313.00,318.40,1393201
12-Jun-13,321.10,323.30,319.10,319.50,1034707
11-Jun-13,329.50,329.50,317.40,322.70,1920827
10-Jun-13,334.20,334.30,328.80,329.50,1166763
7-Jun-13,335.60,336.00,329.90,334.90,1441609
6-Jun-13,341.30,341.90,331.90,333.30,2047820
5-Jun-13,339.90,346.00,337.90,342.80,10164049
4-Jun-13,344.10,344.60,337.20,341.60,1545548
3-Jun-13,337.40,341.90,332.60,341.20,2103807
31-May-13,337.20,339.50,332.90,338.90,2311483
30-May-13,329.80,339.10,329.70,337.50,1423440
29-May-13,325.30,342.50,325.30,330.10,1392314
28-May-13,341.40,345.70,341.40,341.40,1691789
24-May-13,346.50,346.50,341.30,341.30,1263519
23-May-13,350.00,350.00,343.80,345.80,1302647
22-May-13,355.60,358.00,351.10,352.10,739349
21-May-13,358.40,360.00,354.80,356.60,1267737
20-May-13,361.00,363.00,357.50,357.90,853573
17-May-13,355.60,361.00,354.70,359.60,919657
16-May-13,355.50,357.80,352.90,355.90,775638
15-May-13,352.80,357.60,352.80,356.90,962289
14-May-13,345.30,353.50,344.10,353.50,1072501
13-May-13,344.40,346.10,342.04,344.30,920087
10-May-13,343.90,345.70,341.80,343.80,980304
9-May-13,344.50,348.10,341.90,344.30,1209660
8-May-13,351.60,351.90,347.70,348.20,1035928
7-May-13,343.10,350.60,343.10,349.00,1286499
3-May-13,339.00,343.10,336.50,342.30,845210
2-May-13,340.10,341.90,334.00,338.50,1092443
1-May-13,344.60,344.60,335.30,339.60,341236
30-Apr-13,341.90,345.20,340.30,342.70,1276511
29-Apr-13,337.40,342.90,336.80,341.80,1314790
26-Apr-13,339.10,339.10,332.20,334.90,677324
25-Apr-13,342.80,342.80,335.60,339.20,919919
24-Apr-13,337.90,339.37,332.20,339.20,1061600
23-Apr-13,344.30,345.80,342.20,343.70,765073
22-Apr-13,345.40,348.10,340.80,343.10,1076400
19-Apr-13,344.30,344.60,340.40,343.60,726584
18-Apr-13,341.30,344.65,339.30,341.20,1216221
17-Apr-13,345.10,345.10,337.00,339.90,1227527
16-Apr-13,336.00,342.70,336.00,342.60,1384945
15-Apr-13,338.80,340.40,335.00,336.00,1199595
12-Apr-13,341.70,345.00,338.50,341.20,1366923
11-Apr-13,336.80,341.60,336.40,340.90,945896
10-Apr-13,330.20,340.60,330.20,338.50,1489250
9-Apr-13,328.60,332.90,328.30,331.90,1332736
8-Apr-13,326.70,329.30,324.80,327.00,1234049
5-Apr-13,328.70,328.70,322.50,324.40,1171299
4-Apr-13,330.20,331.20,326.90,327.80,1159359
3-Apr-13,330.70,332.70,326.90,327.90,1594703
2-Apr-13,333.00,339.10,331.80,333.20,1311993
28-Mar-13,325.80,334.30,325.00,334.30,2935826
27-Mar-13,330.40,331.00,323.30,324.70,2319348
26-Mar-13,329.40,331.80,326.90,329.79,1290067
25-Mar-13,331.60,332.60,327.50,327.70,1727505
22-Mar-13,327.10,331.20,326.92,329.30,1111752
21-Mar-13,331.40,331.50,326.80,327.10,1269052
20-Mar-13,332.90,334.00,329.70,332.30,2018545
19-Mar-13,329.90,331.40,327.90,330.00,1442773
18-Mar-13,325.20,331.40,325.00,330.70,1584842
15-Mar-13,333.10,333.10,330.30,332.00,19992035
14-Mar-13,330.40,332.72,328.70,331.00,2789590
13-Mar-13,327.30,331.90,326.37,331.80,2116866
12-Mar-13,329.40,329.40,325.30,327.50,2169908
11-Mar-13,326.80,331.80,324.50,327.70,1760793
8-Mar-13,331.80,334.50,328.10,328.70,2465077
7-Mar-13,333.70,335.50,328.40,332.20,2486305
6-Mar-13,335.60,335.70,326.30,329.50,4845826
5-Mar-13,344.00,344.00,332.80,334.00,3627815
4-Mar-13,334.10,339.70,333.30,339.10,1886756
1-Mar-13,331.90,336.60,331.00,336.00,4386680
28-Feb-13,335.00,336.50,331.30,332.70,3920855
27-Feb-13,335.20,338.00,329.90,333.90,10152542
26-Feb-13,344.00,345.40,340.80,342.90,1346787
25-Feb-13,353.40,356.00,346.60,347.30,1653810
22-Feb-13,356.30,356.30,351.00,355.30,1480674
21-Feb-13,359.10,359.10,351.30,353.70,1616195
20-Feb-13,357.70,359.50,357.70,357.80,1586368
19-Feb-13,353.20,360.50,353.20,358.10,2167127
18-Feb-13,362.40,364.60,360.00,360.30,765131
15-Feb-13,363.70,363.70,360.70,361.20,1190586
14-Feb-13,362.90,364.40,360.40,361.10,1106403
13-Feb-13,356.10,364.40,356.10,363.60,1459432
12-Feb-13,352.30,357.24,351.40,357.20,1375011
11-Feb-13,352.50,354.70,351.00,352.30,1247349
8-Feb-13,352.80,355.10,351.50,351.90,679840
7-Feb-13,357.20,359.00,351.40,351.80,737399
6-Feb-13,358.70,360.60,355.70,356.60,882121
5-Feb-13,356.00,359.90,355.60,358.10,1028327
4-Feb-13,359.60,359.60,354.60,356.00,756237
1-Feb-13,357.80,359.60,354.20,359.40,892234
31-Jan-13,357.70,358.60,355.40,356.20,971398
30-Jan-13,357.10,358.60,356.50,357.20,529183
29-Jan-13,357.30,360.00,355.00,357.30,1207599
28-Jan-13,358.20,360.10,356.60,356.70,877001
25-Jan-13,357.80,359.30,356.40,359.10,1025878
24-Jan-13,354.60,359.50,351.10,359.50,1936491
23-Jan-13,357.90,358.30,352.80,356.10,1410824
22-Jan-13,359.60,360.50,355.30,358.20,659975
21-Jan-13,361.50,364.30,357.20,359.70,586756
18-Jan-13,361.20,361.80,357.10,360.10,1308031
17-Jan-13,362.00,364.00,359.12,361.50,1206796
16-Jan-13,367.00,368.42,360.85,361.30,1250698
15-Jan-13,363.80,368.40,361.42,363.40,1115944
14-Jan-13,367.70,369.80,363.80,364.80,733018
11-Jan-13,364.80,367.50,364.80,366.00,1033064
10-Jan-13,364.90,367.70,364.20,364.90,884452
9-Jan-13,365.40,367.70,364.50,365.90,1232037
8-Jan-13,360.50,366.30,359.50,365.10,1130893
7-Jan-13,359.10,360.64,357.20,360.60,670759
4-Jan-13,357.30,360.60,357.30,359.80,1038709
3-Jan-13,363.50,363.50,358.00,358.30,984503
2-Jan-13,357.90,363.10,356.10,362.90,1000043
