31-Dec-15,480.90,482.90,474.60,479.40,185764
30-Dec-15,489.50,491.20,484.50,485.10,947760
29-Dec-15,495.80,495.80,487.60,492.90,832111
24-Dec-15,490.20,498.60,489.30,493.70,290321
23-Dec-15,484.90,489.70,481.50,485.50,950660
22-Dec-15,469.40,488.40,469.40,481.10,2077456
21-Dec-15,464.60,479.50,462.20,468.00,1762343
18-Dec-15,467.40,469.40,458.90,462.10,2058999
16-Dec-15,455.00,459.10,451.90,453.00,1508845
15-Dec-15,441.00,463.50,440.90,453.38,2900782
14-Dec-15,455.00,468.20,432.20,454.17,3704069
11-Dec-15,462.60,462.60,410.70,419.00,3898764
10-Dec-15,515.00,515.00,467.80,469.90,2438158
9-Dec-15,528.00,532.50,523.50,528.23,790119
8-Dec-15,532.00,533.00,522.50,526.00,853562
7-Dec-15,535.50,541.00,530.50,532.00,664918
4-Dec-15,546.00,560.21,530.00,536.00,2183101
3-Dec-15,568.00,569.00,550.50,550.50,1572742
2-Dec-15,569.50,571.50,563.50,567.50,849146
1-Dec-15,561.50,570.50,558.50,570.50,1245257
30-Nov-15,561.50,566.50,558.50,565.00,1647704
27-Nov-15,563.50,568.50,560.17,565.98,684085
26-Nov-15,570.00,571.50,564.50,570.50,766651
25-Nov-15,559.50,568.00,558.88,566.00,599561
24-Nov-15,551.50,559.50,546.50,550.86,1273942
23-Nov-15,550.00,552.00,546.00,548.64,996343
20-Nov-15,555.50,558.50,546.50,554.50,1131246
19-Nov-15,518.50,549.67,518.50,540.23,1114495
18-Nov-15,508.00,511.50,500.82,511.00,658322
17-Nov-15,501.50,514.00,501.50,510.50,1049568
16-Nov-15,490.00,496.60,489.20,493.70,1245346
13-Nov-15,504.50,505.00,493.30,495.00,895052
12-Nov-15,518.50,519.50,504.00,509.00,890285
11-Nov-15,519.50,522.50,516.50,521.50,739996
10-Nov-15,533.00,533.00,516.00,521.50,1194552
9-Nov-15,538.50,538.50,530.50,532.00,809502
6-Nov-15,535.00,539.00,530.00,537.00,821253
5-Nov-15,544.50,544.50,534.00,535.50,992646
4-Nov-15,550.00,551.50,540.00,540.00,886765
3-Nov-15,551.50,555.50,541.25,546.00,445970
2-Nov-15,539.50,549.00,537.00,547.52,448645
30-Oct-15,545.50,547.50,538.50,540.60,971708
29-Oct-15,545.50,548.00,540.00,542.95,689702
28-Oct-15,544.00,555.00,541.50,553.50,748068
27-Oct-15,550.00,550.50,542.00,546.02,484248
26-Oct-15,551.00,557.50,549.50,551.00,473316
23-Oct-15,541.00,557.50,541.00,551.74,452379
22-Oct-15,531.00,542.50,529.50,539.00,459495
21-Oct-15,542.50,543.50,532.08,535.71,617923
20-Oct-15,543.50,545.00,535.00,538.71,376069
19-Oct-15,541.00,547.50,539.50,543.00,731569
16-Oct-15,544.00,546.50,538.00,542.50,490329
15-Oct-15,538.00,542.00,533.50,538.00,589939
14-Oct-15,531.50,535.00,527.00,529.00,593703
13-Oct-15,543.50,544.00,530.00,534.00,599410
12-Oct-15,546.50,553.50,544.50,545.00,534943
9-Oct-15,541.50,554.00,541.50,545.50,747275
8-Oct-15,537.50,540.00,535.00,538.50,542647
7-Oct-15,542.50,546.00,538.50,542.32,1000869
6-Oct-15,533.00,538.00,529.43,532.88,910745
5-Oct-15,525.00,535.00,523.50,532.50,1200711
2-Oct-15,515.50,521.50,509.00,512.82,885087
1-Oct-15,512.50,515.00,508.00,511.15,1005602
30-Sep-15,509.50,510.00,504.50,508.65,1042682
29-Sep-15,493.50,503.00,493.10,500.43,966860
28-Sep-15,515.00,515.00,498.10,502.65,889582
25-Sep-15,513.50,523.36,513.00,516.58,933723
24-Sep-15,523.00,525.00,506.50,507.50,1023236
23-Sep-15,509.00,527.50,507.00,523.00,992831
22-Sep-15,528.50,529.00,510.00,510.00,986478
21-Sep-15,521.50,533.50,521.50,525.50,715443
18-Sep-15,534.50,540.50,524.00,530.95,2414512
17-Sep-15,539.50,551.00,536.50,542.63,1825820
16-Sep-15,534.50,543.00,528.00,537.89,1253006
15-Sep-15,526.50,535.00,521.50,530.50,1328807
14-Sep-15,518.00,531.00,518.00,527.00,1332101
11-Sep-15,523.00,523.00,516.00,516.50,533387
10-Sep-15,517.50,524.50,511.00,517.29,933289
9-Sep-15,524.00,532.00,523.50,524.00,1087244
8-Sep-15,504.50,521.00,504.50,516.32,770740
7-Sep-15,506.50,509.50,499.90,503.47,878239
4-Sep-15,510.50,519.50,504.00,504.00,849412
3-Sep-15,521.50,525.00,518.00,520.50,841313
2-Sep-15,513.00,522.50,511.50,516.00,906311
1-Sep-15,530.50,530.50,508.50,530.48,1087183
28-Aug-15,533.00,535.50,528.50,534.50,1233084
27-Aug-15,526.50,536.50,525.50,532.39,1418887
26-Aug-15,521.50,524.00,509.00,513.50,1555323
25-Aug-15,511.00,528.50,499.90,525.79,2124585
24-Aug-15,514.00,532.00,482.40,501.00,2814874
21-Aug-15,533.00,536.50,518.00,518.00,1445300
20-Aug-15,547.00,549.50,533.00,538.74,1152634
19-Aug-15,557.00,557.00,548.00,548.00,723800
18-Aug-15,555.00,560.00,550.50,556.35,740232
17-Aug-15,564.50,565.50,550.50,556.76,1046561
14-Aug-15,571.00,574.50,560.50,567.08,564480
13-Aug-15,572.00,575.50,567.50,570.86,618187
12-Aug-15,581.50,587.66,561.50,564.50,970642
11-Aug-15,587.00,591.50,585.00,586.00,709355
10-Aug-15,589.50,591.28,579.00,585.94,546666
7-Aug-15,592.50,593.00,584.50,589.51,899711
6-Aug-15,589.00,598.00,588.00,591.71,749472
5-Aug-15,595.00,596.00,588.50,590.96,911654
4-Aug-15,585.50,594.50,584.00,590.56,1551036
3-Aug-15,585.50,587.00,580.00,584.00,1035244
31-Jul-15,586.50,586.50,577.50,585.50,1155468
30-Jul-15,589.00,589.00,580.00,582.50,1143316
29-Jul-15,599.50,601.20,593.00,601.20,942380
28-Jul-15,598.00,605.00,590.00,594.50,1265579
27-Jul-15,601.50,603.50,595.50,595.50,808499
24-Jul-15,611.00,615.50,602.00,603.00,1051138
23-Jul-15,611.50,614.00,601.50,611.00,1055486
22-Jul-15,607.50,615.50,606.50,610.83,951479
21-Jul-15,618.50,622.50,613.50,614.50,805366
20-Jul-15,618.00,624.50,616.00,616.50,872800
17-Jul-15,617.50,623.00,616.00,621.00,1270764
16-Jul-15,610.00,620.00,609.00,617.00,837391
15-Jul-15,599.50,609.50,597.50,602.57,773017
14-Jul-15,608.50,608.50,596.50,601.50,985339
13-Jul-15,597.50,608.00,595.50,606.00,1720803
10-Jul-15,595.00,598.50,591.00,592.50,1036197
9-Jul-15,571.50,589.50,571.50,586.63,1243939
8-Jul-15,563.50,572.50,561.00,570.00,1373796
7-Jul-15,577.00,577.00,560.50,562.00,1452883
6-Jul-15,577.50,580.00,572.50,575.00,1328702
3-Jul-15,592.50,592.50,583.00,583.50,701909
2-Jul-15,581.00,591.50,580.72,590.00,1252918
1-Jul-15,582.00,584.00,572.50,579.00,1339182
30-Jun-15,562.50,578.00,562.50,572.00,1605624
29-Jun-15,569.50,574.00,560.00,567.00,1243986
26-Jun-15,588.50,590.00,581.00,583.50,775069
25-Jun-15,581.00,593.00,580.00,590.50,1581226
24-Jun-15,578.50,583.00,573.50,582.00,1271691
23-Jun-15,582.00,582.00,575.00,579.00,1241003
22-Jun-15,571.50,579.50,566.00,573.56,1240355
19-Jun-15,567.50,569.00,560.50,563.00,1729192
18-Jun-15,563.50,568.50,558.00,565.38,1036197
17-Jun-15,570.50,574.00,561.50,563.00,1095705
16-Jun-15,570.00,573.00,563.50,572.00,1016934
15-Jun-15,576.00,578.50,570.50,572.00,987451
12-Jun-15,587.00,587.00,577.50,583.06,952070
11-Jun-15,585.50,591.50,584.00,587.50,1418743
10-Jun-15,572.00,587.50,570.00,586.50,2476984
9-Jun-15,572.50,573.00,566.00,571.00,2202537
8-Jun-15,573.50,577.00,568.63,572.50,1390102
5-Jun-15,576.00,576.50,568.00,570.11,1773769
4-Jun-15,586.50,587.00,573.00,577.53,1770056
3-Jun-15,587.00,591.00,581.00,587.03,1920861
2-Jun-15,599.50,599.50,579.00,583.48,1827585
1-Jun-15,602.00,602.00,588.50,592.62,1841460
29-May-15,610.50,610.50,596.00,603.15,2049181
28-May-15,614.50,616.50,607.00,612.00,1288271
27-May-15,623.00,626.00,605.00,615.00,2841323
26-May-15,642.50,643.00,620.50,624.00,1821865
22-May-15,642.00,649.50,640.50,647.00,1325253
21-May-15,628.00,639.00,628.00,634.96,1686640
20-May-15,621.50,630.50,619.00,629.50,898803
19-May-15,617.00,625.50,615.00,625.00,829165
18-May-15,612.00,618.50,609.00,612.62,1036712
15-May-15,604.50,612.50,604.00,612.50,1121427
14-May-15,602.50,606.50,596.50,606.50,1470764
13-May-15,592.50,606.50,591.00,604.00,1118070
12-May-15,606.00,606.00,588.00,593.50,1345875
11-May-15,619.50,620.00,606.50,609.00,1333620
8-May-15,613.50,619.00,604.00,618.50,1523874
7-May-15,600.50,602.50,585.50,602.00,1079371
6-May-15,608.00,610.00,598.50,601.88,1248000
5-May-15,619.50,624.00,609.00,609.00,1107128
1-May-15,624.00,624.50,615.00,617.00,509851
30-Apr-15,617.50,627.00,617.50,625.00,1702378
29-Apr-15,627.00,628.00,616.50,617.50,940855
28-Apr-15,625.50,628.50,617.50,624.00,1034402
27-Apr-15,625.50,627.50,613.50,627.00,682632
24-Apr-15,625.00,625.00,616.50,621.00,1015647
23-Apr-15,612.50,626.50,610.50,621.50,1376824
22-Apr-15,615.00,623.50,611.00,614.00,961978
21-Apr-15,610.00,618.00,600.50,616.00,1686990
20-Apr-15,594.00,602.00,593.50,596.50,788769
17-Apr-15,595.50,603.00,589.80,591.00,993057
16-Apr-15,598.50,600.00,592.50,595.40,1146508
15-Apr-15,597.00,599.50,593.00,594.00,804434
14-Apr-15,601.00,601.50,594.50,599.50,872171
13-Apr-15,605.00,608.00,597.50,600.00,610085
10-Apr-15,599.00,608.50,596.00,608.00,846051
9-Apr-15,587.50,597.50,587.50,595.50,804143
8-Apr-15,581.00,589.50,576.50,586.00,1245527
7-Apr-15,578.50,585.00,577.50,581.44,895266
2-Apr-15,566.50,576.00,566.50,573.00,652893
1-Apr-15,563.00,569.50,560.00,565.00,775138
31-Mar-15,572.50,575.50,561.00,561.00,948136
30-Mar-15,565.00,575.50,565.00,572.00,764633
27-Mar-15,566.50,570.50,561.50,564.00,945429
26-Mar-15,585.00,586.00,567.50,573.50,1207361
25-Mar-15,594.50,597.50,586.50,591.87,929539
24-Mar-15,593.00,605.00,591.00,599.44,1530562
23-Mar-15,599.00,602.00,589.50,593.16,1271196
20-Mar-15,598.00,609.00,589.00,599.50,2198507
19-Mar-15,597.00,604.50,596.50,598.00,1299226
18-Mar-15,592.00,595.50,584.00,593.69,834039
17-Mar-15,589.50,595.50,582.50,588.50,1200176
16-Mar-15,567.00,589.00,567.00,586.00,1176801
13-Mar-15,570.50,580.50,565.00,568.50,1026619
12-Mar-15,564.00,577.00,562.50,569.50,1186108
11-Mar-15,555.50,564.50,554.50,562.50,1081130
10-Mar-15,567.00,573.00,557.50,558.00,1409199
9-Mar-15,583.50,583.50,573.50,577.00,646627
6-Mar-15,579.00,592.50,578.54,586.00,947219
5-Mar-15,571.50,583.50,571.00,582.55,929030
4-Mar-15,577.00,578.00,567.00,572.61,887898
3-Mar-15,576.00,585.50,575.00,577.41,1340593
2-Mar-15,577.00,582.00,573.00,577.14,1027297
27-Feb-15,581.00,585.50,572.00,577.48,913683
26-Feb-15,579.50,586.50,578.00,585.00,711004
25-Feb-15,585.50,592.00,580.00,583.00,1164382
24-Feb-15,582.00,584.50,575.00,582.93,680625
23-Feb-15,578.50,584.00,572.00,584.00,806264
20-Feb-15,578.00,581.50,573.50,575.00,777755
19-Feb-15,576.50,580.50,572.50,580.00,726165
18-Feb-15,570.00,575.50,566.00,575.00,1709264
17-Feb-15,569.00,581.50,568.00,574.50,804762
16-Feb-15,573.50,574.50,570.00,572.44,587436
13-Feb-15,569.00,573.00,562.00,570.50,1043061
12-Feb-15,558.00,569.00,557.00,566.00,1199958
11-Feb-15,551.00,558.50,547.50,557.36,1264491
10-Feb-15,559.50,559.50,549.68,556.50,1727672
9-Feb-15,566.50,568.00,554.00,560.88,691705
6-Feb-15,569.00,572.00,566.50,570.00,703799
5-Feb-15,561.00,572.00,560.00,570.50,981100
4-Feb-15,566.50,567.50,555.50,561.56,1296752
3-Feb-15,558.00,571.50,556.00,569.00,1888019
2-Feb-15,559.50,561.50,550.00,557.00,1176994
30-Jan-15,573.50,573.50,557.50,560.00,1476350
29-Jan-15,566.50,569.50,559.50,560.86,863367
28-Jan-15,564.00,572.50,563.00,570.00,930859
27-Jan-15,568.00,574.50,556.50,564.00,1133318
26-Jan-15,559.50,572.50,557.00,572.50,1125597
23-Jan-15,564.00,572.50,564.00,567.50,1201358
22-Jan-15,554.00,561.50,549.89,561.50,1562853
21-Jan-15,544.50,551.00,543.50,551.00,1040744
20-Jan-15,544.00,548.50,537.00,539.50,1094995
19-Jan-15,536.00,543.00,534.00,539.50,692799
16-Jan-15,540.00,544.00,531.50,537.50,1423810
15-Jan-15,536.50,546.50,526.00,546.50,1868027
14-Jan-15,535.50,542.50,530.50,532.50,1871050
13-Jan-15,533.00,545.50,533.00,541.50,1653890
12-Jan-15,538.50,541.50,529.00,533.00,1337908
9-Jan-15,542.00,548.00,531.00,535.50,1325928
8-Jan-15,541.00,545.50,538.50,543.00,1366990
7-Jan-15,530.50,539.50,527.00,534.61,1517064
6-Jan-15,528.00,539.00,526.50,527.00,1359893
5-Jan-15,531.00,540.00,528.50,529.50,1489446
31-Dec-14,533.50,541.50,532.50,541.50,190810
30-Dec-14,541.50,543.50,532.50,532.50,663071
29-Dec-14,534.50,546.00,534.50,545.00,796991
24-Dec-14,536.50,540.50,535.50,537.50,134236
23-Dec-14,538.00,543.00,535.50,542.00,680654
22-Dec-14,537.50,544.00,536.00,539.00,961310
19-Dec-14,536.50,541.50,525.00,538.00,2219774
18-Dec-14,527.00,533.50,525.00,532.00,2143599
17-Dec-14,510.50,521.47,506.00,519.00,1994860
16-Dec-14,505.50,513.50,501.00,506.85,1911819
15-Dec-14,511.00,523.00,501.65,505.33,1786006
12-Dec-14,523.50,540.35,510.50,510.50,1616343
11-Dec-14,530.50,534.50,524.50,529.50,1888646
10-Dec-14,547.00,547.00,534.00,536.00,2366300
9-Dec-14,559.00,565.50,545.50,547.00,1625198
8-Dec-14,568.50,571.00,561.50,565.50,1597463
5-Dec-14,574.50,579.50,569.00,572.00,1466655
4-Dec-14,581.00,584.00,569.50,572.50,1478537
3-Dec-14,581.00,584.04,574.50,579.50,1774401
2-Dec-14,577.00,585.50,574.50,583.00,1239983
1-Dec-14,584.50,585.00,567.50,581.50,1480162
28-Nov-14,598.50,600.00,591.50,592.00,1485998
27-Nov-14,594.50,600.71,589.59,597.50,1369095
26-Nov-14,598.00,602.50,592.50,597.50,1968233
25-Nov-14,597.50,604.00,593.50,601.00,1705624
24-Nov-14,601.50,606.00,599.50,601.00,1204597
21-Nov-14,589.00,606.50,589.00,606.00,1638080
20-Nov-14,601.00,604.00,582.50,590.96,2048483
19-Nov-14,597.00,598.22,588.21,594.00,862524
18-Nov-14,590.00,593.00,584.00,593.00,993412
17-Nov-14,581.50,591.50,580.00,589.00,1002769
14-Nov-14,582.50,586.00,577.45,586.00,1200298
13-Nov-14,580.50,584.10,576.00,580.50,894173
12-Nov-14,577.50,580.00,572.00,575.00,1040125
11-Nov-14,575.50,581.50,574.00,577.50,1024369
10-Nov-14,575.00,580.50,573.00,580.50,985548
7-Nov-14,572.00,578.00,569.50,572.50,1382685
6-Nov-14,569.00,574.50,563.50,574.00,1116870
5-Nov-14,571.00,575.50,566.00,572.74,1094163
4-Nov-14,567.00,575.50,565.50,567.50,1056836
3-Nov-14,568.00,569.50,562.00,565.00,1080103
31-Oct-14,558.00,572.00,557.00,572.00,2660769
30-Oct-14,549.50,553.00,544.50,549.50,1293647
29-Oct-14,549.00,554.00,547.50,549.00,1115360
28-Oct-14,540.50,549.50,537.50,544.46,1132089
27-Oct-14,543.00,543.00,531.50,536.50,837555
24-Oct-14,531.50,536.50,529.00,534.50,854649
23-Oct-14,530.00,537.00,523.50,535.00,1415227
22-Oct-14,528.00,534.50,525.50,532.83,1264457
21-Oct-14,514.50,530.00,513.00,526.83,2355125
20-Oct-14,518.50,520.50,512.50,517.50,1526457
17-Oct-14,503.50,520.50,501.50,520.50,1731410
16-Oct-14,495.90,504.00,477.20,498.04,3284008
15-Oct-14,516.50,518.00,492.50,495.20,2799707
14-Oct-14,508.00,518.50,500.50,516.50,1367598
13-Oct-14,505.00,515.00,502.00,512.00,995989
10-Oct-14,515.00,515.50,504.00,511.00,1731174
9-Oct-14,528.50,528.50,517.50,519.50,1490231
8-Oct-14,520.00,520.50,514.50,518.50,1249802
7-Oct-14,527.50,530.00,518.50,519.50,1464583
6-Oct-14,522.00,535.00,521.50,529.50,1749661
3-Oct-14,515.50,521.00,514.00,518.50,1292715
2-Oct-14,514.00,520.50,509.90,510.00,1704665
1-Oct-14,518.50,523.50,512.00,518.15,1370087
30-Sep-14,523.00,523.00,516.00,520.00,2270907
29-Sep-14,528.50,528.50,517.00,521.42,1882617
26-Sep-14,524.50,529.50,522.00,527.00,2096483
25-Sep-14,541.50,541.50,519.50,525.00,1790843
24-Sep-14,541.50,545.00,535.50,540.50,679619
23-Sep-14,548.50,548.50,536.50,542.50,1244825
22-Sep-14,553.00,557.00,548.50,550.50,986951
19-Sep-14,561.00,563.50,547.00,558.85,3270366
18-Sep-14,549.00,560.50,549.00,557.50,1871313
17-Sep-14,552.50,556.64,549.50,552.00,2286140
16-Sep-14,550.00,550.60,544.50,547.82,932292
15-Sep-14,556.00,560.00,547.00,551.00,1356440
12-Sep-14,560.50,562.00,554.00,558.00,1753229
11-Sep-14,559.50,561.00,556.00,561.00,925590
10-Sep-14,550.50,558.63,546.50,558.50,1060965
9-Sep-14,555.00,563.00,550.00,556.00,1276304
8-Sep-14,560.50,561.00,554.50,556.50,884113
5-Sep-14,560.00,569.00,559.87,563.00,1143406
4-Sep-14,560.00,562.50,556.00,561.00,720664
3-Sep-14,559.00,560.50,554.00,560.00,1020495
2-Sep-14,548.00,556.00,547.50,553.01,910524
1-Sep-14,547.00,549.00,544.00,549.00,584111
29-Aug-14,548.00,548.50,542.50,548.50,1044809
28-Aug-14,548.50,550.00,545.00,547.50,1235181
27-Aug-14,548.50,554.50,545.50,548.00,1005334
26-Aug-14,540.00,551.00,539.50,550.00,1430538
22-Aug-14,536.00,540.00,534.50,538.00,800018
21-Aug-14,527.50,538.00,524.00,535.50,1178950
20-Aug-14,529.00,529.50,518.00,525.50,1123199
19-Aug-14,527.00,532.00,527.00,529.50,612888
18-Aug-14,521.50,530.00,518.50,523.50,576830
15-Aug-14,530.00,530.00,517.50,521.00,1139191
14-Aug-14,522.00,529.00,522.00,528.00,935122
13-Aug-14,518.50,525.00,517.50,524.63,1392568
12-Aug-14,506.00,523.00,506.00,517.50,1389181
11-Aug-14,501.00,507.50,500.50,505.50,788853
8-Aug-14,486.60,497.30,481.30,497.00,1885403
7-Aug-14,495.40,496.30,489.60,491.60,1599747
6-Aug-14,508.00,508.00,493.60,497.87,1613985
5-Aug-14,512.50,520.00,506.50,510.00,961988
4-Aug-14,503.00,513.50,503.00,510.50,1100186
1-Aug-14,510.00,515.00,502.50,503.50,1967145
31-Jul-14,519.00,519.00,498.60,514.50,1930163
30-Jul-14,535.50,539.00,516.00,519.00,1308088
29-Jul-14,534.50,538.00,531.50,535.00,687863
28-Jul-14,533.00,538.00,529.00,534.00,881288
25-Jul-14,531.00,543.00,531.00,532.50,801502
24-Jul-14,538.00,541.50,533.00,533.50,1038639
23-Jul-14,535.00,544.50,535.00,537.50,848775
22-Jul-14,524.00,539.50,522.00,536.50,729896
21-Jul-14,529.50,531.00,521.00,522.50,800346
18-Jul-14,525.00,532.50,521.50,530.50,805929
17-Jul-14,534.00,534.06,525.00,528.00,1029169
16-Jul-14,532.00,537.00,523.50,534.71,1011105
15-Jul-14,534.00,534.50,528.50,531.50,934547
14-Jul-14,532.50,538.00,532.50,535.00,716903
11-Jul-14,524.00,533.00,523.50,532.00,1399229
10-Jul-14,527.50,530.00,517.00,528.50,1200228
9-Jul-14,529.00,532.00,524.50,528.50,1091939
8-Jul-14,532.50,534.00,527.00,527.50,1021671
7-Jul-14,532.50,533.50,527.50,533.00,1091143
4-Jul-14,534.00,535.00,529.00,532.50,1055836
3-Jul-14,518.50,536.50,514.00,536.50,2097786
2-Jul-14,523.00,527.00,516.50,520.50,1590049
1-Jul-14,540.50,540.50,521.50,524.00,1992053
30-Jun-14,534.00,540.50,532.50,539.00,1151927
27-Jun-14,528.50,534.00,526.50,534.00,826910
26-Jun-14,519.00,530.00,517.00,528.00,1164591
25-Jun-14,526.00,527.00,515.00,517.50,1650122
24-Jun-14,532.50,533.50,527.00,529.00,879404
23-Jun-14,525.50,537.50,525.00,532.00,856480
20-Jun-14,525.00,532.00,524.00,524.00,995487
19-Jun-14,528.00,532.50,525.00,526.50,746680
18-Jun-14,526.00,526.50,519.50,523.00,551007
17-Jun-14,524.50,528.50,522.50,526.50,899212
16-Jun-14,524.00,526.00,516.47,518.34,707426
13-Jun-14,533.50,533.50,518.50,523.50,1068442
12-Jun-14,528.50,535.50,527.50,533.00,800610
11-Jun-14,530.00,533.50,526.50,528.50,1430253
10-Jun-14,527.00,532.00,522.50,531.50,1068705
9-Jun-14,529.00,529.00,521.00,527.50,1129914
6-Jun-14,515.50,529.50,514.00,529.50,1061072
5-Jun-14,512.50,516.50,509.50,515.03,1080331
4-Jun-14,511.00,515.00,507.00,513.53,1005050
3-Jun-14,518.50,518.50,509.50,512.03,969864
2-Jun-14,518.00,522.88,514.00,518.53,1211027
30-May-14,520.00,521.06,514.00,517.53,2342282
29-May-14,520.00,522.50,515.50,521.00,772340
28-May-14,507.00,520.03,507.00,520.03,1839247
27-May-14,513.50,515.00,503.50,506.53,1718609
23-May-14,507.50,516.03,501.00,516.03,1000658
22-May-14,510.00,520.00,506.50,510.53,1044457
21-May-14,512.50,519.50,510.00,514.03,1217995
20-May-14,519.50,521.00,513.00,514.03,712839
19-May-14,512.00,523.50,511.00,521.03,797161
16-May-14,518.50,521.00,503.00,514.50,1104223
15-May-14,536.50,538.00,518.00,520.00,997403
14-May-14,533.50,536.00,530.50,535.50,748370
13-May-14,529.00,533.00,527.00,532.50,661936
12-May-14,527.50,530.00,524.00,527.17,1360508
9-May-14,527.00,527.00,523.00,527.00,955056
8-May-14,523.00,528.50,521.50,528.50,950842
7-May-14,517.00,522.50,511.50,522.50,875603
6-May-14,525.50,527.50,514.50,518.50,1005223
2-May-14,517.50,527.50,516.50,526.50,1075578
1-May-14,523.00,524.62,518.00,518.00,419161
30-Apr-14,521.00,525.00,518.50,521.50,876303
29-Apr-14,516.00,523.00,514.50,523.00,612823
28-Apr-14,511.50,520.00,511.00,516.00,493311
25-Apr-14,511.00,515.00,508.00,511.50,790355
24-Apr-14,506.00,512.50,505.50,512.50,2044258
23-Apr-14,506.50,507.50,503.50,505.44,867820
22-Apr-14,506.00,508.00,502.50,505.00,1339301
17-Apr-14,496.70,507.00,495.40,505.00,1574078
16-Apr-14,495.90,496.60,490.20,496.00,1441581
15-Apr-14,493.20,496.30,488.60,491.15,1300433
14-Apr-14,494.20,495.80,489.30,494.20,1330348
11-Apr-14,497.00,503.00,494.30,495.90,1283774
10-Apr-14,499.20,507.50,497.80,501.50,984175
9-Apr-14,496.00,503.50,494.40,498.49,1479472
8-Apr-14,497.50,502.00,494.30,498.20,972201
7-Apr-14,502.50,503.00,497.20,498.40,1036339
4-Apr-14,497.60,506.50,495.16,504.54,716324
3-Apr-14,497.60,498.00,493.60,496.20,766402
2-Apr-14,493.70,498.40,489.26,498.40,1001863
1-Apr-14,486.60,493.40,483.90,493.40,1500351
31-Mar-14,483.30,484.80,479.00,484.80,1346339
28-Mar-14,480.30,481.70,476.50,481.70,837391
27-Mar-14,478.90,480.70,473.50,479.70,1083495
26-Mar-14,475.50,480.60,474.70,479.70,820010
25-Mar-14,467.70,475.00,465.40,475.00,1400762
24-Mar-14,471.00,471.00,461.90,467.20,2029313
21-Mar-14,447.00,471.70,447.00,468.27,3064960
20-Mar-14,442.50,449.00,436.80,447.60,2650631
19-Mar-14,440.10,447.00,438.30,446.30,1551048
18-Mar-14,439.90,441.60,434.80,440.60,1414027
17-Mar-14,436.50,441.50,434.50,439.50,808085
14-Mar-14,440.20,441.70,434.70,436.50,1787566
13-Mar-14,441.00,444.80,439.30,442.70,1875707
12-Mar-14,440.30,441.90,437.30,439.10,1057867
11-Mar-14,445.50,446.50,443.00,444.10,1427772
10-Mar-14,443.60,449.70,443.00,444.70,2420418
7-Mar-14,445.00,448.10,443.90,445.00,1761168
6-Mar-14,442.00,445.30,441.70,444.50,1234656
5-Mar-14,441.50,443.40,438.30,440.90,1055729
4-Mar-14,439.30,444.10,437.50,442.60,1538837
3-Mar-14,435.30,440.50,434.00,436.00,2359740
28-Feb-14,441.00,449.20,440.00,444.70,1925897
27-Feb-14,437.10,442.40,435.90,442.30,2009913
26-Feb-14,437.10,440.30,433.30,438.90,2124501
25-Feb-14,440.30,440.30,434.50,438.11,2939977
24-Feb-14,433.60,443.50,433.60,442.86,949571
21-Feb-14,435.70,437.10,433.00,435.30,1352272
20-Feb-14,429.00,434.90,429.00,434.50,1633028
19-Feb-14,434.70,437.30,432.10,435.00,1774692
18-Feb-14,431.40,437.40,429.00,437.30,1069195
17-Feb-14,425.30,433.00,425.30,432.90,989716
14-Feb-14,420.00,426.70,420.00,425.90,789577
13-Feb-14,421.30,423.30,417.50,420.70,1017091
12-Feb-14,421.70,428.70,419.80,426.00,1409636
11-Feb-14,414.30,421.60,412.60,419.90,1341901
10-Feb-14,417.70,417.70,412.70,414.20,1788430
7-Feb-14,417.00,420.50,413.60,416.00,1477719
6-Feb-14,397.60,416.80,396.00,415.00,4357521
5-Feb-14,381.60,397.00,380.70,396.80,1711795
4-Feb-14,383.60,390.10,382.40,384.90,2276805
3-Feb-14,391.50,392.30,386.40,387.10,1591443
31-Jan-14,383.60,392.30,383.60,390.54,3158317
30-Jan-14,384.80,384.80,366.20,384.20,2521208
29-Jan-14,402.60,405.20,380.30,386.40,2058748
28-Jan-14,393.90,397.90,390.90,397.80,1400383
27-Jan-14,397.60,397.60,390.20,395.00,1789558
24-Jan-14,412.80,412.80,397.80,402.10,1590549
23-Jan-14,422.50,422.50,410.90,413.90,1189821
22-Jan-14,432.70,433.40,423.40,424.80,839085
21-Jan-14,437.50,440.80,431.00,432.70,667083
20-Jan-14,434.90,438.30,433.20,438.10,522486
17-Jan-14,439.00,441.70,434.00,437.80,1061428
16-Jan-14,438.10,441.40,436.10,440.40,1088280
15-Jan-14,437.00,441.50,434.90,441.40,919651
14-Jan-14,433.50,436.60,429.50,436.60,556688
13-Jan-14,435.80,441.20,434.40,439.00,762143
10-Jan-14,428.70,435.70,428.10,433.70,1140061
9-Jan-14,428.90,431.70,425.30,428.20,1193132
8-Jan-14,431.20,432.70,428.70,430.00,994205
7-Jan-14,428.00,432.00,426.70,431.14,1122156
6-Jan-14,429.00,429.50,424.10,426.20,991971
3-Jan-14,426.90,433.10,424.20,431.40,834670
2-Jan-14,437.10,437.10,425.60,428.40,1116477
31-Dec-13,431.30,437.90,429.30,437.60,228880
30-Dec-13,430.50,434.70,428.30,431.10,930052
27-Dec-13,427.10,434.30,426.10,432.50,496314
24-Dec-13,437.50,437.50,424.60,427.90,222008
23-Dec-13,431.50,438.20,431.50,437.40,816926
20-Dec-13,422.60,432.90,419.60,431.30,1751312
19-Dec-13,416.40,428.40,416.00,423.20,1409359
18-Dec-13,417.00,417.00,411.30,411.90,711922
17-Dec-13,414.00,418.60,413.80,414.70,794358
16-Dec-13,407.00,417.60,406.40,415.10,768135
13-Dec-13,404.20,407.80,400.50,407.00,1067977
12-Dec-13,408.80,408.80,400.30,405.40,1360733
11-Dec-13,414.00,417.50,408.50,409.30,1583967
10-Dec-13,421.00,424.20,418.30,422.40,859644
9-Dec-13,421.90,422.50,414.60,420.30,1068437
6-Dec-13,412.50,419.80,410.40,419.80,956339
5-Dec-13,411.20,414.20,410.10,412.20,1613080
4-Dec-13,415.10,419.40,409.40,414.80,1468407
3-Dec-13,423.30,423.30,406.80,413.00,2155765
2-Dec-13,437.60,437.60,423.90,424.20,809382
29-Nov-13,429.70,434.60,429.30,431.70,628764
28-Nov-13,424.60,430.80,424.60,430.30,757551
27-Nov-13,421.00,426.80,420.00,423.80,1156763
26-Nov-13,423.80,426.40,419.70,421.40,1442997
25-Nov-13,428.80,429.80,424.80,426.00,973356
22-Nov-13,422.00,429.70,420.00,428.40,1485492
21-Nov-13,425.00,426.20,418.40,423.30,1519546
20-Nov-13,425.90,429.30,423.90,426.74,739520
19-Nov-13,430.20,430.20,423.70,427.90,1256465
18-Nov-13,428.40,433.50,427.50,429.61,811017
15-Nov-13,427.30,434.10,425.10,430.50,1229551
14-Nov-13,422.00,426.20,420.80,425.50,1424492
13-Nov-13,426.20,426.70,414.60,417.90,1478515
12-Nov-13,425.50,427.10,420.00,427.10,1327468
11-Nov-13,423.60,426.50,420.40,426.50,1327074
8-Nov-13,427.10,427.10,416.20,423.60,1680648
7-Nov-13,429.80,436.10,426.60,429.30,1466655
6-Nov-13,431.20,432.90,425.30,429.50,1840219
5-Nov-13,438.10,438.60,426.30,430.40,938149
4-Nov-13,442.70,442.70,433.10,438.50,1533942
1-Nov-13,436.40,440.30,435.30,438.50,1421198
31-Oct-13,441.80,441.80,434.10,436.60,1717330
30-Oct-13,435.80,442.40,434.80,442.40,980421
29-Oct-13,439.80,439.80,432.80,436.24,990647
28-Oct-13,442.90,442.90,437.80,440.10,669300
25-Oct-13,436.00,441.10,433.70,441.00,874981
24-Oct-13,435.60,439.40,432.00,437.90,1265133
23-Oct-13,434.20,435.30,431.50,435.30,1282000
22-Oct-13,432.30,435.00,426.20,435.00,1595338
21-Oct-13,431.70,432.20,427.90,432.20,1484499
18-Oct-13,431.30,431.30,422.60,430.60,1003616
17-Oct-13,430.80,430.80,422.30,426.70,1102019
16-Oct-13,427.60,432.60,418.10,431.00,1021960
15-Oct-13,425.30,430.50,425.30,428.70,767036
14-Oct-13,423.40,423.40,419.00,422.90,539111
11-Oct-13,410.00,422.40,408.70,420.20,1064689
10-Oct-13,398.50,408.60,396.50,408.60,775833
9-Oct-13,395.80,398.50,392.80,396.00,902306
8-Oct-13,402.20,403.50,397.10,397.20,867925
7-Oct-13,400.90,403.90,400.00,402.80,999512
4-Oct-13,399.40,402.50,397.30,401.70,862135
3-Oct-13,400.10,404.30,395.80,399.20,823086
2-Oct-13,395.80,400.00,390.40,399.30,1006692
1-Oct-13,401.80,402.40,394.50,396.61,852093
30-Sep-13,395.00,400.80,391.90,399.23,820435
27-Sep-13,404.40,404.40,395.90,399.15,715725
26-Sep-13,404.30,406.50,397.40,404.40,1007743
25-Sep-13,406.70,408.20,401.70,404.70,1240371
24-Sep-13,406.00,408.90,403.00,407.20,714828
20-Sep-13,418.60,420.80,412.50,414.60,2871598
19-Sep-13,424.10,429.30,418.80,421.10,1293784
18-Sep-13,425.80,426.00,413.60,417.71,1283929
17-Sep-13,443.80,443.80,403.90,425.80,2706368
16-Sep-13,441.80,443.30,438.60,441.90,578786
13-Sep-13,439.20,440.00,430.20,436.70,707221
12-Sep-13,437.10,441.40,431.10,441.20,1002793
11-Sep-13,436.40,438.10,431.40,435.70,807519
10-Sep-13,434.00,437.20,428.90,437.20,1150769
9-Sep-13,423.20,429.30,420.00,429.30,816350
6-Sep-13,418.60,424.90,413.60,423.30,1641983
5-Sep-13,416.60,420.30,413.20,418.90,594674
4-Sep-13,418.00,418.10,410.60,416.70,593659
3-Sep-13,421.60,422.00,415.40,418.20,789161
2-Sep-13,415.20,422.20,415.20,420.40,480559
30-Aug-13,415.50,415.50,409.00,411.00,1187210
29-Aug-13,415.20,419.10,410.90,415.20,843330
28-Aug-13,415.40,415.80,408.60,412.30,1236572
27-Aug-13,427.30,428.30,415.40,415.90,1107801
23-Aug-13,422.30,430.00,421.80,428.90,637062
22-Aug-13,420.20,425.40,418.80,424.20,1036824
21-Aug-13,428.30,428.30,420.50,420.50,821869
20-Aug-13,428.60,429.50,423.60,426.70,1101693
19-Aug-13,439.50,439.50,429.70,431.80,1194029
16-Aug-13,430.90,439.90,430.30,439.60,676810
15-Aug-13,443.10,445.40,430.10,431.40,988022
14-Aug-13,437.60,444.80,437.30,443.10,693650
13-Aug-13,438.40,444.00,436.30,439.40,1384977
12-Aug-13,436.20,440.10,435.70,438.60,1117640
9-Aug-13,432.30,437.40,430.20,436.20,408559
8-Aug-13,428.00,432.20,424.10,429.00,926773
7-Aug-13,429.70,433.50,425.90,427.30,944151
6-Aug-13,436.80,439.70,429.10,431.70,917232
5-Aug-13,443.10,448.60,431.50,438.00,1147462
2-Aug-13,450.50,450.90,438.70,442.80,990230
1-Aug-13,439.50,450.10,432.60,449.70,1187095
31-Jul-13,435.20,441.00,433.10,439.30,1227147
30-Jul-13,447.80,450.80,444.50,446.40,621118
29-Jul-13,446.70,452.30,445.00,446.20,847376
26-Jul-13,449.80,453.30,445.00,446.60,556104
25-Jul-13,453.60,457.20,444.30,448.30,597670
24-Jul-13,453.30,461.40,452.00,453.70,1051967
23-Jul-13,448.50,458.20,447.00,452.50,1054061
22-Jul-13,445.50,448.30,444.20,448.20,752513
19-Jul-13,445.50,448.60,441.00,445.70,707005
18-Jul-13,441.60,446.30,441.00,445.60,613362
17-Jul-13,440.60,442.40,429.40,441.80,1039835
16-Jul-13,439.80,443.30,436.30,437.90,1188786
15-Jul-13,434.10,440.80,430.00,440.10,986638
12-Jul-13,431.50,435.43,428.80,433.30,1021562
11-Jul-13,432.00,436.00,428.80,431.10,1898599
10-Jul-13,428.40,433.40,422.40,427.00,1315647
9-Jul-13,429.40,440.40,427.70,430.00,1403403
8-Jul-13,423.30,428.50,418.40,425.50,1136266
5-Jul-13,430.50,434.50,419.90,420.40,957213
4-Jul-13,419.30,432.00,417.40,429.90,848900
3-Jul-13,418.30,418.30,407.40,417.00,897124
2-Jul-13,431.30,431.60,418.70,421.50,982656
1-Jul-13,415.00,431.82,415.00,431.30,1519073
28-Jun-13,418.90,422.70,410.60,413.70,1638570
27-Jun-13,413.40,421.40,408.20,419.10,1572287
26-Jun-13,407.00,415.00,400.90,413.40,1856969
25-Jun-13,390.60,404.50,388.00,396.21,2407581
24-Jun-13,397.80,398.60,385.00,386.70,2199243
21-Jun-13,408.70,412.20,397.90,397.90,2927378
20-Jun-13,416.50,416.50,406.76,408.30,2634305
19-Jun-13,427.50,427.80,420.60,423.40,1335319
18-Jun-13,428.00,431.00,421.00,427.80,1258472
17-Jun-13,427.30,430.70,424.40,427.50,609996
14-Jun-13,429.00,429.81,423.60,425.50,995015
13-Jun-13,420.50,426.10,414.00,420.40,1939724
12-Jun-13,428.60,431.90,424.00,425.90,1256721
11-Jun-13,441.50,441.50,422.70,428.40,1582356
10-Jun-13,447.60,447.60,439.70,443.00,1670786
7-Jun-13,443.90,450.30,439.70,449.90,1527756
6-Jun-13,446.40,448.80,441.50,442.10,1614692
5-Jun-13,461.90,461.90,445.40,446.30,1689490
4-Jun-13,461.90,470.80,460.40,465.00,1650876
3-Jun-13,462.80,462.80,454.90,459.00,1903539
31-May-13,470.60,473.10,446.80,465.07,4746392
30-May-13,476.20,479.00,461.40,470.70,2303529
29-May-13,492.10,493.50,475.20,476.40,1526566
28-May-13,489.70,495.30,478.50,493.50,1387857
24-May-13,502.50,502.50,482.20,484.60,1730262
23-May-13,497.70,503.00,468.40,493.70,2235710
22-May-13,494.40,508.00,493.83,505.00,1061663
21-May-13,490.80,494.60,483.70,492.20,1605627
20-May-13,508.00,508.00,484.50,490.80,1943670
17-May-13,500.00,506.50,498.68,506.00,783147
16-May-13,500.00,507.50,497.80,503.50,1194173
15-May-13,497.50,503.50,495.80,502.00,879511
14-May-13,493.80,498.10,487.30,497.60,938916
13-May-13,490.80,493.50,487.70,493.20,580493
10-May-13,493.80,495.70,487.00,491.00,857165
9-May-13,480.70,497.50,479.60,494.10,1100678
8-May-13,476.90,483.80,476.90,482.40,868022
7-May-13,475.20,479.90,472.70,476.10,824765
3-May-13,456.00,473.50,452.70,471.00,1007592
2-May-13,456.60,456.60,445.60,455.20,968593
1-May-13,457.00,465.00,452.80,457.80,486812
30-Apr-13,455.30,457.10,451.20,455.00,1408982
29-Apr-13,457.20,460.20,451.80,454.70,701669
26-Apr-13,455.20,458.10,452.00,455.90,1107101
25-Apr-13,452.10,461.40,451.70,457.20,1358916
24-Apr-13,447.90,453.20,443.30,452.00,1240343
23-Apr-13,435.20,449.50,433.35,448.00,757103
22-Apr-13,442.50,445.30,432.00,435.40,796627
19-Apr-13,437.10,443.30,434.20,439.90,908222
18-Apr-13,433.20,440.30,431.20,433.40,1203381
17-Apr-13,444.50,444.50,429.20,432.10,1044047
16-Apr-13,439.20,447.80,437.90,441.90,905959
15-Apr-13,449.70,449.70,436.40,440.40,1371648
12-Apr-13,456.00,456.40,447.00,449.80,945744
11-Apr-13,456.80,458.90,452.40,458.30,903404
10-Apr-13,446.40,456.90,446.10,456.50,1240505
9-Apr-13,440.40,447.80,440.40,447.20,1151093
8-Apr-13,436.70,440.10,434.70,439.20,1123515
5-Apr-13,449.70,450.20,430.00,434.30,1633324
4-Apr-13,456.60,457.00,445.30,448.80,1135843
3-Apr-13,461.60,462.40,453.00,454.30,1115707
2-Apr-13,457.80,464.70,457.80,462.00,895009
28-Mar-13,456.50,460.90,455.70,459.00,930677
27-Mar-13,471.60,471.60,454.70,457.80,1243873
26-Mar-13,469.50,472.60,468.40,470.20,986677
25-Mar-13,470.90,475.40,464.20,466.92,1129717
22-Mar-13,471.80,474.00,467.30,467.90,938936
21-Mar-13,478.90,480.50,472.00,473.40,915906
20-Mar-13,476.90,481.60,476.90,478.90,876583
19-Mar-13,485.00,485.00,474.00,474.50,1464151
18-Mar-13,480.20,489.20,476.90,487.60,2019254
15-Mar-13,501.50,502.00,487.10,487.10,3038403
14-Mar-13,504.50,509.00,498.50,504.00,1813624
13-Mar-13,509.00,511.50,501.50,503.50,956978
12-Mar-13,513.00,514.50,508.50,509.50,1007433
11-Mar-13,505.50,515.00,505.50,513.50,1199328
8-Mar-13,499.40,512.00,499.40,509.00,1149455
7-Mar-13,496.30,498.90,493.10,496.70,752788
6-Mar-13,492.10,500.64,492.10,495.10,1073043
5-Mar-13,485.10,490.60,482.10,490.10,894145
4-Mar-13,476.00,484.20,474.58,482.60,884941
1-Mar-13,477.30,486.90,475.40,485.50,1068249
28-Feb-13,483.20,490.10,478.40,479.55,1968326
27-Feb-13,485.80,485.90,473.10,483.90,1873517
26-Feb-13,485.00,487.80,482.60,483.40,1266096
25-Feb-13,491.90,500.50,490.10,493.10,729554
22-Feb-13,487.30,491.00,483.90,490.60,761937
21-Feb-13,494.00,495.90,481.60,485.10,1031938
20-Feb-13,494.70,498.40,493.80,497.10,896531
19-Feb-13,492.20,495.80,490.60,494.60,700368
18-Feb-13,494.00,496.80,491.00,493.50,627634
15-Feb-13,492.90,496.40,488.20,493.30,838924
14-Feb-13,495.70,495.70,488.20,493.60,944392
13-Feb-13,491.50,498.40,487.20,495.80,1235881
12-Feb-13,484.90,491.00,478.90,490.60,1086956
11-Feb-13,484.40,491.40,483.40,484.10,787350
8-Feb-13,479.90,484.00,478.00,483.20,912042
7-Feb-13,476.80,480.90,474.60,475.90,862404
6-Feb-13,476.30,480.60,473.80,476.80,1283326
5-Feb-13,466.90,474.90,465.90,474.50,876939
4-Feb-13,471.30,475.80,466.50,468.10,1098797
1-Feb-13,461.80,473.04,460.00,471.10,1014357
31-Jan-13,465.50,465.60,449.30,461.90,1497123
30-Jan-13,474.60,475.00,465.80,469.90,963402
29-Jan-13,465.90,477.00,461.00,474.40,2427048
28-Jan-13,463.30,465.80,458.10,460.10,785846
25-Jan-13,456.40,460.70,454.10,460.70,773209
24-Jan-13,450.10,459.10,450.10,458.30,840557
23-Jan-13,460.10,460.10,447.60,453.70,1379637
22-Jan-13,461.20,464.70,459.53,462.50,972091
21-Jan-13,457.40,462.90,454.90,462.50,634813
18-Jan-13,456.10,459.10,449.90,457.30,1326960
17-Jan-13,449.70,457.20,447.80,457.20,1075039
16-Jan-13,451.30,451.30,444.40,450.70,820359
15-Jan-13,452.30,457.70,448.40,454.97,1802182
14-Jan-13,449.20,454.60,446.50,454.60,955103
11-Jan-13,437.40,448.70,435.70,448.10,1274615
10-Jan-13,441.00,442.84,435.30,438.10,1037932
9-Jan-13,440.30,440.90,436.40,440.20,1392265
8-Jan-13,438.80,441.40,437.50,439.50,702187
7-Jan-13,438.90,440.50,436.30,440.30,797634
4-Jan-13,432.80,438.94,430.00,438.90,655929
3-Jan-13,427.70,435.50,427.29,433.10,543691
2-Jan-13,429.50,435.30,427.80,428.60,706296
