31-Dec-15,206.80,213.20,206.79,208.92,123427
30-Dec-15,212.80,212.80,208.40,211.00,198759
29-Dec-15,212.90,213.30,208.10,212.00,236576
24-Dec-15,210.00,210.00,207.50,208.00,74091
23-Dec-15,211.50,211.50,208.40,208.50,214639
22-Dec-15,210.80,210.80,208.67,209.50,223077
21-Dec-15,209.10,210.00,207.00,210.00,430307
18-Dec-15,205.40,210.70,205.40,208.00,11928676
16-Dec-15,207.20,211.00,205.60,210.30,666075
15-Dec-15,204.30,206.50,203.50,206.50,454620
14-Dec-15,203.10,203.10,201.81,203.00,1139904
11-Dec-15,201.00,204.60,201.00,203.30,1434933
10-Dec-15,200.60,202.90,200.60,202.50,564678
9-Dec-15,204.00,204.00,200.73,202.00,564726
8-Dec-15,207.20,207.20,202.00,203.00,241677
7-Dec-15,207.10,207.10,201.20,203.00,471337
4-Dec-15,204.00,204.00,201.78,202.40,688818
3-Dec-15,209.00,209.00,202.70,206.00,736167
2-Dec-15,204.50,204.50,202.20,202.90,487084
1-Dec-15,205.00,206.00,203.20,204.50,517623
30-Nov-15,208.90,209.10,205.30,205.90,458592
27-Nov-15,209.30,209.30,205.70,206.00,622619
26-Nov-15,202.60,207.50,200.00,207.50,1215002
25-Nov-15,201.00,201.00,197.10,199.40,248482
24-Nov-15,198.50,201.01,197.00,197.30,403059
23-Nov-15,202.10,203.60,199.50,200.10,283920
20-Nov-15,201.10,202.60,197.90,199.70,200370
19-Nov-15,197.00,199.50,196.00,198.40,992770
18-Nov-15,193.70,197.40,193.00,196.50,838493
17-Nov-15,194.00,195.70,193.20,193.90,501565
16-Nov-15,187.70,192.50,187.70,192.00,635242
13-Nov-15,192.00,192.10,188.80,190.50,279849
12-Nov-15,190.60,193.00,190.60,192.60,254299
11-Nov-15,193.10,194.00,192.00,193.00,386846
10-Nov-15,195.00,195.00,192.00,193.20,470620
9-Nov-15,193.30,193.37,190.70,192.50,164021
6-Nov-15,191.30,191.80,190.75,191.30,137574
5-Nov-15,191.50,192.00,190.50,191.20,128087
4-Nov-15,192.70,192.70,190.50,190.70,105002
3-Nov-15,192.00,192.00,190.90,190.90,62520
2-Nov-15,192.20,192.40,190.61,191.10,115111
30-Oct-15,192.30,192.97,191.00,191.00,102330
29-Oct-15,192.50,192.50,191.10,192.00,76038
28-Oct-15,190.80,193.10,190.80,192.24,246266
27-Oct-15,192.00,192.00,190.50,192.00,645119
26-Oct-15,194.40,194.40,190.50,191.30,2134125
23-Oct-15,193.20,193.20,190.10,192.80,2981392
22-Oct-15,192.00,192.00,190.10,192.00,434784
21-Oct-15,191.50,192.10,190.50,191.25,158311
20-Oct-15,190.00,193.00,190.00,191.50,255810
19-Oct-15,191.10,192.86,190.00,191.00,153506
16-Oct-15,193.30,193.30,188.50,191.00,264391
15-Oct-15,193.00,193.40,189.00,190.50,2256386
14-Oct-15,194.20,194.20,189.30,189.50,150930
13-Oct-15,189.50,193.00,186.52,192.50,82923
12-Oct-15,188.00,194.00,188.00,191.20,109397
9-Oct-15,190.10,191.52,185.60,189.30,127591
8-Oct-15,192.50,193.15,186.80,187.00,243574
7-Oct-15,195.20,195.30,192.50,195.30,91651
6-Oct-15,196.70,196.70,192.50,193.30,76898
5-Oct-15,196.90,197.20,193.70,194.50,33551
2-Oct-15,200.00,200.00,194.00,194.00,146355
1-Oct-15,197.70,198.67,195.77,197.00,137491
30-Sep-15,196.10,198.40,195.20,197.00,186308
29-Sep-15,190.00,194.70,188.13,193.50,161839
28-Sep-15,202.00,202.00,190.00,198.80,330056
25-Sep-15,198.70,204.20,198.70,199.90,135115
24-Sep-15,205.00,205.00,198.80,200.00,169345
23-Sep-15,198.70,202.60,198.70,200.30,106271
22-Sep-15,208.00,208.00,199.50,200.00,223939
21-Sep-15,206.60,208.40,204.50,204.50,173881
18-Sep-15,212.70,217.30,204.30,204.30,1317035
17-Sep-15,211.80,211.80,207.30,208.30,41438
16-Sep-15,210.00,212.00,208.10,210.50,59082
15-Sep-15,212.00,212.10,204.10,210.00,412212
14-Sep-15,207.00,210.10,207.00,209.80,97313
11-Sep-15,208.50,212.00,205.74,209.00,152015
10-Sep-15,211.00,211.00,208.00,208.50,27736
9-Sep-15,215.10,215.10,209.00,211.10,118892
8-Sep-15,215.00,215.00,209.50,212.50,131805
7-Sep-15,206.10,212.50,206.10,210.40,117889
4-Sep-15,207.00,212.00,206.00,208.00,127786
3-Sep-15,211.50,211.50,207.10,208.25,109749
2-Sep-15,216.90,216.90,207.86,209.00,91604
1-Sep-15,212.00,217.00,210.70,212.60,107819
28-Aug-15,213.00,216.50,210.50,216.50,189616
27-Aug-15,208.00,213.05,208.00,210.40,135173
26-Aug-15,207.00,213.90,206.02,211.10,154471
25-Aug-15,209.70,210.00,206.36,208.90,91209
24-Aug-15,205.00,211.40,203.00,206.20,167234
21-Aug-15,217.00,217.00,203.00,207.50,275655
20-Aug-15,213.00,215.90,211.00,212.00,97540
19-Aug-15,212.00,214.60,211.30,213.60,111787
18-Aug-15,214.30,214.30,212.00,213.30,81207
17-Aug-15,214.30,217.50,210.10,213.20,47063
14-Aug-15,214.30,219.40,214.30,217.33,16654
13-Aug-15,216.30,219.39,214.30,215.00,106914
12-Aug-15,217.50,219.90,216.30,216.90,51699
11-Aug-15,217.50,220.00,217.50,219.00,40621
10-Aug-15,218.00,221.20,218.00,220.00,17669
7-Aug-15,220.00,220.80,217.50,218.00,59296
6-Aug-15,224.50,225.10,220.10,222.00,64541
5-Aug-15,225.10,226.00,224.19,225.00,108249
4-Aug-15,223.20,226.00,221.74,224.00,19435
3-Aug-15,220.00,224.70,220.00,224.00,28347
31-Jul-15,227.40,227.40,221.90,225.00,77374
30-Jul-15,217.50,225.36,217.50,221.80,31736
29-Jul-15,217.50,224.26,217.50,221.60,32522
28-Jul-15,217.50,225.08,217.50,219.80,47669
27-Jul-15,226.00,226.00,217.50,221.30,83426
24-Jul-15,227.60,227.60,217.60,223.40,73513
23-Jul-15,225.00,225.90,218.08,222.10,22552
22-Jul-15,225.00,225.00,217.90,219.10,27955
21-Jul-15,228.00,228.00,221.20,223.50,66718
20-Jul-15,226.00,228.40,222.11,228.40,64483
17-Jul-15,227.60,227.60,221.06,226.00,32086
16-Jul-15,227.60,227.60,222.00,225.30,83050
15-Jul-15,226.00,226.00,221.79,223.80,64961
14-Jul-15,225.20,226.16,221.70,226.00,46393
13-Jul-15,224.50,226.90,222.60,225.66,98343
10-Jul-15,224.50,224.50,220.10,221.10,54632
9-Jul-15,222.10,224.40,217.80,223.10,71686
8-Jul-15,222.50,222.50,218.60,218.60,101294
7-Jul-15,215.10,220.42,215.10,217.50,99850
6-Jul-15,216.60,219.30,215.46,216.40,27907
3-Jul-15,219.00,224.73,218.90,218.90,76799
2-Jul-15,217.10,222.90,216.60,221.00,65569
1-Jul-15,212.70,221.20,212.70,219.90,141212
30-Jun-15,208.30,217.90,208.30,213.90,199379
29-Jun-15,212.00,214.00,207.70,210.36,330246
26-Jun-15,215.80,218.40,213.00,214.00,142895
25-Jun-15,215.00,218.00,211.70,214.70,373638
24-Jun-15,222.00,222.00,215.00,216.00,215732
23-Jun-15,217.50,222.60,216.80,219.80,140814
22-Jun-15,219.50,222.70,215.00,216.50,343055
19-Jun-15,227.00,227.00,216.25,223.36,5379007
18-Jun-15,218.00,227.00,218.00,222.50,536605
17-Jun-15,221.00,227.00,221.00,222.00,341251
16-Jun-15,215.00,226.00,215.00,222.00,300727
15-Jun-15,224.00,227.75,199.16,222.25,547325
12-Jun-15,230.00,230.91,226.00,226.00,104706
11-Jun-15,235.00,235.00,228.00,229.50,94367
10-Jun-15,225.00,232.75,225.00,231.00,261101
9-Jun-15,225.00,230.00,225.00,227.00,113166
8-Jun-15,225.25,230.51,225.25,229.00,115681
5-Jun-15,232.00,235.00,225.25,229.50,187875
4-Jun-15,230.25,240.00,229.75,232.50,259274
3-Jun-15,232.00,234.26,231.75,232.50,183735
2-Jun-15,226.00,233.75,226.00,233.75,110422
1-Jun-15,232.50,233.25,227.50,232.50,92688
29-May-15,231.00,235.00,227.23,230.50,1745655
28-May-15,225.00,231.00,224.00,228.50,273391
27-May-15,225.00,228.00,225.00,225.00,195492
26-May-15,232.00,236.25,226.00,227.00,340205
22-May-15,228.00,231.00,225.00,229.50,134385
21-May-15,225.00,236.75,225.00,230.00,239453
20-May-15,230.50,231.63,228.00,230.00,101833
19-May-15,225.00,230.00,225.00,230.00,172844
18-May-15,225.00,231.50,225.00,229.41,260293
15-May-15,226.00,229.00,224.60,228.75,244363
14-May-15,228.00,229.64,226.50,228.00,201543
13-May-15,226.50,231.75,224.75,229.50,300049
12-May-15,222.25,228.50,220.25,228.50,474563
11-May-15,222.25,230.00,218.89,224.25,206172
8-May-15,222.25,223.50,220.00,222.50,208301
7-May-15,223.00,223.80,218.42,219.50,106462
6-May-15,224.00,224.00,220.00,222.00,245348
5-May-15,222.38,231.44,220.00,223.00,277772
1-May-15,223.50,223.50,220.50,220.50,63930
30-Apr-15,220.00,224.25,220.00,223.00,1172545
29-Apr-15,224.50,224.50,220.00,223.25,125034
28-Apr-15,223.00,224.00,218.77,223.25,143975
27-Apr-15,223.00,229.00,220.18,221.00,390403
24-Apr-15,219.50,225.00,216.64,222.25,491737
23-Apr-15,216.50,219.66,216.00,219.00,216062
22-Apr-15,221.00,222.75,216.50,218.00,158093
21-Apr-15,220.00,221.00,217.00,219.00,212873
20-Apr-15,217.75,219.00,215.00,218.00,182948
17-Apr-15,220.00,220.00,215.00,217.00,131263
16-Apr-15,220.00,223.75,215.41,218.50,223569
15-Apr-15,216.75,221.00,215.32,219.50,345895
14-Apr-15,215.00,219.00,212.05,215.00,258328
13-Apr-15,211.00,215.00,210.20,214.75,168206
10-Apr-15,210.00,214.80,210.00,213.25,187956
9-Apr-15,212.25,212.25,211.00,211.00,132052
8-Apr-15,211.75,212.00,210.75,211.00,254155
7-Apr-15,210.00,213.00,210.00,210.75,144617
2-Apr-15,211.00,217.55,211.00,215.17,161826
1-Apr-15,206.00,213.30,206.00,212.00,546811
31-Mar-15,205.50,207.00,205.00,206.01,369394
30-Mar-15,206.00,207.09,204.44,205.00,128916
27-Mar-15,205.50,206.50,205.00,206.02,158516
26-Mar-15,206.50,209.50,205.00,206.50,319332
25-Mar-15,206.50,206.50,203.50,205.01,205849
24-Mar-15,204.00,204.88,202.28,203.00,202264
23-Mar-15,203.00,206.48,201.58,204.00,186822
20-Mar-15,203.25,203.78,201.50,201.75,45451
19-Mar-15,202.25,204.27,201.00,201.00,56026
18-Mar-15,203.00,205.00,201.24,203.30,182710
17-Mar-15,202.73,203.00,201.75,201.75,170359
16-Mar-15,200.00,203.01,200.00,202.02,80176
13-Mar-15,203.00,203.00,201.45,202.00,28464
12-Mar-15,201.75,203.46,200.89,202.00,257158
11-Mar-15,200.00,202.39,199.55,201.75,89781
10-Mar-15,200.00,200.35,198.30,199.00,125990
9-Mar-15,203.00,203.59,200.00,200.00,94474
6-Mar-15,202.00,205.00,200.53,203.62,367875
5-Mar-15,200.25,201.69,200.00,200.25,51645
4-Mar-15,201.25,201.55,199.90,200.25,124646
3-Mar-15,198.00,202.00,198.00,200.00,338760
2-Mar-15,200.00,201.40,198.25,198.25,433750
27-Feb-15,196.00,200.68,195.36,200.00,651149
26-Feb-15,195.50,197.00,195.18,197.00,356891
25-Feb-15,195.00,195.75,194.50,195.00,1282990
24-Feb-15,196.00,196.00,195.00,195.00,300988
23-Feb-15,196.00,196.54,195.00,195.00,378022
20-Feb-15,195.50,196.26,195.00,195.00,200191
19-Feb-15,195.50,195.50,194.78,195.00,344552
18-Feb-15,195.25,196.71,194.75,195.00,688694
17-Feb-15,195.00,195.50,194.00,194.34,702971
16-Feb-15,198.00,200.00,194.28,195.18,564109
13-Feb-15,192.00,195.54,191.18,193.00,1328056
12-Feb-15,200.00,200.00,190.00,195.00,17061768
