31-Dec-15,1125.00,1125.00,1098.00,1108.00,178457
30-Dec-15,1114.00,1124.00,1097.00,1105.00,159857
29-Dec-15,1117.00,1125.00,1100.00,1121.00,130554
24-Dec-15,1126.00,1128.00,1120.00,1123.00,50851
23-Dec-15,1134.00,1134.00,1124.00,1125.00,200462
22-Dec-15,1116.00,1135.00,1113.00,1134.00,122830
21-Dec-15,1117.00,1125.00,1109.00,1109.00,215841
18-Dec-15,1111.00,1119.00,1109.00,1115.00,188136
16-Dec-15,1105.00,1110.00,1096.00,1105.00,82603
15-Dec-15,1100.00,1122.00,1100.00,1107.00,123293
14-Dec-15,1097.00,1101.00,1095.00,1097.00,69705
11-Dec-15,1100.00,1102.00,1091.45,1091.45,78455
10-Dec-15,1100.00,1111.00,1099.00,1100.00,65900
9-Dec-15,1101.00,1116.00,1098.00,1104.00,120365
8-Dec-15,1105.00,1113.00,1095.00,1100.00,45140
7-Dec-15,1108.00,1110.00,1097.00,1099.00,235708
4-Dec-15,1112.00,1116.00,1100.00,1104.50,132649
3-Dec-15,1116.00,1120.00,1110.00,1114.00,122842
2-Dec-15,1124.00,1124.00,1110.00,1116.00,192439
1-Dec-15,1135.00,1137.00,1118.00,1130.00,137245
30-Nov-15,1151.00,1161.00,1123.00,1142.00,988998
27-Nov-15,1145.00,1155.00,1142.00,1155.00,32710
26-Nov-15,1155.00,1155.00,1146.00,1150.00,52817
25-Nov-15,1160.00,1160.00,1150.00,1150.00,69643
24-Nov-15,1160.00,1169.00,1155.00,1155.00,83968
23-Nov-15,1153.00,1171.00,1144.00,1165.00,495776
20-Nov-15,1160.00,1160.00,1152.00,1157.50,82253
19-Nov-15,1165.00,1165.00,1148.00,1160.00,137960
18-Nov-15,1168.00,1168.00,1157.00,1164.00,289755
17-Nov-15,1158.00,1172.00,1131.00,1150.00,695664
16-Nov-15,1184.00,1184.00,1140.00,1160.00,194789
13-Nov-15,1153.00,1160.00,1153.00,1158.00,43806
12-Nov-15,1145.00,1179.00,1145.00,1160.00,150888
11-Nov-15,1167.00,1167.00,1157.00,1162.37,191957
10-Nov-15,1168.00,1175.00,1161.00,1169.00,66501
9-Nov-15,1167.00,1180.00,1167.00,1174.94,170348
6-Nov-15,1177.00,1178.00,1165.00,1174.94,300982
5-Nov-15,1180.00,1180.00,1170.00,1172.00,176877
4-Nov-15,1171.00,1180.00,1171.00,1175.00,86647
3-Nov-15,1180.00,1180.00,1174.00,1179.00,49924
2-Nov-15,1182.00,1182.00,1172.00,1173.00,241969
30-Oct-15,1186.00,1186.00,1176.00,1176.00,53865
29-Oct-15,1188.00,1188.00,1170.00,1177.00,96570
28-Oct-15,1188.00,1188.00,1176.00,1179.00,97085
27-Oct-15,1185.00,1187.00,1178.00,1179.00,104716
26-Oct-15,1180.00,1191.00,1180.00,1184.93,219976
23-Oct-15,1188.00,1200.00,1178.00,1187.00,131612
22-Oct-15,1167.00,1187.00,1167.00,1184.50,196731
21-Oct-15,1176.00,1188.00,1175.00,1179.00,319604
20-Oct-15,1190.00,1200.00,1170.00,1185.00,669887
19-Oct-15,1183.00,1185.00,1155.00,1160.00,377986
16-Oct-15,1200.00,1219.00,1167.90,1168.00,442966
15-Oct-15,1155.00,1200.00,1155.00,1176.50,1113281
14-Oct-15,1097.00,1203.00,1089.00,1164.26,1038277
13-Oct-15,1000.00,1000.00,992.00,994.50,83595
12-Oct-15,996.50,1000.00,980.00,995.00,137706
9-Oct-15,980.00,1004.00,966.00,985.00,546102
8-Oct-15,981.50,997.00,974.00,980.00,60449
7-Oct-15,990.00,1007.00,983.50,994.00,112165
6-Oct-15,995.00,1003.00,931.50,1000.00,406870
5-Oct-15,872.50,950.50,856.00,919.00,591691
2-Oct-15,842.50,870.00,842.50,857.02,350321
1-Oct-15,840.00,859.50,834.00,842.18,143693
30-Sep-15,840.00,840.00,819.50,834.00,41511
29-Sep-15,840.00,840.00,817.00,818.93,33948
28-Sep-15,830.00,830.00,813.60,826.00,62543
25-Sep-15,820.00,831.50,813.50,831.00,26961
24-Sep-15,830.00,830.00,797.36,814.00,21871
23-Sep-15,839.50,845.50,810.00,834.50,7081
22-Sep-15,825.00,825.00,815.00,818.50,39464
21-Sep-15,819.50,827.38,819.50,824.50,35638
18-Sep-15,850.00,850.00,813.00,821.00,99468
17-Sep-15,829.00,830.00,820.50,829.00,31643
16-Sep-15,829.50,829.50,813.75,824.50,27986
15-Sep-15,839.50,839.50,813.50,820.50,24903
14-Sep-15,819.00,840.50,815.50,818.50,15018
11-Sep-15,818.00,850.00,810.50,814.50,10307
10-Sep-15,843.50,848.50,819.00,830.00,16158
9-Sep-15,865.00,865.00,833.50,851.50,29817
8-Sep-15,834.50,869.00,834.50,845.00,15630
7-Sep-15,836.50,872.50,836.50,857.62,21225
4-Sep-15,840.00,861.50,840.00,854.50,20380
3-Sep-15,833.00,870.00,833.00,851.43,30159
2-Sep-15,857.50,863.50,839.50,848.00,52662
1-Sep-15,846.00,856.50,844.37,849.00,131023
28-Aug-15,839.00,856.00,834.50,842.54,48847
27-Aug-15,820.00,845.00,820.00,830.00,82712
26-Aug-15,831.00,848.94,805.00,819.00,190431
25-Aug-15,822.50,870.50,813.70,840.00,101030
24-Aug-15,886.00,886.00,820.00,836.00,75521
21-Aug-15,915.00,916.00,888.00,892.50,48751
20-Aug-15,911.50,925.00,905.00,913.00,33675
19-Aug-15,881.00,924.04,879.20,918.00,69897
18-Aug-15,900.50,904.84,876.00,890.00,50532
17-Aug-15,899.00,918.00,894.50,898.00,18575
14-Aug-15,922.00,922.00,897.50,917.50,22450
13-Aug-15,913.50,922.00,906.50,916.00,23878
12-Aug-15,922.00,922.00,866.06,907.50,53276
11-Aug-15,926.50,927.00,919.50,922.00,29243
10-Aug-15,930.50,935.00,923.00,926.45,28071
7-Aug-15,948.50,950.00,929.00,929.50,27841
6-Aug-15,957.00,961.50,940.00,950.00,17675
5-Aug-15,950.50,962.00,941.50,955.00,27960
4-Aug-15,956.00,956.00,931.50,946.00,25298
3-Aug-15,939.50,954.00,937.00,942.50,38340
31-Jul-15,944.00,947.00,923.50,938.00,40945
30-Jul-15,947.00,949.00,934.50,941.50,83610
29-Jul-15,941.50,951.50,930.50,940.00,45988
28-Jul-15,959.00,960.00,929.00,934.00,53302
27-Jul-15,979.00,980.00,948.50,955.33,29199
24-Jul-15,983.50,983.50,970.50,978.00,28580
23-Jul-15,972.00,982.00,959.50,979.00,62783
22-Jul-15,972.50,980.00,947.50,966.00,27365
21-Jul-15,979.50,983.50,969.50,973.50,8004
20-Jul-15,967.50,980.50,953.78,977.50,49616
17-Jul-15,959.00,968.00,948.50,966.50,101787
16-Jul-15,934.00,965.50,934.00,954.00,57173
15-Jul-15,937.50,948.00,936.93,944.11,47244
14-Jul-15,941.50,951.50,929.22,945.00,26592
13-Jul-15,951.00,951.00,929.00,939.00,50660
10-Jul-15,971.00,972.50,935.00,944.00,43604
9-Jul-15,948.00,960.00,947.00,947.00,46842
8-Jul-15,964.50,974.50,944.00,947.00,87336
7-Jul-15,958.50,968.00,953.80,954.00,56998
6-Jul-15,939.50,975.00,939.50,959.00,90278
3-Jul-15,937.00,948.50,937.00,940.49,22532
2-Jul-15,935.00,951.00,933.50,937.50,39706
1-Jul-15,946.50,957.50,938.00,946.80,31249
30-Jun-15,945.00,949.50,945.00,945.00,53963
29-Jun-15,945.00,960.00,945.00,952.60,59819
26-Jun-15,982.50,982.50,954.00,954.00,32335
25-Jun-15,971.00,973.50,956.50,956.50,39564
24-Jun-15,970.00,978.50,961.50,965.00,66632
23-Jun-15,985.00,985.00,969.00,970.81,40346
22-Jun-15,946.50,980.00,946.50,979.00,94444
19-Jun-15,968.00,978.50,965.00,975.00,345186
18-Jun-15,947.50,965.00,937.00,965.00,88304
17-Jun-15,942.00,952.00,934.50,940.50,91182
16-Jun-15,952.50,952.50,944.00,946.50,97368
15-Jun-15,945.50,958.00,944.00,946.50,62679
12-Jun-15,972.50,972.50,945.50,954.50,80532
11-Jun-15,963.00,979.50,958.00,965.89,51550
10-Jun-15,956.00,976.00,954.00,958.10,143955
9-Jun-15,941.00,970.00,938.00,940.00,49752
8-Jun-15,954.00,967.50,945.00,945.50,43676
5-Jun-15,938.50,951.00,934.50,951.00,101630
4-Jun-15,971.00,971.00,937.80,948.00,90873
3-Jun-15,944.00,973.00,938.50,964.00,141117
2-Jun-15,961.00,964.00,934.00,941.00,40081
1-Jun-15,947.00,974.00,945.30,950.00,67090
29-May-15,938.00,965.50,938.00,954.00,539726
28-May-15,946.00,972.50,940.00,945.00,103243
27-May-15,939.50,969.50,939.50,956.27,120579
26-May-15,960.00,975.50,930.80,940.00,150639
22-May-15,958.00,969.50,947.00,957.50,178600
21-May-15,913.50,946.50,913.50,939.00,214485
20-May-15,917.00,930.00,910.00,929.00,274651
19-May-15,897.00,918.50,897.00,913.00,258099
18-May-15,845.00,892.50,840.75,888.00,152761
15-May-15,819.50,843.00,817.50,843.00,82564
14-May-15,843.00,851.50,820.00,824.00,125869
13-May-15,831.50,860.00,819.00,850.00,166567
12-May-15,859.50,873.50,800.70,819.00,178306
11-May-15,878.00,878.00,866.50,868.50,89831
8-May-15,881.00,892.50,860.50,865.00,282967
7-May-15,850.00,880.30,843.20,870.00,194954
6-May-15,894.50,907.50,850.50,855.50,169215
5-May-15,883.50,908.00,865.50,893.69,140726
1-May-15,895.00,898.00,870.00,870.00,40676
30-Apr-15,898.00,905.00,892.00,897.78,71596
29-Apr-15,920.00,920.00,878.00,885.00,177706
28-Apr-15,898.50,919.50,887.50,915.50,212731
27-Apr-15,902.00,907.00,879.50,891.32,115313
24-Apr-15,865.00,912.00,865.00,880.00,157272
23-Apr-15,893.50,895.15,865.50,873.50,215485
22-Apr-15,901.50,912.00,889.00,892.50,682917
21-Apr-15,868.50,908.50,868.50,900.50,186173
20-Apr-15,900.00,902.00,869.40,890.00,88764
17-Apr-15,900.00,918.12,900.00,900.00,73860
16-Apr-15,905.50,920.00,900.90,920.00,273353
15-Apr-15,901.50,923.00,901.50,914.69,170471
14-Apr-15,975.00,975.00,894.40,905.00,359421
13-Apr-15,1000.00,1000.00,985.50,992.50,44829
10-Apr-15,985.00,993.50,963.00,993.50,30326
9-Apr-15,986.50,1011.32,977.50,985.00,42066
8-Apr-15,995.00,1005.00,986.00,994.00,36783
7-Apr-15,1010.00,1019.00,1002.00,1008.00,21533
2-Apr-15,1020.00,1020.00,995.00,998.00,75861
1-Apr-15,1018.00,1031.00,1005.00,1006.00,65842
31-Mar-15,1005.00,1028.00,993.38,1016.00,96940
30-Mar-15,1057.00,1067.00,1007.00,1015.00,235551
27-Mar-15,1065.00,1090.00,1065.00,1078.00,26481
26-Mar-15,1066.00,1078.58,1066.00,1069.00,18014
25-Mar-15,1073.00,1089.00,1070.00,1080.00,21389
24-Mar-15,1056.00,1079.00,1056.00,1073.00,84912
23-Mar-15,1051.00,1082.00,1051.00,1075.00,49349
20-Mar-15,1008.00,1069.75,1006.00,1060.00,96195
19-Mar-15,1025.00,1025.00,999.00,1004.00,25254
18-Mar-15,1000.00,1015.00,988.50,1010.00,28019
17-Mar-15,1020.00,1020.00,1007.00,1013.00,18264
16-Mar-15,979.00,1067.00,977.36,1010.00,60243
13-Mar-15,957.50,987.00,942.50,978.00,36430
12-Mar-15,957.00,967.00,942.00,945.00,30332
11-Mar-15,956.50,973.00,938.00,943.00,45706
10-Mar-15,983.00,983.00,941.00,949.50,28638
9-Mar-15,964.50,983.00,954.00,971.50,20367
6-Mar-15,958.50,964.50,948.00,959.00,28128
5-Mar-15,953.00,954.50,938.00,946.00,29983
4-Mar-15,949.00,960.00,932.00,941.00,33725
3-Mar-15,959.50,964.50,936.00,937.50,44146
2-Mar-15,941.00,967.00,930.21,948.00,64688
27-Feb-15,955.00,955.00,929.00,931.50,23241
26-Feb-15,949.00,960.00,930.00,937.82,27112
25-Feb-15,956.00,967.50,928.00,946.50,104614
24-Feb-15,967.00,975.00,943.50,947.25,49365
23-Feb-15,995.00,999.50,924.97,948.00,62841
20-Feb-15,1001.00,1005.00,988.00,1000.00,18533
19-Feb-15,1002.00,1009.00,989.00,989.50,51477
18-Feb-15,978.00,1004.50,978.00,995.00,54586
17-Feb-15,991.00,1008.00,975.00,979.00,31973
16-Feb-15,1000.00,1008.00,982.50,991.00,12571
13-Feb-15,970.00,1006.00,970.00,980.00,47696
12-Feb-15,961.50,990.50,947.50,965.00,41057
11-Feb-15,955.00,961.50,943.00,948.07,21075
10-Feb-15,940.00,956.50,936.40,943.78,33096
9-Feb-15,937.00,952.56,930.00,938.00,40644
6-Feb-15,950.00,981.50,933.50,946.57,49582
5-Feb-15,907.00,983.50,907.00,959.50,66684
4-Feb-15,916.50,937.50,916.50,927.50,59879
3-Feb-15,906.00,915.50,893.50,900.50,69290
2-Feb-15,915.50,924.00,901.00,906.00,90704
30-Jan-15,906.50,920.00,901.70,908.00,32136
29-Jan-15,918.50,918.50,893.00,893.00,45429
28-Jan-15,924.50,925.00,905.00,912.50,31799
27-Jan-15,914.50,929.50,910.00,910.00,24021
26-Jan-15,917.00,935.00,913.50,915.50,26618
23-Jan-15,917.00,931.00,905.50,909.00,44027
22-Jan-15,928.00,930.00,905.00,930.00,46167
21-Jan-15,915.00,915.00,907.50,909.70,12296
20-Jan-15,930.00,935.50,910.00,910.50,28627
19-Jan-15,913.00,946.00,913.00,930.36,18655
16-Jan-15,929.50,935.50,922.50,923.50,33428
15-Jan-15,941.00,941.98,913.50,925.00,39559
14-Jan-15,960.00,960.00,924.50,925.50,28014
13-Jan-15,975.00,975.00,954.50,958.00,20793
12-Jan-15,968.00,968.00,947.50,952.50,39857
9-Jan-15,974.00,979.50,955.00,977.38,32448
8-Jan-15,990.00,990.00,964.50,967.66,56899
7-Jan-15,994.00,994.00,974.00,974.50,24211
6-Jan-15,997.00,997.00,982.00,982.00,12398
5-Jan-15,998.00,1003.00,985.50,990.00,25853
31-Dec-14,1002.00,1005.00,982.41,990.00,12827
30-Dec-14,1012.00,1016.00,1001.00,1002.00,13780
29-Dec-14,1025.00,1032.00,1009.00,1016.00,21986
24-Dec-14,1014.00,1029.00,1010.00,1027.00,10420
23-Dec-14,996.50,1019.00,996.50,1013.00,53072
22-Dec-14,985.00,1002.00,985.00,1000.00,20830
19-Dec-14,955.00,983.50,955.00,970.04,120747
18-Dec-14,926.50,962.50,926.50,953.50,36868
17-Dec-14,921.50,929.50,910.00,929.00,22487
16-Dec-14,932.50,942.50,928.50,930.00,40177
15-Dec-14,942.50,956.00,934.50,934.50,59385
12-Dec-14,950.00,961.00,943.50,943.50,41432
11-Dec-14,939.00,955.00,939.00,948.21,66847
10-Dec-14,938.00,958.50,935.00,950.00,61740
9-Dec-14,940.50,971.40,935.50,935.50,27186
8-Dec-14,946.00,946.00,925.50,940.00,73360
5-Dec-14,952.00,957.00,934.64,940.00,57688
4-Dec-14,938.00,956.00,938.00,940.00,41750
3-Dec-14,956.50,971.00,926.50,940.50,58719
2-Dec-14,979.50,991.50,952.35,964.00,63234
1-Dec-14,986.50,986.50,977.50,980.38,38339
28-Nov-14,978.00,990.00,960.96,989.00,39152
27-Nov-14,993.00,995.00,949.10,982.00,21121
26-Nov-14,999.00,1005.00,983.00,986.00,62967
25-Nov-14,1005.00,1005.00,991.00,999.00,58499
24-Nov-14,1012.00,1030.00,989.03,997.00,56582
21-Nov-14,999.00,1004.00,998.50,1000.00,56921
20-Nov-14,998.00,1002.00,996.50,1000.00,44240
19-Nov-14,1002.00,1017.00,989.00,989.00,32648
18-Nov-14,999.00,1012.00,975.00,993.50,67924
17-Nov-14,985.50,1005.00,985.50,989.00,18460
14-Nov-14,1022.00,1022.00,990.00,996.00,30671
13-Nov-14,1007.00,1012.00,986.50,994.00,33928
12-Nov-14,1015.00,1020.00,993.50,993.50,38874
11-Nov-14,1034.00,1038.00,1018.00,1018.00,20556
10-Nov-14,995.00,1032.00,989.33,1023.00,20487
7-Nov-14,1013.00,1029.00,1004.00,1009.00,69183
6-Nov-14,1010.00,1029.00,1005.00,1006.00,272560
5-Nov-14,1020.00,1034.00,1018.00,1019.00,35811
4-Nov-14,1025.00,1048.00,1016.00,1016.00,52812
3-Nov-14,1024.00,1027.00,1021.00,1024.00,22156
31-Oct-14,1043.00,1048.00,1019.00,1019.00,57165
30-Oct-14,993.00,1030.00,993.00,1022.00,50989
29-Oct-14,999.00,1022.00,992.00,993.00,119372
28-Oct-14,990.00,1014.00,989.50,1001.00,26281
27-Oct-14,983.00,1010.00,964.50,993.50,41254
24-Oct-14,980.00,1008.00,980.00,987.00,26213
23-Oct-14,1000.00,1000.00,981.00,985.00,79403
22-Oct-14,997.00,1012.00,993.50,1004.00,38750
21-Oct-14,985.00,1008.00,979.50,1003.09,65824
20-Oct-14,999.50,1002.00,980.00,982.50,36697
17-Oct-14,961.50,1001.00,958.00,997.00,84221
16-Oct-14,971.50,978.00,956.00,959.35,107833
15-Oct-14,969.50,999.50,969.50,975.00,54266
14-Oct-14,973.50,987.50,967.50,980.00,78924
13-Oct-14,992.50,1001.00,975.00,978.00,70088
10-Oct-14,1001.00,1014.00,966.55,990.00,81939
9-Oct-14,1004.00,1017.00,996.00,1009.00,513505
8-Oct-14,1007.00,1008.00,994.50,999.50,55721
7-Oct-14,1015.00,1015.00,980.50,992.50,148443
6-Oct-14,999.00,1021.00,999.00,1006.00,80416
3-Oct-14,1008.00,1013.00,980.00,1012.00,154616
2-Oct-14,1000.00,1018.00,992.50,994.50,168906
1-Oct-14,1020.00,1028.00,1000.00,1000.00,146061
30-Sep-14,1018.00,1029.00,1010.00,1018.00,603985
29-Sep-14,1060.00,1093.77,1060.00,1089.00,43617
26-Sep-14,1075.00,1084.00,1068.00,1069.00,26161
25-Sep-14,1060.00,1080.00,1060.00,1077.00,44338
24-Sep-14,1056.00,1060.00,1041.00,1050.91,70019
23-Sep-14,1028.00,1071.00,1028.00,1048.00,199247
22-Sep-14,1030.00,1040.00,1025.00,1030.00,200432
19-Sep-14,1034.00,1047.00,1023.00,1030.00,118983
18-Sep-14,1030.00,1034.00,1006.00,1024.16,181777
17-Sep-14,1055.00,1055.00,1030.00,1030.00,57125
16-Sep-14,1043.00,1052.00,1041.00,1045.00,109064
15-Sep-14,1060.00,1061.00,1045.00,1050.00,39890
12-Sep-14,1061.00,1067.00,1050.00,1055.00,112370
11-Sep-14,1111.00,1111.00,1030.00,1055.00,341196
10-Sep-14,1098.00,1098.00,1067.00,1074.00,71302
9-Sep-14,1120.00,1138.00,1060.00,1082.00,47678
8-Sep-14,1157.00,1157.00,1110.00,1110.00,23598
5-Sep-14,1145.00,1149.00,1120.00,1124.00,16486
4-Sep-14,1132.00,1155.00,1124.00,1145.00,12349
3-Sep-14,1176.00,1191.20,1130.00,1142.00,60460
2-Sep-14,1136.00,1171.00,1120.00,1152.00,30767
1-Sep-14,1147.00,1164.92,1122.50,1137.00,3766
29-Aug-14,1139.00,1175.00,1100.00,1138.00,23677
28-Aug-14,1147.00,1147.00,1117.00,1128.45,29926
27-Aug-14,1102.00,1168.00,1070.00,1168.00,42889
26-Aug-14,1103.00,1130.00,1094.00,1111.00,24753
22-Aug-14,1100.00,1103.00,1096.00,1100.00,11889
21-Aug-14,1068.00,1109.00,1067.00,1098.00,52338
20-Aug-14,1078.00,1100.00,1075.00,1100.00,11622
19-Aug-14,1093.00,1095.00,1075.00,1078.00,100148
18-Aug-14,1080.00,1096.80,1067.00,1085.00,11496
15-Aug-14,1070.00,1080.00,1050.00,1080.00,8707
14-Aug-14,1040.00,1074.00,1026.00,1070.00,89379
13-Aug-14,1010.00,1090.00,1010.00,1035.00,53473
12-Aug-14,1026.00,1034.98,1005.00,1025.00,23570
11-Aug-14,985.00,1000.00,985.00,991.00,69786
8-Aug-14,989.00,998.50,975.14,986.97,37923
7-Aug-14,980.00,999.00,970.00,985.54,23979
6-Aug-14,998.00,1005.00,983.50,998.00,16434
5-Aug-14,1006.00,1019.00,994.50,995.00,29304
4-Aug-14,1000.00,1015.00,1000.00,1005.50,9136
1-Aug-14,1021.00,1050.00,1000.00,1013.00,21674
31-Jul-14,1029.00,1066.00,996.50,1017.00,64113
30-Jul-14,1030.00,1040.00,1013.00,1020.00,23722
29-Jul-14,999.50,1020.46,999.50,1010.00,23571
28-Jul-14,994.00,1016.00,980.50,999.50,11581
25-Jul-14,999.50,1020.00,999.50,1012.00,10370
24-Jul-14,1027.00,1032.00,999.00,1006.00,8388
23-Jul-14,1011.00,1015.04,976.00,989.57,11336
22-Jul-14,1017.00,1020.00,993.00,996.50,32598
21-Jul-14,1003.00,1029.00,999.00,1008.00,30856
18-Jul-14,1016.00,1030.00,1000.00,1030.00,51461
17-Jul-14,1006.00,1069.00,1005.00,1039.00,24096
16-Jul-14,1006.00,1030.00,990.00,1023.00,29434
15-Jul-14,1008.00,1010.00,1000.00,1000.00,21957
14-Jul-14,995.00,1008.00,992.00,992.50,25417
11-Jul-14,1007.00,1020.00,993.50,995.00,11145
10-Jul-14,990.00,1015.00,985.00,1001.00,18843
9-Jul-14,985.00,994.50,985.00,990.00,47434
8-Jul-14,998.50,1011.00,984.00,990.00,53237
7-Jul-14,989.50,1010.62,974.50,982.00,7791
4-Jul-14,986.50,999.50,984.50,990.50,8497
3-Jul-14,1021.00,1021.00,981.30,990.00,17718
2-Jul-14,999.50,1001.00,980.00,999.00,59903
1-Jul-14,1008.00,1011.00,990.00,991.50,44613
30-Jun-14,954.50,1025.00,954.50,1022.00,32996
27-Jun-14,954.50,1020.28,954.50,994.00,42525
26-Jun-14,954.50,1006.00,954.50,995.00,55061
25-Jun-14,1000.00,1026.00,945.00,993.00,48451
24-Jun-14,1002.00,1005.00,950.00,991.50,76701
23-Jun-14,1015.00,1016.00,971.00,980.00,26392
20-Jun-14,1050.00,1050.00,1018.00,1018.00,97342
19-Jun-14,1021.00,1061.00,1014.00,1035.17,88269
18-Jun-14,1025.00,1061.00,1015.00,1032.03,54824
17-Jun-14,1011.00,1021.00,990.00,1014.82,22955
16-Jun-14,1003.00,1020.00,990.00,1010.09,25554
13-Jun-14,1031.00,1037.00,992.00,994.50,25236
12-Jun-14,1041.00,1050.00,1024.00,1030.00,13960
11-Jun-14,1027.00,1055.00,1026.00,1035.00,111985
10-Jun-14,1035.00,1040.00,1020.00,1029.00,12897
9-Jun-14,1033.00,1042.00,1029.00,1035.00,15157
6-Jun-14,1042.00,1050.00,1023.00,1034.00,10807
5-Jun-14,1002.00,1061.00,1002.00,1037.00,25457
4-Jun-14,990.00,1028.00,990.00,1006.00,30773
3-Jun-14,1028.00,1031.98,1006.00,1006.00,18440
2-Jun-14,1028.00,1049.00,1011.00,1048.00,46910
30-May-14,1040.00,1040.00,1015.00,1028.00,112200
29-May-14,1047.00,1052.00,1009.00,1029.00,55172
28-May-14,1047.00,1058.00,1028.00,1050.00,17260
27-May-14,1022.00,1040.00,1003.98,1031.00,33473
23-May-14,1018.00,1018.00,999.50,1002.00,21815
22-May-14,1000.00,1065.00,998.00,1009.00,39787
21-May-14,980.00,1008.00,980.00,990.00,39435
20-May-14,989.00,1008.00,985.50,995.00,28322
19-May-14,995.00,1000.00,984.50,984.50,29270
16-May-14,999.50,1002.00,984.50,995.00,48419
15-May-14,1020.00,1030.00,1001.00,1001.00,26053
14-May-14,1040.00,1040.00,1015.00,1015.00,23556
13-May-14,1040.00,1052.00,1015.00,1027.00,30382
12-May-14,1060.00,1060.00,1030.00,1030.00,30373
9-May-14,1041.00,1074.00,1030.00,1040.00,48698
8-May-14,1018.00,1053.00,1018.00,1046.00,26318
7-May-14,1018.00,1057.00,1015.00,1023.00,24077
6-May-14,1000.00,1063.00,1000.00,1018.00,33912
2-May-14,1016.00,1019.00,1000.00,1000.00,7987
1-May-14,1027.00,1038.09,1000.00,1028.00,31026
30-Apr-14,977.00,1012.00,977.00,998.00,45037
29-Apr-14,1028.00,1060.00,994.70,1011.00,37572
28-Apr-14,1105.00,1105.00,990.00,1029.00,38214
25-Apr-14,1010.00,1045.00,953.61,987.50,43681
24-Apr-14,1011.00,1024.00,1005.00,1005.00,20001
23-Apr-14,1022.00,1034.36,991.50,991.50,32356
22-Apr-14,1019.00,1040.00,1014.00,1017.00,32806
17-Apr-14,990.00,1060.00,990.00,1020.00,92214
16-Apr-14,982.00,1038.40,978.00,990.00,50216
15-Apr-14,1000.00,1030.00,969.50,989.00,45111
14-Apr-14,1060.00,1060.00,971.50,984.00,40522
11-Apr-14,1046.00,1070.00,1032.47,1049.00,42022
10-Apr-14,1068.00,1080.00,1058.96,1069.00,23505
9-Apr-14,1094.00,1094.96,1071.00,1071.00,9568
8-Apr-14,1099.00,1100.00,1078.00,1079.00,11148
7-Apr-14,1085.00,1107.96,1085.00,1085.00,16058
4-Apr-14,1089.00,1139.00,1079.87,1100.00,18736
3-Apr-14,1174.00,1196.00,1105.00,1105.00,65741
2-Apr-14,1252.00,1269.00,1127.00,1127.00,49052
1-Apr-14,1073.00,1180.00,1073.00,1129.18,29900
31-Mar-14,1085.00,1092.00,1054.00,1074.00,38809
28-Mar-14,1056.00,1064.00,1036.00,1036.00,139566
27-Mar-14,1053.00,1110.00,1024.00,1066.00,605219
26-Mar-14,1060.00,1089.00,1054.00,1063.00,55497
25-Mar-14,1023.00,1070.00,1015.00,1070.00,44172
24-Mar-14,950.00,1075.00,950.00,1069.00,108095
21-Mar-14,935.00,985.00,918.00,985.00,91274
20-Mar-14,926.00,933.08,903.00,921.00,50592
19-Mar-14,972.00,974.00,900.50,907.00,89844
18-Mar-14,900.50,931.00,895.00,902.50,16492
17-Mar-14,899.50,921.00,889.00,900.00,40458
14-Mar-14,900.50,902.50,895.00,898.00,25488
13-Mar-14,938.50,938.50,899.00,900.00,12631
12-Mar-14,908.50,926.00,880.00,907.50,45475
11-Mar-14,928.00,928.00,892.00,900.00,45499
10-Mar-14,898.00,911.50,883.00,903.50,10410
7-Mar-14,843.50,890.00,843.50,890.00,13320
6-Mar-14,881.00,883.00,874.50,880.00,27200
5-Mar-14,881.50,889.50,879.50,880.00,18308
4-Mar-14,899.50,899.50,868.50,881.00,78113
3-Mar-14,875.00,897.00,848.00,868.00,42270
28-Feb-14,899.50,900.00,882.00,890.00,33091
27-Feb-14,875.00,904.50,875.00,890.00,15488
26-Feb-14,903.00,905.00,895.00,899.50,27074
25-Feb-14,907.00,913.50,902.50,905.00,170622
24-Feb-14,893.00,918.00,893.00,907.00,71589
21-Feb-14,917.50,918.00,897.50,913.00,95302
20-Feb-14,900.00,907.50,893.00,903.00,39194
19-Feb-14,865.00,909.00,865.00,895.00,19432
18-Feb-14,850.00,874.50,850.00,873.50,7990
17-Feb-14,855.50,873.50,847.00,867.00,27467
14-Feb-14,863.00,863.00,840.00,840.00,6123
13-Feb-14,850.00,851.00,839.50,839.50,13551
12-Feb-14,850.00,870.00,838.50,838.50,19629
11-Feb-14,870.00,875.00,855.00,861.00,62698
10-Feb-14,835.00,869.50,835.00,854.50,29310
7-Feb-14,821.00,859.50,821.00,859.50,20136
6-Feb-14,817.50,826.00,817.50,820.00,58195
5-Feb-14,810.00,827.50,804.50,812.00,100944
4-Feb-14,804.00,830.00,785.50,805.00,80384
3-Feb-14,859.00,859.00,809.50,809.50,21104
31-Jan-14,849.00,849.00,817.50,841.00,47465
30-Jan-14,830.00,848.50,825.00,829.50,24883
29-Jan-14,819.50,834.50,815.50,819.00,33329
28-Jan-14,814.50,847.00,810.00,817.00,90340
27-Jan-14,830.00,831.50,812.50,815.00,39105
24-Jan-14,807.50,850.00,807.50,813.50,28445
23-Jan-14,827.50,850.00,827.50,849.50,19443
22-Jan-14,848.50,853.50,841.50,850.00,11636
21-Jan-14,860.00,860.00,844.50,844.50,11610
20-Jan-14,850.50,880.00,840.00,860.00,89827
17-Jan-14,800.00,854.50,800.00,840.00,46870
16-Jan-14,874.50,874.50,809.50,825.00,56877
15-Jan-14,875.50,878.50,868.00,875.00,14455
14-Jan-14,890.00,890.00,845.00,869.00,12530
13-Jan-14,896.00,900.00,875.50,890.00,27039
10-Jan-14,880.00,890.00,879.00,885.50,14208
9-Jan-14,890.00,900.00,883.00,890.00,57976
8-Jan-14,880.00,891.50,880.00,886.50,4647
7-Jan-14,920.00,920.00,882.50,892.00,14505
6-Jan-14,905.00,914.00,880.50,900.00,69175
3-Jan-14,880.00,911.00,880.00,898.50,33094
2-Jan-14,910.00,919.50,890.00,900.00,93890
31-Dec-13,900.00,900.00,897.00,897.50,40128
30-Dec-13,875.00,910.00,875.00,910.00,23922
27-Dec-13,900.00,900.00,893.50,900.00,6235
24-Dec-13,896.00,900.00,895.00,899.00,13521
23-Dec-13,900.00,900.00,886.00,899.00,36871
20-Dec-13,900.00,901.00,890.50,900.00,335301
19-Dec-13,900.00,910.00,898.00,900.00,133799
18-Dec-13,880.00,900.00,880.00,880.00,20939
17-Dec-13,875.00,915.50,875.00,899.00,30983
16-Dec-13,962.00,962.50,899.50,920.00,23658
13-Dec-13,956.00,956.50,919.50,921.00,10663
12-Dec-13,898.00,966.00,898.00,966.00,34526
11-Dec-13,900.00,900.00,865.00,895.00,20955
10-Dec-13,885.00,917.00,864.00,917.00,39801
9-Dec-13,860.00,884.00,849.50,880.00,45995
6-Dec-13,825.00,860.00,818.00,860.00,32483
5-Dec-13,870.00,870.00,807.00,807.00,31277
4-Dec-13,855.50,861.00,836.50,850.00,13582
3-Dec-13,869.00,871.50,865.00,871.00,36463
2-Dec-13,890.00,890.00,860.00,869.00,17030
29-Nov-13,890.00,890.00,874.00,882.00,13443
28-Nov-13,850.00,890.00,850.00,890.00,23106
27-Nov-13,844.00,849.00,836.50,844.00,28403
26-Nov-13,850.00,854.00,838.00,837.87,308321
25-Nov-13,850.00,850.00,840.50,850.00,62953
22-Nov-13,830.00,848.00,830.00,844.50,18734
21-Nov-13,838.00,847.00,830.00,834.00,15683
20-Nov-13,844.50,846.00,833.00,840.00,18360
19-Nov-13,860.00,862.00,842.50,845.00,25510
18-Nov-13,829.50,871.50,826.50,845.00,83409
15-Nov-13,832.00,850.00,832.00,850.00,44702
14-Nov-13,820.00,850.00,820.00,850.00,20352
13-Nov-13,835.00,850.00,822.00,840.50,29199
12-Nov-13,850.00,850.00,835.50,850.00,20405
11-Nov-13,849.50,850.00,846.50,850.00,35667
8-Nov-13,850.00,855.00,828.00,850.00,172877
7-Nov-13,848.50,850.00,826.00,835.00,41538
6-Nov-13,850.00,850.00,834.00,850.00,16800
5-Nov-13,850.00,850.00,847.00,850.00,20485
4-Nov-13,850.00,860.00,842.00,850.00,22120
1-Nov-13,860.50,876.50,860.00,860.00,24725
31-Oct-13,894.00,895.50,850.00,850.00,15121
30-Oct-13,910.00,910.00,895.00,895.00,9759
29-Oct-13,920.00,920.00,899.00,905.00,21430
28-Oct-13,882.50,920.00,882.50,908.50,83087
25-Oct-13,918.50,922.00,880.50,888.50,14600
24-Oct-13,917.50,928.00,906.00,906.00,15040
23-Oct-13,910.00,925.00,-,918.00,53834
22-Oct-13,872.50,885.00,855.00,885.00,19367
21-Oct-13,845.00,866.00,830.50,866.00,18031
18-Oct-13,856.00,856.50,825.00,839.50,18661
17-Oct-13,807.50,840.00,806.00,831.50,5603
16-Oct-13,826.50,831.50,806.50,822.50,58952
15-Oct-13,821.50,827.50,796.50,827.00,38952
14-Oct-13,826.50,830.00,821.50,821.50,12896
11-Oct-13,811.00,827.00,811.00,820.00,8744
10-Oct-13,832.50,835.00,822.00,835.00,7342
9-Oct-13,826.50,834.50,818.50,822.00,27714
8-Oct-13,834.00,839.00,826.50,826.50,8396
7-Oct-13,823.00,829.00,812.00,825.00,37625
4-Oct-13,810.00,828.00,810.00,823.50,11186
3-Oct-13,813.00,833.00,813.00,816.00,28140
2-Oct-13,832.50,832.50,818.00,830.00,1907
1-Oct-13,820.00,825.00,802.00,823.00,10974
30-Sep-13,820.50,834.50,813.00,817.00,28397
27-Sep-13,820.00,835.00,820.00,828.50,7448
26-Sep-13,835.00,844.00,820.00,832.00,33923
25-Sep-13,834.00,835.00,816.50,825.00,36357
24-Sep-13,860.50,879.50,830.00,830.00,103506
20-Sep-13,890.00,895.50,845.50,885.00,2164098
19-Sep-13,898.00,898.00,851.00,860.00,92051
18-Sep-13,875.00,890.00,862.50,862.50,57948
17-Sep-13,868.50,873.00,856.50,870.00,35915
16-Sep-13,850500.00,890000.00,848000.00,869000.00,132
13-Sep-13,814000.00,845000.00,814000.00,843000.00,12
12-Sep-13,815000.00,835500.00,801000.00,825000.00,84
11-Sep-13,817500.00,825000.00,796000.00,803000.00,92
10-Sep-13,815500.00,821000.00,800000.00,803000.00,218
9-Sep-13,775000.00,821000.00,775000.00,799000.00,155
6-Sep-13,780000.00,780000.00,750000.00,780000.00,80
5-Sep-13,754500.00,760000.00,754500.00,760000.00,23
4-Sep-13,738500.00,779500.00,736000.00,754000.00,98
3-Sep-13,740000.00,740000.00,728000.00,730000.00,48
2-Sep-13,740000.00,740000.00,732000.00,734000.00,17
30-Aug-13,736000.00,740000.00,725000.00,734000.00,57
29-Aug-13,759500.00,759500.00,701000.00,737000.00,60
28-Aug-13,750000.00,760000.00,730500.00,750000.00,25
27-Aug-13,803000.00,803000.00,760000.00,764000.00,23
23-Aug-13,785500.00,785500.00,765000.00,774000.00,1
22-Aug-13,805000.00,805000.00,780000.00,780000.00,15
21-Aug-13,805000.00,821000.00,798500.00,800000.00,22
20-Aug-13,782500.00,820000.00,782500.00,799000.00,30
19-Aug-13,785000.00,860000.00,782500.00,782500.00,83
16-Aug-13,778000.00,799500.00,762500.00,775000.00,10
15-Aug-13,746500.00,775000.00,740000.00,769000.00,71
14-Aug-13,741500.00,747500.00,735000.00,745000.00,20
13-Aug-13,729500.00,771000.00,729500.00,756700.00,6
12-Aug-13,725000.00,750000.00,725000.00,750000.00,1
9-Aug-13,784000.00,784000.00,719500.00,727000.00,18
8-Aug-13,791000.00,791000.00,760000.00,763000.00,2
7-Aug-13,745000.00,764000.00,745000.00,760000.00,12
6-Aug-13,732500.00,790000.00,730000.00,768000.00,20
5-Aug-13,710500.00,710500.00,682000.00,710000.00,5
2-Aug-13,710000.00,719000.00,709500.00,709500.00,53
1-Aug-13,715000.00,720000.00,705000.00,714500.00,23
31-Jul-13,685000.00,710000.00,682000.00,700000.00,53
30-Jul-13,665000.00,695500.00,665000.00,680000.00,37
29-Jul-13,675000.00,675000.00,660000.00,660000.00,106
26-Jul-13,650500.00,663000.00,650000.00,663000.00,14
25-Jul-13,670000.00,670000.00,649000.00,659000.00,5
24-Jul-13,645000.00,660000.00,634500.00,660000.00,25
23-Jul-13,650000.00,660000.00,627000.00,645000.00,113
22-Jul-13,633500.00,643000.00,633500.00,642500.00,9
19-Jul-13,631000.00,645000.00,630000.00,640500.00,7
18-Jul-13,630000.00,642500.00,630000.00,642500.00,12
17-Jul-13,623500.00,640000.00,623500.00,630000.00,113
16-Jul-13,623500.00,640000.00,623500.00,636500.00,24
15-Jul-13,635000.00,642000.00,635000.00,637500.00,20
12-Jul-13,650000.00,650000.00,638000.00,638000.00,4
11-Jul-13,655000.00,655000.00,640000.00,644000.00,37
10-Jul-13,625000.00,645000.00,625000.00,645000.00,198
9-Jul-13,615000.00,630000.00,615000.00,630000.00,35
8-Jul-13,602000.00,612000.00,576500.00,605000.00,66
5-Jul-13,617000.00,625000.00,617000.00,623000.00,15
4-Jul-13,617000.00,632500.00,617000.00,625000.00,55
3-Jul-13,605500.00,632500.00,605500.00,627500.00,47
2-Jul-13,620500.00,638000.00,619000.00,619000.00,158
1-Jul-13,610000.00,650634.00,610000.00,632000.00,78
28-Jun-13,650000.00,652500.00,630000.00,633500.00,139
27-Jun-13,624000.00,642000.00,612000.00,640000.00,418
26-Jun-13,595000.00,626000.00,592929.00,619000.00,163
25-Jun-13,575000.00,602000.00,574720.00,591461.10,298
24-Jun-13,580000.00,600000.00,572000.00,578437.50,690
21-Jun-13,575000.00,600000.00,570000.00,575310.00,4849
