31-Dec-15,327.40,334.70,325.80,332.80,48376
30-Dec-15,330.90,334.40,330.16,334.40,207361
29-Dec-15,325.90,333.10,324.48,331.50,200301
24-Dec-15,330.00,330.00,326.80,327.00,15591
23-Dec-15,329.50,329.90,325.00,328.20,216557
22-Dec-15,324.00,326.90,323.40,326.20,542687
21-Dec-15,321.20,330.62,321.10,321.60,400975
18-Dec-15,324.30,331.70,324.30,331.70,907951
16-Dec-15,321.90,323.60,315.00,323.00,637685
15-Dec-15,307.30,315.00,305.11,314.80,538904
14-Dec-15,315.30,318.37,311.80,313.20,332175
11-Dec-15,316.70,319.60,313.00,313.00,441789
10-Dec-15,325.30,325.30,317.40,318.40,491800
9-Dec-15,328.00,330.60,321.00,325.40,829093
8-Dec-15,331.40,332.90,326.50,327.80,384298
7-Dec-15,329.20,333.96,325.30,332.40,365009
4-Dec-15,325.80,329.10,322.40,327.40,268896
3-Dec-15,318.90,331.43,318.90,326.90,447311
2-Dec-15,319.80,324.70,316.28,324.40,386786
1-Dec-15,320.80,324.00,317.70,321.80,486609
30-Nov-15,319.90,324.90,319.90,321.20,433042
27-Nov-15,317.20,322.60,317.20,322.60,388869
26-Nov-15,318.70,319.90,314.30,319.90,278545
25-Nov-15,315.70,319.70,310.60,316.50,360489
24-Nov-15,315.50,316.06,309.70,313.10,417787
23-Nov-15,320.50,322.38,318.20,318.20,509030
20-Nov-15,328.10,328.10,319.80,323.60,708275
19-Nov-15,322.50,326.40,321.50,325.10,559021
18-Nov-15,321.20,323.00,321.20,322.70,324901
17-Nov-15,320.00,323.50,318.40,321.80,411212
16-Nov-15,311.50,318.40,310.40,318.00,415070
13-Nov-15,313.00,314.80,311.50,313.90,608126
12-Nov-15,314.60,316.00,312.30,312.60,558023
11-Nov-15,313.70,316.40,311.70,313.70,415247
10-Nov-15,312.90,315.00,310.20,312.10,687032
9-Nov-15,313.40,313.50,309.60,311.00,515591
6-Nov-15,313.80,315.78,308.97,311.00,618126
5-Nov-15,318.10,318.10,309.90,315.00,1202978
4-Nov-15,312.00,319.53,311.90,316.42,894680
3-Nov-15,309.40,312.40,307.70,311.38,487159
2-Nov-15,292.80,313.70,292.80,308.60,830174
30-Oct-15,291.30,301.40,289.80,299.40,710424
29-Oct-15,292.50,294.00,282.90,289.00,605746
28-Oct-15,284.30,286.60,281.70,285.00,349460
27-Oct-15,289.00,289.00,278.50,285.20,682971
26-Oct-15,282.60,291.90,278.90,286.90,794275
23-Oct-15,277.40,280.40,273.70,276.00,233156
22-Oct-15,282.10,282.60,275.40,276.80,212841
21-Oct-15,276.40,283.80,274.10,283.00,661906
20-Oct-15,278.70,278.70,272.00,272.90,448125
19-Oct-15,271.20,273.80,268.50,272.80,232155
16-Oct-15,274.50,275.90,270.30,272.90,403099
15-Oct-15,277.40,277.40,271.40,272.40,220433
14-Oct-15,276.50,277.60,273.60,275.40,321447
13-Oct-15,279.40,279.80,276.00,276.70,235765
12-Oct-15,277.20,279.70,277.10,279.00,289523
9-Oct-15,282.50,282.50,277.00,277.90,519677
8-Oct-15,284.10,284.10,279.10,279.40,500112
7-Oct-15,286.80,288.60,282.30,283.00,466126
6-Oct-15,287.90,288.20,285.30,288.00,298562
5-Oct-15,291.80,293.20,287.10,288.60,249878
2-Oct-15,289.40,290.70,285.00,286.30,270611
1-Oct-15,287.30,288.90,285.00,286.90,339141
30-Sep-15,287.00,289.50,282.10,284.80,387873
29-Sep-15,282.10,284.40,281.00,282.50,336924
28-Sep-15,284.10,286.70,284.10,286.00,195633
25-Sep-15,285.40,289.30,284.40,285.30,326597
24-Sep-15,285.80,290.40,282.10,283.60,383248
23-Sep-15,281.60,288.10,281.40,287.80,333276
22-Sep-15,285.10,286.30,279.80,282.80,440696
21-Sep-15,279.10,293.30,279.10,290.50,589537
18-Sep-15,298.00,298.00,284.10,285.40,691497
17-Sep-15,295.50,295.50,290.20,290.20,268375
16-Sep-15,296.30,298.10,290.40,293.70,653246
15-Sep-15,293.90,295.10,287.90,288.20,395578
14-Sep-15,293.40,296.20,288.22,292.00,206075
11-Sep-15,293.30,297.70,292.90,294.00,202388
10-Sep-15,291.70,295.90,291.70,294.60,393118
9-Sep-15,292.80,293.70,290.10,293.50,295225
8-Sep-15,281.80,293.80,281.80,289.30,330284
7-Sep-15,282.80,289.70,282.80,289.10,358173
4-Sep-15,283.10,292.20,283.10,288.70,434719
3-Sep-15,295.10,298.30,288.50,289.00,509832
2-Sep-15,295.60,302.60,291.20,300.10,490993
1-Sep-15,291.50,294.40,290.50,292.60,418872
28-Aug-15,294.90,297.70,294.10,296.00,664912
27-Aug-15,286.20,295.90,286.11,295.00,664327
26-Aug-15,297.40,297.40,285.80,293.00,697275
25-Aug-15,288.80,296.35,288.80,292.00,619908
24-Aug-15,287.90,287.90,279.70,282.90,439041
21-Aug-15,298.80,300.90,291.30,293.50,373432
20-Aug-15,300.10,302.40,297.70,301.00,407699
19-Aug-15,304.10,304.70,302.00,302.30,276147
18-Aug-15,302.70,305.70,302.70,305.00,237968
17-Aug-15,304.50,306.23,302.60,303.70,178954
14-Aug-15,304.00,305.60,302.40,304.90,298618
13-Aug-15,304.60,305.70,301.40,303.00,344520
12-Aug-15,297.20,301.80,297.20,301.10,481036
11-Aug-15,298.90,301.80,296.30,301.70,269920
10-Aug-15,302.80,302.80,296.89,301.60,204381
7-Aug-15,301.10,301.76,298.80,300.10,272455
6-Aug-15,306.00,306.00,297.80,300.80,383250
5-Aug-15,302.60,302.97,297.30,301.80,455922
4-Aug-15,306.90,306.90,302.40,302.90,310143
3-Aug-15,300.50,306.40,300.50,306.40,327478
31-Jul-15,303.00,303.90,296.38,303.10,890287
30-Jul-15,301.00,302.50,294.10,297.80,473096
29-Jul-15,308.20,308.20,298.90,300.10,539628
28-Jul-15,299.00,302.70,299.00,301.70,314502
27-Jul-15,300.60,302.40,297.00,300.10,343287
24-Jul-15,301.40,306.30,301.40,303.50,290606
23-Jul-15,306.50,307.34,302.10,303.40,231116
22-Jul-15,299.60,307.50,299.60,306.60,245237
21-Jul-15,304.00,304.40,300.90,303.50,190739
20-Jul-15,303.20,303.54,300.20,301.00,212843
17-Jul-15,299.40,301.70,298.80,301.70,211549
16-Jul-15,299.90,301.10,299.70,300.30,218230
15-Jul-15,300.00,301.30,297.50,300.00,236201
14-Jul-15,302.60,302.60,298.20,299.40,248626
13-Jul-15,298.70,302.10,294.76,301.00,445085
10-Jul-15,304.80,304.80,299.40,300.00,387028
9-Jul-15,296.00,300.00,296.00,299.00,214507
8-Jul-15,297.20,300.30,294.20,298.60,517181
7-Jul-15,299.10,300.00,294.20,294.20,508059
6-Jul-15,299.20,302.30,294.04,299.00,440318
3-Jul-15,302.90,306.00,302.80,303.00,336519
2-Jul-15,305.90,309.50,304.20,305.80,503368
1-Jul-15,307.20,310.30,295.40,307.20,356552
30-Jun-15,302.90,309.40,302.90,307.40,544448
29-Jun-15,304.30,307.90,300.08,305.90,478429
26-Jun-15,313.90,313.90,310.00,311.80,377212
25-Jun-15,315.40,315.50,312.90,313.40,444003
24-Jun-15,321.00,321.00,312.60,315.10,425654
23-Jun-15,311.00,315.20,307.64,312.80,398530
22-Jun-15,316.90,316.90,310.20,311.00,541963
19-Jun-15,311.00,311.70,306.60,311.50,1082277
18-Jun-15,306.60,309.60,305.00,308.90,404075
17-Jun-15,314.80,314.80,308.60,308.70,481898
16-Jun-15,308.80,315.70,305.60,313.50,959815
15-Jun-15,308.90,310.10,305.59,308.30,322754
12-Jun-15,312.60,314.10,304.88,312.00,429299
11-Jun-15,316.30,317.10,310.80,315.40,422702
10-Jun-15,308.60,317.00,308.60,314.90,428248
9-Jun-15,311.30,311.30,307.40,311.00,347904
8-Jun-15,310.90,311.80,307.80,309.40,319723
5-Jun-15,312.10,312.15,305.55,309.80,350235
4-Jun-15,316.80,316.80,310.80,312.30,463759
3-Jun-15,318.50,324.80,316.30,318.70,707806
2-Jun-15,311.60,317.93,309.00,315.60,713420
1-Jun-15,311.20,315.40,310.50,313.10,405318
29-May-15,313.30,316.60,311.60,312.30,796403
28-May-15,310.40,313.70,310.40,313.70,434021
27-May-15,308.00,313.10,308.00,312.00,472711
26-May-15,310.00,315.18,306.30,307.20,390984
22-May-15,310.00,312.50,307.90,310.20,608312
21-May-15,305.20,309.80,305.20,309.70,461473
20-May-15,307.30,309.00,306.00,307.00,477170
19-May-15,304.30,309.50,304.30,309.10,387277
18-May-15,303.90,305.80,302.27,305.40,386827
15-May-15,300.60,302.70,299.00,302.30,497125
14-May-15,296.90,299.90,292.60,298.10,401292
13-May-15,296.80,296.80,294.00,295.80,361223
12-May-15,293.50,297.60,291.50,295.00,389216
11-May-15,302.00,302.00,290.60,296.80,472261
8-May-15,295.00,311.90,292.01,298.90,1209867
7-May-15,290.50,290.70,282.60,288.70,496540
6-May-15,292.00,292.10,280.90,284.90,690312
5-May-15,289.40,290.72,283.80,285.00,438676
1-May-15,292.80,292.80,281.70,282.80,306144
30-Apr-15,287.70,290.10,284.20,287.50,540728
29-Apr-15,296.00,298.40,292.10,294.00,374924
28-Apr-15,298.00,301.80,297.30,298.30,404675
27-Apr-15,300.90,301.00,290.00,300.80,211762
24-Apr-15,294.00,300.00,294.00,299.00,226802
23-Apr-15,300.00,300.00,295.30,296.00,331314
22-Apr-15,297.20,301.60,294.90,298.90,788030
21-Apr-15,297.20,299.10,294.20,297.80,264173
20-Apr-15,295.50,298.00,292.70,295.00,316974
17-Apr-15,295.90,297.00,292.60,293.60,403468
16-Apr-15,299.00,299.00,293.16,295.05,668787
15-Apr-15,297.50,304.20,295.70,297.10,1285648
14-Apr-15,292.80,300.20,290.60,299.20,688252
13-Apr-15,293.40,293.40,290.30,291.40,359179
10-Apr-15,290.50,294.60,290.50,293.40,401031
9-Apr-15,293.80,293.80,288.50,291.30,370178
8-Apr-15,290.00,294.00,288.60,290.50,743140
7-Apr-15,287.00,293.60,285.90,291.40,590859
2-Apr-15,285.10,287.00,282.50,285.15,424455
1-Apr-15,282.20,288.00,282.20,284.40,434979
31-Mar-15,282.10,287.40,279.90,283.70,980085
30-Mar-15,285.80,286.30,281.70,284.00,342817
27-Mar-15,287.20,289.30,282.80,284.10,386736
26-Mar-15,294.00,294.00,284.40,288.40,718490
25-Mar-15,290.70,291.40,287.30,289.70,509116
24-Mar-15,289.50,294.00,289.50,289.50,583336
23-Mar-15,285.30,289.86,283.10,288.90,477029
20-Mar-15,283.60,285.70,281.00,284.50,761593
19-Mar-15,283.40,288.00,279.70,285.00,532599
18-Mar-15,278.00,281.70,277.15,280.10,864399
17-Mar-15,279.50,279.50,275.80,277.00,420751
16-Mar-15,281.10,282.00,278.50,278.60,558500
13-Mar-15,281.80,282.19,279.00,279.90,501651
12-Mar-15,277.40,287.30,277.40,280.50,1006177
11-Mar-15,281.70,283.00,275.10,279.30,565348
10-Mar-15,287.60,288.70,280.70,281.80,381591
9-Mar-15,278.70,285.80,277.47,285.80,398159
6-Mar-15,282.60,283.80,279.50,280.10,474363
5-Mar-15,282.50,282.50,277.50,282.20,585917
4-Mar-15,283.10,286.70,279.20,281.00,856148
3-Mar-15,284.80,292.10,283.00,288.80,1082242
2-Mar-15,281.00,293.80,280.10,291.00,1331886
27-Feb-15,275.30,284.10,273.30,284.10,993390
26-Feb-15,275.60,277.20,267.30,274.90,374492
25-Feb-15,269.00,275.40,269.00,272.90,283849
24-Feb-15,273.20,273.20,268.00,270.20,207327
23-Feb-15,268.40,272.00,265.10,271.20,262297
20-Feb-15,259.50,266.90,257.60,266.90,327880
19-Feb-15,268.10,268.10,260.50,261.70,482009
18-Feb-15,270.60,271.20,260.30,261.90,772551
17-Feb-15,268.50,269.10,263.20,267.00,370944
16-Feb-15,269.20,270.20,264.43,267.70,187690
13-Feb-15,271.30,273.30,266.70,270.00,462287
12-Feb-15,265.50,272.70,265.50,272.70,207694
11-Feb-15,270.00,270.64,266.30,267.60,447739
10-Feb-15,261.00,270.10,261.00,269.70,384785
9-Feb-15,261.50,267.01,259.30,262.60,247501
6-Feb-15,256.70,268.40,256.70,264.30,362651
5-Feb-15,260.20,263.20,216.30,262.10,264863
4-Feb-15,261.20,264.40,258.80,260.20,374432
3-Feb-15,256.00,267.00,255.50,261.00,408314
2-Feb-15,255.40,259.16,252.39,256.30,279213
30-Jan-15,262.00,262.00,255.10,255.50,406158
29-Jan-15,262.00,264.00,252.80,263.10,386016
28-Jan-15,259.70,260.70,255.90,256.30,140837
27-Jan-15,265.20,265.20,258.60,259.30,248269
26-Jan-15,258.20,264.30,258.20,263.40,392892
23-Jan-15,257.80,260.80,255.20,259.80,327098
22-Jan-15,261.10,261.10,251.60,255.50,366433
21-Jan-15,259.40,261.90,258.80,258.80,228402
20-Jan-15,259.80,262.75,258.00,260.10,212343
19-Jan-15,258.70,262.80,258.04,260.40,225290
16-Jan-15,261.60,263.60,255.30,259.00,413426
15-Jan-15,256.50,261.60,255.30,261.20,391923
14-Jan-15,258.50,260.60,252.40,256.20,373275
13-Jan-15,258.80,260.60,256.50,259.50,340876
12-Jan-15,254.70,258.50,253.64,257.10,295948
9-Jan-15,253.20,256.20,250.68,255.50,374332
8-Jan-15,250.50,256.70,250.50,256.30,397480
7-Jan-15,250.00,251.90,248.10,249.10,302766
6-Jan-15,252.40,253.94,247.90,247.90,545777
5-Jan-15,245.00,251.50,243.95,250.60,554248
31-Dec-14,244.50,248.40,244.30,248.40,41703
30-Dec-14,248.10,248.10,245.48,246.00,233643
29-Dec-14,250.10,252.50,246.40,246.70,198480
24-Dec-14,243.00,252.20,243.00,250.50,46792
23-Dec-14,246.80,249.40,241.62,249.10,145578
22-Dec-14,249.40,250.00,245.67,248.30,236089
19-Dec-14,249.80,251.20,243.84,248.60,937858
18-Dec-14,240.00,248.80,240.00,247.40,238796
17-Dec-14,240.30,241.20,237.80,239.00,240595
16-Dec-14,240.00,243.40,236.70,243.40,505347
15-Dec-14,240.00,244.69,234.88,240.00,272960
12-Dec-14,249.10,249.10,239.30,242.00,324543
11-Dec-14,250.60,255.12,247.30,248.20,369257
10-Dec-14,256.70,256.80,251.37,252.30,359275
9-Dec-14,256.80,258.70,253.10,254.20,314834
8-Dec-14,256.10,257.80,247.78,256.50,333795
5-Dec-14,254.50,255.10,251.70,254.00,779788
4-Dec-14,254.00,256.60,249.60,251.90,380602
3-Dec-14,258.40,258.40,252.70,253.60,370271
2-Dec-14,259.80,263.70,254.10,256.10,349935
1-Dec-14,262.50,263.55,256.78,259.90,460567
28-Nov-14,262.60,266.52,252.10,264.90,607063
27-Nov-14,245.00,258.60,244.70,257.40,843555
26-Nov-14,243.30,244.10,240.50,240.80,295980
25-Nov-14,241.60,245.00,241.60,244.00,286835
24-Nov-14,239.40,243.40,239.20,242.40,257300
21-Nov-14,241.50,242.46,238.40,239.00,401239
20-Nov-14,241.40,245.60,241.20,241.60,192566
19-Nov-14,243.40,243.50,238.80,242.10,295306
18-Nov-14,241.10,244.40,241.10,241.70,237838
17-Nov-14,239.00,242.70,235.90,242.10,178160
14-Nov-14,241.80,245.60,238.50,240.80,198841
13-Nov-14,240.60,244.60,239.00,241.90,658136
12-Nov-14,245.40,245.40,239.20,241.50,552073
11-Nov-14,243.90,248.40,242.50,243.40,342673
10-Nov-14,243.10,246.50,242.30,244.50,273991
7-Nov-14,245.40,246.20,242.20,244.20,516759
6-Nov-14,242.90,245.40,240.10,243.80,466155
5-Nov-14,244.40,246.20,244.20,244.20,414173
4-Nov-14,242.50,247.40,242.50,243.90,446301
3-Nov-14,247.10,248.30,243.00,244.40,695118
31-Oct-14,247.80,254.29,247.70,249.00,919374
30-Oct-14,238.00,248.60,238.00,246.20,1552269
29-Oct-14,234.70,235.70,233.30,235.20,361081
28-Oct-14,232.50,234.50,231.60,233.40,284483
27-Oct-14,232.10,236.99,228.10,232.10,330462
24-Oct-14,230.30,233.80,229.90,231.40,285780
23-Oct-14,232.60,234.00,228.70,231.90,320317
22-Oct-14,234.40,236.40,231.60,232.20,545159
21-Oct-14,227.20,234.80,227.20,233.80,514519
20-Oct-14,225.40,228.20,222.68,228.00,479738
17-Oct-14,222.30,227.00,222.30,227.00,296297
16-Oct-14,221.20,221.60,213.40,221.50,930481
15-Oct-14,225.00,230.90,216.10,220.00,637714
14-Oct-14,224.60,225.90,222.50,225.40,454166
13-Oct-14,227.50,229.80,224.80,225.40,397424
10-Oct-14,225.10,230.90,223.83,229.10,468819
9-Oct-14,233.20,233.20,228.30,229.60,368388
8-Oct-14,230.40,232.80,227.30,231.00,304078
7-Oct-14,236.50,236.50,232.01,232.60,231172
6-Oct-14,236.80,238.30,234.20,237.00,313492
3-Oct-14,234.60,237.36,234.00,237.20,190919
2-Oct-14,233.80,234.13,230.98,233.00,423669
1-Oct-14,236.80,237.58,231.30,233.60,567195
30-Sep-14,238.00,239.21,237.50,237.50,473062
29-Sep-14,240.10,240.10,237.60,238.00,371073
26-Sep-14,238.50,240.62,237.50,239.30,431767
25-Sep-14,244.10,245.90,239.60,239.60,453636
24-Sep-14,247.20,250.10,244.20,244.20,290699
23-Sep-14,252.00,252.10,247.60,248.50,273208
22-Sep-14,248.90,252.50,248.90,251.80,224534
19-Sep-14,250.00,254.72,249.95,251.20,670486
18-Sep-14,246.30,248.50,244.60,248.10,278958
17-Sep-14,249.50,249.50,245.40,245.60,281043
16-Sep-14,247.50,248.50,245.06,247.10,209246
15-Sep-14,247.00,247.70,243.20,246.20,195788
12-Sep-14,246.40,249.10,246.30,247.50,532132
11-Sep-14,247.60,250.10,242.50,246.80,356375
10-Sep-14,249.00,249.86,247.30,247.80,249697
9-Sep-14,253.60,253.60,248.40,250.00,407388
8-Sep-14,250.40,254.43,245.66,248.60,438489
5-Sep-14,257.30,258.60,248.31,250.70,304490
4-Sep-14,258.10,260.00,248.10,259.40,345996
3-Sep-14,263.70,264.10,258.50,258.80,479375
2-Sep-14,261.80,263.50,256.40,257.60,452136
1-Sep-14,254.80,262.50,251.63,261.50,362769
29-Aug-14,253.30,256.50,252.60,256.40,313789
28-Aug-14,256.40,256.40,252.50,253.60,296585
27-Aug-14,250.70,258.30,250.20,256.00,350010
26-Aug-14,250.20,255.82,250.20,251.80,254030
22-Aug-14,250.80,251.90,249.30,250.20,259458
21-Aug-14,250.80,252.60,249.10,251.40,485364
20-Aug-14,252.10,253.10,250.30,251.50,407370
19-Aug-14,253.70,256.50,253.10,254.00,176430
18-Aug-14,256.30,258.52,253.30,255.00,187114
15-Aug-14,253.60,255.70,252.40,253.70,302253
14-Aug-14,251.70,258.00,251.70,254.80,257757
13-Aug-14,256.70,256.70,252.10,255.00,296275
12-Aug-14,256.90,259.46,254.36,257.50,375740
11-Aug-14,258.40,260.01,256.20,256.70,367259
8-Aug-14,255.20,257.90,254.30,256.20,353790
7-Aug-14,253.70,260.00,253.70,258.00,382292
6-Aug-14,254.00,256.00,250.60,256.00,431783
5-Aug-14,256.20,259.10,255.50,256.50,375889
4-Aug-14,256.30,260.20,253.70,257.30,239799
1-Aug-14,260.90,264.22,255.10,257.20,388974
31-Jul-14,260.70,262.40,255.73,261.80,444703
30-Jul-14,257.60,265.50,257.60,260.90,646593
29-Jul-14,259.40,262.64,255.80,256.70,272377
28-Jul-14,260.10,261.27,257.70,258.70,175921
25-Jul-14,260.00,263.90,258.70,260.80,328790
24-Jul-14,262.80,262.80,258.70,261.60,450780
23-Jul-14,261.30,263.50,260.40,262.30,796256
22-Jul-14,259.90,260.50,256.98,259.90,323589
21-Jul-14,262.80,262.80,256.80,260.70,207004
18-Jul-14,259.00,262.80,255.70,262.00,341042
17-Jul-14,262.50,262.84,259.20,260.30,375653
16-Jul-14,260.80,264.20,260.40,262.00,598755
15-Jul-14,263.30,265.40,260.00,261.90,269343
14-Jul-14,266.90,267.30,264.11,265.30,157844
11-Jul-14,265.80,270.30,263.70,264.70,261049
10-Jul-14,264.50,266.30,260.40,265.90,301825
9-Jul-14,267.60,269.60,260.00,265.40,326536
8-Jul-14,271.00,272.21,265.06,268.00,535600
7-Jul-14,277.00,279.00,268.60,273.00,340994
4-Jul-14,277.80,282.90,274.10,277.10,208686
3-Jul-14,275.20,280.30,275.20,280.00,344491
2-Jul-14,268.70,279.30,268.70,275.90,595541
1-Jul-14,260.60,271.40,260.40,270.60,713121
30-Jun-14,257.90,262.00,257.90,261.80,874409
27-Jun-14,253.80,258.48,252.20,256.90,478992
26-Jun-14,246.80,251.74,246.80,248.37,575262
25-Jun-14,248.50,249.80,244.70,247.07,647053
24-Jun-14,255.50,257.42,249.60,249.60,417903
23-Jun-14,258.80,263.80,255.10,255.70,234561
20-Jun-14,253.30,262.50,253.00,261.30,611284
19-Jun-14,250.80,263.20,250.80,254.80,563218
18-Jun-14,259.50,260.00,254.88,256.70,242747
17-Jun-14,262.60,264.20,256.70,258.20,311949
16-Jun-14,268.00,268.00,260.20,263.00,257257
13-Jun-14,269.10,270.90,261.60,266.10,527201
12-Jun-14,265.70,275.50,265.70,271.20,669675
11-Jun-14,272.20,272.20,266.20,267.10,180921
10-Jun-14,272.30,272.91,268.50,271.50,195894
9-Jun-14,276.00,277.30,270.83,271.30,165119
6-Jun-14,271.30,275.30,270.20,275.00,166971
5-Jun-14,273.00,273.00,268.10,270.50,322367
4-Jun-14,271.70,272.20,269.90,272.20,223939
3-Jun-14,279.60,279.60,272.10,272.30,110447
2-Jun-14,275.60,278.90,275.50,277.70,197521
30-May-14,275.00,278.90,274.00,277.20,327660
29-May-14,275.80,283.29,275.10,275.10,173517
28-May-14,277.40,280.60,276.30,277.20,197503
27-May-14,276.30,281.90,276.30,278.20,179981
23-May-14,268.10,276.90,268.10,275.80,158431
22-May-14,270.60,273.20,268.20,269.80,178864
21-May-14,268.10,273.80,268.10,271.00,285225
20-May-14,263.40,272.20,263.40,269.20,369702
19-May-14,265.20,270.40,263.10,264.50,336307
16-May-14,268.00,269.70,259.20,267.30,498842
15-May-14,269.00,275.60,268.30,268.90,240355
14-May-14,276.50,280.00,274.00,274.10,217911
13-May-14,275.00,281.30,275.00,277.00,652549
12-May-14,273.50,279.10,273.50,274.30,296041
9-May-14,275.10,279.10,274.20,279.10,267769
8-May-14,278.90,282.00,276.50,277.00,268249
7-May-14,276.90,281.50,276.50,279.30,277652
6-May-14,272.30,280.00,272.30,280.00,224819
2-May-14,272.30,281.00,267.70,274.70,187884
1-May-14,280.00,283.90,273.40,277.10,81179
30-Apr-14,280.10,286.75,277.90,279.10,315539
29-Apr-14,288.50,291.35,285.90,287.00,262409
28-Apr-14,288.90,294.13,285.60,289.70,329514
25-Apr-14,285.30,288.88,284.60,288.70,288478
24-Apr-14,281.10,287.10,281.10,287.10,318009
23-Apr-14,280.70,282.90,278.94,281.70,217334
22-Apr-14,278.70,283.80,278.60,282.10,173820
17-Apr-14,272.00,281.50,272.00,278.50,208078
16-Apr-14,276.20,278.40,273.10,273.50,309729
15-Apr-14,276.00,279.08,274.60,275.00,183836
14-Apr-14,274.70,278.30,273.20,278.00,337906
11-Apr-14,280.80,281.10,274.20,277.60,217149
10-Apr-14,278.10,293.40,278.10,284.50,276734
9-Apr-14,275.70,284.20,275.70,279.50,234485
8-Apr-14,276.70,283.00,272.60,274.30,223531
7-Apr-14,280.20,282.30,275.70,279.10,248996
4-Apr-14,281.20,284.60,277.12,282.70,105698
3-Apr-14,281.90,285.90,281.80,282.80,202426
2-Apr-14,283.80,283.80,279.00,283.00,497805
1-Apr-14,279.00,282.10,277.97,280.04,415287
31-Mar-14,279.90,282.60,279.40,280.10,380695
28-Mar-14,283.90,285.60,280.00,280.20,382552
27-Mar-14,281.80,286.50,281.80,285.50,147954
26-Mar-14,282.10,285.90,282.10,284.40,279375
25-Mar-14,280.90,286.70,280.90,282.80,261476
24-Mar-14,283.80,289.70,280.50,281.00,466769
21-Mar-14,293.10,299.30,284.70,284.70,694728
20-Mar-14,292.60,296.10,290.00,293.30,234638
19-Mar-14,292.20,298.10,292.20,295.90,151562
18-Mar-14,295.50,298.00,292.20,293.90,434424
17-Mar-14,291.20,297.50,285.79,297.20,203596
14-Mar-14,296.10,297.90,291.90,292.10,236475
13-Mar-14,297.00,301.10,296.50,299.50,335089
12-Mar-14,300.40,303.10,297.90,297.90,269259
11-Mar-14,292.30,303.10,292.30,302.40,305288
10-Mar-14,295.50,303.80,292.70,295.30,230274
7-Mar-14,297.00,300.10,295.90,298.00,555106
6-Mar-14,295.00,299.60,295.00,298.00,154275
5-Mar-14,296.70,299.00,295.00,296.60,226575
4-Mar-14,297.40,300.80,294.80,298.00,477972
3-Mar-14,300.20,300.20,294.60,297.10,282061
28-Feb-14,297.80,305.60,297.20,304.00,418000
27-Feb-14,296.90,302.60,292.60,298.60,372778
26-Feb-14,298.90,302.50,298.60,300.50,304524
25-Feb-14,300.00,303.00,294.10,300.50,540021
24-Feb-14,300.20,305.40,299.10,301.90,299388
21-Feb-14,303.50,307.70,303.00,304.90,264033
20-Feb-14,298.20,304.30,294.40,304.30,351204
19-Feb-14,291.10,301.90,290.90,301.00,292479
18-Feb-14,288.60,293.80,288.60,292.50,329444
17-Feb-14,288.10,293.30,287.20,290.60,195021
14-Feb-14,284.90,290.20,284.60,289.60,251881
13-Feb-14,282.70,286.00,282.70,285.50,208281
12-Feb-14,277.20,286.50,277.20,285.40,184957
11-Feb-14,279.10,283.90,279.10,283.90,238529
10-Feb-14,286.10,286.60,284.10,285.00,191033
7-Feb-14,288.80,288.80,285.20,287.00,197703
6-Feb-14,285.20,291.20,285.20,287.60,391991
5-Feb-14,289.20,292.30,289.20,290.00,292428
4-Feb-14,290.90,293.90,289.70,292.00,346165
3-Feb-14,288.30,294.80,288.30,292.60,385554
31-Jan-14,288.00,292.10,286.70,291.70,319383
30-Jan-14,290.30,291.60,289.10,289.50,175544
29-Jan-14,283.50,291.00,283.50,291.00,400069
28-Jan-14,274.60,284.30,274.60,283.70,409421
27-Jan-14,280.00,280.00,274.40,276.20,249467
24-Jan-14,281.10,285.00,275.60,276.20,229766
23-Jan-14,286.20,289.30,281.50,283.10,227823
22-Jan-14,289.20,291.70,286.10,287.60,215230
21-Jan-14,291.00,296.20,287.00,290.10,263724
20-Jan-14,293.30,293.30,286.60,293.10,195926
17-Jan-14,291.70,292.70,287.00,287.00,349309
16-Jan-14,288.70,293.90,286.20,293.00,394495
15-Jan-14,299.00,302.70,293.00,293.00,471910
14-Jan-14,302.10,304.50,298.90,299.90,253595
13-Jan-14,297.50,305.40,297.50,304.80,220924
10-Jan-14,289.90,298.30,288.30,297.90,168293
9-Jan-14,287.30,294.80,287.30,290.60,167904
8-Jan-14,287.50,290.90,285.00,288.40,201014
7-Jan-14,284.30,289.50,281.80,287.90,434611
6-Jan-14,280.00,289.20,280.00,285.00,495594
3-Jan-14,272.20,281.30,271.80,281.30,461575
2-Jan-14,274.70,276.80,269.10,274.00,271515
31-Dec-13,273.20,278.40,273.20,275.20,91776
30-Dec-13,274.60,277.50,272.90,273.70,110224
27-Dec-13,272.40,277.00,272.40,276.90,124547
24-Dec-13,268.10,274.40,268.10,273.70,19628
23-Dec-13,274.20,275.70,272.00,273.90,115051
20-Dec-13,275.10,276.50,270.80,272.90,537657
19-Dec-13,265.00,276.20,265.00,275.80,363180
18-Dec-13,265.00,266.60,263.90,263.90,236560
17-Dec-13,267.30,267.30,262.90,264.50,477257
16-Dec-13,258.00,263.10,258.00,262.70,313544
13-Dec-13,260.60,262.70,258.50,259.00,224709
12-Dec-13,264.40,265.40,261.20,261.20,238193
11-Dec-13,260.20,268.90,260.20,265.50,238263
10-Dec-13,256.80,262.60,256.80,261.00,365044
9-Dec-13,260.80,263.50,258.20,263.20,199236
6-Dec-13,256.80,260.30,255.70,257.70,446092
5-Dec-13,254.90,259.70,254.00,257.00,273458
4-Dec-13,256.50,258.40,255.40,256.00,238319
3-Dec-13,260.20,261.70,254.20,256.40,261664
2-Dec-13,266.80,267.10,260.10,261.00,242384
29-Nov-13,261.30,267.50,260.20,266.10,326923
28-Nov-13,256.70,261.00,256.40,261.00,202820
27-Nov-13,255.80,258.40,255.80,256.70,209701
26-Nov-13,258.80,259.20,256.70,256.70,237207
25-Nov-13,257.60,260.20,256.90,259.60,213932
22-Nov-13,256.70,258.50,253.60,254.00,195475
21-Nov-13,248.30,258.60,246.80,257.00,510681
20-Nov-13,253.10,254.40,249.40,249.70,261654
19-Nov-13,253.30,254.10,250.30,254.10,135725
18-Nov-13,254.80,259.20,249.70,253.90,249568
15-Nov-13,255.30,257.30,254.00,254.00,210007
14-Nov-13,255.00,257.70,253.90,255.40,164596
13-Nov-13,257.20,257.20,252.30,252.30,442814
12-Nov-13,257.60,258.30,255.20,255.90,164921
11-Nov-13,258.00,258.10,256.50,257.00,236417
8-Nov-13,257.60,258.10,254.90,255.80,267308
7-Nov-13,257.70,257.90,255.00,256.50,330614
6-Nov-13,255.20,259.00,255.20,257.00,278991
5-Nov-13,256.30,256.60,251.50,255.00,302605
4-Nov-13,257.40,260.00,256.00,256.00,395391
1-Nov-13,262.00,262.00,257.70,257.70,326903
31-Oct-13,263.00,266.70,258.20,261.60,755807
30-Oct-13,259.80,261.70,257.20,258.70,436206
29-Oct-13,256.40,263.10,256.40,260.00,353070
28-Oct-13,263.10,263.10,255.60,257.10,350214
25-Oct-13,262.80,263.30,259.60,259.80,541143
24-Oct-13,266.10,266.50,260.80,263.80,174161
23-Oct-13,262.70,268.20,-,265.70,453117
22-Oct-13,262.10,263.90,260.40,262.40,160450
21-Oct-13,259.50,264.00,259.50,262.90,113306
18-Oct-13,258.40,260.70,258.30,259.80,214262
17-Oct-13,254.30,257.10,253.00,256.80,319944
16-Oct-13,261.20,261.30,251.60,256.00,390681
15-Oct-13,261.50,262.70,258.00,259.70,269968
14-Oct-13,254.40,261.40,254.40,261.20,371632
11-Oct-13,253.20,257.30,253.10,255.50,284623
10-Oct-13,250.80,254.80,250.00,252.70,231215
9-Oct-13,251.80,252.20,248.00,249.89,628741
8-Oct-13,257.20,257.40,252.60,252.60,287085
7-Oct-13,258.70,258.70,253.70,257.90,299535
4-Oct-13,258.70,259.00,256.20,256.40,391586
3-Oct-13,257.00,258.80,257.00,258.10,267601
2-Oct-13,256.60,260.10,256.00,257.40,414252
1-Oct-13,254.40,260.50,254.40,258.90,629724
30-Sep-13,250.90,256.30,250.90,256.30,567071
27-Sep-13,255.60,256.90,252.50,253.40,331977
26-Sep-13,255.60,258.50,255.10,255.80,255053
25-Sep-13,255.60,258.50,255.50,255.50,391795
24-Sep-13,253.10,258.60,253.10,257.30,379079
20-Sep-13,256.40,260.70,254.70,257.40,747997
19-Sep-13,268.60,271.30,257.20,257.20,779613
18-Sep-13,269.30,272.00,264.30,265.20,458423
17-Sep-13,275.10,277.20,273.20,274.20,340518
16-Sep-13,274.40,277.50,272.70,274.80,348881
13-Sep-13,275.00,276.60,270.80,272.00,332611
12-Sep-13,272.30,276.30,272.30,274.90,446931
11-Sep-13,274.20,276.50,271.90,273.60,283054
10-Sep-13,273.90,277.00,270.30,274.00,678273
9-Sep-13,270.80,271.90,267.80,271.70,432039
6-Sep-13,272.20,272.40,262.00,268.40,648673
5-Sep-13,273.20,274.70,269.80,273.70,548780
4-Sep-13,265.50,270.00,264.70,270.00,449323
3-Sep-13,272.50,273.00,268.20,270.90,429230
2-Sep-13,260.40,275.20,260.40,271.00,756405
30-Aug-13,264.70,266.90,261.90,264.00,388352
29-Aug-13,260.00,268.00,259.60,268.00,571162
28-Aug-13,258.40,260.90,255.70,260.00,580471
27-Aug-13,260.70,263.10,258.20,260.50,349658
23-Aug-13,262.40,266.90,262.30,263.00,298335
22-Aug-13,259.50,264.70,259.50,263.10,402410
21-Aug-13,258.90,262.70,258.90,261.20,205317
20-Aug-13,259.10,262.00,255.50,259.80,435988
19-Aug-13,259.50,262.50,259.50,261.20,342558
16-Aug-13,255.10,258.10,254.40,257.10,292212
15-Aug-13,259.70,259.70,254.10,256.00,491953
14-Aug-13,256.80,260.90,256.80,260.50,328891
13-Aug-13,256.80,260.00,255.50,256.80,380447
12-Aug-13,257.40,259.20,256.90,257.50,222690
9-Aug-13,259.30,260.20,257.20,257.90,312138
8-Aug-13,251.40,259.40,251.40,259.40,513531
7-Aug-13,254.00,256.20,251.30,251.50,385135
6-Aug-13,255.50,260.80,255.20,255.40,845092
5-Aug-13,256.00,257.60,253.40,255.50,311841
2-Aug-13,253.40,257.30,252.60,256.10,299622
1-Aug-13,254.50,257.90,252.70,255.70,539740
31-Jul-13,250.40,256.00,248.50,254.20,569278
30-Jul-13,250.90,252.70,248.60,252.30,413811
29-Jul-13,251.80,252.70,249.00,250.70,282180
26-Jul-13,252.30,255.50,250.30,250.30,475637
25-Jul-13,249.70,256.50,249.70,254.80,600047
24-Jul-13,247.00,262.30,246.60,254.50,1096139
23-Jul-13,248.40,249.10,245.50,245.50,567258
22-Jul-13,249.50,251.40,246.60,246.80,620709
19-Jul-13,246.70,250.70,243.90,250.00,691040
18-Jul-13,241.60,250.14,241.58,248.10,656924
17-Jul-13,240.10,243.60,236.40,243.30,552678
16-Jul-13,241.40,243.90,239.60,239.80,1289814
15-Jul-13,238.50,243.80,238.50,243.40,502949
12-Jul-13,238.30,239.20,236.50,238.30,541670
11-Jul-13,240.40,240.60,238.30,239.60,423559
10-Jul-13,239.10,240.28,233.50,237.60,637481
9-Jul-13,241.00,241.20,238.60,240.10,748044
8-Jul-13,236.60,240.37,232.42,238.10,1069145
5-Jul-13,235.10,237.80,233.20,233.80,694556
4-Jul-13,231.80,238.00,231.70,236.00,980982
3-Jul-13,227.00,232.00,226.60,231.70,798406
2-Jul-13,233.30,233.36,228.50,231.70,1087589
1-Jul-13,224.10,229.40,222.58,229.00,490692
28-Jun-13,224.50,225.90,223.03,224.50,753814
27-Jun-13,223.20,226.60,220.90,225.50,729399
26-Jun-13,213.80,224.30,213.80,223.70,764647
25-Jun-13,214.00,215.50,212.60,214.10,993784
24-Jun-13,214.00,214.70,211.50,212.80,1099508
21-Jun-13,215.90,216.40,212.90,214.40,2242383
20-Jun-13,215.40,217.50,214.00,214.70,644740
19-Jun-13,217.60,219.60,217.50,219.10,761350
18-Jun-13,213.50,219.60,213.40,217.90,828603
17-Jun-13,216.90,217.77,214.20,214.50,701114
14-Jun-13,215.30,218.70,215.30,216.60,1546975
13-Jun-13,208.90,215.50,208.90,215.50,1416331
12-Jun-13,209.90,216.70,208.10,212.40,2247022
11-Jun-13,202.70,206.70,202.70,206.20,1227032
10-Jun-13,201.30,204.90,200.68,204.40,1074012
7-Jun-13,196.80,202.50,196.80,201.30,1124571
6-Jun-13,200.00,200.90,197.60,198.50,2147113
5-Jun-13,200.00,202.00,199.60,201.20,1897283
4-Jun-13,200.00,201.40,198.30,201.10,1092040
3-Jun-13,197.30,201.30,196.70,199.40,808694
31-May-13,202.40,202.90,199.40,200.90,851497
30-May-13,200.60,203.90,200.60,203.00,759687
29-May-13,201.00,207.60,200.80,201.70,1290767
28-May-13,209.50,209.50,204.00,205.00,1205532
24-May-13,211.10,211.10,204.60,206.00,1749017
23-May-13,209.10,211.30,207.40,210.00,1125344
22-May-13,211.60,214.70,211.10,213.20,1213462
21-May-13,215.00,217.60,211.50,212.10,965024
20-May-13,213.40,217.10,212.60,216.00,1197288
17-May-13,209.60,214.70,209.60,213.70,1047286
16-May-13,213.00,214.40,210.50,210.80,795812
15-May-13,212.20,213.50,208.60,211.50,727550
14-May-13,212.70,213.90,210.60,212.80,654505
13-May-13,214.50,215.71,210.10,210.70,749608
10-May-13,214.60,218.00,211.00,215.00,1564281
9-May-13,208.30,216.70,207.64,214.90,1422619
8-May-13,209.10,212.80,206.70,207.20,2134800
7-May-13,205.50,210.00,203.50,209.00,2206491
3-May-13,196.20,205.00,195.60,203.60,1648626
2-May-13,194.50,199.90,194.20,196.20,1443347
1-May-13,195.50,203.90,193.40,198.40,501357
30-Apr-13,194.20,196.00,190.10,191.50,1195836
29-Apr-13,194.40,195.83,192.80,193.90,791601
26-Apr-13,194.70,195.30,192.40,194.30,694535
25-Apr-13,192.20,197.69,192.10,195.10,688964
24-Apr-13,194.90,200.60,192.90,194.00,939838
23-Apr-13,196.50,201.10,195.20,200.50,922613
22-Apr-13,198.20,201.40,195.90,196.50,537801
19-Apr-13,198.40,198.49,195.40,197.70,908146
18-Apr-13,195.30,199.90,193.40,195.90,1103256
17-Apr-13,195.60,197.20,191.00,191.00,968665
16-Apr-13,199.60,199.60,194.70,195.30,848107
15-Apr-13,202.50,203.51,196.00,197.50,814984
12-Apr-13,203.30,204.80,200.50,202.10,618323
11-Apr-13,201.00,203.70,200.00,203.30,765963
10-Apr-13,196.30,202.50,196.20,199.90,914841
9-Apr-13,194.20,197.63,192.70,195.80,1253788
8-Apr-13,196.00,198.07,192.00,192.60,1301616
5-Apr-13,205.40,206.43,189.20,192.10,1833947
4-Apr-13,207.50,208.10,203.60,203.60,1263361
3-Apr-13,208.70,209.70,206.00,206.20,1032056
2-Apr-13,206.10,209.60,205.10,209.10,736861
28-Mar-13,207.40,207.40,202.40,204.90,865145
27-Mar-13,210.00,210.87,204.30,206.10,818721
26-Mar-13,212.30,212.30,206.50,207.70,800434
25-Mar-13,212.80,217.10,211.20,211.60,653820
22-Mar-13,211.60,217.30,209.00,212.10,696831
21-Mar-13,212.20,215.10,211.20,211.50,653961
20-Mar-13,216.30,216.30,213.50,213.80,487368
19-Mar-13,215.60,215.80,213.30,213.60,362750
18-Mar-13,215.90,217.50,212.83,215.30,920012
15-Mar-13,215.30,218.60,213.70,218.00,2080923
14-Mar-13,210.30,214.50,210.00,213.70,1542648
13-Mar-13,207.30,209.30,204.90,209.30,1731246
12-Mar-13,207.80,209.40,206.50,206.50,1576771
11-Mar-13,206.50,208.40,206.00,206.40,1708021
8-Mar-13,207.60,210.40,205.00,206.50,3263242
7-Mar-13,209.80,209.90,200.42,204.50,10281524
6-Mar-13,225.90,230.40,223.00,230.00,1110032
5-Mar-13,219.80,226.30,219.70,225.10,1531833
4-Mar-13,214.70,218.50,211.30,218.50,935576
1-Mar-13,220.00,220.00,213.70,215.20,1594642
28-Feb-13,200.00,220.50,200.00,220.00,2491956
27-Feb-13,197.50,199.50,195.30,195.30,678781
26-Feb-13,203.80,203.80,193.80,196.60,1282938
25-Feb-13,208.60,209.10,205.90,206.10,1090522
22-Feb-13,209.00,209.30,206.30,207.90,478916
21-Feb-13,208.00,208.00,204.50,206.90,423545
20-Feb-13,208.90,210.10,207.80,208.50,466421
19-Feb-13,206.70,209.00,206.00,208.60,1452788
18-Feb-13,208.80,208.80,205.00,205.00,557007
15-Feb-13,213.50,213.60,204.10,208.50,606604
14-Feb-13,214.50,214.50,208.40,212.00,458397
13-Feb-13,213.00,215.20,212.41,213.80,895314
12-Feb-13,211.90,213.20,210.70,213.00,543447
11-Feb-13,211.20,213.10,209.88,211.50,515327
8-Feb-13,210.50,212.60,209.40,210.80,1022594
7-Feb-13,209.20,212.40,207.70,209.80,940101
6-Feb-13,206.30,208.10,205.10,207.50,425799
5-Feb-13,203.00,206.10,202.40,204.60,550623
4-Feb-13,212.10,212.10,203.00,203.00,744398
1-Feb-13,208.20,211.60,206.40,210.80,362236
31-Jan-13,208.60,208.60,205.20,207.10,731262
30-Jan-13,214.40,214.40,203.86,207.20,640793
29-Jan-13,214.30,214.30,210.72,212.90,363457
28-Jan-13,213.90,214.80,211.10,213.40,480907
25-Jan-13,209.50,212.70,209.10,212.70,835889
24-Jan-13,211.10,211.10,201.86,208.70,1027328
23-Jan-13,211.50,212.50,208.80,209.30,1563185
22-Jan-13,213.40,213.50,211.10,211.50,1341769
21-Jan-13,213.40,214.20,211.30,214.00,454531
18-Jan-13,215.00,215.00,211.00,212.60,767359
17-Jan-13,212.90,215.30,211.50,213.80,876402
16-Jan-13,213.00,214.00,211.60,212.50,890597
15-Jan-13,214.30,214.30,211.90,213.10,1026160
14-Jan-13,217.00,217.40,211.00,213.90,1119385
11-Jan-13,215.00,218.30,213.60,217.40,751881
10-Jan-13,211.60,217.30,211.60,213.51,712714
9-Jan-13,214.50,214.50,210.40,210.93,625415
8-Jan-13,211.60,211.60,209.20,211.00,548333
7-Jan-13,211.70,212.20,209.30,211.00,425367
4-Jan-13,210.40,212.20,208.20,211.00,736914
3-Jan-13,210.90,210.90,208.60,210.40,793650
2-Jan-13,208.80,212.21,207.26,210.00,510639
