31-Dec-15,50.35,50.85,50.00,50.00,119650
30-Dec-15,50.40,50.80,50.10,50.60,198840
29-Dec-15,49.85,51.60,49.85,50.50,346606
24-Dec-15,51.00,51.00,50.75,51.00,55699
23-Dec-15,51.00,51.38,50.55,51.00,301874
22-Dec-15,51.10,51.75,50.75,51.00,707398
21-Dec-15,51.50,52.20,50.85,51.00,628393
18-Dec-15,49.58,51.40,49.58,50.65,2567645
16-Dec-15,49.09,50.60,49.09,50.50,366319
15-Dec-15,48.33,50.85,48.33,49.82,880465
14-Dec-15,50.25,51.00,48.26,48.53,738209
11-Dec-15,50.25,51.76,48.55,50.75,804877
10-Dec-15,50.55,52.00,50.10,50.70,2402703
9-Dec-15,52.00,52.00,50.14,51.75,677374
8-Dec-15,52.50,52.50,50.77,51.40,401909
7-Dec-15,52.80,52.80,51.85,52.50,367749
4-Dec-15,52.95,53.00,51.80,52.35,349272
3-Dec-15,53.50,53.50,52.00,52.53,814579
2-Dec-15,52.00,53.00,52.00,52.95,223090
1-Dec-15,52.00,53.25,52.00,53.00,1165972
30-Nov-15,53.50,53.50,52.43,53.00,886752
27-Nov-15,53.50,53.50,52.22,53.00,258549
26-Nov-15,53.50,53.50,52.35,52.75,514950
25-Nov-15,52.00,52.90,52.00,52.80,790468
24-Nov-15,53.50,53.50,52.05,52.50,1089900
23-Nov-15,53.50,53.50,52.70,53.00,417319
20-Nov-15,53.50,53.50,52.60,53.00,1371595
19-Nov-15,53.20,53.35,52.10,52.25,1125553
18-Nov-15,54.75,55.03,54.00,55.03,372721
17-Nov-15,54.75,54.75,53.80,54.70,1084785
16-Nov-15,53.00,55.00,53.00,54.20,330956
13-Nov-15,55.70,55.70,53.84,54.00,275767
12-Nov-15,56.10,56.10,54.10,54.45,238887
11-Nov-15,54.80,56.30,54.80,55.55,270779
10-Nov-15,56.45,56.45,55.05,55.60,639090
9-Nov-15,55.50,56.15,55.10,55.10,649959
6-Nov-15,55.00,56.80,55.00,56.10,491647
5-Nov-15,54.80,56.50,54.80,55.90,1301657
4-Nov-15,55.90,56.50,55.00,55.11,699776
3-Nov-15,56.00,56.00,54.50,54.80,401526
2-Nov-15,55.25,55.67,54.65,55.00,703793
30-Oct-15,55.50,55.65,55.35,55.35,478970
29-Oct-15,55.50,56.00,55.50,55.50,490432
28-Oct-15,55.75,56.60,55.47,56.00,427004
27-Oct-15,57.95,57.95,56.15,56.80,260500
26-Oct-15,57.45,57.61,56.40,56.60,371539
23-Oct-15,55.65,57.50,55.60,57.50,622770
22-Oct-15,56.00,56.70,54.55,56.70,769307
21-Oct-15,54.50,55.90,54.45,55.00,4857382
20-Oct-15,53.50,55.00,53.30,54.40,3311166
19-Oct-15,53.50,53.50,53.10,53.42,899596
16-Oct-15,54.00,54.00,53.15,53.25,1895155
15-Oct-15,52.50,53.35,52.50,53.00,2622871
14-Oct-15,53.25,53.25,53.00,53.20,247709
13-Oct-15,53.00,53.35,53.00,53.25,663652
12-Oct-15,52.55,53.50,52.55,53.35,417296
9-Oct-15,53.00,53.75,53.00,53.30,954171
8-Oct-15,54.00,54.00,53.40,53.85,722324
7-Oct-15,53.65,54.00,53.22,54.00,846036
6-Oct-15,54.45,54.45,53.15,53.45,513231
5-Oct-15,54.00,54.40,53.40,53.40,1869757
2-Oct-15,53.25,53.50,52.95,53.50,743507
1-Oct-15,53.00,53.50,52.50,52.55,753721
30-Sep-15,53.00,53.10,52.65,52.65,1543872
29-Sep-15,53.50,53.50,52.50,52.50,587825
28-Sep-15,53.50,53.50,52.65,52.65,388191
25-Sep-15,53.50,53.50,53.05,53.35,576585
24-Sep-15,53.50,53.50,52.55,52.60,335600
23-Sep-15,52.50,53.90,52.50,53.50,980293
22-Sep-15,52.50,53.50,52.50,53.45,565813
21-Sep-15,52.50,54.05,52.50,53.50,1096642
18-Sep-15,54.00,54.00,52.60,52.60,2288631
17-Sep-15,54.00,54.00,53.55,53.90,607293
16-Sep-15,54.00,54.00,53.50,53.80,415283
15-Sep-15,53.10,54.18,53.10,54.00,771699
14-Sep-15,53.00,55.40,53.00,54.40,644888
11-Sep-15,53.00,54.90,53.00,54.50,392922
10-Sep-15,55.00,55.00,53.25,53.65,184254
9-Sep-15,54.85,54.90,53.95,54.50,316610
8-Sep-15,52.75,54.08,52.75,53.35,504079
7-Sep-15,55.50,55.50,53.00,53.50,401049
4-Sep-15,54.90,55.75,53.95,54.75,524482
3-Sep-15,55.50,55.60,54.20,55.60,416823
2-Sep-15,52.25,55.00,52.25,53.75,501329
1-Sep-15,54.50,54.50,52.20,53.28,494178
28-Aug-15,54.30,54.30,52.70,52.75,725318
27-Aug-15,52.30,54.25,52.30,53.80,490627
26-Aug-15,51.65,53.90,51.55,52.70,386429
25-Aug-15,50.00,52.95,50.00,51.65,811532
24-Aug-15,54.60,54.60,49.20,51.12,825786
21-Aug-15,55.50,55.50,53.65,54.60,351365
20-Aug-15,54.25,55.44,54.25,54.90,144050
19-Aug-15,55.50,55.50,54.50,55.00,263358
18-Aug-15,54.50,55.50,54.50,55.50,313261
17-Aug-15,52.50,54.50,52.50,53.90,316480
14-Aug-15,52.50,54.00,52.50,53.80,387043
13-Aug-15,52.50,53.65,52.50,53.65,293300
12-Aug-15,52.50,53.18,52.50,52.50,318351
11-Aug-15,53.30,53.30,52.68,53.30,77382
10-Aug-15,53.00,53.30,51.70,53.30,233220
7-Aug-15,51.60,52.90,51.60,52.65,302187
6-Aug-15,51.50,53.00,51.50,52.90,300633
5-Aug-15,52.00,52.75,50.49,52.75,1029174
4-Aug-15,52.00,52.10,51.20,52.10,213888
3-Aug-15,51.55,52.00,50.75,50.80,524310
31-Jul-15,51.50,53.20,50.75,51.05,795859
30-Jul-15,52.60,52.60,51.50,51.50,333392
29-Jul-15,53.05,53.25,52.00,52.10,479785
28-Jul-15,52.65,53.85,52.64,53.45,314707
27-Jul-15,53.95,53.95,52.60,52.60,271342
24-Jul-15,54.95,54.95,53.05,53.36,514713
23-Jul-15,53.80,54.95,53.25,54.95,447266
22-Jul-15,53.00,53.90,53.00,53.80,375513
21-Jul-15,54.50,54.50,53.45,53.90,197908
20-Jul-15,54.00,54.70,53.40,53.50,478909
17-Jul-15,52.50,55.00,52.50,55.00,437611
16-Jul-15,52.50,53.80,52.50,53.70,368096
15-Jul-15,53.25,53.25,52.75,53.00,131285
14-Jul-15,52.95,53.20,52.30,52.95,700976
13-Jul-15,52.75,52.95,52.45,52.55,885654
10-Jul-15,52.75,52.75,52.30,52.60,239397
9-Jul-15,52.60,52.75,52.30,52.45,246101
8-Jul-15,52.60,52.60,52.30,52.60,239682
7-Jul-15,51.95,52.55,51.95,52.50,224539
6-Jul-15,52.00,52.50,51.95,52.50,760814
3-Jul-15,52.00,52.40,52.00,52.30,153203
2-Jul-15,52.95,53.35,52.20,52.30,319957
1-Jul-15,52.00,53.15,51.80,53.15,868879
30-Jun-15,51.50,52.60,51.50,52.30,335355
29-Jun-15,51.25,52.45,51.00,51.95,323072
26-Jun-15,51.25,52.30,51.25,52.30,431348
25-Jun-15,51.50,52.00,51.50,51.65,1105234
24-Jun-15,52.75,52.75,51.50,51.65,136401
23-Jun-15,51.00,52.10,51.00,51.50,765339
22-Jun-15,52.30,52.30,51.60,51.80,364570
19-Jun-15,51.75,52.45,51.40,51.50,1669951
18-Jun-15,52.00,52.85,51.90,52.00,930359
17-Jun-15,54.25,54.25,52.00,52.00,363623
16-Jun-15,52.50,53.42,52.50,52.75,287504
15-Jun-15,52.50,53.65,52.50,53.45,409870
12-Jun-15,54.00,54.00,52.50,53.85,476061
11-Jun-15,53.45,53.65,52.80,53.45,1401624
10-Jun-15,53.40,53.40,52.10,53.00,665875
9-Jun-15,52.50,53.20,52.10,52.10,706503
8-Jun-15,52.50,53.54,52.50,52.90,202853
5-Jun-15,53.00,53.66,52.50,53.00,407272
4-Jun-15,53.95,53.95,53.00,53.95,790011
3-Jun-15,53.95,54.50,53.55,53.75,566609
2-Jun-15,56.00,56.00,53.45,53.45,620276
1-Jun-15,54.50,55.15,54.50,54.70,695295
29-May-15,55.40,55.45,54.60,55.00,1075393
28-May-15,56.50,56.50,55.00,55.45,444877
27-May-15,55.55,56.17,55.45,55.45,200370
26-May-15,55.50,56.40,55.40,55.40,549065
22-May-15,57.00,57.00,56.05,56.15,435738
21-May-15,58.00,58.00,55.50,56.10,516021
20-May-15,58.30,58.30,57.66,57.85,369467
19-May-15,56.80,58.45,56.80,57.75,328935
18-May-15,58.00,58.00,57.15,57.50,344292
15-May-15,58.00,58.00,57.35,57.80,651176
14-May-15,56.80,57.95,56.80,57.80,423975
13-May-15,58.10,58.10,56.90,57.75,263976
12-May-15,58.05,58.95,56.85,56.85,903900
11-May-15,57.85,58.95,57.85,58.25,571141
8-May-15,58.50,59.45,58.25,59.00,1132994
7-May-15,58.45,58.45,57.05,57.35,723027
6-May-15,59.00,59.15,57.50,57.75,617793
5-May-15,59.60,59.60,58.40,58.80,898188
1-May-15,59.15,59.15,58.15,58.85,318190
30-Apr-15,59.75,59.75,58.55,58.65,1172016
29-Apr-15,59.60,59.90,59.00,59.00,1477628
28-Apr-15,59.50,59.50,58.85,59.25,747788
27-Apr-15,58.70,59.65,58.70,59.65,174280
24-Apr-15,59.00,59.20,58.60,59.05,615062
23-Apr-15,59.00,59.40,58.45,59.00,450053
22-Apr-15,58.50,58.70,57.85,58.70,635846
21-Apr-15,57.65,58.50,57.65,57.90,429988
20-Apr-15,57.35,58.50,57.35,58.30,719714
17-Apr-15,56.60,57.75,56.60,57.70,581640
16-Apr-15,57.10,58.10,56.90,57.90,1445401
15-Apr-15,57.75,57.75,56.90,57.10,511828
14-Apr-15,56.95,57.60,56.65,57.40,408048
13-Apr-15,59.15,59.15,57.25,57.65,1133731
10-Apr-15,59.40,59.85,58.50,59.25,1255347
9-Apr-15,59.50,59.50,58.45,58.65,722959
8-Apr-15,59.50,59.50,58.00,58.00,998061
7-Apr-15,59.45,59.45,58.15,58.35,296392
2-Apr-15,58.80,59.30,58.20,58.50,896947
1-Apr-15,58.50,58.80,57.65,58.50,1324334
31-Mar-15,57.30,58.75,56.75,58.75,2136366
30-Mar-15,57.80,57.80,56.60,56.95,1437894
27-Mar-15,58.95,58.95,56.92,57.00,873583
26-Mar-15,58.40,59.00,58.10,58.20,319832
25-Mar-15,59.50,59.50,58.95,59.40,568605
24-Mar-15,58.55,59.45,57.61,59.35,1187720
23-Mar-15,59.00,59.00,57.41,58.00,1351555
20-Mar-15,57.50,59.50,56.20,58.50,7485814
19-Mar-15,57.50,57.50,56.55,57.20,788266
18-Mar-15,56.20,57.80,56.20,57.25,988565
17-Mar-15,57.30,57.30,55.45,56.70,1165753
16-Mar-15,57.40,57.40,55.60,56.60,566659
13-Mar-15,56.60,56.75,56.46,56.60,1177872
12-Mar-15,55.70,57.00,55.70,56.50,2267060
11-Mar-15,56.00,56.70,55.55,56.00,808060
10-Mar-15,57.00,57.00,56.00,56.00,600183
9-Mar-15,56.85,57.35,56.50,57.00,554432
6-Mar-15,57.10,57.90,56.75,57.50,1165056
5-Mar-15,56.50,58.00,56.40,57.30,962972
4-Mar-15,56.90,57.19,56.00,56.50,1212771
3-Mar-15,56.50,56.80,55.95,55.95,450016
2-Mar-15,55.60,56.35,55.15,56.05,476488
27-Feb-15,59.00,59.00,55.50,56.20,1247386
26-Feb-15,56.10,59.00,56.10,58.20,372206
25-Feb-15,57.75,58.65,57.20,58.65,406988
24-Feb-15,57.25,57.65,56.95,57.65,456688
23-Feb-15,56.65,57.25,56.45,57.00,504814
20-Feb-15,56.20,57.70,56.20,57.70,519856
19-Feb-15,56.00,57.25,56.00,57.15,377299
18-Feb-15,57.30,57.75,56.30,56.75,280242
17-Feb-15,57.00,58.00,56.82,57.60,535050
16-Feb-15,58.00,58.00,57.30,58.00,212215
13-Feb-15,56.00,58.00,56.00,57.45,435813
12-Feb-15,55.10,57.11,55.10,57.00,961762
11-Feb-15,55.10,56.38,55.10,55.70,469984
10-Feb-15,55.10,56.80,55.10,56.00,460198
9-Feb-15,56.00,56.66,55.10,56.15,697904
6-Feb-15,56.00,57.75,56.00,57.15,317949
5-Feb-15,57.20,57.50,56.04,56.90,508407
4-Feb-15,55.10,56.70,55.10,56.00,357936
3-Feb-15,56.60,57.71,55.42,57.15,866383
2-Feb-15,56.00,57.35,55.00,57.35,1670403
30-Jan-15,56.00,56.05,54.15,54.35,895738
29-Jan-15,54.65,56.00,54.57,55.50,2871565
28-Jan-15,53.60,55.20,53.60,55.00,1410078
27-Jan-15,55.00,55.00,53.15,53.15,720500
26-Jan-15,55.50,55.50,53.56,53.90,332780
23-Jan-15,54.55,55.00,54.00,54.50,1106418
22-Jan-15,55.45,55.45,54.35,55.00,1469253
21-Jan-15,54.05,55.00,54.05,54.25,412330
20-Jan-15,55.50,55.50,54.55,55.00,314647
19-Jan-15,54.00,55.00,54.00,55.00,168160
16-Jan-15,56.00,56.00,54.30,55.00,877372
15-Jan-15,55.00,55.00,54.00,54.70,392480
14-Jan-15,54.50,55.75,54.20,54.20,561740
13-Jan-15,55.95,56.45,55.30,55.50,443216
12-Jan-15,55.40,56.00,55.10,55.15,174258
9-Jan-15,54.65,56.00,54.40,56.00,660122
8-Jan-15,55.50,55.50,54.65,55.50,391990
7-Jan-15,53.40,55.00,53.40,55.00,792945
6-Jan-15,55.50,55.50,52.95,53.55,360164
5-Jan-15,54.00,55.25,54.00,54.60,467572
31-Dec-14,53.40,54.50,53.23,54.50,125764
30-Dec-14,53.95,54.75,53.55,53.90,131720
29-Dec-14,54.25,54.55,53.84,54.20,701873
24-Dec-14,54.50,55.00,53.00,54.25,164977
23-Dec-14,53.90,54.50,53.35,54.50,503594
22-Dec-14,52.20,53.90,52.20,53.90,476131
19-Dec-14,52.20,53.05,51.50,53.05,2763934
18-Dec-14,51.00,52.75,51.00,52.75,857052
17-Dec-14,50.85,51.10,50.15,51.00,416463
16-Dec-14,49.86,50.85,49.78,50.45,469827
15-Dec-14,49.78,51.20,49.72,50.05,358931
12-Dec-14,50.45,51.95,49.98,50.15,292231
11-Dec-14,52.00,52.00,49.73,49.73,481711
10-Dec-14,51.75,51.75,49.98,51.50,390938
9-Dec-14,51.95,51.95,50.30,51.00,615169
8-Dec-14,51.55,51.55,50.60,51.20,277182
5-Dec-14,50.85,51.70,50.60,51.60,888299
4-Dec-14,50.00,51.85,49.55,50.10,764245
3-Dec-14,50.50,50.55,49.81,50.20,1805687
2-Dec-14,50.30,50.80,49.77,50.45,1361722
1-Dec-14,51.50,51.50,49.50,49.53,270158
28-Nov-14,50.20,50.35,49.57,50.20,815737
27-Nov-14,49.92,50.25,49.80,50.15,392278
26-Nov-14,50.50,50.50,49.41,49.88,453146
25-Nov-14,50.40,50.40,49.94,50.25,756775
24-Nov-14,50.00,50.50,49.50,50.10,1284533
21-Nov-14,50.00,50.45,50.00,50.00,860374
20-Nov-14,51.50,51.50,50.01,50.50,626326
19-Nov-14,52.00,52.00,51.00,51.50,541377
18-Nov-14,52.00,52.00,51.25,51.35,911149
17-Nov-14,51.95,51.95,50.90,51.50,505213
14-Nov-14,51.00,51.08,50.55,50.70,330648
13-Nov-14,49.30,51.25,49.30,50.65,469979
12-Nov-14,49.30,51.00,49.30,50.90,336081
11-Nov-14,51.00,51.40,50.35,50.35,430605
10-Nov-14,49.50,51.15,49.50,51.15,458245
7-Nov-14,51.00,51.00,49.50,49.50,763100
6-Nov-14,52.40,52.40,50.25,50.25,601714
5-Nov-14,52.45,52.45,50.50,51.10,516958
4-Nov-14,52.00,52.00,50.50,51.00,659125
3-Nov-14,52.25,52.25,51.25,51.75,774193
31-Oct-14,51.20,51.99,51.20,51.80,1024624
30-Oct-14,50.75,51.67,50.75,51.50,406475
29-Oct-14,52.00,52.00,50.69,51.00,366938
28-Oct-14,50.75,51.85,50.75,51.00,551845
27-Oct-14,50.75,51.75,50.75,51.10,523595
24-Oct-14,50.45,51.40,50.45,51.40,479670
23-Oct-14,50.90,50.90,50.15,50.75,334453
22-Oct-14,50.55,50.85,50.25,50.45,487099
21-Oct-14,50.05,51.00,50.05,51.00,428423
20-Oct-14,51.00,51.00,50.20,50.95,292102
17-Oct-14,50.20,51.00,48.99,51.00,1285962
16-Oct-14,49.71,49.81,48.00,49.81,859997
15-Oct-14,51.50,51.50,49.35,49.44,267091
14-Oct-14,50.00,50.70,49.31,50.15,367162
13-Oct-14,50.35,50.65,50.00,50.00,274214
10-Oct-14,50.00,51.15,50.00,50.50,223910
9-Oct-14,51.75,51.75,50.42,51.20,430754
8-Oct-14,50.60,51.25,50.25,50.50,324932
7-Oct-14,52.00,52.00,50.55,50.55,263021
6-Oct-14,50.70,51.10,50.70,51.10,216184
3-Oct-14,51.50,51.50,50.70,50.70,250055
2-Oct-14,51.75,51.75,50.50,50.50,1559023
1-Oct-14,51.70,51.70,50.75,51.30,383677
30-Sep-14,52.45,52.45,51.00,51.50,399478
29-Sep-14,51.55,52.07,51.30,51.50,207591
26-Sep-14,52.05,52.20,51.40,51.40,94906
25-Sep-14,53.00,53.00,51.30,52.00,445238
24-Sep-14,52.50,53.00,51.85,53.00,329309
23-Sep-14,53.00,53.00,51.75,52.50,422950
22-Sep-14,53.00,53.00,52.16,53.00,616437
19-Sep-14,53.00,53.00,51.80,53.00,4672015
18-Sep-14,53.00,53.00,51.00,51.80,818045
17-Sep-14,51.50,52.55,51.26,51.75,640985
16-Sep-14,51.00,51.65,51.00,51.50,388559
15-Sep-14,51.50,52.20,51.00,51.00,494676
12-Sep-14,52.00,52.50,51.70,51.70,411361
11-Sep-14,51.80,52.45,51.50,51.50,246210
10-Sep-14,52.00,52.65,52.00,52.00,280102
9-Sep-14,52.00,52.75,52.00,52.35,274136
8-Sep-14,53.00,53.00,52.45,52.55,256100
5-Sep-14,53.00,53.00,52.06,52.60,199299
4-Sep-14,52.80,53.00,52.10,52.90,202055
3-Sep-14,51.80,52.50,51.67,52.20,245925
2-Sep-14,51.75,52.15,51.55,51.80,406838
1-Sep-14,53.00,53.00,51.85,52.40,96355
29-Aug-14,53.00,53.00,51.50,51.80,453491
28-Aug-14,52.85,52.85,51.95,52.00,345342
27-Aug-14,52.25,53.00,52.25,52.90,809978
26-Aug-14,52.00,53.00,52.00,53.00,314477
22-Aug-14,53.00,53.00,52.50,53.00,466916
21-Aug-14,51.50,53.00,51.50,52.70,494302
20-Aug-14,53.00,53.00,51.35,53.00,357976
19-Aug-14,53.00,53.00,51.00,53.00,629292
18-Aug-14,53.25,53.45,52.35,53.20,850052
15-Aug-14,52.75,53.00,52.35,53.00,733223
14-Aug-14,52.50,52.75,52.15,52.45,366149
13-Aug-14,52.45,53.00,51.98,52.50,433382
12-Aug-14,52.50,52.50,51.94,52.05,288138
11-Aug-14,51.50,52.50,50.65,52.25,412917
8-Aug-14,50.35,51.65,50.35,51.65,550649
7-Aug-14,50.05,51.35,50.05,51.25,404357
6-Aug-14,51.25,51.25,49.76,50.50,640802
5-Aug-14,51.40,51.40,50.50,50.50,331680
4-Aug-14,51.25,51.74,51.05,51.10,434837
1-Aug-14,51.70,52.00,51.30,51.60,600620
31-Jul-14,52.00,52.00,51.50,51.50,341875
30-Jul-14,52.25,52.25,51.70,51.70,478878
29-Jul-14,52.25,52.35,51.50,51.80,236635
28-Jul-14,51.80,52.33,51.80,52.20,248087
25-Jul-14,52.00,52.90,51.50,52.00,515627
24-Jul-14,52.00,52.00,51.50,51.90,247900
23-Jul-14,52.00,52.00,51.60,51.90,304178
22-Jul-14,52.50,52.65,51.65,51.65,373090
21-Jul-14,52.00,53.30,52.00,52.35,231841
18-Jul-14,51.50,52.70,51.50,52.25,731850
17-Jul-14,52.00,52.80,51.55,51.95,464413
16-Jul-14,52.40,52.80,51.80,52.35,474277
15-Jul-14,51.85,52.95,51.50,51.75,630786
14-Jul-14,52.20,53.40,51.60,52.41,536595
11-Jul-14,53.15,53.15,51.80,52.30,597776
10-Jul-14,52.50,52.85,51.15,52.85,1194510
9-Jul-14,51.80,52.20,51.30,51.30,434488
8-Jul-14,52.25,52.60,51.45,52.00,640371
7-Jul-14,52.35,53.22,51.30,51.75,602881
4-Jul-14,52.00,53.91,51.81,51.85,371530
3-Jul-14,52.20,53.00,52.10,52.25,1268711
2-Jul-14,53.05,53.70,52.45,52.80,1507627
1-Jul-14,54.40,54.40,52.80,52.95,804491
30-Jun-14,55.95,56.20,53.50,54.07,1150721
27-Jun-14,53.80,55.74,53.45,55.50,1274053
26-Jun-14,54.00,54.00,52.96,53.80,721111
25-Jun-14,52.85,53.65,52.80,53.50,361819
24-Jun-14,53.45,53.90,53.00,53.30,625175
23-Jun-14,53.10,54.35,53.10,53.65,552417
20-Jun-14,54.10,54.10,53.60,54.10,4388493
19-Jun-14,54.00,54.35,53.75,54.00,1396033
18-Jun-14,54.00,54.00,53.10,53.95,598359
17-Jun-14,53.70,54.35,52.90,53.30,736907
16-Jun-14,55.40,55.40,53.64,54.15,453260
13-Jun-14,55.75,55.75,54.55,54.80,602058
12-Jun-14,57.00,57.00,55.65,55.75,725368
11-Jun-14,56.65,56.65,55.45,56.00,696202
10-Jun-14,57.00,57.00,56.20,56.55,503847
9-Jun-14,58.00,58.00,56.56,57.00,1007205
6-Jun-14,57.90,57.90,56.75,56.90,733655
5-Jun-14,57.90,57.90,56.65,56.75,521798
4-Jun-14,56.50,57.85,56.50,57.25,732090
3-Jun-14,57.30,58.00,56.92,57.40,1117692
2-Jun-14,57.30,58.45,57.30,57.95,988204
30-May-14,54.30,59.20,54.30,59.20,2139806
29-May-14,56.75,56.75,55.05,56.10,302690
28-May-14,55.50,56.65,55.50,56.30,514691
27-May-14,56.25,56.73,54.70,56.00,879034
23-May-14,55.50,56.35,55.50,56.25,585627
22-May-14,54.30,56.35,54.30,55.86,352072
21-May-14,54.85,55.56,54.30,54.50,411711
20-May-14,57.50,57.50,55.89,56.53,685712
19-May-14,55.75,56.77,55.75,56.50,449934
16-May-14,56.25,56.50,55.60,56.05,603844
15-May-14,56.50,57.20,56.00,56.50,2290571
14-May-14,57.00,57.50,56.25,57.50,10334463
13-May-14,56.00,57.00,55.95,57.00,2656184
12-May-14,56.00,56.00,54.65,55.75,526499
9-May-14,55.50,55.50,55.00,55.25,708381
8-May-14,55.00,55.50,54.86,55.25,1456153
7-May-14,54.50,55.50,54.50,55.00,204759
6-May-14,55.50,55.50,55.00,55.25,880380
2-May-14,55.00,55.50,54.75,55.50,981242
1-May-14,55.00,55.50,54.02,54.25,191640
30-Apr-14,55.00,56.40,55.00,55.50,712561
29-Apr-14,57.00,57.75,56.75,56.75,261482
28-Apr-14,56.75,57.50,56.75,57.50,237194
25-Apr-14,56.00,57.75,56.00,56.75,406512
24-Apr-14,57.00,57.75,56.75,57.75,405720
23-Apr-14,57.75,57.75,57.13,57.50,332985
22-Apr-14,55.50,57.50,54.75,57.25,723928
17-Apr-14,55.25,55.50,54.75,55.00,383034
16-Apr-14,54.00,55.00,54.00,54.25,664279
15-Apr-14,55.00,55.25,54.00,54.50,1658578
14-Apr-14,53.00,55.25,53.00,55.00,915804
11-Apr-14,54.00,55.00,54.00,54.75,1150310
10-Apr-14,54.75,55.00,54.75,55.00,1001869
9-Apr-14,55.00,55.25,54.50,55.00,971797
8-Apr-14,54.25,55.00,54.25,54.50,608616
7-Apr-14,55.50,55.50,54.25,55.00,1403248
4-Apr-14,55.50,55.50,54.75,54.75,1621325
3-Apr-14,54.50,55.00,54.50,54.80,548933
2-Apr-14,54.50,55.00,54.00,54.58,677504
1-Apr-14,54.50,55.00,54.50,54.97,1651961
31-Mar-14,52.75,55.25,52.50,53.30,1480059
28-Mar-14,52.00,53.50,52.00,53.25,512754
27-Mar-14,52.50,52.50,51.50,51.85,1181062
26-Mar-14,53.00,53.00,52.25,52.75,808192
25-Mar-14,52.25,53.00,52.00,53.00,930063
24-Mar-14,52.25,53.00,51.25,52.75,1129803
21-Mar-14,51.00,52.75,51.00,52.75,11391682
20-Mar-14,51.75,52.00,51.25,52.00,2055363
19-Mar-14,51.50,51.75,50.50,51.75,1282283
18-Mar-14,50.25,51.75,50.25,51.75,1320965
17-Mar-14,49.75,52.00,49.75,52.00,1879466
14-Mar-14,49.00,50.25,49.00,50.25,1203943
13-Mar-14,49.25,50.00,49.25,49.75,488058
12-Mar-14,50.25,50.50,49.75,50.00,872624
11-Mar-14,50.50,50.50,50.00,50.50,1463614
10-Mar-14,49.00,50.50,49.00,50.25,1846620
7-Mar-14,50.50,50.50,50.00,50.50,1270400
6-Mar-14,49.50,51.00,49.50,50.50,2595877
5-Mar-14,48.75,50.00,48.75,50.00,274346
4-Mar-14,50.50,50.50,48.75,49.75,795405
3-Mar-14,50.50,50.50,49.25,50.00,679507
28-Feb-14,49.50,51.00,49.25,49.94,6738318
27-Feb-14,49.50,49.50,49.25,49.50,1383863
26-Feb-14,50.00,50.25,49.00,49.50,1953640
25-Feb-14,48.25,51.00,47.75,51.00,2962530
24-Feb-14,49.50,49.75,48.50,48.75,314271
21-Feb-14,49.00,49.50,48.50,49.50,1010009
20-Feb-14,48.50,48.75,48.25,48.75,531992
19-Feb-14,51.00,51.50,50.50,50.75,181454
18-Feb-14,52.00,52.00,51.25,51.50,377455
17-Feb-14,52.50,52.50,51.25,52.00,131415
14-Feb-14,52.00,52.25,51.25,52.25,436963
13-Feb-14,52.00,52.00,51.00,52.00,663538
12-Feb-14,51.25,52.75,51.25,52.50,290894
11-Feb-14,53.50,53.50,51.50,52.50,311925
10-Feb-14,51.25,53.00,51.25,53.00,1206653
7-Feb-14,48.00,53.75,48.00,53.75,1928189
6-Feb-14,49.50,49.50,48.00,48.75,1203690
5-Feb-14,48.50,50.00,48.50,49.00,2227960
4-Feb-14,50.00,50.00,48.50,48.75,277490
3-Feb-14,49.50,51.25,49.00,49.00,877398
31-Jan-14,51.50,52.00,49.00,52.00,576284
30-Jan-14,49.50,50.50,49.50,49.75,710689
29-Jan-14,51.00,51.50,49.75,50.75,559798
28-Jan-14,50.25,50.75,49.75,50.25,337826
27-Jan-14,51.50,51.50,49.75,50.00,295402
24-Jan-14,52.50,53.50,50.75,51.00,637014
23-Jan-14,53.25,53.50,52.50,53.50,419990
22-Jan-14,53.00,53.75,53.00,53.25,515326
21-Jan-14,52.50,53.50,52.50,53.50,273665
20-Jan-14,54.25,54.25,53.25,53.75,428781
17-Jan-14,54.25,54.25,53.50,54.00,437816
16-Jan-14,54.75,54.75,54.00,54.25,266500
15-Jan-14,54.75,54.75,54.25,54.50,578732
14-Jan-14,55.00,55.00,54.25,54.75,363780
13-Jan-14,54.00,55.00,54.00,54.75,597722
10-Jan-14,56.50,56.50,54.50,55.00,373217
9-Jan-14,57.75,57.75,54.50,54.50,889512
8-Jan-14,57.00,57.25,56.50,56.50,2036488
7-Jan-14,58.00,58.00,57.00,57.25,302160
6-Jan-14,59.50,59.50,57.75,58.00,959451
3-Jan-14,58.00,60.00,58.00,59.00,419342
2-Jan-14,60.00,60.00,58.00,60.00,1633638
31-Dec-13,60.00,61.00,58.50,59.00,716824
30-Dec-13,56.50,61.00,56.00,61.00,1367748
27-Dec-13,55.00,57.75,54.75,57.75,1086221
24-Dec-13,55.00,55.00,54.00,55.00,488208
23-Dec-13,53.50,55.00,53.50,55.00,1351266
20-Dec-13,53.00,55.00,53.00,54.75,43824918
19-Dec-13,52.75,54.00,52.75,53.62,3964612
18-Dec-13,52.00,54.00,52.00,53.75,2878449
17-Dec-13,52.00,53.00,52.00,52.38,1547546
16-Dec-13,50.00,53.00,50.00,52.75,2834213
13-Dec-13,50.25,51.50,49.50,51.15,4639772
12-Dec-13,49.50,49.50,49.00,49.00,298046
11-Dec-13,49.50,49.75,49.25,49.50,193609
10-Dec-13,49.00,49.75,49.00,49.75,278345
9-Dec-13,49.25,49.75,49.25,49.25,377938
6-Dec-13,50.75,50.75,49.50,49.75,538449
5-Dec-13,50.50,50.50,49.75,50.25,198831
4-Dec-13,49.75,50.50,49.50,50.50,1010936
3-Dec-13,50.25,50.25,49.50,49.50,588090
2-Dec-13,50.25,50.50,50.00,50.40,316588
29-Nov-13,50.00,50.25,49.50,49.75,129383
28-Nov-13,50.00,50.00,49.50,49.75,75657
27-Nov-13,50.00,50.00,49.75,50.00,164808
26-Nov-13,50.50,50.50,50.00,50.50,477888
25-Nov-13,49.75,50.50,49.75,50.50,104789
22-Nov-13,49.50,49.75,49.25,49.75,1226276
21-Nov-13,49.50,49.75,49.25,49.50,1373855
20-Nov-13,50.25,50.25,49.50,49.75,473757
19-Nov-13,50.50,51.00,50.50,50.90,717426
18-Nov-13,49.75,51.00,49.75,50.50,240393
15-Nov-13,49.75,50.75,49.75,49.98,1456191
14-Nov-13,49.50,49.75,49.25,49.75,907531
13-Nov-13,49.00,49.75,49.00,49.50,1832823
12-Nov-13,48.50,49.00,48.00,48.50,1239698
11-Nov-13,49.00,49.50,48.75,49.00,538030
8-Nov-13,48.75,48.75,48.50,48.55,449722
7-Nov-13,48.00,49.00,46.50,49.00,582965
6-Nov-13,48.50,49.00,48.25,49.00,215708
5-Nov-13,48.00,48.50,47.50,48.25,562241
4-Nov-13,48.75,49.00,47.00,47.00,113814
1-Nov-13,48.50,48.50,48.00,48.00,99483
31-Oct-13,48.75,48.75,48.25,48.25,106826
30-Oct-13,49.00,49.00,48.50,48.50,33396
29-Oct-13,49.00,49.00,49.00,48.82,308
28-Oct-13,49.75,49.75,48.00,49.00,85176
25-Oct-13,48.50,49.25,48.50,49.25,39794
24-Oct-13,49.00,49.00,48.50,48.50,370700
23-Oct-13,49.75,49.75,49.50,49.00,5328
22-Oct-13,48.70,-,-,49.04,0
21-Oct-13,48.50,49.75,48.50,49.50,43566
18-Oct-13,49.50,50.00,49.25,49.65,496330
17-Oct-13,49.00,50.00,48.75,49.50,277473
16-Oct-13,48.50,49.00,48.25,49.00,32852
15-Oct-13,48.00,48.25,48.00,48.25,107791
14-Oct-13,48.00,48.00,47.50,47.50,137475
11-Oct-13,47.50,47.50,47.50,47.50,17973
10-Oct-13,47.50,47.50,47.50,47.40,8126
9-Oct-13,47.00,47.50,47.00,47.39,250155
8-Oct-13,46.25,47.00,46.25,47.00,166232
7-Oct-13,46.25,46.50,46.25,46.50,38128
4-Oct-13,47.50,47.50,46.50,46.50,53323
3-Oct-13,47.50,47.50,47.50,46.00,21
2-Oct-13,46.25,46.75,46.25,46.36,42209
1-Oct-13,47.50,47.50,46.00,46.25,51764
30-Sep-13,47.50,47.50,46.00,46.50,99926
27-Sep-13,46.75,46.75,46.75,46.75,107518
26-Sep-13,46.50,47.00,46.50,47.00,111860
25-Sep-13,47.00,47.25,46.50,47.25,61488
24-Sep-13,47.00,47.00,46.50,47.00,32743
20-Sep-13,45.50,46.75,45.25,43.50,970164
19-Sep-13,43.75,45.50,43.50,45.50,600350
18-Sep-13,43.75,44.00,43.75,43.75,158641
17-Sep-13,43.50,43.75,43.25,43.75,41403
16-Sep-13,43.25,43.50,43.25,43.50,56458
13-Sep-13,43.25,43.50,43.25,43.50,94027
12-Sep-13,43.50,43.50,43.50,43.50,354481
11-Sep-13,43.50,43.50,43.25,43.50,40414
10-Sep-13,43.25,43.50,43.25,43.50,9698
9-Sep-13,43.50,43.50,43.25,43.50,40077
6-Sep-13,43.75,44.00,43.75,43.50,1082985
5-Sep-13,43.75,43.75,43.50,43.75,1311839
4-Sep-13,43.75,43.75,43.25,43.25,32337
3-Sep-13,43.75,43.75,43.25,43.75,83711
2-Sep-13,42.50,43.75,42.50,43.50,80883
30-Aug-13,43.25,43.75,42.75,43.50,75174
29-Aug-13,43.50,43.50,43.50,43.50,724002
28-Aug-13,43.75,43.75,43.50,43.12,249454
27-Aug-13,43.75,43.75,43.25,43.75,370822
23-Aug-13,43.25,43.75,43.25,43.75,156369
22-Aug-13,43.75,43.75,43.50,43.41,54100
21-Aug-13,43.75,44.25,43.75,44.25,42603
20-Aug-13,44.00,44.00,43.25,43.50,309072
19-Aug-13,45.00,45.00,44.75,45.00,74854
16-Aug-13,44.31,-,-,44.80,0
15-Aug-13,45.50,45.50,44.00,44.75,24667
14-Aug-13,45.00,45.00,44.50,44.50,480363
13-Aug-13,44.50,44.50,44.25,44.50,16728
12-Aug-13,43.75,44.75,43.75,44.75,12267
9-Aug-13,44.25,44.25,44.00,44.00,205413
8-Aug-13,44.00,44.00,44.00,44.15,33125
7-Aug-13,44.50,44.50,44.00,44.00,342116
6-Aug-13,43.50,44.75,43.50,44.75,514917
5-Aug-13,43.00,43.50,43.00,43.50,308164
2-Aug-13,41.50,42.50,41.50,42.50,151963
1-Aug-13,41.50,42.00,41.50,42.00,16919
31-Jul-13,41.75,41.75,41.50,41.50,104952
30-Jul-13,42.00,42.00,41.00,41.58,451888
29-Jul-13,42.25,42.25,42.00,42.00,5728
26-Jul-13,41.75,42.25,41.75,42.00,88043
25-Jul-13,41.75,41.75,41.75,41.75,5638
24-Jul-13,41.00,42.00,41.00,42.00,210386
23-Jul-13,41.00,42.00,41.00,41.75,161124
22-Jul-13,41.78,41.50,41.50,41.50,744
19-Jul-13,42.25,42.31,42.02,42.25,68033
18-Jul-13,41.25,42.50,41.25,42.25,626807
17-Jul-13,40.25,40.56,40.25,40.56,1012
16-Jul-13,40.50,40.75,40.04,40.75,756
15-Jul-13,40.00,40.50,40.00,40.50,113758
12-Jul-13,40.00,41.00,40.00,41.00,155380
11-Jul-13,40.50,40.92,39.50,40.50,141668
10-Jul-13,40.25,41.00,40.00,41.00,131426
9-Jul-13,40.00,40.25,39.75,40.25,198849
8-Jul-13,39.50,40.25,39.50,39.50,548663
5-Jul-13,39.25,40.00,39.25,40.00,57221
4-Jul-13,40.00,40.00,39.56,39.56,2908
3-Jul-13,39.50,39.50,39.25,39.25,162124
2-Jul-13,39.25,40.00,39.25,40.00,388255
1-Jul-13,39.50,39.75,39.25,39.50,1404294
28-Jun-13,40.00,40.00,39.75,40.00,129785
27-Jun-13,40.00,40.00,39.50,39.75,292271
26-Jun-13,39.50,40.00,39.50,39.50,926375
25-Jun-13,39.25,40.00,39.25,40.00,21786
24-Jun-13,40.00,40.50,39.50,39.50,537461
21-Jun-13,40.75,41.20,40.00,40.00,167169
20-Jun-13,41.00,41.25,40.45,40.75,222669
19-Jun-13,41.25,41.75,41.25,41.75,999
18-Jun-13,41.00,42.00,40.50,42.00,149652
17-Jun-13,40.15,40.36,40.25,40.25,43
14-Jun-13,40.00,40.50,40.00,40.00,32357
13-Jun-13,40.50,41.00,40.00,40.25,6818
12-Jun-13,41.00,41.00,40.75,40.75,47692
11-Jun-13,41.00,41.50,41.00,41.50,263661
10-Jun-13,42.00,42.19,41.00,41.00,16529
7-Jun-13,41.00,41.00,41.00,41.00,30218
6-Jun-13,40.50,42.00,40.25,42.00,61064
5-Jun-13,42.25,42.25,40.79,41.00,17870
4-Jun-13,42.25,42.25,40.50,42.00,59751
3-Jun-13,41.75,42.00,40.50,41.50,477086
31-May-13,40.00,43.26,40.00,43.25,842173
30-May-13,40.00,41.00,40.00,40.25,145087
29-May-13,40.00,40.75,40.00,40.50,32375
28-May-13,41.00,41.00,40.00,40.00,121653
24-May-13,40.00,41.00,40.00,40.75,216746
23-May-13,40.50,41.25,40.25,40.86,2162
22-May-13,41.50,41.50,40.00,41.00,347796
21-May-13,40.00,41.75,40.00,41.75,941671
20-May-13,40.00,40.00,39.75,39.75,3629439
17-May-13,40.00,40.00,39.75,40.00,3105992
16-May-13,40.00,40.00,39.50,39.75,913772
15-May-13,39.25,40.00,39.25,39.75,58365
14-May-13,39.25,39.50,39.00,39.25,253514
13-May-13,39.00,39.25,39.00,39.25,362819
10-May-13,39.00,39.25,39.00,39.25,110139
9-May-13,39.00,39.50,39.00,39.25,681969
8-May-13,39.12,39.50,38.50,39.25,752165
7-May-13,38.25,40.48,38.25,40.25,1616438
3-May-13,38.00,38.50,37.50,37.75,509505
2-May-13,36.75,38.00,36.75,38.00,292003
1-May-13,36.75,37.40,36.25,37.35,206578
30-Apr-13,37.00,37.25,37.00,37.00,176301
29-Apr-13,36.00,36.75,35.75,36.75,603100
26-Apr-13,35.00,36.00,35.00,35.50,229844
25-Apr-13,35.25,35.75,35.25,35.25,111493
24-Apr-13,35.75,35.93,35.25,35.25,73653
23-Apr-13,36.00,36.00,35.50,35.50,474167
22-Apr-13,35.50,36.00,35.50,35.50,284469
19-Apr-13,35.25,35.25,35.00,35.00,3389
18-Apr-13,35.50,36.00,35.00,35.00,1073456
17-Apr-13,35.45,35.45,35.00,35.00,504
16-Apr-13,34.50,35.50,34.50,34.50,258289
15-Apr-13,35.25,35.50,34.75,35.00,265574
12-Apr-13,35.00,35.64,35.00,35.00,277773
11-Apr-13,35.25,35.50,35.00,35.00,10963
10-Apr-13,36.00,36.00,35.00,35.25,35992
9-Apr-13,35.00,36.00,35.00,35.00,120048
8-Apr-13,35.00,35.75,35.00,35.00,15813
5-Apr-13,35.25,35.25,35.00,35.00,79514
4-Apr-13,35.00,36.09,35.00,35.00,386602
3-Apr-13,35.50,36.00,35.00,35.00,130772
2-Apr-13,35.55,35.55,35.00,35.00,580773
28-Mar-13,35.00,35.75,35.00,35.50,756403
27-Mar-13,35.00,35.50,35.00,35.00,211875
26-Mar-13,35.50,35.94,35.25,35.50,61556
25-Mar-13,35.00,36.00,35.00,36.00,27961
22-Mar-13,35.75,36.02,35.00,35.25,73161
21-Mar-13,35.50,36.00,35.50,36.00,11751
20-Mar-13,35.75,36.00,35.21,36.00,9541
19-Mar-13,36.03,36.03,34.75,36.00,643573
18-Mar-13,36.50,36.50,35.75,35.75,108180
15-Mar-13,36.50,36.50,35.75,36.25,428043
14-Mar-13,35.75,36.00,35.59,36.00,404484
13-Mar-13,35.25,35.94,35.25,35.75,39952
12-Mar-13,35.75,35.75,35.00,35.50,186614
11-Mar-13,35.25,36.25,35.25,36.00,77432
8-Mar-13,35.50,36.23,35.50,36.00,536076
7-Mar-13,36.00,36.25,35.50,36.00,518931
6-Mar-13,35.25,36.25,35.25,36.25,190732
5-Mar-13,35.25,36.25,35.25,36.25,134015
4-Mar-13,35.75,36.25,35.25,36.00,40445
1-Mar-13,36.25,36.50,35.94,36.25,276285
28-Feb-13,36.25,36.25,35.99,36.00,125337
27-Feb-13,36.00,36.50,35.68,36.50,381326
26-Feb-13,35.50,36.50,35.50,36.25,373245
25-Feb-13,36.00,36.00,35.75,36.00,54081
22-Feb-13,36.50,36.50,35.75,36.00,168810
21-Feb-13,35.50,36.50,35.50,36.50,110069
20-Feb-13,37.00,37.00,35.50,36.50,345288
19-Feb-13,37.00,37.00,35.50,36.00,10916
18-Feb-13,36.00,36.00,35.50,36.00,1962
15-Feb-13,35.75,37.00,35.50,36.50,372278
14-Feb-13,35.50,36.00,35.50,36.00,267865
13-Feb-13,35.75,36.50,35.25,36.00,112180
12-Feb-13,35.03,35.75,35.03,35.75,1508
11-Feb-13,34.50,35.50,34.50,35.50,36688
8-Feb-13,35.75,36.00,35.50,36.00,79891
7-Feb-13,35.50,36.00,35.40,36.00,164394
6-Feb-13,35.50,36.50,34.87,36.00,262281
5-Feb-13,35.50,36.00,35.02,36.00,334380
4-Feb-13,34.00,36.00,33.25,35.50,477573
1-Feb-13,35.00,36.00,34.87,36.00,224716
31-Jan-13,35.25,35.50,35.25,35.25,253308
30-Jan-13,35.00,35.50,35.00,35.50,182065
29-Jan-13,35.00,35.25,34.75,34.75,393320
28-Jan-13,35.00,35.50,35.00,35.00,40225
25-Jan-13,35.00,35.50,34.75,35.00,730720
24-Jan-13,35.25,35.50,34.94,35.00,189297
23-Jan-13,34.50,35.50,34.50,35.50,337090
22-Jan-13,35.25,35.50,35.25,35.50,11798
21-Jan-13,35.25,35.50,35.04,35.50,8533
18-Jan-13,35.00,35.25,35.00,35.22,34152
17-Jan-13,34.50,35.50,34.50,35.25,262998
16-Jan-13,35.25,35.25,34.93,35.00,23328
15-Jan-13,35.25,35.25,34.50,34.75,1909
14-Jan-13,34.75,34.75,34.50,34.69,142307
11-Jan-13,35.00,35.00,34.53,34.75,458
10-Jan-13,35.25,35.25,34.55,34.75,20049
9-Jan-13,35.00,35.41,34.50,34.50,433733
8-Jan-13,34.72,34.75,34.50,34.75,137403
7-Jan-13,34.75,34.75,34.50,34.75,85941
4-Jan-13,34.75,34.75,34.50,34.75,143252
3-Jan-13,34.50,34.75,34.50,34.75,200448
2-Jan-13,35.00,35.00,34.08,35.00,452197
