31-Dec-15,1556.50,1560.00,1540.50,1543.00,1274436
30-Dec-15,1577.50,1579.00,1557.00,1563.00,3374898
29-Dec-15,1562.00,1582.00,1545.50,1579.00,5323958
24-Dec-15,1576.50,1586.00,1567.00,1571.00,1098216
23-Dec-15,1504.50,1570.50,1499.50,1564.50,6259231
22-Dec-15,1464.50,1496.50,1454.50,1493.00,6431206
21-Dec-15,1464.00,1480.00,1450.50,1450.50,8531839
18-Dec-15,1449.00,1487.50,1445.50,1469.00,9247904
16-Dec-15,1477.50,1493.49,1463.00,1475.00,7500521
15-Dec-15,1452.50,1482.00,1449.00,1473.50,7799649
14-Dec-15,1470.50,1478.00,1423.00,1428.00,8906224
11-Dec-15,1528.00,1531.50,1459.36,1460.00,8816793
10-Dec-15,1552.00,1558.00,1521.00,1533.50,5842910
9-Dec-15,1527.00,1575.00,1496.00,1551.50,7231411
8-Dec-15,1524.00,1542.50,1492.00,1526.00,8567790
7-Dec-15,1601.50,1601.50,1523.50,1526.50,6505763
4-Dec-15,1629.50,1671.00,1589.00,1599.50,6329725
3-Dec-15,1682.50,1699.00,1629.00,1629.00,7897003
2-Dec-15,1659.00,1702.50,1652.50,1680.50,5744649
1-Dec-15,1659.50,1670.32,1649.50,1660.50,4328837
30-Nov-15,1665.00,1682.50,1649.50,1652.00,7010674
27-Nov-15,1687.50,1690.00,1666.50,1673.50,2465455
26-Nov-15,1673.00,1697.00,1663.00,1692.50,3293832
25-Nov-15,1670.00,1686.00,1654.00,1666.50,3540970
24-Nov-15,1630.50,1668.00,1621.75,1667.50,5799727
23-Nov-15,1620.50,1670.00,1612.50,1641.00,3709809
20-Nov-15,1680.00,1684.00,1642.50,1648.50,4433915
19-Nov-15,1677.00,1707.38,1670.00,1681.50,5466263
18-Nov-15,1628.50,1667.50,1619.00,1662.50,4494244
17-Nov-15,1619.00,1644.00,1612.00,1637.50,4291439
16-Nov-15,1576.00,1625.50,1572.00,1588.00,3609032
13-Nov-15,1591.00,1638.50,1570.50,1582.00,4014803
12-Nov-15,1633.50,1657.95,1596.50,1596.50,4361891
11-Nov-15,1690.00,1702.50,1663.50,1667.50,4209174
10-Nov-15,1711.00,1720.00,1688.50,1692.00,3232142
9-Nov-15,1722.50,1748.50,1706.50,1707.00,4532561
6-Nov-15,1727.50,1739.00,1701.00,1722.00,4735313
5-Nov-15,1761.00,1761.50,1715.50,1724.00,6822119
4-Nov-15,1777.00,1802.50,1764.50,1768.00,6134451
3-Nov-15,1733.50,1764.00,1722.00,1764.00,7441441
2-Nov-15,1693.00,1719.00,1681.50,1714.00,3409524
30-Oct-15,1725.00,1732.50,1693.00,1700.00,4556642
29-Oct-15,1722.50,1731.50,1699.50,1717.00,5790509
28-Oct-15,1713.00,1761.64,1712.00,1742.50,6518131
27-Oct-15,1745.00,1750.50,1702.12,1721.50,6286624
26-Oct-15,1782.50,1790.00,1749.50,1750.00,5597779
23-Oct-15,1824.00,1824.00,1771.50,1775.50,6478777
22-Oct-15,1810.00,1825.50,1786.26,1803.00,6447953
21-Oct-15,1806.50,1831.88,1793.00,1826.00,4583938
20-Oct-15,1800.00,1823.59,1766.62,1793.00,3172869
19-Oct-15,1833.00,1842.00,1791.50,1799.50,4130790
16-Oct-15,1822.00,1863.99,1818.50,1834.50,4107640
15-Oct-15,1806.50,1819.50,1780.50,1804.50,6502037
14-Oct-15,1781.00,1810.50,1766.50,1782.50,4038748
13-Oct-15,1804.00,1810.50,1768.50,1796.00,3605724
12-Oct-15,1824.00,1839.50,1803.50,1814.00,3099740
9-Oct-15,1850.00,1858.00,1822.00,1833.00,7908107
8-Oct-15,1806.00,1833.00,1795.00,1831.50,5220546
7-Oct-15,1781.50,1834.50,1774.44,1815.00,9837005
6-Oct-15,1709.50,1774.76,1681.00,1766.50,6439585
5-Oct-15,1658.50,1706.00,1645.00,1706.00,6788294
2-Oct-15,1604.50,1650.50,1600.00,1622.00,4624419
1-Oct-15,1583.00,1631.00,1574.00,1601.00,5870410
30-Sep-15,1564.50,1567.50,1542.00,1563.00,6776767
29-Sep-15,1503.00,1561.00,1502.50,1543.00,7237076
28-Sep-15,1558.00,1569.50,1514.50,1514.50,2947102
25-Sep-15,1569.00,1571.50,1548.93,1557.00,4521181
24-Sep-15,1560.00,1567.00,1534.00,1539.50,4091930
23-Sep-15,1552.50,1596.00,1548.00,1575.50,4710325
22-Sep-15,1599.50,1600.75,1538.00,1544.00,5547955
21-Sep-15,1586.00,1613.50,1585.00,1596.00,3659650
18-Sep-15,1645.00,1650.50,1590.50,1599.00,9173668
17-Sep-15,1672.00,1681.00,1650.00,1655.50,4002281
16-Sep-15,1639.50,1675.50,1626.50,1671.50,4838468
15-Sep-15,1613.50,1644.92,1589.00,1631.50,3740655
14-Sep-15,1620.50,1643.00,1600.00,1613.50,3659260
11-Sep-15,1631.50,1635.00,1612.00,1615.00,3942261
10-Sep-15,1634.00,1652.00,1605.00,1622.50,5074131
9-Sep-15,1668.00,1673.38,1640.00,1649.00,7701246
8-Sep-15,1615.00,1645.00,1615.00,1632.00,6353091
7-Sep-15,1629.50,1652.50,1609.50,1610.00,2706551
4-Sep-15,1659.00,1665.00,1606.50,1611.50,4885131
3-Sep-15,1668.50,1684.00,1652.50,1667.50,7325192
2-Sep-15,1642.50,1675.50,1613.00,1640.50,6270546
1-Sep-15,1704.00,1727.50,1634.50,1646.00,8106972
28-Aug-15,1679.50,1714.50,1659.50,1706.50,7696664
27-Aug-15,1630.00,1670.50,1600.50,1659.50,10697820
26-Aug-15,1611.00,1641.50,1584.50,1585.50,8058433
25-Aug-15,1616.50,1654.50,1604.50,1633.50,8075624
24-Aug-15,1642.50,1666.00,1550.00,1586.00,11306306
21-Aug-15,1728.00,1753.50,1692.50,1692.50,4885601
20-Aug-15,1736.50,1763.00,1724.52,1753.00,4910881
19-Aug-15,1776.00,1780.71,1737.50,1740.00,3346385
18-Aug-15,1814.50,1819.50,1778.44,1782.50,2627930
17-Aug-15,1824.50,1824.50,1798.50,1812.00,2135922
14-Aug-15,1828.00,1855.60,1809.12,1814.00,2777797
13-Aug-15,1890.00,1913.10,1831.50,1833.50,5396375
12-Aug-15,1889.00,1894.00,1859.00,1890.50,5403110
11-Aug-15,1890.00,1907.29,1876.50,1878.50,4407750
10-Aug-15,1905.00,1915.00,1871.16,1893.00,4455979
7-Aug-15,1890.50,1919.50,1881.50,1906.00,4142775
6-Aug-15,1864.00,1889.88,1859.00,1885.00,4970499
5-Aug-15,1841.00,1881.50,1835.00,1876.00,4741462
4-Aug-15,1841.50,1857.00,1825.79,1845.00,4331490
3-Aug-15,1853.50,1866.00,1838.50,1849.50,3330588
31-Jul-15,1864.00,1883.50,1847.20,1860.50,5088788
30-Jul-15,1825.00,1871.50,1777.00,1861.00,8161774
29-Jul-15,1768.00,1777.50,1746.00,1777.00,6185816
28-Jul-15,1764.00,1771.00,1745.82,1752.50,5148063
27-Jul-15,1762.00,1785.50,1746.00,1759.50,3947611
24-Jul-15,1802.50,1803.50,1766.00,1770.00,3634309
23-Jul-15,1816.50,1817.50,1791.65,1798.00,2984443
22-Jul-15,1822.50,1835.00,1799.00,1800.50,3862933
21-Jul-15,1838.00,1854.00,1828.00,1836.50,2564092
20-Jul-15,1837.50,1857.00,1827.00,1833.81,2224044
17-Jul-15,1852.00,1895.50,1825.44,1829.50,3557573
16-Jul-15,1848.00,1857.44,1836.00,1855.50,2552291
15-Jul-15,1859.50,1861.50,1842.00,1848.50,2293913
14-Jul-15,1835.50,1860.00,1820.50,1860.00,4746879
13-Jul-15,1877.00,1877.00,1830.00,1840.00,3544624
10-Jul-15,1855.00,1864.50,1835.71,1848.50,3930961
9-Jul-15,1814.50,1838.00,1804.00,1825.00,4073334
8-Jul-15,1776.00,1821.44,1770.50,1812.50,5470426
7-Jul-15,1804.50,1806.31,1761.50,1761.50,4163547
6-Jul-15,1810.00,1817.50,1800.44,1800.50,2919271
3-Jul-15,1840.00,1840.75,1811.50,1820.64,2130287
2-Jul-15,1820.00,1843.00,1815.50,1833.50,5005813
1-Jul-15,1832.50,1846.00,1814.00,1819.50,4766625
30-Jun-15,1840.00,1841.00,1807.00,1807.00,6007871
29-Jun-15,1862.00,1870.17,1838.50,1841.00,4256343
26-Jun-15,1906.00,1906.00,1875.50,1886.00,3083060
25-Jun-15,1910.00,1941.00,1902.50,1908.00,3544995
24-Jun-15,1900.00,1929.50,1900.00,1916.50,4728436
23-Jun-15,1898.00,1900.85,1885.00,1888.00,3444897
22-Jun-15,1897.00,1905.00,1887.00,1902.50,3525781
19-Jun-15,1868.00,1890.50,1853.00,1870.00,5396160
18-Jun-15,1873.00,1874.00,1857.00,1872.50,3180287
17-Jun-15,1882.00,1886.90,1870.50,1873.00,4208400
16-Jun-15,1874.50,1889.00,1854.00,1878.00,3750975
15-Jun-15,1874.50,1892.50,1863.50,1880.50,3793104
12-Jun-15,1920.50,1926.00,1875.50,1884.00,3907147
11-Jun-15,1929.00,1943.38,1917.50,1925.00,3033580
10-Jun-15,1901.00,1929.00,1893.50,1924.50,5263285
9-Jun-15,1908.50,1915.50,1888.00,1897.00,4865247
8-Jun-15,1927.50,1931.50,1900.00,1913.00,4162768
5-Jun-15,1908.50,1937.50,1898.50,1919.50,6187974
4-Jun-15,1937.50,1942.00,1915.50,1918.00,6931953
3-Jun-15,1956.00,1970.01,1939.00,1952.00,5041688
2-Jun-15,1953.00,1967.88,1924.00,1949.50,4790998
1-Jun-15,1981.00,1984.00,1936.00,1941.50,6138196
29-May-15,1989.00,2005.50,1969.00,1973.50,6366558
28-May-15,1981.00,1994.00,1965.00,1985.00,2713384
27-May-15,1961.00,1986.50,1958.00,1979.50,3879075
26-May-15,2000.00,2000.00,1946.94,1954.00,5056360
22-May-15,2029.50,2034.30,1998.50,2000.50,3407964
21-May-15,2006.00,2028.00,2003.00,2021.00,3423796
20-May-15,2000.00,2008.00,1980.00,2002.50,3812035
19-May-15,2017.50,2024.50,1995.50,2000.00,4437686
18-May-15,2033.50,2048.50,2003.50,2011.00,3742533
15-May-15,2052.00,2079.35,2019.50,2026.00,3467419
14-May-15,2055.00,2087.82,2038.50,2055.00,3330060
13-May-15,2081.00,2084.00,2068.50,2081.50,4955711
12-May-15,2090.00,2090.00,2048.00,2068.00,5578806
11-May-15,2104.50,2127.50,2079.50,2085.00,4237397
8-May-15,2065.00,2104.50,2018.76,2096.00,6788499
7-May-15,2109.00,2109.50,2056.50,2068.00,7526020
6-May-15,2118.00,2134.50,2110.00,2121.50,4340369
5-May-15,2135.50,2158.00,2103.50,2120.00,6663383
1-May-15,2092.00,2110.50,2077.50,2098.00,3110788
30-Apr-15,2125.00,2125.00,2084.50,2094.50,7858193
29-Apr-15,2082.50,2097.50,2056.00,2069.00,4216727
28-Apr-15,2096.50,2108.00,2074.92,2083.50,5643389
27-Apr-15,2085.00,2112.00,2068.00,2102.50,4133029
24-Apr-15,2110.50,2122.56,2089.15,2092.00,5306578
23-Apr-15,2105.00,2125.14,2095.10,2110.50,5764279
22-Apr-15,2129.50,2145.50,2095.96,2100.00,6336411
21-Apr-15,2139.00,2145.00,2120.00,2126.50,5321809
20-Apr-15,2129.50,2155.00,2124.00,2145.50,5379305
17-Apr-15,2159.00,2161.00,2108.50,2120.50,7327556
16-Apr-15,2129.50,2159.19,2121.50,2144.50,9039803
15-Apr-15,2089.50,2134.50,2074.00,2122.00,6746178
14-Apr-15,2056.00,2097.50,2049.36,2086.00,7246567
13-Apr-15,2062.50,2070.00,2038.79,2065.50,6564689
10-Apr-15,2047.50,2051.00,2021.00,2048.00,7145763
9-Apr-15,2048.50,2057.26,1993.50,2032.00,16393508
8-Apr-15,2150.00,2160.10,2008.00,2085.19,28057595
7-Apr-15,2156.00,2209.50,2130.00,2208.50,3511916
2-Apr-15,2140.50,2153.00,2116.50,2126.50,2984616
1-Apr-15,2105.00,2151.00,2105.00,2132.00,3781138
31-Mar-15,2162.50,2167.50,2098.00,2099.00,5531313
30-Mar-15,2152.50,2174.00,2128.31,2150.00,3385431
27-Mar-15,2160.50,2164.50,2062.12,2131.50,4429001
26-Mar-15,2210.00,2223.50,2162.88,2170.00,4440092
25-Mar-15,2181.50,2223.00,2176.00,2200.50,2871596
24-Mar-15,2204.00,2222.50,2184.49,2189.50,3986889
23-Mar-15,2176.00,2215.00,2086.32,2215.00,4726398
20-Mar-15,2150.50,2181.93,2138.77,2171.00,6646640
19-Mar-15,2127.50,2145.50,2106.00,2140.00,4624497
18-Mar-15,2074.00,2118.00,2070.88,2118.00,4368279
17-Mar-15,2029.00,2070.00,2027.50,2068.50,3967996
16-Mar-15,2016.50,2033.14,2007.50,2025.50,3361146
13-Mar-15,2061.50,2063.50,2003.50,2005.50,4183150
12-Mar-15,2045.00,2089.50,2044.00,2053.00,3263164
11-Mar-15,2051.50,2060.19,2028.00,2031.50,4322590
10-Mar-15,2133.50,2133.50,2037.50,2037.50,5002120
9-Mar-15,2139.00,2149.00,2111.00,2141.00,2592793
6-Mar-15,2151.50,2155.00,2131.50,2140.00,3045659
5-Mar-15,2153.00,2173.50,2139.00,2147.00,2476165
4-Mar-15,2156.00,2176.00,2130.62,2145.50,2671815
3-Mar-15,2168.00,2176.50,2141.00,2144.00,7319981
2-Mar-15,2200.00,2210.00,2156.50,2159.50,4453199
27-Feb-15,2192.50,2217.00,2181.00,2205.50,2792948
26-Feb-15,2208.50,2222.50,2181.00,2191.50,2676440
25-Feb-15,2215.00,2220.00,2190.00,2214.00,2255980
24-Feb-15,2194.00,2220.50,2178.00,2215.00,3296555
23-Feb-15,2225.00,2234.00,2181.00,2193.00,2310185
20-Feb-15,2204.00,2258.25,2184.00,2206.00,3734343
19-Feb-15,2229.00,2237.00,2185.00,2198.00,3053260
18-Feb-15,2261.00,2267.50,2228.00,2244.50,2665927
17-Feb-15,2207.00,2256.00,2204.00,2247.00,2836361
16-Feb-15,2240.50,2246.00,2214.50,2228.00,1918794
13-Feb-15,2205.00,2264.03,2205.00,2236.50,3969081
12-Feb-15,2219.00,2251.34,2193.50,2203.50,3976734
11-Feb-15,2254.00,2257.00,2219.50,2244.50,3036226
10-Feb-15,2276.00,2277.65,2227.50,2245.00,3133086
9-Feb-15,2251.00,2282.00,2232.00,2268.18,3352859
6-Feb-15,2274.50,2277.00,2242.50,2250.00,4986487
5-Feb-15,2224.00,2283.00,2186.50,2272.50,4528276
4-Feb-15,2276.00,2282.00,2204.62,2245.50,4817890
3-Feb-15,2187.00,2271.00,2185.50,2268.50,5510285
2-Feb-15,2135.00,2186.00,2127.50,2170.50,4768742
30-Jan-15,2156.00,2158.50,2102.00,2104.50,6480506
29-Jan-15,2169.00,2184.00,2129.50,2138.00,8460765
28-Jan-15,2315.00,2315.00,2235.50,2248.00,5391199
27-Jan-15,2306.00,2312.00,2242.00,2286.50,4277756
26-Jan-15,2256.50,2306.00,2227.50,2304.00,4511941
23-Jan-15,2277.00,2280.00,2219.50,2274.00,5155741
22-Jan-15,2231.50,2272.50,2218.00,2250.00,5364601
21-Jan-15,2184.00,2234.50,2184.00,2227.00,5044878
20-Jan-15,2180.00,2207.50,2165.50,2176.00,3622086
19-Jan-15,2170.50,2184.00,2145.00,2167.00,3330303
16-Jan-15,2107.00,2172.00,2107.00,2167.50,4135826
15-Jan-15,2098.00,2140.50,2023.00,2129.00,5751048
14-Jan-15,2102.50,2102.50,2043.50,2052.00,5843048
13-Jan-15,2099.00,2140.87,2085.79,2127.00,4041914
12-Jan-15,2169.00,2169.00,2088.50,2126.50,4501374
9-Jan-15,2205.50,2206.50,2147.50,2160.00,3846896
8-Jan-15,2187.50,2207.50,2162.00,2200.00,3887454
7-Jan-15,2122.00,2181.50,2104.00,2148.50,5378906
6-Jan-15,2125.00,2172.50,2077.50,2121.00,4295452
5-Jan-15,2220.00,2229.00,2123.00,2128.50,5229822
31-Dec-14,2274.00,2274.00,2218.50,2233.00,911590
30-Dec-14,2260.00,2269.50,2222.00,2239.00,2357182
29-Dec-14,2294.00,2295.00,2263.50,2284.50,1799485
24-Dec-14,2270.50,2288.50,2261.00,2281.00,707290
23-Dec-14,2256.00,2277.50,2241.50,2259.50,2563034
22-Dec-14,2254.50,2297.50,2227.50,2245.50,3741363
19-Dec-14,2193.50,2234.00,2172.50,2222.50,5514573
18-Dec-14,2193.00,2196.50,2136.00,2159.00,5070760
17-Dec-14,2073.50,2169.50,2051.50,2155.50,4978798
16-Dec-14,2005.00,2094.00,1984.50,2053.14,5869723
15-Dec-14,2020.00,2092.00,1989.00,1989.00,4710300
12-Dec-14,2083.00,2088.00,2031.50,2031.50,4632171
11-Dec-14,2100.00,2136.50,2087.69,2102.00,4094801
10-Dec-14,2163.00,2163.43,2098.50,2098.50,3181528
9-Dec-14,2169.50,2189.50,2133.52,2154.50,4008011
8-Dec-14,2223.50,2230.50,2169.89,2171.50,2587006
5-Dec-14,2259.50,2260.00,2221.50,2230.50,3495019
4-Dec-14,2262.00,2266.00,2222.50,2229.00,3271655
3-Dec-14,2301.00,2309.00,2241.50,2259.00,4231195
2-Dec-14,2223.50,2294.50,2213.50,2292.00,5468187
1-Dec-14,2190.50,2218.50,2156.00,2208.00,3858586
28-Nov-14,2248.00,2248.00,2169.00,2223.00,6574244
27-Nov-14,2360.00,2361.00,2255.00,2265.50,4042898
26-Nov-14,2355.50,2373.50,2344.00,2366.50,1603622
25-Nov-14,2378.50,2380.00,2345.00,2357.50,2818816
24-Nov-14,2401.50,2408.50,2364.50,2379.00,2072309
21-Nov-14,2363.50,2404.50,2346.15,2391.00,3727645
20-Nov-14,2329.50,2359.50,2316.50,2353.00,5307825
19-Nov-14,2338.50,2338.50,2308.50,2322.00,2685177
18-Nov-14,2318.50,2336.50,2305.50,2326.50,2743869
17-Nov-14,2290.00,2306.00,2278.50,2303.50,1868378
14-Nov-14,2280.50,2306.72,2254.00,2295.00,2075834
13-Nov-14,2300.00,2324.80,2256.50,2273.00,2560793
12-Nov-14,2330.00,2336.50,2307.00,2320.00,2102930
11-Nov-14,2330.00,2330.00,2296.00,2317.99,2121680
10-Nov-14,2335.50,2357.00,2325.00,2336.00,2241542
7-Nov-14,2283.50,2336.00,2283.50,2326.00,3346219
6-Nov-14,2251.50,2294.00,2251.50,2271.00,3081006
5-Nov-14,2236.50,2259.00,2216.50,2259.00,3639889
4-Nov-14,2270.00,2270.00,2215.00,2220.00,4480337
3-Nov-14,2300.50,2320.00,2277.83,2282.00,2545849
31-Oct-14,2326.50,2336.00,2295.50,2312.50,4079139
30-Oct-14,2339.00,2344.50,2262.80,2307.50,3803913
29-Oct-14,2297.00,2334.61,2279.00,2334.61,2664859
28-Oct-14,2286.00,2301.00,2268.00,2282.00,2422405
27-Oct-14,2301.00,2310.35,2263.00,2278.50,2048135
24-Oct-14,2300.00,2309.00,2274.00,2287.00,2486126
23-Oct-14,2272.50,2305.00,2245.00,2299.50,3776032
22-Oct-14,2276.00,2287.50,2250.50,2284.00,3750727
21-Oct-14,2188.50,2265.50,2186.00,2265.50,5013561
20-Oct-14,2236.50,2237.50,2175.50,2189.00,3959389
17-Oct-14,2188.50,2242.00,2176.00,2240.50,5165407
16-Oct-14,2218.00,2225.50,2110.50,2160.00,9250305
15-Oct-14,2256.00,2256.00,2198.50,2198.50,4662695
14-Oct-14,2255.00,2271.50,2231.87,2256.50,3560012
13-Oct-14,2226.00,2284.50,2225.00,2269.50,2662793
10-Oct-14,2304.00,2305.50,2257.60,2266.45,4500982
9-Oct-14,2386.50,2396.52,2317.50,2320.00,4865295
8-Oct-14,2366.00,2378.50,2346.62,2369.00,3350698
7-Oct-14,2368.50,2371.45,2340.71,2358.00,2545612
6-Oct-14,2387.50,2391.20,2362.88,2372.00,2776592
3-Oct-14,2378.50,2397.50,2368.00,2383.50,2377633
2-Oct-14,2430.00,2431.50,2363.00,2364.50,3497214
1-Oct-14,2436.00,2436.00,2403.55,2418.50,2792792
30-Sep-14,2450.50,2460.50,2432.00,2437.00,5115793
29-Sep-14,2439.00,2453.00,2429.00,2449.00,2383226
26-Sep-14,2433.50,2440.50,2407.10,2435.00,2170333
25-Sep-14,2468.00,2470.00,2419.00,2427.50,2770134
24-Sep-14,2462.00,2477.37,2446.00,2463.00,2350403
23-Sep-14,2504.50,2504.50,2458.50,2463.00,2720248
22-Sep-14,2524.50,2525.00,2495.50,2500.00,1725723
19-Sep-14,2502.50,2521.98,2497.50,2505.00,4992286
18-Sep-14,2489.50,2504.50,2472.50,2494.00,1441213
17-Sep-14,2509.00,2509.00,2481.00,2484.50,2703126
16-Sep-14,2483.00,2501.00,2475.00,2499.50,2794932
15-Sep-14,2462.50,2480.00,2442.00,2480.00,2093362
12-Sep-14,2499.50,2504.29,2477.00,2482.00,2369185
11-Sep-14,2535.00,2538.00,2489.05,2500.00,3254834
10-Sep-14,2514.00,2538.50,2511.71,2524.00,2891128
9-Sep-14,2537.00,2539.00,2496.50,2504.50,3475850
8-Sep-14,2558.00,2567.50,2520.50,2540.50,2925538
5-Sep-14,2561.50,2569.01,2539.00,2557.50,2685629
4-Sep-14,2561.00,2580.54,2555.44,2559.00,3089260
3-Sep-14,2550.50,2568.50,2544.50,2556.00,2399196
2-Sep-14,2556.00,2562.50,2536.50,2545.00,2104355
1-Sep-14,2539.50,2559.02,2528.00,2554.00,1793568
29-Aug-14,2549.00,2549.50,2529.50,2545.50,2534185
28-Aug-14,2538.50,2548.00,2527.71,2543.00,2197056
27-Aug-14,2532.50,2545.50,2517.50,2536.50,2011751
26-Aug-14,2510.50,2536.00,2502.00,2532.00,2480506
22-Aug-14,2505.00,2508.50,2481.50,2499.00,2025134
21-Aug-14,2517.50,2527.00,2500.50,2503.50,2689381
20-Aug-14,2550.00,2550.00,2503.00,2512.00,3302980
19-Aug-14,2518.00,2548.50,2517.50,2546.00,1751202
18-Aug-14,2495.50,2522.00,2487.00,2514.00,2127601
15-Aug-14,2491.50,2535.65,2485.00,2490.00,3317397
14-Aug-14,2482.00,2516.25,2474.00,2491.50,1885144
13-Aug-14,2477.50,2501.93,2467.05,2477.00,2365020
12-Aug-14,2523.50,2523.50,2480.33,2484.95,2618548
11-Aug-14,2510.50,2530.00,2497.00,2524.50,3252991
8-Aug-14,2520.00,2529.00,2495.50,2504.00,3051147
7-Aug-14,2548.00,2548.50,2521.50,2529.50,3891055
6-Aug-14,2559.00,2560.52,2528.50,2553.50,2491172
5-Aug-14,2547.50,2572.50,2547.00,2567.00,2720039
4-Aug-14,2522.50,2556.95,2517.55,2538.00,3057060
1-Aug-14,2552.50,2571.50,2520.50,2529.00,3024061
31-Jul-14,2525.50,2599.00,2525.50,2555.50,5861682
30-Jul-14,2526.50,2530.50,2476.00,2489.00,3195564
29-Jul-14,2520.50,2542.30,2511.50,2535.00,2476580
28-Jul-14,2538.50,2539.00,2501.55,2517.00,1982084
25-Jul-14,2548.50,2552.50,2527.00,2535.50,1237656
24-Jul-14,2549.00,2562.50,2538.00,2557.50,1905352
23-Jul-14,2514.00,2552.00,2509.00,2547.50,1465074
22-Jul-14,2527.50,2549.00,2525.00,2538.00,1107901
21-Jul-14,2517.00,2523.00,2499.13,2518.00,1554405
18-Jul-14,2529.00,2529.00,2505.00,2523.50,2289805
17-Jul-14,2540.50,2552.75,2521.00,2526.50,2376184
16-Jul-14,2522.00,2544.50,2522.00,2542.00,3119816
15-Jul-14,2535.00,2554.50,2519.00,2522.00,2061844
14-Jul-14,2536.00,2545.50,2523.10,2538.50,1960461
11-Jul-14,2513.50,2542.60,2513.50,2530.00,2262963
10-Jul-14,2526.50,2534.44,2503.00,2507.50,2132332
9-Jul-14,2534.00,2539.50,2509.00,2525.50,2834471
8-Jul-14,2541.00,2556.00,2526.00,2528.50,2178218
7-Jul-14,2556.50,2568.95,2537.00,2542.50,1487195
4-Jul-14,2531.50,2560.56,2531.50,2554.00,1172313
3-Jul-14,2560.50,2579.00,2542.55,2546.50,1985403
2-Jul-14,2551.50,2563.50,2542.00,2559.50,1706098
1-Jul-14,2542.50,2561.00,2534.10,2555.00,1525897
30-Jun-14,2555.50,2566.35,2529.50,2542.25,2636661
27-Jun-14,2535.50,2587.85,2527.29,2551.00,2590263
26-Jun-14,2520.00,2530.82,2506.00,2526.50,2325493
25-Jun-14,2536.00,2542.50,2514.00,2516.50,3228489
24-Jun-14,2555.00,2570.50,2536.00,2546.00,3330048
23-Jun-14,2547.00,2554.50,2533.50,2552.00,2103392
20-Jun-14,2535.00,2553.02,2529.00,2543.50,4176409
19-Jun-14,2544.00,2563.00,2537.50,2541.50,2968704
18-Jun-14,2496.00,2543.00,2492.00,2533.00,2900646
17-Jun-14,2498.00,2506.00,2478.00,2489.00,2206823
16-Jun-14,2476.00,2503.28,2476.00,2494.00,1961931
13-Jun-14,2478.00,2509.25,2475.00,2483.00,3051730
12-Jun-14,2474.50,2487.50,2458.00,2483.50,1942565
11-Jun-14,2475.00,2475.00,2454.50,2467.00,2557915
10-Jun-14,2463.00,2472.00,2450.00,2471.50,2365179
9-Jun-14,2466.00,2471.00,2460.05,2469.50,1157937
6-Jun-14,2445.50,2469.50,2439.50,2467.00,2270832
5-Jun-14,2440.50,2451.50,2425.05,2443.38,2317674
4-Jun-14,2465.00,2467.38,2439.00,2445.88,2217069
3-Jun-14,2447.50,2471.50,2447.50,2461.44,2423980
2-Jun-14,2442.00,2456.00,2434.50,2448.50,1704094
30-May-14,2443.00,2456.00,2424.50,2434.88,5065435
29-May-14,2439.00,2464.50,2439.00,2450.50,1703360
28-May-14,2433.00,2458.00,2432.50,2442.38,2169992
27-May-14,2457.00,2458.90,2432.00,2435.38,2865527
23-May-14,2458.00,2465.00,2432.50,2444.50,3144504
22-May-14,2500.00,2537.82,2444.50,2456.50,15532499
21-May-14,2560.00,2570.00,2545.00,2551.37,2676661
20-May-14,2589.00,2598.00,2553.37,2553.50,3598881
19-May-14,2575.00,2613.50,2572.00,2591.74,4815109
16-May-14,2562.50,2594.40,2550.05,2571.87,3072915
15-May-14,2566.00,2591.50,2556.50,2564.50,2951861
14-May-14,2562.50,2584.40,2541.00,2562.37,2552889
13-May-14,2574.50,2587.50,2563.72,2586.50,2993736
12-May-14,2576.00,2583.50,2557.50,2570.50,2611889
9-May-14,2568.50,2576.00,2552.50,2576.00,3833637
8-May-14,2548.50,2576.00,2516.96,2568.00,3166046
7-May-14,2515.00,2557.54,2513.00,2546.00,3241904
6-May-14,2528.50,2530.39,2507.86,2512.12,3027979
2-May-14,2500.00,2565.50,2495.00,2533.00,4290462
1-May-14,2505.00,2540.94,2502.50,2504.50,2637604
30-Apr-14,2500.00,2555.50,2490.00,2520.00,6917518
29-Apr-14,2405.00,2431.00,2403.50,2431.00,3084364
28-Apr-14,2392.50,2413.00,2387.00,2409.00,2058820
25-Apr-14,2405.00,2412.44,2389.50,2401.50,2334043
24-Apr-14,2405.50,2416.09,2395.00,2408.50,2038898
23-Apr-14,2385.50,2401.06,2385.50,2400.00,1858229
22-Apr-14,2390.00,2402.82,2372.85,2389.00,2391438
17-Apr-14,2384.00,2990.50,2365.32,2393.00,2820455
16-Apr-14,2395.00,2406.50,2377.00,2384.50,2889118
15-Apr-14,2375.50,2393.85,2370.84,2390.00,2801701
14-Apr-14,2337.00,2373.50,2330.22,2373.50,2624101
11-Apr-14,2346.00,2357.50,2342.50,2350.50,2963174
10-Apr-14,2356.00,2369.84,2346.50,2361.00,2138809
9-Apr-14,2346.00,2362.66,2343.69,2356.50,2309309
8-Apr-14,2345.00,2349.00,2337.00,2348.50,3557677
7-Apr-14,2344.00,2362.29,2336.50,2352.00,2303324
4-Apr-14,2344.00,2364.18,2344.00,2359.50,1944451
3-Apr-14,2330.00,2343.06,2327.00,2342.50,2628333
2-Apr-14,2341.50,2348.00,2326.50,2328.50,2836827
1-Apr-14,2340.00,2356.19,2335.60,2347.32,2435522
31-Mar-14,2345.00,2362.50,2335.00,2340.50,5227094
28-Mar-14,2317.50,2353.64,2310.00,2339.50,3233099
27-Mar-14,2302.00,2318.50,2302.00,2318.00,2514183
26-Mar-14,2310.00,2329.00,2305.00,2308.50,2796867
25-Mar-14,2288.00,2314.50,2284.50,2306.50,2535450
24-Mar-14,2304.00,2310.50,2278.50,2287.50,2892281
21-Mar-14,2286.00,2310.00,2269.27,2298.50,6738870
20-Mar-14,2286.00,2295.00,2264.00,2288.00,3587602
19-Mar-14,2298.50,2310.00,2288.00,2301.50,2393135
18-Mar-14,2285.50,2319.50,2276.50,2302.50,4367027
17-Mar-14,2291.50,2319.50,2280.00,2286.00,4761611
14-Mar-14,2287.50,2305.50,2279.00,2292.00,3679099
13-Mar-14,2324.00,2331.50,2296.50,2300.00,4197833
12-Mar-14,2333.50,2337.00,2318.00,2324.00,3357952
11-Mar-14,2343.00,2352.50,2329.50,2345.50,2832142
10-Mar-14,2310.00,2350.50,2309.00,2342.50,4323364
7-Mar-14,2321.00,2336.00,2311.50,2321.50,3858520
6-Mar-14,2338.00,2342.50,2320.50,2325.50,4475350
5-Mar-14,2346.00,2354.00,2334.00,2337.50,2849764
4-Mar-14,2320.00,2348.50,2319.50,2345.00,3303053
3-Mar-14,2300.00,2325.00,2291.50,2305.61,4531024
28-Feb-14,2334.00,2347.00,2325.50,2327.00,6898170
27-Feb-14,2346.00,2353.50,2324.00,2336.50,4149558
26-Feb-14,2353.50,2370.00,2343.00,2346.00,3686635
25-Feb-14,2377.50,2384.50,2347.00,2357.50,8140338
24-Feb-14,2363.50,2379.50,2360.50,2373.50,3777343
21-Feb-14,2368.00,2380.00,2356.50,2375.00,6024211
20-Feb-14,2336.00,2357.00,2336.00,2356.50,4527154
19-Feb-14,2330.00,2354.50,2330.00,2343.00,5034574
18-Feb-14,2293.00,2340.00,2292.00,2336.00,4861194
17-Feb-14,2278.00,2305.50,2264.00,2295.00,3287097
14-Feb-14,2283.00,2295.50,2270.00,2281.00,3768271
13-Feb-14,2263.50,2289.50,2257.50,2280.00,8458977
12-Feb-14,2248.00,2266.50,2241.50,2259.00,4593466
11-Feb-14,2248.50,2275.00,2240.50,2275.00,3980795
10-Feb-14,2235.00,2237.00,2220.50,2237.00,2733525
7-Feb-14,2227.00,2228.50,2209.00,2223.00,3120447
6-Feb-14,2214.50,2229.50,2204.00,2223.50,3574386
5-Feb-14,2187.50,2214.00,2183.00,2197.00,4209830
4-Feb-14,2201.00,2208.00,2182.50,2196.50,4101733
3-Feb-14,2214.00,2235.00,2205.50,2208.00,3903019
31-Jan-14,2260.50,2272.00,2217.00,2225.00,4555470
30-Jan-14,2242.00,2316.00,2242.00,2266.50,8421033
29-Jan-14,2244.00,2252.50,2216.50,2242.50,4828300
28-Jan-14,2239.50,2249.50,2225.50,2231.50,3082013
27-Jan-14,2256.50,2275.50,2235.00,2240.00,4421636
24-Jan-14,2290.00,2302.00,2267.50,2272.00,5319968
23-Jan-14,2292.00,2307.50,2280.50,2291.00,4260648
22-Jan-14,2275.50,2289.50,2269.50,2287.00,4234672
21-Jan-14,2284.00,2286.50,2259.00,2273.12,4273652
20-Jan-14,2273.50,2286.50,2256.50,2280.50,2443231
17-Jan-14,2224.00,2280.00,2197.50,2279.50,9719928
16-Jan-14,2296.50,2317.00,2292.00,2306.00,3942300
15-Jan-14,2293.50,2302.00,2283.50,2296.50,3229238
14-Jan-14,2284.50,2297.50,2276.50,2287.50,3456380
13-Jan-14,2303.50,2309.00,2291.00,2303.00,2908302
10-Jan-14,2270.50,2313.50,2268.50,2308.00,5227074
9-Jan-14,2262.50,2278.50,2255.00,2264.50,2602958
8-Jan-14,2271.50,2274.50,2253.50,2259.00,2428235
7-Jan-14,2258.00,2278.50,2246.50,2269.00,2835680
6-Jan-14,2268.00,2274.50,2250.00,2254.66,2588563
3-Jan-14,2264.50,2287.50,2257.00,2270.50,1830211
2-Jan-14,2265.00,2276.00,2255.00,2263.50,2625690
31-Dec-13,2267.00,2280.00,2255.00,2280.00,788489
30-Dec-13,2274.50,2275.50,2260.00,2266.00,1879097
27-Dec-13,2266.50,2283.00,2262.00,2274.50,2193400
24-Dec-13,2258.50,2270.00,2258.50,2265.50,502380
23-Dec-13,2228.50,2262.50,2226.00,2262.50,1950009
20-Dec-13,2216.50,2230.50,2216.50,2228.50,6998721
19-Dec-13,2194.50,2212.50,2188.00,2211.00,4058620
18-Dec-13,2174.50,2184.00,2164.50,2179.50,2559267
17-Dec-13,2169.00,2178.50,2161.50,2177.50,3168595
16-Dec-13,2145.00,2177.50,2143.50,2174.50,2568365
13-Dec-13,2163.00,2164.50,2150.50,2155.00,3075818
12-Dec-13,2166.00,2187.00,2166.00,2176.50,6238596
11-Dec-13,2162.50,2181.50,2153.50,2174.09,3402274
10-Dec-13,2169.50,2188.50,2164.00,2164.00,2933802
9-Dec-13,2160.00,2172.00,2147.00,2166.50,3639634
6-Dec-13,2110.00,2162.50,2109.00,2157.00,5957322
5-Dec-13,2093.50,2101.00,2082.50,2096.00,3649444
4-Dec-13,2114.50,2122.50,2091.50,2105.92,3879422
3-Dec-13,2125.50,2132.00,2103.50,2106.50,2487259
2-Dec-13,2140.50,2144.50,2115.50,2128.50,2467644
29-Nov-13,2144.00,2152.00,2137.00,2144.50,2872201
28-Nov-13,2152.00,2153.00,2140.00,2144.50,2136742
27-Nov-13,2161.00,2174.00,2148.50,2148.50,3514017
26-Nov-13,2200.00,2205.00,2160.50,2160.50,6958100
25-Nov-13,2201.00,2205.00,2188.00,2200.00,3274564
22-Nov-13,2199.50,2206.50,2196.50,2203.50,2900105
21-Nov-13,2191.00,2213.00,2184.00,2199.00,2647985
20-Nov-13,2185.50,2211.00,2181.50,2197.50,3578728
19-Nov-13,2189.50,2195.00,2177.00,2190.00,2039942
18-Nov-13,2177.00,2219.50,2174.50,2197.00,3779497
15-Nov-13,2148.50,2187.50,2146.00,2185.50,3220052
14-Nov-13,2135.50,2157.00,2129.00,2142.50,4325729
13-Nov-13,2138.50,2143.50,2108.50,2138.50,4853590
12-Nov-13,2157.00,2165.00,2148.00,2165.00,3028671
11-Nov-13,2143.50,2163.50,2143.50,2155.50,2499667
8-Nov-13,2150.00,2150.00,2134.00,2138.02,4355156
7-Nov-13,2176.00,2184.50,2155.50,2156.00,3636372
6-Nov-13,2184.50,2191.00,2174.50,2174.50,3589577
5-Nov-13,2193.50,2193.50,2164.50,2176.00,3610948
4-Nov-13,2192.50,2202.00,2186.50,2189.00,3414523
1-Nov-13,2154.00,2193.50,2154.00,2189.50,5410396
31-Oct-13,2210.50,2215.00,2154.50,2159.50,9311374
30-Oct-13,2268.50,2297.00,2267.50,2277.00,4370798
29-Oct-13,2245.00,2271.00,2243.00,2264.50,3611652
28-Oct-13,2238.00,2243.50,2224.50,2240.00,2257803
25-Oct-13,2212.00,2245.00,2212.00,2237.50,3430538
24-Oct-13,2211.50,2226.00,2208.00,2218.50,2595877
23-Oct-13,2199.00,2205.00,-,2200.50,2799061
22-Oct-13,2179.00,2202.00,2172.50,2200.00,2741738
21-Oct-13,2170.50,2180.50,2159.50,2170.99,2221858
18-Oct-13,2149.50,2172.50,2142.50,2164.50,3825911
17-Oct-13,2155.00,2158.50,2132.00,2141.00,3021875
16-Oct-13,2140.00,2172.00,2139.00,2163.50,2992980
15-Oct-13,2134.50,2155.00,2127.00,2143.00,2722060
14-Oct-13,2113.00,2132.00,2111.50,2124.50,1670069
11-Oct-13,2116.50,2122.00,2108.50,2115.00,1912615
10-Oct-13,2084.50,2110.00,2080.00,2105.00,3302680
9-Oct-13,2081.50,2092.50,2069.50,2077.50,3014744
8-Oct-13,2107.50,2112.50,2087.00,2088.50,2962648
7-Oct-13,2116.00,2119.50,2094.00,2108.50,2401546
4-Oct-13,2113.50,2132.00,2110.00,2122.50,1997910
3-Oct-13,2104.00,2118.50,2098.00,2115.00,3139409
2-Oct-13,2107.00,2110.50,2088.00,2105.00,3686085
1-Oct-13,2132.00,2134.00,2104.50,2116.00,3770077
30-Sep-13,2132.00,2150.00,2117.00,2134.50,4179994
27-Sep-13,2155.00,2155.00,2136.50,2146.00,3598049
26-Sep-13,2137.50,2159.00,2136.50,2159.00,2352551
25-Sep-13,2151.00,2155.00,2134.00,2139.00,3611073
24-Sep-13,2152.50,2163.00,2149.00,2150.00,3745042
20-Sep-13,2173.00,2189.00,2167.50,2167.50,9341808
19-Sep-13,2166.50,2187.00,2155.00,2177.00,3971590
18-Sep-13,2144.50,2168.50,2143.50,2149.00,4014039
17-Sep-13,2161.50,2162.50,2147.50,2156.38,4306550
16-Sep-13,2177.50,2185.50,2161.00,2166.50,2829078
13-Sep-13,2155.50,2168.50,2149.00,2166.50,2820243
12-Sep-13,2158.50,2173.00,2153.00,2165.50,2291802
11-Sep-13,2142.50,2158.50,2140.00,2158.50,3288153
10-Sep-13,2155.00,2160.50,2140.00,2147.50,2963419
9-Sep-13,2162.00,2162.00,2136.00,2144.50,2120461
6-Sep-13,2157.50,2173.00,2146.50,2161.50,3802330
5-Sep-13,2165.50,2169.00,2135.00,2162.50,3759220
4-Sep-13,2160.50,2166.50,2146.00,2162.50,2747299
3-Sep-13,2165.00,2171.50,2144.00,2159.50,3529676
2-Sep-13,2176.00,2184.00,2158.00,2165.00,2768799
30-Aug-13,2200.00,2201.50,2166.50,2173.00,7330819
29-Aug-13,2220.50,2221.00,2187.50,2206.35,3576599
28-Aug-13,2173.00,2228.00,2173.00,2221.00,6088312
27-Aug-13,2138.00,2181.00,2127.50,2177.00,4394913
23-Aug-13,2126.50,2153.50,2112.00,2148.00,2691886
22-Aug-13,2109.50,2133.00,2106.50,2128.42,2139675
21-Aug-13,2128.50,2128.50,2108.50,2108.50,3618129
20-Aug-13,2117.00,2131.00,2112.00,2124.74,2931202
19-Aug-13,2135.00,2140.50,2124.00,2125.00,2859743
16-Aug-13,2121.50,2141.50,2117.00,2134.50,3856026
15-Aug-13,2151.50,2156.50,2122.50,2125.50,3985250
14-Aug-13,2170.00,2186.50,2150.50,2150.50,3239568
13-Aug-13,2172.00,2196.00,2168.00,2189.00,3693222
12-Aug-13,2188.00,2188.50,2160.00,2172.50,2569339
9-Aug-13,2171.00,2191.00,2161.50,2181.50,2495961
8-Aug-13,2151.00,2174.50,2150.50,2160.00,3398966
7-Aug-13,2180.00,2211.50,2149.00,2149.00,4193714
6-Aug-13,2178.00,2189.50,2171.50,2185.00,4360646
5-Aug-13,2192.00,2199.50,2169.50,2179.50,4360359
2-Aug-13,2216.50,2223.50,2185.00,2190.50,4445492
1-Aug-13,2250.00,2250.00,2191.50,2218.00,7048739
31-Jul-13,2293.00,2340.50,2284.50,2319.50,4071509
30-Jul-13,2303.00,2321.50,2294.50,2296.50,3111434
29-Jul-13,2310.00,2326.00,2293.00,2295.50,2802208
26-Jul-13,2328.50,2334.00,2302.50,2307.00,2306937
25-Jul-13,2323.00,2331.50,2307.50,2326.00,2585909
24-Jul-13,2314.00,2336.50,2309.00,2327.00,2990067
23-Jul-13,2325.00,2327.50,2303.50,2303.50,3241351
22-Jul-13,2314.50,2330.00,2306.00,2323.00,3114389
19-Jul-13,2328.00,2332.00,2311.50,2319.50,5118290
18-Jul-13,2310.50,2349.82,2307.00,2330.00,3719835
17-Jul-13,2313.00,2334.50,2299.50,2316.00,2647212
16-Jul-13,2303.00,2325.52,2292.50,2308.00,4504957
15-Jul-13,2311.00,2330.00,2299.50,2305.00,2927733
12-Jul-13,2299.50,2324.66,2297.00,2302.00,3207224
11-Jul-13,2291.00,2309.00,2283.06,2294.00,4855002
10-Jul-13,2252.00,2272.95,2245.03,2271.50,3457718
9-Jul-13,2234.50,2251.50,2224.96,2247.00,3209090
8-Jul-13,2209.00,2228.00,2206.00,2220.00,2752218
5-Jul-13,2202.00,2222.50,2184.90,2192.50,4007446
4-Jul-13,2168.00,2203.50,2160.00,2192.00,4564531
3-Jul-13,2169.00,2176.50,2141.50,2155.00,2916168
2-Jul-13,2187.00,2187.00,2169.50,2183.50,2481355
1-Jul-13,2188.50,2198.00,2165.86,2185.00,3220211
28-Jun-13,2188.00,2193.85,2169.50,2176.00,4390705
27-Jun-13,2149.50,2195.00,2145.50,2182.50,3719151
26-Jun-13,2125.00,2147.82,2114.50,2140.50,2978742
25-Jun-13,2137.00,2141.50,2117.50,2124.50,3579103
24-Jun-13,2138.50,2146.12,2105.00,2120.50,5564342
21-Jun-13,2145.50,2163.81,2135.00,2140.00,11548695
20-Jun-13,2168.50,2179.00,2142.00,2142.50,4630163
19-Jun-13,2189.50,2194.02,2162.50,2175.50,2209826
18-Jun-13,2171.00,2195.88,2163.00,2183.00,3191038
17-Jun-13,2173.00,2220.00,2170.00,2170.00,4297968
14-Jun-13,2194.00,2206.08,2156.50,2160.50,5352671
13-Jun-13,2171.50,2190.00,2163.00,2181.50,5095143
12-Jun-13,2201.50,2212.00,2182.50,2189.00,3280890
11-Jun-13,2196.00,2215.00,2185.62,2210.00,5007700
10-Jun-13,2180.50,2200.50,2174.00,2193.50,2918605
7-Jun-13,2185.00,2203.80,2166.50,2186.50,3548738
6-Jun-13,2199.00,2211.42,2180.50,2180.50,2896454
5-Jun-13,2238.00,2264.30,2205.50,2205.50,3749739
4-Jun-13,2264.50,2269.50,2246.00,2250.00,2251229
3-Jun-13,2271.00,2275.50,2247.50,2254.50,2932302
31-May-13,2302.00,2309.39,2279.84,2280.50,5878816
30-May-13,2297.00,2314.38,2297.00,2305.50,3451231
29-May-13,2321.50,2325.50,2298.50,2304.00,3947096
28-May-13,2305.00,2339.50,2302.03,2325.00,3930962
24-May-13,2314.00,2326.00,2283.06,2287.00,3359006
23-May-13,2319.50,2336.00,2301.00,2312.50,4470536
22-May-13,2345.00,2351.50,2319.58,2338.50,4763921
21-May-13,2303.50,2344.00,2300.88,2344.00,4243262
20-May-13,2300.00,2314.61,2290.00,2304.50,2299010
17-May-13,2278.00,2325.53,2278.00,2310.00,3386578
16-May-13,2294.00,2321.05,2284.50,2286.00,4386264
15-May-13,2332.00,2349.52,2295.50,2300.50,5434100
14-May-13,2334.00,2359.50,2330.50,2355.50,3817183
13-May-13,2316.50,2331.50,2313.00,2331.50,2968524
10-May-13,2311.00,2323.80,2308.50,2316.26,3281868
9-May-13,2306.50,2325.50,2306.50,2321.00,2861801
8-May-13,2295.50,2332.95,2292.00,2313.00,3311105
7-May-13,2294.00,2297.80,2281.00,2288.00,3529230
3-May-13,2277.00,2305.00,2266.50,2296.00,4293683
2-May-13,2281.00,2298.00,2263.00,2276.50,5238899
1-May-13,2254.00,2287.50,2244.00,2259.00,3479617
30-Apr-13,2243.00,2258.00,2240.00,2253.00,4919776
29-Apr-13,2215.50,2245.00,2210.50,2243.00,2378378
26-Apr-13,2229.50,2239.00,2206.50,2217.00,3394490
25-Apr-13,2233.00,2250.23,2225.50,2243.00,3960307
24-Apr-13,2208.50,2242.70,2202.50,2240.00,3160908
23-Apr-13,2159.50,2202.50,2150.00,2202.00,3798478
22-Apr-13,2161.50,2175.00,2144.50,2150.50,2349103
19-Apr-13,2139.50,2149.50,2126.00,2148.00,4201258
18-Apr-13,2152.00,2159.93,2134.00,2137.00,3324724
17-Apr-13,2180.00,2180.00,2126.50,2147.00,3915063
16-Apr-13,2157.00,2178.27,2148.00,2167.50,3065693
15-Apr-13,2177.00,2187.00,2151.50,2164.50,2793834
12-Apr-13,2181.00,2190.50,2176.00,2178.00,2871699
11-Apr-13,2166.00,2188.88,2160.00,2182.50,3320799
10-Apr-13,2160.50,2177.89,2150.00,2163.50,3548864
9-Apr-13,2148.00,2154.00,2130.41,2151.50,3973728
8-Apr-13,2150.50,2157.50,2136.50,2137.00,3963887
5-Apr-13,2166.00,2170.50,2133.00,2145.00,3194510
4-Apr-13,2196.00,2205.00,2167.50,2169.00,3077216
3-Apr-13,2217.00,2219.18,2195.00,2195.00,3115398
2-Apr-13,2193.50,2221.44,2190.00,2211.50,3536659
28-Mar-13,2209.00,2217.50,2182.00,2185.00,5449252
27-Mar-13,2220.00,2222.00,2198.50,2209.00,3387548
26-Mar-13,2195.50,2226.58,2180.00,2220.00,3710757
25-Mar-13,2220.50,2223.50,2187.50,2189.50,3523080
22-Mar-13,2201.50,2228.00,2197.50,2210.00,3264980
21-Mar-13,2224.00,2231.50,2202.00,2210.00,4212290
20-Mar-13,2229.50,2237.00,2211.00,2224.00,4214079
19-Mar-13,2213.50,2233.57,2208.33,2220.00,3853023
18-Mar-13,2210.50,2234.40,2204.00,2218.50,4630808
15-Mar-13,2254.00,2270.93,2216.50,2240.00,9518603
14-Mar-13,2262.50,2272.72,2258.00,2268.00,4407901
13-Mar-13,2273.50,2273.50,2257.50,2262.00,4308649
12-Mar-13,2267.50,2281.50,2263.50,2270.00,4065683
11-Mar-13,2268.00,2280.69,2261.00,2271.50,4212068
8-Mar-13,2285.00,2291.50,2264.00,2271.00,4451397
7-Mar-13,2274.00,2280.75,2263.00,2272.50,3910729
6-Mar-13,2268.00,2282.19,2256.50,2263.00,3304157
5-Mar-13,2254.50,2275.82,2246.50,2264.50,3131337
4-Mar-13,2236.50,2252.62,2230.00,2243.00,3721148
1-Mar-13,2221.00,2256.91,2219.00,2245.50,3948013
28-Feb-13,2218.50,2226.00,2210.75,2226.00,5968778
27-Feb-13,2192.00,2213.00,2185.50,2209.50,2590919
26-Feb-13,2183.00,2194.50,2169.50,2185.50,2847661
25-Feb-13,2210.50,2230.00,2195.50,2208.00,3433606
22-Feb-13,2193.50,2205.50,2186.62,2200.00,1646984
21-Feb-13,2206.50,2210.00,2174.58,2187.50,2564219
20-Feb-13,2212.50,2227.52,2199.50,2216.00,3221097
19-Feb-13,2159.50,2208.48,2156.72,2199.50,3885098
18-Feb-13,2158.00,2164.57,2146.00,2161.00,2120884
15-Feb-13,2171.50,2185.50,2143.00,2151.00,3507478
14-Feb-13,2189.00,2204.50,2165.50,2171.50,2870625
13-Feb-13,2191.50,2212.50,2176.00,2186.00,3773724
12-Feb-13,2202.50,2215.00,2188.58,2215.00,2196675
11-Feb-13,2186.00,2202.00,2178.00,2201.50,2261154
8-Feb-13,2210.00,2213.50,2182.00,2183.00,3132355
7-Feb-13,2250.00,2260.00,2197.91,2202.50,4543233
6-Feb-13,2252.00,2267.61,2234.50,2245.00,2668822
5-Feb-13,2251.00,2275.82,2245.50,2256.00,2963741
4-Feb-13,2304.00,2308.50,2246.00,2249.00,2940428
1-Feb-13,2282.50,2305.50,2263.57,2304.00,3449373
31-Jan-13,2335.00,2362.00,2289.00,2294.00,5407291
30-Jan-13,2364.50,2374.50,2359.00,2362.00,2876106
29-Jan-13,2334.50,2367.50,2331.00,2365.00,2675915
28-Jan-13,2318.50,2333.50,2311.19,2329.50,2472109
25-Jan-13,2284.00,2325.00,2281.00,2315.50,3206211
24-Jan-13,2270.50,2291.72,2262.50,2285.50,1967864
23-Jan-13,2274.50,2277.00,2258.00,2271.00,2128932
22-Jan-13,2261.50,2274.00,2249.50,2267.00,1691349
21-Jan-13,2263.00,2270.00,2258.00,2264.00,1095051
18-Jan-13,2247.50,2266.65,2236.00,2257.00,3602554
17-Jan-13,2228.00,2245.17,2226.25,2242.00,3228391
16-Jan-13,2230.00,2236.50,2221.58,2228.00,2716353
15-Jan-13,2216.00,2231.00,2207.58,2223.50,2889511
14-Jan-13,2233.50,2233.50,2211.00,2212.50,1797662
11-Jan-13,2204.00,2222.00,2204.00,2215.50,2285731
10-Jan-13,2213.00,2214.50,2199.50,2203.00,3462831
9-Jan-13,2206.50,2216.00,2197.50,2212.50,2005019
8-Jan-13,2206.50,2224.00,2200.50,2200.50,2332864
7-Jan-13,2214.50,2215.72,2195.50,2208.00,2124737
4-Jan-13,2189.50,2219.50,2189.00,2219.50,2857121
3-Jan-13,2182.00,2204.00,2165.00,2196.50,1898014
2-Jan-13,2186.00,2201.50,2177.50,2179.50,2896356
