31-Dec-15,473.80,474.90,469.41,470.10,34096
30-Dec-15,470.50,477.21,466.10,473.00,111735
29-Dec-15,466.40,477.90,465.41,473.20,246231
24-Dec-15,471.00,471.00,462.00,462.20,54801
23-Dec-15,467.20,468.00,459.20,466.40,163127
22-Dec-15,459.00,463.84,456.10,462.50,182362
21-Dec-15,452.80,460.00,452.80,456.70,160464
18-Dec-15,459.10,459.10,450.00,455.80,600348
16-Dec-15,449.60,460.88,447.50,455.70,361642
15-Dec-15,447.00,452.00,442.10,444.70,610252
14-Dec-15,452.30,452.48,440.00,440.40,208267
11-Dec-15,452.80,455.52,445.40,448.40,277876
10-Dec-15,448.50,450.00,442.14,449.40,248584
9-Dec-15,458.00,458.00,449.20,450.50,510656
8-Dec-15,465.00,466.01,452.40,458.80,215398
7-Dec-15,460.00,462.70,447.84,462.20,377587
4-Dec-15,454.60,462.50,450.70,456.30,424860
3-Dec-15,458.00,464.80,455.50,456.60,437698
2-Dec-15,462.00,462.00,453.00,454.30,377691
1-Dec-15,452.00,459.60,448.20,458.00,441196
30-Nov-15,438.70,456.00,431.30,454.20,489767
27-Nov-15,430.40,437.00,427.50,437.00,387126
26-Nov-15,435.70,436.20,427.10,430.00,377142
25-Nov-15,429.00,441.60,425.15,431.50,610959
24-Nov-15,429.80,431.80,414.10,427.40,569276
23-Nov-15,436.20,440.17,427.80,434.80,295286
20-Nov-15,441.70,446.80,440.30,442.10,178268
19-Nov-15,446.80,451.90,440.90,443.00,326247
18-Nov-15,451.10,451.80,445.63,448.40,162954
17-Nov-15,447.00,453.90,447.00,449.70,227444
16-Nov-15,433.80,442.10,423.60,441.00,314675
13-Nov-15,437.80,440.50,434.80,435.30,398084
12-Nov-15,444.10,445.90,436.50,440.60,271307
11-Nov-15,443.40,449.40,439.10,445.40,422520
10-Nov-15,440.10,452.60,438.10,445.00,586488
9-Nov-15,433.60,443.50,429.00,438.70,429682
6-Nov-15,438.70,449.00,431.50,434.50,671302
5-Nov-15,428.40,452.50,428.40,442.00,583988
4-Nov-15,441.40,442.60,425.93,430.20,595654
3-Nov-15,462.90,464.20,435.30,454.00,978378
2-Nov-15,462.50,476.60,459.86,471.20,376018
30-Oct-15,460.00,466.00,457.70,464.10,440021
29-Oct-15,458.10,462.39,453.90,460.50,269088
28-Oct-15,462.80,466.30,457.20,460.00,369947
27-Oct-15,469.60,470.78,463.50,463.60,290021
26-Oct-15,469.00,470.70,458.00,465.25,234486
23-Oct-15,456.60,470.00,452.90,467.60,235311
22-Oct-15,456.30,458.40,452.60,453.90,372702
21-Oct-15,454.30,463.50,451.80,461.58,361272
20-Oct-15,449.50,454.60,445.60,453.90,226950
19-Oct-15,441.10,449.00,438.40,447.50,181532
16-Oct-15,442.20,445.00,438.00,439.00,368744
15-Oct-15,443.10,443.10,433.43,441.30,254267
14-Oct-15,443.00,446.60,440.70,441.40,430915
13-Oct-15,448.70,452.90,442.00,448.70,507331
12-Oct-15,448.80,452.80,448.00,450.00,851992
9-Oct-15,454.20,457.10,447.60,450.00,657596
8-Oct-15,448.50,453.00,448.30,450.00,485616
7-Oct-15,460.00,461.10,450.00,450.70,539609
6-Oct-15,456.00,462.90,456.00,459.80,326589
5-Oct-15,460.70,460.70,451.20,456.80,434923
2-Oct-15,463.80,468.46,448.80,451.10,378336
1-Oct-15,459.20,464.20,457.90,462.10,284674
30-Sep-15,457.00,461.10,450.90,456.20,309036
29-Sep-15,466.50,466.50,445.90,449.80,394976
28-Sep-15,457.90,479.00,457.90,467.40,530564
25-Sep-15,465.70,471.30,457.80,465.80,226844
24-Sep-15,458.70,465.40,456.90,462.40,279527
23-Sep-15,457.90,465.40,450.00,463.30,347617
22-Sep-15,468.80,468.80,460.00,460.40,307089
21-Sep-15,475.00,478.40,463.80,467.60,295257
18-Sep-15,475.90,482.30,469.40,479.90,544366
17-Sep-15,483.80,485.50,477.30,479.90,310425
16-Sep-15,494.50,497.40,481.90,485.80,334004
15-Sep-15,496.00,496.90,488.60,490.70,261878
14-Sep-15,499.50,503.50,492.00,495.00,433724
11-Sep-15,497.50,501.14,490.98,495.00,258942
10-Sep-15,483.00,504.50,482.40,496.00,597206
9-Sep-15,477.60,492.10,475.80,487.90,470781
8-Sep-15,485.00,502.77,480.36,488.60,369695
7-Sep-15,483.60,485.32,477.60,482.00,240112
4-Sep-15,477.40,481.17,471.80,477.20,213977
3-Sep-15,483.60,489.90,469.20,483.20,248097
2-Sep-15,480.00,483.00,466.10,477.10,294982
1-Sep-15,481.00,481.00,454.20,472.30,541575
28-Aug-15,471.10,481.90,468.50,481.90,292246
27-Aug-15,465.10,473.90,464.80,470.25,388730
26-Aug-15,455.00,467.60,451.30,459.80,497663
25-Aug-15,443.90,460.90,441.28,459.20,1055455
24-Aug-15,444.90,446.64,426.40,438.60,572288
21-Aug-15,468.10,474.00,457.15,468.70,328229
20-Aug-15,480.00,487.05,470.00,475.30,284923
19-Aug-15,480.30,488.70,474.30,485.00,318912
18-Aug-15,487.10,491.20,480.50,483.70,320267
17-Aug-15,493.60,497.00,480.00,486.00,263289
14-Aug-15,485.90,491.60,485.50,489.40,226257
13-Aug-15,488.00,494.70,484.80,486.10,239593
12-Aug-15,478.20,484.90,475.60,482.60,296927
11-Aug-15,480.90,488.50,478.90,484.40,279722
10-Aug-15,473.70,487.00,470.60,481.70,307335
7-Aug-15,472.60,473.90,466.09,473.50,332612
6-Aug-15,467.40,474.00,454.20,473.00,439214
5-Aug-15,465.00,468.50,460.60,468.30,296401
4-Aug-15,466.40,466.40,458.30,463.00,261444
3-Aug-15,466.50,470.60,459.80,464.10,206955
31-Jul-15,461.70,467.30,457.20,466.30,452949
30-Jul-15,460.50,463.80,448.10,457.20,309566
29-Jul-15,448.60,460.60,446.46,457.20,447590
28-Jul-15,446.60,455.71,443.80,449.70,271906
27-Jul-15,443.60,451.90,437.90,444.60,320306
24-Jul-15,452.30,460.40,447.30,448.40,210288
23-Jul-15,457.00,460.93,453.40,457.00,291144
22-Jul-15,443.20,457.50,443.20,454.90,327764
21-Jul-15,459.60,462.80,448.90,450.40,300622
20-Jul-15,453.30,459.60,448.20,458.70,523686
17-Jul-15,452.10,457.80,450.00,452.20,351978
16-Jul-15,454.40,460.15,453.20,457.80,427735
15-Jul-15,448.40,460.80,445.30,456.10,454308
14-Jul-15,464.10,469.80,450.80,452.10,666622
13-Jul-15,468.80,473.20,461.10,461.10,869538
10-Jul-15,460.00,460.60,453.87,459.30,412810
9-Jul-15,433.40,457.30,433.20,450.50,790669
8-Jul-15,461.40,461.70,433.10,447.97,898805
7-Jul-15,468.20,470.00,455.00,456.90,414302
6-Jul-15,449.20,469.60,449.20,466.80,340905
3-Jul-15,462.50,463.25,458.10,460.90,265710
2-Jul-15,457.30,463.20,453.10,461.20,244498
1-Jul-15,443.20,460.50,435.82,454.30,335812
30-Jun-15,435.00,446.40,435.00,442.90,384445
29-Jun-15,435.30,442.40,435.00,439.10,368538
26-Jun-15,445.70,450.40,445.70,446.60,285397
25-Jun-15,444.90,453.00,441.90,450.00,486206
24-Jun-15,457.50,457.50,435.40,444.10,716981
23-Jun-15,460.70,462.10,453.50,455.60,355903
22-Jun-15,447.60,457.12,447.50,456.40,376813
19-Jun-15,446.40,452.80,446.40,448.30,789341
18-Jun-15,449.10,450.70,443.46,448.00,346552
17-Jun-15,448.50,451.30,438.50,448.10,493732
16-Jun-15,442.40,443.80,435.30,442.60,327517
15-Jun-15,441.70,444.72,436.90,440.60,320050
12-Jun-15,445.70,446.10,438.50,444.00,318834
11-Jun-15,437.00,447.50,435.76,446.50,416581
10-Jun-15,429.30,437.60,426.60,436.30,746231
9-Jun-15,430.90,431.50,421.50,428.40,261383
8-Jun-15,431.30,435.90,428.60,430.40,255217
5-Jun-15,437.80,438.00,426.80,430.60,350872
4-Jun-15,442.80,444.07,435.90,437.40,255049
3-Jun-15,441.50,443.20,437.40,441.80,762104
2-Jun-15,441.90,441.90,436.00,439.50,363105
1-Jun-15,438.30,439.20,434.00,438.00,484781
29-May-15,433.80,439.54,430.00,436.10,506454
28-May-15,427.40,432.50,427.20,429.00,481051
27-May-15,425.00,432.00,422.60,428.20,142794
26-May-15,424.90,425.00,419.50,424.20,355111
22-May-15,421.10,426.20,421.10,423.50,329608
21-May-15,428.70,431.11,421.36,422.40,310357
20-May-15,429.80,432.50,420.80,431.00,269409
19-May-15,432.30,433.80,426.10,426.80,431496
18-May-15,424.50,432.50,424.20,429.60,178878
15-May-15,422.90,433.50,421.67,426.30,375383
14-May-15,422.30,425.00,416.00,423.20,372031
13-May-15,411.30,422.30,408.38,420.75,870060
12-May-15,400.00,416.10,395.90,406.60,952712
11-May-15,400.40,405.00,393.10,402.30,342177
8-May-15,386.40,405.00,386.00,396.00,610352
7-May-15,377.00,383.10,370.00,380.90,384079
6-May-15,373.70,379.00,373.70,375.50,552661
5-May-15,378.30,385.00,375.00,376.50,460209
1-May-15,384.40,384.40,363.96,374.00,164577
30-Apr-15,365.10,374.80,359.83,371.80,242674
29-Apr-15,376.10,379.92,338.10,365.10,599285
28-Apr-15,387.20,389.36,374.68,377.20,442605
27-Apr-15,379.00,386.50,374.40,385.20,324087
24-Apr-15,372.80,380.30,371.94,379.10,264960
23-Apr-15,370.50,376.00,364.60,366.60,351930
22-Apr-15,376.20,381.10,369.70,371.00,275879
21-Apr-15,371.40,380.05,371.40,378.10,291966
20-Apr-15,364.00,372.25,363.10,369.30,290673
17-Apr-15,371.10,375.32,362.98,365.20,282534
16-Apr-15,375.00,378.70,365.25,372.00,287097
15-Apr-15,372.90,379.60,372.90,377.00,163435
14-Apr-15,373.00,381.00,372.80,375.00,206799
13-Apr-15,378.10,379.30,373.03,377.20,180523
10-Apr-15,375.60,382.75,373.00,379.30,402510
9-Apr-15,365.60,374.90,365.30,371.73,202046
8-Apr-15,360.90,367.60,360.00,363.20,209715
7-Apr-15,358.00,364.54,358.00,363.90,194125
2-Apr-15,350.10,359.10,350.10,357.90,505147
1-Apr-15,365.00,365.47,357.10,359.50,411351
31-Mar-15,361.70,365.00,357.97,359.40,648701
30-Mar-15,355.30,363.90,355.30,359.20,543766
27-Mar-15,358.30,362.80,355.00,355.60,359151
26-Mar-15,356.60,358.32,353.99,354.00,1036191
25-Mar-15,349.20,360.80,345.00,358.70,861214
24-Mar-15,340.70,347.40,339.70,344.40,455504
23-Mar-15,346.10,347.41,338.90,340.00,225668
20-Mar-15,348.30,348.70,342.40,345.00,497334
19-Mar-15,350.00,350.00,343.90,344.50,351255
18-Mar-15,342.90,354.30,339.16,347.00,400786
17-Mar-15,338.40,346.00,337.00,340.00,283788
16-Mar-15,348.60,353.40,339.12,341.90,208469
13-Mar-15,345.20,346.20,342.20,342.50,269715
12-Mar-15,343.60,345.70,338.56,341.60,232723
11-Mar-15,339.20,347.98,334.30,339.60,318117
10-Mar-15,352.80,356.10,339.52,342.40,420490
9-Mar-15,350.80,355.23,347.80,350.10,238326
6-Mar-15,362.90,362.90,346.89,355.10,319530
5-Mar-15,370.00,370.00,358.68,361.70,316685
4-Mar-15,368.00,368.00,356.54,362.48,499489
3-Mar-15,367.20,368.90,361.70,368.00,446958
2-Mar-15,366.30,370.79,362.40,365.50,327120
27-Feb-15,365.80,365.80,356.25,362.00,414123
26-Feb-15,362.00,362.90,358.41,362.90,485454
25-Feb-15,354.20,362.90,352.56,361.30,441772
24-Feb-15,363.30,364.08,352.65,359.30,433685
23-Feb-15,368.00,368.00,357.25,363.20,432388
20-Feb-15,366.00,366.39,358.23,366.10,326622
19-Feb-15,363.40,367.80,353.50,364.20,470263
18-Feb-15,351.10,364.90,346.02,360.80,688510
17-Feb-15,340.70,352.50,339.30,352.20,687984
16-Feb-15,349.00,351.10,341.72,349.50,619019
13-Feb-15,351.00,356.80,342.20,352.00,867482
12-Feb-15,342.00,356.70,327.30,338.30,1020354
11-Feb-15,306.00,348.20,306.00,324.60,1739719
10-Feb-15,279.00,297.50,279.00,296.80,239747
9-Feb-15,294.30,294.30,283.31,289.00,351402
6-Feb-15,292.50,294.00,290.18,294.00,312098
5-Feb-15,289.50,291.90,285.20,289.10,202192
4-Feb-15,287.00,289.40,281.50,287.70,422649
3-Feb-15,276.20,295.00,268.52,290.00,432762
2-Feb-15,285.90,285.90,274.60,278.10,256270
30-Jan-15,288.40,288.50,281.90,286.00,207814
29-Jan-15,286.20,287.00,278.98,284.50,200911
28-Jan-15,282.60,286.80,279.80,285.00,220102
27-Jan-15,279.90,284.80,278.40,284.10,333117
26-Jan-15,275.80,278.49,271.80,277.30,221543
23-Jan-15,274.30,277.60,270.90,274.70,283294
22-Jan-15,281.60,281.60,269.00,270.00,310132
21-Jan-15,266.40,269.60,263.80,266.70,223176
20-Jan-15,265.20,265.20,261.00,262.50,293407
19-Jan-15,264.20,275.77,258.60,262.70,162846
16-Jan-15,262.50,265.00,254.50,258.60,221707
15-Jan-15,267.00,268.90,255.76,265.60,346682
14-Jan-15,271.40,272.90,265.50,267.20,209625
13-Jan-15,266.00,276.10,264.00,273.00,328194
12-Jan-15,275.80,276.30,264.20,265.10,322280
9-Jan-15,280.00,281.90,267.35,277.10,545032
8-Jan-15,281.00,288.30,281.00,286.00,169327
7-Jan-15,280.40,283.16,278.30,280.50,103053
6-Jan-15,288.80,288.80,276.70,278.40,245175
5-Jan-15,292.30,296.50,285.20,286.90,215948
31-Dec-14,280.10,296.50,280.10,295.50,171693
30-Dec-14,284.00,290.20,282.00,285.90,157870
29-Dec-14,292.00,295.80,283.10,285.50,153924
24-Dec-14,300.00,300.00,287.00,292.75,37125
23-Dec-14,289.60,291.53,283.80,286.50,126464
22-Dec-14,286.40,289.52,283.92,288.00,189692
19-Dec-14,285.90,286.43,280.10,283.00,474449
18-Dec-14,280.00,285.90,275.42,281.50,416905
17-Dec-14,275.50,277.30,272.00,275.90,205147
16-Dec-14,277.00,277.00,266.90,275.90,241954
15-Dec-14,282.00,291.40,273.30,274.30,270339
12-Dec-14,282.50,282.50,274.40,279.40,377080
11-Dec-14,290.60,300.37,282.00,283.30,290479
10-Dec-14,288.20,292.70,286.80,288.70,158979
9-Dec-14,290.00,293.90,283.40,284.40,474719
8-Dec-14,291.70,291.70,288.20,290.00,321374
5-Dec-14,292.30,301.00,286.66,289.00,441575
4-Dec-14,292.10,293.40,282.50,289.50,503484
3-Dec-14,278.00,286.43,274.50,281.10,381766
2-Dec-14,285.30,285.30,276.98,278.80,205462
1-Dec-14,282.00,283.30,278.25,279.44,181415
28-Nov-14,281.80,284.90,280.00,281.00,260471
27-Nov-14,278.10,284.20,275.47,279.93,363526
26-Nov-14,274.00,280.32,270.93,277.40,305266
25-Nov-14,271.80,274.00,268.00,272.60,235491
24-Nov-14,270.60,271.57,266.61,269.00,131498
21-Nov-14,273.70,274.90,267.70,269.00,340251
20-Nov-14,271.50,273.20,267.60,270.40,134508
19-Nov-14,283.90,283.90,268.70,268.70,162885
18-Nov-14,274.00,274.00,267.98,271.90,152026
17-Nov-14,268.40,274.00,266.60,272.10,284663
14-Nov-14,274.30,274.30,269.30,270.80,119688
13-Nov-14,273.20,277.12,260.10,272.50,246748
12-Nov-14,273.20,275.70,267.60,274.70,154731
11-Nov-14,281.80,283.14,274.50,276.50,127238
10-Nov-14,271.30,274.60,264.50,270.50,275538
7-Nov-14,279.70,281.30,272.10,277.20,139908
6-Nov-14,280.80,280.80,273.60,277.30,139654
5-Nov-14,293.60,293.60,277.80,279.35,252246
4-Nov-14,286.00,289.80,283.10,284.90,82672
3-Nov-14,290.30,294.68,284.40,285.90,97964
31-Oct-14,292.30,292.30,285.70,288.90,392296
30-Oct-14,292.40,292.40,281.30,286.00,300799
29-Oct-14,283.70,291.20,283.70,286.30,217373
28-Oct-14,286.60,289.00,282.70,285.90,105017
27-Oct-14,287.30,288.70,278.89,286.70,150172
24-Oct-14,287.30,288.86,282.20,285.00,174530
23-Oct-14,287.00,288.91,281.50,286.60,235586
22-Oct-14,278.40,288.50,278.20,287.40,350682
21-Oct-14,266.60,278.70,261.38,277.52,294390
20-Oct-14,269.00,272.90,269.00,272.17,291118
17-Oct-14,269.20,271.15,265.64,269.00,315461
16-Oct-14,264.60,271.40,256.80,266.70,320163
15-Oct-14,258.50,268.20,258.50,263.00,411654
14-Oct-14,254.10,262.14,253.30,260.45,266905
13-Oct-14,248.90,259.00,248.64,256.60,375752
10-Oct-14,257.00,261.10,250.70,255.20,162012
9-Oct-14,270.60,270.60,257.40,259.20,254916
8-Oct-14,268.50,268.50,260.50,261.70,238797
7-Oct-14,273.50,274.80,268.20,270.50,156349
6-Oct-14,276.70,277.00,271.13,273.40,114243
3-Oct-14,274.80,276.60,269.00,275.00,272234
2-Oct-14,277.00,277.00,267.70,268.50,150726
1-Oct-14,280.00,280.00,272.90,273.80,301729
30-Sep-14,281.20,281.50,275.50,276.00,355486
29-Sep-14,280.60,280.60,274.35,278.90,150006
26-Sep-14,276.40,280.90,274.50,275.70,182910
25-Sep-14,288.80,288.80,278.10,280.20,99348
24-Sep-14,291.80,293.90,280.00,285.20,242681
23-Sep-14,283.60,284.35,279.10,282.90,293293
22-Sep-14,289.30,290.00,283.60,284.90,165895
19-Sep-14,290.50,294.20,287.50,290.10,373350
18-Sep-14,281.30,289.23,277.85,288.20,196471
17-Sep-14,274.00,284.00,273.00,281.70,252825
16-Sep-14,275.70,277.90,270.90,272.90,278354
15-Sep-14,278.20,279.90,275.49,277.00,141265
12-Sep-14,275.50,281.40,275.50,281.10,210812
11-Sep-14,278.10,282.30,273.00,275.20,240233
10-Sep-14,279.70,280.30,264.90,277.90,201847
9-Sep-14,275.00,280.10,272.40,279.80,294390
8-Sep-14,280.60,283.61,272.30,275.20,356524
5-Sep-14,285.00,288.25,282.80,283.80,173539
4-Sep-14,285.80,285.80,278.96,284.80,354742
3-Sep-14,288.80,290.00,282.30,286.00,349553
2-Sep-14,281.40,288.00,271.70,278.30,642272
1-Sep-14,286.70,286.70,277.60,283.00,249218
29-Aug-14,280.00,280.98,270.90,273.50,206652
28-Aug-14,280.20,280.50,275.06,280.50,199517
27-Aug-14,276.90,286.70,276.90,280.00,306683
26-Aug-14,274.50,280.88,265.00,278.20,226150
22-Aug-14,273.00,273.70,268.80,272.10,191713
21-Aug-14,264.50,271.80,264.50,271.30,182432
20-Aug-14,265.60,267.20,264.00,265.00,316645
19-Aug-14,262.10,268.20,256.20,268.20,287481
18-Aug-14,259.20,262.60,253.90,260.00,210566
15-Aug-14,251.70,259.36,249.98,254.00,195831
14-Aug-14,248.80,252.10,241.30,251.70,138081
13-Aug-14,240.80,250.50,235.20,247.10,244536
12-Aug-14,241.00,242.90,238.81,241.20,71970
11-Aug-14,234.10,240.80,232.61,240.50,127837
8-Aug-14,225.70,235.50,225.70,233.37,253517
7-Aug-14,230.00,234.50,227.78,231.00,147621
6-Aug-14,231.50,233.00,224.00,228.70,278118
5-Aug-14,240.90,240.90,230.60,233.20,319270
4-Aug-14,244.40,245.76,237.55,239.50,200732
1-Aug-14,245.00,247.11,237.20,244.20,318802
31-Jul-14,246.50,246.70,240.00,243.70,282893
30-Jul-14,242.30,249.90,242.30,247.50,240662
29-Jul-14,246.60,251.60,245.88,247.00,111887
28-Jul-14,253.10,253.40,243.90,245.60,236757
25-Jul-14,251.40,254.90,250.60,252.00,158134
24-Jul-14,247.20,254.30,246.60,254.00,258097
23-Jul-14,249.00,250.72,246.12,248.80,150522
22-Jul-14,245.40,250.77,243.00,249.00,236560
21-Jul-14,249.80,251.58,242.80,244.40,213293
18-Jul-14,243.20,251.70,240.60,250.40,220885
17-Jul-14,247.80,247.90,243.20,246.60,185528
16-Jul-14,243.00,250.10,240.62,248.18,247463
15-Jul-14,249.90,251.74,241.80,243.44,434359
14-Jul-14,254.10,254.30,249.70,251.50,220769
11-Jul-14,251.30,253.56,247.50,252.10,259974
10-Jul-14,253.10,256.70,245.80,249.80,352067
9-Jul-14,255.90,258.10,253.10,254.00,153254
8-Jul-14,265.00,265.32,256.00,256.80,223445
7-Jul-14,268.90,271.25,264.60,264.60,355264
4-Jul-14,276.40,276.40,269.10,270.40,190586
3-Jul-14,268.10,271.70,267.38,271.70,388118
2-Jul-14,271.60,276.38,266.90,267.26,443613
1-Jul-14,272.00,273.00,265.00,270.50,594984
30-Jun-14,282.30,282.82,271.50,278.30,460765
27-Jun-14,271.60,291.10,268.70,282.30,828045
26-Jun-14,252.60,269.00,249.40,263.25,873471
25-Jun-14,254.80,255.20,248.10,252.24,175653
24-Jun-14,254.30,256.35,251.80,252.50,294908
23-Jun-14,246.60,257.93,246.60,255.00,323397
20-Jun-14,249.00,258.00,245.10,246.00,554698
19-Jun-14,248.80,253.30,245.40,248.20,476689
18-Jun-14,257.20,257.30,247.30,249.80,282704
17-Jun-14,250.30,260.52,250.30,255.00,374348
16-Jun-14,258.20,259.70,250.00,251.40,267239
13-Jun-14,262.60,263.00,255.60,257.20,579730
12-Jun-14,264.80,268.00,262.20,267.00,241301
11-Jun-14,265.70,265.92,261.10,263.70,89716
10-Jun-14,265.80,268.94,263.20,266.60,123291
9-Jun-14,271.50,274.14,266.80,268.00,166826
6-Jun-14,258.30,270.60,258.30,268.50,350104
5-Jun-14,266.40,267.95,257.80,259.10,288168
4-Jun-14,267.70,268.50,265.10,266.80,218577
3-Jun-14,272.00,272.00,265.78,266.00,206839
2-Jun-14,272.60,275.30,268.20,271.40,128838
30-May-14,266.70,274.44,266.70,268.30,367182
29-May-14,276.80,278.87,264.50,266.80,224719
28-May-14,280.10,280.38,277.80,278.20,176198
27-May-14,266.70,281.00,266.70,278.10,239237
23-May-14,280.60,281.00,276.50,277.90,137447
22-May-14,273.30,280.00,273.30,280.00,582621
21-May-14,269.70,276.50,269.70,274.80,285745
20-May-14,267.00,274.70,267.00,270.70,286352
19-May-14,263.00,271.70,263.00,267.00,253402
16-May-14,265.70,269.48,262.60,264.00,264350
15-May-14,278.60,278.80,263.40,267.00,242778
14-May-14,284.00,286.78,275.49,276.50,190640
13-May-14,284.60,287.00,282.40,285.00,258893
12-May-14,287.00,296.60,284.09,284.80,184559
9-May-14,294.10,294.10,287.00,287.00,146828
8-May-14,298.80,298.80,288.90,292.00,238688
7-May-14,302.00,302.00,293.90,293.90,208092
6-May-14,305.10,310.22,298.90,301.50,184495
2-May-14,297.70,309.80,297.70,305.00,335146
1-May-14,285.90,294.60,285.90,291.40,139937
30-Apr-14,290.00,296.10,286.01,286.60,360846
29-Apr-14,283.00,289.30,282.70,285.00,280014
28-Apr-14,275.50,280.25,274.65,278.50,321876
25-Apr-14,279.80,280.10,273.60,276.00,239392
24-Apr-14,293.00,293.00,275.90,278.80,417079
23-Apr-14,304.60,304.60,287.00,287.00,246806
22-Apr-14,299.10,301.40,289.30,296.20,187251
17-Apr-14,283.10,297.30,283.10,293.00,270699
16-Apr-14,283.20,291.00,280.40,285.40,209314
15-Apr-14,286.10,298.10,282.10,283.70,212950
14-Apr-14,298.00,298.20,284.00,289.22,235106
11-Apr-14,299.40,300.00,291.20,297.20,191107
10-Apr-14,301.80,310.30,299.40,305.00,143975
9-Apr-14,306.50,307.56,299.00,305.10,124751
8-Apr-14,300.30,306.10,290.60,297.80,200942
7-Apr-14,318.50,321.06,299.80,310.80,276436
4-Apr-14,323.40,324.70,315.80,319.90,134911
3-Apr-14,312.60,323.52,312.60,320.50,90010
2-Apr-14,327.60,327.60,318.60,322.00,197490
1-Apr-14,323.50,327.40,323.10,326.83,127074
31-Mar-14,322.40,327.00,320.00,321.00,133639
28-Mar-14,315.10,324.60,315.10,319.30,167622
27-Mar-14,318.10,321.30,314.48,320.00,147924
26-Mar-14,313.00,319.11,312.40,315.00,185771
25-Mar-14,311.80,313.97,309.10,310.64,116595
24-Mar-14,325.00,325.00,309.50,309.50,146553
21-Mar-14,329.10,329.10,319.16,321.00,557242
20-Mar-14,328.40,332.70,324.00,325.00,280573
19-Mar-14,322.00,332.60,321.46,329.50,182870
18-Mar-14,320.90,324.90,319.26,322.60,130921
17-Mar-14,319.00,325.70,319.00,323.80,168912
14-Mar-14,310.00,318.00,305.90,312.50,126679
13-Mar-14,318.40,318.40,310.20,314.70,95997
12-Mar-14,328.00,328.00,313.00,317.40,244376
11-Mar-14,316.10,320.00,310.50,314.00,180954
10-Mar-14,334.80,334.80,317.30,319.00,202016
7-Mar-14,342.00,342.00,328.10,328.30,146862
6-Mar-14,338.60,338.80,331.00,335.00,77740
5-Mar-14,329.30,341.10,326.20,334.60,239510
4-Mar-14,326.30,345.60,326.30,342.21,271099
3-Mar-14,336.70,338.00,320.20,320.90,328089
28-Feb-14,327.80,342.90,326.50,330.30,244242
27-Feb-14,325.00,330.50,315.10,323.90,214362
26-Feb-14,333.80,333.80,322.30,322.40,185229
25-Feb-14,341.50,341.50,329.50,330.60,241990
24-Feb-14,351.70,351.70,338.40,341.00,169650
21-Feb-14,348.30,352.60,342.80,343.20,189583
20-Feb-14,335.60,345.40,333.50,344.50,131888
19-Feb-14,333.30,342.30,328.80,339.50,107094
18-Feb-14,318.90,336.40,318.90,330.00,246486
17-Feb-14,329.40,330.90,328.70,330.70,238111
14-Feb-14,325.40,329.90,320.80,328.90,156608
13-Feb-14,320.50,329.20,319.80,327.50,182899
12-Feb-14,320.00,327.50,320.00,324.40,198752
11-Feb-14,313.00,324.70,313.00,320.10,144587
10-Feb-14,314.00,327.60,314.00,320.70,114591
7-Feb-14,325.70,327.50,323.60,327.50,77668
6-Feb-14,320.80,326.40,316.50,326.40,272123
5-Feb-14,314.00,320.30,313.90,316.70,100237
4-Feb-14,316.40,324.80,313.30,319.50,125025
3-Feb-14,330.00,330.00,320.00,321.60,102043
31-Jan-14,317.50,327.50,317.50,325.00,266187
30-Jan-14,324.30,324.30,314.60,320.10,128470
29-Jan-14,328.60,329.70,316.90,326.00,145491
28-Jan-14,320.30,330.00,317.70,325.79,152144
27-Jan-14,318.80,321.80,315.50,320.00,125118
24-Jan-14,320.50,327.00,313.70,322.00,153628
23-Jan-14,323.30,327.20,322.80,325.00,156251
22-Jan-14,325.70,329.10,322.70,325.00,123612
21-Jan-14,325.00,330.30,324.60,326.70,121457
20-Jan-14,327.40,333.40,323.40,326.40,133696
17-Jan-14,326.00,332.60,320.30,328.00,220799
16-Jan-14,337.50,339.00,327.90,333.51,121445
15-Jan-14,334.90,338.00,332.40,339.60,124546
14-Jan-14,334.50,338.40,330.00,335.68,104407
13-Jan-14,332.30,337.50,327.70,337.52,66241
10-Jan-14,327.00,331.50,327.00,330.50,171294
9-Jan-14,326.50,332.50,325.60,327.10,112598
8-Jan-14,325.80,329.30,321.20,328.39,66190
7-Jan-14,326.60,327.00,322.30,324.00,76121
6-Jan-14,326.50,330.90,318.10,325.10,260848
3-Jan-14,322.10,330.70,317.90,326.00,179309
2-Jan-14,312.80,318.80,311.00,318.70,66161
31-Dec-13,304.80,313.00,304.80,309.70,50049
30-Dec-13,304.00,316.60,303.60,305.80,127994
27-Dec-13,306.30,309.60,301.70,309.60,103739
24-Dec-13,301.60,309.20,301.60,308.00,43358
23-Dec-13,293.80,301.90,293.80,299.00,57448
20-Dec-13,297.70,303.90,295.00,295.10,316919
19-Dec-13,303.00,308.70,298.40,307.30,234989
18-Dec-13,294.60,300.00,294.60,297.90,65039
17-Dec-13,288.60,300.70,285.40,294.80,192764
16-Dec-13,282.30,287.20,276.00,287.20,81917
13-Dec-13,273.50,281.40,273.50,281.00,74235
12-Dec-13,278.70,279.50,273.00,274.80,137776
11-Dec-13,285.00,286.10,275.90,278.90,124697
10-Dec-13,287.60,288.50,282.30,285.00,70616
9-Dec-13,281.80,288.00,277.90,285.80,75478
6-Dec-13,277.50,285.00,276.50,280.80,144220
5-Dec-13,273.70,277.60,267.60,276.10,268973
4-Dec-13,271.10,273.50,268.90,273.30,207434
3-Dec-13,277.60,280.60,269.40,271.20,178101
2-Dec-13,280.10,280.60,275.00,278.90,260697
29-Nov-13,273.00,285.00,273.00,281.40,183605
28-Nov-13,290.00,294.20,273.50,277.86,762532
27-Nov-13,279.70,290.00,276.70,288.40,75616
26-Nov-13,276.00,282.60,274.60,280.00,102005
25-Nov-13,278.60,280.40,272.90,273.70,107207
22-Nov-13,271.30,275.00,269.10,273.20,51370
21-Nov-13,266.70,269.80,265.70,269.80,75427
20-Nov-13,279.40,279.40,266.70,268.10,137123
19-Nov-13,259.90,268.60,259.80,268.60,70722
18-Nov-13,264.50,269.10,259.40,260.30,106854
15-Nov-13,274.10,278.40,263.50,264.00,112738
14-Nov-13,266.30,275.70,266.30,273.60,86955
13-Nov-13,272.00,273.90,265.90,265.90,172778
12-Nov-13,272.70,272.90,268.80,271.70,83965
11-Nov-13,265.00,274.60,264.00,272.00,237273
8-Nov-13,265.10,277.90,255.00,276.73,246745
7-Nov-13,264.30,267.00,263.20,266.00,149645
6-Nov-13,265.20,270.80,264.60,267.53,245827
5-Nov-13,274.00,274.00,263.20,264.90,147961
4-Nov-13,268.80,273.80,267.30,271.50,275072
1-Nov-13,264.70,268.10,263.00,266.10,220845
31-Oct-13,264.30,266.80,257.00,265.00,233227
30-Oct-13,264.80,267.50,261.00,261.65,183978
29-Oct-13,261.40,264.20,255.20,263.90,167719
28-Oct-13,254.40,258.80,252.90,254.80,107988
25-Oct-13,252.50,255.40,250.00,254.10,64754
24-Oct-13,257.10,258.20,251.00,252.90,141038
23-Oct-13,253.30,-,-,257.10,69502
22-Oct-13,253.40,255.80,250.00,252.50,165484
21-Oct-13,256.70,260.80,250.90,255.60,87908
18-Oct-13,253.40,254.80,250.00,251.70,143065
17-Oct-13,254.60,254.70,251.60,251.80,156737
16-Oct-13,250.50,255.20,248.60,254.00,212955
15-Oct-13,250.90,253.00,249.50,252.00,96007
14-Oct-13,243.90,252.50,243.90,251.00,90669
11-Oct-13,244.60,248.80,241.40,248.00,135342
10-Oct-13,238.80,244.00,237.90,240.41,135305
9-Oct-13,230.70,236.40,230.10,235.80,118955
8-Oct-13,234.20,236.50,226.40,229.30,153966
7-Oct-13,231.20,237.10,229.80,234.80,58740
4-Oct-13,237.00,237.10,233.60,234.90,74095
3-Oct-13,238.90,238.90,236.00,237.00,103209
2-Oct-13,233.40,239.50,233.40,239.50,176957
1-Oct-13,233.00,234.90,226.40,234.50,71340
30-Sep-13,222.70,238.30,218.00,233.00,154627
27-Sep-13,230.00,232.60,225.60,226.40,131404
26-Sep-13,243.80,243.80,230.10,230.20,137715
25-Sep-13,240.30,242.60,234.00,235.90,124076
24-Sep-13,236.50,239.10,232.90,236.60,144447
20-Sep-13,239.40,241.00,235.60,237.90,358148
19-Sep-13,245.70,245.70,234.40,229.96,276546
18-Sep-13,242.00,243.00,229.00,239.30,409360
17-Sep-13,231.40,234.80,228.40,232.37,203761
16-Sep-13,234.40,241.10,233.70,236.25,144383
13-Sep-13,237.20,237.20,231.60,231.60,74276
12-Sep-13,234.20,239.40,230.00,234.60,61532
11-Sep-13,239.90,240.80,235.60,237.60,96441
10-Sep-13,236.90,239.80,235.70,235.90,102422
9-Sep-13,230.30,236.60,230.30,236.00,126762
6-Sep-13,235.10,236.60,230.90,236.20,102613
5-Sep-13,232.70,236.00,232.50,235.00,181379
4-Sep-13,228.00,233.00,225.70,231.60,96214
3-Sep-13,235.60,235.60,228.70,229.40,145510
2-Sep-13,223.40,232.30,223.40,232.00,168468
30-Aug-13,224.20,228.30,220.00,225.00,298877
29-Aug-13,221.70,226.10,220.50,224.40,146048
28-Aug-13,220.10,223.30,219.10,222.00,209451
27-Aug-13,230.00,232.50,222.90,225.12,77135
23-Aug-13,223.20,234.00,223.20,230.00,115280
22-Aug-13,223.80,234.10,223.80,226.50,145099
21-Aug-13,225.40,231.20,223.70,225.30,74005
20-Aug-13,225.80,230.60,225.50,227.30,72323
19-Aug-13,237.70,241.20,227.70,231.30,125661
16-Aug-13,227.00,236.80,227.00,236.40,363179
15-Aug-13,238.80,239.10,220.00,229.60,308141
14-Aug-13,244.50,250.60,236.30,239.30,103515
13-Aug-13,243.70,246.40,243.00,245.40,71327
12-Aug-13,247.60,247.60,242.10,244.30,147445
9-Aug-13,250.50,253.30,244.20,245.40,160590
8-Aug-13,251.50,259.80,250.50,251.10,160587
7-Aug-13,255.00,258.80,251.00,251.00,191327
6-Aug-13,250.00,257.20,250.00,255.10,202766
5-Aug-13,241.90,250.90,241.80,237.70,246824
2-Aug-13,241.30,242.20,237.20,241.30,329000
1-Aug-13,245.00,245.00,238.80,241.20,147180
31-Jul-13,245.00,245.00,240.80,245.00,121632
30-Jul-13,245.00,245.00,240.90,244.80,95135
29-Jul-13,244.20,245.50,242.80,243.50,149198
26-Jul-13,248.60,248.60,241.30,242.50,67258
25-Jul-13,249.70,251.80,245.60,247.10,81617
24-Jul-13,254.80,255.00,247.90,247.90,82267
23-Jul-13,248.00,254.20,248.00,248.20,81138
22-Jul-13,248.20,254.70,243.10,246.10,110746
19-Jul-13,248.10,252.00,246.88,249.70,113107
18-Jul-13,248.60,253.80,247.50,248.90,71824
17-Jul-13,251.50,254.55,237.10,251.20,136202
16-Jul-13,252.90,253.85,248.11,253.30,216139
15-Jul-13,240.90,252.00,239.90,252.00,146282
12-Jul-13,238.80,243.80,234.40,240.70,338372
11-Jul-13,247.00,249.34,229.89,237.50,233856
10-Jul-13,256.70,256.70,240.77,246.50,157146
9-Jul-13,251.80,255.61,249.00,249.50,219606
8-Jul-13,247.40,253.30,246.60,248.80,233398
5-Jul-13,239.00,250.91,233.50,245.60,463255
4-Jul-13,233.00,240.67,219.40,237.90,416075
3-Jul-13,220.50,222.00,217.47,222.00,102867
2-Jul-13,223.20,225.73,220.10,223.00,192278
1-Jul-13,221.00,222.70,216.80,221.90,160076
28-Jun-13,217.00,219.56,216.70,218.00,349782
27-Jun-13,218.40,218.61,214.90,215.60,101992
26-Jun-13,213.90,218.72,213.90,217.30,183675
25-Jun-13,213.90,214.63,212.00,213.00,148434
24-Jun-13,210.40,216.14,209.70,211.80,248919
21-Jun-13,217.00,221.60,211.70,214.70,308966
20-Jun-13,219.20,225.00,215.90,219.20,154344
19-Jun-13,220.40,226.00,219.90,223.60,231177
18-Jun-13,224.90,227.55,222.98,225.30,86510
17-Jun-13,226.60,230.30,224.96,225.80,54874
14-Jun-13,216.80,226.90,216.80,226.30,132209
13-Jun-13,215.90,220.00,214.30,218.10,180202
12-Jun-13,212.30,222.10,209.60,218.80,328859
11-Jun-13,218.60,219.33,215.00,215.90,46854
10-Jun-13,218.40,220.00,218.20,220.00,117138
7-Jun-13,217.80,221.10,217.80,218.90,246151
6-Jun-13,220.90,222.31,218.70,220.00,116854
5-Jun-13,229.20,229.20,219.80,220.00,232494
4-Jun-13,224.50,225.50,223.12,224.00,108786
3-Jun-13,227.40,228.00,217.60,221.90,71333
31-May-13,226.20,228.30,223.30,224.10,538244
30-May-13,224.30,229.60,224.26,227.10,112933
29-May-13,232.20,232.20,224.90,225.00,140729
28-May-13,225.60,233.90,225.60,231.70,82381
24-May-13,229.00,231.90,225.20,225.90,205602
23-May-13,232.40,235.66,222.00,228.80,352036
22-May-13,232.60,239.00,226.89,238.10,141385
21-May-13,231.90,234.28,229.40,233.90,62067
20-May-13,231.63,234.06,230.10,231.90,63508
17-May-13,225.30,232.40,219.15,232.40,95609
16-May-13,229.50,229.50,215.80,226.30,221366
15-May-13,216.80,221.40,216.80,219.00,218937
14-May-13,212.10,218.89,212.10,214.90,152243
13-May-13,213.10,214.79,211.30,212.00,80029
10-May-13,210.90,219.00,209.52,212.00,112393
9-May-13,215.00,215.90,206.42,215.90,92789
8-May-13,209.50,215.00,209.48,215.00,138411
7-May-13,211.80,214.50,209.80,210.00,113694
3-May-13,212.30,214.39,211.40,212.00,150203
2-May-13,215.80,215.80,209.51,213.40,216021
1-May-13,216.10,216.27,210.70,213.00,107374
30-Apr-13,215.70,217.10,211.40,213.90,258346
29-Apr-13,209.70,215.20,209.22,213.00,183556
26-Apr-13,209.20,210.60,204.07,206.90,107166
25-Apr-13,206.90,216.26,206.90,210.00,373717
24-Apr-13,207.50,215.70,202.46,214.40,292413
23-Apr-13,202.10,208.20,199.67,208.20,120455
22-Apr-13,196.80,204.10,196.00,202.60,98159
19-Apr-13,199.40,199.62,196.20,197.80,135879
18-Apr-13,198.80,202.12,198.39,199.00,101674
17-Apr-13,200.70,204.90,198.04,199.40,105645
16-Apr-13,206.00,206.21,197.65,199.80,218245
15-Apr-13,202.80,207.26,201.80,204.30,324627
12-Apr-13,199.30,207.15,199.30,206.00,140286
11-Apr-13,188.10,206.96,187.74,200.30,354860
10-Apr-13,191.30,193.10,186.40,190.00,180982
9-Apr-13,186.20,191.60,185.50,188.00,125062
8-Apr-13,186.20,189.90,180.70,184.60,204280
5-Apr-13,186.40,192.55,176.00,181.00,263461
4-Apr-13,190.20,197.57,185.80,188.40,158607
3-Apr-13,191.90,203.62,191.61,195.10,181891
2-Apr-13,187.40,199.47,187.40,192.40,270837
28-Mar-13,187.40,188.80,182.60,187.80,155311
27-Mar-13,189.30,190.01,180.00,185.90,183256
26-Mar-13,191.50,192.80,187.20,188.10,383683
25-Mar-13,187.80,191.80,186.50,186.80,157933
22-Mar-13,192.10,193.64,188.00,189.30,96402
21-Mar-13,186.80,193.70,185.00,191.90,175186
20-Mar-13,184.90,193.40,177.88,191.40,234143
19-Mar-13,182.20,184.10,180.26,184.00,66359
18-Mar-13,179.70,183.80,177.96,182.00,135005
15-Mar-13,179.10,183.95,177.10,181.10,441358
14-Mar-13,177.30,178.80,174.06,178.00,199145
13-Mar-13,178.00,178.00,170.02,175.00,210275
12-Mar-13,172.00,172.48,170.00,170.26,169275
11-Mar-13,171.60,174.01,168.50,173.00,69693
8-Mar-13,172.20,174.40,171.30,173.00,64013
7-Mar-13,175.00,176.00,171.90,171.90,106144
6-Mar-13,172.20,177.36,172.00,176.00,210527
5-Mar-13,176.00,176.30,169.00,174.00,502137
4-Mar-13,182.80,183.70,172.60,175.28,562868
1-Mar-13,188.80,188.80,181.00,182.80,129416
28-Feb-13,185.70,188.59,183.00,186.50,89930
27-Feb-13,188.30,189.80,183.10,185.00,85084
26-Feb-13,193.00,195.26,179.70,188.90,149442
25-Feb-13,195.20,199.50,190.80,195.80,144603
22-Feb-13,190.50,196.80,187.12,191.60,102480
21-Feb-13,190.00,192.30,185.61,190.60,46402
20-Feb-13,187.00,193.90,186.00,190.00,60054
19-Feb-13,195.00,195.01,188.20,190.40,68957
18-Feb-13,192.40,193.74,185.38,192.10,22849
15-Feb-13,184.50,192.50,184.50,190.50,78124
14-Feb-13,180.30,187.50,180.30,185.20,57232
13-Feb-13,185.00,188.90,183.90,185.20,62578
12-Feb-13,182.90,185.00,182.60,184.60,32206
11-Feb-13,181.00,184.90,181.00,181.17,36822
8-Feb-13,181.00,185.00,180.00,184.00,49498
7-Feb-13,178.70,186.46,178.70,182.20,158909
6-Feb-13,191.90,191.90,183.87,186.50,143661
5-Feb-13,188.10,193.40,185.00,186.40,63194
4-Feb-13,192.00,194.40,180.30,188.90,107550
1-Feb-13,187.90,194.39,186.01,190.80,32727
31-Jan-13,186.10,193.40,178.70,186.10,72300
30-Jan-13,195.80,195.80,186.81,191.80,37794
29-Jan-13,195.00,196.27,190.60,192.90,111932
28-Jan-13,195.00,202.60,183.71,194.20,133245
25-Jan-13,189.20,191.90,186.59,191.90,102724
24-Jan-13,178.30,193.20,178.30,189.24,183983
23-Jan-13,186.50,191.20,180.83,184.00,215316
22-Jan-13,193.50,195.31,190.83,192.30,69109
21-Jan-13,195.90,199.90,190.00,195.00,168829
18-Jan-13,184.50,200.00,180.00,195.10,226394
17-Jan-13,180.00,184.43,178.81,181.90,106066
16-Jan-13,181.90,184.32,178.85,180.00,133567
15-Jan-13,179.40,184.50,172.64,181.20,165650
14-Jan-13,172.50,179.80,172.10,174.70,134772
11-Jan-13,172.09,175.00,170.72,170.90,60215
10-Jan-13,167.10,175.00,167.00,169.50,93630
9-Jan-13,169.60,171.85,169.60,170.00,63171
8-Jan-13,174.60,174.60,168.21,171.80,161538
7-Jan-13,170.60,172.80,165.00,169.50,249295
4-Jan-13,163.80,172.42,163.74,168.00,216792
3-Jan-13,167.00,167.00,160.08,164.90,213732
2-Jan-13,170.40,174.84,166.00,166.00,104617
