31-Dec-15,1197.00,1204.00,1195.00,1197.00,342796
30-Dec-15,1201.00,1207.80,1197.00,1203.00,1076359
29-Dec-15,1187.00,1210.00,1172.00,1201.00,2194409
24-Dec-15,1185.00,1186.00,1173.00,1180.00,233298
23-Dec-15,1169.00,1183.20,1169.00,1182.00,1361449
22-Dec-15,1171.00,1171.00,1146.80,1163.00,1689629
21-Dec-15,1154.00,1177.00,1154.00,1163.00,1923682
18-Dec-15,1168.00,1169.00,1155.00,1159.00,2646559
16-Dec-15,1169.00,1176.00,1164.00,1172.00,2085310
15-Dec-15,1147.00,1167.00,1142.00,1164.00,2862041
14-Dec-15,1139.00,1153.00,1137.00,1137.00,2860219
11-Dec-15,1162.00,1166.00,1138.00,1139.00,2313351
10-Dec-15,1167.00,1167.00,1153.00,1157.00,2111301
9-Dec-15,1183.00,1186.60,1168.20,1170.00,2248011
8-Dec-15,1195.00,1204.00,1181.00,1186.00,2485701
7-Dec-15,1193.00,1205.00,1190.00,1193.00,1683453
4-Dec-15,1186.00,1188.00,1174.00,1183.00,2821231
3-Dec-15,1223.00,1232.00,1193.00,1194.00,3690074
2-Dec-15,1210.00,1223.00,1206.00,1220.00,2146444
1-Dec-15,1201.00,1208.20,1198.00,1204.00,1720844
30-Nov-15,1198.00,1208.00,1189.00,1198.00,3221794
27-Nov-15,1180.00,1200.00,1180.00,1197.00,1518779
26-Nov-15,1178.00,1185.13,1173.00,1183.00,1449865
25-Nov-15,1158.00,1179.00,1158.00,1176.00,1929091
24-Nov-15,1165.00,1167.60,1147.00,1156.00,2853208
23-Nov-15,1173.00,1183.00,1168.00,1169.00,2051408
20-Nov-15,1188.00,1191.00,1177.00,1179.00,2434954
19-Nov-15,1181.00,1191.00,1176.00,1186.00,1721066
18-Nov-15,1170.00,1177.00,1160.00,1175.00,2253602
17-Nov-15,1156.00,1173.00,1151.00,1170.00,2652075
16-Nov-15,1136.00,1150.00,1136.00,1147.00,1695060
13-Nov-15,1162.00,1162.00,1141.40,1147.00,1727268
12-Nov-15,1168.00,1178.00,1164.00,1165.00,2309777
11-Nov-15,1155.00,1171.00,1151.00,1171.00,2038680
10-Nov-15,1161.00,1162.00,1141.00,1149.00,1993840
9-Nov-15,1164.00,1171.00,1155.00,1155.00,1662132
6-Nov-15,1170.00,1171.00,1157.00,1161.00,2579305
5-Nov-15,1161.00,1176.00,1159.00,1170.00,2826004
4-Nov-15,1166.00,1174.00,1159.00,1163.00,1784993
3-Nov-15,1164.00,1168.00,1159.00,1162.00,1614492
2-Nov-15,1159.00,1164.00,1157.00,1158.00,1700582
30-Oct-15,1166.00,1169.00,1156.00,1162.00,2504353
29-Oct-15,1162.00,1165.00,1154.00,1163.00,2363369
28-Oct-15,1165.00,1167.00,1159.00,1160.00,2286431
27-Oct-15,1170.00,1178.00,1158.00,1158.00,1542065
26-Oct-15,1174.00,1174.00,1156.00,1168.00,1888789
23-Oct-15,1160.00,1181.00,1158.00,1174.00,2583020
22-Oct-15,1147.00,1160.00,1139.80,1157.00,3051882
21-Oct-15,1158.00,1163.00,1148.00,1153.00,2682875
20-Oct-15,1157.00,1165.00,1154.00,1157.00,1929397
19-Oct-15,1147.00,1158.00,1146.00,1157.00,1846526
16-Oct-15,1151.00,1153.40,1138.00,1152.00,3449544
15-Oct-15,1131.00,1148.00,1123.00,1146.00,2499693
14-Oct-15,1128.00,1131.00,1119.00,1126.00,1667361
13-Oct-15,1133.00,1135.00,1121.20,1130.00,1811555
12-Oct-15,1133.00,1134.42,1118.00,1132.00,2173338
9-Oct-15,1148.00,1148.00,1127.00,1134.00,2959750
8-Oct-15,1133.00,1144.00,1130.00,1135.99,2908951
7-Oct-15,1152.00,1156.00,1129.00,1134.00,3866950
6-Oct-15,1145.00,1153.00,1143.00,1148.00,2676214
5-Oct-15,1147.00,1148.00,1134.00,1142.00,2969384
2-Oct-15,1128.00,1139.00,1114.00,1129.00,3353985
1-Oct-15,1141.00,1151.00,1117.00,1119.00,4332753
30-Sep-15,1114.00,1135.95,1106.00,1132.00,4909784
29-Sep-15,1096.00,1108.00,1093.00,1095.00,4072033
28-Sep-15,1108.00,1115.50,1102.00,1106.00,3816921
25-Sep-15,1089.00,1112.00,1084.00,1108.00,3559555
24-Sep-15,1082.00,1099.00,1074.00,1077.00,4212829
23-Sep-15,1050.00,1077.00,1047.00,1070.00,2050541
22-Sep-15,1062.00,1070.00,1052.00,1052.00,2612375
21-Sep-15,1058.00,1081.00,1058.00,1068.00,1943103
18-Sep-15,1071.00,1074.00,1054.00,1065.00,4075233
17-Sep-15,1071.00,1081.00,1071.00,1073.00,2052624
16-Sep-15,1064.00,1079.00,1064.00,1070.00,2550142
15-Sep-15,1054.00,1064.00,1044.71,1057.00,3116486
14-Sep-15,1079.00,1079.00,1054.00,1054.00,3194110
11-Sep-15,1069.00,1069.40,1053.00,1054.00,1984040
10-Sep-15,1066.00,1080.00,1061.00,1066.00,2567667
9-Sep-15,1076.00,1081.00,1071.00,1074.00,2554944
8-Sep-15,1055.00,1069.00,1052.00,1060.00,1707458
7-Sep-15,1052.00,1055.00,1046.00,1050.00,1456609
4-Sep-15,1048.00,1056.00,1042.00,1043.00,3172542
3-Sep-15,1038.00,1061.00,1033.00,1060.00,4536605
2-Sep-15,1022.00,1038.00,1019.00,1030.00,2961588
1-Sep-15,1033.00,1042.00,1015.00,1019.00,3418355
28-Aug-15,1034.00,1047.42,1034.00,1045.00,3096721
27-Aug-15,1035.00,1041.40,1027.50,1035.00,4273218
26-Aug-15,1017.00,1034.00,1004.00,1011.00,4492946
25-Aug-15,1026.00,1035.37,1016.00,1025.00,5820306
24-Aug-15,1030.00,1039.00,988.50,1016.00,8146539
21-Aug-15,1053.00,1068.00,1052.00,1053.00,3970256
20-Aug-15,1063.00,1078.00,1063.00,1065.00,3328462
19-Aug-15,1082.00,1083.00,1068.00,1069.00,2318617
18-Aug-15,1085.00,1092.00,1081.00,1084.00,1984951
17-Aug-15,1091.00,1094.00,1079.00,1084.00,2006271
14-Aug-15,1087.00,1090.00,1080.00,1083.00,2509839
13-Aug-15,1081.00,1091.00,1080.00,1084.00,2758967
12-Aug-15,1077.00,1088.18,1063.00,1070.00,3019049
11-Aug-15,1092.00,1093.00,1083.00,1084.00,2639725
10-Aug-15,1100.00,1103.00,1085.70,1095.00,3298957
7-Aug-15,1097.00,1102.00,1087.00,1093.00,1851433
6-Aug-15,1111.00,1113.00,1099.00,1100.00,2428759
5-Aug-15,1131.00,1134.00,1117.00,1121.00,2986721
4-Aug-15,1122.00,1133.00,1117.00,1132.00,2286497
3-Aug-15,1114.00,1127.00,1113.00,1124.00,2662461
31-Jul-15,1099.00,1120.00,1099.00,1118.00,2791122
30-Jul-15,1101.00,1108.00,1093.00,1097.00,3343715
29-Jul-15,1081.00,1101.00,1077.00,1101.00,3028188
28-Jul-15,1075.00,1083.00,1071.00,1074.00,3573473
27-Jul-15,1094.00,1096.65,1069.00,1070.00,2742468
24-Jul-15,1098.00,1115.00,1096.75,1099.00,2954605
23-Jul-15,1120.00,1125.00,1096.00,1104.00,2289186
22-Jul-15,1098.00,1104.00,1090.00,1093.00,2168504
21-Jul-15,1112.00,1117.00,1104.00,1108.00,1827457
20-Jul-15,1111.00,1113.00,1102.00,1109.00,2293754
17-Jul-15,1109.00,1116.00,1106.00,1108.00,2178277
16-Jul-15,1109.00,1113.00,1100.50,1111.00,1864501
15-Jul-15,1102.00,1106.00,1097.00,1103.00,1960839
14-Jul-15,1089.00,1104.00,1087.00,1104.00,2620546
13-Jul-15,1086.00,1088.00,1078.00,1085.00,1912945
10-Jul-15,1065.00,1078.00,1056.00,1077.00,3111646
9-Jul-15,1037.00,1052.00,1033.00,1051.00,2269744
8-Jul-15,1030.00,1039.00,1026.00,1035.00,2776315
7-Jul-15,1045.00,1046.00,1023.00,1024.00,2951202
6-Jul-15,1032.00,1050.00,1026.00,1042.00,3414916
3-Jul-15,1058.00,1065.00,1050.00,1052.00,2228849
2-Jul-15,1062.00,1068.00,1058.00,1060.00,4176669
1-Jul-15,1039.00,1063.00,1039.00,1061.00,4166713
30-Jun-15,1044.00,1052.00,1035.00,1035.00,4798926
29-Jun-15,1045.00,1062.00,1037.00,1046.00,3897048
26-Jun-15,1074.00,1078.35,1065.00,1072.00,2067388
25-Jun-15,1072.00,1080.00,1070.00,1077.00,3047522
24-Jun-15,1073.00,1081.00,1071.00,1075.00,2575770
23-Jun-15,1075.00,1079.00,1069.00,1074.00,2172097
22-Jun-15,1073.00,1079.00,1065.00,1071.00,2910722
19-Jun-15,1059.00,1068.00,1050.00,1052.00,4400020
18-Jun-15,1062.00,1063.00,1049.00,1059.00,3507818
17-Jun-15,1071.00,1074.00,1057.00,1061.00,2877931
16-Jun-15,1062.00,1072.00,1055.00,1071.00,3041013
15-Jun-15,1063.00,1070.00,1060.00,1066.00,2245004
12-Jun-15,1080.00,1080.00,1065.00,1069.00,3647773
11-Jun-15,1072.00,1087.00,1072.00,1081.00,3229483
10-Jun-15,1071.00,1082.00,1067.00,1078.00,3710135
9-Jun-15,1075.00,1092.00,1071.00,1077.00,6027765
8-Jun-15,1059.00,1071.00,1055.00,1062.00,3766074
5-Jun-15,1071.00,1071.00,1053.00,1059.00,3923646
4-Jun-15,1085.00,1085.00,1069.00,1075.00,3465854
3-Jun-15,1080.00,1093.00,1077.00,1088.00,5200750
2-Jun-15,1089.00,1090.00,1073.00,1077.00,5430603
1-Jun-15,1084.00,1096.00,1081.00,1084.00,4342448
29-May-15,1105.00,1108.00,1082.00,1085.00,4795381
28-May-15,1107.00,1119.00,1100.00,1106.00,5305502
27-May-15,1090.00,1104.00,1089.00,1099.00,5405210
26-May-15,1104.00,1108.00,1090.00,1091.00,4785742
22-May-15,1110.00,1113.00,1104.00,1104.00,4262729
21-May-15,1121.00,1122.00,1106.00,1106.00,3644852
20-May-15,1123.00,1126.00,1115.00,1118.00,4122464
19-May-15,1116.00,1129.00,1115.00,1124.00,4732646
18-May-15,1101.00,1107.00,1091.75,1101.00,2361798
15-May-15,1099.00,1108.00,1094.00,1097.00,2914244
14-May-15,1075.00,1097.00,1072.00,1094.00,3181618
13-May-15,1072.00,1085.00,1065.00,1080.00,5041730
12-May-15,1083.00,1085.00,1065.00,1068.00,5072288
11-May-15,1096.00,1100.00,1084.00,1085.00,5002070
8-May-15,1084.00,1100.00,1061.00,1096.85,6844594
7-May-15,1075.00,1078.00,1059.00,1072.00,7057708
6-May-15,1079.00,1097.00,1069.00,1075.00,8559462
5-May-15,1117.00,1121.00,1081.00,1081.00,6447059
1-May-15,1085.00,1109.00,1079.00,1108.00,3604082
30-Apr-15,1074.00,1084.00,1057.25,1082.00,7247037
29-Apr-15,1098.00,1107.20,1089.00,1089.00,6099996
28-Apr-15,1109.00,1110.00,1082.00,1093.00,5233000
27-Apr-15,1118.00,1122.00,1100.00,1113.00,3928419
24-Apr-15,1126.00,1133.00,1110.00,1116.00,3950706
23-Apr-15,1125.00,1138.46,1115.00,1129.00,4296123
22-Apr-15,1138.00,1146.00,1114.00,1123.00,5052780
21-Apr-15,1136.00,1150.00,1132.00,1138.00,4976636
20-Apr-15,1129.00,1140.00,1125.00,1133.00,4655254
17-Apr-15,1142.00,1149.00,1128.50,1130.00,4259468
16-Apr-15,1152.00,1152.00,1130.00,1142.00,4149090
15-Apr-15,1166.00,1170.00,1147.00,1150.00,4366254
14-Apr-15,1174.00,1178.25,1165.00,1169.00,2644552
13-Apr-15,1177.00,1182.36,1173.00,1178.00,2127276
10-Apr-15,1174.00,1181.00,1170.00,1179.00,4775687
9-Apr-15,1163.00,1178.00,1161.00,1172.00,5002364
8-Apr-15,1161.00,1165.00,1151.25,1160.00,3082041
7-Apr-15,1162.00,1170.00,1156.00,1168.00,3142026
2-Apr-15,1152.00,1159.00,1147.00,1156.00,4189375
1-Apr-15,1157.00,1175.00,1149.00,1152.00,4703736
31-Mar-15,1181.00,1193.00,1155.00,1159.00,4657247
30-Mar-15,1173.00,1183.00,1162.75,1181.00,3685180
27-Mar-15,1167.00,1174.00,1152.00,1162.00,3939213
26-Mar-15,1170.00,1172.28,1150.00,1163.00,4355002
25-Mar-15,1188.00,1198.00,1167.00,1170.00,3490165
24-Mar-15,1169.00,1194.00,1169.00,1187.00,3367906
23-Mar-15,1176.00,1181.00,1166.00,1171.00,4213375
20-Mar-15,1176.00,1187.00,1172.00,1173.00,5518047
19-Mar-15,1170.00,1180.00,1160.00,1174.00,5801830
18-Mar-15,1150.00,1175.00,1146.00,1173.00,3976451
17-Mar-15,1147.00,1156.00,1142.00,1150.00,4744485
16-Mar-15,1129.00,1148.00,1129.00,1145.00,2125885
13-Mar-15,1127.00,1136.00,1122.00,1125.00,2878241
12-Mar-15,1124.00,1130.00,1117.00,1123.00,3991883
11-Mar-15,1117.00,1128.00,1112.00,1122.00,3186390
10-Mar-15,1129.00,1145.00,1116.00,1117.00,3152565
9-Mar-15,1132.00,1138.25,1124.00,1132.00,2631116
6-Mar-15,1134.00,1142.00,1128.00,1137.00,3884672
5-Mar-15,1130.00,1141.00,1120.21,1139.00,4370954
4-Mar-15,1106.00,1132.00,1094.00,1130.00,5221327
3-Mar-15,1131.00,1138.00,1103.00,1104.00,4366070
2-Mar-15,1118.00,1134.00,1117.00,1130.00,4666443
27-Feb-15,1127.00,1147.75,1103.00,1118.00,7027228
26-Feb-15,1150.00,1164.00,1113.00,1130.00,7721900
25-Feb-15,1184.00,1192.00,1179.00,1187.00,3178396
24-Feb-15,1187.00,1191.00,1178.00,1187.00,3379685
23-Feb-15,1187.00,1199.00,1182.00,1188.00,2903221
20-Feb-15,1175.00,1184.00,1171.00,1182.00,3320176
19-Feb-15,1171.00,1184.00,1171.00,1178.00,3187349
18-Feb-15,1160.00,1173.00,1159.88,1169.00,4496863
17-Feb-15,1156.00,1163.00,1150.00,1160.00,3066173
16-Feb-15,1160.00,1166.00,1156.00,1158.00,4078715
13-Feb-15,1176.00,1178.00,1155.00,1160.00,4089089
12-Feb-15,1187.00,1197.00,1171.00,1173.00,4854769
11-Feb-15,1175.00,1187.00,1167.00,1186.00,2605979
10-Feb-15,1155.00,1182.00,1155.00,1178.00,5241356
9-Feb-15,1163.00,1163.78,1143.35,1155.00,2507092
6-Feb-15,1161.00,1168.00,1157.00,1168.00,3256908
5-Feb-15,1173.00,1185.00,1162.00,1169.00,2799292
4-Feb-15,1165.00,1179.00,1153.00,1179.00,3864252
3-Feb-15,1156.00,1167.00,1151.00,1164.00,3180377
2-Feb-15,1161.00,1166.00,1145.00,1157.00,3125465
30-Jan-15,1164.00,1171.00,1151.00,1156.00,3449017
29-Jan-15,1138.00,1162.00,1136.92,1162.00,3539392
28-Jan-15,1153.00,1156.00,1132.26,1145.00,3652850
27-Jan-15,1158.00,1162.00,1141.00,1151.00,2385114
26-Jan-15,1152.00,1164.00,1150.00,1158.00,2481792
23-Jan-15,1136.00,1160.00,1135.00,1160.00,3603020
22-Jan-15,1131.00,1136.00,1117.00,1134.00,5125828
21-Jan-15,1116.00,1136.00,1116.00,1127.00,3875435
20-Jan-15,1121.00,1124.00,1108.00,1115.00,2817334
19-Jan-15,1101.00,1114.00,1096.00,1114.00,2795255
16-Jan-15,1095.00,1104.00,1086.00,1102.00,2767872
15-Jan-15,1107.00,1110.00,1077.00,1102.00,4967751
14-Jan-15,1092.00,1111.00,1092.00,1104.00,3459827
13-Jan-15,1100.00,1119.50,1098.00,1106.00,2064117
12-Jan-15,1092.00,1107.00,1091.00,1100.00,1432032
9-Jan-15,1092.00,1107.00,1086.00,1090.00,2270691
8-Jan-15,1086.00,1098.00,1086.00,1093.00,2461497
7-Jan-15,1074.00,1082.00,1067.00,1077.00,2357587
6-Jan-15,1081.00,1086.00,1065.78,1066.00,2515265
5-Jan-15,1087.00,1107.00,1078.00,1081.00,2633336
31-Dec-14,1099.00,1100.00,1093.00,1100.00,349644
30-Dec-14,1100.00,1105.00,1094.00,1097.00,1142827
29-Dec-14,1099.00,1112.00,1098.00,1103.00,1121116
24-Dec-14,1098.00,1103.00,1095.00,1100.00,207751
23-Dec-14,1102.00,1108.00,1093.00,1098.00,1155306
22-Dec-14,1082.00,1099.00,1079.00,1096.00,1869667
19-Dec-14,1088.00,1094.00,1072.45,1078.00,3354705
18-Dec-14,1068.00,1083.00,1060.00,1080.00,2488604
17-Dec-14,1062.00,1062.00,1051.00,1056.00,2000188
16-Dec-14,1045.00,1069.00,1037.00,1068.00,4272444
15-Dec-14,1044.00,1063.00,1037.37,1042.00,3922464
12-Dec-14,1072.00,1074.00,1052.00,1052.00,2964313
11-Dec-14,1089.00,1097.00,1076.00,1079.00,2557346
10-Dec-14,1080.00,1094.76,1080.00,1089.00,1864526
9-Dec-14,1101.00,1106.00,1077.00,1080.00,2491594
8-Dec-14,1104.00,1113.00,1099.29,1105.00,1935533
5-Dec-14,1102.00,1110.00,1102.00,1108.00,1891058
4-Dec-14,1089.00,1103.00,1088.00,1094.00,3218184
3-Dec-14,1106.00,1114.00,1087.00,1088.00,4050711
2-Dec-14,1111.00,1119.00,1108.00,1110.00,2190135
1-Dec-14,1111.00,1123.00,1106.00,1109.00,2504237
28-Nov-14,1101.00,1115.00,1101.00,1113.00,2451867
27-Nov-14,1093.00,1108.00,1079.33,1104.00,1670534
26-Nov-14,1093.00,1099.88,1090.00,1091.00,2175249
25-Nov-14,1076.00,1100.00,1062.93,1095.00,3712776
24-Nov-14,1060.00,1074.00,1054.00,1074.00,2772188
21-Nov-14,1059.00,1064.00,1054.54,1058.00,3217198
20-Nov-14,1063.00,1066.00,1055.00,1058.00,2585932
19-Nov-14,1071.00,1071.00,1061.00,1064.00,2568967
18-Nov-14,1061.00,1071.00,1059.00,1068.00,3076455
17-Nov-14,1052.00,1059.00,1046.00,1057.00,1731740
14-Nov-14,1046.00,1057.00,1004.66,1055.00,2775834
13-Nov-14,1045.00,1045.92,1037.89,1041.00,5568761
12-Nov-14,1044.00,1045.00,1030.60,1039.00,2641977
11-Nov-14,1044.00,1052.00,1042.00,1044.00,1696353
10-Nov-14,1032.00,1043.00,1031.00,1042.00,1878755
7-Nov-14,1037.00,1040.00,1028.00,1031.00,2353847
6-Nov-14,1027.00,1033.00,1019.94,1033.00,3260162
5-Nov-14,1032.00,1040.00,1028.00,1032.00,3101061
4-Nov-14,1027.00,1037.00,1023.00,1028.00,2268769
3-Nov-14,1027.00,1033.78,1016.00,1028.00,2835031
31-Oct-14,1025.00,1029.00,1018.00,1027.00,2978553
30-Oct-14,1012.00,1015.00,997.50,1015.00,2682136
29-Oct-14,1004.00,1007.00,1000.00,1002.00,2385974
28-Oct-14,999.50,1005.00,996.00,999.50,2998714
27-Oct-14,985.50,998.50,983.00,995.00,3658087
24-Oct-14,979.50,982.50,972.00,978.00,3147191
23-Oct-14,979.00,984.50,966.50,982.00,4395045
22-Oct-14,970.00,981.00,966.50,980.00,3329073
21-Oct-14,950.00,970.50,945.00,969.50,3182885
20-Oct-14,953.00,957.50,942.50,951.00,3750002
17-Oct-14,949.00,959.00,944.00,953.00,4475373
16-Oct-14,945.00,952.50,921.50,946.50,6441938
15-Oct-14,966.00,969.00,938.50,938.50,4062258
14-Oct-14,953.00,964.50,953.00,961.00,3453021
13-Oct-14,956.50,963.00,954.50,958.50,3461575
10-Oct-14,959.50,967.50,952.20,963.50,3788956
9-Oct-14,978.00,981.50,966.00,966.00,4222453
8-Oct-14,973.50,974.00,962.50,970.00,3317185
7-Oct-14,993.50,994.00,973.50,974.50,3798661
6-Oct-14,987.00,1001.00,983.50,997.74,2833680
3-Oct-14,974.50,988.00,973.50,985.50,2487210
2-Oct-14,979.50,989.00,970.00,970.00,3147713
1-Oct-14,984.50,991.00,976.50,978.50,2193694
30-Sep-14,995.50,998.00,984.50,988.00,2819782
29-Sep-14,981.50,994.50,980.50,994.50,3017613
26-Sep-14,983.50,987.00,974.75,980.00,2673217
25-Sep-14,988.50,997.12,981.50,984.50,2462535
24-Sep-14,989.00,989.50,979.50,989.50,3024596
23-Sep-14,1001.00,1001.00,985.00,989.50,2322637
22-Sep-14,1008.00,1012.00,999.50,1001.00,1964565
19-Sep-14,1006.00,1014.00,1003.00,1011.00,3839709
18-Sep-14,999.00,1006.00,997.00,1002.00,2029413
17-Sep-14,1005.00,1006.00,996.00,998.00,2087933
16-Sep-14,994.00,1002.00,992.00,1002.00,2539301
15-Sep-14,988.00,996.00,988.00,995.50,1868334
12-Sep-14,987.00,993.00,987.00,992.50,1737057
11-Sep-14,994.50,995.50,984.00,987.00,2559800
10-Sep-14,992.00,997.00,986.50,992.00,1771687
9-Sep-14,984.50,996.00,984.00,995.00,2162859
8-Sep-14,991.00,995.00,982.86,988.00,2054182
5-Sep-14,991.50,995.50,985.06,990.00,1813557
4-Sep-14,998.00,1000.00,990.00,993.50,3299170
3-Sep-14,993.50,1004.00,993.50,999.00,2246631
2-Sep-14,992.00,998.50,988.00,992.50,2647455
1-Sep-14,986.00,994.00,985.00,990.00,1922979
29-Aug-14,992.00,993.00,978.00,982.50,4062872
28-Aug-14,988.50,994.00,986.00,993.50,1696488
27-Aug-14,985.50,992.00,983.50,991.50,2558354
26-Aug-14,986.50,987.50,980.00,987.00,2254487
22-Aug-14,985.00,989.00,977.50,982.00,2513933
21-Aug-14,983.00,983.50,973.50,983.50,2730676
20-Aug-14,980.50,983.00,977.50,981.00,2426173
19-Aug-14,973.00,984.50,973.00,981.00,1935272
18-Aug-14,968.50,977.00,968.50,970.50,1849936
15-Aug-14,966.00,971.50,962.00,962.00,3509258
14-Aug-14,957.50,966.50,957.50,964.00,2453014
13-Aug-14,960.00,963.50,952.00,961.50,2136998
12-Aug-14,956.50,956.50,949.00,956.00,1882231
11-Aug-14,939.00,957.00,937.00,955.50,2333337
8-Aug-14,933.00,937.25,928.00,933.50,2396407
7-Aug-14,937.50,945.50,931.50,938.00,2547189
6-Aug-14,942.00,946.00,928.00,938.00,3278120
5-Aug-14,944.50,953.00,940.50,951.00,2910851
4-Aug-14,948.00,952.00,935.50,943.00,3607821
1-Aug-14,954.50,957.50,938.00,947.00,2322303
31-Jul-14,968.00,969.50,947.50,954.50,2764118
30-Jul-14,971.50,973.50,962.00,967.00,2122750
29-Jul-14,968.50,975.50,964.50,971.00,2046181
28-Jul-14,971.00,977.00,962.00,966.50,3011367
25-Jul-14,975.00,988.50,965.50,968.50,3264619
24-Jul-14,938.00,984.50,938.00,980.00,5881258
23-Jul-14,930.00,943.00,930.00,939.00,2176818
22-Jul-14,929.00,935.48,928.00,933.00,2984498
21-Jul-14,933.00,935.00,926.00,927.50,1299477
18-Jul-14,928.50,934.00,921.00,933.50,1974977
17-Jul-14,935.50,942.00,932.50,932.50,2440075
16-Jul-14,927.00,935.50,925.50,934.00,1743219
15-Jul-14,927.00,932.50,922.00,924.50,2913199
14-Jul-14,917.50,930.50,915.00,929.50,1969567
11-Jul-14,919.00,919.00,914.20,918.50,2246411
10-Jul-14,921.50,926.00,906.50,917.00,2806823
9-Jul-14,932.00,935.00,922.00,923.50,2450470
8-Jul-14,946.00,947.00,932.50,932.50,2441783
7-Jul-14,948.50,950.06,944.50,946.00,1698555
4-Jul-14,951.50,951.95,945.00,949.50,1235597
3-Jul-14,939.50,950.50,938.00,950.00,2014693
2-Jul-14,941.00,947.50,936.82,937.50,2207265
1-Jul-14,940.50,944.00,937.00,942.00,1805173
30-Jun-14,934.50,943.00,933.67,940.00,3095010
27-Jun-14,935.00,936.50,925.50,935.50,3187359
26-Jun-14,938.00,942.50,935.00,942.50,3198027
25-Jun-14,941.50,945.00,932.50,935.50,2976299
24-Jun-14,955.00,958.00,944.00,945.00,2430003
23-Jun-14,955.50,958.00,949.00,952.50,2173837
20-Jun-14,952.00,958.00,950.00,956.50,3604800
19-Jun-14,956.00,957.14,951.00,951.50,2075472
18-Jun-14,952.50,959.00,950.00,951.00,2770614
17-Jun-14,951.00,960.50,951.00,953.50,2262850
16-Jun-14,952.00,955.50,949.50,951.00,2875533
13-Jun-14,956.00,956.50,948.00,955.00,3553326
12-Jun-14,948.50,961.50,945.00,959.00,2285254
11-Jun-14,950.50,953.00,946.00,948.50,2386567
10-Jun-14,946.00,954.50,943.50,951.50,2455915
9-Jun-14,943.50,949.00,940.50,949.00,1750047
6-Jun-14,937.50,945.50,937.00,943.00,2690393
5-Jun-14,942.00,942.00,934.50,936.45,2668893
4-Jun-14,938.50,946.50,938.00,941.50,2272702
3-Jun-14,951.00,954.00,939.50,940.50,3177378
2-Jun-14,954.50,957.00,951.00,952.45,2959598
30-May-14,949.50,959.50,949.50,950.95,4387718
29-May-14,942.50,953.50,941.72,950.50,1927777
28-May-14,935.50,946.00,934.50,943.45,2097400
27-May-14,934.50,942.00,932.78,934.45,2991147
23-May-14,925.00,936.82,923.00,932.50,3736427
22-May-14,915.50,927.00,913.50,924.50,2718038
21-May-14,914.00,919.50,912.50,914.50,2658501
20-May-14,909.00,917.00,907.28,914.00,3013239
19-May-14,890.00,908.50,889.00,907.50,2527812
16-May-14,878.00,891.50,877.50,889.50,3584363
15-May-14,889.00,892.00,875.00,878.00,2541597
14-May-14,885.50,890.50,884.50,889.00,2199617
13-May-14,885.00,888.00,881.50,888.00,2321275
12-May-14,880.00,887.50,877.00,880.50,2173763
9-May-14,871.50,882.50,866.50,879.00,1708447
8-May-14,873.00,879.00,869.50,872.00,1374678
7-May-14,867.00,879.00,867.00,872.54,2032083
6-May-14,854.50,876.50,854.50,869.04,2090143
2-May-14,884.00,888.00,868.00,876.50,3320950
1-May-14,868.00,884.00,868.00,884.00,1044266
30-Apr-14,866.50,890.95,851.52,872.00,4616353
29-Apr-14,881.50,888.50,879.00,883.00,2597860
28-Apr-14,885.00,890.50,878.00,879.00,2720041
25-Apr-14,874.50,887.00,874.50,886.04,2953414
24-Apr-14,877.00,880.59,869.50,880.59,2808702
23-Apr-14,880.50,895.00,872.50,874.00,3734532
22-Apr-14,886.50,890.50,884.00,885.00,2588580
17-Apr-14,871.00,885.00,869.50,884.50,3113257
16-Apr-14,869.00,872.00,866.50,869.50,2297408
15-Apr-14,871.50,878.00,864.98,866.00,2266477
14-Apr-14,878.00,878.00,866.00,873.00,2751556
11-Apr-14,885.00,889.00,870.13,881.00,2718511
10-Apr-14,895.00,899.56,882.50,891.50,2140573
9-Apr-14,887.00,894.00,883.60,892.96,2900072
8-Apr-14,913.00,914.50,889.00,892.41,3030061
7-Apr-14,918.50,922.50,912.50,914.50,2138910
4-Apr-14,922.00,926.50,920.00,924.50,1671743
3-Apr-14,927.00,927.50,918.50,919.00,1818204
2-Apr-14,922.00,929.00,922.00,926.00,1906566
1-Apr-14,917.50,921.50,917.00,921.45,1704462
31-Mar-14,917.00,923.50,915.00,915.95,2898243
28-Mar-14,920.00,924.00,913.50,914.00,2425395
27-Mar-14,924.00,929.00,918.45,918.45,2856404
26-Mar-14,919.50,932.00,917.00,929.91,2703587
25-Mar-14,909.50,926.00,909.50,920.50,3268046
24-Mar-14,912.50,918.00,905.50,911.00,2264038
21-Mar-14,916.50,919.50,911.50,915.00,4986561
20-Mar-14,914.50,918.00,908.50,916.00,3026023
19-Mar-14,923.50,924.50,914.00,918.00,2442663
18-Mar-14,915.00,926.00,911.50,924.00,2003551
17-Mar-14,904.50,919.50,900.50,917.50,2990838
14-Mar-14,915.50,917.00,910.00,913.00,2817876
13-Mar-14,934.50,936.00,921.50,921.50,2889830
12-Mar-14,925.50,937.50,921.50,935.00,3175056
11-Mar-14,921.00,933.00,917.50,929.50,3258541
10-Mar-14,927.50,933.50,919.50,921.00,3009225
7-Mar-14,926.00,937.00,926.00,928.50,2773386
6-Mar-14,920.00,929.50,919.00,925.00,2737079
5-Mar-14,920.50,925.50,916.50,920.00,3008911
4-Mar-14,901.50,921.50,901.50,921.50,3410531
3-Mar-14,900.50,908.50,893.50,897.50,3443637
28-Feb-14,910.00,923.00,905.50,915.50,3865624
27-Feb-14,905.00,929.00,901.50,923.50,3241515
26-Feb-14,923.50,925.50,902.50,909.00,2500054
25-Feb-14,925.00,928.00,918.00,923.50,3444188
24-Feb-14,911.00,922.00,910.50,922.00,1808240
21-Feb-14,917.50,921.50,910.50,911.50,3110554
20-Feb-14,917.00,919.00,909.50,913.00,2937596
19-Feb-14,922.50,926.50,919.50,921.00,1769753
18-Feb-14,918.50,924.50,916.50,924.00,2202109
17-Feb-14,908.00,916.00,908.00,915.50,2365899
14-Feb-14,915.00,918.50,907.50,909.00,2091846
13-Feb-14,907.50,917.00,907.50,916.00,2874314
12-Feb-14,906.00,909.50,904.50,908.00,2216587
11-Feb-14,889.50,906.50,889.50,906.50,3295672
10-Feb-14,889.00,890.50,884.00,886.00,1679146
7-Feb-14,888.00,895.00,883.50,887.00,2986141
6-Feb-14,884.50,887.00,877.50,886.50,2755105
5-Feb-14,883.50,890.50,876.00,878.00,2591608
4-Feb-14,889.00,892.00,878.00,883.50,2004107
3-Feb-14,882.50,896.50,882.50,889.00,1978322
31-Jan-14,889.50,894.00,875.00,887.00,2473446
30-Jan-14,894.50,897.50,888.00,890.00,2131550
29-Jan-14,896.50,902.50,885.50,896.00,3119059
28-Jan-14,891.50,895.00,889.50,892.50,2468139
27-Jan-14,898.50,903.50,889.00,893.50,2756147
24-Jan-14,917.00,923.50,900.50,904.00,2895734
23-Jan-14,925.00,930.50,912.50,916.00,2302364
22-Jan-14,933.00,938.00,925.00,926.50,1979975
21-Jan-14,924.00,934.00,921.50,931.00,1988651
20-Jan-14,925.00,929.50,919.50,924.50,1538710
17-Jan-14,927.00,932.00,920.50,925.50,3502317
16-Jan-14,927.00,931.00,925.00,926.50,2236879
15-Jan-14,922.00,928.50,921.50,927.50,2398972
14-Jan-14,906.00,920.50,904.50,918.50,2674208
13-Jan-14,907.00,910.50,902.00,907.00,2017299
10-Jan-14,904.50,914.00,903.50,907.50,1715347
9-Jan-14,901.00,912.00,899.00,903.50,2727146
8-Jan-14,897.50,906.50,893.50,903.00,2190595
7-Jan-14,900.50,906.50,899.50,901.00,1916771
6-Jan-14,897.50,907.00,896.00,903.50,1462205
3-Jan-14,900.00,906.50,892.50,899.50,1522096
2-Jan-14,896.50,903.00,892.50,902.00,2013030
31-Dec-13,891.50,899.00,891.50,899.00,368893
30-Dec-13,898.00,898.50,892.50,894.00,985723
27-Dec-13,899.00,902.00,894.50,896.00,1090550
24-Dec-13,882.00,899.00,882.00,894.50,444680
23-Dec-13,874.00,889.00,872.00,884.50,1663727
20-Dec-13,868.50,873.50,861.00,873.50,4794835
19-Dec-13,864.00,870.50,861.00,865.50,2384233
18-Dec-13,867.00,871.50,857.50,861.00,1881410
17-Dec-13,859.00,868.50,858.00,865.50,1996602
16-Dec-13,855.00,863.00,853.00,859.00,1666944
13-Dec-13,857.00,866.50,853.00,857.00,2115286
12-Dec-13,863.50,864.00,853.50,854.50,2470966
11-Dec-13,863.50,874.00,862.50,864.50,1919317
10-Dec-13,865.50,872.50,861.00,863.50,1833548
9-Dec-13,863.50,871.00,863.00,869.00,1571334
6-Dec-13,866.00,875.50,856.50,863.50,2370876
5-Dec-13,857.00,868.00,854.50,864.00,2278519
4-Dec-13,872.00,878.50,858.50,859.50,2910694
3-Dec-13,883.50,885.50,871.50,871.50,3387411
2-Dec-13,881.50,887.50,881.00,885.00,1807780
29-Nov-13,880.50,888.50,878.50,884.00,1806010
28-Nov-13,888.50,892.00,884.50,885.50,942494
27-Nov-13,886.00,892.50,886.00,889.00,1375719
26-Nov-13,886.00,892.00,886.00,887.00,2206757
25-Nov-13,885.00,889.50,883.00,889.00,1179810
22-Nov-13,878.00,885.50,878.00,882.50,1698595
21-Nov-13,884.50,885.50,879.00,879.00,1614898
20-Nov-13,884.00,887.00,881.50,883.00,1536176
19-Nov-13,884.50,887.50,879.50,884.50,1143559
18-Nov-13,884.00,890.50,876.50,888.50,1594811
15-Nov-13,881.50,890.00,880.50,888.00,1662922
14-Nov-13,880.50,887.00,879.50,881.50,2179030
13-Nov-13,886.50,889.50,871.00,873.50,2562963
12-Nov-13,885.00,889.50,883.50,888.00,1666710
11-Nov-13,887.00,887.50,878.50,885.50,1314924
8-Nov-13,873.00,886.00,871.00,884.50,2105893
7-Nov-13,875.50,889.00,869.00,878.50,3225916
6-Nov-13,876.50,885.00,874.50,877.00,2810103
5-Nov-13,876.50,876.50,867.50,876.00,2017616
4-Nov-13,867.00,876.00,866.00,876.00,1639065
1-Nov-13,874.50,877.00,864.00,867.50,2131757
31-Oct-13,866.50,874.00,866.50,874.00,2870792
30-Oct-13,870.00,875.00,868.50,869.00,2167261
29-Oct-13,875.00,878.50,867.50,871.50,1728329
28-Oct-13,865.00,875.50,864.50,873.00,1412035
25-Oct-13,862.50,868.00,862.00,866.50,1494774
24-Oct-13,866.50,872.50,861.50,866.00,1746336
23-Oct-13,856.50,866.00,-,866.00,2637287
22-Oct-13,862.00,865.50,855.50,857.00,3266079
21-Oct-13,852.50,865.50,852.50,864.50,2621035
18-Oct-13,855.00,855.50,846.50,853.50,3427609
17-Oct-13,842.00,852.00,842.00,851.50,3490727
16-Oct-13,844.00,848.50,839.50,843.00,2235175
15-Oct-13,844.50,849.00,843.50,845.50,2263867
14-Oct-13,836.00,842.00,835.00,840.50,2116656
11-Oct-13,826.50,838.50,823.00,838.50,2058056
10-Oct-13,824.50,830.50,819.00,826.50,2613587
9-Oct-13,836.00,836.00,819.50,821.50,2374146
8-Oct-13,832.50,844.50,832.50,839.00,3302561
7-Oct-13,831.50,835.50,829.00,835.00,1441456
4-Oct-13,827.00,835.50,825.50,835.00,2223784
3-Oct-13,829.00,834.00,824.00,825.50,1602607
2-Oct-13,834.50,835.00,822.50,827.50,2566190
1-Oct-13,833.50,838.50,831.00,836.00,1949993
30-Sep-13,828.50,834.00,824.00,833.00,2229958
27-Sep-13,845.00,848.00,835.00,839.50,1563060
26-Sep-13,846.00,850.00,842.00,842.50,2247949
25-Sep-13,846.00,847.50,839.00,846.00,3567889
24-Sep-13,837.00,850.00,837.00,850.00,2324397
20-Sep-13,831.50,845.50,831.50,845.00,4013825
19-Sep-13,830.50,843.00,828.50,835.50,3919559
18-Sep-13,832.00,835.50,823.50,824.50,3415892
17-Sep-13,819.00,835.50,818.00,828.50,4231878
16-Sep-13,820.00,821.50,815.00,819.00,4261637
13-Sep-13,818.00,818.50,810.00,811.00,3062810
12-Sep-13,822.50,825.00,815.50,818.50,2821461
11-Sep-13,821.50,824.50,815.50,821.00,2444523
10-Sep-13,819.00,825.50,819.00,820.00,4476494
9-Sep-13,810.00,816.00,807.00,815.50,4456660
6-Sep-13,805.50,808.50,799.50,807.00,3627528
5-Sep-13,803.00,810.00,797.50,805.50,2326879
4-Sep-13,798.00,803.00,792.50,801.50,1577994
3-Sep-13,801.50,804.00,794.50,797.50,2466197
2-Sep-13,791.50,804.50,790.50,804.50,1932665
30-Aug-13,803.50,805.50,790.00,791.50,3071038
29-Aug-13,790.00,804.50,789.00,802.00,2861872
28-Aug-13,794.50,796.50,785.50,789.00,3219763
27-Aug-13,803.50,808.50,795.50,795.50,3542669
23-Aug-13,807.00,812.50,804.00,809.00,2034790
22-Aug-13,803.50,817.50,803.50,809.00,2332443
21-Aug-13,807.50,810.50,803.50,804.50,1709340
20-Aug-13,800.00,805.50,796.50,803.50,2464090
19-Aug-13,804.00,807.00,799.50,802.00,1433884
16-Aug-13,804.50,811.00,798.00,804.00,2258011
15-Aug-13,813.50,813.50,802.50,807.50,1830067
14-Aug-13,819.00,824.00,812.00,813.50,1748935
13-Aug-13,814.50,821.50,811.00,817.00,1641191
12-Aug-13,829.50,831.50,813.00,814.00,1863280
9-Aug-13,824.00,828.00,820.00,826.50,2083446
8-Aug-13,825.50,826.00,818.50,822.00,4167348
7-Aug-13,839.50,840.00,819.00,821.00,4475468
6-Aug-13,849.00,852.50,839.00,844.00,2764449
5-Aug-13,844.50,854.50,832.50,852.00,2653168
2-Aug-13,852.50,859.00,842.50,843.50,2624352
1-Aug-13,852.00,860.00,851.50,853.50,3102333
31-Jul-13,838.00,854.00,836.50,849.00,3024126
30-Jul-13,838.50,850.00,838.50,840.50,2616211
29-Jul-13,838.50,845.00,832.50,835.00,2216839
26-Jul-13,838.00,846.00,835.00,837.50,3280461
25-Jul-13,803.00,839.00,803.00,834.50,4627546
24-Jul-13,799.00,803.50,797.50,801.00,2129210
23-Jul-13,807.50,810.50,798.00,798.00,1956107
22-Jul-13,815.00,815.50,803.50,805.50,1660912
19-Jul-13,807.50,815.00,803.50,814.50,2201853
18-Jul-13,800.00,814.50,799.85,813.50,1933600
17-Jul-13,806.50,812.00,796.50,802.50,2222379
16-Jul-13,809.00,813.00,799.00,803.00,2790475
15-Jul-13,803.00,812.00,802.00,807.50,2037502
12-Jul-13,792.50,802.00,791.96,800.50,2113020
11-Jul-13,800.00,805.00,789.50,791.50,3048287
10-Jul-13,788.00,800.00,788.00,797.50,3322308
9-Jul-13,794.50,799.50,781.00,788.00,2894866
8-Jul-13,787.50,795.14,785.50,791.50,1784422
5-Jul-13,782.00,794.00,779.50,784.00,2684445
4-Jul-13,767.00,783.50,765.00,782.50,2393547
3-Jul-13,761.50,767.00,757.50,763.00,2058101
2-Jul-13,760.50,767.50,754.50,764.50,2143221
1-Jul-13,752.50,760.75,746.00,760.50,1929537
28-Jun-13,741.50,753.50,740.00,747.00,3152603
27-Jun-13,731.00,745.00,731.00,744.00,3465136
26-Jun-13,724.00,735.00,722.00,731.50,2288812
25-Jun-13,719.50,726.50,715.00,725.50,3642939
24-Jun-13,718.00,720.00,709.00,715.00,3250348
21-Jun-13,732.00,745.00,720.93,721.00,5592738
20-Jun-13,740.50,742.50,727.00,732.00,3482490
19-Jun-13,749.50,757.50,745.00,750.00,2256269
18-Jun-13,744.50,754.50,744.50,751.00,2138167
17-Jun-13,739.50,749.00,737.00,745.50,1854566
14-Jun-13,746.00,749.00,737.50,737.50,2472929
13-Jun-13,738.50,745.50,732.00,743.50,3053519
12-Jun-13,744.50,757.00,744.00,746.00,2938313
11-Jun-13,740.00,748.50,738.50,746.50,3239946
10-Jun-13,734.00,746.50,733.00,743.00,1747691
7-Jun-13,731.00,741.00,729.00,736.50,3049126
6-Jun-13,728.50,734.75,727.50,731.00,2787099
5-Jun-13,735.00,737.50,728.50,728.50,2696641
4-Jun-13,743.50,749.00,738.00,741.00,2102912
3-Jun-13,735.00,745.50,731.50,738.50,2675218
31-May-13,747.00,750.00,740.28,740.50,5080143
30-May-13,746.50,756.50,746.00,749.50,2722405
29-May-13,764.00,767.00,748.50,750.50,3060472
28-May-13,758.50,772.50,758.50,767.50,2886194
24-May-13,760.50,762.54,751.00,751.00,2631185
23-May-13,763.00,767.00,753.00,759.50,3887659
22-May-13,772.00,778.00,767.00,775.50,3872977
21-May-13,763.00,772.50,761.50,772.50,3095327
20-May-13,759.00,767.50,758.37,767.50,1435580
17-May-13,760.50,762.00,755.00,756.50,3193049
16-May-13,766.50,767.00,760.50,761.00,1727905
15-May-13,756.00,766.50,753.50,764.50,2056545
14-May-13,749.50,760.00,749.50,758.50,2376587
13-May-13,753.50,756.50,746.50,747.50,2194445
10-May-13,744.00,755.08,740.00,751.50,2517811
9-May-13,735.00,745.00,732.00,745.00,2338275
8-May-13,736.00,739.50,731.00,734.50,3127562
7-May-13,741.50,743.50,732.50,734.50,3036616
3-May-13,735.50,748.00,731.50,742.50,2995859
2-May-13,726.50,741.50,726.50,734.50,4264267
1-May-13,719.50,742.00,717.62,729.00,3093127
30-Apr-13,758.50,763.00,746.50,752.00,5865081
29-Apr-13,761.00,765.50,748.00,761.50,5793463
26-Apr-13,775.00,782.00,771.50,775.50,2324763
25-Apr-13,781.00,788.00,773.50,776.00,3250740
24-Apr-13,778.00,780.50,774.00,778.50,2766836
23-Apr-13,764.00,779.50,762.50,778.50,3936982
22-Apr-13,763.50,771.50,756.00,761.50,2530522
19-Apr-13,759.50,763.50,749.50,762.50,2519556
18-Apr-13,766.50,768.00,758.50,760.50,2176930
17-Apr-13,766.50,767.00,759.50,764.00,2702225
16-Apr-13,759.00,766.50,754.00,763.50,3083893
15-Apr-13,761.50,766.00,752.50,762.50,2757198
12-Apr-13,761.00,762.50,750.50,762.50,3373324
11-Apr-13,757.00,769.00,757.00,768.50,2968209
10-Apr-13,750.00,757.50,750.00,757.50,2854271
9-Apr-13,760.00,762.50,747.18,750.00,3374753
8-Apr-13,743.50,759.00,743.50,755.00,2944544
5-Apr-13,759.00,760.00,737.50,741.00,4686324
4-Apr-13,781.50,789.50,756.50,759.00,4992279
3-Apr-13,792.50,800.50,788.00,789.50,2962910
2-Apr-13,782.00,798.00,781.00,795.50,3969106
28-Mar-13,776.50,782.50,768.00,781.00,3822437
27-Mar-13,789.00,790.50,773.50,775.00,3436957
26-Mar-13,769.50,783.00,767.50,782.00,3669250
25-Mar-13,770.00,777.69,766.50,766.50,2465521
22-Mar-13,759.00,772.93,758.50,768.00,2596654
21-Mar-13,762.50,765.00,755.00,762.50,3753221
20-Mar-13,764.00,766.00,759.00,765.50,2128414
19-Mar-13,759.00,761.00,755.00,758.00,2453209
18-Mar-13,745.50,761.99,745.50,759.00,3345861
15-Mar-13,753.00,760.50,751.00,757.50,5901771
14-Mar-13,744.50,753.50,742.45,753.00,3247386
13-Mar-13,737.50,745.00,733.50,745.00,3090172
12-Mar-13,733.00,743.00,732.00,740.00,2229140
11-Mar-13,731.00,739.00,728.50,734.00,1758449
8-Mar-13,733.00,736.00,729.50,732.50,2229359
7-Mar-13,732.50,736.79,729.00,729.00,3284720
6-Mar-13,735.50,742.00,730.50,732.47,3218609
5-Mar-13,719.50,741.50,717.50,735.50,4519013
4-Mar-13,712.50,721.55,712.50,719.00,2902504
1-Mar-13,706.00,722.75,705.50,721.00,3947808
28-Feb-13,716.50,720.00,704.00,709.00,5283498
27-Feb-13,693.00,700.50,689.50,699.00,2722026
26-Feb-13,684.00,696.50,677.50,692.00,2024711
25-Feb-13,709.00,713.50,686.00,694.50,4071741
22-Feb-13,699.00,709.00,698.00,704.50,2092022
21-Feb-13,710.50,711.00,697.00,700.50,2918332
20-Feb-13,712.00,725.00,712.00,715.50,2878410
19-Feb-13,693.50,715.50,693.50,714.00,2558755
18-Feb-13,690.00,696.50,690.00,694.50,1265521
15-Feb-13,688.00,695.50,684.50,693.50,2583964
14-Feb-13,690.00,692.58,685.00,688.00,1579036
13-Feb-13,686.50,697.00,681.50,692.50,1912301
12-Feb-13,683.00,691.50,679.80,687.00,2908553
11-Feb-13,694.00,697.00,690.00,693.50,1084584
8-Feb-13,696.50,699.00,691.50,695.00,2193904
7-Feb-13,700.50,703.00,692.00,695.00,2808929
6-Feb-13,701.00,706.50,696.50,702.00,1989979
5-Feb-13,696.00,703.00,694.50,699.50,3310162
4-Feb-13,711.50,713.00,697.00,698.00,2579954
1-Feb-13,687.00,714.50,687.00,713.50,5126366
31-Jan-13,692.00,694.50,682.50,687.00,3361510
30-Jan-13,689.50,693.00,688.00,691.00,3339479
29-Jan-13,689.50,693.00,688.00,688.50,2755736
28-Jan-13,692.50,694.50,689.50,691.00,2387608
25-Jan-13,685.00,692.07,685.00,691.50,1892584
24-Jan-13,679.50,689.00,679.50,686.00,2698302
23-Jan-13,686.00,687.33,679.50,680.00,2723446
22-Jan-13,688.00,689.50,682.50,686.50,2100427
21-Jan-13,691.00,692.50,686.00,688.00,2757449
18-Jan-13,679.00,691.50,677.58,691.00,3992322
17-Jan-13,670.00,678.50,667.00,678.50,2089267
16-Jan-13,663.50,671.00,663.00,669.00,2627391
15-Jan-13,658.00,666.00,658.00,665.00,2530859
14-Jan-13,659.50,662.50,655.00,659.00,2125153
11-Jan-13,651.00,660.50,651.00,660.00,3339359
10-Jan-13,640.50,654.50,639.50,649.00,4993031
9-Jan-13,648.50,649.50,639.00,640.50,3804893
8-Jan-13,651.50,655.00,646.50,647.50,3003605
7-Jan-13,659.00,660.00,650.50,652.00,2143439
4-Jan-13,656.50,661.00,653.50,661.00,2065847
3-Jan-13,653.50,657.50,651.00,656.50,1637940
2-Jan-13,647.00,655.00,643.50,653.00,2410486
