31-Dec-15,1925.00,1925.00,1830.00,1880.00,15767
30-Dec-15,1903.00,1920.44,1894.30,1919.00,14415
29-Dec-15,1948.00,1948.00,1912.00,1932.00,12674
24-Dec-15,1954.00,1962.00,1906.00,1920.00,13171
23-Dec-15,1915.00,1948.00,1908.00,1927.00,12484
22-Dec-15,1905.00,1938.00,1891.00,1916.00,24634
21-Dec-15,1892.00,1929.00,1889.00,1905.00,19354
18-Dec-15,1947.00,1949.00,1890.00,1910.00,54842
16-Dec-15,1848.00,1877.00,1829.00,1877.00,32350
15-Dec-15,1844.00,1862.00,1819.00,1843.00,45465
14-Dec-15,1875.00,1875.00,1823.68,1847.00,28377
11-Dec-15,1874.00,1889.00,1837.00,1861.00,23328
10-Dec-15,1830.00,1910.00,1821.28,1900.00,29138
9-Dec-15,1887.00,1911.62,1868.00,1892.00,11546
8-Dec-15,1905.00,1908.25,1884.00,1902.00,34613
7-Dec-15,1901.00,1926.00,1891.00,1916.00,17844
4-Dec-15,1927.00,1927.00,1887.50,1917.00,19131
3-Dec-15,1900.00,1933.31,1871.00,1877.00,26056
2-Dec-15,1883.00,1928.00,1883.00,1923.00,18420
1-Dec-15,1800.00,1929.00,1800.00,1916.00,23453
30-Nov-15,1825.00,1843.00,1805.00,1833.62,19216
27-Nov-15,1830.00,1836.23,1820.00,1830.00,12935
26-Nov-15,1822.00,1847.40,1807.00,1836.00,10714
25-Nov-15,1830.00,1837.20,1806.00,1826.00,16423
24-Nov-15,1874.00,1880.00,1804.00,1820.00,28744
23-Nov-15,1852.00,1860.60,1826.50,1857.00,16719
20-Nov-15,1840.00,1869.00,1836.30,1865.00,20446
19-Nov-15,1857.00,1863.37,1805.00,1836.62,30457
18-Nov-15,1848.00,1869.71,1820.00,1840.00,29612
17-Nov-15,1855.00,1893.33,1850.00,1880.00,26763
16-Nov-15,1822.00,1858.35,1808.80,1851.00,13900
13-Nov-15,1840.00,1863.00,1807.00,1840.00,31366
12-Nov-15,1884.00,1889.76,1861.00,1886.00,31616
11-Nov-15,1854.00,1900.00,1854.00,1900.00,23641
10-Nov-15,1920.00,1920.00,1863.00,1883.50,28399
9-Nov-15,1921.00,1921.00,1864.60,1897.00,20247
6-Nov-15,1863.00,1919.00,1860.00,1899.00,18213
5-Nov-15,1920.00,1920.00,1862.00,1873.00,22810
4-Nov-15,1900.00,1920.00,1894.00,1917.00,49349
3-Nov-15,1862.00,1900.00,1862.00,1895.00,36169
2-Nov-15,1876.00,1896.00,1872.16,1886.00,28825
30-Oct-15,1863.00,1919.00,1863.00,1890.00,19214
29-Oct-15,1888.00,1900.00,1879.00,1896.00,18986
28-Oct-15,1870.00,1898.48,1863.00,1894.00,74771
27-Oct-15,1899.00,1909.00,1868.50,1883.30,24223
26-Oct-15,1949.00,1949.00,1884.00,1901.00,51853
23-Oct-15,1910.00,1938.45,1909.00,1923.00,26096
22-Oct-15,1926.00,1954.00,1919.00,1920.00,20322
21-Oct-15,1945.00,1994.00,1917.00,1963.00,20814
20-Oct-15,1956.00,1984.20,1948.00,1953.00,23389
19-Oct-15,1910.00,1997.00,1910.00,1946.00,36897
16-Oct-15,2050.00,2052.00,1936.00,1954.00,42239
15-Oct-15,1910.00,2057.00,1849.00,1909.89,239773
14-Oct-15,1990.00,1990.00,1874.00,1890.00,119183
13-Oct-15,2032.00,2045.00,1982.00,1993.00,41895
12-Oct-15,1999.00,2032.00,1997.00,2017.50,38030
9-Oct-15,1977.00,2011.00,1975.32,2001.00,50251
8-Oct-15,1953.00,1989.00,1950.00,1950.00,35366
7-Oct-15,2038.00,2074.12,1977.00,1978.00,25837
6-Oct-15,2035.00,2049.00,2016.50,2048.00,13374
5-Oct-15,2020.00,2031.00,1989.71,2022.00,9633
2-Oct-15,1990.00,2009.12,1968.00,1980.00,13144
1-Oct-15,2016.00,2045.00,1991.00,1992.00,18149
30-Sep-15,1983.00,2027.07,1973.00,2016.00,27665
29-Sep-15,2007.00,2014.60,1960.00,1979.00,26795
28-Sep-15,1995.00,2016.00,1985.00,2011.00,39259
25-Sep-15,1960.00,1989.00,1950.00,1972.00,30088
24-Sep-15,1970.00,1970.00,1931.00,1941.00,28885
23-Sep-15,1996.00,1998.00,1955.00,1955.00,17829
22-Sep-15,2055.00,2055.00,1941.00,1958.00,35737
21-Sep-15,2037.00,2053.00,1999.00,1999.00,24157
18-Sep-15,2012.00,2037.35,1996.00,2020.00,48355
17-Sep-15,2000.00,2016.00,1982.24,2010.00,43813
16-Sep-15,2030.00,2049.00,1988.00,2029.00,22303
15-Sep-15,2109.00,2115.00,2006.00,2009.00,15585
14-Sep-15,2049.00,2070.00,2022.00,2028.00,17645
11-Sep-15,2043.00,2082.00,2043.00,2064.00,18976
10-Sep-15,2082.00,2082.00,2046.66,2061.00,22428
9-Sep-15,2130.00,2131.00,2073.00,2083.00,23647
8-Sep-15,2078.00,2118.08,2078.00,2090.00,15769
7-Sep-15,2047.00,2110.32,2007.21,2090.00,16392
4-Sep-15,2092.00,2172.00,2091.00,2099.00,20239
3-Sep-15,2108.00,2133.00,2106.00,2117.00,20831
2-Sep-15,2140.00,2156.00,2090.00,2096.00,28396
1-Sep-15,2119.00,2165.00,2119.00,2146.00,37371
28-Aug-15,2156.00,2171.00,2131.74,2165.00,37816
27-Aug-15,2134.00,2154.00,2115.14,2142.00,29445
26-Aug-15,2130.00,2155.00,2088.00,2104.00,33432
25-Aug-15,1963.00,2111.00,1929.28,2104.00,40306
24-Aug-15,2135.00,2150.00,1956.61,2015.00,37935
21-Aug-15,2139.00,2193.00,2139.00,2155.00,42008
20-Aug-15,2195.00,2225.84,2174.00,2181.00,57441
19-Aug-15,2211.00,2242.00,2197.00,2205.00,38380
18-Aug-15,2250.00,2271.00,2217.00,2249.74,42147
17-Aug-15,2231.00,2250.20,2190.00,2212.00,19496
14-Aug-15,2242.00,2242.00,2197.00,2233.46,16797
13-Aug-15,2253.00,2260.00,2198.00,2231.45,39136
12-Aug-15,2201.00,2211.00,2150.00,2204.00,50642
11-Aug-15,2188.00,2201.00,2150.00,2201.00,39564
10-Aug-15,2148.00,2170.00,2114.00,2141.70,59977
7-Aug-15,2212.00,2219.00,2118.32,2215.22,48939
6-Aug-15,2214.00,2243.00,2191.00,2229.23,34424
5-Aug-15,2202.00,2231.00,2166.00,2230.00,53354
4-Aug-15,2179.00,2189.00,2109.00,2186.00,43036
3-Aug-15,2113.00,2113.00,2088.52,2100.00,71247
31-Jul-15,2113.00,2113.00,2089.00,2104.20,35096
30-Jul-15,2082.00,2110.00,2082.00,2091.00,68059
29-Jul-15,2067.00,2110.00,1977.01,2025.00,180006
28-Jul-15,2121.00,2145.50,1964.00,2118.00,64321
27-Jul-15,2148.00,2154.24,2113.00,2139.00,18173
24-Jul-15,2154.00,2157.00,2129.00,2149.00,15648
23-Jul-15,2215.00,2215.00,2125.00,2149.25,15173
22-Jul-15,2132.00,2187.00,2127.66,2135.00,11951
21-Jul-15,2156.00,2188.00,2156.00,2172.90,19609
20-Jul-15,2172.00,2207.60,2171.00,2176.00,8505
17-Jul-15,2155.00,2192.75,2155.00,2185.00,8711
16-Jul-15,2220.00,2232.00,2175.00,2198.00,18094
15-Jul-15,2251.00,2251.00,2163.00,2221.00,25722
14-Jul-15,2258.00,2258.00,2131.00,2148.00,25687
13-Jul-15,2082.00,2256.00,2082.00,2212.00,61561
10-Jul-15,2183.00,2187.38,2089.00,2089.00,52892
9-Jul-15,2197.00,2230.00,2174.00,2175.00,30757
8-Jul-15,2302.00,2302.00,2206.00,2209.00,29807
7-Jul-15,2223.00,2251.00,2199.00,2199.00,18826
6-Jul-15,2261.00,2282.00,2214.56,2249.00,13214
3-Jul-15,2275.00,2303.00,2259.00,2275.00,11031
2-Jul-15,2254.00,2310.10,2245.00,2255.00,18442
1-Jul-15,2278.00,2333.00,2278.00,2306.00,11598
30-Jun-15,2292.00,2326.00,2288.27,2291.00,39359
29-Jun-15,2350.00,2350.00,2288.00,2316.00,14265
26-Jun-15,2327.00,2350.00,2320.00,2330.00,32183
25-Jun-15,2350.00,2350.00,2325.00,2344.00,25387
24-Jun-15,2357.00,2358.00,2326.90,2342.00,21089
23-Jun-15,2323.00,2356.53,2323.00,2350.00,58817
22-Jun-15,2350.00,2369.00,2323.00,2323.00,31312
19-Jun-15,2350.00,2381.00,2323.00,2323.00,201634
18-Jun-15,2412.00,2412.00,2344.00,2355.00,21127
17-Jun-15,2362.00,2385.00,2359.00,2372.00,21776
16-Jun-15,2433.00,2433.00,2350.00,2370.00,24335
15-Jun-15,2374.00,2374.00,2326.98,2351.00,15757
12-Jun-15,2425.00,2496.00,2359.00,2416.00,20438
11-Jun-15,2416.00,2432.00,2383.00,2399.00,26346
10-Jun-15,2393.00,2406.88,2381.00,2392.00,42575
9-Jun-15,2518.00,2518.00,2383.00,2397.00,64169
8-Jun-15,2471.00,2497.44,2418.00,2421.00,27009
5-Jun-15,2453.00,2494.68,2453.00,2490.00,26433
4-Jun-15,2479.00,2505.00,2461.00,2478.00,29952
3-Jun-15,2550.00,2550.00,2483.00,2495.00,27959
2-Jun-15,2509.00,2509.00,2436.36,2475.00,30419
1-Jun-15,2400.00,2497.00,2400.00,2492.00,16204
29-May-15,2522.00,2522.00,2400.00,2400.00,48675
28-May-15,2514.00,2540.00,2434.94,2506.00,12017
27-May-15,2485.00,2544.00,2463.00,2525.00,19579
26-May-15,2545.00,2545.00,2488.32,2526.00,8028
22-May-15,2536.00,2545.00,2518.00,2540.00,10694
21-May-15,2488.00,2545.72,2484.49,2528.00,11496
20-May-15,2529.00,2544.00,2491.00,2521.00,27554
19-May-15,2499.00,2532.00,2444.00,2465.00,26644
18-May-15,2404.00,2518.00,2404.00,2483.00,19471
15-May-15,2530.00,2550.00,2213.72,2500.00,41719
14-May-15,2539.00,2552.00,2513.00,2532.00,19521
13-May-15,2600.00,2600.00,2534.00,2579.00,27634
12-May-15,2500.00,2548.00,2500.00,2533.00,29495
11-May-15,2569.00,2577.00,2528.00,2540.00,35692
8-May-15,2617.00,2671.00,2537.00,2566.06,63668
7-May-15,2518.00,2536.00,2420.42,2515.00,23997
6-May-15,2470.00,2520.00,2455.00,2469.00,21322
5-May-15,2470.00,2568.88,2470.00,2493.00,17188
1-May-15,2472.00,2520.00,2472.00,2509.00,4415
30-Apr-15,2503.00,2520.00,2476.40,2504.00,13582
29-Apr-15,2548.00,2584.00,2479.00,2479.00,20624
28-Apr-15,2579.00,2610.00,2527.00,2574.00,20237
27-Apr-15,2550.00,2563.80,2495.38,2545.00,13803
24-Apr-15,2473.00,2540.00,2473.00,2517.00,14822
23-Apr-15,2579.00,2579.00,2518.00,2532.00,7910
22-Apr-15,2444.00,2573.00,2444.00,2538.00,18823
21-Apr-15,2529.00,2536.00,2475.00,2506.00,15136
20-Apr-15,2530.00,2530.00,2447.50,2498.00,18919
17-Apr-15,2520.00,2520.00,2443.96,2485.00,14416
16-Apr-15,2530.00,2530.00,2469.32,2474.00,22828
15-Apr-15,2464.00,2528.00,2464.00,2527.00,10552
14-Apr-15,2515.00,2534.00,2490.00,2515.00,10070
13-Apr-15,2534.00,2538.76,2469.00,2493.00,7674
10-Apr-15,2533.00,2544.00,2479.50,2530.00,17772
9-Apr-15,2545.00,2546.03,2447.00,2475.00,9818
8-Apr-15,2448.00,2536.00,2448.00,2520.00,31917
7-Apr-15,2513.00,2540.00,2468.00,2513.00,19832
2-Apr-15,2438.00,2502.00,2432.13,2494.00,11019
1-Apr-15,2469.00,2512.00,2417.79,2417.79,17898
31-Mar-15,2589.00,2590.00,2408.23,2442.00,25757
30-Mar-15,2577.00,2590.00,2541.27,2574.00,21142
27-Mar-15,2547.00,2589.00,2514.58,2541.00,14391
26-Mar-15,2532.00,2569.00,2515.59,2548.00,13727
25-Mar-15,2507.00,2594.00,2507.00,2557.00,24463
24-Mar-15,2541.00,2590.00,2475.11,2569.00,51215
23-Mar-15,2533.00,2590.00,2515.00,2519.00,13041
20-Mar-15,2596.00,2600.00,2547.52,2579.00,31272
19-Mar-15,2496.00,2600.00,2480.20,2588.00,34743
18-Mar-15,2543.00,2544.00,2470.00,2473.00,20790
17-Mar-15,2528.00,2548.00,2504.50,2522.00,16538
16-Mar-15,2473.00,2537.00,2435.00,2530.00,11538
13-Mar-15,2452.00,2519.00,2452.00,2491.00,9120
12-Mar-15,2467.00,2472.00,2398.00,2462.00,14884
11-Mar-15,2385.00,2465.03,2327.56,2413.00,41586
10-Mar-15,2366.00,2387.00,2321.00,2350.00,25120
9-Mar-15,2406.00,2415.13,2355.51,2371.00,13240
6-Mar-15,2507.00,2548.00,2412.00,2412.00,27108
5-Mar-15,2590.00,2590.00,2495.13,2557.00,15617
4-Mar-15,2531.00,2559.00,2525.26,2557.00,11056
3-Mar-15,2577.00,2590.00,2553.00,2553.00,18014
2-Mar-15,2654.00,2672.90,2584.00,2600.00,16112
27-Feb-15,2579.00,2649.00,2579.00,2610.00,18814
26-Feb-15,2613.00,2654.00,2578.00,2648.00,19122
25-Feb-15,2641.00,2641.00,2570.00,2600.00,19771
24-Feb-15,2626.00,2634.72,2574.56,2619.00,18914
23-Feb-15,2612.00,2659.49,2570.42,2584.00,21576
20-Feb-15,2602.00,2635.00,2589.21,2624.00,16033
19-Feb-15,2606.00,2652.21,2588.13,2625.00,21904
18-Feb-15,2523.00,2606.00,2513.00,2606.00,51027
17-Feb-15,2561.00,2561.00,2495.00,2520.00,27904
16-Feb-15,2460.00,2549.00,2443.00,2544.00,36985
13-Feb-15,2418.00,2457.00,2399.73,2453.00,42902
12-Feb-15,2410.00,2422.00,2383.08,2411.00,21663
11-Feb-15,2376.00,2416.00,2363.00,2406.00,12025
10-Feb-15,2349.00,2397.00,2335.00,2396.00,20258
9-Feb-15,2377.00,2378.00,2328.00,2360.00,23728
6-Feb-15,2353.00,2382.05,2310.00,2377.00,22714
5-Feb-15,2399.00,2399.00,2358.00,2373.00,18280
4-Feb-15,2359.00,2387.00,2338.27,2387.00,33423
3-Feb-15,2360.00,2360.00,2334.20,2347.00,18613
2-Feb-15,2325.00,2359.00,2312.99,2351.00,53686
30-Jan-15,2330.00,2330.00,2298.00,2320.00,37769
29-Jan-15,2384.00,2406.87,2276.63,2303.00,48545
28-Jan-15,2317.00,2341.00,2292.02,2324.00,15813
27-Jan-15,2372.00,2372.00,2313.68,2317.00,17228
26-Jan-15,2351.00,2409.00,2332.00,2349.00,14877
23-Jan-15,2393.00,2420.00,2363.00,2401.95,32925
22-Jan-15,2379.00,2394.00,2346.00,2373.00,26297
21-Jan-15,2339.00,2374.00,2317.00,2370.00,15035
20-Jan-15,2333.00,2365.00,2310.00,2316.00,16132
19-Jan-15,2339.00,2350.00,2307.00,2324.00,10330
16-Jan-15,2319.00,2332.50,2278.08,2304.00,16423
15-Jan-15,2328.00,2368.00,2291.72,2333.00,24542
14-Jan-15,2339.00,2339.00,2277.14,2316.00,36071
13-Jan-15,2285.00,2348.00,2282.05,2340.00,29837
12-Jan-15,2311.00,2340.55,2285.00,2306.58,26002
9-Jan-15,2335.00,2350.00,2272.80,2328.78,36213
8-Jan-15,2301.00,2343.00,2276.85,2341.00,63769
7-Jan-15,2105.00,2326.00,2088.80,2326.00,150334
6-Jan-15,1992.00,2081.68,1930.00,2059.00,64364
5-Jan-15,1941.00,1976.96,1937.00,1962.00,8279
31-Dec-14,1989.00,2008.00,1960.00,1960.00,6931
30-Dec-14,1971.00,1987.57,1937.00,1986.00,22939
29-Dec-14,1990.00,1997.00,1967.00,1981.00,19754
24-Dec-14,1960.00,2007.00,1960.00,2007.00,1372
23-Dec-14,2006.00,2006.00,1962.38,1991.00,10523
22-Dec-14,1990.00,2005.04,1960.00,2001.00,9203
19-Dec-14,1960.00,2014.00,1937.82,2014.00,48696
18-Dec-14,1900.00,1981.00,1900.00,1967.00,12229
17-Dec-14,1891.00,1920.00,1888.00,1893.00,8343
16-Dec-14,1879.00,1916.30,1878.00,1903.00,29756
15-Dec-14,1874.00,1910.00,1834.00,1882.00,20761
12-Dec-14,1867.00,1913.00,1867.00,1899.00,10486
11-Dec-14,1897.00,1916.00,1883.44,1896.00,16641
10-Dec-14,1934.00,1940.00,1873.64,1911.00,9507
9-Dec-14,1944.00,1952.00,1870.00,1915.00,10644
8-Dec-14,1900.00,1969.40,1900.00,1941.00,7656
5-Dec-14,1942.00,1942.00,1901.00,1928.00,15315
4-Dec-14,1932.00,1932.00,1890.00,1914.00,18824
3-Dec-14,1924.00,1950.10,1896.00,1906.00,17511
2-Dec-14,1920.00,1961.00,1900.00,1961.00,15039
1-Dec-14,1944.00,1959.40,1874.01,1900.00,12233
28-Nov-14,1900.00,1945.00,1900.00,1940.00,10357
27-Nov-14,1917.00,1976.00,1917.00,1942.00,8315
26-Nov-14,1946.00,1985.00,1925.00,1933.00,14793
25-Nov-14,1947.00,1954.00,1934.00,1947.00,24638
24-Nov-14,1934.00,1949.00,1906.12,1931.00,8073
21-Nov-14,1894.00,1950.00,1880.00,1916.00,21048
20-Nov-14,1934.00,1934.00,1890.00,1920.00,14542
19-Nov-14,1876.00,1922.00,1850.67,1899.00,26491
18-Nov-14,1919.00,1929.70,1880.00,1902.87,23919
17-Nov-14,1851.00,1902.00,1825.82,1900.00,18218
14-Nov-14,1928.00,1940.00,1862.40,1901.25,19116
13-Nov-14,1950.00,1950.00,1908.85,1926.00,19997
12-Nov-14,1936.00,1980.00,1924.26,1949.00,33865
11-Nov-14,1920.00,1978.00,1900.00,1935.00,83660
10-Nov-14,1775.00,1778.00,1743.00,1768.00,19163
7-Nov-14,1746.00,1776.00,1727.00,1760.95,15246
6-Nov-14,1800.00,1800.00,1711.00,1762.00,14687
5-Nov-14,1782.00,1782.00,1744.00,1770.00,13592
4-Nov-14,1752.00,1790.00,1734.00,1760.00,20193
3-Nov-14,1756.00,1799.00,1749.00,1770.00,11124
31-Oct-14,1781.00,1800.00,1758.00,1778.00,36034
30-Oct-14,1740.00,1807.20,1728.72,1780.00,23094
29-Oct-14,1684.00,1772.00,1682.80,1752.00,21748
28-Oct-14,1648.00,1715.41,1648.00,1707.00,47272
27-Oct-14,1621.00,1677.56,1621.00,1666.00,18818
24-Oct-14,1611.00,1611.00,1583.00,1590.00,18267
23-Oct-14,1629.00,1629.00,1595.00,1604.00,17995
22-Oct-14,1615.00,1645.00,1597.25,1632.00,14252
21-Oct-14,1623.00,1636.10,1591.00,1600.00,14918
20-Oct-14,1602.00,1619.00,1587.00,1600.00,19043
17-Oct-14,1558.00,1625.80,1558.00,1596.00,26575
16-Oct-14,1520.00,1619.00,1520.00,1564.00,40349
15-Oct-14,1571.00,1609.00,1541.00,1548.00,19086
14-Oct-14,1561.00,1600.00,1530.00,1567.00,23921
13-Oct-14,1565.00,1601.00,1527.28,1567.00,32533
10-Oct-14,1554.00,1638.55,1536.20,1600.00,24420
9-Oct-14,1615.00,1644.00,1566.00,1582.00,21577
8-Oct-14,1617.00,1657.00,1603.00,1609.00,19056
7-Oct-14,1648.00,1660.00,1629.16,1638.00,20257
6-Oct-14,1703.00,1720.00,1641.00,1659.00,35658
3-Oct-14,1656.00,1762.00,1638.00,1682.00,68786
2-Oct-14,1646.00,1652.00,1582.00,1590.00,23188
1-Oct-14,1650.00,1650.00,1625.00,1625.00,29040
30-Sep-14,1641.00,1646.00,1622.00,1630.00,18479
29-Sep-14,1625.00,1654.00,1603.40,1637.00,26473
26-Sep-14,1582.00,1638.00,1582.00,1619.00,35629
25-Sep-14,1637.00,1660.00,1581.00,1592.00,15617
24-Sep-14,1651.00,1651.00,1607.52,1624.00,16332
23-Sep-14,1679.00,1679.00,1629.00,1645.00,15837
22-Sep-14,1700.00,1700.00,1652.00,1666.00,14393
19-Sep-14,1680.00,1711.00,1659.00,1670.00,48093
18-Sep-14,1680.00,1680.00,1650.00,1661.00,17122
17-Sep-14,1680.00,1680.00,1652.03,1678.00,26905
16-Sep-14,1662.00,1718.00,1656.50,1674.00,48824
15-Sep-14,1652.00,1688.00,1650.30,1671.00,16209
12-Sep-14,1644.00,1670.00,1630.80,1663.00,22568
11-Sep-14,1636.00,1672.00,1612.00,1627.00,20515
10-Sep-14,1645.00,1672.20,1622.00,1628.00,16001
9-Sep-14,1641.00,1664.00,1625.00,1625.98,14648
8-Sep-14,1662.00,1662.84,1618.00,1645.00,19875
5-Sep-14,1675.00,1682.15,1663.00,1667.00,21369
4-Sep-14,1666.00,1679.00,1658.00,1666.00,7226
3-Sep-14,1670.00,1680.00,1663.00,1665.00,13964
2-Sep-14,1661.00,1674.00,1652.00,1669.00,14712
1-Sep-14,1652.00,1669.00,1630.00,1659.00,20855
29-Aug-14,1689.00,1689.00,1652.00,1661.00,26060
28-Aug-14,1672.00,1688.54,1656.00,1674.00,23760
27-Aug-14,1679.00,1722.00,1670.00,1683.03,27065
26-Aug-14,1678.00,1688.60,1632.72,1675.00,40876
22-Aug-14,1680.00,1684.37,1674.00,1680.00,34547
21-Aug-14,1680.00,1683.01,1672.00,1680.00,33538
20-Aug-14,1679.00,1684.00,1646.00,1680.00,34295
19-Aug-14,1661.00,1687.40,1661.00,1671.00,23217
18-Aug-14,1659.00,1698.00,1659.00,1677.00,22422
15-Aug-14,1685.00,1703.00,1644.16,1680.00,36584
14-Aug-14,1682.00,1730.00,1585.00,1688.00,44937
13-Aug-14,1699.00,1705.00,1667.00,1685.22,29805
12-Aug-14,1674.00,1694.00,1662.00,1684.00,28795
11-Aug-14,1676.00,1702.00,1657.00,1669.00,26783
8-Aug-14,1652.00,1698.00,1638.00,1680.00,36431
7-Aug-14,1700.00,1704.00,1670.00,1687.40,18521
6-Aug-14,1734.00,1746.00,1687.00,1698.00,26358
5-Aug-14,1756.00,1778.00,1743.64,1758.00,9225
4-Aug-14,1804.00,1804.00,1698.08,1758.00,18019
1-Aug-14,1848.00,1855.00,1766.42,1783.00,19068
31-Jul-14,1849.00,1880.00,1820.00,1849.00,27412
30-Jul-14,1865.00,1867.00,1825.00,1850.00,45286
29-Jul-14,1901.00,1905.00,1840.00,1859.00,25198
28-Jul-14,1911.00,1911.00,1839.84,1889.00,29426
25-Jul-14,1881.00,1910.00,1834.78,1899.00,49644
24-Jul-14,1830.00,1853.00,1723.25,1848.00,75955
23-Jul-14,1600.00,1838.00,1477.48,1801.00,146466
22-Jul-14,1487.00,1496.00,1470.00,1470.00,37172
21-Jul-14,1539.00,1539.00,1472.56,1491.00,32460
18-Jul-14,1569.00,1569.00,1504.00,1510.00,27305
17-Jul-14,1560.00,1633.60,1522.90,1575.00,23952
16-Jul-14,1555.00,1603.00,1550.00,1554.00,27505
15-Jul-14,1598.00,1622.30,1552.52,1559.00,15211
14-Jul-14,1605.00,1652.77,1595.00,1603.00,7782
11-Jul-14,1571.00,1613.29,1559.00,1591.00,17577
10-Jul-14,1625.00,1625.00,1565.00,1574.00,20337
9-Jul-14,1622.00,1646.66,1603.00,1610.00,10413
8-Jul-14,1614.00,1663.63,1594.70,1627.00,34067
7-Jul-14,1630.00,1644.30,1614.00,1621.00,12368
4-Jul-14,1661.00,1683.16,1620.00,1639.00,15299
3-Jul-14,1666.00,1666.00,1615.00,1628.00,48102
2-Jul-14,1642.00,1666.00,1634.00,1642.00,28924
1-Jul-14,1642.00,1700.00,1636.00,1643.00,25963
30-Jun-14,1636.00,1666.00,1636.00,1657.00,19548
27-Jun-14,1621.00,1657.80,1621.00,1634.00,19269
26-Jun-14,1616.00,1657.00,1616.00,1631.00,19015
25-Jun-14,1645.00,1645.00,1597.00,1620.00,38110
24-Jun-14,1636.00,1650.00,1596.00,1620.00,45629
23-Jun-14,1624.00,1650.00,1609.40,1631.00,44984
20-Jun-14,1718.00,1726.00,1595.00,1595.00,146439
19-Jun-14,1643.00,1762.00,1643.00,1716.03,129636
18-Jun-14,1676.00,1676.00,1630.00,1634.00,28173
17-Jun-14,1657.00,1675.00,1630.00,1647.00,78401
16-Jun-14,1695.00,1707.40,1652.00,1670.00,30730
13-Jun-14,1702.00,1729.96,1677.00,1691.00,23989
12-Jun-14,1710.00,1721.68,1691.20,1702.00,28717
11-Jun-14,1686.00,1727.52,1672.00,1690.00,12446
10-Jun-14,1710.00,1711.28,1688.00,1690.00,24038
9-Jun-14,1702.00,1714.00,1683.00,1690.00,10748
6-Jun-14,1690.00,1704.00,1683.00,1702.00,11323
5-Jun-14,1687.00,1700.00,1663.00,1690.00,41244
4-Jun-14,1685.00,1716.90,1685.00,1695.00,38874
3-Jun-14,1685.00,1704.00,1685.00,1697.00,12909
2-Jun-14,1675.00,1706.75,1675.00,1691.00,22002
30-May-14,1661.00,1720.70,1661.00,1698.00,23481
29-May-14,1700.00,1700.00,1639.50,1679.00,25778
28-May-14,1651.00,1724.50,1651.00,1680.00,22641
27-May-14,1671.00,1709.70,1649.27,1685.00,35352
23-May-14,1653.00,1678.52,1636.24,1650.00,15496
22-May-14,1601.00,1654.04,1601.00,1649.00,19250
21-May-14,1616.00,1668.00,1614.00,1641.00,19449
20-May-14,1607.00,1644.75,1607.00,1630.00,49660
19-May-14,1655.00,1675.60,1638.00,1640.00,57237
16-May-14,1646.00,1691.50,1645.98,1670.00,123942
15-May-14,1700.00,1747.00,1642.00,1656.00,50541
14-May-14,1791.00,1791.00,1699.50,1701.00,41644
13-May-14,1858.00,1894.00,1830.00,1839.00,9478
12-May-14,1830.00,1875.36,1830.00,1855.00,6732
9-May-14,1900.00,1900.00,1849.00,1854.00,8569
8-May-14,1890.00,1890.00,1865.00,1880.00,8471
7-May-14,1893.00,1893.00,1832.99,1880.00,23511
6-May-14,1836.00,1882.00,1781.20,1880.00,9670
2-May-14,1841.00,1841.00,1799.00,1815.00,8650
1-May-14,1841.00,1842.00,1770.00,1802.00,6992
30-Apr-14,1846.00,1872.00,1816.07,1817.00,19178
29-Apr-14,1887.00,1887.00,1844.96,1852.00,11481
28-Apr-14,1853.00,1914.00,1852.00,1888.00,10295
25-Apr-14,1896.00,1916.00,1846.63,1893.00,12140
24-Apr-14,1923.00,1944.21,1900.00,1919.00,16391
23-Apr-14,1860.00,1936.00,1858.36,1934.00,6338
22-Apr-14,1935.00,1948.00,1923.00,1930.00,8650
17-Apr-14,1944.00,1954.00,1921.00,1930.00,9546
16-Apr-14,1917.00,1958.00,1882.00,1945.00,20889
15-Apr-14,1871.00,1893.00,1855.00,1872.00,12064
14-Apr-14,1950.00,1950.00,1844.00,1877.00,25779
11-Apr-14,1963.00,1963.00,1926.00,1940.00,17096
10-Apr-14,1920.00,2009.26,1909.00,1965.00,26688
9-Apr-14,1913.00,1920.00,1892.72,1907.00,8397
8-Apr-14,1887.00,1911.00,1851.76,1892.00,13184
7-Apr-14,1901.00,1976.30,1884.00,1887.00,17920
4-Apr-14,1991.00,1991.00,1933.96,1940.00,10971
3-Apr-14,1940.00,1953.00,1935.00,1941.00,11278
2-Apr-14,1948.00,1987.00,1907.77,1955.00,17766
1-Apr-14,1950.00,1960.00,1940.00,1947.97,32708
31-Mar-14,1919.00,1957.00,1919.00,1950.00,14332
28-Mar-14,1925.00,1995.17,1914.00,1929.00,8549
27-Mar-14,1958.00,1994.00,1947.00,1966.00,20832
26-Mar-14,1933.00,1985.00,1913.00,1960.00,25427
25-Mar-14,1918.00,1931.00,1890.68,1901.00,9318
24-Mar-14,1950.00,1968.00,1884.39,1889.00,13919
21-Mar-14,1967.00,1990.00,1945.00,1963.00,26715
20-Mar-14,1984.00,1985.00,1945.12,1967.00,14589
19-Mar-14,2012.00,2012.00,1970.00,1985.00,19678
18-Mar-14,1986.00,2000.00,1968.00,1971.00,22319
17-Mar-14,2037.00,2041.00,1979.00,1995.00,13895
14-Mar-14,2000.00,2011.00,1964.00,1998.00,10812
13-Mar-14,2099.00,2099.00,2002.00,2002.00,16810
12-Mar-14,2129.00,2129.00,2047.00,2050.00,28751
11-Mar-14,2130.00,2169.00,2033.00,2087.00,24793
10-Mar-14,2042.00,2167.00,2020.00,2130.00,37519
7-Mar-14,2100.00,2126.00,2056.00,2071.00,28089
6-Mar-14,2148.00,2205.00,2114.00,2124.00,28117
5-Mar-14,2208.00,2240.00,2162.00,2165.00,22683
4-Mar-14,2120.00,2223.00,2108.00,2223.00,35414
3-Mar-14,2120.00,2147.00,2070.00,2123.00,32644
28-Feb-14,2060.00,2162.00,2055.00,2162.00,64296
27-Feb-14,1999.00,2021.00,1977.00,2021.00,14267
26-Feb-14,1998.00,2022.00,1969.00,2014.00,10282
25-Feb-14,1993.00,2009.00,1939.00,1998.00,31937
24-Feb-14,2000.00,2005.00,1969.00,1993.00,12374
21-Feb-14,1990.00,2024.00,1971.00,1994.29,16760
20-Feb-14,1930.00,1978.00,1930.00,1972.00,13387
19-Feb-14,1916.00,1961.00,1916.00,1950.00,15258
18-Feb-14,1872.00,1950.00,1863.00,1945.00,11483
17-Feb-14,1923.00,1936.00,1876.00,1902.00,18176
14-Feb-14,1897.00,1900.00,1872.00,1900.00,9297
13-Feb-14,1835.00,1889.00,1835.00,1881.00,10218
12-Feb-14,1894.00,1894.00,1828.00,1882.00,21199
11-Feb-14,1826.00,1885.00,1826.00,1876.00,4780
10-Feb-14,1832.00,1891.00,1832.00,1876.00,7621
7-Feb-14,1890.00,1890.00,1866.00,1885.00,9923
6-Feb-14,1884.00,1886.00,1842.00,1880.00,15302
5-Feb-14,1874.00,1915.00,1822.00,1845.00,18697
4-Feb-14,1849.00,1890.00,1849.00,1878.00,14477
3-Feb-14,1844.00,1902.00,1844.00,1898.00,23024
31-Jan-14,1883.00,1903.00,1867.00,1885.00,37143
30-Jan-14,1840.00,1943.00,1721.00,1889.31,79539
29-Jan-14,1880.00,1897.00,1791.00,1799.00,30662
28-Jan-14,1802.00,1864.00,1802.00,1853.00,14675
27-Jan-14,1815.00,1844.00,1785.00,1825.00,19986
24-Jan-14,1928.00,1928.00,1816.00,1819.00,27517
23-Jan-14,1905.00,1939.00,1903.00,1906.00,14368
22-Jan-14,1936.00,1937.00,1918.00,1924.00,16050
21-Jan-14,1930.00,1950.00,1925.00,1950.00,13269
20-Jan-14,1959.00,1960.00,1940.00,1950.00,10350
17-Jan-14,1926.00,1970.00,1926.00,1956.00,19059
16-Jan-14,1947.00,1999.00,1947.00,1970.00,14004
15-Jan-14,2000.00,2000.00,1960.00,1967.00,14571
14-Jan-14,1973.00,1987.00,1964.00,1979.00,10989
13-Jan-14,1982.00,2002.00,1927.00,1992.00,29508
10-Jan-14,1929.00,1979.00,1929.00,1959.00,20465
9-Jan-14,1955.00,1960.00,1918.00,1934.00,23105
8-Jan-14,2050.00,2051.00,1948.00,1948.00,26418
7-Jan-14,2102.00,2115.00,2029.00,2045.00,33027
6-Jan-14,2084.00,2124.00,2061.00,2087.00,35635
3-Jan-14,2016.00,2082.00,1988.00,2075.00,20837
2-Jan-14,1957.00,2040.00,1943.00,2009.00,30207
31-Dec-13,1978.00,1980.00,1935.00,1945.00,3783
30-Dec-13,1953.00,1989.00,1914.00,1985.00,9841
27-Dec-13,1915.00,1944.00,1900.00,1943.00,13274
24-Dec-13,1856.00,1913.00,1856.00,1902.00,3713
23-Dec-13,1871.00,1877.00,1832.00,1875.00,10776
20-Dec-13,1814.00,1888.00,1806.00,1871.00,33537
19-Dec-13,1793.00,1831.00,1788.00,1807.00,17471
18-Dec-13,1790.00,1813.00,1773.00,1813.00,11960
17-Dec-13,1841.00,1846.00,1788.00,1802.00,21097
16-Dec-13,1877.00,1877.00,1803.00,1836.00,7352
13-Dec-13,1871.00,1871.00,1847.00,1847.00,3166
12-Dec-13,1859.00,1876.00,1834.00,1866.00,22445
11-Dec-13,1890.00,1894.00,1851.00,1855.00,14641
10-Dec-13,1853.00,1898.00,1828.00,1887.00,10288
9-Dec-13,1837.00,1868.00,1833.00,1848.00,10308
6-Dec-13,1808.00,1834.00,1773.00,1825.00,10734
5-Dec-13,1780.00,1815.00,1764.00,1797.00,18435
4-Dec-13,1829.00,1829.00,1756.00,1789.00,23095
3-Dec-13,1828.00,1828.00,1795.00,1821.00,18906
2-Dec-13,1900.00,1900.00,1805.00,1805.00,20560
29-Nov-13,1821.00,1876.00,1821.00,1864.00,17595
28-Nov-13,1836.00,1873.00,1836.00,1842.00,13770
27-Nov-13,1855.00,1893.00,1848.00,1864.00,20940
26-Nov-13,1855.00,1875.00,1833.00,1840.00,22001
25-Nov-13,1831.00,1855.00,1809.00,1817.00,14012
22-Nov-13,1796.00,1822.00,1786.00,1796.00,8986
21-Nov-13,1821.00,1842.00,1799.00,1799.00,14987
20-Nov-13,1819.00,1841.00,1814.00,1824.00,21439
19-Nov-13,1824.00,1852.00,1816.00,1842.00,11707
18-Nov-13,1851.00,1851.00,1820.00,1820.00,16819
15-Nov-13,1810.00,1861.00,1810.00,1856.50,27945
14-Nov-13,1769.00,1830.00,1754.00,1809.00,34389
13-Nov-13,1750.00,1764.00,1728.00,1754.00,24857
12-Nov-13,1700.00,1791.00,1700.00,1755.00,27222
11-Nov-13,1730.00,1750.00,1699.00,1699.00,27009
8-Nov-13,1720.00,1743.00,1705.00,1732.00,19855
7-Nov-13,1668.00,1737.00,1668.00,1728.00,24481
6-Nov-13,1666.00,1712.00,1661.00,1678.00,26069
5-Nov-13,1657.00,1681.00,1624.00,1666.00,14849
4-Nov-13,1647.00,1678.00,1637.00,1661.00,23644
1-Nov-13,1618.00,1648.00,1613.00,1632.27,14060
31-Oct-13,1661.00,1661.00,1615.00,1622.00,47052
30-Oct-13,1624.00,1662.00,1624.00,1648.00,24488
29-Oct-13,1621.00,1641.00,1620.00,1625.00,45041
28-Oct-13,1620.00,1646.00,1618.00,1635.00,17619
25-Oct-13,1629.00,1643.00,1611.00,1617.95,54397
24-Oct-13,1626.00,1647.00,1619.00,1636.00,21779
23-Oct-13,1633.00,1639.00,1606.00,1624.00,49322
22-Oct-13,1625.00,1668.00,1598.00,1639.00,39431
21-Oct-13,1676.00,1676.00,1613.00,1625.00,26631
18-Oct-13,1614.00,1655.00,1575.00,1632.00,47859
17-Oct-13,1682.00,1720.00,1516.00,1539.00,74426
16-Oct-13,1688.00,1695.00,1658.00,1676.00,27244
15-Oct-13,1696.00,1737.00,1692.00,1692.00,21771
14-Oct-13,1720.00,1753.00,1720.00,1740.00,10397
11-Oct-13,1758.00,1758.00,1691.00,1729.00,18720
10-Oct-13,1731.00,1754.00,1726.00,1732.00,10933
9-Oct-13,1732.00,1749.00,1689.00,1701.50,18118
8-Oct-13,1734.00,1760.00,1713.00,1718.00,13931
7-Oct-13,1751.00,1775.00,1720.00,1731.00,29066
4-Oct-13,1797.00,1797.00,1760.00,1761.00,12548
3-Oct-13,1817.00,1836.00,1783.00,1784.00,12250
2-Oct-13,1823.00,1831.00,1799.00,1820.00,12020
1-Oct-13,1809.00,1818.00,1800.00,1815.00,11388
30-Sep-13,1786.00,1806.00,1771.00,1803.00,22444
27-Sep-13,1808.00,1818.00,1791.00,1808.00,13021
26-Sep-13,1809.00,1813.00,1793.00,1798.00,12431
25-Sep-13,1792.00,1817.00,1792.00,1808.00,13232
24-Sep-13,1802.00,1820.00,1785.00,1800.00,36219
20-Sep-13,1855.00,1878.00,1816.00,1816.00,44186
19-Sep-13,1900.00,1979.00,1849.00,1861.00,110945
18-Sep-13,1848.00,1951.00,1812.00,1880.00,113004
17-Sep-13,1849.00,1881.00,1845.00,1871.00,35878
16-Sep-13,1826.00,1865.00,1821.00,1854.00,12515
13-Sep-13,1844.00,1844.00,1797.00,1813.00,7652
12-Sep-13,1809.00,1830.00,1783.00,1809.43,12578
11-Sep-13,1826.00,1860.00,1813.00,1817.00,16460
10-Sep-13,1798.00,1837.00,1780.00,1830.00,17667
9-Sep-13,1765.00,1796.00,1754.00,1796.00,17667
6-Sep-13,1770.00,1775.00,1728.00,1766.00,22270
5-Sep-13,1750.00,1768.00,1745.00,1768.00,13041
4-Sep-13,1752.00,1760.00,1728.00,1753.00,22830
3-Sep-13,1759.00,1762.00,1729.00,1745.00,30043
2-Sep-13,1729.00,1743.00,1707.00,1729.00,23423
30-Aug-13,1710.00,1713.00,1687.00,1700.00,18408
29-Aug-13,1695.00,1730.00,1686.00,1695.00,22270
28-Aug-13,1693.00,1698.00,1680.00,1692.00,12822
27-Aug-13,1703.00,1709.00,1680.00,1702.00,27154
23-Aug-13,1711.00,1732.00,1711.00,1712.00,5822
22-Aug-13,1689.00,1719.00,1686.00,1698.00,15121
21-Aug-13,1692.00,1730.00,1674.00,1674.00,24190
20-Aug-13,1741.00,1762.00,1704.00,1706.00,10429
19-Aug-13,1730.00,1783.00,1723.00,1766.00,52970
16-Aug-13,1691.00,1741.00,1680.00,1730.00,32973
15-Aug-13,1724.00,1726.00,1698.00,1701.00,31897
14-Aug-13,1693.00,1731.00,1691.00,1730.00,7457
13-Aug-13,1677.00,1709.00,1673.00,1698.00,17391
12-Aug-13,1716.00,1723.00,1677.00,1680.00,21455
9-Aug-13,1630.00,1728.00,1599.00,1720.00,52258
8-Aug-13,1580.00,1638.00,1580.00,1630.00,31879
7-Aug-13,1585.00,1601.00,1574.00,1580.00,20748
6-Aug-13,1588.00,1605.00,1562.00,1576.00,33639
5-Aug-13,1576.00,1587.00,1572.00,1581.00,19642
2-Aug-13,1586.00,1606.00,1583.00,1586.00,46940
1-Aug-13,1566.00,1586.00,1554.00,1585.00,30483
31-Jul-13,1573.00,1577.00,1549.00,1570.00,26070
30-Jul-13,1549.00,1550.00,1526.00,1530.80,71698
29-Jul-13,1550.00,1567.00,1527.00,1530.00,92208
26-Jul-13,1538.00,1567.00,1531.00,1550.00,47198
25-Jul-13,1530.00,1546.00,1525.00,1534.00,42328
24-Jul-13,1520.00,1546.00,1444.00,1527.00,163105
23-Jul-13,1587.00,1589.00,1554.00,1567.00,44670
22-Jul-13,1587.00,1597.00,1586.00,1590.75,14264
19-Jul-13,1571.00,1597.55,1567.00,1590.00,29865
18-Jul-13,1551.00,1585.00,1550.52,1580.00,17392
17-Jul-13,1571.00,1580.00,1540.00,1575.00,50635
16-Jul-13,1574.00,1583.00,1544.00,1548.00,26880
15-Jul-13,1581.00,1590.75,1554.00,1563.00,14268
12-Jul-13,1562.00,1578.00,1559.00,1574.00,10064
11-Jul-13,1595.00,1595.00,1555.00,1555.00,25636
10-Jul-13,1580.00,1590.08,1548.00,1575.00,15307
9-Jul-13,1590.00,1595.00,1580.00,1590.00,34094
8-Jul-13,1556.00,1592.00,1555.00,1578.00,46520
5-Jul-13,1517.00,1544.00,1505.56,1540.00,28948
4-Jul-13,1506.00,1516.00,1494.00,1515.00,51244
3-Jul-13,1533.00,1536.00,1489.00,1500.00,33165
2-Jul-13,1574.00,1585.00,1539.00,1549.00,14357
1-Jul-13,1585.00,1613.00,1581.00,1591.00,24388
28-Jun-13,1591.00,1599.87,1546.00,1546.00,30426
27-Jun-13,1558.00,1607.90,1548.00,1598.00,16583
26-Jun-13,1541.00,1585.00,1541.00,1563.00,25786
25-Jun-13,1577.00,1605.89,1521.00,1535.00,36453
24-Jun-13,1637.00,1647.84,1578.70,1580.00,14778
21-Jun-13,1694.00,1699.00,1628.00,1636.00,43783
20-Jun-13,1667.00,1693.00,1665.00,1681.00,19683
19-Jun-13,1689.00,1712.00,1689.00,1692.00,23198
18-Jun-13,1698.00,1718.70,1698.00,1709.00,15889
17-Jun-13,1717.00,1719.00,1693.00,1708.00,11330
14-Jun-13,1699.00,1717.00,1692.00,1717.00,7934
13-Jun-13,1679.00,1707.00,1669.62,1697.00,24102
12-Jun-13,1700.00,1714.00,1692.00,1702.00,11702
11-Jun-13,1710.00,1716.00,1696.00,1700.00,13116
10-Jun-13,1747.00,1752.16,1710.70,1724.00,14471
7-Jun-13,1730.00,1732.00,1698.47,1721.00,15154
6-Jun-13,1738.00,1741.00,1711.00,1715.00,15850
5-Jun-13,1743.00,1765.00,1696.00,1723.00,35974
4-Jun-13,1771.00,1777.00,1753.00,1764.00,17571
3-Jun-13,1751.00,1767.00,1749.00,1765.00,18197
31-May-13,1764.00,1776.72,1750.00,1750.00,39785
30-May-13,1779.00,1787.36,1764.00,1766.00,9025
29-May-13,1780.00,1799.00,1778.00,1792.00,38005
28-May-13,1756.00,1792.00,1756.00,1792.00,33344
24-May-13,1745.00,1765.00,1719.89,1756.00,25669
23-May-13,1723.00,1759.00,1691.57,1732.00,25940
22-May-13,1770.00,1781.61,1756.00,1760.00,31941
21-May-13,1763.00,1767.00,1756.00,1762.00,12672
20-May-13,1781.00,1787.99,1755.15,1761.00,44830
17-May-13,1765.00,1770.00,1745.00,1766.00,18979
16-May-13,1764.00,1766.01,1742.00,1756.00,30895
15-May-13,1799.00,1799.00,1746.00,1751.00,45479
14-May-13,1795.00,1800.00,1770.00,1774.00,41343
13-May-13,1744.00,1785.00,1730.09,1785.00,87086
10-May-13,1714.00,1724.00,1700.00,1720.00,19011
9-May-13,1659.00,1714.00,1659.00,1710.00,34221
8-May-13,1693.00,1708.00,1654.43,1655.00,39980
7-May-13,1707.00,1715.00,1656.00,1686.00,106910
3-May-13,1609.00,1708.00,1571.00,1684.00,150336
2-May-13,1697.00,1701.44,1632.00,1654.00,56045
1-May-13,1654.00,1752.00,1649.76,1695.00,93176
30-Apr-13,1561.00,1646.00,1558.00,1646.00,68710
29-Apr-13,1543.00,1565.00,1530.00,1558.00,36416
26-Apr-13,1509.00,1541.00,1492.00,1541.00,31593
25-Apr-13,1519.00,1526.20,1503.00,1503.00,31274
24-Apr-13,1527.00,1543.00,1499.01,1520.00,49816
23-Apr-13,1504.73,1524.00,1489.00,1510.00,41793
22-Apr-13,1566.00,1599.00,1491.89,1494.00,54450
19-Apr-13,1600.00,1629.89,1534.00,1551.00,124698
18-Apr-13,1682.00,1682.00,1638.00,1644.00,23494
17-Apr-13,1698.00,1699.00,1640.00,1667.00,31556
16-Apr-13,1701.00,1714.00,1632.00,1681.00,71546
15-Apr-13,1742.00,1755.00,1693.00,1709.00,48708
12-Apr-13,1735.00,1747.00,1717.97,1735.00,15077
11-Apr-13,1736.00,1758.00,1728.00,1743.92,27473
10-Apr-13,1743.00,1758.67,1728.00,1732.00,37377
9-Apr-13,1738.00,1755.30,1710.00,1736.00,32022
8-Apr-13,1700.00,1736.00,1700.00,1729.00,22098
5-Apr-13,1765.00,1765.00,1698.41,1706.00,22246
4-Apr-13,1803.00,1803.73,1704.52,1729.00,24729
3-Apr-13,1831.00,1834.82,1801.25,1803.00,15179
2-Apr-13,1795.00,1860.00,1795.00,1831.00,12419
28-Mar-13,1852.00,1852.00,1826.00,1838.00,35061
27-Mar-13,1868.00,1870.00,1833.00,1834.00,13425
26-Mar-13,1840.00,1862.00,1791.68,1848.00,61213
25-Mar-13,1854.00,1860.00,1835.00,1844.00,29998
22-Mar-13,1872.00,1880.00,1828.00,1838.00,21951
21-Mar-13,1847.00,1865.04,1799.02,1849.00,42609
20-Mar-13,1887.00,1892.00,1827.11,1861.00,17194
19-Mar-13,1867.00,1892.00,1865.00,1866.00,9926
18-Mar-13,1869.00,1898.87,1863.35,1867.00,22035
15-Mar-13,1881.00,1915.44,1873.17,1900.00,71051
14-Mar-13,1896.00,1903.78,1885.00,1885.00,42509
13-Mar-13,1905.00,1917.00,1884.00,1890.00,13626
12-Mar-13,1880.00,1909.00,1880.00,1900.00,30018
11-Mar-13,1876.00,1908.58,1875.05,1888.00,23568
8-Mar-13,1893.00,1903.00,1845.49,1898.00,17109
7-Mar-13,1897.00,1914.56,1845.38,1862.00,50152
6-Mar-13,1926.00,1946.00,1892.00,1899.00,50778
5-Mar-13,1960.00,1978.20,1937.00,1937.00,46516
4-Mar-13,1933.00,1961.00,1924.00,1940.00,47206
1-Mar-13,1950.00,1968.50,1909.00,1937.00,28471
28-Feb-13,1963.00,1963.00,1927.00,1957.00,43962
27-Feb-13,1882.00,1949.00,1877.00,1949.00,178428
26-Feb-13,1864.00,1910.00,1849.00,1898.00,45155
25-Feb-13,1858.00,1915.00,1853.00,1903.00,61684
22-Feb-13,1846.00,1881.75,1830.00,1841.00,27162
21-Feb-13,1824.00,1843.00,1797.60,1843.00,50782
20-Feb-13,1841.00,1858.00,1754.40,1817.00,99327
19-Feb-13,1925.00,1925.00,1843.37,1850.00,32040
18-Feb-13,1915.00,1915.00,1866.00,1876.00,6561
15-Feb-13,1902.00,1919.00,1886.00,1900.00,47392
14-Feb-13,1943.00,1943.00,1907.00,1912.00,14784
13-Feb-13,1930.00,1930.00,1891.00,1923.00,23610
12-Feb-13,1953.00,1953.00,1907.00,1920.00,27314
11-Feb-13,1943.00,1976.00,1896.11,1935.00,11669
8-Feb-13,1935.00,1947.00,1919.42,1925.00,14906
7-Feb-13,1943.00,1965.00,1878.55,1935.00,23880
6-Feb-13,1951.00,1975.24,1936.11,1955.00,51913
5-Feb-13,1938.00,1953.00,1897.00,1928.00,22891
4-Feb-13,1913.00,1957.89,1913.00,1952.00,46668
1-Feb-13,1850.00,1940.00,1850.00,1936.00,48926
31-Jan-13,1889.00,1905.00,1823.40,1869.00,64393
30-Jan-13,1910.00,1910.00,1840.00,1860.00,87167
29-Jan-13,1956.00,1960.00,1926.00,1960.00,25283
28-Jan-13,1956.00,1983.00,1923.00,1941.00,34754
25-Jan-13,1876.00,1967.76,1875.98,1956.00,33625
24-Jan-13,1870.00,1900.00,1866.00,1894.00,16317
23-Jan-13,1860.00,1885.00,1845.00,1875.00,41739
22-Jan-13,1838.00,1861.00,1833.77,1848.00,34274
21-Jan-13,1818.00,1840.00,1803.00,1840.00,31247
18-Jan-13,1819.00,1843.35,1788.60,1840.00,42323
17-Jan-13,1808.00,1854.00,1808.00,1829.00,23025
16-Jan-13,1909.00,1916.00,1790.00,1820.00,42846
15-Jan-13,1905.00,1928.00,1887.18,1901.00,11255
14-Jan-13,1905.00,1920.90,1898.00,1900.00,20691
11-Jan-13,1898.00,1931.00,1892.00,1917.00,26845
10-Jan-13,1890.00,1914.00,1890.00,1900.00,57487
9-Jan-13,1896.00,1903.00,1875.00,1900.00,33632
8-Jan-13,1933.00,1946.00,1872.45,1885.00,30250
7-Jan-13,1950.00,1975.00,1857.00,1950.00,95986
4-Jan-13,2022.00,2031.79,1965.00,2022.00,25504
3-Jan-13,2100.00,2128.50,2031.00,2031.00,23063
2-Jan-13,2093.00,2114.00,2066.00,2081.00,21996
