31-Dec-15,204.30,204.30,197.66,201.50,56547
30-Dec-15,203.90,203.90,199.10,200.70,270624
29-Dec-15,200.40,203.30,197.08,201.70,321209
24-Dec-15,199.90,201.60,199.24,201.60,42001
23-Dec-15,199.40,201.70,197.20,199.90,217630
22-Dec-15,196.70,199.20,196.00,197.90,348765
21-Dec-15,199.00,200.90,197.50,197.50,389854
18-Dec-15,200.80,204.00,197.99,198.00,5917254
16-Dec-15,201.50,203.32,200.70,201.70,343249
15-Dec-15,201.00,202.70,201.00,202.70,1244038
14-Dec-15,198.20,202.20,198.20,201.21,497602
11-Dec-15,202.00,203.60,200.00,200.00,630770
10-Dec-15,200.70,201.60,200.07,200.58,185747
9-Dec-15,201.00,201.40,198.30,200.50,400266
8-Dec-15,203.90,203.90,198.90,199.00,453061
7-Dec-15,202.00,203.00,198.00,201.10,379712
4-Dec-15,200.00,202.50,200.00,200.70,912770
3-Dec-15,199.30,203.90,199.30,200.65,3492377
2-Dec-15,204.50,204.50,200.00,202.14,6410457
1-Dec-15,209.30,212.50,209.30,211.40,288722
30-Nov-15,215.00,215.00,210.20,212.78,257077
27-Nov-15,216.60,216.60,210.38,213.60,314669
26-Nov-15,214.00,214.00,210.00,212.98,217334
25-Nov-15,208.60,214.30,208.60,212.81,322864
24-Nov-15,213.00,215.00,208.30,210.50,302894
23-Nov-15,210.40,212.90,208.45,212.00,299407
20-Nov-15,211.40,212.04,207.40,209.40,253242
19-Nov-15,213.30,213.30,206.41,210.30,276107
18-Nov-15,205.80,209.40,205.80,209.40,191149
17-Nov-15,209.80,213.20,207.64,208.90,235324
16-Nov-15,202.70,209.40,202.70,208.90,173664
13-Nov-15,212.30,212.30,204.60,208.10,308403
12-Nov-15,207.40,210.60,205.50,207.00,219467
11-Nov-15,215.30,215.30,208.90,210.50,190573
10-Nov-15,214.00,214.00,207.40,210.40,289484
9-Nov-15,213.00,214.90,210.70,211.00,147251
6-Nov-15,212.80,214.48,209.30,212.40,252864
5-Nov-15,212.00,216.40,211.26,212.20,206139
4-Nov-15,209.80,214.30,208.60,212.50,556995
3-Nov-15,209.90,209.90,203.64,207.30,262671
2-Nov-15,202.50,205.80,202.50,205.30,236912
30-Oct-15,206.30,207.60,201.60,207.60,526504
29-Oct-15,198.20,204.60,198.20,203.50,152446
28-Oct-15,206.90,206.90,198.08,202.00,209808
27-Oct-15,203.20,204.50,200.60,202.30,262287
26-Oct-15,202.70,207.92,202.70,205.80,247575
23-Oct-15,206.90,209.50,203.25,205.80,334374
22-Oct-15,203.50,206.90,203.50,206.90,298135
21-Oct-15,203.80,205.00,198.12,203.70,342509
20-Oct-15,199.30,202.05,197.40,199.30,274686
19-Oct-15,203.10,203.32,196.30,201.00,479905
16-Oct-15,203.10,205.00,199.20,200.34,284935
15-Oct-15,204.80,207.70,202.47,205.40,405632
14-Oct-15,199.60,200.80,199.01,200.60,494572
13-Oct-15,197.90,202.40,197.90,200.00,293147
12-Oct-15,198.00,203.17,198.00,199.50,496331
9-Oct-15,202.40,203.70,198.90,201.17,267948
8-Oct-15,199.00,201.11,197.25,199.20,392353
7-Oct-15,203.90,203.90,200.60,202.00,189076
6-Oct-15,206.00,206.00,202.00,203.00,200950
5-Oct-15,204.70,205.90,201.72,205.20,232899
2-Oct-15,204.20,207.00,196.10,199.80,240285
1-Oct-15,208.80,208.80,202.78,205.00,282885
30-Sep-15,206.70,208.80,201.70,207.32,423441
29-Sep-15,201.00,204.00,200.50,202.65,363419
28-Sep-15,204.30,206.40,199.34,203.80,360292
25-Sep-15,201.00,201.70,196.68,200.44,228561
24-Sep-15,203.00,203.00,198.30,200.20,324459
23-Sep-15,201.00,202.93,200.80,200.90,413972
22-Sep-15,205.90,209.60,200.90,202.47,155339
21-Sep-15,210.60,210.60,205.20,206.80,105126
18-Sep-15,207.00,210.00,203.10,209.20,541286
17-Sep-15,201.10,207.80,201.10,207.00,198384
16-Sep-15,203.00,205.18,201.33,202.76,116447
15-Sep-15,206.80,207.70,202.30,203.95,79284
14-Sep-15,200.40,204.70,200.10,202.30,93450
11-Sep-15,204.20,205.30,199.90,203.10,128885
10-Sep-15,205.80,205.80,200.00,201.30,192615
9-Sep-15,206.80,206.90,203.20,205.41,171263
8-Sep-15,202.60,206.10,201.24,202.00,208921
7-Sep-15,204.30,206.10,200.60,202.90,160405
4-Sep-15,202.90,204.20,200.44,201.48,187504
3-Sep-15,203.40,203.97,200.10,201.97,133848
2-Sep-15,201.60,203.00,200.00,200.71,221698
1-Sep-15,198.20,203.00,198.20,200.30,235652
28-Aug-15,202.60,203.20,199.88,203.20,316898
27-Aug-15,202.70,202.90,200.20,200.60,218428
26-Aug-15,200.80,203.40,197.34,201.40,222179
25-Aug-15,201.90,203.40,196.34,200.50,421646
24-Aug-15,206.00,209.07,195.35,196.10,378331
21-Aug-15,209.70,210.00,205.40,206.20,192761
20-Aug-15,208.50,212.00,207.90,209.00,220776
19-Aug-15,211.90,213.66,210.60,211.10,147924
18-Aug-15,215.30,215.30,211.83,212.90,156005
17-Aug-15,211.00,216.00,211.00,211.50,122945
14-Aug-15,214.00,214.42,212.00,213.60,237982
13-Aug-15,216.40,216.40,211.10,214.00,558469
12-Aug-15,213.60,218.80,210.50,216.14,298207
11-Aug-15,214.40,216.58,213.60,215.90,348224
10-Aug-15,216.30,220.68,214.70,216.38,2656241
7-Aug-15,218.70,221.80,214.00,217.80,365717
6-Aug-15,210.60,218.70,210.60,217.50,224517
5-Aug-15,211.50,216.30,210.30,216.30,343930
4-Aug-15,207.70,216.00,207.40,215.80,325333
3-Aug-15,205.40,209.00,205.40,207.16,113961
31-Jul-15,205.00,209.50,205.00,207.00,184409
30-Jul-15,209.70,210.00,205.00,205.00,841449
29-Jul-15,208.50,210.30,206.40,209.50,371853
28-Jul-15,209.00,209.00,205.10,208.50,1348739
27-Jul-15,217.00,217.00,212.00,212.90,141191
24-Jul-15,217.20,218.18,213.00,214.10,161392
23-Jul-15,219.70,219.85,214.10,217.90,117534
22-Jul-15,220.90,220.90,216.51,217.00,178759
21-Jul-15,217.00,220.00,213.70,219.40,122079
20-Jul-15,218.40,220.47,213.40,215.60,113899
17-Jul-15,219.40,222.08,217.40,218.80,187429
16-Jul-15,219.50,219.80,216.00,218.90,66974
15-Jul-15,220.40,220.40,213.60,219.00,223866
14-Jul-15,216.00,218.00,213.27,216.10,148537
13-Jul-15,220.00,220.00,214.18,216.40,378115
10-Jul-15,220.50,220.50,214.30,215.10,133860
9-Jul-15,219.00,219.70,215.06,215.80,257594
8-Jul-15,220.00,220.20,213.58,215.50,263857
7-Jul-15,212.40,217.20,212.00,217.20,314663
6-Jul-15,217.50,222.59,212.90,214.40,115909
3-Jul-15,223.40,223.40,217.70,219.80,69769
2-Jul-15,221.70,223.20,218.70,221.40,199754
1-Jul-15,219.80,224.50,213.00,223.00,366501
30-Jun-15,214.30,221.50,214.30,219.90,348755
29-Jun-15,215.70,219.60,213.00,217.00,368807
26-Jun-15,219.00,220.88,215.24,218.40,331346
25-Jun-15,218.70,221.50,217.40,219.00,442143
24-Jun-15,219.00,220.00,216.58,219.70,153384
23-Jun-15,218.00,218.00,212.50,217.00,294999
22-Jun-15,218.00,219.50,211.54,214.80,271838
19-Jun-15,214.30,225.10,208.95,221.50,1277578
18-Jun-15,207.00,211.70,207.00,210.22,155627
17-Jun-15,207.00,214.30,206.20,210.90,258081
16-Jun-15,213.80,213.80,207.20,208.25,144432
15-Jun-15,212.70,214.21,208.60,211.80,111249
12-Jun-15,215.30,217.50,212.40,215.10,131917
11-Jun-15,216.30,218.63,212.40,218.20,258186
10-Jun-15,211.70,215.50,208.50,214.90,275257
9-Jun-15,205.00,209.60,205.00,209.60,127254
8-Jun-15,207.30,208.00,204.40,208.00,211837
5-Jun-15,207.10,207.10,203.50,204.30,255012
4-Jun-15,208.50,213.53,206.80,207.00,175423
3-Jun-15,212.90,215.42,211.40,212.90,464160
2-Jun-15,212.90,212.90,208.00,210.00,137134
1-Jun-15,213.60,213.60,207.00,210.00,172965
29-May-15,214.00,214.00,210.60,212.12,214193
28-May-15,213.20,214.00,211.26,211.60,218205
27-May-15,206.40,213.90,206.40,213.00,182351
26-May-15,214.00,214.00,208.70,211.20,119314
22-May-15,211.00,212.90,210.00,210.00,161228
21-May-15,211.70,215.00,207.50,211.00,4865757
20-May-15,216.00,216.00,210.72,215.00,355165
19-May-15,212.90,215.10,209.30,212.89,572222
18-May-15,204.50,211.94,204.50,210.00,371460
15-May-15,209.30,210.00,201.50,209.17,371276
14-May-15,200.00,209.30,200.00,207.90,337322
13-May-15,200.00,201.00,195.00,201.00,1186461
12-May-15,204.30,204.30,197.20,198.87,228526
11-May-15,201.40,203.00,196.22,199.30,200729
8-May-15,199.50,201.40,197.28,200.00,401161
7-May-15,199.50,199.50,192.10,195.00,82632
6-May-15,191.50,198.20,191.50,195.50,116509
5-May-15,191.90,199.50,191.90,195.00,285117
1-May-15,193.30,199.53,191.18,196.60,124380
30-Apr-15,185.90,195.50,185.90,191.64,274038
29-Apr-15,187.80,190.70,184.29,188.60,129061
28-Apr-15,190.40,190.40,185.00,186.90,71086
27-Apr-15,184.80,190.20,183.88,186.97,97046
24-Apr-15,182.70,190.80,182.70,189.12,177102
23-Apr-15,182.80,189.40,182.28,187.50,124073
22-Apr-15,185.70,188.74,185.40,187.40,69403
21-Apr-15,181.50,188.00,181.50,186.50,207402
20-Apr-15,181.50,186.23,181.50,183.60,94625
17-Apr-15,183.00,186.10,181.50,184.70,97815
16-Apr-15,183.00,188.40,182.40,185.33,172528
15-Apr-15,182.70,187.23,182.70,185.00,91953
14-Apr-15,189.40,190.00,183.60,187.50,114749
13-Apr-15,183.00,188.30,182.96,185.20,101365
10-Apr-15,181.70,190.20,181.70,187.80,145997
9-Apr-15,189.00,189.00,182.80,186.60,83773
8-Apr-15,189.40,189.40,183.60,185.30,131851
7-Apr-15,185.50,189.20,183.15,186.40,168226
2-Apr-15,187.90,187.90,181.17,186.20,127370
1-Apr-15,180.70,188.18,180.30,183.50,593940
31-Mar-15,178.00,184.20,178.00,184.20,228094
30-Mar-15,178.00,182.50,177.45,180.60,125567
27-Mar-15,174.50,181.20,174.50,179.80,86934
26-Mar-15,175.80,179.50,175.80,178.10,73178
25-Mar-15,175.90,183.00,175.90,180.50,146217
24-Mar-15,178.00,182.40,178.00,179.90,144719
23-Mar-15,185.00,185.00,174.98,179.00,212837
20-Mar-15,179.70,182.90,173.20,181.50,5069307
19-Mar-15,180.70,180.70,173.10,174.00,311851
18-Mar-15,173.10,178.87,173.10,177.00,242099
17-Mar-15,181.20,181.20,177.00,177.90,114263
16-Mar-15,180.10,181.30,174.83,177.81,62515
13-Mar-15,178.40,181.40,173.54,177.49,176722
12-Mar-15,180.50,180.66,173.20,176.10,62198
11-Mar-15,174.90,177.50,174.00,176.10,294902
10-Mar-15,179.80,181.00,175.00,178.00,136014
9-Mar-15,176.70,182.40,175.00,180.40,104795
6-Mar-15,181.70,181.70,175.20,177.50,104088
5-Mar-15,178.70,181.90,174.92,178.00,100335
4-Mar-15,177.10,179.12,174.20,175.50,104583
3-Mar-15,184.30,184.30,177.10,177.20,235786
2-Mar-15,181.90,183.80,177.48,180.20,172369
27-Feb-15,186.00,190.10,182.40,182.65,284880
26-Feb-15,185.00,192.00,180.40,189.70,207584
25-Feb-15,189.70,189.70,180.00,185.05,73950
24-Feb-15,184.20,189.00,184.00,186.98,34899
23-Feb-15,190.00,190.98,184.24,188.60,133076
20-Feb-15,189.70,191.40,184.79,189.60,70390
19-Feb-15,188.00,190.00,183.46,189.20,98140
18-Feb-15,188.00,188.00,182.90,184.60,88604
17-Feb-15,184.60,191.40,184.60,186.63,117487
16-Feb-15,189.90,190.00,185.31,189.00,52622
13-Feb-15,190.20,190.20,186.60,189.00,118635
12-Feb-15,182.90,190.20,182.90,190.20,118884
11-Feb-15,189.90,189.90,183.49,188.00,134215
10-Feb-15,178.80,188.52,178.80,187.10,88320
9-Feb-15,187.00,187.00,181.14,183.00,46122
6-Feb-15,185.00,186.60,179.00,183.67,65982
5-Feb-15,176.00,185.00,176.00,182.90,87633
4-Feb-15,178.30,182.60,175.41,179.10,48920
3-Feb-15,176.20,182.40,174.76,182.30,97921
2-Feb-15,183.40,185.24,172.60,181.30,206245
30-Jan-15,192.00,192.40,183.30,183.30,229662
29-Jan-15,180.50,192.00,180.50,192.00,281231
28-Jan-15,167.00,188.00,167.00,185.00,250334
27-Jan-15,169.00,169.00,165.00,167.75,84392
26-Jan-15,162.00,168.50,161.30,167.40,111819
23-Jan-15,161.00,167.20,161.00,165.82,162726
22-Jan-15,161.50,166.40,161.46,161.50,93447
21-Jan-15,166.40,166.90,160.89,166.90,98092
20-Jan-15,160.80,165.70,160.80,164.30,94542
19-Jan-15,166.40,166.40,161.30,165.40,37867
16-Jan-15,161.00,164.90,161.00,162.50,23195
15-Jan-15,157.00,166.10,157.00,162.89,207173
14-Jan-15,155.00,164.00,154.90,160.55,279568
13-Jan-15,147.50,155.50,147.50,155.00,137616
12-Jan-15,146.00,152.30,146.00,149.70,58079
9-Jan-15,151.30,151.30,147.57,150.00,55617
8-Jan-15,147.00,150.60,146.20,149.00,207850
7-Jan-15,147.00,150.00,147.00,147.50,41530
6-Jan-15,151.90,152.15,147.00,148.30,28158
5-Jan-15,147.00,151.48,147.00,147.70,117367
31-Dec-14,151.70,155.10,147.83,155.10,30266
30-Dec-14,148.80,152.20,146.20,147.10,28367
29-Dec-14,150.00,153.88,148.80,150.09,80082
24-Dec-14,154.00,155.30,150.57,152.60,36054
23-Dec-14,155.00,155.00,148.20,151.00,89527
22-Dec-14,161.10,161.10,143.75,154.80,96573
19-Dec-14,153.60,161.00,149.68,155.00,1679901
18-Dec-14,152.50,153.60,148.16,152.00,85184
17-Dec-14,148.00,151.60,148.00,149.10,76573
16-Dec-14,147.10,152.70,147.10,151.36,116734
15-Dec-14,147.20,153.80,146.80,147.70,98807
12-Dec-14,149.40,153.80,147.40,149.50,46751
11-Dec-14,150.40,154.20,148.00,154.20,60633
10-Dec-14,152.00,153.70,147.47,152.00,153674
9-Dec-14,153.50,153.50,146.80,149.00,118419
8-Dec-14,151.00,153.40,148.50,150.00,168737
5-Dec-14,158.00,158.00,151.20,154.90,39685
4-Dec-14,154.20,156.80,150.70,152.70,85554
3-Dec-14,155.60,157.20,150.70,150.70,141259
2-Dec-14,156.90,156.90,151.32,155.60,65407
1-Dec-14,150.70,156.90,150.40,156.90,81854
28-Nov-14,152.00,156.40,151.62,153.80,239376
27-Nov-14,157.40,157.40,153.90,154.20,65631
26-Nov-14,152.00,159.00,152.00,156.50,65647
25-Nov-14,156.50,159.50,153.50,155.60,88257
24-Nov-14,158.80,159.07,155.00,156.70,58833
21-Nov-14,152.80,159.28,152.80,154.90,126288
20-Nov-14,156.50,157.00,153.90,155.70,128924
19-Nov-14,159.30,159.30,153.90,156.90,72140
18-Nov-14,159.30,160.60,155.70,156.50,41263
17-Nov-14,157.00,157.70,154.20,156.10,111645
14-Nov-14,159.20,159.20,153.90,157.30,54846
13-Nov-14,158.00,159.00,153.68,156.50,19128
12-Nov-14,155.00,160.30,153.40,157.00,198866
11-Nov-14,159.40,160.20,154.70,157.00,61506
10-Nov-14,158.80,159.80,155.00,159.00,112690
7-Nov-14,161.00,161.00,150.30,157.00,698010
6-Nov-14,161.00,163.60,160.30,161.00,98129
5-Nov-14,162.20,166.30,161.00,164.40,199360
4-Nov-14,162.80,164.00,161.00,162.60,90403
3-Nov-14,164.50,166.60,161.00,164.00,144018
31-Oct-14,163.20,167.90,161.88,167.90,375070
30-Oct-14,158.50,163.50,155.40,163.50,416008
29-Oct-14,155.00,160.00,151.44,160.00,181440
28-Oct-14,150.40,151.54,147.78,151.50,106027
27-Oct-14,150.90,152.77,147.00,148.40,131724
24-Oct-14,149.40,154.07,149.40,150.90,199148
23-Oct-14,156.80,156.80,150.00,151.80,93949
22-Oct-14,153.70,156.50,150.90,154.50,119453
21-Oct-14,151.10,153.01,149.80,151.20,173470
20-Oct-14,155.00,155.90,150.90,152.30,75260
17-Oct-14,153.00,155.20,152.10,153.50,208432
16-Oct-14,157.60,160.40,144.12,153.36,267580
15-Oct-14,161.00,163.20,156.40,157.30,257221
14-Oct-14,163.10,163.10,157.57,159.00,137777
13-Oct-14,159.00,161.60,157.60,159.70,220893
10-Oct-14,160.00,163.41,156.98,160.00,164939
9-Oct-14,158.50,162.90,158.30,160.00,169977
8-Oct-14,161.90,162.01,159.16,160.40,185626
7-Oct-14,161.40,164.70,158.40,162.10,172899
6-Oct-14,163.50,164.70,158.50,161.40,254076
3-Oct-14,163.50,163.50,158.40,162.00,528866
2-Oct-14,173.00,173.00,160.85,161.00,482538
1-Oct-14,174.60,174.70,163.90,167.90,271598
30-Sep-14,172.20,174.80,172.00,174.80,230065
29-Sep-14,170.50,173.54,170.50,172.20,259171
26-Sep-14,171.00,175.30,170.50,173.40,73695
25-Sep-14,171.40,173.84,170.61,171.70,151226
24-Sep-14,170.40,177.00,170.40,171.50,75108
23-Sep-14,172.60,176.98,171.40,171.50,205966
22-Sep-14,177.50,179.35,173.00,175.00,412416
19-Sep-14,176.75,183.00,176.50,177.47,11572474
18-Sep-14,172.75,175.00,169.30,175.00,770861
17-Sep-14,175.00,175.00,169.51,170.00,263291
16-Sep-14,171.75,175.08,171.50,172.00,232041
15-Sep-14,175.25,177.34,174.00,174.25,114437
12-Sep-14,178.00,180.50,175.72,178.75,378572
11-Sep-14,180.00,180.00,175.25,176.75,323267
10-Sep-14,179.75,182.75,178.76,180.00,520012
9-Sep-14,180.75,183.25,176.75,180.50,269296
8-Sep-14,182.50,184.87,180.50,182.25,134959
5-Sep-14,181.00,184.75,181.00,183.00,150074
4-Sep-14,182.50,185.50,180.75,181.25,175150
3-Sep-14,184.75,185.10,182.50,182.50,75702
2-Sep-14,186.00,190.00,184.75,184.75,287837
1-Sep-14,185.00,185.50,181.72,183.00,95166
29-Aug-14,185.50,186.00,180.64,186.00,219008
28-Aug-14,187.50,187.50,178.97,185.75,162993
27-Aug-14,183.75,188.00,179.59,188.00,524354
26-Aug-14,184.00,185.52,178.47,180.75,246957
22-Aug-14,185.50,185.94,183.58,184.00,110483
21-Aug-14,186.00,186.25,183.23,185.00,116627
20-Aug-14,187.00,188.31,183.50,186.00,235132
19-Aug-14,185.00,189.00,183.03,188.00,351978
18-Aug-14,184.00,186.75,182.84,185.25,173375
15-Aug-14,184.25,185.75,178.70,184.00,267685
14-Aug-14,183.25,184.75,178.88,183.00,291009
13-Aug-14,183.75,184.00,181.13,183.25,215304
12-Aug-14,179.00,183.00,172.00,183.00,191353
11-Aug-14,175.00,179.50,172.92,179.50,232859
8-Aug-14,176.75,177.75,171.30,175.00,97879
7-Aug-14,175.50,177.66,172.27,175.00,354665
6-Aug-14,177.00,178.00,172.41,174.00,153396
5-Aug-14,176.75,177.08,173.00,175.00,75095
4-Aug-14,178.50,178.50,170.75,172.75,250889
1-Aug-14,171.50,177.75,170.58,175.00,276308
31-Jul-14,175.00,178.53,172.07,175.00,54105
30-Jul-14,175.00,178.00,173.00,175.00,98150
29-Jul-14,174.00,178.31,172.31,178.00,83770
28-Jul-14,175.00,177.25,172.07,175.75,71416
25-Jul-14,175.00,177.00,172.00,175.00,167210
24-Jul-14,175.00,177.23,172.44,175.50,79963
23-Jul-14,175.00,178.02,172.14,177.25,27754
22-Jul-14,174.25,177.50,172.41,177.00,65359
21-Jul-14,180.00,180.00,172.03,177.75,207697
18-Jul-14,180.25,180.25,171.50,175.00,224368
17-Jul-14,179.00,180.00,177.69,179.50,55314
16-Jul-14,179.50,180.25,177.00,179.00,162971
15-Jul-14,176.00,179.50,176.00,179.50,99389
14-Jul-14,177.25,177.25,175.50,175.50,75130
11-Jul-14,177.25,178.16,176.00,176.50,164846
10-Jul-14,176.00,178.18,172.07,176.00,205967
9-Jul-14,175.25,176.56,174.00,175.25,61755
8-Jul-14,176.00,176.67,173.25,175.25,158011
7-Jul-14,172.75,177.00,172.28,175.75,178757
4-Jul-14,175.75,179.13,172.25,172.25,414641
3-Jul-14,178.00,179.31,172.53,177.00,387264
2-Jul-14,170.50,177.75,170.50,177.75,141995
1-Jul-14,173.75,177.75,172.11,176.50,180846
30-Jun-14,171.50,173.75,170.31,173.75,75221
27-Jun-14,171.00,173.74,170.25,173.00,184821
26-Jun-14,170.50,172.75,169.50,172.25,300118
25-Jun-14,171.00,172.41,170.44,171.75,127610
24-Jun-14,173.75,173.75,169.31,170.00,326019
23-Jun-14,171.50,172.89,168.50,169.82,444293
20-Jun-14,172.50,173.75,172.00,172.00,164001
19-Jun-14,173.25,173.50,170.50,172.42,270522
18-Jun-14,172.00,174.00,170.00,173.00,441971
17-Jun-14,174.75,174.75,171.25,174.04,128431
16-Jun-14,173.00,174.00,171.56,173.00,262260
13-Jun-14,170.75,174.34,168.50,172.50,1002694
12-Jun-14,173.25,175.16,170.50,171.75,308717
11-Jun-14,176.25,177.42,170.60,172.75,957794
10-Jun-14,177.75,181.25,176.25,178.00,501803
9-Jun-14,177.00,180.00,171.83,179.25,1027495
6-Jun-14,177.50,179.00,174.00,174.00,648655
5-Jun-14,172.00,180.00,170.69,175.25,1453249
4-Jun-14,179.00,179.50,171.50,172.50,5887903
3-Jun-14,185.75,185.80,174.00,178.00,6622800
2-Jun-14,186.00,186.85,184.50,185.75,3866235
30-May-14,185.00,186.40,185.00,185.00,2264437
29-May-14,184.50,188.20,183.94,185.25,2058400
28-May-14,182.75,186.65,181.78,186.00,3347494
27-May-14,185.00,186.19,180.00,180.70,19056530
23-May-14,185.00,195.00,184.50,185.00,53730410
