31-Dec-15,146.20,146.20,142.10,143.60,252239
30-Dec-15,148.00,148.00,143.50,145.80,453645
29-Dec-15,145.60,148.30,144.00,147.70,510773
24-Dec-15,145.10,145.10,141.40,144.32,208520
23-Dec-15,145.70,146.90,143.06,144.00,584895
22-Dec-15,145.00,146.30,143.50,144.20,334356
21-Dec-15,144.60,146.10,142.90,144.60,373471
18-Dec-15,143.10,145.60,140.98,144.20,1002652
16-Dec-15,140.90,142.30,139.50,141.90,928734
15-Dec-15,139.10,141.20,138.02,140.10,1634289
14-Dec-15,134.90,137.40,134.70,135.50,1046713
11-Dec-15,134.70,137.80,134.70,136.70,948770
10-Dec-15,137.70,138.60,134.80,135.00,858109
9-Dec-15,131.40,138.00,130.60,136.90,1165114
8-Dec-15,133.60,133.60,129.42,130.50,1298696
7-Dec-15,136.80,136.80,131.70,131.70,573519
4-Dec-15,137.00,137.10,134.60,134.60,636831
3-Dec-15,139.40,139.40,136.40,136.40,833406
2-Dec-15,139.70,139.70,138.00,138.50,349326
1-Dec-15,139.50,141.40,139.00,139.00,610879
30-Nov-15,138.10,142.70,135.20,139.70,1266929
27-Nov-15,132.70,138.70,132.70,136.10,1161483
26-Nov-15,129.60,135.00,128.40,134.00,880651
25-Nov-15,125.40,129.70,124.30,128.30,789867
24-Nov-15,127.90,127.90,124.00,125.60,1370402
23-Nov-15,128.60,128.60,125.90,125.90,433788
20-Nov-15,128.90,128.90,127.00,127.70,540321
19-Nov-15,128.60,129.90,127.00,127.30,860296
18-Nov-15,126.50,128.80,125.30,127.20,712006
17-Nov-15,125.00,129.20,124.00,126.60,1570674
16-Nov-15,122.00,129.00,122.00,125.90,1888219
13-Nov-15,117.70,121.60,117.45,120.00,861636
12-Nov-15,122.10,123.60,117.00,119.00,1536045
11-Nov-15,125.20,126.10,121.60,122.70,962411
10-Nov-15,129.00,129.00,125.10,126.50,774602
9-Nov-15,129.10,130.90,127.60,127.90,753958
6-Nov-15,128.20,129.80,126.80,128.90,548127
5-Nov-15,131.30,131.30,127.20,128.20,665459
4-Nov-15,131.90,132.60,129.10,130.20,1461988
3-Nov-15,132.80,133.20,130.00,133.20,1033500
2-Nov-15,131.30,134.34,129.40,131.00,911571
30-Oct-15,127.00,133.50,126.57,133.50,1676135
29-Oct-15,128.70,129.00,125.20,126.50,1864341
28-Oct-15,132.40,133.20,127.20,128.50,2101279
27-Oct-15,134.80,136.10,132.10,132.70,1960240
26-Oct-15,137.60,137.60,133.80,137.10,1918096
23-Oct-15,140.80,140.80,135.40,137.60,4718693
22-Oct-15,146.00,160.00,133.60,141.50,8643417
21-Oct-15,176.90,178.90,175.70,178.50,449303
20-Oct-15,175.90,177.10,175.00,175.30,432636
19-Oct-15,175.10,175.80,173.20,175.20,399756
16-Oct-15,176.60,176.60,173.90,175.00,412284
15-Oct-15,172.40,176.50,172.20,175.70,824982
14-Oct-15,171.30,173.30,171.30,172.80,872294
13-Oct-15,174.60,174.70,171.50,173.20,496472
12-Oct-15,172.30,174.04,170.80,174.00,431972
9-Oct-15,173.00,173.90,170.00,172.00,930671
8-Oct-15,175.00,175.70,169.20,171.30,799232
7-Oct-15,179.50,179.50,175.00,176.10,574817
6-Oct-15,177.00,180.30,175.62,179.00,385050
5-Oct-15,175.70,179.30,175.70,177.60,351947
2-Oct-15,175.30,175.50,171.60,173.80,382189
1-Oct-15,174.80,176.90,173.10,174.00,532585
30-Sep-15,172.20,174.00,172.10,173.60,413158
29-Sep-15,172.70,172.80,170.00,170.00,685858
28-Sep-15,176.00,176.00,172.80,174.00,509968
25-Sep-15,174.00,176.70,174.00,175.40,455253
24-Sep-15,175.40,176.90,171.30,171.30,668476
23-Sep-15,173.40,177.20,173.30,175.40,581651
22-Sep-15,180.00,181.30,173.10,173.10,886796
21-Sep-15,182.70,183.20,180.00,180.50,564516
18-Sep-15,182.80,182.90,181.40,181.50,577636
17-Sep-15,184.70,186.30,183.50,184.00,367121
16-Sep-15,184.90,185.40,182.70,184.30,281351
15-Sep-15,183.30,184.50,181.30,183.40,449821
14-Sep-15,185.80,186.00,183.40,183.40,442528
11-Sep-15,184.90,187.00,184.20,184.20,601439
10-Sep-15,186.20,189.20,184.50,185.50,420199
9-Sep-15,190.30,190.40,186.50,187.80,501259
8-Sep-15,185.70,188.50,185.70,186.50,335031
7-Sep-15,187.20,187.60,183.60,184.20,372883
4-Sep-15,187.10,188.10,185.00,185.50,553539
3-Sep-15,189.00,191.90,188.40,189.70,971285
2-Sep-15,186.70,189.00,184.10,187.80,876872
1-Sep-15,185.10,187.10,183.10,186.60,1181773
28-Aug-15,187.40,188.40,185.30,187.80,909498
27-Aug-15,185.90,188.90,185.03,187.70,987450
26-Aug-15,182.40,185.70,180.90,182.80,851251
25-Aug-15,181.50,186.90,178.70,184.70,1216630
24-Aug-15,185.30,186.10,176.00,179.10,1550510
21-Aug-15,185.80,192.70,185.70,186.50,1918084
20-Aug-15,187.70,188.90,185.30,185.80,1078847
19-Aug-15,191.40,192.10,188.30,188.30,1479942
18-Aug-15,192.60,193.70,191.40,192.10,763081
17-Aug-15,194.00,195.10,192.40,192.80,1569879
14-Aug-15,193.70,195.20,193.10,193.90,1118005
13-Aug-15,197.80,198.10,193.20,194.00,1401930
12-Aug-15,198.00,198.00,193.70,195.50,2468248
11-Aug-15,192.00,201.26,187.66,198.50,2212137
10-Aug-15,207.10,207.10,199.90,201.30,896891
7-Aug-15,203.90,203.90,202.15,202.90,411331
6-Aug-15,204.20,204.70,201.80,203.80,1043220
5-Aug-15,204.90,206.29,201.50,204.30,1019955
4-Aug-15,209.80,209.80,204.70,206.20,964405
3-Aug-15,209.10,209.70,207.90,209.50,495285
31-Jul-15,206.80,209.80,204.40,209.10,1167388
30-Jul-15,205.70,207.90,204.60,205.30,897250
29-Jul-15,203.70,206.50,202.40,206.10,884756
28-Jul-15,202.00,205.30,201.90,202.50,1027148
27-Jul-15,202.00,205.10,200.60,202.00,1056897
24-Jul-15,203.30,205.50,202.30,203.50,814419
23-Jul-15,204.30,204.86,202.50,204.40,604534
22-Jul-15,202.00,204.40,202.00,203.40,419828
21-Jul-15,205.50,208.00,202.50,204.20,570825
20-Jul-15,207.20,208.30,205.70,206.80,665010
17-Jul-15,206.60,208.40,206.40,208.20,750294
16-Jul-15,202.10,207.80,202.10,206.60,1142657
15-Jul-15,201.10,203.70,199.20,202.10,1300023
14-Jul-15,203.00,204.90,201.70,203.50,820305
13-Jul-15,197.00,202.90,195.10,202.90,1343467
10-Jul-15,194.00,195.60,193.00,195.60,1104940
9-Jul-15,190.10,192.69,190.10,192.50,721310
8-Jul-15,191.60,193.30,190.10,190.80,917841
7-Jul-15,197.20,197.20,189.70,190.00,850793
6-Jul-15,195.40,196.70,194.60,196.20,524635
3-Jul-15,197.30,199.00,197.20,197.90,479736
2-Jul-15,198.10,199.00,197.40,198.20,522977
1-Jul-15,200.80,202.00,198.80,199.00,655144
30-Jun-15,196.60,202.30,195.20,200.50,1565475
29-Jun-15,202.10,202.20,196.60,197.00,1081797
26-Jun-15,205.70,205.70,202.60,203.00,1020092
25-Jun-15,206.90,208.30,205.60,205.80,1021554
24-Jun-15,208.10,209.90,206.10,207.90,991157
23-Jun-15,206.80,209.00,206.10,208.60,646152
22-Jun-15,201.00,206.10,200.70,205.20,1302776
19-Jun-15,198.20,200.20,197.60,198.70,1103775
18-Jun-15,196.80,197.30,194.30,197.20,570259
17-Jun-15,197.30,197.90,194.30,196.90,486290
16-Jun-15,196.50,197.00,193.40,195.90,434225
15-Jun-15,197.50,197.90,195.30,195.50,569643
12-Jun-15,203.10,203.20,197.20,199.00,1117030
11-Jun-15,202.50,206.20,201.80,203.10,802747
10-Jun-15,197.90,202.30,196.30,202.30,907978
9-Jun-15,196.60,199.00,196.00,197.50,606921
8-Jun-15,198.40,198.80,196.70,198.00,498869
5-Jun-15,201.50,201.50,197.80,199.00,495306
4-Jun-15,203.40,203.70,200.20,201.40,720411
3-Jun-15,202.20,206.90,202.00,204.50,922555
2-Jun-15,202.50,204.20,201.40,202.50,696048
1-Jun-15,202.00,202.70,200.40,201.70,753917
29-May-15,202.40,202.50,200.10,200.60,1118062
28-May-15,202.40,202.60,201.20,202.60,716397
27-May-15,199.00,201.90,199.00,201.70,1187775
26-May-15,203.70,203.70,198.00,198.90,938468
22-May-15,200.80,203.30,199.00,202.40,731930
21-May-15,199.60,201.70,199.10,200.10,1016841
20-May-15,203.10,203.10,200.00,200.40,917159
19-May-15,203.10,206.30,202.40,203.00,1167807
18-May-15,201.40,204.90,199.40,202.40,1307239
15-May-15,206.60,206.95,203.60,204.50,1307600
14-May-15,208.00,208.00,202.30,205.30,2538607
13-May-15,205.80,212.20,204.60,211.20,1580990
12-May-15,204.40,206.20,203.00,204.50,977008
11-May-15,203.30,207.40,201.60,206.30,1136173
8-May-15,201.60,205.60,198.10,199.10,1721896
7-May-15,193.10,201.90,190.10,199.00,1744871
6-May-15,196.40,197.00,193.00,194.30,829121
5-May-15,190.70,196.90,190.70,196.01,2094138
1-May-15,195.00,197.00,187.50,194.10,576870
30-Apr-15,193.50,194.50,190.00,194.10,1573936
29-Apr-15,200.30,200.30,193.90,194.60,1215852
28-Apr-15,202.00,202.70,197.70,198.50,638097
27-Apr-15,202.00,203.70,200.10,202.90,910415
24-Apr-15,202.50,202.50,198.80,200.00,1300722
23-Apr-15,206.40,206.90,200.80,201.30,732844
22-Apr-15,206.60,207.50,203.60,204.80,382579
21-Apr-15,204.00,207.00,202.44,205.00,779084
20-Apr-15,204.80,204.80,200.90,202.30,393025
17-Apr-15,202.40,205.50,200.70,203.50,1195082
16-Apr-15,206.70,206.70,202.50,203.60,975485
15-Apr-15,206.60,206.60,204.00,205.00,976370
14-Apr-15,207.60,208.00,204.60,204.90,551579
13-Apr-15,208.00,208.74,205.70,206.30,469779
10-Apr-15,209.00,210.00,206.60,206.90,762559
9-Apr-15,209.90,209.90,207.00,209.20,493609
8-Apr-15,206.70,208.90,205.80,207.70,463570
7-Apr-15,206.00,209.90,206.00,207.90,691241
2-Apr-15,204.20,206.70,201.80,206.00,969449
1-Apr-15,203.60,207.00,202.28,204.00,1166203
31-Mar-15,198.50,206.20,197.60,203.00,1592781
30-Mar-15,196.50,199.00,195.40,197.40,804638
27-Mar-15,199.60,200.10,194.30,195.30,1315954
26-Mar-15,203.20,203.20,195.50,198.40,781244
25-Mar-15,200.60,208.90,200.60,204.20,1338985
24-Mar-15,203.00,205.70,200.80,202.10,915596
23-Mar-15,201.40,205.00,200.50,203.50,1152936
20-Mar-15,200.00,201.10,198.90,200.40,1226661
19-Mar-15,196.50,199.60,194.94,197.69,1369885
18-Mar-15,191.30,196.80,191.30,195.40,1018688
17-Mar-15,194.80,196.50,189.30,192.40,807355
16-Mar-15,189.80,194.30,189.00,193.90,887891
13-Mar-15,194.50,194.50,186.40,188.40,1505617
12-Mar-15,191.00,194.50,189.30,194.50,1843328
11-Mar-15,192.20,193.00,189.00,191.50,1427130
10-Mar-15,194.80,196.70,191.30,192.20,843517
9-Mar-15,198.00,198.00,195.00,196.20,979105
6-Mar-15,199.10,199.80,196.88,198.90,1152945
5-Mar-15,196.30,198.50,195.00,198.00,972536
4-Mar-15,196.20,196.50,193.50,195.60,831599
3-Mar-15,197.50,198.10,194.50,195.00,918875
2-Mar-15,198.60,199.90,197.60,198.20,653896
27-Feb-15,198.50,198.60,196.70,198.00,666917
26-Feb-15,198.50,198.50,196.00,198.00,825481
25-Feb-15,194.50,197.70,194.50,197.70,520840
24-Feb-15,198.00,198.00,195.00,197.20,783104
23-Feb-15,195.60,197.80,195.10,197.30,685719
20-Feb-15,193.20,195.80,193.20,195.80,570857
19-Feb-15,191.60,194.70,190.40,194.60,869633
18-Feb-15,189.70,193.50,189.70,192.20,1075700
17-Feb-15,190.00,190.10,187.30,189.60,574424
16-Feb-15,190.00,191.00,188.30,189.50,411077
13-Feb-15,188.20,191.30,188.10,188.80,862815
12-Feb-15,190.50,190.50,186.00,188.00,1475527
11-Feb-15,190.90,190.90,188.80,189.90,516807
10-Feb-15,188.50,191.10,187.30,190.00,662614
9-Feb-15,189.00,189.70,186.60,188.80,534719
6-Feb-15,190.20,191.00,187.80,189.30,600743
5-Feb-15,186.00,191.30,186.00,191.10,1023169
4-Feb-15,187.80,189.00,187.20,187.90,1020686
3-Feb-15,185.20,189.90,185.20,189.00,1097408
2-Feb-15,184.10,186.20,184.10,186.20,994358
30-Jan-15,185.90,186.70,184.50,184.50,1835850
29-Jan-15,181.60,186.00,181.60,185.00,1292214
28-Jan-15,182.20,184.10,181.80,183.90,945062
27-Jan-15,181.80,183.50,180.85,182.00,1067798
26-Jan-15,182.30,183.40,179.60,182.80,681184
23-Jan-15,181.70,182.60,179.73,182.10,525727
22-Jan-15,179.70,181.10,178.20,180.40,947406
21-Jan-15,174.60,179.00,173.40,178.90,1061072
20-Jan-15,173.00,175.30,173.00,174.40,974688
19-Jan-15,165.50,173.40,165.50,173.30,1238475
16-Jan-15,164.70,167.00,164.70,166.20,1059415
15-Jan-15,165.50,166.80,162.90,166.60,777501
14-Jan-15,165.70,169.20,163.80,165.30,1508208
13-Jan-15,167.30,170.90,161.00,168.50,1955727
12-Jan-15,162.40,164.00,161.10,162.30,708005
9-Jan-15,164.30,164.40,162.00,163.00,972854
8-Jan-15,161.50,164.40,160.00,163.80,792158
7-Jan-15,160.60,162.80,160.00,160.80,1277010
6-Jan-15,166.70,166.70,160.30,160.70,1253047
5-Jan-15,169.00,172.20,164.90,165.10,778312
31-Dec-14,170.00,175.55,170.00,174.30,415369
30-Dec-14,171.30,172.30,169.90,170.30,309309
29-Dec-14,169.70,172.10,169.70,171.40,351091
24-Dec-14,167.00,171.50,167.00,170.10,186411
23-Dec-14,165.90,171.30,165.00,171.30,658284
22-Dec-14,167.10,168.10,164.00,165.80,775677
19-Dec-14,166.20,168.00,163.90,167.60,1276773
18-Dec-14,162.00,166.10,162.00,165.50,796448
17-Dec-14,165.40,165.50,162.70,164.30,825993
16-Dec-14,162.50,165.90,159.70,165.60,1772758
15-Dec-14,158.20,163.40,158.20,160.87,957160
12-Dec-14,161.00,161.50,158.31,160.00,1137509
11-Dec-14,164.10,164.10,158.60,161.90,1051510
10-Dec-14,165.50,166.40,162.70,162.90,590516
9-Dec-14,168.70,168.70,163.50,163.70,900206
8-Dec-14,169.40,171.10,168.50,168.80,643441
5-Dec-14,164.00,170.20,163.80,168.60,1222683
4-Dec-14,159.20,166.10,159.20,164.70,1053710
3-Dec-14,161.00,161.50,159.50,160.00,856942
2-Dec-14,162.10,162.10,160.00,161.00,621516
1-Dec-14,160.50,162.00,159.00,160.30,687211
28-Nov-14,164.00,164.38,160.60,163.00,848113
27-Nov-14,164.00,164.00,161.20,163.30,706208
26-Nov-14,161.10,163.90,158.40,163.30,1367450
25-Nov-14,159.70,162.40,159.00,160.20,1669393
24-Nov-14,157.60,159.90,155.20,159.10,1236758
21-Nov-14,157.30,157.70,155.40,156.40,808410
20-Nov-14,154.50,158.20,154.50,155.40,1823809
19-Nov-14,150.70,155.30,148.60,155.20,1815771
18-Nov-14,148.40,150.40,148.40,149.20,749213
17-Nov-14,147.30,150.90,147.30,148.30,1227404
14-Nov-14,148.40,150.08,146.90,148.80,1288586
13-Nov-14,148.50,150.50,146.00,146.70,2089736
12-Nov-14,154.90,154.90,145.40,148.96,3889012
11-Nov-14,152.40,158.20,152.40,157.50,1686984
10-Nov-14,151.40,154.10,150.70,153.61,1078650
7-Nov-14,150.70,152.00,149.90,150.40,1278524
6-Nov-14,151.40,151.40,147.90,150.50,1181738
5-Nov-14,147.20,151.80,145.70,150.70,1328017
4-Nov-14,146.60,148.00,144.70,145.70,635228
3-Nov-14,146.00,147.80,145.40,145.90,992136
31-Oct-14,146.00,147.70,145.00,146.40,883158
30-Oct-14,149.60,149.90,143.40,144.80,1351549
29-Oct-14,146.10,150.33,146.10,147.70,705781
28-Oct-14,150.30,151.40,147.00,148.40,575920
27-Oct-14,150.80,151.40,149.00,150.30,716263
24-Oct-14,150.70,150.90,148.40,150.20,1074361
23-Oct-14,155.80,155.80,149.90,150.80,1077219
22-Oct-14,157.50,158.70,155.40,155.50,940055
21-Oct-14,152.00,156.50,151.00,156.00,1819609
20-Oct-14,155.00,156.50,150.70,152.00,1245212
17-Oct-14,151.60,155.60,150.10,155.50,1801591
16-Oct-14,148.90,151.90,143.60,150.00,1444003
15-Oct-14,153.10,156.80,147.60,148.30,1156913
14-Oct-14,146.50,153.20,145.80,152.70,1307985
13-Oct-14,149.00,150.70,146.60,147.30,1172901
10-Oct-14,150.70,154.10,143.60,149.40,2648263
9-Oct-14,158.30,159.45,151.50,152.00,1448177
8-Oct-14,161.00,161.00,157.40,157.70,965171
7-Oct-14,165.40,165.50,161.50,161.60,1273672
6-Oct-14,168.00,170.00,165.40,165.50,1128094
3-Oct-14,166.60,168.60,164.10,167.30,1395952
2-Oct-14,161.80,166.00,158.80,165.00,1924953
1-Oct-14,165.30,167.70,160.40,161.10,1498765
30-Sep-14,169.20,169.50,166.00,166.60,655350
29-Sep-14,169.10,169.90,166.30,168.90,551058
26-Sep-14,172.50,172.60,166.00,169.00,1507914
25-Sep-14,173.80,176.70,172.60,173.00,670944
24-Sep-14,174.10,174.20,170.40,173.30,1126406
23-Sep-14,179.00,179.00,172.30,173.60,952546
22-Sep-14,180.00,180.50,176.80,177.90,999232
19-Sep-14,182.00,187.30,180.30,180.30,1834212
18-Sep-14,176.60,181.30,176.10,180.30,720751
17-Sep-14,177.30,178.10,175.80,176.73,848807
16-Sep-14,177.50,178.70,174.30,176.60,789395
15-Sep-14,175.50,180.10,175.20,175.97,1216735
12-Sep-14,176.50,178.50,175.30,176.90,859600
11-Sep-14,181.10,182.30,174.90,176.10,1468516
10-Sep-14,185.90,186.38,179.10,179.10,1294230
9-Sep-14,184.20,187.50,182.90,186.80,574801
8-Sep-14,187.10,187.10,183.10,185.10,400918
5-Sep-14,187.80,188.00,186.48,186.80,526554
4-Sep-14,187.30,188.50,186.40,187.20,404458
3-Sep-14,186.50,189.60,185.77,187.40,564675
2-Sep-14,182.30,186.80,182.30,186.50,1017170
1-Sep-14,188.00,189.00,186.30,187.30,546893
29-Aug-14,186.30,187.40,185.41,186.70,906977
28-Aug-14,187.80,189.40,186.90,186.90,518635
27-Aug-14,186.80,190.00,186.40,189.50,778712
26-Aug-14,186.60,188.00,185.00,186.60,732655
22-Aug-14,184.70,185.70,182.10,185.00,504834
21-Aug-14,180.10,184.40,180.10,183.90,1001048
20-Aug-14,183.40,183.80,179.80,180.50,765426
19-Aug-14,179.00,183.60,178.50,183.00,795411
18-Aug-14,179.30,179.30,175.50,177.70,727944
15-Aug-14,178.90,180.50,175.90,176.40,1461255
14-Aug-14,168.10,178.50,168.10,177.90,2032338
13-Aug-14,168.10,169.60,165.00,169.10,1898792
12-Aug-14,176.80,181.10,167.60,167.60,2162233
11-Aug-14,169.70,173.90,169.50,172.00,867799
8-Aug-14,166.40,170.10,165.30,168.40,536834
7-Aug-14,166.30,168.90,166.30,167.80,507629
6-Aug-14,166.80,168.10,164.38,167.40,890591
5-Aug-14,167.60,169.10,166.50,168.10,860328
4-Aug-14,166.80,167.90,164.60,166.50,608475
1-Aug-14,167.30,168.40,164.50,166.30,1209027
31-Jul-14,170.60,171.30,166.70,167.40,907492
30-Jul-14,169.00,172.00,169.00,170.70,810873
29-Jul-14,166.20,172.20,166.20,169.70,864996
28-Jul-14,167.50,167.90,165.50,166.50,894327
25-Jul-14,167.60,168.60,166.00,166.70,687221
24-Jul-14,166.40,169.50,164.50,167.70,936422
23-Jul-14,168.40,171.20,166.60,166.90,925311
22-Jul-14,164.70,169.50,164.68,169.00,1066399
21-Jul-14,166.80,167.60,164.00,164.20,922091
18-Jul-14,168.40,169.10,165.40,167.10,1089717
17-Jul-14,171.60,172.10,167.80,169.60,1199514
16-Jul-14,169.90,171.50,167.78,171.30,984116
15-Jul-14,170.50,172.10,168.70,171.05,1113077
14-Jul-14,171.20,172.90,170.40,171.50,1368100
11-Jul-14,173.00,176.50,169.50,169.90,1654781
10-Jul-14,173.90,175.90,168.80,171.90,2178316
9-Jul-14,175.00,181.80,169.00,173.00,2704721
8-Jul-14,190.00,193.24,175.00,175.00,2825012
7-Jul-14,194.10,196.20,192.30,193.00,429716
4-Jul-14,194.00,196.00,193.10,195.10,657093
3-Jul-14,191.40,196.00,191.20,194.30,656961
2-Jul-14,193.00,195.70,191.50,191.50,658441
1-Jul-14,188.00,192.70,188.00,192.40,651147
30-Jun-14,187.80,188.90,186.00,188.60,709018
27-Jun-14,187.70,190.90,186.80,187.90,739767
26-Jun-14,180.80,189.90,180.80,188.00,1285503
25-Jun-14,180.40,181.30,177.50,180.00,1027148
24-Jun-14,187.80,187.80,180.20,181.00,1577703
23-Jun-14,187.40,188.90,185.90,186.40,725851
20-Jun-14,187.50,189.50,186.70,188.10,982416
19-Jun-14,187.20,189.60,187.10,187.50,709261
18-Jun-14,190.50,190.50,185.70,185.80,613090
17-Jun-14,191.40,192.40,188.60,189.20,712747
16-Jun-14,189.90,192.40,189.10,190.60,839147
13-Jun-14,199.60,199.60,190.00,190.20,1047897
12-Jun-14,200.00,200.00,198.20,199.30,733612
11-Jun-14,203.40,203.40,198.10,199.30,745549
10-Jun-14,202.00,203.90,200.80,202.60,479936
9-Jun-14,206.00,206.60,202.50,202.50,692230
6-Jun-14,200.20,205.55,200.00,204.70,1351276
5-Jun-14,199.60,200.70,198.30,200.50,1087515
4-Jun-14,195.50,199.40,193.70,199.30,893468
3-Jun-14,200.00,200.40,194.50,194.70,920421
2-Jun-14,196.90,199.90,196.90,198.40,924331
30-May-14,198.00,199.41,196.35,197.00,1315683
29-May-14,196.60,199.80,195.60,198.00,1874535
28-May-14,186.80,196.80,185.80,196.20,2370456
27-May-14,182.90,186.60,182.90,186.00,1127195
23-May-14,185.50,186.40,182.00,182.00,970867
22-May-14,186.50,186.70,183.10,185.20,1320927
21-May-14,181.80,187.10,178.28,185.60,1874881
20-May-14,176.10,181.90,176.10,181.50,2093445
19-May-14,174.00,178.50,172.60,175.40,2988061
16-May-14,182.10,184.40,172.60,173.50,2530303
15-May-14,185.50,186.90,179.00,179.00,1401359
14-May-14,187.40,189.46,186.20,186.20,1310127
13-May-14,186.50,187.60,186.00,186.90,865080
12-May-14,184.60,187.00,184.10,185.80,1310402
9-May-14,188.00,188.30,184.30,184.30,1458861
8-May-14,188.00,190.00,186.40,188.00,813300
7-May-14,190.00,191.40,187.00,187.50,950031
6-May-14,197.30,198.90,190.00,190.50,1228016
2-May-14,195.40,197.13,194.20,196.70,771134
1-May-14,192.00,194.80,191.10,193.50,592441
30-Apr-14,196.00,197.90,190.70,191.50,1421481
29-Apr-14,198.50,201.00,198.50,199.10,701495
28-Apr-14,201.60,202.00,200.00,200.00,508422
25-Apr-14,201.40,203.28,200.30,201.20,651331
24-Apr-14,201.70,203.10,200.10,203.00,1624774
23-Apr-14,203.00,203.00,199.00,200.50,901087
22-Apr-14,202.40,204.54,202.00,202.20,352998
17-Apr-14,198.50,203.00,198.50,201.60,669421
16-Apr-14,197.80,199.70,197.60,199.10,934943
15-Apr-14,196.50,197.10,195.50,196.90,1598081
14-Apr-14,198.10,198.80,191.00,195.80,1095863
11-Apr-14,200.50,201.90,196.60,199.10,606667
10-Apr-14,206.20,207.00,203.20,203.20,634953
9-Apr-14,202.90,204.90,201.80,204.60,647089
8-Apr-14,211.70,213.90,201.20,208.00,1593983
7-Apr-14,212.00,212.70,210.80,212.00,1100335
4-Apr-14,212.50,214.50,211.00,214.00,1075366
3-Apr-14,209.80,213.50,207.90,212.50,1362265
2-Apr-14,205.10,210.00,204.10,210.00,913386
1-Apr-14,200.80,205.30,200.70,201.45,482586
31-Mar-14,202.00,202.00,199.80,201.10,479273
28-Mar-14,203.90,204.60,200.02,200.40,489674
27-Mar-14,200.30,203.50,198.60,203.50,1311597
26-Mar-14,198.00,200.40,198.00,200.00,885635
25-Mar-14,199.60,201.90,198.00,200.30,983002
24-Mar-14,204.20,204.20,198.70,199.40,659306
21-Mar-14,202.90,205.30,200.30,200.30,1464895
20-Mar-14,203.40,204.60,201.40,202.36,997790
19-Mar-14,199.90,206.10,199.00,205.30,1015731
18-Mar-14,200.90,201.20,198.90,199.80,799002
17-Mar-14,198.90,202.00,198.90,200.70,675795
14-Mar-14,199.80,200.90,195.90,198.00,1280058
13-Mar-14,204.20,209.00,195.60,199.20,1948646
12-Mar-14,201.50,201.90,198.70,201.60,991578
11-Mar-14,203.80,205.40,201.50,201.80,687442
10-Mar-14,206.00,207.10,202.40,204.20,612807
7-Mar-14,209.40,209.40,205.00,205.60,1089777
6-Mar-14,210.80,211.60,208.80,208.80,580533
5-Mar-14,208.70,211.20,208.30,209.70,675776
4-Mar-14,207.20,211.00,205.60,209.70,1124415
3-Mar-14,207.00,208.10,204.00,205.40,1049353
28-Feb-14,212.90,214.20,209.00,211.50,513640
27-Feb-14,208.40,213.10,205.00,212.40,860156
26-Feb-14,213.20,213.50,209.30,209.30,705067
25-Feb-14,214.40,214.80,210.50,213.20,1372468
24-Feb-14,211.90,213.60,210.40,213.30,1052741
21-Feb-14,210.00,210.70,207.30,209.73,1196324
20-Feb-14,205.70,210.40,205.20,209.50,1109028
19-Feb-14,205.70,208.50,204.80,207.80,906924
18-Feb-14,206.90,208.60,206.10,206.70,776687
17-Feb-14,203.20,207.80,203.20,207.00,841584
14-Feb-14,202.20,204.10,201.40,203.50,1054641
13-Feb-14,201.60,202.40,200.00,201.00,737933
12-Feb-14,201.90,203.40,200.50,202.40,696748
11-Feb-14,201.20,202.80,200.10,200.15,435024
10-Feb-14,201.70,201.80,198.80,200.00,444296
7-Feb-14,198.50,201.80,197.20,201.60,857329
6-Feb-14,195.20,200.20,194.00,198.20,1065833
5-Feb-14,193.60,197.00,193.60,194.30,698668
4-Feb-14,194.50,196.00,192.60,195.80,1417651
3-Feb-14,198.00,201.90,195.30,196.10,1656301
31-Jan-14,196.30,196.50,191.20,196.20,1251254
30-Jan-14,197.50,197.50,194.20,195.70,532994
29-Jan-14,201.80,203.20,195.00,196.20,913959
28-Jan-14,196.00,200.10,195.50,199.50,777448
27-Jan-14,197.50,197.80,194.30,194.30,1224739
24-Jan-14,198.60,200.60,196.20,197.50,1123721
23-Jan-14,203.50,205.60,198.60,199.90,774908
22-Jan-14,206.00,206.50,201.90,203.10,1660294
21-Jan-14,209.00,209.50,204.00,205.40,800906
20-Jan-14,208.40,209.10,207.10,208.00,741755
17-Jan-14,211.50,212.60,206.10,208.50,939347
16-Jan-14,214.90,216.30,210.40,210.70,932000
15-Jan-14,211.50,214.80,211.10,214.00,1114873
14-Jan-14,211.70,213.80,210.80,211.10,1463049
13-Jan-14,213.00,214.60,213.00,214.40,617411
10-Jan-14,209.50,212.70,208.00,212.70,1359482
9-Jan-14,215.40,215.40,205.60,208.00,1296414
8-Jan-14,213.50,213.50,209.00,209.00,1222509
7-Jan-14,213.10,215.10,213.00,213.50,666197
6-Jan-14,211.30,213.60,211.30,212.60,656134
3-Jan-14,209.00,212.50,207.80,208.40,1084513
2-Jan-14,212.00,212.00,208.10,209.50,1132107
31-Dec-13,210.30,211.70,207.90,211.60,115755
30-Dec-13,212.50,213.60,211.10,211.10,314380
27-Dec-13,214.70,214.70,212.30,213.10,427267
24-Dec-13,212.00,214.30,208.00,214.00,114335
23-Dec-13,210.00,212.50,209.10,212.20,307021
20-Dec-13,209.10,210.40,208.60,209.20,997326
19-Dec-13,210.00,211.00,208.50,210.00,850397
18-Dec-13,207.90,208.10,206.50,207.20,815463
17-Dec-13,209.60,211.80,207.40,207.70,807039
16-Dec-13,206.40,210.40,205.20,209.80,595684
13-Dec-13,206.50,207.60,205.00,206.00,591013
12-Dec-13,208.10,209.20,205.00,206.00,894045
11-Dec-13,209.40,212.30,208.90,209.90,773940
10-Dec-13,208.10,210.40,208.10,208.90,1041950
9-Dec-13,205.60,208.00,205.10,207.40,752745
6-Dec-13,204.10,206.00,203.00,205.60,923030
5-Dec-13,202.00,205.40,201.00,203.35,966620
4-Dec-13,206.10,207.80,202.50,203.10,802969
3-Dec-13,211.60,211.60,204.80,206.40,1254109
2-Dec-13,215.00,215.30,210.70,211.40,780462
29-Nov-13,216.10,216.20,213.50,215.00,1396397
28-Nov-13,215.50,218.60,213.80,215.60,2259502
27-Nov-13,215.80,216.40,214.30,214.60,1258394
26-Nov-13,216.20,217.30,213.50,214.80,1293813
25-Nov-13,217.00,218.80,215.30,218.60,701449
22-Nov-13,212.00,216.30,211.90,216.30,806686
21-Nov-13,210.20,213.30,209.80,209.80,1309045
20-Nov-13,213.10,213.10,210.50,210.50,542303
19-Nov-13,214.40,214.70,212.50,213.00,484380
18-Nov-13,213.00,214.80,212.00,212.34,882228
15-Nov-13,216.10,219.10,213.30,213.30,1227708
14-Nov-13,209.40,215.80,208.00,210.20,2112745
13-Nov-13,210.40,210.50,205.50,205.80,1521780
12-Nov-13,211.10,211.10,208.10,209.90,829331
11-Nov-13,209.00,211.10,208.00,210.80,562266
8-Nov-13,205.80,209.10,205.00,209.10,1036074
7-Nov-13,205.40,207.50,204.50,206.60,727105
6-Nov-13,203.50,205.40,202.60,205.00,1558859
5-Nov-13,203.80,206.30,202.70,203.00,1200027
4-Nov-13,204.10,204.20,202.70,203.77,655585
1-Nov-13,205.70,206.00,203.50,204.20,748884
31-Oct-13,198.60,207.30,197.10,206.00,2049132
30-Oct-13,197.40,197.70,195.30,197.70,573313
29-Oct-13,193.30,195.80,193.20,195.67,356320
28-Oct-13,198.10,198.10,193.50,193.80,354781
25-Oct-13,198.60,198.80,196.70,197.70,392508
24-Oct-13,199.50,199.70,198.10,198.40,345190
23-Oct-13,199.00,199.50,198.20,199.00,470030
22-Oct-13,201.10,201.10,197.70,198.30,553503
21-Oct-13,199.20,201.20,199.00,200.10,599916
18-Oct-13,197.40,199.50,196.30,199.24,676453
17-Oct-13,191.90,196.80,191.20,196.80,1275025
16-Oct-13,189.80,192.90,189.50,192.50,481744
15-Oct-13,189.00,191.30,188.50,190.00,919270
14-Oct-13,186.50,187.30,185.60,186.80,428704
11-Oct-13,182.20,186.70,181.90,186.70,679927
10-Oct-13,179.60,184.10,179.60,183.50,960786
9-Oct-13,178.80,180.30,178.80,179.10,1106393
8-Oct-13,183.50,183.90,179.90,180.00,716071
7-Oct-13,184.00,184.10,182.00,183.50,444376
4-Oct-13,185.20,185.40,184.00,184.40,490383
3-Oct-13,187.00,187.60,185.00,185.00,281633
2-Oct-13,186.70,187.30,185.40,186.60,280411
1-Oct-13,186.00,187.10,184.00,186.80,693206
30-Sep-13,184.40,185.80,182.10,185.80,1239202
27-Sep-13,187.00,188.00,185.00,186.00,734740
26-Sep-13,187.80,188.30,187.10,187.20,452016
25-Sep-13,192.50,193.10,187.60,187.60,932935
24-Sep-13,188.40,190.20,187.40,187.80,593073
20-Sep-13,189.20,191.60,189.20,189.70,593802
19-Sep-13,191.80,193.00,188.80,189.00,776679
18-Sep-13,191.20,191.40,188.90,189.60,666406
17-Sep-13,191.90,193.10,191.30,191.40,554320
16-Sep-13,193.50,194.90,192.40,193.20,1246350
13-Sep-13,191.10,193.40,191.10,191.80,672444
12-Sep-13,192.20,194.80,191.90,192.10,776147
11-Sep-13,192.00,194.70,191.70,193.70,920023
10-Sep-13,188.00,192.40,187.40,192.00,1763077
9-Sep-13,185.60,187.80,185.30,187.00,608737
6-Sep-13,184.10,186.70,183.50,185.20,1132242
5-Sep-13,178.80,184.20,178.80,184.20,952798
4-Sep-13,179.00,179.90,178.00,180.00,1057111
3-Sep-13,178.60,179.30,176.40,179.00,588708
2-Sep-13,175.60,178.80,175.60,177.80,530197
30-Aug-13,175.00,176.20,173.30,174.90,794538
29-Aug-13,176.50,177.50,174.70,176.00,746663
28-Aug-13,178.00,178.80,174.50,176.40,891269
27-Aug-13,181.60,181.90,178.40,179.00,1064458
23-Aug-13,182.20,183.30,181.40,182.00,1227268
22-Aug-13,178.10,182.50,178.10,182.50,973873
21-Aug-13,178.10,180.30,177.30,177.30,732157
20-Aug-13,180.00,180.40,175.90,178.10,945501
19-Aug-13,182.00,182.40,178.10,179.30,1072219
16-Aug-13,182.60,182.60,171.80,181.40,1674402
15-Aug-13,184.00,185.00,175.20,178.00,2528681
14-Aug-13,185.00,188.20,184.00,188.00,871151
13-Aug-13,187.60,188.40,185.00,186.10,775397
12-Aug-13,188.00,188.00,186.70,187.90,630477
9-Aug-13,187.20,187.90,185.60,187.90,678853
8-Aug-13,181.90,187.50,181.90,186.95,745417
7-Aug-13,184.00,184.10,180.40,182.70,692530
6-Aug-13,186.00,187.30,183.50,184.40,828051
5-Aug-13,184.50,186.10,184.10,185.60,568943
2-Aug-13,182.70,184.40,182.30,182.30,871370
1-Aug-13,182.70,183.10,181.20,182.70,710835
31-Jul-13,181.10,182.40,180.50,181.80,655920
30-Jul-13,180.40,181.90,178.90,179.60,391877
29-Jul-13,181.40,181.60,178.80,179.50,339595
26-Jul-13,180.60,181.60,179.80,180.20,476296
25-Jul-13,182.50,182.50,179.00,180.40,722445
24-Jul-13,181.90,183.40,181.40,181.80,791118
23-Jul-13,182.20,183.40,181.70,182.10,558587
22-Jul-13,184.50,184.50,182.00,182.70,435098
19-Jul-13,181.30,183.80,180.40,183.00,547176
18-Jul-13,178.50,182.60,178.00,182.20,746529
17-Jul-13,177.50,180.00,177.30,179.10,1085862
16-Jul-13,177.00,177.70,176.30,177.70,753621
15-Jul-13,175.00,177.40,174.70,177.20,661846
12-Jul-13,170.40,175.20,169.99,175.10,1003521
11-Jul-13,172.40,172.90,168.80,169.80,841052
10-Jul-13,171.00,171.50,168.10,170.90,1292226
9-Jul-13,169.80,173.50,164.05,172.50,2157961
8-Jul-13,171.90,172.20,170.80,171.30,1357412
5-Jul-13,172.50,172.50,169.50,170.30,1217933
4-Jul-13,170.40,172.30,170.26,171.80,867478
3-Jul-13,170.40,170.40,167.00,169.60,717990
2-Jul-13,172.90,173.30,170.00,172.30,608130
1-Jul-13,170.90,173.50,168.70,172.60,686513
28-Jun-13,166.10,170.50,166.10,169.30,525001
27-Jun-13,167.40,170.20,166.10,169.90,700212
26-Jun-13,163.30,168.50,163.30,167.10,973236
25-Jun-13,163.60,164.30,161.90,163.50,1098661
24-Jun-13,166.40,166.40,160.50,162.10,1115758
21-Jun-13,166.40,170.30,166.30,166.40,2143234
20-Jun-13,165.10,167.30,165.00,166.00,947781
19-Jun-13,167.60,170.40,166.20,169.50,738905
18-Jun-13,164.90,168.40,164.40,167.70,759512
17-Jun-13,165.50,166.10,163.50,164.70,662517
14-Jun-13,165.10,167.00,164.50,165.60,802967
13-Jun-13,163.50,163.80,161.48,163.00,520592
12-Jun-13,163.50,165.50,163.10,164.50,799052
11-Jun-13,168.30,168.30,162.60,164.20,486169
10-Jun-13,168.20,170.43,167.20,168.40,384316
7-Jun-13,170.00,170.90,167.00,169.30,995523
6-Jun-13,173.90,173.90,168.70,168.70,915051
5-Jun-13,174.50,176.90,172.70,173.00,817656
4-Jun-13,176.70,176.70,174.50,175.00,534461
3-Jun-13,176.90,179.90,174.20,175.20,397434
31-May-13,175.50,178.30,173.80,176.60,626873
30-May-13,176.60,177.38,175.60,176.00,550405
29-May-13,176.80,178.16,175.70,177.00,592166
28-May-13,174.70,179.79,174.70,179.20,552967
24-May-13,173.40,175.40,172.80,173.30,1418874
23-May-13,170.00,174.00,170.00,173.40,1665985
22-May-13,172.60,174.30,172.40,174.00,1111054
21-May-13,171.50,173.20,170.70,173.00,1069096
20-May-13,169.00,171.90,168.10,171.50,1627474
17-May-13,169.60,169.60,168.30,168.70,843148
16-May-13,168.00,171.30,167.60,169.00,1377724
15-May-13,170.80,173.20,169.80,172.60,1035822
14-May-13,169.60,170.70,167.00,170.50,842195
13-May-13,166.90,168.70,165.80,168.00,531582
10-May-13,166.00,168.00,160.50,167.00,1283486
9-May-13,166.90,170.28,166.20,170.20,1221447
8-May-13,165.40,166.80,165.20,166.80,704937
7-May-13,165.10,165.40,162.53,165.40,648695
3-May-13,161.60,165.20,160.31,164.50,608718
2-May-13,160.90,161.50,159.20,160.60,778168
1-May-13,160.50,161.80,159.20,161.70,515236
30-Apr-13,160.00,162.50,158.81,162.10,1417237
29-Apr-13,158.40,159.80,157.80,159.80,324550
26-Apr-13,157.00,158.80,156.70,158.20,665507
25-Apr-13,153.40,158.60,153.40,157.90,1136375
24-Apr-13,149.70,153.90,149.60,153.70,691409
23-Apr-13,148.10,150.60,146.76,149.60,661600
22-Apr-13,147.20,148.20,146.30,147.60,667319
19-Apr-13,148.00,149.00,144.63,146.40,929343
18-Apr-13,150.50,150.50,148.30,148.90,1328665
17-Apr-13,153.30,153.30,148.80,149.00,868075
16-Apr-13,153.20,153.20,148.50,150.70,777921
15-Apr-13,156.00,157.00,152.90,154.90,418571
12-Apr-13,155.30,158.00,155.30,156.40,366842
11-Apr-13,151.10,158.20,151.10,157.00,942623
10-Apr-13,149.50,153.60,149.30,152.60,1479713
9-Apr-13,153.30,153.30,149.30,149.40,1205392
8-Apr-13,153.30,153.80,150.96,151.50,498274
5-Apr-13,155.30,155.70,151.30,151.40,939311
4-Apr-13,158.70,158.70,155.20,155.30,907323
3-Apr-13,160.00,160.58,157.90,158.10,698468
2-Apr-13,162.30,162.30,159.10,160.00,505410
28-Mar-13,157.60,160.00,156.80,158.40,1098298
27-Mar-13,160.00,160.00,155.40,156.80,672514
26-Mar-13,159.80,160.20,156.10,156.80,1337937
25-Mar-13,163.80,166.10,159.20,160.00,649159
22-Mar-13,161.70,163.40,160.40,161.40,1594523
21-Mar-13,156.80,167.00,156.70,162.50,2504369
20-Mar-13,156.70,157.80,155.60,157.60,1143267
19-Mar-13,153.20,156.30,153.20,155.30,524871
18-Mar-13,154.30,154.60,152.60,153.10,799699
15-Mar-13,152.90,155.70,152.12,155.00,1713396
14-Mar-13,149.70,153.10,149.30,153.10,831356
13-Mar-13,152.60,152.60,148.50,149.50,763746
12-Mar-13,150.40,152.70,149.29,151.00,1131629
11-Mar-13,148.70,149.50,146.70,149.10,529491
8-Mar-13,146.80,150.90,146.12,148.70,1236109
7-Mar-13,140.00,146.00,139.86,145.50,1229254
6-Mar-13,140.90,142.72,139.50,140.40,614905
5-Mar-13,137.80,140.10,137.40,139.10,644856
4-Mar-13,138.10,138.70,135.73,136.80,639129
1-Mar-13,138.80,140.50,138.06,139.50,437355
28-Feb-13,139.80,141.90,138.90,139.40,597619
27-Feb-13,138.30,139.70,136.50,139.60,287340
26-Feb-13,137.00,138.50,136.70,137.70,288344
25-Feb-13,143.70,143.70,139.09,140.10,501014
22-Feb-13,141.30,143.30,139.40,142.70,297239
21-Feb-13,142.40,142.40,138.10,140.10,446688
20-Feb-13,142.20,143.00,141.59,142.70,356081
19-Feb-13,144.80,144.80,140.70,141.80,380043
18-Feb-13,138.10,141.30,138.10,140.60,581184
15-Feb-13,140.50,140.50,137.90,139.80,373537
14-Feb-13,137.30,141.10,135.40,139.50,462100
13-Feb-13,132.50,137.75,132.50,137.25,494278
12-Feb-13,131.50,133.80,130.30,133.00,426016
11-Feb-13,132.70,134.00,130.70,131.20,278625
8-Feb-13,131.60,132.61,131.50,132.40,340741
7-Feb-13,134.50,134.50,130.50,132.50,709951
6-Feb-13,134.20,135.90,132.80,133.80,599507
5-Feb-13,132.10,133.80,132.04,133.70,521162
4-Feb-13,135.50,135.61,132.30,133.30,353577
1-Feb-13,130.80,134.81,130.80,134.80,453509
31-Jan-13,133.30,134.93,130.90,132.00,499175
30-Jan-13,135.40,135.40,132.10,133.50,418903
29-Jan-13,137.00,137.00,134.30,134.80,268103
28-Jan-13,133.70,136.91,133.70,136.90,272065
25-Jan-13,133.10,133.70,132.00,133.70,260052
24-Jan-13,135.10,135.40,133.39,134.60,177869
23-Jan-13,136.60,136.65,132.20,134.50,283105
22-Jan-13,134.30,135.60,131.51,135.00,219635
21-Jan-13,136.90,136.90,133.20,135.00,266323
18-Jan-13,136.70,138.00,134.70,136.50,352982
17-Jan-13,135.50,136.50,134.48,136.50,230514
16-Jan-13,134.90,135.40,131.64,135.00,391957
15-Jan-13,133.90,135.90,131.80,134.50,545185
14-Jan-13,137.70,138.60,132.19,133.90,694623
11-Jan-13,136.40,137.10,134.80,136.20,604660
10-Jan-13,128.00,139.63,127.82,135.00,1898007
9-Jan-13,127.30,127.90,125.50,127.00,539611
8-Jan-13,123.10,126.90,123.10,126.00,443443
7-Jan-13,124.00,124.80,123.00,124.00,293016
4-Jan-13,122.30,124.20,122.00,123.80,307029
3-Jan-13,122.20,123.47,121.40,122.40,325468
2-Jan-13,123.20,124.10,120.90,122.50,358443
