31-Dec-15,392.70,395.80,389.20,389.70,412577
30-Dec-15,395.60,396.90,392.80,394.70,1139707
29-Dec-15,396.90,398.30,385.78,397.10,2052300
24-Dec-15,394.00,396.27,392.80,395.20,317999
23-Dec-15,387.30,393.70,386.25,392.40,1600515
22-Dec-15,382.90,384.70,379.70,383.50,2633872
21-Dec-15,373.00,385.80,373.00,378.90,2736475
18-Dec-15,373.60,376.90,371.40,374.40,4714305
16-Dec-15,370.40,379.70,369.50,376.90,3715549
15-Dec-15,369.30,372.84,368.20,371.10,2941112
14-Dec-15,378.80,382.30,365.70,365.90,3114747
11-Dec-15,387.10,388.60,376.84,377.30,2232732
10-Dec-15,390.90,394.40,388.00,388.90,3275116
9-Dec-15,395.30,396.44,389.80,391.40,2037970
8-Dec-15,399.70,401.90,393.20,394.90,2177256
7-Dec-15,401.40,405.70,399.50,400.60,1710522
4-Dec-15,402.30,410.86,397.10,398.60,2676817
3-Dec-15,413.60,417.10,403.30,403.60,2726392
2-Dec-15,419.00,419.10,414.50,415.00,2089175
1-Dec-15,418.30,418.30,414.50,417.10,3061555
30-Nov-15,417.30,417.30,412.37,416.50,4370922
27-Nov-15,412.70,418.70,411.70,418.10,3405362
26-Nov-15,404.40,415.80,403.20,415.30,3258193
25-Nov-15,404.40,405.64,401.70,403.40,3585000
24-Nov-15,401.20,403.00,398.77,402.50,2383881
23-Nov-15,403.90,404.20,401.55,402.53,2470551
20-Nov-15,407.20,407.20,402.38,405.80,3015898
19-Nov-15,403.50,407.20,403.00,404.70,2545429
18-Nov-15,402.40,403.40,399.20,400.50,2069894
17-Nov-15,397.70,404.60,397.00,402.66,3411851
16-Nov-15,393.40,397.20,392.20,393.90,1963136
13-Nov-15,400.80,401.65,394.04,395.60,2153452
12-Nov-15,414.40,416.00,402.50,402.50,2804477
11-Nov-15,411.30,416.20,409.70,414.80,2260284
10-Nov-15,416.00,416.52,408.10,410.00,1588652
9-Nov-15,418.70,419.34,414.18,414.50,1888273
6-Nov-15,417.00,420.40,411.41,417.20,1318646
5-Nov-15,420.60,420.70,414.18,415.90,2237109
4-Nov-15,421.80,424.10,417.80,419.40,2571616
3-Nov-15,422.90,423.20,419.60,421.20,1812284
2-Nov-15,418.20,423.50,417.32,420.90,2283884
30-Oct-15,427.70,427.79,418.40,420.90,4318647
29-Oct-15,424.40,427.80,421.70,425.80,3306741
28-Oct-15,421.00,425.60,418.30,424.50,4119810
27-Oct-15,421.00,424.10,418.00,418.60,2231895
26-Oct-15,421.30,424.50,419.50,421.00,1986416
23-Oct-15,418.00,423.30,417.50,422.70,2614544
22-Oct-15,408.40,417.80,407.70,416.10,3452803
21-Oct-15,411.60,411.60,406.90,409.40,2200086
20-Oct-15,410.00,411.00,406.87,409.10,1948900
19-Oct-15,409.60,414.00,408.48,409.10,1351548
16-Oct-15,412.10,413.91,408.52,411.40,2151654
15-Oct-15,408.00,411.24,406.90,408.70,1779123
14-Oct-15,408.90,414.78,404.50,404.70,1859462
13-Oct-15,421.70,421.70,409.30,412.50,1846082
12-Oct-15,423.30,425.70,421.60,422.20,1535137
9-Oct-15,423.70,428.30,421.78,424.60,1837986
8-Oct-15,414.90,422.70,413.20,421.30,2459653
7-Oct-15,410.30,421.00,410.30,416.70,3266458
6-Oct-15,409.50,410.51,406.20,409.60,2239866
5-Oct-15,404.30,408.70,401.70,408.30,2345332
2-Oct-15,394.50,402.30,390.60,396.80,2593919
1-Oct-15,393.10,394.60,387.70,389.60,2825653
30-Sep-15,381.30,387.80,380.40,387.80,3992419
29-Sep-15,380.40,382.18,375.50,375.50,2621671
28-Sep-15,394.50,399.38,384.70,385.00,1775727
25-Sep-15,388.50,396.60,387.62,395.10,2788269
24-Sep-15,389.60,391.90,380.20,382.10,3644287
23-Sep-15,385.40,393.50,379.80,389.80,3727537
22-Sep-15,398.90,399.00,385.50,385.70,3798856
21-Sep-15,398.10,403.20,396.50,397.80,3307421
18-Sep-15,410.00,410.00,393.20,399.90,5999076
17-Sep-15,417.90,418.78,410.40,410.80,3752448
16-Sep-15,414.50,418.90,413.40,418.20,2696641
15-Sep-15,405.20,414.60,401.00,413.10,2482016
14-Sep-15,410.20,413.90,403.00,404.90,2633600
11-Sep-15,414.50,415.69,406.50,408.50,2206618
10-Sep-15,419.50,419.50,410.30,413.80,3214367
9-Sep-15,423.50,428.90,423.20,424.80,3095308
8-Sep-15,410.30,420.34,409.75,416.60,2441321
7-Sep-15,406.60,409.30,404.60,408.30,2228444
4-Sep-15,407.60,409.10,401.30,402.10,4152828
3-Sep-15,408.40,412.80,406.52,411.10,3216313
2-Sep-15,399.80,407.20,396.80,403.40,3203770
1-Sep-15,410.10,415.40,397.80,400.00,3614726
28-Aug-15,417.10,418.60,411.30,416.10,4513133
27-Aug-15,417.00,418.70,411.80,417.40,3792106
26-Aug-15,409.40,413.90,404.10,407.50,3732354
25-Aug-15,405.20,415.90,403.74,414.50,4500517
24-Aug-15,414.90,416.37,389.40,399.30,6808469
21-Aug-15,434.00,440.20,427.71,427.80,3979163
20-Aug-15,439.30,446.00,438.36,441.00,3339237
19-Aug-15,441.20,445.20,438.80,442.00,5418990
18-Aug-15,437.80,443.10,435.80,442.20,2882865
17-Aug-15,444.00,444.20,434.25,437.80,1433670
14-Aug-15,440.30,440.60,434.90,440.20,2064827
13-Aug-15,440.00,443.60,436.10,438.40,3399475
12-Aug-15,441.40,442.72,432.90,436.20,3274805
11-Aug-15,442.60,446.50,440.20,443.70,2156472
10-Aug-15,443.60,445.10,437.70,444.30,2872462
7-Aug-15,443.70,447.70,441.90,441.90,2411710
6-Aug-15,439.10,447.20,439.10,444.00,3061539
5-Aug-15,437.00,444.80,436.80,441.00,3738901
4-Aug-15,449.90,449.90,437.20,439.70,4589398
3-Aug-15,449.50,456.40,449.50,454.50,3324084
31-Jul-15,453.80,455.14,449.70,454.40,3024722
30-Jul-15,446.50,456.40,444.96,451.90,3204762
29-Jul-15,445.70,446.53,440.96,446.00,1819910
28-Jul-15,443.00,445.20,440.60,444.00,2193740
27-Jul-15,445.80,447.70,440.50,441.00,1950489
24-Jul-15,455.30,457.30,446.50,447.10,2276176
23-Jul-15,463.20,463.20,455.30,456.70,1250474
22-Jul-15,461.90,463.30,457.40,459.10,2408821
21-Jul-15,466.80,468.70,464.00,465.40,2051572
20-Jul-15,462.60,466.80,462.60,466.30,1931306
17-Jul-15,462.50,465.10,460.90,463.90,1782199
16-Jul-15,459.10,464.80,458.40,462.30,2285784
15-Jul-15,457.30,461.54,454.40,460.30,2468735
14-Jul-15,455.00,457.52,452.20,456.80,1745897
13-Jul-15,459.30,460.88,452.70,454.60,2766017
10-Jul-15,442.40,453.70,442.00,452.30,3105176
9-Jul-15,431.20,434.80,430.90,434.00,3500016
8-Jul-15,427.80,435.00,425.00,431.10,3176402
7-Jul-15,441.10,441.10,425.60,425.60,3732196
6-Jul-15,441.90,442.10,436.72,440.00,2234329
3-Jul-15,444.60,447.70,443.00,443.80,1764983
2-Jul-15,446.60,450.85,444.30,446.10,2279717
1-Jul-15,443.40,452.90,440.60,446.80,4573594
30-Jun-15,454.90,455.98,444.00,444.00,5226870
29-Jun-15,465.00,468.70,458.40,458.40,3335576
26-Jun-15,475.30,478.70,472.50,476.20,2268888
25-Jun-15,475.00,480.02,473.90,476.30,2347275
24-Jun-15,483.10,484.60,478.00,478.00,2800778
23-Jun-15,485.00,487.10,483.40,486.60,2871201
22-Jun-15,471.10,484.10,470.30,484.00,3872333
19-Jun-15,474.30,476.70,472.00,473.00,5175091
18-Jun-15,466.20,474.20,465.80,473.50,2097734
17-Jun-15,469.20,472.10,467.00,468.80,2054267
16-Jun-15,465.90,470.90,463.00,469.60,2140894
15-Jun-15,471.00,471.60,465.30,468.00,2485575
12-Jun-15,476.00,477.50,471.10,474.30,1718341
11-Jun-15,471.40,479.70,471.40,477.60,2011523
10-Jun-15,468.00,475.10,464.90,474.30,2346639
9-Jun-15,469.60,470.34,465.50,468.40,2536912
8-Jun-15,471.30,472.78,468.60,468.90,1518115
5-Jun-15,476.30,476.41,468.64,472.20,2095769
4-Jun-15,481.30,483.00,473.79,478.40,2820405
3-Jun-15,482.80,485.70,479.50,482.80,2809348
2-Jun-15,487.90,487.90,480.10,482.50,2069017
1-Jun-15,489.30,491.60,482.96,486.40,2990099
29-May-15,491.80,496.40,486.20,487.70,3527075
28-May-15,496.40,496.90,489.50,493.00,2201949
27-May-15,494.20,498.00,488.70,496.20,3485984
26-May-15,501.00,501.00,491.60,493.50,3618137
22-May-15,495.00,505.68,492.60,499.90,4134771
21-May-15,493.80,497.10,491.85,497.10,2769680
20-May-15,491.10,493.70,487.20,493.40,4158564
19-May-15,482.00,491.60,482.00,491.40,3472029
18-May-15,481.40,485.20,477.80,481.00,2148470
15-May-15,474.50,483.00,474.50,481.00,4266831
14-May-15,469.20,474.90,466.10,473.70,2171173
13-May-15,469.40,470.40,466.60,468.70,2571485
12-May-15,473.60,473.60,466.40,468.50,4237118
11-May-15,473.20,478.40,473.20,474.90,2790516
8-May-15,472.70,482.10,471.10,475.10,4871031
7-May-15,460.60,467.80,457.40,466.10,8407151
6-May-15,459.40,466.20,459.40,461.20,4647673
5-May-15,469.90,469.90,461.30,461.30,6219951
1-May-15,465.30,469.90,463.50,466.80,2606750
30-Apr-15,461.40,469.30,459.70,467.90,6027830
29-Apr-15,471.30,476.00,458.20,460.50,6093540
28-Apr-15,473.70,474.20,464.60,466.20,6032382
27-Apr-15,471.00,474.40,465.20,473.90,4548377
24-Apr-15,469.50,474.80,465.10,469.90,4772105
23-Apr-15,466.40,470.50,464.40,470.00,4876255
22-Apr-15,466.30,468.20,460.50,464.50,4716972
21-Apr-15,465.00,467.30,460.30,464.00,2925183
20-Apr-15,461.20,465.30,460.51,463.50,2260882
17-Apr-15,467.60,471.00,459.30,460.52,3950668
16-Apr-15,475.80,475.80,466.60,467.10,4159146
15-Apr-15,475.60,475.90,470.80,473.40,3557358
14-Apr-15,472.30,477.30,472.30,475.10,3774449
13-Apr-15,477.50,478.26,473.10,473.90,3249290
10-Apr-15,474.10,486.93,471.20,477.70,3331157
9-Apr-15,473.00,485.00,466.80,473.80,4153350
8-Apr-15,480.60,485.03,477.90,482.40,3478790
7-Apr-15,480.40,483.70,475.80,483.40,4138895
2-Apr-15,476.30,482.30,475.90,480.00,3805441
1-Apr-15,473.30,481.83,472.90,477.50,5470868
31-Mar-15,480.60,482.40,473.40,475.60,5710911
30-Mar-15,481.80,483.90,476.50,481.00,3576206
27-Mar-15,476.70,478.87,474.20,477.00,3407794
26-Mar-15,476.30,477.40,471.80,476.00,7377860
25-Mar-15,486.00,486.00,479.60,479.90,3068974
24-Mar-15,479.20,487.40,477.31,484.60,2807319
23-Mar-15,481.00,481.90,476.80,479.00,3355515
20-Mar-15,482.10,486.60,477.30,486.60,5461109
19-Mar-15,479.60,483.20,477.30,479.70,3877814
18-Mar-15,469.00,478.24,469.00,474.40,4422970
17-Mar-15,468.20,471.60,467.10,469.89,3583657
16-Mar-15,465.00,469.30,460.90,467.65,5554513
13-Mar-15,559.50,562.60,554.00,557.30,3960430
12-Mar-15,555.40,560.90,550.90,560.40,3879399
11-Mar-15,551.30,555.10,548.20,554.20,4305243
10-Mar-15,547.60,554.20,547.30,551.30,8038760
9-Mar-15,541.00,546.80,537.80,546.00,3787472
6-Mar-15,540.71,543.93,537.78,543.89,5572403
5-Mar-15,519.93,540.22,518.27,540.22,5809526
4-Mar-15,517.98,519.02,510.16,517.24,3033795
3-Mar-15,519.90,521.40,514.60,515.40,3206130
2-Mar-15,519.10,520.70,514.80,517.40,2433429
27-Feb-15,523.20,523.20,517.00,520.40,2643434
26-Feb-15,521.50,522.30,517.10,522.30,1933741
25-Feb-15,519.81,522.52,517.49,521.77,2260645
24-Feb-15,516.30,519.90,513.10,518.80,2498819
23-Feb-15,516.90,519.90,512.10,514.70,2958581
20-Feb-15,501.72,519.44,496.97,512.84,6275302
19-Feb-15,495.20,501.40,491.10,499.30,2488061
18-Feb-15,493.50,501.50,492.30,496.50,2120312
17-Feb-15,496.20,496.20,485.00,493.90,1666859
16-Feb-15,489.50,494.40,487.80,489.90,1434291
13-Feb-15,488.50,493.20,485.50,487.90,1739710
12-Feb-15,482.80,491.70,482.80,489.00,1745071
11-Feb-15,488.77,492.46,481.68,484.73,1833833
10-Feb-15,485.60,492.10,485.60,490.00,1685912
9-Feb-15,491.70,492.37,482.66,486.44,1788258
6-Feb-15,490.10,497.70,489.70,495.50,1480165
5-Feb-15,490.40,494.40,486.90,491.10,1840238
4-Feb-15,496.22,500.28,490.11,493.29,2830072
3-Feb-15,490.23,500.50,488.90,497.81,2030074
2-Feb-15,492.40,494.10,483.60,489.70,2625374
30-Jan-15,498.10,499.50,492.30,492.60,2463248
29-Jan-15,488.80,496.70,487.20,495.60,2707221
28-Jan-15,496.22,497.32,491.55,495.12,2276444
27-Jan-15,496.22,499.58,490.07,493.66,1777239
26-Jan-15,491.58,497.22,490.23,495.00,2529111
23-Jan-15,493.17,496.44,490.75,493.53,2712661
22-Jan-15,496.10,496.77,486.57,491.33,3558751
21-Jan-15,488.20,495.40,488.20,494.90,2143944
20-Jan-15,486.69,490.92,485.38,488.52,1738921
19-Jan-15,481.80,488.40,480.49,485.22,1584756
16-Jan-15,470.43,483.00,469.58,481.56,3143306
15-Jan-15,466.28,473.49,455.01,473.49,3973947
14-Jan-15,474.00,475.20,459.80,462.50,3851648
13-Jan-15,475.10,483.10,473.60,481.70,1645751
12-Jan-15,475.30,480.50,470.10,475.90,1755004
9-Jan-15,481.90,484.90,471.90,474.60,2186248
8-Jan-15,476.67,483.76,472.06,483.76,2800682
7-Jan-15,470.40,474.20,466.30,472.50,2754781
6-Jan-15,472.50,475.30,465.90,467.00,2667260
5-Jan-15,486.60,490.70,472.00,473.50,2670753
31-Dec-14,488.90,493.50,484.60,489.00,925272
30-Dec-14,495.60,497.60,487.50,488.90,2022478
29-Dec-14,502.10,502.10,493.00,499.00,1317589
24-Dec-14,506.40,506.40,495.60,499.60,311482
23-Dec-14,502.90,506.70,497.40,500.50,1386035
22-Dec-14,503.10,507.80,499.20,500.90,1877074
19-Dec-14,496.80,502.70,494.30,500.50,4013126
18-Dec-14,486.70,495.00,481.80,494.30,3770474
17-Dec-14,477.20,482.20,471.30,480.20,2646224
16-Dec-14,471.40,484.00,466.20,484.00,4510803
15-Dec-14,478.10,486.20,469.00,469.00,3170694
12-Dec-14,494.39,495.21,478.50,478.62,2830464
11-Dec-14,500.38,501.60,493.50,496.34,2706693
10-Dec-14,498.91,504.32,498.50,499.28,1709617
9-Dec-14,508.60,512.10,498.80,498.80,2856107
8-Dec-14,519.32,519.38,511.01,511.01,1826495
5-Dec-14,515.66,524.70,515.64,521.03,2392975
4-Dec-14,515.90,517.50,510.30,512.00,1930140
3-Dec-14,515.41,518.47,512.89,513.33,2138690
2-Dec-14,514.70,519.80,514.10,515.90,1741550
1-Dec-14,515.30,519.40,510.90,512.50,2207083
28-Nov-14,515.90,521.20,515.80,518.20,3234500
27-Nov-14,511.10,516.60,509.10,515.90,1872736
26-Nov-14,509.90,513.00,507.10,509.50,1784223
25-Nov-14,503.60,513.60,503.60,509.50,2822299
24-Nov-14,508.44,508.93,504.32,504.90,1917702
21-Nov-14,508.57,511.11,504.90,507.96,2591817
20-Nov-14,506.40,507.20,502.00,506.10,2004599
19-Nov-14,505.30,507.80,503.90,506.00,1726989
18-Nov-14,502.50,506.00,500.30,504.00,1967791
17-Nov-14,496.59,503.63,496.10,501.48,2429220
14-Nov-14,492.20,501.10,491.80,501.10,4487080
13-Nov-14,491.90,494.60,486.20,490.80,4012226
12-Nov-14,497.00,498.50,492.10,494.90,2756587
11-Nov-14,493.00,497.80,491.70,497.00,2163717
10-Nov-14,487.20,492.40,484.90,492.40,2755470
7-Nov-14,487.30,489.10,483.50,485.80,3550412
6-Nov-14,481.56,488.40,477.52,484.12,2999040
5-Nov-14,475.80,486.70,475.20,483.90,3527583
4-Nov-14,470.60,477.90,469.30,471.00,2197361
3-Nov-14,478.87,481.66,469.54,470.68,2790693
31-Oct-14,481.60,485.50,479.00,481.20,3172281
30-Oct-14,477.30,477.30,465.30,475.30,2533548
29-Oct-14,474.34,474.82,460.66,469.46,3522981
28-Oct-14,474.22,475.07,470.68,470.92,2280637
27-Oct-14,476.67,480.82,469.58,472.65,1918222
24-Oct-14,473.98,478.97,472.02,473.00,2556881
23-Oct-14,472.51,477.28,469.21,474.29,2984811
22-Oct-14,476.30,476.70,471.50,473.40,3479636
21-Oct-14,463.70,475.30,462.20,475.20,3870369
20-Oct-14,468.20,470.30,461.30,463.00,2292681
17-Oct-14,458.33,470.40,455.89,469.21,3805490
16-Oct-14,461.90,464.70,442.80,458.30,6344570
15-Oct-14,473.90,473.90,458.50,459.20,3745271
14-Oct-14,466.30,473.70,464.20,473.40,2964692
13-Oct-14,465.90,472.30,465.40,470.70,2929472
10-Oct-14,472.90,479.60,467.60,471.20,4209419
9-Oct-14,492.90,495.50,475.20,476.70,3149074
8-Oct-14,485.30,490.60,482.40,488.40,2731327
7-Oct-14,490.97,491.03,484.86,486.69,2972458
6-Oct-14,494.63,495.73,490.61,492.56,2307067
3-Oct-14,489.90,494.40,485.80,492.70,2601826
2-Oct-14,499.20,500.40,487.90,487.90,3002641
1-Oct-14,504.00,505.40,498.40,498.90,3891593
30-Sep-14,509.79,510.25,503.68,506.49,2675326
29-Sep-14,506.10,509.20,504.40,508.20,1804500
26-Sep-14,506.61,507.39,500.99,506.86,2227698
25-Sep-14,502.46,508.06,502.33,506.24,3694660
24-Sep-14,503.10,503.90,497.10,503.60,2614318
23-Sep-14,511.99,512.06,501.72,505.51,3386911
22-Sep-14,513.70,515.90,508.40,513.70,2958356
19-Sep-14,516.88,518.83,511.67,515.29,6167325
18-Sep-14,501.84,510.65,499.77,508.08,3176153
17-Sep-14,501.40,505.10,499.30,500.40,2219881
16-Sep-14,502.82,504.41,492.90,500.01,2240145
15-Sep-14,499.89,505.76,497.24,503.68,2734594
12-Sep-14,504.90,506.40,498.70,501.80,2388305
11-Sep-14,504.80,513.90,499.80,505.30,5419182
10-Sep-14,490.40,500.00,489.60,497.90,3086089
9-Sep-14,495.60,502.00,492.90,498.90,2520986
8-Sep-14,506.00,506.00,487.10,496.70,4894475
5-Sep-14,510.90,511.10,500.90,509.10,3150473
4-Sep-14,518.00,522.60,499.60,509.90,12665901
3-Sep-14,469.09,474.83,469.03,471.90,2601835
2-Sep-14,470.20,471.70,466.50,468.50,2172780
1-Sep-14,468.50,470.90,466.00,469.20,1553689
29-Aug-14,466.89,469.94,465.62,469.82,2832458
28-Aug-14,465.80,467.70,461.80,465.90,2938694
27-Aug-14,462.61,466.77,462.27,465.54,1406347
26-Aug-14,460.41,463.59,458.72,462.73,1328445
22-Aug-14,460.78,461.51,456.12,459.68,1300996
21-Aug-14,454.30,461.10,453.80,460.70,1458056
20-Aug-14,454.30,455.66,452.47,453.93,1574341
19-Aug-14,455.80,458.60,454.40,455.30,1080323
18-Aug-14,454.67,454.67,451.41,453.44,1578452
15-Aug-14,447.94,452.59,447.87,450.39,2512114
14-Aug-14,446.40,450.90,445.00,447.90,2575127
13-Aug-14,445.50,449.40,436.80,448.60,2857398
12-Aug-14,444.20,446.10,442.00,443.20,1342055
11-Aug-14,445.10,446.70,442.60,445.40,2285110
8-Aug-14,438.04,443.18,435.04,442.44,2178116
7-Aug-14,437.31,444.52,433.84,443.06,2309592
6-Aug-14,451.90,452.20,437.30,437.80,2801480
5-Aug-14,455.20,458.70,448.10,452.20,2369666
4-Aug-14,446.97,448.88,440.27,445.38,2363141
1-Aug-14,456.70,456.90,444.60,446.70,2504041
31-Jul-14,460.40,461.80,456.60,458.10,2418522
30-Jul-14,466.90,466.90,458.10,460.70,1371556
29-Jul-14,469.30,470.80,464.90,466.60,1426971
28-Jul-14,469.60,471.70,464.80,467.60,1357759
25-Jul-14,465.80,471.20,465.40,467.90,1343581
24-Jul-14,466.40,469.00,463.20,467.60,1466563
23-Jul-14,466.03,469.09,465.68,466.28,1341790
22-Jul-14,464.08,468.84,462.82,467.87,1707248
21-Jul-14,463.30,465.70,459.40,461.80,1455753
18-Jul-14,459.10,464.10,455.50,464.00,1868970
17-Jul-14,466.60,467.50,460.20,460.80,1333899
16-Jul-14,462.00,469.30,462.00,468.50,1748275
15-Jul-14,463.10,464.94,460.17,460.66,1415624
14-Jul-14,462.60,469.50,461.50,464.70,1675713
11-Jul-14,461.50,463.60,460.00,461.60,1385624
10-Jul-14,461.39,462.95,455.06,460.41,2844442
9-Jul-14,463.80,464.20,460.30,462.00,2039706
8-Jul-14,465.18,465.18,460.93,464.32,2776746
7-Jul-14,467.74,469.21,462.87,463.96,1476040
4-Jul-14,468.48,469.41,464.01,467.87,1296268
3-Jul-14,461.30,469.10,460.70,468.40,2083132
2-Jul-14,462.37,464.67,460.53,460.78,1363583
1-Jul-14,460.78,463.22,457.96,462.49,1195778
30-Jun-14,458.94,459.43,454.25,457.28,2359490
27-Jun-14,458.90,460.80,457.00,458.30,1893220
26-Jun-14,455.77,458.65,453.81,456.26,1866385
25-Jun-14,453.93,455.46,448.89,453.81,2567440
24-Jun-14,459.68,461.02,452.74,454.91,2304717
23-Jun-14,463.00,463.70,457.10,457.60,1794499
20-Jun-14,466.20,466.80,463.50,463.50,3625317
19-Jun-14,473.00,473.70,466.20,466.60,1931137
18-Jun-14,467.40,472.00,464.90,465.90,1199382
17-Jun-14,470.40,470.80,465.90,466.40,1917021
16-Jun-14,471.30,473.40,464.80,468.20,1879456
13-Jun-14,481.30,481.30,467.50,471.80,2493646
12-Jun-14,486.00,488.00,479.00,483.00,1308188
11-Jun-14,483.80,488.80,483.60,484.60,2233586
10-Jun-14,485.10,485.10,481.68,485.10,1312182
9-Jun-14,489.87,490.18,479.72,486.08,948551
6-Jun-14,484.61,491.36,484.00,489.01,1572422
5-Jun-14,481.20,487.50,479.80,483.80,1789720
4-Jun-14,473.49,481.31,471.90,480.94,1963936
3-Jun-14,480.60,482.70,472.50,474.30,2330359
2-Jun-14,487.50,487.50,473.90,480.70,3600028
30-May-14,492.07,494.27,487.56,488.89,2431705
29-May-14,491.82,496.59,490.72,493.02,1867939
28-May-14,488.77,493.41,487.19,492.07,2537724
27-May-14,483.39,488.29,482.78,487.67,1811327
23-May-14,485.20,488.00,480.90,482.30,1788616
22-May-14,479.10,481.80,475.40,480.50,2252257
21-May-14,472.63,477.77,470.83,477.77,1655275
20-May-14,474.80,479.80,472.10,472.60,1839618
19-May-14,475.00,477.30,473.00,474.50,2109007
16-May-14,473.24,474.34,469.23,473.24,2555639
15-May-14,479.72,482.03,472.27,473.24,2175780
14-May-14,478.38,480.01,474.75,477.64,1903000
13-May-14,477.60,477.90,474.50,477.50,1421882
12-May-14,473.73,476.91,470.95,475.93,1726280
9-May-14,470.56,472.63,466.91,472.39,1722841
8-May-14,470.56,474.34,468.51,471.29,1429323
7-May-14,472.00,476.10,465.40,469.50,2520021
6-May-14,473.49,476.42,469.33,474.20,2148188
2-May-14,472.27,473.06,467.99,469.94,1901673
1-May-14,473.86,483.36,466.64,470.92,1250764
30-Apr-14,471.41,477.35,448.68,467.13,3556430
29-Apr-14,459.80,477.36,459.80,471.78,2863916
28-Apr-14,462.61,475.19,457.87,459.56,1563572
25-Apr-14,467.50,479.49,458.33,461.02,1966128
24-Apr-14,470.92,488.91,465.54,468.60,2129031
23-Apr-14,467.26,468.21,465.44,467.50,1592352
22-Apr-14,463.47,468.84,462.76,466.89,1862955
17-Apr-14,456.13,462.38,454.32,462.00,1567405
16-Apr-14,451.86,466.38,450.05,451.26,1537760
15-Apr-14,454.67,467.22,447.09,448.56,1820385
14-Apr-14,455.28,465.94,447.58,454.18,2080753
11-Apr-14,458.58,471.70,454.67,456.74,2044158
10-Apr-14,469.70,481.04,461.51,461.88,2797414
9-Apr-14,458.33,479.34,458.33,466.64,2696683
8-Apr-14,479.50,480.60,468.70,471.20,4004434
7-Apr-14,480.10,485.20,478.30,480.10,2342829
4-Apr-14,479.70,486.60,478.30,484.20,2689642
3-Apr-14,480.09,486.17,476.06,477.40,3474401
2-Apr-14,467.60,475.60,466.00,475.60,4231492
1-Apr-14,464.00,465.90,461.60,464.40,3085202
31-Mar-14,466.40,468.48,460.29,461.36,4269286
28-Mar-14,469.70,470.20,449.70,464.80,7909402
27-Mar-14,488.77,488.77,469.28,472.14,4415915
26-Mar-14,464.00,490.00,463.70,488.90,6400970
25-Mar-14,448.68,459.65,448.68,456.87,3002764
24-Mar-14,448.70,450.60,446.60,447.50,3647587
21-Mar-14,444.50,450.80,442.60,447.30,6260884
20-Mar-14,429.98,443.42,428.91,443.30,5882209
19-Mar-14,448.10,449.00,416.40,432.70,7575034
18-Mar-14,441.34,450.14,440.55,446.60,3127673
17-Mar-14,439.51,444.95,438.49,442.57,1824005
14-Mar-14,440.90,443.50,437.10,438.00,2452088
13-Mar-14,451.90,451.90,443.20,443.40,2256511
12-Mar-14,450.50,453.10,447.90,447.90,2529282
11-Mar-14,455.30,456.10,451.50,452.30,2492181
10-Mar-14,458.90,462.70,454.40,454.70,2591045
7-Mar-14,464.90,465.40,458.70,459.20,3671851
6-Mar-14,469.90,470.40,464.00,464.00,2991770
5-Mar-14,472.80,473.90,466.50,466.50,2984299
4-Mar-14,469.10,476.30,469.10,471.30,2913732
3-Mar-14,469.20,469.30,460.30,463.20,2757071
28-Feb-14,467.90,477.30,460.30,476.70,5787488
27-Feb-14,472.00,473.70,452.20,466.60,3605829
26-Feb-14,476.30,477.20,470.80,470.80,2838611
25-Feb-14,475.80,477.20,473.00,475.60,5753226
24-Feb-14,471.40,475.20,469.10,475.20,4059097
21-Feb-14,478.60,480.60,471.30,473.50,3452276
20-Feb-14,479.60,482.40,469.90,475.10,3009174
19-Feb-14,475.30,479.10,472.40,479.00,2474873
18-Feb-14,477.40,477.60,470.40,475.70,3536567
17-Feb-14,471.00,477.00,469.70,475.70,2586070
14-Feb-14,473.10,473.60,470.30,472.60,1663023
13-Feb-14,474.00,475.10,468.00,473.00,3234037
12-Feb-14,471.50,476.90,470.30,474.20,3440286
11-Feb-14,464.40,472.30,464.30,470.40,4238867
10-Feb-14,461.90,463.80,458.60,462.90,2144126
7-Feb-14,459.80,465.10,457.80,461.10,2895122
6-Feb-14,451.00,459.60,448.30,458.70,3257606
5-Feb-14,447.80,450.50,445.70,448.70,3231205
4-Feb-14,438.40,448.40,435.00,447.30,3101312
3-Feb-14,447.00,448.60,438.70,441.20,2900518
31-Jan-14,452.10,452.10,438.40,446.80,2441869
30-Jan-14,454.40,454.90,446.20,453.20,2510142
29-Jan-14,458.50,459.60,448.70,454.50,3486427
28-Jan-14,451.20,454.70,449.50,454.10,2881595
27-Jan-14,455.80,457.70,448.30,449.80,2902798
24-Jan-14,467.10,468.10,452.80,456.90,3248635
23-Jan-14,475.80,477.50,463.60,466.50,3274598
22-Jan-14,473.00,476.90,472.10,476.80,2682952
21-Jan-14,466.90,471.70,466.80,469.20,1834705
20-Jan-14,468.80,470.10,466.80,467.10,1661929
17-Jan-14,468.60,472.90,466.60,469.60,2690963
16-Jan-14,473.00,476.90,465.50,466.90,1992771
15-Jan-14,468.20,473.60,464.70,471.70,4076362
14-Jan-14,458.10,461.50,455.00,460.90,1527086
13-Jan-14,462.70,464.80,459.60,460.80,1830224
10-Jan-14,454.70,461.00,453.00,460.40,2756126
9-Jan-14,453.00,455.60,449.30,451.50,2306997
8-Jan-14,448.30,453.80,446.00,453.30,3001573
7-Jan-14,440.10,448.10,440.10,447.10,2567335
6-Jan-14,443.70,445.40,438.00,440.10,1835766
3-Jan-14,435.10,443.30,434.50,442.40,2491359
2-Jan-14,441.30,441.30,432.90,433.60,1807022
31-Dec-13,440.00,440.40,435.50,439.50,533022
30-Dec-13,436.80,439.80,435.60,438.70,1177074
27-Dec-13,437.80,438.40,433.50,436.70,1453268
24-Dec-13,436.50,440.00,435.70,436.30,701328
23-Dec-13,431.80,437.90,430.80,436.10,1805791
20-Dec-13,432.40,434.00,428.50,432.40,3549384
19-Dec-13,422.20,431.60,420.40,431.10,3093215
18-Dec-13,417.40,419.80,415.40,415.90,2019257
17-Dec-13,416.80,417.10,414.00,415.40,2178506
16-Dec-13,411.30,418.60,409.90,417.80,1987004
13-Dec-13,409.60,413.20,408.00,411.00,2036761
12-Dec-13,413.00,413.10,405.40,408.70,2062496
11-Dec-13,413.10,415.10,411.00,413.10,3188551
10-Dec-13,417.30,417.50,412.50,413.70,2514065
9-Dec-13,419.50,420.60,412.60,417.00,2176981
6-Dec-13,415.60,416.80,410.90,416.00,2750519
5-Dec-13,412.90,418.10,411.30,413.00,2522324
4-Dec-13,414.30,417.30,411.50,414.20,3077536
3-Dec-13,426.10,426.10,412.70,413.40,3982616
2-Dec-13,428.50,429.60,422.50,425.00,1720609
29-Nov-13,433.00,433.40,429.50,429.50,2295742
28-Nov-13,430.60,433.60,429.50,433.20,1397978
27-Nov-13,428.40,432.20,427.30,430.10,2849944
26-Nov-13,428.39,431.93,426.31,427.80,3179616
25-Nov-13,430.10,431.40,427.70,428.50,2006578
22-Nov-13,423.50,430.50,423.40,428.40,3129661
21-Nov-13,421.70,424.60,413.20,422.20,2932440
20-Nov-13,414.20,420.60,414.20,418.10,2825319
19-Nov-13,409.40,416.00,409.20,415.40,1877658
18-Nov-13,415.10,415.10,409.30,412.40,2895630
15-Nov-13,416.30,416.80,412.90,415.20,2292062
14-Nov-13,415.70,416.40,411.30,413.70,2473393
13-Nov-13,415.60,418.40,410.30,410.40,3395419
12-Nov-13,421.10,424.70,416.20,416.90,2651099
11-Nov-13,426.07,426.19,419.96,421.89,3016118
8-Nov-13,420.70,424.80,416.00,424.80,1915949
7-Nov-13,429.50,429.50,422.00,423.10,2972757
6-Nov-13,430.30,433.60,429.60,430.30,1828143
5-Nov-13,435.00,435.00,426.90,429.00,1999685
4-Nov-13,431.32,436.46,429.98,434.00,1943003
1-Nov-13,430.20,431.10,425.90,429.10,3266769
31-Oct-13,431.80,435.60,429.00,430.20,5630690
30-Oct-13,437.60,444.30,431.60,433.30,8048356
29-Oct-13,443.50,456.50,442.60,451.20,3569057
28-Oct-13,448.70,449.20,440.10,443.80,2247272
25-Oct-13,452.30,456.00,442.90,448.10,2731779
24-Oct-13,448.30,455.20,448.10,454.50,2061732
23-Oct-13,445.90,449.20,445.10,447.80,2049754
22-Oct-13,445.90,448.60,443.10,447.20,2484404
21-Oct-13,440.70,446.40,438.30,446.20,2266767
18-Oct-13,443.10,444.00,437.70,439.50,4161467
17-Oct-13,443.20,443.90,435.10,440.00,3508606
16-Oct-13,440.70,448.10,440.20,444.00,2624612
15-Oct-13,437.90,442.60,437.40,441.80,2988052
14-Oct-13,433.90,436.00,430.20,435.60,2678684
11-Oct-13,428.50,436.50,427.80,434.50,3464113
10-Oct-13,409.00,424.60,408.30,423.40,3714471
9-Oct-13,415.56,417.39,405.53,413.23,4813854
8-Oct-13,428.80,429.40,416.40,416.90,3319488
7-Oct-13,431.20,432.70,427.70,429.60,2071192
4-Oct-13,424.40,435.80,424.00,432.80,3980522
3-Oct-13,420.30,424.50,419.00,422.20,2562240
2-Oct-13,422.00,423.30,416.00,420.90,2048916
1-Oct-13,423.50,425.70,418.20,423.00,2291667
30-Sep-13,424.50,425.20,419.10,422.20,3549727
27-Sep-13,429.00,431.00,424.40,429.60,2428595
26-Sep-13,425.30,430.70,422.20,428.00,2323919
25-Sep-13,421.70,426.30,417.60,425.30,1964502
24-Sep-13,420.10,425.30,418.70,422.30,2231273
20-Sep-13,422.60,431.20,422.60,426.20,4373305
19-Sep-13,426.10,434.40,422.00,423.70,2890366
18-Sep-13,420.30,423.90,417.60,420.10,1800200
17-Sep-13,434.50,436.80,420.30,420.30,3887749
16-Sep-13,425.60,436.10,424.70,432.80,4173452
13-Sep-13,416.50,420.40,415.60,418.90,2044492
12-Sep-13,421.70,424.10,414.80,416.30,1981921
11-Sep-13,419.60,422.00,415.70,420.90,2947453
10-Sep-13,420.70,426.20,420.20,424.20,2641638
9-Sep-13,415.20,418.70,412.30,416.50,2687758
6-Sep-13,415.10,416.30,405.90,413.10,3147055
5-Sep-13,413.20,419.30,407.60,415.90,2656216
4-Sep-13,417.10,417.10,404.40,411.60,3171484
3-Sep-13,420.40,420.40,410.20,415.30,4626491
2-Sep-13,408.80,421.50,407.00,419.80,2897818
30-Aug-13,414.90,414.90,404.40,404.80,3065537
29-Aug-13,412.30,415.70,408.50,413.40,2395654
28-Aug-13,411.00,412.50,405.40,410.20,3203843
27-Aug-13,419.50,421.90,411.40,412.00,3698237
23-Aug-13,422.90,422.90,417.40,420.30,3594956
22-Aug-13,420.60,426.90,420.60,422.30,4125489
21-Aug-13,422.40,439.80,420.80,421.20,7007758
20-Aug-13,418.60,419.10,409.60,419.10,6079011
19-Aug-13,423.30,424.50,419.50,422.00,2882686
16-Aug-13,427.00,427.40,420.20,423.10,6455693
15-Aug-13,446.50,447.10,424.60,427.20,4160126
14-Aug-13,449.30,451.40,444.50,445.70,2243428
13-Aug-13,453.30,456.90,443.90,447.00,3072933
12-Aug-13,448.80,454.70,445.50,452.20,4069410
9-Aug-13,460.70,461.00,441.60,446.10,5448791
8-Aug-13,466.90,474.20,434.30,461.40,6916701
7-Aug-13,474.80,483.00,473.40,473.50,4071591
6-Aug-13,475.60,490.50,472.80,478.00,4971438
5-Aug-13,474.10,479.50,472.30,476.70,2319971
2-Aug-13,475.80,476.50,466.80,472.40,2127553
1-Aug-13,465.40,471.90,463.60,471.90,2818377
31-Jul-13,462.40,466.50,460.90,463.60,3092688
30-Jul-13,460.50,464.70,460.00,462.70,3192529
29-Jul-13,459.90,464.40,456.50,458.60,1417412
26-Jul-13,467.50,467.50,457.00,458.30,1871257
25-Jul-13,461.90,465.80,459.40,462.10,3211777
24-Jul-13,464.20,467.60,459.30,461.50,2705312
23-Jul-13,469.10,470.60,461.50,461.90,2158659
22-Jul-13,470.70,472.40,462.70,466.50,1445977
19-Jul-13,476.54,477.86,461.51,470.56,4549543
18-Jul-13,467.62,479.84,466.20,477.16,2164214
17-Jul-13,470.40,473.90,462.90,467.60,3379831
16-Jul-13,475.90,476.80,466.30,466.90,2626864
15-Jul-13,472.10,477.00,470.10,473.90,2321066
12-Jul-13,465.30,472.39,464.91,470.19,2528804
11-Jul-13,472.40,473.20,462.10,463.20,2794577
10-Jul-13,464.10,468.40,457.80,466.20,2415514
9-Jul-13,459.43,467.63,458.09,465.30,3233558
8-Jul-13,451.50,460.40,449.70,456.50,2627465
5-Jul-13,451.20,458.30,444.60,447.60,3666382
4-Jul-13,436.90,450.00,433.80,449.80,2760693
3-Jul-13,428.02,432.79,420.79,432.42,2827434
2-Jul-13,440.50,440.50,429.70,433.30,2821555
1-Jul-13,426.80,439.46,426.80,437.68,4083893
28-Jun-13,430.71,434.66,422.03,422.52,6092683
27-Jun-13,435.00,435.50,423.50,428.80,4393786
26-Jun-13,425.10,439.30,423.90,432.90,3065539
25-Jun-13,422.77,426.00,417.51,424.60,4881054
24-Jun-13,431.00,433.00,416.50,418.60,2539554
21-Jun-13,436.30,447.60,431.00,431.00,6598280
20-Jun-13,443.06,445.07,432.42,435.23,3347596
19-Jun-13,458.50,458.80,449.30,451.50,2973760
18-Jun-13,447.30,461.50,446.80,458.60,2771796
17-Jun-13,447.09,454.69,445.05,448.43,2934002
14-Jun-13,445.60,451.70,442.60,445.70,2613718
13-Jun-13,436.90,443.90,432.20,441.80,4034052
12-Jun-13,443.42,452.21,443.06,444.40,2905022
11-Jun-13,454.20,454.20,439.30,442.90,2567265
10-Jun-13,456.87,462.06,455.03,456.01,2089406
7-Jun-13,446.36,460.29,444.30,458.70,3114500
6-Jun-13,458.46,462.66,444.40,444.40,2514012
5-Jun-13,475.08,475.86,459.56,460.17,4047181
4-Jun-13,475.40,481.80,474.50,479.00,2178280
3-Jun-13,476.79,478.54,471.29,472.27,2818205
31-May-13,492.60,492.60,478.70,480.10,5319715
30-May-13,490.70,492.90,486.40,492.90,3187480
29-May-13,506.12,506.84,491.46,491.46,3816296
28-May-13,503.40,512.50,501.70,507.70,2688687
24-May-13,506.40,508.80,494.60,499.20,2348377
23-May-13,504.50,509.30,496.20,503.80,3870496
22-May-13,510.30,516.00,508.20,515.40,2889039
21-May-13,507.60,510.50,504.40,509.30,2933550
20-May-13,508.80,509.20,501.80,507.70,1732594
17-May-13,502.10,507.60,498.50,506.60,2361144
16-May-13,504.20,534.60,500.00,502.10,2280622
15-May-13,495.37,503.57,490.39,502.94,2753041
14-May-13,491.94,494.76,487.34,494.76,1694788
13-May-13,488.30,491.30,485.70,490.60,2060520
10-May-13,489.01,492.92,485.57,491.21,1904848
9-May-13,488.40,490.60,486.00,489.40,1904050
8-May-13,485.20,489.90,483.30,489.70,2492181
7-May-13,478.40,484.20,475.90,483.90,3358425
3-May-13,473.24,480.58,470.58,478.87,2370739
2-May-13,460.80,472.80,460.40,472.40,3256743
1-May-13,457.60,464.10,456.00,462.50,1225275
30-Apr-13,467.60,470.60,456.50,457.40,3736753
29-Apr-13,474.59,477.40,468.40,471.17,3622300
26-Apr-13,475.81,476.40,470.07,473.37,4068706
25-Apr-13,472.51,482.14,468.11,478.99,5333515
24-Apr-13,439.10,470.30,439.10,465.30,9139777
23-Apr-13,414.00,431.70,414.00,430.80,3075122
22-Apr-13,411.64,420.08,410.86,414.21,2113240
19-Apr-13,407.40,410.20,401.70,408.60,3276956
18-Apr-13,410.80,411.40,402.70,405.00,3157073
17-Apr-13,422.40,422.40,408.50,409.40,4373361
16-Apr-13,422.77,423.99,418.14,418.98,2561773
15-Apr-13,427.53,430.59,402.67,424.48,3225607
12-Apr-13,421.42,432.84,420.57,428.27,4136533
11-Apr-13,415.30,423.60,413.80,423.60,3557054
10-Apr-13,402.36,416.66,401.33,416.66,4094746
9-Apr-13,403.82,405.72,399.37,402.36,2880502
8-Apr-13,401.01,404.80,398.58,402.60,2959553
5-Apr-13,413.36,414.20,394.29,398.57,3830770
4-Apr-13,424.60,427.41,411.77,411.89,3560182
3-Apr-13,432.92,433.52,423.38,423.38,4061909
2-Apr-13,446.20,452.60,444.60,452.60,2509920
28-Mar-13,444.00,448.20,443.20,446.50,3798545
27-Mar-13,451.12,452.12,440.04,442.69,2947158
26-Mar-13,450.50,453.70,447.90,449.90,2544391
25-Mar-13,451.86,456.07,447.70,448.19,2808998
22-Mar-13,443.91,452.83,441.63,448.80,2328147
21-Mar-13,451.10,451.10,444.30,446.60,2997218
20-Mar-13,453.30,456.70,447.00,451.70,4521272
19-Mar-13,463.22,464.32,448.20,449.41,4829253
18-Mar-13,454.54,466.19,452.71,464.44,3597325
15-Mar-13,470.70,471.00,463.00,463.00,6303877
14-Mar-13,469.30,472.60,465.30,468.00,3553904
13-Mar-13,464.00,468.50,461.60,468.10,2037767
12-Mar-13,462.50,466.90,461.80,464.40,3132123
11-Mar-13,465.06,466.94,460.17,462.37,2366572
8-Mar-13,459.68,466.51,457.48,465.79,3567054
7-Mar-13,464.40,470.90,451.90,455.90,5104794
6-Mar-13,457.11,459.68,454.36,457.36,3149240
5-Mar-13,446.40,458.30,445.50,457.50,3567379
4-Mar-13,441.80,444.30,438.00,443.50,3308020
1-Mar-13,429.70,442.60,427.50,441.20,3737817
28-Feb-13,421.10,431.20,418.70,430.80,5247284
27-Feb-13,414.80,418.90,409.90,417.90,2809598
26-Feb-13,414.70,415.70,411.80,412.70,2595627
25-Feb-13,430.00,430.60,420.90,422.40,3130348
22-Feb-13,422.30,429.90,421.70,427.80,2234062
21-Feb-13,424.40,426.70,418.70,421.40,3243662
20-Feb-13,421.10,428.00,419.30,426.80,3344411
19-Feb-13,410.80,422.30,410.20,421.90,2919166
18-Feb-13,409.20,412.34,409.20,411.77,1331560
15-Feb-13,411.77,414.26,410.70,410.91,2836956
14-Feb-13,415.68,416.89,409.81,413.11,2337782
13-Feb-13,411.89,419.22,410.30,416.29,2510481
12-Feb-13,410.50,412.50,407.50,412.50,1997707
11-Feb-13,409.20,412.00,408.00,410.70,1735360
8-Feb-13,406.51,411.64,406.08,409.69,2143763
7-Feb-13,411.89,413.48,402.97,407.79,2284480
6-Feb-13,410.80,415.10,408.70,412.10,3594762
5-Feb-13,412.70,414.10,403.60,409.70,4475665
4-Feb-13,425.80,426.10,411.60,412.70,3192684
1-Feb-13,423.10,427.30,421.80,426.10,2413930
31-Jan-13,426.80,428.60,420.60,422.40,4344768
30-Jan-13,430.50,431.70,426.40,426.60,3010571
29-Jan-13,427.20,430.10,425.60,429.40,2297791
28-Jan-13,421.80,428.80,421.40,427.80,3621092
25-Jan-13,417.90,423.70,417.90,422.50,2399455
24-Jan-13,410.40,420.10,407.90,419.00,2623992
23-Jan-13,419.70,420.90,410.10,411.00,3687542
22-Jan-13,419.60,421.90,416.20,419.30,2841998
21-Jan-13,423.26,424.70,420.32,422.64,1814933
18-Jan-13,425.09,425.09,421.36,422.16,2793326
17-Jan-13,422.80,424.60,419.80,423.90,3060700
16-Jan-13,426.60,427.80,422.50,422.60,2939859
15-Jan-13,431.32,431.32,425.09,426.71,2386753
14-Jan-13,430.70,435.80,429.70,431.10,2772233
11-Jan-13,432.30,435.20,430.50,431.40,3651847
10-Jan-13,427.20,432.50,426.30,430.20,2183797
9-Jan-13,424.40,427.50,424.40,426.60,2569403
8-Jan-13,423.01,428.04,423.01,424.11,2937415
7-Jan-13,431.00,431.70,426.40,427.50,2676060
4-Jan-13,422.30,432.80,422.20,430.30,3749078
3-Jan-13,418.73,425.17,418.24,423.38,2624867
2-Jan-13,412.62,422.35,411.52,418.98,2356721
