31-Dec-15,281.40,281.50,275.00,275.00,302849
30-Dec-15,277.20,281.85,276.80,277.50,166636
29-Dec-15,279.40,280.00,276.40,276.65,139473
24-Dec-15,279.00,279.00,276.70,278.05,23554
23-Dec-15,275.60,278.80,275.30,278.30,135898
22-Dec-15,275.10,276.23,273.00,274.40,253679
21-Dec-15,274.80,276.00,271.00,273.10,151621
18-Dec-15,274.90,275.90,271.46,275.80,706008
16-Dec-15,269.40,275.00,269.02,273.00,248265
15-Dec-15,266.70,269.49,263.00,269.40,261294
14-Dec-15,269.10,269.10,261.40,268.80,389709
11-Dec-15,269.00,271.30,265.20,268.20,305131
10-Dec-15,271.00,274.20,269.50,270.00,211399
9-Dec-15,276.00,276.00,271.10,272.10,228450
8-Dec-15,276.00,278.80,271.00,276.55,290974
7-Dec-15,279.20,281.68,275.20,275.70,615672
4-Dec-15,277.40,277.40,272.00,275.90,289218
3-Dec-15,280.40,281.90,273.11,273.11,588831
2-Dec-15,275.80,281.10,275.80,280.80,223997
1-Dec-15,274.10,276.59,273.31,276.00,180551
30-Nov-15,273.20,275.00,271.88,273.30,139620
27-Nov-15,271.00,273.10,267.70,272.30,304439
26-Nov-15,272.00,272.00,268.30,271.70,187932
25-Nov-15,268.00,271.78,267.26,270.60,91062
24-Nov-15,269.00,269.83,265.20,268.50,406617
23-Nov-15,267.70,268.80,266.40,268.29,193077
20-Nov-15,264.10,267.70,264.10,266.50,278055
19-Nov-15,268.90,268.90,264.00,265.00,516816
18-Nov-15,267.00,267.40,263.37,265.00,400314
17-Nov-15,264.20,268.50,261.42,264.00,298319
16-Nov-15,263.00,264.50,259.00,260.00,274823
13-Nov-15,268.50,268.50,261.90,264.80,362269
12-Nov-15,269.60,269.96,263.60,266.20,110661
11-Nov-15,266.00,269.40,266.00,267.70,83193
10-Nov-15,269.60,270.49,266.00,268.30,109436
9-Nov-15,271.90,274.50,266.96,271.20,125034
6-Nov-15,269.10,272.00,267.30,272.00,229837
5-Nov-15,262.50,269.99,262.17,265.10,413781
4-Nov-15,263.30,264.60,261.58,262.75,82227
3-Nov-15,260.80,262.40,259.30,261.00,127410
2-Nov-15,255.00,259.76,254.52,257.70,140839
30-Oct-15,257.90,258.50,255.50,256.65,281480
29-Oct-15,256.50,258.40,254.20,256.50,252057
28-Oct-15,253.00,256.62,252.50,256.30,166593
27-Oct-15,254.80,255.70,252.40,255.50,178347
26-Oct-15,255.00,256.14,253.00,254.30,419842
23-Oct-15,246.10,254.40,246.10,252.80,480477
22-Oct-15,243.50,247.40,243.00,246.70,171713
21-Oct-15,247.90,249.12,243.60,244.75,291165
20-Oct-15,243.20,247.50,243.20,247.00,331743
19-Oct-15,247.20,247.71,243.09,243.60,296786
16-Oct-15,247.60,248.00,244.40,246.90,413326
15-Oct-15,244.90,246.20,243.30,244.80,191163
14-Oct-15,243.60,245.20,242.99,243.10,155676
13-Oct-15,244.00,247.48,243.50,245.20,285449
12-Oct-15,244.30,248.41,241.70,241.70,185322
9-Oct-15,245.90,248.50,243.68,246.60,294186
8-Oct-15,244.80,246.00,241.00,241.90,544121
7-Oct-15,247.50,248.51,243.60,247.00,479158
6-Oct-15,252.30,252.56,246.46,247.20,401327
5-Oct-15,245.10,252.00,245.10,250.90,191834
2-Oct-15,242.80,246.22,240.20,243.60,112495
1-Oct-15,242.60,247.80,241.18,243.60,200963
30-Sep-15,241.10,241.30,239.00,241.20,48241
29-Sep-15,237.90,240.00,234.10,237.80,195208
28-Sep-15,245.40,246.76,239.80,242.50,458729
25-Sep-15,242.30,248.70,241.10,247.00,266980
24-Sep-15,244.40,245.53,239.00,241.20,170384
23-Sep-15,241.00,246.30,241.00,244.60,228270
22-Sep-15,249.00,251.36,241.50,248.00,429894
21-Sep-15,247.90,248.89,246.30,246.70,217799
18-Sep-15,252.90,252.90,246.60,249.00,1073750
17-Sep-15,249.60,253.22,249.60,250.00,349906
16-Sep-15,248.40,252.48,248.00,248.56,213055
15-Sep-15,245.70,251.98,242.50,246.40,241890
14-Sep-15,248.80,251.68,245.00,246.90,357037
11-Sep-15,248.20,249.63,246.20,247.70,94674
10-Sep-15,251.00,251.83,246.50,247.00,214851
9-Sep-15,253.70,254.06,249.58,252.52,256890
8-Sep-15,249.00,250.50,246.90,250.50,198950
7-Sep-15,249.10,249.50,245.10,246.10,234993
4-Sep-15,248.50,249.60,245.30,246.60,445960
3-Sep-15,246.30,251.80,246.30,249.50,382821
2-Sep-15,243.60,247.90,242.88,244.00,306427
1-Sep-15,247.60,247.60,241.68,243.50,269298
28-Aug-15,250.00,255.00,245.30,246.00,293262
27-Aug-15,244.50,250.33,244.16,250.33,590684
26-Aug-15,239.50,243.40,236.05,238.25,920615
25-Aug-15,235.80,244.08,234.80,242.70,923189
24-Aug-15,238.00,238.90,226.20,228.50,936596
21-Aug-15,253.90,253.90,244.80,251.00,397443
20-Aug-15,257.20,257.96,254.89,256.00,143998
19-Aug-15,262.10,262.10,256.76,257.20,245979
18-Aug-15,261.60,262.70,260.39,261.90,163274
17-Aug-15,262.30,265.20,260.50,262.60,136000
14-Aug-15,263.00,263.79,261.20,262.80,133546
13-Aug-15,263.00,265.00,261.40,262.90,366853
12-Aug-15,269.00,269.02,260.00,260.00,593696
11-Aug-15,274.40,274.78,270.10,270.70,277692
10-Aug-15,275.40,275.50,272.72,273.72,379849
7-Aug-15,273.70,274.20,272.50,273.70,221983
6-Aug-15,271.10,274.84,271.00,273.40,203048
5-Aug-15,270.80,273.00,269.13,271.75,422141
4-Aug-15,269.20,270.51,267.72,270.40,130603
3-Aug-15,271.30,271.30,268.50,268.70,134174
31-Jul-15,271.00,271.50,269.60,270.00,185309
30-Jul-15,268.00,269.80,266.80,268.42,444343
29-Jul-15,271.00,271.59,266.20,267.30,290466
28-Jul-15,273.10,273.10,268.10,271.00,164244
27-Jul-15,272.40,274.11,269.75,270.50,278794
24-Jul-15,273.50,276.30,272.50,274.36,418549
23-Jul-15,273.80,274.44,271.20,272.90,152436
22-Jul-15,275.20,276.40,271.50,272.90,221195
21-Jul-15,275.90,278.37,274.52,277.20,235897
20-Jul-15,269.40,275.40,268.00,272.44,342570
17-Jul-15,268.30,268.90,267.25,268.43,302467
16-Jul-15,266.60,268.76,266.60,268.40,155469
15-Jul-15,264.40,266.94,264.40,266.50,180023
14-Jul-15,265.20,267.45,264.40,267.00,181871
13-Jul-15,263.50,266.50,261.91,265.90,301246
10-Jul-15,262.50,263.79,260.50,261.60,145346
9-Jul-15,259.10,261.47,258.50,261.39,254659
8-Jul-15,257.80,259.76,257.15,258.40,478104
7-Jul-15,261.30,262.35,256.88,260.10,208268
6-Jul-15,259.00,263.00,258.40,259.91,619070
3-Jul-15,263.80,264.50,261.00,262.40,51249
2-Jul-15,265.00,265.00,262.87,264.11,217499
1-Jul-15,260.30,265.00,260.30,264.00,363673
30-Jun-15,262.00,262.90,258.70,261.00,397454
29-Jun-15,258.00,263.00,254.50,258.60,490230
26-Jun-15,267.10,268.11,263.00,265.00,445538
25-Jun-15,269.50,270.50,267.30,268.40,409165
24-Jun-15,268.20,270.90,266.90,268.60,257622
23-Jun-15,267.00,267.80,264.50,266.00,419305
22-Jun-15,265.10,267.20,264.00,266.50,185373
19-Jun-15,264.40,265.69,263.10,265.30,1221047
18-Jun-15,263.00,264.39,261.20,264.30,223808
17-Jun-15,264.00,265.60,262.59,264.30,281978
16-Jun-15,264.80,265.20,262.50,262.92,303061
15-Jun-15,267.70,268.24,262.50,262.90,466393
12-Jun-15,271.20,271.28,267.70,271.07,276111
11-Jun-15,272.00,273.30,270.00,270.40,413279
10-Jun-15,271.50,273.50,269.70,270.10,1056471
9-Jun-15,273.00,273.40,270.54,271.40,206784
8-Jun-15,273.80,274.50,272.40,273.00,215172
5-Jun-15,274.90,274.90,272.25,273.25,204049
4-Jun-15,274.10,275.31,271.64,274.60,271753
3-Jun-15,272.40,276.00,271.90,274.40,461632
2-Jun-15,274.90,274.90,270.00,271.80,248118
1-Jun-15,272.50,274.80,272.00,272.50,185873
29-May-15,273.70,275.90,271.50,275.11,319248
28-May-15,273.00,276.00,272.10,275.50,431851
27-May-15,271.00,273.40,270.48,271.00,220345
26-May-15,270.90,273.20,269.71,270.60,172753
22-May-15,268.00,271.00,267.25,270.20,147946
21-May-15,268.40,268.70,265.30,267.40,229799
20-May-15,269.00,269.00,267.39,267.90,139830
19-May-15,266.90,268.70,265.42,268.40,255834
18-May-15,266.00,267.00,264.10,264.50,228782
15-May-15,263.90,266.50,262.80,265.80,503221
14-May-15,262.60,263.70,261.31,263.30,272938
13-May-15,262.00,263.60,261.40,262.50,273381
12-May-15,266.70,266.75,259.20,260.20,323216
11-May-15,269.00,270.40,265.20,266.20,469755
8-May-15,267.80,270.23,264.60,266.00,1721838
7-May-15,263.80,265.80,257.50,258.50,464129
6-May-15,266.20,266.56,262.12,262.60,260320
5-May-15,267.50,270.30,265.40,270.00,346596
1-May-15,267.00,267.10,264.50,265.00,111355
30-Apr-15,270.00,270.00,265.00,265.50,415748
29-Apr-15,274.90,274.90,268.10,268.10,224902
28-Apr-15,278.80,279.26,272.60,279.00,270233
27-Apr-15,276.20,279.50,275.15,279.00,173319
24-Apr-15,274.00,276.10,273.20,274.20,175903
23-Apr-15,276.00,276.40,272.36,272.36,173926
22-Apr-15,273.90,276.27,273.50,275.60,176404
21-Apr-15,272.10,276.10,272.10,275.40,250956
20-Apr-15,271.90,273.00,270.75,270.75,201604
17-Apr-15,276.60,373.60,270.50,271.81,241558
16-Apr-15,278.50,280.04,275.18,276.02,226088
15-Apr-15,280.00,281.04,278.00,278.31,362009
14-Apr-15,280.80,282.80,278.03,282.40,209063
13-Apr-15,278.00,283.40,278.00,281.80,185163
10-Apr-15,276.50,281.70,276.27,281.00,328438
9-Apr-15,272.10,275.70,272.10,274.10,478466
8-Apr-15,269.00,272.90,269.00,272.10,332959
7-Apr-15,270.00,272.00,267.55,271.00,222525
2-Apr-15,269.00,269.00,267.30,268.00,351405
1-Apr-15,265.00,269.90,264.40,264.70,421915
31-Mar-15,267.40,269.50,265.36,267.10,440086
30-Mar-15,262.20,266.60,262.20,266.28,269771
27-Mar-15,264.40,264.70,262.10,264.00,115378
26-Mar-15,268.00,268.00,260.50,261.80,336016
25-Mar-15,271.40,272.75,266.70,272.28,291712
24-Mar-15,268.30,271.50,268.30,271.43,203304
23-Mar-15,271.30,271.60,269.50,270.61,331221
20-Mar-15,269.00,271.50,268.70,271.00,760345
19-Mar-15,268.00,270.20,266.10,268.40,458900
18-Mar-15,262.00,266.17,262.00,263.80,369211
17-Mar-15,260.50,263.60,260.00,262.03,465456
16-Mar-15,258.00,261.50,258.00,260.00,326421
13-Mar-15,256.50,260.40,256.50,257.50,201314
12-Mar-15,256.00,258.60,255.55,257.00,270516
11-Mar-15,256.00,257.50,253.00,255.24,787362
10-Mar-15,258.00,258.40,255.00,255.30,1121514
9-Mar-15,257.50,258.30,256.10,256.66,315068
6-Mar-15,256.50,258.00,256.00,257.30,335798
5-Mar-15,254.50,256.90,252.60,254.70,319524
4-Mar-15,255.10,255.70,253.00,253.83,227196
3-Mar-15,258.30,259.90,254.70,258.00,275166
2-Mar-15,258.50,260.10,258.16,259.00,147124
27-Feb-15,259.00,259.50,257.40,258.60,154735
26-Feb-15,258.00,259.24,257.50,258.90,60861
25-Feb-15,258.20,258.80,257.00,258.25,75309
24-Feb-15,258.80,258.80,255.80,258.25,160280
23-Feb-15,258.50,259.25,256.60,258.00,197028
20-Feb-15,253.00,258.40,252.50,254.20,351742
19-Feb-15,254.80,254.80,252.52,253.10,271834
18-Feb-15,257.50,257.50,254.00,254.60,256404
17-Feb-15,255.90,257.67,255.00,256.40,240970
16-Feb-15,257.50,257.50,254.60,257.20,78216
13-Feb-15,254.50,257.50,254.50,257.00,587483
12-Feb-15,252.80,255.80,251.20,254.16,237313
11-Feb-15,252.00,253.50,251.60,252.27,165477
10-Feb-15,253.00,254.40,250.10,251.40,210175
9-Feb-15,255.00,255.00,249.20,251.20,186454
6-Feb-15,253.90,256.00,252.80,255.00,260639
5-Feb-15,253.40,254.77,251.60,252.21,220119
4-Feb-15,253.10,255.50,251.50,252.90,227997
3-Feb-15,252.00,256.70,250.87,255.30,222233
2-Feb-15,248.80,250.86,247.46,250.25,164526
30-Jan-15,249.00,250.31,247.50,247.80,253876
29-Jan-15,252.00,252.00,246.50,247.70,560557
28-Jan-15,253.70,254.50,252.30,253.70,115905
27-Jan-15,255.60,256.30,251.00,255.00,175438
26-Jan-15,255.00,257.30,253.10,256.00,323635
23-Jan-15,254.40,258.70,253.50,256.76,576384
22-Jan-15,250.50,253.00,249.98,251.50,464089
21-Jan-15,245.20,250.50,244.21,250.40,377645
20-Jan-15,244.00,245.00,242.50,243.00,194472
19-Jan-15,242.90,243.80,241.46,243.70,55547
16-Jan-15,244.90,244.90,239.17,243.54,268870
15-Jan-15,246.80,247.40,242.70,245.46,309065
14-Jan-15,247.80,247.90,242.40,244.00,449573
13-Jan-15,247.90,250.60,247.00,247.30,312312
12-Jan-15,248.50,250.50,246.10,249.05,246784
9-Jan-15,251.90,252.60,247.80,248.27,256146
8-Jan-15,247.50,252.70,246.95,249.31,374404
7-Jan-15,243.30,246.00,242.83,245.50,189791
6-Jan-15,241.50,245.20,240.50,243.42,200209
5-Jan-15,246.90,247.68,241.80,245.25,217966
31-Dec-14,247.50,248.30,246.90,247.90,145528
30-Dec-14,246.80,247.07,245.20,247.00,151015
29-Dec-14,249.40,249.40,245.00,248.70,98843
24-Dec-14,249.00,249.38,247.42,248.00,59294
23-Dec-14,249.00,249.15,245.18,249.15,198491
22-Dec-14,247.60,249.00,244.77,248.10,170156
19-Dec-14,245.00,247.52,243.47,245.20,1291989
18-Dec-14,238.00,242.00,236.58,241.90,385580
17-Dec-14,236.00,236.00,232.62,234.68,212523
16-Dec-14,237.00,238.00,230.93,237.00,887553
15-Dec-14,239.00,241.10,236.00,236.00,315845
12-Dec-14,241.20,242.34,237.50,237.50,417417
11-Dec-14,244.00,244.32,241.00,242.00,396112
10-Dec-14,247.90,248.60,245.40,246.35,251358
9-Dec-14,246.00,248.81,244.00,245.25,311524
8-Dec-14,251.80,252.70,249.60,250.90,168481
5-Dec-14,251.50,253.00,250.02,251.60,250629
4-Dec-14,253.10,253.10,248.41,252.34,306014
3-Dec-14,254.10,255.25,250.50,251.90,241244
2-Dec-14,254.50,255.90,253.59,254.00,145017
1-Dec-14,253.50,256.90,253.00,256.50,810111
28-Nov-14,253.70,257.70,253.70,257.20,231230
27-Nov-14,253.80,256.10,252.00,255.63,416328
26-Nov-14,255.60,256.00,251.10,253.00,275850
25-Nov-14,252.00,255.10,251.74,254.30,209506
24-Nov-14,253.30,254.50,251.34,252.72,215477
21-Nov-14,248.10,253.90,248.10,252.50,432684
20-Nov-14,251.70,251.70,247.50,249.30,179693
19-Nov-14,253.50,254.32,251.02,251.80,150339
18-Nov-14,252.90,254.80,252.00,253.80,189239
17-Nov-14,249.00,254.70,249.00,253.10,317349
14-Nov-14,249.80,251.90,248.00,251.86,112600
13-Nov-14,244.80,250.50,242.49,249.70,299751
12-Nov-14,241.60,244.00,241.00,242.10,104813
11-Nov-14,241.60,242.90,241.10,242.20,675694
10-Nov-14,241.00,242.70,239.50,240.30,436901
7-Nov-14,241.10,243.70,239.10,240.65,513520
6-Nov-14,242.00,243.80,240.58,242.10,176517
5-Nov-14,242.50,245.15,242.50,243.65,276776
4-Nov-14,241.40,243.50,240.46,240.50,242927
3-Nov-14,241.00,243.21,240.50,242.00,169273
31-Oct-14,240.10,245.50,240.03,243.30,547792
30-Oct-14,236.70,238.40,233.20,237.50,346922
29-Oct-14,232.80,237.00,232.15,234.47,327011
28-Oct-14,230.00,233.00,229.80,232.00,188808
27-Oct-14,227.50,230.00,226.53,229.40,403505
24-Oct-14,225.00,227.50,223.90,227.40,243843
23-Oct-14,228.00,228.00,224.00,225.13,207220
22-Oct-14,225.00,228.60,223.60,228.20,305605
21-Oct-14,220.00,225.00,218.39,223.35,305106
20-Oct-14,220.50,220.50,217.52,220.34,299390
17-Oct-14,210.20,220.68,210.20,217.50,896513
16-Oct-14,211.50,213.10,204.00,208.84,993959
15-Oct-14,217.70,217.74,207.50,209.80,643229
14-Oct-14,210.40,217.40,208.25,213.05,792067
13-Oct-14,213.50,215.70,211.60,212.90,444269
10-Oct-14,219.80,219.80,216.00,216.80,445131
9-Oct-14,227.00,228.00,221.50,226.70,423337
8-Oct-14,228.00,228.04,224.10,224.60,266971
7-Oct-14,231.40,231.77,228.00,228.24,150792
6-Oct-14,230.00,232.90,229.21,231.00,156360
3-Oct-14,224.50,230.50,224.50,227.75,368615
2-Oct-14,229.80,229.80,222.52,223.69,582312
1-Oct-14,234.00,234.00,228.90,230.40,410535
30-Sep-14,234.30,234.30,230.90,233.50,372600
29-Sep-14,232.00,234.30,231.66,233.60,133423
26-Sep-14,232.20,233.74,231.10,232.00,162235
25-Sep-14,237.00,237.60,232.50,235.50,345229
24-Sep-14,236.20,236.50,234.10,234.89,119565
23-Sep-14,238.10,239.58,234.90,236.30,410326
22-Sep-14,239.20,239.26,237.10,238.00,339127
19-Sep-14,235.60,240.30,235.60,239.72,1392766
18-Sep-14,228.00,234.30,227.50,234.30,798384
17-Sep-14,230.70,231.00,227.50,227.50,205374
16-Sep-14,232.50,233.69,228.00,229.20,450637
15-Sep-14,232.50,234.04,232.20,233.00,234233
12-Sep-14,229.00,234.00,229.00,233.00,385420
11-Sep-14,230.20,233.90,229.00,230.38,284875
10-Sep-14,233.00,233.33,229.80,232.70,174748
9-Sep-14,233.00,234.90,232.10,232.30,287695
8-Sep-14,232.00,235.00,230.15,233.40,707031
5-Sep-14,233.00,234.19,231.50,233.00,159574
4-Sep-14,232.30,233.90,232.11,232.66,105200
3-Sep-14,231.00,233.30,229.77,232.50,341452
2-Sep-14,228.00,231.00,227.32,228.40,223275
1-Sep-14,227.00,228.64,226.00,227.60,74192
29-Aug-14,227.00,228.20,225.50,227.50,293481
28-Aug-14,226.90,228.90,226.20,226.25,156037
27-Aug-14,226.00,228.55,224.80,228.32,243644
26-Aug-14,225.00,225.50,223.98,224.50,123592
22-Aug-14,224.50,225.00,222.40,224.25,345572
21-Aug-14,223.00,223.90,222.00,223.67,153863
20-Aug-14,225.70,225.84,221.80,222.90,449400
19-Aug-14,222.00,226.00,222.00,225.70,315813
18-Aug-14,219.00,222.50,219.00,222.50,201089
15-Aug-14,219.00,220.00,218.00,218.64,153810
14-Aug-14,217.50,220.00,216.87,219.60,279470
13-Aug-14,213.00,218.00,212.52,215.88,323943
12-Aug-14,213.00,213.86,211.40,213.25,191980
11-Aug-14,207.00,214.00,206.42,208.80,360492
8-Aug-14,204.00,207.00,202.70,206.72,436344
7-Aug-14,206.00,208.00,205.00,207.50,250604
6-Aug-14,210.90,210.90,205.10,206.58,341664
5-Aug-14,211.50,212.40,208.00,210.40,371113
4-Aug-14,209.40,212.50,208.39,210.90,85285
1-Aug-14,212.00,212.00,207.30,210.50,243632
31-Jul-14,213.50,213.50,211.00,212.40,224304
30-Jul-14,212.50,213.30,211.21,212.50,106814
29-Jul-14,212.50,213.80,211.69,212.40,155492
28-Jul-14,212.00,212.40,210.00,211.30,142766
25-Jul-14,211.50,212.85,210.50,211.10,293268
24-Jul-14,215.90,215.90,213.30,213.90,255620
23-Jul-14,214.40,216.00,212.20,215.30,242170
22-Jul-14,209.00,214.50,208.30,213.90,115640
21-Jul-14,210.40,210.40,208.00,209.20,146783
18-Jul-14,209.60,210.00,207.00,208.75,347507
17-Jul-14,212.00,213.02,208.20,208.20,209906
16-Jul-14,212.20,213.62,211.00,212.25,229535
15-Jul-14,213.30,216.00,210.40,214.50,551889
14-Jul-14,214.10,214.10,212.00,212.50,97033
11-Jul-14,212.00,213.02,210.40,212.50,313293
10-Jul-14,213.60,213.89,209.50,211.00,265830
9-Jul-14,213.10,214.28,212.79,213.20,140368
8-Jul-14,215.50,217.37,213.50,216.80,425453
7-Jul-14,215.80,217.50,215.60,217.25,319676
4-Jul-14,213.50,217.50,213.50,214.50,224325
3-Jul-14,213.50,214.50,212.25,213.50,230164
2-Jul-14,212.70,213.70,210.20,213.00,200143
1-Jul-14,209.20,212.90,209.20,212.00,252783
30-Jun-14,210.00,212.50,207.50,209.20,187729
27-Jun-14,1050.00,1051.67,1038.00,1040.00,69765
26-Jun-14,1045.00,1050.00,1043.30,1048.00,68388
25-Jun-14,1048.00,1048.00,1035.00,1045.00,115767
24-Jun-14,1036.00,1050.00,1026.60,1028.50,306955
23-Jun-14,1035.00,1042.20,1028.00,1028.00,77791
20-Jun-14,1035.00,1044.00,1035.00,1039.00,271524
19-Jun-14,1020.00,1039.00,1020.00,1038.00,501143
18-Jun-14,1009.00,1009.00,1003.16,1005.00,511047
17-Jun-14,1015.00,1015.00,998.50,1002.00,317487
16-Jun-14,1025.00,1025.00,1003.00,1005.00,177337
13-Jun-14,1033.00,1033.00,1009.00,1010.00,192859
12-Jun-14,1038.00,1038.00,1030.00,1030.00,26395
11-Jun-14,1048.00,1049.21,1030.00,1041.00,57558
10-Jun-14,1039.00,1052.75,1038.00,1050.00,61155
9-Jun-14,1034.00,1042.00,1033.85,1041.00,38534
6-Jun-14,1016.00,1034.00,1010.50,1031.00,39150
5-Jun-14,1018.00,1021.20,1008.00,1014.00,61556
4-Jun-14,1030.00,1031.00,1018.00,1021.00,26017
3-Jun-14,1044.00,1044.00,1025.50,1027.00,39653
2-Jun-14,1038.00,1043.65,1032.99,1041.00,26457
30-May-14,1035.00,1040.00,1033.00,1036.00,80788
29-May-14,1026.00,1038.00,1022.00,1037.00,72145
28-May-14,1013.00,1026.04,1011.08,1020.00,72820
27-May-14,987.00,1014.00,987.00,1010.00,71206
23-May-14,971.00,990.04,969.00,987.00,115233
22-May-14,959.50,974.50,959.50,973.50,56390
21-May-14,953.00,964.00,949.00,963.50,56605
20-May-14,947.50,955.00,945.00,951.00,99192
19-May-14,953.50,959.05,945.50,946.00,112937
16-May-14,964.00,964.58,950.00,955.00,106355
15-May-14,983.00,985.39,955.00,976.50,115713
14-May-14,982.00,982.00,975.50,977.75,27034
13-May-14,971.00,983.00,968.80,978.50,35224
12-May-14,957.00,966.00,950.50,966.00,53223
9-May-14,958.50,958.50,946.50,950.00,102179
8-May-14,955.00,959.22,953.54,955.50,64781
7-May-14,955.00,959.06,950.00,950.50,128510
6-May-14,966.50,969.50,956.46,969.50,103591
2-May-14,962.50,965.50,955.50,957.00,55181
1-May-14,960.00,983.00,957.48,962.00,119021
30-Apr-14,982.00,984.00,946.17,955.50,177738
29-Apr-14,985.50,986.50,979.00,986.50,45037
28-Apr-14,989.50,989.50,980.50,982.00,53554
25-Apr-14,1001.00,1007.00,980.50,981.50,91122
24-Apr-14,1009.00,1014.00,1003.00,1005.00,59671
23-Apr-14,1013.00,1014.00,1007.00,1008.00,93687
22-Apr-14,995.50,1013.06,995.00,1009.00,43488
17-Apr-14,997.50,1000.39,992.00,996.50,29968
16-Apr-14,995.00,1001.00,994.00,997.50,48563
15-Apr-14,993.50,1001.17,987.70,988.50,32285
14-Apr-14,1000.00,1002.39,983.82,994.00,65306
11-Apr-14,1012.00,1012.00,990.00,994.00,82487
10-Apr-14,1026.00,1034.67,1017.50,1018.00,35259
9-Apr-14,1011.00,1026.00,1009.00,1018.00,47153
8-Apr-14,1030.00,1030.23,984.62,994.00,154511
7-Apr-14,1050.00,1050.00,1024.00,1034.60,105216
4-Apr-14,1048.00,1056.91,1046.00,1050.00,35472
3-Apr-14,1052.00,1056.00,1049.00,1050.00,46543
2-Apr-14,1054.00,1054.36,1045.00,1052.00,111319
1-Apr-14,1045.00,1056.23,1044.00,1053.00,77028
31-Mar-14,1030.00,1044.00,1023.00,1031.00,402464
28-Mar-14,1021.00,1026.00,1012.00,1026.00,72225
27-Mar-14,1030.00,1031.20,1012.32,1014.00,65607
26-Mar-14,1036.00,1038.77,1030.00,1030.00,64599
25-Mar-14,1043.00,1047.00,1030.00,1045.25,82223
24-Mar-14,1057.00,1057.00,1036.00,1037.00,87461
21-Mar-14,1055.00,1055.00,1047.08,1053.00,174127
20-Mar-14,1055.00,1055.00,1048.00,1053.00,51150
19-Mar-14,1052.00,1061.41,1050.00,1058.00,320074
18-Mar-14,1043.00,1054.36,1036.13,1044.00,166790
17-Mar-14,1043.00,1044.00,1028.10,1042.00,139538
14-Mar-14,1040.00,1040.00,1026.00,1032.00,67858
13-Mar-14,1050.00,1054.00,1040.00,1040.00,100733
12-Mar-14,1053.00,1056.00,1041.00,1050.00,56002
11-Mar-14,1046.00,1058.00,1046.00,1048.00,98146
10-Mar-14,1046.00,1055.00,1040.00,1041.00,71171
7-Mar-14,1061.00,1061.00,1046.00,1055.00,43153
6-Mar-14,1068.00,1068.00,1048.00,1061.00,116877
5-Mar-14,1067.00,1068.00,1060.00,1060.00,46333
4-Mar-14,1070.00,1072.00,1065.00,1067.00,149567
3-Mar-14,1086.00,1086.00,1055.00,1055.00,129913
28-Feb-14,1090.00,1100.00,1088.00,1093.00,41916
27-Feb-14,1097.00,1097.00,1084.00,1090.52,41410
26-Feb-14,1089.00,1095.00,1085.00,1091.00,22512
25-Feb-14,1089.00,1094.00,1081.00,1085.00,147139
24-Feb-14,1085.00,1090.00,1082.00,1087.56,33043
21-Feb-14,1088.00,1094.00,1088.00,1089.00,33895
20-Feb-14,1080.00,1084.00,1074.00,1081.00,72428
19-Feb-14,1098.00,1099.00,1081.00,1085.50,48725
18-Feb-14,1099.00,1099.00,1090.00,1093.00,47261
17-Feb-14,1090.00,1098.00,1083.00,1093.60,54831
14-Feb-14,1077.00,1089.00,1077.00,1089.00,31901
13-Feb-14,1092.00,1092.00,1066.00,1078.50,70504
12-Feb-14,1086.00,1094.00,1085.00,1087.50,49470
11-Feb-14,1068.00,1085.00,1068.00,1075.50,30420
10-Feb-14,1055.00,1070.00,1055.00,1062.00,44957
7-Feb-14,1050.00,1059.00,1048.00,1055.00,44067
6-Feb-14,1029.00,1050.00,1029.00,1050.00,88813
5-Feb-14,1015.00,1029.00,1015.00,1021.00,21543
4-Feb-14,1028.00,1028.00,1018.00,1024.00,22971
3-Feb-14,1034.00,1043.00,1029.00,1029.00,97577
31-Jan-14,1035.00,1042.00,1028.00,1034.00,117081
30-Jan-14,1038.00,1042.00,1033.00,1040.00,54555
29-Jan-14,1038.00,1051.00,1030.00,1033.50,62936
28-Jan-14,1026.00,1039.00,1026.00,1036.00,48509
27-Jan-14,1046.00,1047.00,1022.00,1023.00,76059
24-Jan-14,1075.00,1075.00,1041.00,1073.00,84224
23-Jan-14,1081.00,1085.00,1068.00,1068.00,40933
22-Jan-14,1086.00,1086.00,1073.00,1080.00,69212
21-Jan-14,1086.00,1088.00,1075.00,1082.00,39973
20-Jan-14,1083.00,1086.00,1081.00,1085.00,27689
17-Jan-14,1097.00,1097.00,1081.00,1092.00,51509
16-Jan-14,1104.00,1107.00,1090.00,1100.00,82152
15-Jan-14,1068.00,1105.00,1068.00,1101.75,96713
14-Jan-14,1055.00,1074.00,1055.00,1069.00,89251
13-Jan-14,1041.00,1066.00,1041.00,1063.53,79407
10-Jan-14,1028.00,1044.00,1028.00,1043.00,102949
9-Jan-14,1033.00,1039.00,1030.00,1030.00,34551
8-Jan-14,1037.00,1038.00,1034.00,1034.00,4976
7-Jan-14,1029.00,1042.00,1028.00,1043.72,37564
6-Jan-14,1033.00,1034.00,1030.00,1032.00,9149
3-Jan-14,1030.00,1034.00,1026.00,1032.00,30074
2-Jan-14,1032.00,1035.00,1030.00,1030.00,14946
31-Dec-13,1031.00,1036.00,1031.00,1034.00,7816
30-Dec-13,1026.00,1031.00,1026.00,1031.00,11518
27-Dec-13,1023.00,1029.00,1023.00,1029.00,7791
24-Dec-13,1017.00,1022.00,1013.00,1022.00,12691
23-Dec-13,1008.00,1015.00,1003.00,1013.00,24705
20-Dec-13,1001.00,1006.00,1000.00,1006.00,133110
19-Dec-13,1001.00,1007.00,1001.00,1005.00,17589
18-Dec-13,1002.00,1004.00,989.50,1002.50,46215
17-Dec-13,1015.00,1015.00,1001.00,1008.00,75848
16-Dec-13,994.00,1011.00,987.50,1005.00,40661
13-Dec-13,986.00,993.50,984.00,988.50,28039
12-Dec-13,990.50,990.50,978.50,978.50,36720
11-Dec-13,995.00,1003.00,994.00,1003.00,63731
10-Dec-13,994.50,1004.00,992.50,999.50,14193
9-Dec-13,995.00,1002.00,994.50,995.00,23931
6-Dec-13,987.50,993.00,981.00,993.00,39375
5-Dec-13,987.00,994.50,980.00,980.00,91303
4-Dec-13,992.00,992.00,987.00,987.00,22936
3-Dec-13,995.00,998.50,985.00,995.00,190643
2-Dec-13,1011.00,1011.00,995.00,995.00,92425
29-Nov-13,1007.00,1010.00,1004.00,1008.00,45127
28-Nov-13,990.00,1006.00,990.00,996.50,191935
27-Nov-13,977.00,991.00,976.50,991.00,140102
26-Nov-13,968.00,975.00,968.00,974.95,30366
25-Nov-13,962.00,970.00,962.00,968.04,19461
22-Nov-13,967.00,967.00,953.00,960.50,72316
21-Nov-13,973.50,975.00,959.00,963.00,48957
20-Nov-13,975.00,981.00,965.00,965.00,48386
19-Nov-13,977.00,981.50,977.00,981.00,10043
18-Nov-13,980.00,983.50,979.50,980.00,102225
15-Nov-13,976.50,979.00,973.00,977.50,34811
14-Nov-13,970.50,977.00,970.50,974.00,71604
13-Nov-13,983.00,983.00,964.50,964.50,138045
12-Nov-13,1006.00,1006.00,988.00,988.00,128211
11-Nov-13,997.00,1003.00,997.00,999.55,28853
8-Nov-13,997.50,997.50,985.00,984.00,69406
7-Nov-13,1016.00,1020.00,998.50,1016.00,56269
6-Nov-13,1011.00,1021.00,1011.00,1019.00,35538
5-Nov-13,1015.00,1017.00,1009.00,1017.00,24147
4-Nov-13,1014.00,1018.00,1011.00,1016.20,31014
1-Nov-13,1002.00,1009.00,1001.00,1005.00,31115
31-Oct-13,1013.00,1013.00,997.50,1005.00,84031
30-Oct-13,1014.00,1024.00,1012.00,1021.00,95686
29-Oct-13,1016.00,1023.00,1011.00,1017.00,44833
28-Oct-13,1004.00,1016.00,1000.00,1014.00,71166
25-Oct-13,1005.00,1006.00,1001.00,1007.77,17226
24-Oct-13,1002.00,1005.00,1001.00,1004.40,32883
23-Oct-13,1000.00,1002.00,-,1000.00,46495
22-Oct-13,989.00,1010.00,988.00,996.00,96291
21-Oct-13,977.50,994.00,977.50,994.00,25460
18-Oct-13,961.50,975.00,961.50,970.00,34946
17-Oct-13,964.50,965.00,959.00,960.00,82988
16-Oct-13,950.00,966.50,941.50,965.00,68692
15-Oct-13,955.50,960.00,953.00,959.00,37780
14-Oct-13,947.50,952.50,946.00,946.00,43911
11-Oct-13,941.00,950.00,937.50,945.00,58091
10-Oct-13,921.00,937.50,921.00,935.50,49160
9-Oct-13,934.00,934.00,916.00,925.00,55475
8-Oct-13,935.00,935.00,926.50,926.50,39984
7-Oct-13,934.00,935.00,923.50,934.00,37926
4-Oct-13,928.50,934.00,928.50,930.50,25244
3-Oct-13,928.00,933.50,928.00,928.50,32666
2-Oct-13,928.50,929.00,924.00,931.11,65468
1-Oct-13,928.50,929.50,924.50,929.50,192817
30-Sep-13,925.00,930.50,922.50,930.50,66958
27-Sep-13,937.50,939.50,933.00,937.00,144307
26-Sep-13,939.00,943.00,935.00,939.00,50982
25-Sep-13,933.00,938.00,929.50,926.10,112729
24-Sep-13,928.50,938.50,926.00,937.00,97808
20-Sep-13,934.00,934.50,927.50,933.00,296429
19-Sep-13,932.00,937.00,926.50,931.50,221509
18-Sep-13,915.00,919.00,912.50,918.00,75711
17-Sep-13,923.50,924.00,912.00,914.25,116090
16-Sep-13,921.50,928.50,921.50,919.25,30589
13-Sep-13,921.00,921.00,915.50,920.00,48052
12-Sep-13,915.00,923.00,915.00,920.50,85766
11-Sep-13,910.00,915.00,907.00,915.00,72968
10-Sep-13,899.00,912.00,899.00,907.00,50159
9-Sep-13,895.00,896.00,891.50,895.00,38371
6-Sep-13,888.50,896.50,884.00,885.00,84450
5-Sep-13,892.00,892.50,888.00,888.00,21012
4-Sep-13,883.00,889.00,879.00,879.50,72192
3-Sep-13,888.50,888.50,881.50,886.00,22599
2-Sep-13,881.50,889.00,881.50,882.50,28066
30-Aug-13,879.00,882.50,874.00,880.00,71766
29-Aug-13,876.00,883.00,873.00,881.00,57520
28-Aug-13,877.50,880.00,873.00,874.50,29351
27-Aug-13,893.00,893.00,878.50,888.00,51630
23-Aug-13,889.00,897.50,887.00,884.00,116647
22-Aug-13,875.50,887.00,875.50,885.50,24872
21-Aug-13,886.00,886.50,869.00,883.50,48689
20-Aug-13,881.00,883.50,876.50,879.00,38511
19-Aug-13,890.00,890.00,879.50,881.00,27630
16-Aug-13,887.50,888.00,881.00,883.50,114225
15-Aug-13,913.00,913.00,886.00,910.00,86485
14-Aug-13,910.00,916.50,907.50,907.50,32896
13-Aug-13,907.50,917.00,907.50,895.40,28688
12-Aug-13,900.50,906.00,899.00,906.00,27843
9-Aug-13,894.50,905.50,894.50,903.50,57525
8-Aug-13,897.50,900.00,892.00,894.00,30942
7-Aug-13,893.00,901.00,890.50,891.50,57078
6-Aug-13,904.00,904.00,894.50,901.75,51187
5-Aug-13,908.50,908.50,903.00,906.25,13128
2-Aug-13,911.00,913.00,903.00,900.00,52516
1-Aug-13,900.00,906.50,898.50,906.50,41403
31-Jul-13,889.50,901.00,889.00,890.00,219327
30-Jul-13,876.50,889.50,873.50,882.00,87081
29-Jul-13,865.00,875.50,865.00,873.00,34585
26-Jul-13,872.00,872.00,864.50,865.60,53475
25-Jul-13,865.00,872.50,856.50,857.25,145237
24-Jul-13,868.00,870.00,862.00,867.50,44348
23-Jul-13,872.50,873.50,867.00,869.00,34090
22-Jul-13,866.50,870.00,862.00,867.00,34375
19-Jul-13,865.50,869.00,863.00,869.00,24526
18-Jul-13,860.00,868.00,856.61,867.50,50315
17-Jul-13,861.50,862.74,854.00,862.00,118662
16-Jul-13,861.50,865.50,858.65,861.00,80683
15-Jul-13,858.00,865.50,858.00,863.00,30123
12-Jul-13,866.00,868.50,857.50,861.50,74934
11-Jul-13,872.00,875.00,862.00,863.00,85795
10-Jul-13,869.00,874.00,863.50,865.00,50768
9-Jul-13,863.50,875.56,861.58,873.50,101282
8-Jul-13,852.50,865.50,852.50,862.00,112744
5-Jul-13,864.00,864.00,854.00,855.50,82708
4-Jul-13,837.00,864.50,833.90,860.00,195429
3-Jul-13,839.00,839.00,828.00,839.00,113827
2-Jul-13,834.50,841.50,834.50,840.00,163716
1-Jul-13,828.50,838.50,827.16,837.00,84008
28-Jun-13,824.00,828.67,821.50,826.50,199739
27-Jun-13,805.00,823.00,800.94,823.00,72442
26-Jun-13,782.00,801.00,782.00,801.00,67700
25-Jun-13,785.50,788.99,781.00,781.00,70707
24-Jun-13,802.00,806.00,784.50,787.50,65144
21-Jun-13,801.00,809.50,796.50,809.50,296355
20-Jun-13,820.00,820.00,799.00,799.00,102796
19-Jun-13,825.00,826.66,820.25,825.00,228943
18-Jun-13,818.50,825.50,816.00,825.00,140620
17-Jun-13,817.50,819.00,814.25,816.50,32521
14-Jun-13,810.50,818.75,810.50,816.00,33561
13-Jun-13,812.00,812.00,800.00,808.50,71405
12-Jun-13,819.50,824.89,816.00,816.50,60082
11-Jun-13,831.00,831.00,817.54,825.00,177117
10-Jun-13,828.00,831.60,825.00,830.00,49599
7-Jun-13,808.50,828.00,807.00,828.00,68982
6-Jun-13,818.00,822.00,809.50,809.50,77444
5-Jun-13,846.00,847.52,818.78,819.00,110283
4-Jun-13,854.00,854.64,847.00,847.00,28854
3-Jun-13,860.50,860.50,846.50,846.50,42591
31-May-13,866.00,869.00,856.00,869.00,261999
30-May-13,855.00,865.00,854.00,865.00,119382
29-May-13,857.00,857.00,845.00,857.00,246111
28-May-13,851.50,864.50,850.85,864.50,138092
24-May-13,849.25,852.00,841.50,845.00,95399
23-May-13,870.00,874.50,845.00,849.00,87664
22-May-13,877.50,883.00,873.00,879.50,115984
21-May-13,869.00,877.00,867.88,877.00,101647
20-May-13,866.50,872.50,865.51,872.50,19603
17-May-13,857.00,866.00,854.14,866.00,117157
16-May-13,853.00,860.50,851.00,859.00,169563
15-May-13,843.00,855.00,841.00,855.00,255742
14-May-13,839.50,844.00,837.00,841.00,50613
13-May-13,840.00,840.00,833.00,838.00,41997
10-May-13,827.00,839.00,827.00,839.00,153954
9-May-13,826.00,829.50,825.08,828.50,76054
8-May-13,829.50,829.50,825.01,826.00,34012
7-May-13,828.50,829.50,823.00,826.00,23268
3-May-13,806.50,827.50,800.01,827.00,119948
2-May-13,804.00,804.50,797.50,802.00,83577
1-May-13,801.50,805.63,797.88,805.50,66407
30-Apr-13,805.00,805.29,795.50,800.00,74943
29-Apr-13,801.50,805.89,799.00,802.50,30859
26-Apr-13,805.00,806.28,799.00,803.00,47395
25-Apr-13,804.00,808.00,802.00,805.00,50853
24-Apr-13,806.50,806.50,803.00,806.00,172530
23-Apr-13,800.00,805.50,794.50,804.50,78080
22-Apr-13,804.00,804.00,794.50,797.50,57014
19-Apr-13,800.00,803.49,796.25,800.50,21630
18-Apr-13,799.50,805.12,795.00,799.00,63426
17-Apr-13,808.00,810.29,798.00,806.00,72617
16-Apr-13,803.00,808.00,796.50,806.50,78007
15-Apr-13,810.00,810.00,800.00,807.50,103083
12-Apr-13,816.50,820.10,808.00,811.50,82891
11-Apr-13,803.00,819.80,803.00,819.00,142308
10-Apr-13,792.50,805.50,792.50,804.00,81460
9-Apr-13,793.00,795.50,789.00,794.00,122452
8-Apr-13,790.00,792.00,785.50,788.50,38266
5-Apr-13,807.00,807.00,782.50,784.50,63777
4-Apr-13,810.50,814.10,802.50,802.50,29588
3-Apr-13,825.50,825.50,813.50,813.50,51976
2-Apr-13,818.00,825.50,816.50,823.50,66891
28-Mar-13,814.50,823.62,813.00,822.50,297734
27-Mar-13,816.00,817.06,806.50,814.50,174474
26-Mar-13,819.09,820.50,810.00,814.00,140476
25-Mar-13,817.50,825.50,816.00,817.50,94007
22-Mar-13,824.00,824.00,815.00,819.00,85327
21-Mar-13,826.00,830.49,820.00,821.50,81016
20-Mar-13,831.00,834.50,825.69,826.50,49972
19-Mar-13,832.00,837.50,828.00,830.00,52293
18-Mar-13,838.00,839.60,832.00,833.00,106649
15-Mar-13,858.50,860.00,849.50,851.00,207901
14-Mar-13,862.00,862.00,856.23,856.25,123878
13-Mar-13,862.00,862.00,848.50,855.50,151695
12-Mar-13,862.00,865.71,858.00,863.00,136314
11-Mar-13,859.00,865.50,859.00,862.00,96379
8-Mar-13,858.50,862.64,856.11,862.00,57391
7-Mar-13,852.00,855.50,850.18,855.00,89210
6-Mar-13,850.00,855.00,847.90,851.00,158717
5-Mar-13,837.75,849.46,836.00,849.00,242102
4-Mar-13,836.50,836.50,831.50,836.00,66177
1-Mar-13,835.00,840.00,829.50,840.00,77928
28-Feb-13,839.00,839.65,835.50,837.00,31131
27-Feb-13,828.50,833.00,824.84,833.00,78464
26-Feb-13,826.00,828.00,820.50,827.00,50927
25-Feb-13,833.50,842.00,833.50,840.50,38549
22-Feb-13,830.00,832.74,825.61,830.00,31824
21-Feb-13,842.35,843.00,822.00,826.00,89776
20-Feb-13,839.00,847.00,835.30,844.00,63143
19-Feb-13,827.00,838.00,822.50,836.00,46628
18-Feb-13,832.50,832.50,822.50,824.50,46016
15-Feb-13,827.00,829.00,819.00,828.50,51001
14-Feb-13,828.00,830.00,818.00,822.50,82671
13-Feb-13,819.00,827.50,816.89,827.50,40830
12-Feb-13,815.00,822.50,814.61,820.50,33509
11-Feb-13,814.50,817.50,808.50,816.00,28454
8-Feb-13,806.00,812.00,806.00,810.00,27302
7-Feb-13,814.50,816.60,805.40,808.00,133494
6-Feb-13,819.00,819.89,809.40,816.00,77468
5-Feb-13,817.00,817.00,812.00,816.00,55303
4-Feb-13,827.50,827.50,813.00,813.00,68815
1-Feb-13,817.00,825.00,815.00,825.00,130443
31-Jan-13,825.00,829.08,812.50,816.00,225999
30-Jan-13,827.00,832.50,824.50,829.00,147124
29-Jan-13,830.00,834.40,824.50,830.00,313935
28-Jan-13,824.00,832.65,824.00,832.00,41597
25-Jan-13,819.00,825.00,817.60,825.00,55654
24-Jan-13,810.00,820.00,808.21,820.00,105435
23-Jan-13,808.00,810.00,802.00,810.00,95269
22-Jan-13,807.00,807.25,799.11,804.50,53533
21-Jan-13,802.00,805.00,800.31,805.00,36653
18-Jan-13,791.50,800.00,791.05,800.00,69234
17-Jan-13,789.50,792.00,785.19,792.00,48901
16-Jan-13,785.00,787.75,781.11,787.00,49432
15-Jan-13,785.50,788.00,782.50,786.00,83763
14-Jan-13,781.00,786.78,780.00,786.00,145999
11-Jan-13,773.00,781.00,773.00,781.00,101650
10-Jan-13,777.00,780.00,772.50,776.00,54475
9-Jan-13,775.50,778.49,772.21,776.00,20479
8-Jan-13,773.50,775.75,769.00,771.00,59325
7-Jan-13,779.00,779.00,773.50,774.50,57744
4-Jan-13,771.00,776.50,771.00,775.50,120200
3-Jan-13,768.00,770.00,765.00,770.00,104810
2-Jan-13,763.00,767.50,759.24,767.00,42036
