31-Dec-15,1775.00,1781.00,1766.04,1769.00,31919
30-Dec-15,1761.00,1779.00,1755.00,1775.00,108533
29-Dec-15,1757.00,1776.00,1719.00,1775.00,190760
24-Dec-15,1759.00,1759.00,1640.00,1640.00,15140
23-Dec-15,1762.00,1766.00,1729.00,1751.00,174457
22-Dec-15,1755.00,1755.00,1717.00,1747.00,247292
21-Dec-15,1748.00,1748.00,1715.00,1735.00,302257
18-Dec-15,1729.00,1744.00,1718.00,1725.00,326052
16-Dec-15,1775.00,1780.00,1735.00,1735.00,393431
15-Dec-15,1751.00,1782.00,1751.00,1770.00,460673
14-Dec-15,1744.00,1752.00,1726.52,1747.00,201612
11-Dec-15,1731.00,1755.00,1715.00,1732.00,267163
10-Dec-15,1738.00,1744.00,1716.00,1723.00,189507
9-Dec-15,1764.00,1767.08,1739.00,1742.00,218336
8-Dec-15,1765.00,1773.00,1755.00,1758.00,261061
7-Dec-15,1749.00,1774.00,1748.00,1765.00,125023
4-Dec-15,1742.00,1762.00,1732.00,1749.00,168231
3-Dec-15,1745.00,1777.00,1739.00,1750.00,189064
2-Dec-15,1753.00,1765.00,1740.00,1742.00,153716
1-Dec-15,1745.00,1746.12,1729.00,1743.00,164376
30-Nov-15,1715.00,1736.00,1704.00,1735.00,254678
27-Nov-15,1704.00,1712.00,1689.00,1710.00,149927
26-Nov-15,1673.00,1699.00,1673.00,1694.00,188768
25-Nov-15,1654.00,1691.00,1651.00,1680.00,304233
24-Nov-15,1664.00,1673.20,1637.00,1641.00,227241
23-Nov-15,1660.00,1675.00,1654.00,1666.00,209301
20-Nov-15,1658.00,1672.00,1652.00,1657.00,214987
19-Nov-15,1665.00,1673.20,1655.00,1667.00,171547
18-Nov-15,1658.00,1669.00,1651.00,1655.00,121921
17-Nov-15,1657.00,1679.00,1649.00,1670.00,221767
16-Nov-15,1622.00,1649.00,1602.90,1648.00,208152
13-Nov-15,1651.00,1651.00,1621.00,1628.00,140880
12-Nov-15,1664.00,1666.00,1646.00,1651.00,275442
11-Nov-15,1665.00,1671.00,1649.00,1660.00,188663
10-Nov-15,1658.00,1661.00,1645.00,1657.00,401277
9-Nov-15,1667.00,1669.00,1654.00,1655.00,273739
6-Nov-15,1650.00,1686.00,1643.00,1667.00,410982
5-Nov-15,1684.00,1694.00,1680.00,1686.00,255071
4-Nov-15,1710.00,1710.00,1678.00,1678.00,228730
3-Nov-15,1706.00,1710.00,1694.55,1698.00,158143
2-Nov-15,1702.00,1719.00,1699.52,1705.00,222359
30-Oct-15,1699.00,1705.00,1685.00,1705.00,275512
29-Oct-15,1680.00,1701.00,1676.00,1692.00,245610
28-Oct-15,1686.00,1696.00,1682.00,1696.00,111622
27-Oct-15,1678.00,1700.00,1678.00,1688.00,119914
26-Oct-15,1683.00,1695.00,1674.00,1687.00,123249
23-Oct-15,1671.00,1695.00,1664.00,1688.00,176418
22-Oct-15,1677.00,1677.00,1658.00,1664.00,235184
21-Oct-15,1659.00,1689.00,1641.72,1669.00,361734
20-Oct-15,1622.00,1658.00,1622.00,1652.00,347773
19-Oct-15,1616.00,1637.00,1616.00,1618.00,199460
16-Oct-15,1625.00,1626.00,1610.00,1614.00,378474
15-Oct-15,1576.00,1665.00,1539.00,1614.00,769918
14-Oct-15,1533.00,1541.00,1525.00,1541.00,185375
13-Oct-15,1540.00,1555.00,1534.00,1535.00,266937
12-Oct-15,1533.00,1537.00,1516.00,1535.00,302922
9-Oct-15,1567.00,1573.00,1523.00,1533.00,230233
8-Oct-15,1565.00,1579.00,1556.00,1558.00,169652
7-Oct-15,1592.00,1607.76,1552.00,1568.00,286487
6-Oct-15,1608.00,1608.00,1592.00,1592.00,161255
5-Oct-15,1595.00,1598.00,1579.89,1594.00,160768
2-Oct-15,1572.00,1585.00,1556.00,1569.00,168699
1-Oct-15,1582.00,1582.00,1559.00,1566.00,164618
30-Sep-15,1556.00,1564.00,1529.00,1564.00,490871
29-Sep-15,1540.00,1542.00,1512.00,1521.00,264908
28-Sep-15,1560.00,1566.00,1548.00,1553.00,196017
25-Sep-15,1538.00,1571.00,1537.00,1562.00,266927
24-Sep-15,1508.00,1533.00,1505.98,1514.00,213352
23-Sep-15,1492.00,1518.00,1479.00,1513.00,197873
22-Sep-15,1510.00,1514.00,1488.00,1488.00,327916
21-Sep-15,1498.00,1530.00,1498.00,1513.00,215871
18-Sep-15,1516.00,1517.00,1496.00,1513.00,329511
17-Sep-15,1501.00,1527.00,1496.00,1511.00,337864
16-Sep-15,1489.00,1499.00,1483.00,1493.00,175783
15-Sep-15,1486.00,1486.00,1467.00,1476.00,258329
14-Sep-15,1489.00,1495.00,1480.00,1482.00,232774
11-Sep-15,1489.00,1498.00,1479.00,1480.00,120375
10-Sep-15,1495.00,1501.00,1488.00,1490.00,150962
9-Sep-15,1504.00,1513.00,1498.55,1503.00,268321
8-Sep-15,1503.00,1508.00,1481.00,1484.00,223383
7-Sep-15,1503.00,1506.00,1486.00,1494.00,122170
4-Sep-15,1493.00,1513.00,1477.67,1491.00,359326
3-Sep-15,1503.00,1506.00,1486.00,1499.00,215730
2-Sep-15,1489.00,1503.00,1479.00,1484.00,285050
1-Sep-15,1485.00,1520.00,1479.00,1488.00,258325
28-Aug-15,1499.00,1507.02,1493.00,1500.00,391725
27-Aug-15,1523.00,1523.00,1498.00,1506.00,271076
26-Aug-15,1488.00,1520.00,1473.00,1495.00,206866
25-Aug-15,1495.00,1509.88,1474.00,1502.00,457835
24-Aug-15,1492.00,1510.72,1462.00,1481.00,537378
21-Aug-15,1533.00,1556.00,1523.00,1523.00,301456
20-Aug-15,1582.00,1603.00,1537.00,1549.00,347692
19-Aug-15,1570.00,1582.00,1563.00,1570.00,350989
18-Aug-15,1569.00,1597.00,1556.00,1578.00,252663
17-Aug-15,1560.00,1594.00,1550.00,1564.00,397187
14-Aug-15,1537.00,1565.00,1537.00,1560.00,261257
13-Aug-15,1579.00,1590.00,1510.00,1575.37,733198
12-Aug-15,1585.00,1598.54,1553.00,1562.00,321080
11-Aug-15,1593.00,1608.00,1585.00,1602.00,275203
10-Aug-15,1585.00,1599.00,1574.00,1599.00,194620
7-Aug-15,1583.00,1583.00,1567.00,1576.00,135239
6-Aug-15,1574.00,1596.00,1574.00,1589.00,161036
5-Aug-15,1576.00,1589.00,1565.00,1581.00,146133
4-Aug-15,1572.00,1581.00,1563.00,1580.00,141225
3-Aug-15,1581.00,1590.00,1567.00,1568.00,190314
31-Jul-15,1549.00,1586.00,1539.00,1581.00,436311
30-Jul-15,1542.00,1564.00,1531.00,1541.00,198046
29-Jul-15,1551.00,1561.00,1537.00,1548.00,346835
28-Jul-15,1537.00,1544.00,1528.00,1540.00,286064
27-Jul-15,1551.00,1561.00,1531.00,1531.00,241735
24-Jul-15,1569.00,1580.00,1559.00,1564.00,135599
23-Jul-15,1593.00,1597.00,1571.00,1574.00,132577
22-Jul-15,1593.00,1603.00,1574.00,1579.00,188244
21-Jul-15,1591.00,1604.00,1580.00,1597.00,259392
20-Jul-15,1562.00,1611.00,1562.00,1598.00,210056
17-Jul-15,1594.00,1599.00,1580.00,1591.59,263396
16-Jul-15,1612.00,1618.00,1605.00,1610.27,196864
15-Jul-15,1596.00,1635.00,1596.00,1621.00,399958
14-Jul-15,1605.00,1615.00,1592.00,1602.00,291014
13-Jul-15,1586.00,1617.00,1586.00,1610.00,383520
10-Jul-15,1567.00,1580.00,1559.00,1574.00,201430
9-Jul-15,1530.00,1555.00,1527.80,1550.00,195099
8-Jul-15,1542.00,1555.00,1522.00,1530.00,245364
7-Jul-15,1563.00,1570.00,1545.00,1546.00,309133
6-Jul-15,1535.00,1566.00,1535.00,1554.00,149560
3-Jul-15,1566.00,1581.00,1554.00,1559.00,169583
2-Jul-15,1564.00,1587.00,1564.00,1577.00,296443
1-Jul-15,1546.00,1570.00,1542.00,1566.00,234494
30-Jun-15,1501.00,1542.00,1501.00,1528.00,332814
29-Jun-15,1512.00,1548.00,1504.00,1516.00,308367
26-Jun-15,1546.00,1555.00,1540.00,1550.00,192382
25-Jun-15,1538.00,1560.00,1533.00,1548.00,277582
24-Jun-15,1541.00,1547.00,1534.00,1537.00,219436
23-Jun-15,1532.00,1544.00,1526.00,1534.00,272153
22-Jun-15,1526.00,1532.00,1513.00,1519.00,223845
19-Jun-15,1503.00,1523.00,1496.00,1502.00,585896
18-Jun-15,1501.00,1505.00,1487.70,1497.00,224103
17-Jun-15,1522.00,1522.00,1492.54,1497.00,215031
16-Jun-15,1493.00,1520.00,1483.00,1512.00,337403
15-Jun-15,1519.00,1519.00,1494.00,1498.00,244894
12-Jun-15,1524.00,1537.00,1518.00,1522.00,256419
11-Jun-15,1531.00,1546.00,1522.00,1531.00,261199
10-Jun-15,1525.00,1532.00,1516.00,1532.00,405422
9-Jun-15,1533.00,1550.00,1524.00,1533.00,204312
8-Jun-15,1542.00,1550.00,1531.00,1533.00,179102
5-Jun-15,1572.00,1572.00,1524.00,1537.00,184371
4-Jun-15,1573.00,1586.00,1546.00,1573.00,347730
3-Jun-15,1533.00,1620.00,1527.40,1572.00,568822
2-Jun-15,1566.00,1566.00,1527.00,1538.00,276455
1-Jun-15,1558.00,1567.00,1537.00,1558.00,289054
29-May-15,1542.00,1579.00,1541.00,1548.00,339584
28-May-15,1507.00,1557.00,1507.00,1545.00,337091
27-May-15,1486.00,1526.00,1486.00,1516.00,269261
26-May-15,1487.00,1505.00,1485.00,1486.00,122757
22-May-15,1490.00,1513.00,1490.00,1501.00,125691
21-May-15,1496.00,1505.00,1474.00,1496.00,177005
20-May-15,1497.00,1503.00,1484.00,1490.00,199906
19-May-15,1502.00,1509.00,1487.00,1489.00,172609
18-May-15,1481.00,1491.00,1472.00,1490.00,199995
15-May-15,1451.00,1476.00,1451.00,1475.00,213045
14-May-15,1462.00,1462.00,1440.00,1456.00,209576
13-May-15,1433.00,1464.00,1418.00,1454.00,408700
12-May-15,1453.00,1455.00,1419.00,1423.00,455014
11-May-15,1461.00,1481.00,1459.00,1465.00,217973
8-May-15,1461.00,1520.00,1461.00,1470.00,404814
7-May-15,1412.00,1434.00,1401.00,1428.00,261806
6-May-15,1426.00,1441.00,1416.00,1421.00,275153
5-May-15,1454.00,1465.00,1434.00,1434.00,349829
1-May-15,1443.00,1446.00,1422.00,1443.00,132853
30-Apr-15,1435.00,1452.06,1419.00,1435.00,306849
29-Apr-15,1428.00,1444.00,1425.00,1430.00,233279
28-Apr-15,1430.00,1440.00,1426.00,1433.00,311073
27-Apr-15,1445.00,1445.00,1424.00,1435.00,136173
24-Apr-15,1431.00,1438.00,1418.00,1438.00,278158
23-Apr-15,1412.00,1425.00,1409.00,1424.00,242524
22-Apr-15,1432.00,1437.00,1408.00,1409.00,276948
21-Apr-15,1425.00,1440.00,1411.00,1419.00,359002
20-Apr-15,1430.00,1433.00,1392.00,1414.00,274955
17-Apr-15,1375.00,1438.00,1375.00,1419.00,363918
16-Apr-15,1433.00,1442.00,1373.00,1385.00,391818
15-Apr-15,1414.00,1414.00,1392.00,1402.00,258152
14-Apr-15,1395.00,1404.00,1384.00,1400.00,303636
13-Apr-15,1390.00,1405.00,1382.00,1386.00,195438
10-Apr-15,1404.00,1410.00,1378.00,1401.00,350758
9-Apr-15,1353.00,1402.00,1353.00,1402.00,310116
8-Apr-15,1341.00,1363.00,1335.00,1360.00,432561
7-Apr-15,1307.00,1344.00,1307.00,1335.00,276094
2-Apr-15,1287.00,1316.00,1283.00,1309.00,264115
1-Apr-15,1296.00,1306.00,1274.00,1282.00,372569
31-Mar-15,1291.00,1317.00,1285.00,1299.00,400827
30-Mar-15,1271.00,1295.00,1271.00,1288.00,152065
27-Mar-15,1289.00,1293.00,1263.00,1272.00,203434
26-Mar-15,1309.00,1309.00,1271.00,1281.00,148231
25-Mar-15,1324.00,1324.00,1304.00,1305.00,141464
24-Mar-15,1306.00,1322.00,1294.00,1316.00,209858
23-Mar-15,1301.00,1302.00,1283.00,1301.00,238554
20-Mar-15,1297.00,1310.00,1279.00,1292.00,613911
19-Mar-15,1298.00,1303.00,1285.00,1303.00,170393
18-Mar-15,1293.00,1306.00,1291.00,1294.00,118979
17-Mar-15,1292.00,1301.00,1280.00,1286.00,187983
16-Mar-15,1315.00,1328.00,1278.00,1295.00,288962
13-Mar-15,1293.00,1323.00,1282.00,1288.00,237150
12-Mar-15,1307.00,1327.00,1296.00,1300.00,161964
11-Mar-15,1306.00,1317.00,1271.00,1314.00,271826
10-Mar-15,1308.00,1336.00,1294.00,1294.00,156338
9-Mar-15,1322.00,1327.00,1305.00,1318.00,173944
6-Mar-15,1335.00,1336.00,1317.00,1317.00,110702
5-Mar-15,1311.00,1335.00,1305.00,1326.00,152776
4-Mar-15,1297.00,1313.00,1286.00,1311.00,224493
3-Mar-15,1330.00,1341.00,1295.00,1301.00,195430
2-Mar-15,1347.00,1353.00,1316.00,1324.00,223111
27-Feb-15,1328.00,1345.00,1322.00,1343.00,329697
26-Feb-15,1319.00,1329.00,1315.00,1321.00,115491
25-Feb-15,1331.00,1346.00,1317.00,1326.00,209895
24-Feb-15,1312.00,1328.00,1292.00,1323.00,193759
23-Feb-15,1313.00,1322.00,1306.77,1315.00,130835
20-Feb-15,1286.00,1304.00,1281.00,1303.00,171060
19-Feb-15,1277.00,1298.00,1262.04,1297.00,152738
18-Feb-15,1281.00,1291.00,1262.00,1275.00,334268
17-Feb-15,1295.00,1321.00,1295.00,1304.00,126068
16-Feb-15,1318.00,1318.00,1295.00,1309.00,132330
13-Feb-15,1319.00,1326.00,1311.00,1313.00,200733
12-Feb-15,1302.00,1322.00,1286.00,1311.00,282431
11-Feb-15,1275.00,1309.00,1275.00,1295.00,165862
10-Feb-15,1304.00,1308.13,1261.00,1275.00,385122
9-Feb-15,1327.00,1327.00,1301.00,1310.00,183576
6-Feb-15,1323.00,1326.00,1308.00,1322.00,214032
5-Feb-15,1322.00,1347.00,1314.88,1335.00,285846
4-Feb-15,1326.00,1333.00,1306.00,1327.00,186427
3-Feb-15,1314.00,1331.00,1308.00,1317.00,212714
2-Feb-15,1350.00,1356.00,1303.00,1313.90,202570
30-Jan-15,1335.00,1370.00,1331.00,1350.00,301679
29-Jan-15,1322.00,1330.00,1316.00,1323.00,180830
28-Jan-15,1331.00,1347.00,1320.00,1330.00,204772
27-Jan-15,1355.00,1365.24,1309.64,1326.00,331454
26-Jan-15,1369.00,1370.00,1343.00,1360.00,505279
23-Jan-15,1379.00,1405.00,1371.00,1398.00,203129
22-Jan-15,1355.00,1378.00,1343.00,1377.00,262799
21-Jan-15,1351.00,1358.00,1312.00,1354.00,264685
20-Jan-15,1340.00,1351.00,1321.30,1346.00,149567
19-Jan-15,1323.00,1336.00,1318.00,1330.00,134792
16-Jan-15,1345.00,1350.00,1318.00,1323.00,270347
15-Jan-15,1344.00,1348.00,1315.00,1342.00,214125
14-Jan-15,1334.00,1344.00,1314.00,1330.00,130972
13-Jan-15,1346.00,1360.00,1331.58,1345.00,197612
12-Jan-15,1342.00,1355.00,1330.00,1342.00,144800
9-Jan-15,1331.00,1348.00,1321.00,1331.00,208949
8-Jan-15,1320.00,1338.00,1298.00,1328.00,216708
7-Jan-15,1343.00,1350.00,1326.00,1341.00,190921
6-Jan-15,1360.00,1360.00,1328.40,1345.00,304303
5-Jan-15,1328.00,1359.00,1328.00,1355.00,131027
31-Dec-14,1356.00,1359.00,1327.80,1351.00,22298
30-Dec-14,1354.00,1358.00,1340.00,1345.00,88004
29-Dec-14,1313.00,1362.00,1313.00,1354.00,198599
24-Dec-14,1359.00,1359.00,1331.00,1342.00,19491
23-Dec-14,1333.00,1341.00,1326.00,1341.00,137923
22-Dec-14,1317.00,1327.40,1305.00,1325.00,267477
19-Dec-14,1303.00,1324.00,1297.00,1318.00,324098
18-Dec-14,1316.00,1317.00,1284.00,1301.00,190650
17-Dec-14,1308.00,1312.00,1287.00,1299.00,164921
16-Dec-14,1318.00,1327.00,1284.00,1322.00,289492
15-Dec-14,1296.00,1320.00,1289.00,1306.00,332604
12-Dec-14,1294.00,1303.00,1284.75,1293.00,123428
11-Dec-14,1313.00,1321.00,1278.00,1310.00,274712
10-Dec-14,1307.00,1327.00,1300.00,1318.00,178076
9-Dec-14,1307.00,1323.98,1293.00,1299.00,213003
8-Dec-14,1293.00,1313.00,1285.00,1313.00,239765
5-Dec-14,1294.00,1306.00,1282.00,1304.00,165590
4-Dec-14,1280.00,1283.00,1266.00,1278.00,122684
3-Dec-14,1255.00,1280.00,1250.75,1275.00,143961
2-Dec-14,1265.00,1274.60,1235.00,1260.00,278978
1-Dec-14,1266.00,1277.00,1240.84,1273.00,151959
28-Nov-14,1247.00,1267.00,1247.00,1263.00,161591
27-Nov-14,1256.00,1268.92,1247.00,1256.00,112755
26-Nov-14,1281.00,1285.00,1269.00,1271.00,118487
25-Nov-14,1259.00,1283.00,1259.00,1282.00,159493
24-Nov-14,1245.00,1256.00,1233.00,1252.00,184830
21-Nov-14,1241.00,1254.96,1236.00,1239.00,130427
20-Nov-14,1233.00,1248.00,1218.00,1244.00,180510
19-Nov-14,1235.00,1251.00,1225.00,1225.00,229274
18-Nov-14,1245.00,1252.00,1236.00,1246.00,132978
17-Nov-14,1234.00,1252.00,1225.96,1239.00,118707
14-Nov-14,1242.00,1248.00,1224.00,1237.00,116089
13-Nov-14,1222.00,1240.00,1221.00,1236.00,166475
12-Nov-14,1225.00,1225.00,1201.00,1223.00,234304
11-Nov-14,1215.00,1232.22,1200.97,1207.00,160878
10-Nov-14,1201.00,1217.00,1189.67,1215.00,115022
7-Nov-14,1195.00,1199.32,1182.00,1195.00,201064
6-Nov-14,1183.00,1201.00,1169.00,1190.00,234861
5-Nov-14,1140.00,1180.00,1140.00,1180.00,187546
4-Nov-14,1125.00,1142.00,1119.00,1135.00,101988
3-Nov-14,1133.00,1134.32,1119.00,1125.00,118669
31-Oct-14,1127.00,1128.00,1112.75,1125.00,162647
30-Oct-14,1105.00,1115.00,1100.00,1105.00,138516
29-Oct-14,1110.00,1115.00,1099.00,1104.18,165827
28-Oct-14,1094.00,1112.00,1094.00,1100.00,91482
27-Oct-14,1099.00,1101.00,1084.00,1092.00,112144
24-Oct-14,1111.00,1114.00,1089.00,1092.00,145264
23-Oct-14,1104.00,1114.00,1100.20,1107.00,152063
22-Oct-14,1114.00,1117.00,1098.00,1104.00,219681
21-Oct-14,1056.00,1120.00,1056.00,1108.00,428422
20-Oct-14,1063.00,1069.40,1055.00,1058.00,266769
17-Oct-14,1055.00,1085.00,1053.00,1071.00,331903
16-Oct-14,1025.00,1060.00,1010.00,1050.00,486373
15-Oct-14,1023.00,1040.00,976.50,995.50,405976
14-Oct-14,1002.00,1027.00,997.50,1013.14,203554
13-Oct-14,1021.00,1035.00,992.50,1004.00,211511
10-Oct-14,1003.00,1044.00,992.50,1029.00,146530
9-Oct-14,1050.00,1057.00,1016.00,1017.00,147630
8-Oct-14,1052.00,1055.00,1030.00,1033.00,218823
7-Oct-14,1072.00,1072.00,1050.00,1059.00,130181
6-Oct-14,1080.00,1084.00,1057.00,1073.00,121896
3-Oct-14,1056.00,1080.00,1056.00,1067.00,106338
2-Oct-14,1075.00,1081.00,1047.00,1047.00,245455
1-Oct-14,1089.00,1094.00,1064.00,1073.00,149014
30-Sep-14,1085.00,1103.00,1078.00,1083.00,283045
29-Sep-14,1073.00,1095.00,1073.00,1085.00,106944
26-Sep-14,1082.00,1085.00,1056.00,1079.00,113567
25-Sep-14,1089.00,1111.00,1083.00,1085.00,96389
24-Sep-14,1096.00,1102.00,1076.00,1098.00,89802
23-Sep-14,1111.00,1124.04,1091.00,1092.00,127334
22-Sep-14,1103.00,1137.00,1101.00,1114.00,100218
19-Sep-14,1095.00,1112.00,1091.00,1109.00,296024
18-Sep-14,1090.00,1093.68,1077.00,1087.00,93202
17-Sep-14,1093.00,1094.00,1081.00,1091.00,171801
16-Sep-14,1089.00,1095.00,1085.00,1086.00,83918
15-Sep-14,1093.00,1100.00,1085.42,1091.00,122887
12-Sep-14,1099.00,1099.00,1087.00,1093.00,94644
11-Sep-14,1123.00,1128.00,1086.00,1089.00,158839
10-Sep-14,1120.00,1125.76,1102.00,1109.00,109096
9-Sep-14,1096.00,1121.00,1090.00,1114.00,120130
8-Sep-14,1112.00,1120.00,1093.00,1102.00,141310
5-Sep-14,1141.00,1150.00,1108.00,1115.00,164200
4-Sep-14,1166.00,1169.00,1136.00,1139.00,100514
3-Sep-14,1150.00,1165.00,1142.08,1160.00,108109
2-Sep-14,1160.00,1160.00,1138.00,1151.00,74365
1-Sep-14,1157.00,1173.00,1143.00,1151.00,120648
29-Aug-14,1162.00,1167.00,1144.00,1155.00,131703
28-Aug-14,1159.00,1172.00,1153.00,1166.00,101363
27-Aug-14,1163.00,1166.80,1144.00,1156.00,116925
26-Aug-14,1151.00,1172.00,1129.61,1168.00,115458
22-Aug-14,1147.00,1147.00,1123.00,1140.00,73094
21-Aug-14,1136.00,1152.00,1108.00,1137.00,138762
20-Aug-14,1136.00,1143.00,1120.00,1122.00,131687
19-Aug-14,1126.00,1145.35,1123.80,1140.00,100226
18-Aug-14,1110.00,1125.00,1097.00,1124.00,94935
15-Aug-14,1100.00,1118.00,1092.00,1097.00,85810
14-Aug-14,1086.00,1101.00,1082.00,1095.00,129375
13-Aug-14,1096.00,1096.00,1076.00,1090.00,127659
12-Aug-14,1081.00,1101.00,1081.00,1095.00,128791
11-Aug-14,1076.00,1098.00,1076.00,1083.00,86397
8-Aug-14,1055.00,1077.00,1049.79,1071.00,77941
7-Aug-14,1072.00,1080.00,1058.00,1061.00,121284
6-Aug-14,1075.00,1081.29,1061.00,1068.00,165750
5-Aug-14,1081.00,1093.00,1079.00,1086.00,89252
4-Aug-14,1107.00,1107.00,1076.00,1087.00,113727
1-Aug-14,1127.00,1133.00,1090.00,1100.00,311634
31-Jul-14,1152.00,1152.00,1122.00,1132.00,168834
30-Jul-14,1148.00,1159.00,1139.00,1142.00,142334
29-Jul-14,1136.00,1164.78,1132.00,1154.00,205326
28-Jul-14,1140.00,1145.00,1118.00,1129.00,157799
25-Jul-14,1137.00,1141.00,1122.00,1137.00,156005
24-Jul-14,1114.00,1143.00,1102.00,1138.00,162057
23-Jul-14,1099.00,1116.00,1098.00,1107.00,74941
22-Jul-14,1082.00,1108.00,1074.00,1104.00,113039
21-Jul-14,1081.00,1097.00,1080.00,1090.00,86242
18-Jul-14,1095.00,1095.00,1069.00,1089.00,165045
17-Jul-14,1109.00,1111.00,1086.00,1092.00,195050
16-Jul-14,1112.00,1127.00,1102.00,1108.00,208162
15-Jul-14,1120.00,1129.00,1113.00,1122.00,138291
14-Jul-14,1124.00,1129.90,1116.00,1120.00,115640
11-Jul-14,1111.00,1129.00,1111.00,1115.00,130317
10-Jul-14,1123.00,1123.00,1106.00,1117.00,198264
9-Jul-14,1122.00,1122.00,1110.00,1112.00,150973
8-Jul-14,1115.00,1118.00,1102.00,1118.00,166189
7-Jul-14,1128.00,1128.00,1108.00,1116.00,76846
4-Jul-14,1129.00,1132.00,1120.00,1124.00,71604
3-Jul-14,1107.00,1129.00,1099.00,1126.00,143172
2-Jul-14,1094.00,1107.00,1093.00,1101.00,140478
1-Jul-14,1069.00,1099.00,1069.00,1097.00,266955
30-Jun-14,1070.00,1079.25,1059.00,1070.00,168812
27-Jun-14,1077.00,1085.28,1065.00,1073.00,96443
26-Jun-14,1064.00,1093.00,1064.00,1077.00,159788
25-Jun-14,1053.00,1066.00,1037.69,1061.00,174723
24-Jun-14,1050.00,1061.00,1045.00,1055.00,187373
23-Jun-14,1062.00,1068.00,1048.81,1051.00,109959
20-Jun-14,1078.00,1084.00,1060.00,1069.00,227196
19-Jun-14,1078.00,1089.00,1071.00,1078.00,250600
18-Jun-14,1087.00,1092.00,1074.00,1075.00,251884
17-Jun-14,1074.00,1092.00,1069.00,1083.00,267640
16-Jun-14,1094.00,1101.00,1066.00,1075.00,210923
13-Jun-14,1120.00,1128.00,1090.00,1090.54,268013
12-Jun-14,1109.00,1137.00,1108.00,1128.00,344878
11-Jun-14,1079.00,1122.00,1079.00,1111.00,419666
10-Jun-14,1057.00,1099.00,1057.00,1094.00,312635
9-Jun-14,1053.00,1068.00,1039.00,1065.00,258939
6-Jun-14,1020.00,1048.00,1016.00,1048.00,341609
5-Jun-14,1015.00,1029.95,1001.00,1013.00,195834
4-Jun-14,1020.00,1026.00,1012.00,1017.00,129055
3-Jun-14,1028.00,1029.56,1015.00,1018.00,111493
2-Jun-14,1045.00,1046.00,1026.00,1026.00,121202
30-May-14,1043.00,1049.00,1033.45,1035.00,251294
29-May-14,1038.00,1050.00,1035.00,1036.00,64332
28-May-14,1053.00,1057.00,1034.00,1043.00,139754
27-May-14,1034.00,1064.00,1027.00,1050.00,125662
23-May-14,1036.00,1042.00,1021.00,1026.00,150756
22-May-14,1025.00,1041.00,1025.00,1039.00,161250
21-May-14,1009.00,1033.00,1009.00,1025.00,160775
20-May-14,1005.00,1026.00,1005.00,1012.00,272722
19-May-14,1005.00,1019.00,1000.15,1008.00,158006
16-May-14,1037.00,1050.00,1007.00,1012.00,172970
15-May-14,1075.00,1084.00,1030.38,1033.00,204706
14-May-14,1095.00,1097.00,1076.35,1080.00,93688
13-May-14,1100.00,1100.00,1085.00,1087.00,163162
12-May-14,1094.00,1097.00,1080.00,1095.00,370765
9-May-14,1074.00,1094.00,1074.00,1085.00,98723
8-May-14,1086.00,1098.00,1073.00,1081.00,159682
7-May-14,1096.00,1100.00,1073.20,1089.00,173376
6-May-14,1100.00,1100.00,1088.00,1092.00,187421
2-May-14,1090.00,1100.00,1090.00,1099.00,200104
1-May-14,1112.00,1117.00,1082.00,1090.00,139310
30-Apr-14,1093.00,1100.00,1085.00,1094.00,196553
29-Apr-14,1087.00,1098.00,1081.00,1087.00,173894
28-Apr-14,1094.00,1101.00,1084.00,1084.00,161170
25-Apr-14,1092.00,1100.00,1081.00,1093.00,207257
24-Apr-14,1100.00,1106.90,1082.00,1088.00,223227
23-Apr-14,1096.00,1100.22,1080.00,1099.00,176531
22-Apr-14,1096.00,1104.00,1093.00,1096.00,180566
17-Apr-14,1085.00,1102.00,1085.00,1094.00,136565
16-Apr-14,1087.00,1096.00,1073.00,1086.00,238793
15-Apr-14,1064.00,1079.00,1043.00,1079.00,424989
14-Apr-14,1083.00,1091.00,1041.00,1060.00,349601
11-Apr-14,1105.00,1110.00,1079.48,1090.00,370975
10-Apr-14,1197.00,1213.00,1123.00,1126.00,558049
9-Apr-14,1138.00,1172.00,1121.00,1170.00,453646
8-Apr-14,1207.00,1213.00,1134.00,1139.00,330442
7-Apr-14,1190.00,1213.59,1180.80,1209.00,233794
4-Apr-14,1199.00,1208.00,1192.00,1199.00,194734
3-Apr-14,1215.00,1218.00,1191.00,1200.00,183601
2-Apr-14,1222.00,1237.00,1210.00,1217.00,199051
1-Apr-14,1209.00,1230.00,1206.00,1220.82,212819
31-Mar-14,1216.00,1216.00,1195.00,1203.00,209932
28-Mar-14,1229.00,1238.00,1203.00,1205.00,230694
27-Mar-14,1181.00,1246.00,1181.00,1216.00,457159
26-Mar-14,1168.00,1194.00,1168.00,1181.00,232133
25-Mar-14,1130.00,1182.36,1125.02,1173.00,346426
24-Mar-14,1135.00,1136.90,1107.00,1125.00,388389
21-Mar-14,1160.00,1164.00,1138.00,1139.00,355360
20-Mar-14,1163.00,1174.00,1153.00,1161.00,180932
19-Mar-14,1173.00,1184.00,1159.00,1172.00,222809
18-Mar-14,1175.00,1182.00,1156.15,1169.00,243919
17-Mar-14,1141.00,1184.00,1128.88,1173.00,227122
14-Mar-14,1137.00,1157.00,1126.00,1142.00,169822
13-Mar-14,1172.00,1186.00,1145.00,1145.00,326355
12-Mar-14,1180.00,1206.00,1175.00,1175.00,288313
11-Mar-14,1158.00,1180.00,1158.00,1174.00,271375
10-Mar-14,1139.00,1162.00,1138.00,1149.00,247509
7-Mar-14,1158.00,1158.00,1135.00,1137.00,235200
6-Mar-14,1181.00,1181.00,1157.00,1160.00,133127
5-Mar-14,1195.00,1205.00,1173.00,1174.00,122631
4-Mar-14,1154.00,1211.00,1154.00,1181.96,356965
3-Mar-14,1154.00,1158.00,1137.00,1155.00,206427
28-Feb-14,1144.00,1174.00,1128.00,1171.00,304168
27-Feb-14,1143.00,1149.00,1137.00,1143.00,231056
26-Feb-14,1155.00,1155.00,1136.00,1145.00,132718
25-Feb-14,1160.00,1171.00,1139.00,1148.00,306659
24-Feb-14,1138.00,1161.00,1126.00,1161.00,187641
21-Feb-14,1134.00,1144.00,1129.00,1137.00,183574
20-Feb-14,1114.00,1134.00,1108.00,1133.00,182445
19-Feb-14,1125.00,1130.00,1111.00,1118.00,176123
18-Feb-14,1090.00,1121.00,1075.00,1118.00,292801
17-Feb-14,1067.00,1078.00,1063.00,1075.00,80635
14-Feb-14,1070.00,1072.00,1050.00,1071.00,159484
13-Feb-14,1078.00,1078.00,1059.00,1060.00,216064
12-Feb-14,1086.00,1086.00,1055.00,1077.00,226976
11-Feb-14,1039.00,1066.00,1037.00,1066.00,203273
10-Feb-14,1051.00,1051.00,1032.00,1039.00,171437
7-Feb-14,1046.00,1054.00,1039.00,1046.00,243813
6-Feb-14,1038.00,1053.00,1034.00,1050.00,290852
5-Feb-14,1029.00,1053.00,1027.00,1037.00,186416
4-Feb-14,1025.00,1041.00,1024.00,1035.00,213131
3-Feb-14,1035.00,1052.00,1032.00,1033.00,175227
31-Jan-14,1052.00,1052.00,1031.00,1043.00,235243
30-Jan-14,1032.00,1045.00,1023.00,1045.00,275210
29-Jan-14,1035.00,1048.00,1014.00,1029.00,217968
28-Jan-14,1020.00,1042.00,1016.00,1027.00,220047
27-Jan-14,1032.00,1036.00,1019.00,1025.00,276822
24-Jan-14,1044.00,1053.00,1027.00,1032.00,205152
23-Jan-14,1040.00,1052.00,1034.00,1039.00,223705
22-Jan-14,1042.00,1055.00,1028.00,1043.00,604713
21-Jan-14,1011.00,1033.00,1004.00,1016.00,315561
20-Jan-14,1000.00,1024.00,1000.00,1016.00,228591
17-Jan-14,1014.00,1014.00,992.00,993.00,287042
16-Jan-14,1028.00,1037.00,1005.00,1009.00,203439
15-Jan-14,1010.00,1022.00,999.00,1022.00,162750
14-Jan-14,1012.00,1034.00,1010.00,1010.00,245027
13-Jan-14,1005.00,1025.00,999.00,1025.00,208570
10-Jan-14,983.00,1008.00,982.00,1007.00,201626
9-Jan-14,1003.00,1011.00,979.00,983.00,276695
8-Jan-14,1023.00,1049.00,1006.00,1006.00,292294
7-Jan-14,1029.00,1050.00,1029.00,1039.00,192405
6-Jan-14,1027.00,1036.00,1026.00,1033.00,127478
3-Jan-14,1014.00,1033.00,999.50,1033.00,130207
2-Jan-14,1007.00,1028.00,1000.00,1010.00,132787
31-Dec-13,1020.00,1022.00,998.00,1001.00,94660
30-Dec-13,1009.00,1019.00,999.00,1018.00,132131
27-Dec-13,1010.00,1010.00,997.50,1000.00,177137
24-Dec-13,1007.00,1007.00,997.00,1000.00,34438
23-Dec-13,1009.00,1009.00,997.00,1005.00,178127
20-Dec-13,1012.00,1023.00,996.00,1003.00,492048
19-Dec-13,1019.00,1024.00,1002.00,1015.00,223757
18-Dec-13,1012.00,1027.00,1003.00,1003.00,269582
17-Dec-13,989.50,1010.00,989.50,999.50,267152
16-Dec-13,998.50,1010.00,994.50,1000.00,409675
13-Dec-13,986.00,1008.00,983.50,1001.00,209446
12-Dec-13,998.00,998.00,987.00,992.50,251828
11-Dec-13,995.50,1001.00,982.00,993.50,329220
10-Dec-13,992.50,996.50,985.00,988.50,339469
9-Dec-13,967.50,991.00,967.50,991.00,720401
6-Dec-13,954.50,981.50,954.50,976.00,345376
5-Dec-13,951.00,964.00,951.00,954.50,126221
4-Dec-13,942.50,953.50,937.50,953.50,271779
3-Dec-13,950.00,954.00,935.50,935.50,182180
2-Dec-13,948.00,956.50,943.00,949.50,198155
29-Nov-13,957.50,961.00,943.50,947.00,242267
28-Nov-13,970.50,973.00,955.00,955.00,216122
27-Nov-13,972.00,972.00,966.50,968.00,189757
26-Nov-13,976.00,976.00,968.00,968.50,232179
25-Nov-13,977.50,981.00,968.00,973.50,209482
22-Nov-13,974.00,978.00,966.50,969.00,185797
21-Nov-13,982.00,985.00,969.50,969.50,209233
20-Nov-13,999.00,1001.00,983.50,983.50,362937
19-Nov-13,982.50,988.00,974.50,982.00,83523
18-Nov-13,976.00,981.50,963.00,981.50,230799
15-Nov-13,990.00,990.00,970.50,971.00,308105
14-Nov-13,994.00,1010.00,981.00,983.00,338236
13-Nov-13,983.50,991.50,969.00,980.00,215395
12-Nov-13,991.50,999.00,986.50,988.00,175640
11-Nov-13,962.50,997.00,962.00,992.00,242824
8-Nov-13,957.00,969.50,952.50,963.00,313493
7-Nov-13,967.00,967.00,956.50,961.00,427535
6-Nov-13,938.00,973.50,937.00,964.00,487171
5-Nov-13,924.00,933.00,915.50,928.00,342371
4-Nov-13,923.00,926.50,915.00,915.00,172804
1-Nov-13,901.50,921.00,901.50,916.00,166859
31-Oct-13,899.50,908.50,894.50,901.00,284595
30-Oct-13,901.00,908.00,898.50,903.00,195464
29-Oct-13,889.50,916.00,889.50,901.00,216497
28-Oct-13,891.50,902.00,890.50,893.50,211781
25-Oct-13,905.00,905.00,887.00,888.00,260346
24-Oct-13,911.50,911.50,896.00,907.00,174887
23-Oct-13,907.50,915.00,905.00,905.00,162112
22-Oct-13,915.50,930.50,906.00,906.00,388261
21-Oct-13,930.00,933.00,914.00,918.19,326095
18-Oct-13,918.00,925.00,910.00,915.00,277003
17-Oct-13,903.00,908.50,894.50,907.50,149794
16-Oct-13,898.50,902.50,880.00,900.00,151895
15-Oct-13,910.00,910.00,894.50,900.00,121210
14-Oct-13,908.00,910.00,901.00,904.00,219943
11-Oct-13,888.00,905.50,879.00,905.50,572336
10-Oct-13,865.00,919.00,856.00,882.00,873171
9-Oct-13,852.50,852.50,830.00,835.00,270194
8-Oct-13,861.50,864.50,851.50,851.50,100914
7-Oct-13,848.50,866.50,841.50,863.50,246342
4-Oct-13,833.00,855.50,833.00,853.00,298175
3-Oct-13,848.00,854.00,834.50,834.50,134969
2-Oct-13,862.00,862.00,845.00,855.58,217890
1-Oct-13,826.00,853.50,817.00,853.50,188510
30-Sep-13,827.00,828.00,822.00,827.00,180791
27-Sep-13,840.00,842.50,827.50,830.50,126542
26-Sep-13,853.50,853.50,836.00,840.00,146488
25-Sep-13,838.00,851.50,835.00,850.50,245632
24-Sep-13,823.00,847.00,818.00,841.50,272175
20-Sep-13,844.50,844.50,825.00,825.00,237240
19-Sep-13,845.00,857.50,838.50,843.50,177213
18-Sep-13,832.50,843.00,829.50,836.50,102574
17-Sep-13,849.50,855.50,831.50,833.00,289519
16-Sep-13,842.00,858.00,842.00,851.00,80028
13-Sep-13,840.00,856.00,836.50,837.50,284495
12-Sep-13,850.00,854.00,839.00,839.00,189600
11-Sep-13,856.00,857.00,846.00,846.50,143597
10-Sep-13,856.50,866.00,851.00,853.50,201850
9-Sep-13,848.00,853.50,839.00,851.00,189164
6-Sep-13,848.50,854.00,839.50,850.00,221375
5-Sep-13,850.00,858.50,845.00,845.50,318667
4-Sep-13,848.00,852.50,841.00,851.00,323711
3-Sep-13,851.00,854.00,845.50,846.50,221554
2-Sep-13,846.50,859.00,845.50,852.00,199401
30-Aug-13,849.00,849.00,836.50,847.50,196205
29-Aug-13,825.50,847.50,825.50,845.00,180328
28-Aug-13,836.00,844.00,830.00,839.50,240150
27-Aug-13,847.50,853.50,838.00,845.00,167030
23-Aug-13,842.50,858.00,838.50,850.50,296774
22-Aug-13,817.00,855.00,814.50,850.00,345659
21-Aug-13,808.50,820.50,806.50,813.00,175838
20-Aug-13,814.00,816.50,809.50,815.00,225487
19-Aug-13,814.00,820.00,808.00,818.00,275098
16-Aug-13,794.50,814.00,794.50,813.50,189708
15-Aug-13,812.50,814.50,791.00,792.50,246713
14-Aug-13,823.50,826.00,813.50,814.50,206525
13-Aug-13,825.50,833.50,822.00,822.00,179366
12-Aug-13,831.50,842.00,825.50,833.50,284849
9-Aug-13,813.00,834.50,813.00,832.00,295528
8-Aug-13,806.50,820.00,806.50,810.00,179173
7-Aug-13,821.00,823.00,803.00,803.00,395062
6-Aug-13,829.50,835.00,816.50,820.00,330161
5-Aug-13,803.00,830.00,798.00,829.50,400491
2-Aug-13,778.50,804.50,778.50,801.00,235658
1-Aug-13,782.50,786.50,775.00,779.50,187459
31-Jul-13,772.50,782.00,772.50,778.50,148715
30-Jul-13,765.50,779.00,764.50,775.00,108515
29-Jul-13,761.50,775.50,761.50,765.50,111555
26-Jul-13,766.00,770.00,756.50,757.50,133295
25-Jul-13,771.00,774.00,757.00,767.00,142725
24-Jul-13,771.00,776.50,765.50,770.00,212303
23-Jul-13,770.50,776.00,764.50,767.50,170174
22-Jul-13,769.50,776.50,761.50,768.00,128419
19-Jul-13,761.00,777.50,757.50,771.00,205017
18-Jul-13,763.00,775.50,758.72,764.00,288059
17-Jul-13,744.00,759.50,741.50,754.50,253592
16-Jul-13,755.00,762.00,752.06,757.00,329416
15-Jul-13,752.00,758.50,745.50,756.50,643631
12-Jul-13,748.00,754.60,744.00,745.00,218432
11-Jul-13,747.50,750.45,741.50,747.00,175066
10-Jul-13,759.00,761.60,737.00,745.00,274394
9-Jul-13,758.50,764.50,757.50,758.00,416989
8-Jul-13,743.50,760.00,740.50,752.00,398842
5-Jul-13,745.00,747.50,737.00,742.00,153427
4-Jul-13,726.00,743.50,724.50,743.00,169785
3-Jul-13,726.00,732.10,720.00,726.00,104380
2-Jul-13,727.00,733.00,724.00,729.00,251801
1-Jul-13,721.00,728.00,717.00,725.00,130835
28-Jun-13,719.50,724.50,713.00,718.00,213263
27-Jun-13,708.00,720.50,703.00,719.00,171291
26-Jun-13,707.50,719.00,703.78,706.50,261805
25-Jun-13,697.50,707.50,693.50,706.21,185888
24-Jun-13,697.50,701.10,689.00,695.00,183088
21-Jun-13,703.00,705.00,693.00,698.50,358628
20-Jun-13,715.50,715.50,696.50,700.50,277499
19-Jun-13,721.50,724.00,711.00,716.00,277341
18-Jun-13,728.00,729.99,715.50,719.50,224046
17-Jun-13,720.00,736.00,720.00,730.00,111702
14-Jun-13,724.50,724.50,712.00,716.00,142007
13-Jun-13,717.00,728.00,698.00,714.00,435643
12-Jun-13,738.50,747.50,731.00,731.00,350077
11-Jun-13,746.00,749.00,724.00,741.00,307221
10-Jun-13,756.50,757.50,741.55,749.00,167143
7-Jun-13,750.00,757.50,746.00,753.00,107914
6-Jun-13,748.00,758.50,748.00,748.00,118176
5-Jun-13,759.00,764.50,745.50,749.50,118604
4-Jun-13,772.50,775.00,761.00,763.00,112816
3-Jun-13,754.00,769.50,753.50,767.00,223976
31-May-13,769.50,769.50,746.50,756.50,304949
30-May-13,762.50,768.00,756.50,762.50,198386
29-May-13,758.00,767.50,755.00,765.00,254263
28-May-13,757.00,769.00,757.00,760.50,279974
24-May-13,774.00,774.00,753.50,754.00,235949
23-May-13,764.00,778.00,754.00,771.00,271914
22-May-13,769.00,786.00,766.00,773.50,233457
21-May-13,759.00,780.50,757.00,768.00,331548
20-May-13,745.00,761.00,741.50,758.00,323127
17-May-13,746.00,762.00,745.00,758.50,257640
16-May-13,737.50,757.00,732.46,746.00,267751
15-May-13,737.50,748.00,728.50,735.50,202528
14-May-13,739.00,740.50,735.50,740.00,189754
13-May-13,736.50,741.50,726.50,738.00,304619
10-May-13,732.00,739.00,728.50,738.50,163724
9-May-13,733.00,736.00,727.00,734.00,160214
8-May-13,726.00,735.00,724.50,732.00,328794
7-May-13,742.50,747.00,722.50,726.00,301574
3-May-13,737.50,743.00,718.00,739.50,209168
2-May-13,731.50,739.00,723.00,735.00,273907
1-May-13,742.50,742.85,733.00,740.00,140503
30-Apr-13,743.50,747.50,731.00,739.50,298272
29-Apr-13,743.00,753.00,737.00,740.50,231115
26-Apr-13,736.50,747.27,730.80,741.00,181347
25-Apr-13,737.00,751.00,730.00,739.50,274774
24-Apr-13,732.00,746.00,732.00,739.50,347877
23-Apr-13,738.50,746.00,729.00,734.00,318269
22-Apr-13,733.50,741.50,724.50,736.00,222225
19-Apr-13,739.50,739.50,718.00,730.00,342109
18-Apr-13,746.00,756.00,739.00,741.00,289564
17-Apr-13,759.50,773.00,746.50,752.00,302558
16-Apr-13,771.00,774.00,758.50,759.50,296287
15-Apr-13,786.50,793.50,771.50,775.50,447407
12-Apr-13,786.50,796.50,768.50,784.50,254155
11-Apr-13,758.00,798.00,754.50,793.50,648555
10-Apr-13,730.00,750.00,730.00,745.00,225498
9-Apr-13,723.50,742.00,722.00,734.50,206549
8-Apr-13,721.50,734.50,715.50,730.00,132364
5-Apr-13,736.50,736.50,715.20,724.00,209459
4-Apr-13,747.00,749.50,716.83,736.50,314197
3-Apr-13,749.50,771.50,749.50,764.00,349109
2-Apr-13,745.50,773.00,738.75,757.50,368952
28-Mar-13,739.00,752.50,733.50,746.50,228259
27-Mar-13,744.00,752.36,733.00,737.00,168906
26-Mar-13,730.00,760.00,722.00,748.50,367210
25-Mar-13,738.50,745.50,726.50,727.50,258068
22-Mar-13,726.50,742.00,715.00,738.50,271800
21-Mar-13,742.00,744.00,728.00,729.00,287688
20-Mar-13,738.50,746.00,733.00,741.50,139202
19-Mar-13,743.50,745.00,733.00,741.00,338123
18-Mar-13,717.50,745.00,717.50,742.00,201105
15-Mar-13,721.00,727.00,719.50,722.50,412860
14-Mar-13,716.00,722.91,715.50,720.00,373026
13-Mar-13,729.00,730.00,712.50,713.50,654785
12-Mar-13,734.00,736.50,716.00,731.50,428807
11-Mar-13,705.50,736.00,705.50,733.00,456386
8-Mar-13,690.00,711.50,689.00,705.00,283476
7-Mar-13,682.50,696.50,682.50,691.00,232053
6-Mar-13,689.00,698.00,681.00,684.50,586757
5-Mar-13,671.50,684.50,671.50,680.50,571009
4-Mar-13,686.50,686.50,676.00,676.00,308839
1-Mar-13,671.50,695.00,671.50,690.50,312834
28-Feb-13,670.50,679.00,668.00,674.50,582072
27-Feb-13,684.00,684.00,663.50,667.00,362851
26-Feb-13,688.50,689.00,680.20,681.50,340412
25-Feb-13,701.50,708.00,691.50,695.00,198593
22-Feb-13,703.00,703.00,696.00,699.50,134272
21-Feb-13,709.00,709.00,698.50,700.00,151426
20-Feb-13,696.50,717.50,696.50,712.00,302914
19-Feb-13,696.50,706.00,696.50,702.00,376777
18-Feb-13,701.00,706.00,691.50,697.00,217820
15-Feb-13,704.50,711.50,699.50,700.00,279093
14-Feb-13,716.00,716.50,706.00,706.00,289839
13-Feb-13,696.50,716.50,694.00,711.50,362586
12-Feb-13,689.00,698.00,688.50,696.50,272379
11-Feb-13,688.00,693.78,685.50,690.50,160028
8-Feb-13,693.50,696.00,679.50,690.00,296288
7-Feb-13,687.50,699.00,683.00,694.50,582195
6-Feb-13,678.00,690.00,674.68,685.50,269617
5-Feb-13,671.50,679.00,670.68,676.00,197576
4-Feb-13,680.50,680.50,667.50,671.50,256653
1-Feb-13,670.00,675.22,665.50,672.50,350848
31-Jan-13,664.50,669.00,663.50,666.00,326171
30-Jan-13,663.00,673.00,659.50,665.50,611591
29-Jan-13,669.50,675.50,663.50,663.50,454668
28-Jan-13,664.50,674.00,664.06,666.50,375544
25-Jan-13,658.00,674.00,656.50,671.00,452757
24-Jan-13,647.00,657.50,647.00,655.00,317195
23-Jan-13,657.00,662.50,635.00,650.00,762240
22-Jan-13,649.00,658.00,648.50,652.00,627248
21-Jan-13,621.00,648.56,613.00,646.00,1071335
18-Jan-13,620.00,620.00,611.50,615.50,587399
17-Jan-13,613.00,615.00,607.75,615.00,317611
16-Jan-13,609.00,610.00,598.56,609.00,375911
15-Jan-13,617.00,624.34,570.00,609.50,693516
14-Jan-13,622.50,625.10,618.50,620.00,251286
11-Jan-13,624.50,631.50,617.50,625.00,215435
10-Jan-13,625.50,642.00,618.50,626.00,573100
9-Jan-13,624.50,628.50,620.50,623.50,282721
8-Jan-13,620.50,637.50,618.00,625.50,591580
7-Jan-13,628.00,628.92,621.40,623.00,243671
4-Jan-13,638.00,638.00,622.31,626.00,447808
3-Jan-13,644.50,645.00,627.00,636.00,478969
2-Jan-13,665.00,673.00,647.50,653.50,513470
