31-Dec-15,263.80,265.20,260.10,262.00,190071
30-Dec-15,255.90,265.00,254.40,263.84,901533
29-Dec-15,257.10,264.90,253.70,255.80,268307
24-Dec-15,259.00,261.90,258.00,258.70,19701
23-Dec-15,252.20,259.90,250.42,254.35,292379
22-Dec-15,251.30,255.40,248.80,252.10,313443
21-Dec-15,247.40,253.40,247.40,250.80,402071
18-Dec-15,251.60,255.46,247.60,249.90,7251336
16-Dec-15,248.50,248.59,245.00,246.10,421129
15-Dec-15,249.80,249.80,245.00,246.80,404761
14-Dec-15,247.00,250.00,246.05,247.70,747390
11-Dec-15,248.00,253.40,245.50,246.90,1185023
10-Dec-15,253.50,253.60,241.60,244.80,1252257
9-Dec-15,257.90,260.16,254.00,256.65,621785
8-Dec-15,261.50,261.50,256.30,257.80,524530
7-Dec-15,257.40,261.80,257.40,261.50,397149
4-Dec-15,262.50,262.90,257.00,259.80,760251
3-Dec-15,260.30,263.80,257.80,262.00,2422514
2-Dec-15,261.00,264.00,255.00,257.20,1672421
1-Dec-15,259.50,265.00,256.00,263.94,5189722
30-Nov-15,285.50,291.80,280.30,283.60,3686770
27-Nov-15,283.00,290.00,281.40,288.00,356343
26-Nov-15,276.40,286.40,273.50,284.00,226290
25-Nov-15,275.50,280.00,270.50,273.00,203760
24-Nov-15,283.60,283.60,270.80,275.91,345075
23-Nov-15,285.00,285.90,277.80,282.10,421663
20-Nov-15,282.90,289.70,282.00,282.00,286601
19-Nov-15,286.00,289.80,282.00,286.50,437568
18-Nov-15,282.00,292.80,278.00,290.32,846484
17-Nov-15,280.00,291.00,276.10,288.50,640587
16-Nov-15,263.00,280.20,260.50,262.50,697878
13-Nov-15,265.80,272.60,263.00,265.80,559710
12-Nov-15,270.00,275.00,264.60,271.27,807040
11-Nov-15,263.50,274.80,261.20,270.80,1046484
10-Nov-15,258.40,258.60,248.60,251.80,249566
9-Nov-15,252.40,257.80,251.30,253.00,231332
6-Nov-15,252.10,256.40,252.10,254.00,302150
5-Nov-15,256.10,256.10,249.50,252.00,132134
4-Nov-15,251.60,258.50,248.30,255.70,412957
3-Nov-15,260.10,260.10,248.60,250.00,515162
2-Nov-15,254.40,259.30,253.70,255.00,287933
30-Oct-15,261.60,261.90,255.40,257.10,407332
29-Oct-15,259.70,267.00,258.30,260.00,360454
28-Oct-15,257.00,260.80,255.10,256.30,180807
27-Oct-15,254.00,258.00,254.00,256.30,571585
26-Oct-15,255.90,258.20,255.41,255.80,201087
23-Oct-15,262.00,262.70,257.50,258.00,1015943
22-Oct-15,246.00,263.10,246.00,262.40,542535
21-Oct-15,239.30,249.30,239.30,248.00,177433
20-Oct-15,232.60,242.70,230.70,242.70,481520
19-Oct-15,228.40,233.20,227.90,231.10,178635
16-Oct-15,232.00,232.00,228.00,229.80,196627
15-Oct-15,227.50,231.51,227.50,230.00,633524
14-Oct-15,229.70,230.80,225.30,228.00,230975
13-Oct-15,228.00,233.70,227.31,231.60,422826
12-Oct-15,230.10,235.30,224.00,224.60,601225
9-Oct-15,230.90,234.18,225.30,230.50,639589
8-Oct-15,232.00,234.60,224.80,226.20,340087
7-Oct-15,239.00,241.70,232.00,232.50,395720
6-Oct-15,241.60,245.46,236.10,238.80,262279
5-Oct-15,241.80,246.90,240.30,243.40,127716
2-Oct-15,238.00,240.80,234.30,240.00,386352
1-Oct-15,235.10,237.10,233.30,235.30,193124
30-Sep-15,238.50,240.00,227.90,234.60,602633
29-Sep-15,240.00,240.00,231.10,237.73,311643
28-Sep-15,247.00,247.00,236.00,240.00,243583
25-Sep-15,241.00,247.00,238.30,242.30,289032
24-Sep-15,245.00,249.90,240.40,242.20,107439
23-Sep-15,246.70,249.20,242.90,247.50,193372
22-Sep-15,257.10,257.80,246.70,248.00,414173
21-Sep-15,255.00,261.30,252.00,261.30,309063
18-Sep-15,267.00,272.00,262.00,262.75,11541930
17-Sep-15,258.00,262.64,254.50,258.75,949212
16-Sep-15,259.75,263.50,253.50,255.00,407264
15-Sep-15,265.00,268.00,255.25,261.00,546402
14-Sep-15,265.00,272.25,265.00,265.25,270822
11-Sep-15,272.00,272.00,265.00,266.00,171320
10-Sep-15,268.00,273.50,267.00,267.00,252190
9-Sep-15,274.00,278.28,269.25,270.00,212979
8-Sep-15,273.00,273.75,267.25,273.75,180185
7-Sep-15,265.00,271.75,265.00,271.00,139406
4-Sep-15,268.00,274.98,265.00,268.75,350069
3-Sep-15,272.50,275.00,267.00,275.00,634584
2-Sep-15,272.50,272.50,262.50,269.16,523681
1-Sep-15,272.00,272.00,257.86,268.25,312916
28-Aug-15,272.50,272.50,255.50,271.00,255241
27-Aug-15,271.00,278.84,263.25,272.75,326538
26-Aug-15,255.00,268.50,255.00,257.00,290740
25-Aug-15,258.25,262.00,255.00,258.00,616166
24-Aug-15,270.00,270.54,255.00,259.00,500959
21-Aug-15,262.25,272.95,260.50,270.00,261623
20-Aug-15,268.50,275.00,268.50,274.50,181924
19-Aug-15,281.00,281.00,270.75,273.00,169919
18-Aug-15,279.00,280.00,273.00,277.00,220625
17-Aug-15,282.75,285.00,276.50,282.00,87733
14-Aug-15,282.00,285.12,280.00,282.25,126441
13-Aug-15,275.00,283.00,264.10,282.75,310453
12-Aug-15,262.00,275.75,262.00,272.84,380216
11-Aug-15,253.25,275.50,253.25,265.26,368233
10-Aug-15,252.00,268.93,252.00,261.25,85394
7-Aug-15,268.00,270.00,260.75,265.00,74829
6-Aug-15,268.00,268.00,261.00,266.10,158440
5-Aug-15,260.00,267.75,255.00,257.43,260910
4-Aug-15,250.00,259.75,248.00,255.64,385711
3-Aug-15,248.00,254.54,246.00,252.00,448702
31-Jul-15,246.00,254.75,246.00,250.00,252864
30-Jul-15,248.75,249.74,246.25,247.00,185792
29-Jul-15,251.00,254.16,246.25,251.28,178733
28-Jul-15,247.50,255.00,242.00,250.00,514855
27-Jul-15,246.00,248.00,243.25,246.75,120723
24-Jul-15,246.00,247.50,242.75,247.25,225209
23-Jul-15,255.00,255.00,245.50,246.07,73852
22-Jul-15,250.00,252.00,243.32,247.00,235652
21-Jul-15,247.50,250.00,246.00,247.00,310829
20-Jul-15,242.00,250.74,240.99,247.50,184007
17-Jul-15,240.75,247.00,240.75,241.25,318902
16-Jul-15,235.25,245.00,235.25,240.00,397366
15-Jul-15,238.50,239.25,235.25,236.75,383675
14-Jul-15,237.00,239.00,236.00,238.00,326225
13-Jul-15,236.00,241.50,235.00,241.30,303637
10-Jul-15,233.75,244.00,233.75,240.39,618121
9-Jul-15,240.00,243.25,238.16,243.15,338709
8-Jul-15,236.50,240.00,236.50,239.28,210300
7-Jul-15,243.00,244.00,235.00,239.50,224617
6-Jul-15,244.50,244.55,241.95,242.00,55276
3-Jul-15,240.50,245.00,240.50,241.25,136659
2-Jul-15,240.00,246.00,236.00,238.50,449982
1-Jul-15,239.00,244.75,235.56,242.00,433034
30-Jun-15,230.00,236.75,230.00,233.43,1270164
29-Jun-15,238.00,241.25,229.60,233.16,4132850
26-Jun-15,225.00,241.75,224.78,237.30,33298225
