31-Dec-15,94.70,96.20,94.15,94.50,349305
30-Dec-15,96.35,96.90,94.00,95.20,3120588
29-Dec-15,101.10,101.62,93.05,97.00,3947483
24-Dec-15,101.20,102.98,99.80,101.80,314117
23-Dec-15,98.70,102.10,98.70,101.50,2152064
22-Dec-15,96.40,98.25,96.40,98.10,2128227
21-Dec-15,93.95,97.30,93.50,96.55,2636880
18-Dec-15,92.95,94.45,91.40,94.45,9319338
16-Dec-15,94.60,94.60,92.55,93.95,4326363
15-Dec-15,97.50,97.50,91.70,94.85,4265373
14-Dec-15,99.60,99.82,96.66,96.70,3729457
11-Dec-15,100.60,101.40,97.85,98.70,3890707
10-Dec-15,104.40,105.40,100.00,101.10,5164101
9-Dec-15,102.80,106.10,102.80,105.40,4867686
8-Dec-15,108.40,108.40,103.30,103.30,5415287
7-Dec-15,102.00,112.10,99.09,109.30,13315881
4-Dec-15,115.70,116.10,113.30,114.30,1833464
3-Dec-15,117.60,118.80,115.70,115.70,2052004
2-Dec-15,116.70,118.40,115.40,117.50,2984782
1-Dec-15,111.00,117.30,110.50,116.20,4560957
30-Nov-15,109.80,111.20,109.10,110.50,2550105
27-Nov-15,110.40,110.60,108.30,110.40,3030003
26-Nov-15,107.70,111.50,107.20,109.60,2926035
25-Nov-15,103.40,111.20,102.80,107.60,4217704
24-Nov-15,100.40,103.50,99.45,102.80,3265850
23-Nov-15,99.00,101.43,99.00,100.21,2125693
20-Nov-15,99.50,100.60,99.15,100.19,2499939
19-Nov-15,99.75,101.50,99.45,99.70,1661995
18-Nov-15,99.15,100.70,98.50,100.10,1705217
17-Nov-15,97.95,100.10,97.65,99.70,2107456
16-Nov-15,98.25,99.56,96.65,97.20,2831600
13-Nov-15,101.50,102.10,98.50,99.40,2217711
12-Nov-15,102.50,103.10,101.40,101.70,2506881
11-Nov-15,102.80,104.20,102.30,103.00,1584924
10-Nov-15,104.90,105.40,102.40,103.10,3700310
9-Nov-15,102.00,110.00,102.00,104.80,4740468
6-Nov-15,99.60,100.10,98.20,99.35,2027179
5-Nov-15,100.40,100.80,97.20,99.55,2332181
4-Nov-15,100.00,100.90,99.10,100.50,3068996
3-Nov-15,99.80,100.50,99.05,99.70,2939450
2-Nov-15,94.25,100.30,94.25,99.75,4854789
30-Oct-15,91.85,94.00,91.30,93.70,2555769
29-Oct-15,91.60,92.65,90.85,91.50,3245924
28-Oct-15,91.80,92.20,89.48,91.45,2659013
27-Oct-15,95.00,95.00,91.75,92.05,3075605
26-Oct-15,95.60,97.60,95.00,95.00,2238219
23-Oct-15,95.70,96.30,94.33,95.55,2530729
22-Oct-15,95.35,95.45,93.10,95.00,3666004
21-Oct-15,96.35,97.14,94.85,95.05,5642312
20-Oct-15,98.00,98.15,94.55,95.70,5673017
19-Oct-15,100.40,100.40,97.55,98.70,3507768
16-Oct-15,102.20,103.00,99.88,100.40,2277967
15-Oct-15,102.00,102.40,99.90,101.60,4501535
14-Oct-15,105.00,106.50,104.10,104.90,1295718
13-Oct-15,107.60,108.20,105.40,105.90,1577604
12-Oct-15,108.40,110.19,107.40,108.10,2174885
9-Oct-15,106.60,108.96,106.40,108.90,3156011
8-Oct-15,107.30,107.70,104.00,105.40,2907950
7-Oct-15,104.70,108.80,103.93,107.20,4183477
6-Oct-15,105.30,105.50,103.40,103.90,2051911
5-Oct-15,103.90,106.04,103.50,105.10,2923623
2-Oct-15,102.30,103.50,101.30,102.20,1572720
1-Oct-15,102.90,103.30,101.15,101.30,2208895
30-Sep-15,101.60,103.20,100.70,101.90,3443305
29-Sep-15,97.55,101.20,97.13,100.50,2558523
28-Sep-15,101.60,101.90,98.00,98.20,2624154
25-Sep-15,103.00,103.90,101.98,102.10,1597739
24-Sep-15,101.20,102.70,100.70,102.00,3507375
23-Sep-15,101.30,102.50,101.10,101.80,3544311
22-Sep-15,106.30,106.30,101.70,102.00,5135262
21-Sep-15,107.60,108.40,105.30,105.60,2889922
18-Sep-15,110.50,110.50,107.60,108.40,6613793
17-Sep-15,108.50,111.70,107.90,110.40,4545664
16-Sep-15,108.00,108.10,103.30,105.80,4905147
15-Sep-15,102.60,104.25,101.10,103.40,1973356
14-Sep-15,104.70,105.70,102.10,102.20,2013214
11-Sep-15,105.50,106.00,102.70,104.10,2124732
10-Sep-15,108.80,108.80,105.00,105.30,2259313
9-Sep-15,110.80,111.60,108.30,109.10,1797423
8-Sep-15,108.00,110.30,108.00,109.20,5309696
7-Sep-15,106.50,107.40,104.20,104.70,1832120
4-Sep-15,110.00,110.30,105.40,105.50,3909642
3-Sep-15,110.50,112.00,110.30,111.30,1851399
2-Sep-15,110.20,111.50,109.90,110.00,2678157
1-Sep-15,112.20,113.10,110.00,110.50,1977479
28-Aug-15,112.20,113.90,112.00,113.00,4284387
27-Aug-15,116.50,116.50,112.20,112.40,2982502
26-Aug-15,113.90,116.00,112.80,114.05,2863968
25-Aug-15,114.60,116.30,113.60,114.30,2606855
24-Aug-15,113.20,115.50,112.00,113.60,4105768
21-Aug-15,116.00,117.30,114.97,115.00,1945562
20-Aug-15,117.20,118.11,116.60,117.00,1341263
19-Aug-15,119.70,120.20,117.70,118.10,1764004
18-Aug-15,120.60,120.60,119.20,119.70,2035012
17-Aug-15,122.20,122.30,120.60,121.10,1064608
14-Aug-15,122.30,123.20,121.00,121.50,1952616
13-Aug-15,125.30,125.30,121.50,122.50,2379878
12-Aug-15,122.70,125.30,121.90,123.30,2445732
11-Aug-15,131.50,133.80,123.00,124.00,4348693
10-Aug-15,125.90,127.20,119.90,125.50,2262827
7-Aug-15,124.00,126.30,123.10,125.50,1719368
6-Aug-15,127.50,127.50,123.40,124.00,1679554
5-Aug-15,126.00,127.80,124.30,127.20,1097391
4-Aug-15,127.30,127.30,123.90,125.40,1597656
3-Aug-15,129.00,130.70,125.80,126.90,2810638
31-Jul-15,126.90,129.20,124.40,128.90,1541556
30-Jul-15,126.80,127.00,124.80,126.70,2468481
29-Jul-15,125.50,126.10,123.40,125.60,2162671
28-Jul-15,125.00,126.10,123.80,125.50,1739239
27-Jul-15,127.50,127.60,124.50,124.80,1682693
24-Jul-15,125.80,128.67,123.00,127.20,3279292
23-Jul-15,128.90,128.90,125.10,125.30,1494748
22-Jul-15,128.80,130.52,126.70,127.10,1410304
21-Jul-15,131.90,132.40,129.90,130.00,1242846
20-Jul-15,131.20,132.70,130.80,131.30,1036276
17-Jul-15,134.00,134.10,131.70,132.10,1281349
16-Jul-15,133.70,134.22,131.70,133.40,1206105
15-Jul-15,131.90,134.70,130.90,132.20,2031247
14-Jul-15,130.00,132.50,129.40,131.20,2467109
13-Jul-15,128.80,130.40,127.40,129.80,1670523
10-Jul-15,129.60,130.60,128.00,128.20,2323731
9-Jul-15,127.10,129.00,125.30,128.10,1885154
8-Jul-15,127.30,128.30,124.90,125.90,2065795
7-Jul-15,127.20,128.46,125.10,125.40,2845941
6-Jul-15,127.00,127.70,125.20,126.70,2123258
3-Jul-15,131.70,132.11,126.40,127.80,3386506
2-Jul-15,128.00,134.30,125.10,130.80,7357496
1-Jul-15,130.00,135.60,125.20,125.70,6837397
30-Jun-15,120.00,120.83,118.00,118.00,6515570
29-Jun-15,115.60,122.80,113.08,120.50,4113535
26-Jun-15,125.30,126.46,119.40,120.00,3935709
25-Jun-15,127.50,127.70,126.00,126.30,1975197
24-Jun-15,133.10,133.10,126.95,127.00,2900434
23-Jun-15,124.10,134.70,120.86,133.30,5568121
22-Jun-15,120.90,123.70,118.30,123.50,2458100
19-Jun-15,120.10,121.60,119.70,120.00,3327608
18-Jun-15,122.00,122.00,119.60,120.10,2228483
17-Jun-15,122.60,123.00,121.10,121.50,1854563
16-Jun-15,123.20,124.40,121.70,122.70,2448501
15-Jun-15,122.00,125.20,120.80,123.40,3082975
12-Jun-15,128.90,129.40,123.40,125.10,2979876
11-Jun-15,131.80,132.60,129.30,129.50,1969505
10-Jun-15,131.20,132.90,130.90,132.30,1961597
9-Jun-15,132.10,132.70,130.80,131.00,1504386
8-Jun-15,133.50,134.10,131.80,132.40,1369157
5-Jun-15,134.60,135.50,133.15,133.40,2003999
4-Jun-15,136.30,137.20,135.10,135.60,1955978
3-Jun-15,137.80,139.50,136.70,137.00,2308992
2-Jun-15,137.10,138.90,135.50,138.50,1970959
1-Jun-15,135.10,138.90,135.10,136.20,2361324
29-May-15,137.50,138.80,136.10,138.00,3413276
28-May-15,138.00,138.15,135.60,136.90,1909084
27-May-15,135.30,137.90,135.30,137.10,2098308
26-May-15,138.00,138.80,136.40,136.70,2151498
22-May-15,137.40,140.60,137.40,138.90,2094486
21-May-15,136.90,139.10,136.20,137.80,2191660
20-May-15,138.00,139.00,136.70,137.30,2770247
19-May-15,136.80,137.90,132.54,136.57,3602278
18-May-15,137.10,139.11,136.10,136.60,2759836
15-May-15,138.00,139.50,137.00,137.50,3022908
14-May-15,136.80,140.30,136.80,137.60,2743466
13-May-15,137.40,138.70,134.90,138.10,3341943
12-May-15,135.70,137.40,133.60,136.10,4258509
11-May-15,135.50,139.90,135.50,136.30,2844787
8-May-15,138.00,141.60,133.80,137.10,6240601
7-May-15,131.40,131.80,127.68,129.40,2896785
6-May-15,131.60,133.00,128.78,131.20,2365783
5-May-15,131.50,132.80,129.90,130.30,3769180
1-May-15,132.40,133.00,128.98,130.50,1724058
30-Apr-15,133.90,134.73,132.20,133.60,3676095
29-Apr-15,135.50,137.10,133.90,134.10,3005587
28-Apr-15,133.00,135.10,131.60,134.40,2440311
27-Apr-15,134.50,134.50,128.70,132.80,3675677
24-Apr-15,136.90,138.90,134.60,134.90,3100475
23-Apr-15,132.00,135.30,125.30,135.30,4531906
22-Apr-15,140.00,140.00,132.40,133.30,5145881
21-Apr-15,143.80,143.90,138.50,138.50,5937029
20-Apr-15,143.50,144.40,141.90,143.80,2152627
17-Apr-15,147.20,147.20,139.90,142.60,3637655
16-Apr-15,146.30,150.00,145.90,146.70,3553398
15-Apr-15,150.90,150.90,145.70,146.00,4421624
14-Apr-15,142.70,150.30,142.00,148.80,6242309
13-Apr-15,144.90,144.90,140.70,144.00,4464968
10-Apr-15,142.70,144.40,142.38,144.40,4903368
9-Apr-15,148.80,148.80,141.70,142.40,4754735
8-Apr-15,146.40,148.80,144.90,147.90,4987773
7-Apr-15,144.80,148.50,144.80,146.80,4431619
2-Apr-15,144.00,145.00,140.70,144.20,4390203
1-Apr-15,137.20,146.30,136.50,144.60,6692000
31-Mar-15,135.80,143.25,131.60,137.90,9799861
30-Mar-15,168.20,169.30,163.00,163.00,3245734
27-Mar-15,172.80,174.50,167.90,168.10,3268976
26-Mar-15,180.80,182.90,173.10,174.00,3891971
25-Mar-15,181.90,184.06,175.10,181.80,2193901
24-Mar-15,187.70,187.70,181.90,182.60,3617425
23-Mar-15,177.00,188.90,175.20,187.00,3643771
20-Mar-15,169.50,181.10,168.90,180.00,7694473
19-Mar-15,173.80,174.80,169.50,170.60,3533011
18-Mar-15,171.80,174.84,169.70,174.60,3155102
17-Mar-15,170.90,174.40,169.20,171.40,3450245
16-Mar-15,177.20,179.00,169.80,171.00,4356921
13-Mar-15,181.00,182.40,176.30,182.30,3605639
12-Mar-15,185.50,185.50,170.90,183.70,12267088
11-Mar-15,208.90,209.20,200.70,206.40,2318297
10-Mar-15,213.00,213.00,204.70,206.80,1822593
9-Mar-15,215.40,215.90,210.50,211.90,1901392
6-Mar-15,217.80,220.40,212.80,214.20,1793134
5-Mar-15,205.30,219.00,205.30,217.80,2172408
4-Mar-15,213.50,213.74,204.50,206.80,1939541
3-Mar-15,213.50,213.50,200.30,211.90,3336196
2-Mar-15,220.60,223.67,212.47,213.50,2381488
27-Feb-15,228.80,229.00,221.00,222.40,1345116
26-Feb-15,222.00,233.14,221.10,227.70,2461135
25-Feb-15,219.60,222.80,216.00,221.10,1648977
24-Feb-15,211.40,220.10,210.50,218.80,1569370
23-Feb-15,214.10,218.30,210.10,211.30,1679334
20-Feb-15,204.50,223.50,204.40,211.90,4297877
19-Feb-15,199.00,201.60,196.99,200.40,947046
18-Feb-15,197.30,198.70,196.00,198.00,1748149
17-Feb-15,200.00,201.70,194.80,195.40,1926902
16-Feb-15,201.00,202.10,197.50,201.30,1120298
13-Feb-15,200.60,200.70,198.00,200.00,1747532
12-Feb-15,198.20,202.00,196.80,199.20,1756432
11-Feb-15,197.60,197.90,192.30,197.20,1741962
10-Feb-15,197.50,199.47,191.99,195.40,2717047
9-Feb-15,184.30,202.70,183.70,196.70,3834879
6-Feb-15,177.90,185.10,177.30,183.60,2419086
5-Feb-15,170.20,180.00,167.50,179.40,2059615
4-Feb-15,173.30,173.40,170.60,171.70,2814720
3-Feb-15,161.90,173.30,161.90,171.60,2838696
2-Feb-15,154.70,162.10,152.60,161.20,2391005
30-Jan-15,154.10,155.30,152.10,154.40,2170340
29-Jan-15,158.20,158.84,152.30,152.70,2844340
28-Jan-15,158.50,163.60,157.00,159.60,2703364
27-Jan-15,165.60,165.60,153.70,156.30,2205737
26-Jan-15,169.00,169.88,163.70,164.50,1748353
23-Jan-15,175.40,176.50,169.20,169.80,1801700
22-Jan-15,164.60,174.90,164.60,174.20,2411248
21-Jan-15,166.20,166.49,162.60,165.90,1979544
20-Jan-15,161.00,166.40,160.85,166.00,1777478
19-Jan-15,160.60,165.20,160.60,162.00,1632798
16-Jan-15,159.50,161.60,158.40,160.80,2240025
15-Jan-15,154.80,160.20,153.30,159.90,2075408
14-Jan-15,155.60,156.00,152.70,153.90,2911547
13-Jan-15,153.70,159.00,153.30,156.30,2225092
12-Jan-15,160.30,161.43,152.30,153.40,4408748
9-Jan-15,156.20,162.40,156.20,159.80,3855325
8-Jan-15,157.90,159.12,155.90,157.30,2134819
7-Jan-15,155.20,158.80,154.82,156.20,2248001
6-Jan-15,153.60,159.10,153.30,154.30,2498183
5-Jan-15,156.00,158.10,152.50,154.20,1996597
31-Dec-14,156.70,163.30,156.70,160.70,2047288
30-Dec-14,160.00,160.70,155.00,155.70,1840587
29-Dec-14,161.30,161.30,158.60,159.80,1135339
24-Dec-14,163.90,163.90,159.10,160.40,407159
23-Dec-14,157.30,164.50,156.50,163.10,1823477
22-Dec-14,155.00,158.27,151.30,156.60,3828117
19-Dec-14,167.30,169.00,145.00,153.00,9672764
18-Dec-14,161.40,171.50,161.40,165.80,3872028
17-Dec-14,158.90,161.00,153.80,159.50,3293811
16-Dec-14,158.00,162.30,156.20,159.30,2201598
15-Dec-14,161.80,165.40,157.70,158.00,2760915
12-Dec-14,162.90,165.30,160.20,161.90,2257227
11-Dec-14,164.40,166.10,163.40,164.30,1966004
10-Dec-14,170.00,178.40,164.60,165.00,4133578
9-Dec-14,166.30,166.50,163.35,164.30,2115130
8-Dec-14,168.80,169.90,164.50,166.50,1285344
5-Dec-14,169.40,170.04,164.50,168.80,1895981
4-Dec-14,170.00,170.91,157.10,169.20,3489772
3-Dec-14,171.40,173.70,169.41,170.60,1817495
2-Dec-14,173.50,175.60,170.20,172.00,2456901
1-Dec-14,176.00,180.00,173.80,174.40,2177269
28-Nov-14,177.30,179.70,174.20,175.30,1879462
27-Nov-14,174.80,179.80,174.20,177.70,1806603
26-Nov-14,174.50,178.00,171.90,174.80,3150996
25-Nov-14,167.40,175.80,167.00,175.20,3672764
24-Nov-14,169.20,171.66,164.20,167.80,4147617
21-Nov-14,178.50,178.90,159.70,170.00,9554502
20-Nov-14,191.90,192.70,172.80,179.00,7370472
19-Nov-14,210.60,210.60,184.50,192.50,5891082
18-Nov-14,213.50,214.45,209.50,210.00,2098599
17-Nov-14,210.00,216.20,209.89,212.60,1808561
14-Nov-14,216.20,216.70,210.00,212.00,3436418
13-Nov-14,216.10,219.84,212.50,215.20,3878158
12-Nov-14,212.00,215.50,209.53,214.70,4802749
11-Nov-14,220.00,222.70,207.80,213.90,5245511
10-Nov-14,210.00,229.00,203.80,215.00,13328740
7-Nov-14,320.00,320.70,315.10,317.10,1453744
6-Nov-14,311.20,319.60,311.20,319.40,914912
5-Nov-14,312.70,313.40,309.00,312.00,1058774
4-Nov-14,308.10,312.30,307.50,310.50,1496648
3-Nov-14,298.10,309.00,298.10,309.00,1255452
31-Oct-14,298.20,298.20,292.40,297.70,1656516
30-Oct-14,297.60,301.20,295.30,295.80,1241508
29-Oct-14,288.60,297.60,288.60,297.60,1141743
28-Oct-14,283.70,289.60,283.70,287.80,664920
27-Oct-14,282.40,284.10,278.10,283.40,1200129
24-Oct-14,280.20,283.70,279.90,282.60,1418524
23-Oct-14,292.80,292.80,280.50,282.50,1218883
22-Oct-14,289.40,292.80,285.70,292.50,2104608
21-Oct-14,285.10,289.40,285.10,289.40,1886238
20-Oct-14,287.70,288.10,283.60,287.10,934141
17-Oct-14,287.00,290.90,284.50,288.20,1588245
16-Oct-14,282.90,287.70,280.10,286.90,3512635
15-Oct-14,283.30,287.60,281.50,282.70,1957660
14-Oct-14,279.70,283.30,278.70,283.00,1521419
13-Oct-14,277.00,281.20,275.30,280.30,1407683
10-Oct-14,278.30,280.80,276.50,279.50,1889370
9-Oct-14,281.30,283.90,277.40,279.60,1443654
8-Oct-14,280.00,280.30,278.20,279.20,992546
7-Oct-14,280.50,281.80,277.10,280.00,1516459
6-Oct-14,280.80,281.90,279.10,280.80,1767914
3-Oct-14,278.30,281.00,277.50,278.90,973227
2-Oct-14,278.00,278.81,272.80,277.00,1836729
1-Oct-14,285.00,286.90,279.40,279.80,1575759
30-Sep-14,283.50,286.80,281.90,286.10,2003133
29-Sep-14,282.60,285.30,282.00,282.60,1236225
26-Sep-14,284.20,284.91,281.10,284.00,1309548
25-Sep-14,283.90,286.70,283.90,284.70,1761333
24-Sep-14,285.70,286.20,283.30,285.10,1714675
23-Sep-14,286.00,286.60,283.89,285.20,1700231
22-Sep-14,284.10,286.30,282.30,286.00,1506138
19-Sep-14,286.90,289.20,284.70,285.90,2725260
18-Sep-14,293.50,293.80,285.00,285.00,3986792
17-Sep-14,305.50,307.50,290.20,293.00,2130266
16-Sep-14,305.40,306.20,302.30,304.50,1609953
15-Sep-14,313.50,315.44,304.70,305.90,1244663
12-Sep-14,316.30,321.10,312.50,315.80,1513029
11-Sep-14,317.50,320.80,312.30,314.00,1153502
10-Sep-14,320.50,322.20,317.10,317.70,1710524
9-Sep-14,321.50,323.10,318.50,322.40,2063830
8-Sep-14,323.70,324.40,319.30,322.60,1620147
5-Sep-14,324.80,325.48,320.50,323.40,1739469
4-Sep-14,311.90,328.60,310.98,325.30,4299816
3-Sep-14,313.00,317.60,312.40,312.80,1117529
2-Sep-14,312.60,318.40,311.80,315.80,1485513
1-Sep-14,309.40,315.50,309.10,310.40,876470
29-Aug-14,315.50,316.08,306.40,310.40,1486505
28-Aug-14,314.30,318.00,312.50,315.90,1461466
27-Aug-14,313.60,315.80,312.30,315.30,1112786
26-Aug-14,307.00,315.20,305.70,314.00,1447212
22-Aug-14,304.80,306.90,303.90,306.00,1044378
21-Aug-14,310.20,310.45,303.20,304.30,1532995
20-Aug-14,316.00,316.30,307.10,309.40,1998174
19-Aug-14,316.60,317.90,316.00,316.70,1061089
18-Aug-14,316.40,317.60,314.60,316.20,927053
15-Aug-14,318.60,320.60,314.50,314.60,1395709
14-Aug-14,312.80,319.60,308.20,318.90,2040887
13-Aug-14,330.00,330.00,311.30,314.30,5425946
12-Aug-14,350.90,359.90,329.90,330.50,4960847
11-Aug-14,330.90,330.90,325.10,328.90,1984299
8-Aug-14,326.90,332.00,326.52,328.70,1500131
7-Aug-14,334.90,335.00,326.80,330.00,2243172
6-Aug-14,349.20,349.50,329.00,336.10,3570654
5-Aug-14,346.00,355.80,345.94,353.20,1668943
4-Aug-14,347.40,347.40,342.20,346.00,1082483
1-Aug-14,361.00,361.00,345.04,345.90,2375241
31-Jul-14,363.00,364.00,361.50,361.70,1493595
30-Jul-14,362.60,363.10,360.30,362.10,703955
29-Jul-14,361.90,362.10,359.60,361.60,961053
28-Jul-14,362.50,364.30,360.40,361.60,858290
25-Jul-14,362.30,364.60,360.40,361.60,1175261
24-Jul-14,362.40,363.80,360.00,361.90,805450
23-Jul-14,361.90,365.60,360.30,361.60,1424346
22-Jul-14,362.00,362.50,360.50,362.10,830834
21-Jul-14,361.90,361.90,359.40,361.00,1155726
18-Jul-14,358.70,361.00,356.90,361.00,1466258
17-Jul-14,359.60,361.10,358.90,360.20,1041801
16-Jul-14,361.40,362.50,359.50,360.30,1265155
15-Jul-14,359.30,362.90,359.20,360.10,1201067
14-Jul-14,361.50,364.40,359.13,360.10,1448145
11-Jul-14,361.80,362.60,359.30,360.50,1595106
10-Jul-14,360.70,361.50,359.20,361.00,2737062
9-Jul-14,362.60,362.71,359.40,360.50,2531113
8-Jul-14,370.30,370.30,362.20,362.60,1861527
7-Jul-14,362.30,373.00,360.87,369.30,2076269
4-Jul-14,355.00,362.00,354.40,362.00,2631411
3-Jul-14,358.00,367.30,357.90,363.00,3801822
2-Jul-14,365.20,369.40,364.60,366.30,2184990
1-Jul-14,365.40,367.80,363.10,363.70,2221299
30-Jun-14,364.30,365.60,360.00,365.50,2258428
27-Jun-14,364.30,366.40,361.00,362.10,1241876
26-Jun-14,361.10,365.40,358.70,364.20,907497
25-Jun-14,360.40,361.70,358.10,360.50,1318112
24-Jun-14,360.90,361.10,359.50,360.80,2004207
23-Jun-14,370.20,370.70,360.40,361.40,1082317
20-Jun-14,360.30,370.00,360.10,369.60,2269441
19-Jun-14,363.00,363.50,358.70,360.40,1133148
18-Jun-14,361.00,364.20,358.90,360.00,1324554
17-Jun-14,360.00,361.40,357.60,360.50,1547549
16-Jun-14,359.70,361.30,356.70,359.50,1424470
13-Jun-14,364.60,364.60,359.40,360.10,1543990
12-Jun-14,369.80,370.60,361.50,364.00,1365982
11-Jun-14,377.50,379.10,368.80,369.70,1574271
10-Jun-14,372.40,379.70,369.20,378.60,1829374
9-Jun-14,371.90,377.00,368.90,373.90,1045512
6-Jun-14,367.90,372.00,365.41,369.30,1452436
5-Jun-14,369.70,370.10,364.60,366.00,2199052
4-Jun-14,370.30,373.50,368.60,369.00,1956637
3-Jun-14,374.50,374.50,368.30,370.90,2103331
2-Jun-14,373.00,386.40,370.40,374.00,5614584
30-May-14,362.30,371.60,356.70,371.60,33416114
29-May-14,368.80,376.00,364.70,365.98,2187201
28-May-14,355.10,370.88,355.10,369.40,3228830
27-May-14,356.10,360.13,353.90,355.00,2306450
23-May-14,356.30,357.40,350.10,352.30,1797233
22-May-14,350.60,357.08,350.60,355.10,1457416
21-May-14,350.90,352.00,348.30,350.40,2139554
20-May-14,354.90,355.00,349.70,352.00,3176807
19-May-14,350.70,354.70,346.10,354.40,1509151
16-May-14,348.40,351.60,346.40,350.30,2226124
15-May-14,347.60,351.68,335.26,349.50,4438497
14-May-14,349.00,356.30,344.30,352.80,3925379
13-May-14,348.60,351.30,346.00,348.50,1841022
12-May-14,347.70,351.70,340.10,347.30,2518003
9-May-14,351.20,351.50,344.30,346.80,2374785
8-May-14,354.40,357.80,351.00,353.30,2294574
7-May-14,350.50,357.10,348.90,353.50,3533178
6-May-14,355.40,362.90,349.20,350.00,2890649
2-May-14,339.70,357.90,337.80,353.40,3760355
1-May-14,325.00,349.20,315.60,340.00,10446682
30-Apr-14,342.50,343.80,336.33,340.10,4180634
29-Apr-14,335.00,344.50,313.20,343.80,11158439
28-Apr-14,406.00,409.10,401.50,404.50,1021433
25-Apr-14,408.00,408.00,400.10,403.60,1258691
24-Apr-14,410.00,412.70,404.60,407.90,1078455
23-Apr-14,411.90,411.90,406.70,407.10,698270
22-Apr-14,406.00,412.40,405.90,410.70,1471007
17-Apr-14,407.40,408.30,402.00,405.30,1336808
16-Apr-14,415.00,415.80,405.70,407.20,1241938
15-Apr-14,413.70,416.60,409.50,412.70,1135925
14-Apr-14,413.10,418.20,408.32,412.00,1416504
11-Apr-14,418.70,420.10,411.00,414.40,1400957
10-Apr-14,425.90,431.20,419.30,421.20,800643
9-Apr-14,420.50,429.80,420.50,425.00,960330
8-Apr-14,421.50,423.40,416.00,419.50,1413510
7-Apr-14,423.20,427.90,420.00,421.50,1151379
4-Apr-14,423.60,426.80,422.60,425.70,1004942
3-Apr-14,431.10,431.10,420.20,422.50,1133923
2-Apr-14,426.10,429.70,422.50,424.20,1192500
1-Apr-14,423.70,428.90,421.10,424.04,1192819
31-Mar-14,422.70,424.90,416.10,421.00,1713542
28-Mar-14,417.70,423.70,415.30,420.60,1258663
27-Mar-14,420.10,422.00,412.31,415.40,1965061
26-Mar-14,422.40,427.00,418.20,418.30,1396087
25-Mar-14,420.60,423.90,418.20,420.80,1397716
24-Mar-14,427.40,428.00,417.50,418.50,2049864
21-Mar-14,431.50,435.30,425.70,427.30,1966857
20-Mar-14,433.50,435.00,430.00,432.90,1579205
19-Mar-14,434.10,443.30,434.10,436.20,2050887
18-Mar-14,433.00,439.60,433.00,437.50,1295694
17-Mar-14,437.70,437.70,428.30,435.90,1855857
14-Mar-14,432.00,436.90,423.40,436.50,2270718
13-Mar-14,445.10,445.60,433.00,435.10,2276060
12-Mar-14,454.80,454.80,443.20,445.00,2772602
11-Mar-14,472.30,474.50,460.00,462.40,3374634
10-Mar-14,483.50,490.20,470.10,471.50,3356878
7-Mar-14,470.60,484.60,466.30,475.09,1863062
6-Mar-14,468.70,473.10,462.90,470.80,1609122
5-Mar-14,455.00,469.40,449.90,466.90,2510896
4-Mar-14,450.10,475.90,437.60,467.20,4615856
3-Mar-14,456.30,458.60,441.10,449.80,3724287
28-Feb-14,453.00,463.50,434.30,460.50,9230767
27-Feb-14,405.20,411.10,402.20,410.80,1157997
26-Feb-14,413.90,417.70,405.90,405.90,1146664
25-Feb-14,414.10,416.50,408.70,414.40,1657749
24-Feb-14,406.00,414.40,402.90,412.90,1166528
21-Feb-14,400.50,405.00,399.40,404.80,1508021
20-Feb-14,398.40,400.40,395.50,400.00,1008409
19-Feb-14,398.50,400.10,394.80,399.60,1009067
18-Feb-14,398.70,399.30,394.00,398.10,1316960
17-Feb-14,399.70,403.00,393.80,397.60,1201163
14-Feb-14,397.60,400.00,394.00,399.70,1253811
13-Feb-14,403.30,403.90,393.00,395.20,1421268
12-Feb-14,412.10,417.00,401.90,403.00,1301845
11-Feb-14,404.30,412.50,403.40,412.50,2121925
10-Feb-14,396.50,404.10,392.40,404.00,2259601
7-Feb-14,398.70,403.40,394.10,396.20,2545538
6-Feb-14,424.10,427.50,393.30,398.80,4428518
5-Feb-14,424.60,428.10,420.90,424.00,2342955
4-Feb-14,424.90,429.90,419.20,426.30,1776891
3-Feb-14,432.00,436.00,428.50,430.00,2957200
31-Jan-14,412.00,446.20,410.00,437.10,7038215
30-Jan-14,508.00,525.00,419.40,423.20,13944193
29-Jan-14,517.00,522.50,505.50,509.50,1490955
28-Jan-14,513.00,517.00,512.50,515.50,1252006
27-Jan-14,509.50,517.50,505.50,513.00,1534887
24-Jan-14,501.00,510.00,499.90,509.00,1730754
23-Jan-14,508.00,509.50,500.00,502.50,1335096
22-Jan-14,508.50,515.00,507.00,512.00,1082102
21-Jan-14,508.00,515.50,508.00,513.50,986241
20-Jan-14,512.00,512.00,504.50,509.50,1020100
17-Jan-14,513.50,517.50,498.30,510.00,1531454
16-Jan-14,515.50,516.00,508.50,512.00,1201125
15-Jan-14,516.50,520.50,514.00,520.12,1217451
14-Jan-14,513.00,516.50,506.50,508.57,1341737
13-Jan-14,508.50,517.00,507.00,514.50,1379586
10-Jan-14,489.10,505.00,482.00,505.00,2316438
9-Jan-14,504.50,512.00,500.50,503.00,982913
8-Jan-14,504.00,506.00,500.50,505.50,1166199
7-Jan-14,506.50,508.50,497.90,503.96,1282318
6-Jan-14,504.00,515.00,504.00,509.45,998102
3-Jan-14,497.20,511.50,496.20,503.50,1144439
2-Jan-14,498.30,502.00,498.00,495.18,1731554
31-Dec-13,496.20,503.50,496.10,499.20,224742
30-Dec-13,490.10,501.50,488.00,497.60,1313902
27-Dec-13,478.80,491.30,478.80,490.60,1168153
24-Dec-13,487.40,489.20,482.50,482.60,295286
23-Dec-13,478.50,489.00,476.30,485.20,1995848
20-Dec-13,479.10,483.10,469.40,472.31,3543786
19-Dec-13,440.00,487.20,434.00,476.60,11735388
18-Dec-13,442.70,449.40,442.00,448.80,2236896
17-Dec-13,442.80,444.60,439.40,443.20,1931772
16-Dec-13,441.60,445.10,435.60,445.00,1750715
13-Dec-13,438.00,441.70,435.10,437.60,2516547
12-Dec-13,444.10,444.10,433.80,438.50,2656045
11-Dec-13,444.20,448.40,443.30,444.50,1751404
10-Dec-13,442.60,445.70,439.50,443.90,2368371
9-Dec-13,441.80,443.80,436.40,440.50,2200108
6-Dec-13,436.00,442.10,433.80,440.70,1651107
5-Dec-13,437.70,440.40,432.80,434.00,1761501
4-Dec-13,446.10,446.60,437.10,437.10,1960298
3-Dec-13,445.00,447.40,441.00,445.20,3248465
2-Dec-13,456.10,457.80,444.30,446.40,2375600
29-Nov-13,453.00,460.80,446.40,455.50,4137697
28-Nov-13,442.00,449.30,441.00,446.50,2962631
27-Nov-13,439.90,441.40,433.30,438.00,2241701
26-Nov-13,443.00,445.10,435.90,437.70,5677740
25-Nov-13,442.90,443.80,440.70,442.30,1741591
22-Nov-13,449.30,454.00,438.80,439.90,3174695
21-Nov-13,434.00,453.70,431.00,439.99,4224809
20-Nov-13,440.80,442.80,428.50,430.70,4080762
19-Nov-13,423.30,442.10,421.50,441.00,4898559
18-Nov-13,419.30,430.70,419.10,423.70,3175269
15-Nov-13,421.20,433.10,418.60,418.60,6973164
14-Nov-13,460.00,478.30,415.30,419.10,9972428
13-Nov-13,509.50,511.50,504.00,504.00,1710581
12-Nov-13,509.50,514.00,505.50,511.50,1477597
11-Nov-13,523.00,529.00,494.10,509.00,2797898
8-Nov-13,534.50,541.50,531.00,538.00,761659
7-Nov-13,539.50,541.50,533.00,537.50,941197
6-Nov-13,542.00,544.50,534.00,539.50,1164760
5-Nov-13,545.00,547.00,535.50,542.00,675032
4-Nov-13,552.50,559.50,544.00,545.50,983254
1-Nov-13,560.00,560.50,548.00,552.00,784660
31-Oct-13,552.50,561.00,549.00,557.00,1426479
30-Oct-13,552.00,560.50,552.00,558.50,1322196
29-Oct-13,555.50,559.00,549.00,552.00,1205497
28-Oct-13,559.50,562.50,554.50,556.50,1094312
25-Oct-13,551.00,582.50,547.50,557.50,3079300
24-Oct-13,542.00,560.50,537.00,552.50,1176788
23-Oct-13,537.50,544.50,-,540.00,710979
22-Oct-13,545.50,553.50,537.00,540.00,1637952
21-Oct-13,528.50,549.00,528.50,546.00,1312376
18-Oct-13,522.50,528.50,519.00,528.50,1139806
17-Oct-13,525.00,526.00,516.00,522.50,1263925
16-Oct-13,523.00,530.50,512.50,527.00,1410076
15-Oct-13,538.00,544.00,504.50,516.50,2277724
14-Oct-13,538.00,542.00,533.50,537.21,673977
11-Oct-13,530.00,550.50,530.00,542.00,1241858
10-Oct-13,523.00,534.50,523.00,528.50,704217
9-Oct-13,523.00,525.50,517.00,522.50,1167395
8-Oct-13,531.00,531.00,523.50,524.50,1091244
7-Oct-13,525.00,543.00,506.50,532.00,2638741
4-Oct-13,532.50,532.50,525.00,528.50,920506
3-Oct-13,540.50,545.00,532.50,539.00,1167911
2-Oct-13,551.50,551.50,536.50,538.00,1162136
1-Oct-13,548.00,558.00,545.00,554.91,1068232
30-Sep-13,543.00,554.50,543.00,547.13,1524777
27-Sep-13,549.00,551.00,539.00,547.01,1226185
26-Sep-13,555.00,556.50,550.50,551.00,893752
25-Sep-13,556.00,561.00,550.50,557.71,1015882
24-Sep-13,552.50,562.00,552.50,558.00,1082790
20-Sep-13,568.00,570.00,560.50,563.00,12377088
19-Sep-13,571.50,573.50,566.00,569.50,1191954
18-Sep-13,570.00,570.50,558.50,563.42,1479796
17-Sep-13,565.00,574.00,556.50,570.00,2122309
16-Sep-13,583.00,587.50,573.50,574.50,1192956
13-Sep-13,566.50,575.00,566.50,574.50,1041397
12-Sep-13,570.00,576.00,567.50,568.00,1132110
11-Sep-13,564.50,569.00,560.00,567.50,1319910
10-Sep-13,555.00,566.00,555.00,564.50,1371665
9-Sep-13,553.00,554.00,547.50,552.50,761037
6-Sep-13,554.50,558.00,549.50,554.00,1710671
5-Sep-13,551.00,556.00,548.00,555.50,1742893
4-Sep-13,550.00,552.00,546.50,550.00,2165321
3-Sep-13,548.50,553.00,540.50,550.00,1536848
2-Sep-13,550.00,550.00,540.50,547.50,1686979
30-Aug-13,535.00,550.00,523.50,547.50,4206785
29-Aug-13,565.00,565.00,507.50,538.50,8167489
28-Aug-13,610.50,610.50,599.00,603.00,1134030
27-Aug-13,622.00,622.00,609.50,610.50,807813
23-Aug-13,618.50,626.00,618.50,621.50,726055
22-Aug-13,606.50,624.00,606.50,621.50,768759
21-Aug-13,614.50,617.00,607.50,608.00,807071
20-Aug-13,613.00,623.00,609.00,614.50,760921
19-Aug-13,606.50,618.00,603.00,615.50,936531
16-Aug-13,606.00,609.00,602.50,607.00,872561
15-Aug-13,616.50,616.50,602.50,606.00,906717
14-Aug-13,612.50,618.50,611.50,616.50,1005308
13-Aug-13,611.00,612.00,607.50,612.00,1005989
12-Aug-13,618.00,618.50,608.00,610.00,951409
9-Aug-13,619.00,619.00,615.00,616.00,950064
8-Aug-13,622.00,623.50,615.50,617.00,1197961
7-Aug-13,631.00,632.00,619.50,620.00,1257759
6-Aug-13,639.00,645.00,628.50,631.00,808871
5-Aug-13,632.00,646.50,632.00,638.00,944797
2-Aug-13,633.50,640.00,632.50,635.50,802392
1-Aug-13,628.50,635.50,628.00,633.00,614225
31-Jul-13,621.50,630.00,620.00,627.00,724926
30-Jul-13,618.50,629.00,615.50,624.00,621132
29-Jul-13,618.00,623.00,613.50,619.50,820281
26-Jul-13,616.50,624.50,611.50,617.50,774375
25-Jul-13,616.50,618.50,611.00,612.50,1570156
24-Jul-13,620.50,622.50,611.50,618.00,1070335
23-Jul-13,628.50,629.00,620.00,620.50,784699
22-Jul-13,624.00,628.00,619.00,628.00,640603
19-Jul-13,627.50,629.00,621.00,623.50,911346
18-Jul-13,621.00,630.00,618.25,629.50,849841
17-Jul-13,624.50,626.00,611.00,621.50,1291836
16-Jul-13,624.50,628.00,619.30,625.50,931280
15-Jul-13,620.00,626.23,612.00,624.50,1649537
12-Jul-13,629.00,629.00,608.00,620.50,3389117
11-Jul-13,687.00,689.00,618.50,626.50,5540886
10-Jul-13,680.00,680.50,670.50,680.50,981842
9-Jul-13,684.50,689.45,675.00,682.00,1220949
8-Jul-13,680.50,686.00,675.00,683.50,892542
5-Jul-13,674.50,688.00,666.50,674.00,897050
4-Jul-13,664.00,676.00,659.00,672.00,1213286
3-Jul-13,664.50,672.00,658.00,660.50,1814249
2-Jul-13,628.00,671.00,627.50,665.50,3619421
1-Jul-13,624.00,629.50,619.00,625.00,1082490
28-Jun-13,596.50,630.50,596.50,616.50,2262705
27-Jun-13,596.00,602.00,588.50,600.50,1102490
26-Jun-13,595.50,600.00,594.00,597.00,1007321
25-Jun-13,589.50,597.50,588.00,593.19,1092304
24-Jun-13,586.00,593.00,584.00,587.50,944104
21-Jun-13,605.50,605.50,586.00,586.00,2204082
20-Jun-13,605.50,610.00,601.00,604.00,1263643
19-Jun-13,607.00,612.00,600.00,611.50,1074603
18-Jun-13,604.00,608.00,602.50,606.00,706839
17-Jun-13,604.50,607.50,600.00,603.50,1059452
14-Jun-13,603.50,609.00,596.00,602.00,1164156
13-Jun-13,594.00,605.00,594.00,598.12,1694685
12-Jun-13,591.00,609.00,587.00,601.50,1521914
11-Jun-13,590.50,592.00,584.50,591.00,1123705
10-Jun-13,589.00,593.00,583.00,590.50,1440463
7-Jun-13,594.50,595.00,587.50,592.00,1687005
6-Jun-13,604.50,613.00,595.00,595.00,728191
5-Jun-13,607.50,613.50,603.50,603.50,1044130
4-Jun-13,600.00,613.50,596.84,610.00,1253569
3-Jun-13,610.50,615.00,605.00,607.00,1073236
31-May-13,626.50,627.35,611.82,612.18,2534418
30-May-13,622.50,632.50,622.02,629.00,732200
29-May-13,637.50,638.00,623.50,625.00,637157
28-May-13,633.50,644.50,633.00,638.00,1177256
24-May-13,630.50,633.50,626.00,628.29,1088213
23-May-13,639.00,642.50,625.05,627.50,1318293
22-May-13,640.50,654.50,640.00,647.50,1025697
21-May-13,638.00,642.00,636.00,640.00,571380
20-May-13,634.00,638.50,634.00,637.00,532072
17-May-13,637.00,638.00,631.50,635.00,914749
16-May-13,629.50,637.50,629.50,637.50,764475
15-May-13,633.50,634.50,626.50,631.50,711805
14-May-13,633.50,634.50,626.50,632.00,742578
13-May-13,627.00,635.50,624.00,634.00,734744
10-May-13,619.50,627.50,618.00,624.50,800562
9-May-13,613.00,623.00,613.00,620.50,1039051
8-May-13,615.00,620.00,611.50,612.50,773615
7-May-13,622.00,630.50,610.50,613.50,1385756
3-May-13,620.00,634.50,618.05,623.50,1351210
2-May-13,625.50,628.45,611.00,620.50,806754
1-May-13,623.00,628.50,617.50,628.00,377989
30-Apr-13,614.50,625.50,614.50,618.50,1701172
29-Apr-13,611.50,616.00,609.50,614.50,636272
26-Apr-13,609.00,613.00,605.50,612.00,600171
25-Apr-13,611.50,617.00,608.50,610.00,595829
24-Apr-13,610.50,615.00,604.50,612.00,776592
23-Apr-13,602.00,613.00,600.00,610.00,1206952
22-Apr-13,608.50,609.50,600.00,601.50,855657
19-Apr-13,607.00,609.00,602.50,606.50,870571
18-Apr-13,608.50,608.50,601.00,604.50,534894
17-Apr-13,615.00,615.00,599.50,606.50,685938
16-Apr-13,615.50,618.00,608.50,611.00,666134
15-Apr-13,617.50,621.00,608.50,618.00,736833
12-Apr-13,619.00,621.00,613.50,617.50,452061
11-Apr-13,614.00,624.00,614.00,620.50,649018
10-Apr-13,613.50,620.50,608.00,619.50,904368
9-Apr-13,611.00,613.50,605.50,611.50,727495
8-Apr-13,615.00,618.00,609.00,611.50,549083
5-Apr-13,621.50,621.50,609.00,611.50,880670
4-Apr-13,640.50,640.50,613.50,617.50,1167109
3-Apr-13,630.00,638.50,630.00,635.50,1049550
2-Apr-13,626.50,636.00,626.24,632.00,1035444
28-Mar-13,629.00,630.00,624.50,627.00,1082483
27-Mar-13,634.50,638.00,620.00,628.00,1047739
26-Mar-13,635.00,637.00,631.00,634.00,827290
25-Mar-13,629.50,642.00,625.10,631.73,656313
22-Mar-13,628.00,634.00,627.00,628.00,817096
21-Mar-13,629.50,633.00,623.00,630.50,1322456
20-Mar-13,626.00,629.50,623.00,628.50,786460
19-Mar-13,627.00,628.50,620.50,622.50,1195547
18-Mar-13,616.50,627.50,609.50,627.00,749145
15-Mar-13,630.00,630.00,622.00,624.50,1451091
14-Mar-13,621.00,628.50,620.50,628.50,1139786
13-Mar-13,620.00,621.50,614.50,620.00,858932
12-Mar-13,632.50,633.00,624.00,625.50,1148619
11-Mar-13,628.00,639.30,626.60,633.00,895980
8-Mar-13,629.50,631.50,621.00,626.50,1017706
7-Mar-13,622.50,631.50,620.50,626.50,1027929
6-Mar-13,630.50,638.50,626.50,627.00,1420917
5-Mar-13,622.44,650.00,610.00,630.50,3307838
4-Mar-13,576.00,581.00,569.50,579.00,1601442
1-Mar-13,571.00,578.00,567.00,575.50,764434
28-Feb-13,571.00,571.50,562.00,570.68,1389761
27-Feb-13,563.00,571.00,553.36,571.00,1622931
26-Feb-13,578.50,578.50,572.00,574.50,782465
25-Feb-13,587.50,594.00,583.50,584.50,1235132
22-Feb-13,571.50,589.00,571.50,588.00,1516296
21-Feb-13,570.00,570.20,564.00,568.00,624737
20-Feb-13,574.00,580.00,569.50,572.50,782422
19-Feb-13,563.50,575.50,561.62,574.50,696633
18-Feb-13,566.00,567.00,562.00,564.00,258253
15-Feb-13,561.50,568.00,561.00,566.00,721030
14-Feb-13,564.00,567.50,561.50,562.00,618704
13-Feb-13,562.00,568.00,560.72,563.50,622075
12-Feb-13,560.50,564.00,560.00,562.50,742139
11-Feb-13,561.50,562.50,560.00,561.00,667768
8-Feb-13,561.00,562.50,557.50,561.50,498896
7-Feb-13,555.50,561.50,553.50,558.00,877628
6-Feb-13,558.00,564.00,553.50,556.50,717372
5-Feb-13,555.50,560.50,554.08,556.50,680742
4-Feb-13,559.00,560.50,552.00,553.50,560025
1-Feb-13,555.00,561.50,555.00,560.50,741747
31-Jan-13,557.00,560.28,550.02,554.50,1187017
30-Jan-13,562.00,563.50,558.00,559.50,656713
29-Jan-13,558.50,563.50,558.00,562.50,787308
28-Jan-13,561.50,563.50,558.00,560.00,568019
25-Jan-13,558.00,563.50,558.00,561.00,617208
24-Jan-13,559.50,563.00,558.00,560.00,735200
23-Jan-13,560.50,564.00,558.50,562.00,796334
22-Jan-13,560.50,563.50,558.53,560.50,565747
21-Jan-13,556.50,561.50,552.50,561.00,586616
18-Jan-13,556.00,561.00,553.00,554.50,1534170
17-Jan-13,553.00,557.66,552.00,555.50,1241437
16-Jan-13,550.50,554.00,547.00,553.00,985729
15-Jan-13,551.00,551.50,548.00,551.50,725040
14-Jan-13,550.00,554.50,547.75,552.00,755818
11-Jan-13,546.00,550.00,544.00,549.50,1054586
10-Jan-13,550.00,552.00,545.50,547.50,792012
9-Jan-13,547.50,550.50,547.00,549.50,690222
8-Jan-13,550.50,552.75,545.50,547.50,758678
7-Jan-13,553.50,558.00,549.75,551.50,820600
4-Jan-13,549.50,558.00,548.50,552.00,696472
3-Jan-13,547.50,556.50,545.50,550.50,1578381
2-Jan-13,540.50,548.00,539.00,541.50,974130
