31-Dec-15,1818.00,1820.00,1806.00,1817.00,9476
30-Dec-15,1800.00,1822.73,1789.60,1811.00,14127
29-Dec-15,1760.00,1800.00,1750.00,1800.00,32896
24-Dec-15,1780.00,1780.00,1750.00,1760.00,5807
23-Dec-15,1785.00,1785.00,1753.00,1771.00,58505
22-Dec-15,1792.00,1794.00,1738.00,1772.00,65812
21-Dec-15,1761.00,1794.00,1752.80,1794.00,95428
18-Dec-15,1729.00,1782.00,1708.00,1782.00,602469
16-Dec-15,1685.00,1690.00,1670.00,1682.00,72735
15-Dec-15,1690.00,1692.00,1669.88,1674.00,36196
14-Dec-15,1685.00,1695.00,1683.00,1685.00,46644
11-Dec-15,1700.00,1711.00,1685.00,1685.00,45334
10-Dec-15,1714.00,1719.00,1694.45,1709.00,33965
9-Dec-15,1712.00,1723.00,1680.78,1697.00,75623
8-Dec-15,1735.00,1735.00,1675.00,1701.00,50347
7-Dec-15,1693.00,1726.00,1678.01,1714.00,72557
4-Dec-15,1670.00,1688.00,1598.13,1680.00,138819
3-Dec-15,1750.00,1770.00,1666.00,1680.00,127979
2-Dec-15,1746.00,1770.00,1728.00,1750.00,48706
1-Dec-15,1730.00,1768.00,1730.00,1746.00,23430
30-Nov-15,1747.00,1777.00,1742.38,1766.00,37810
27-Nov-15,1735.00,1791.03,1735.00,1751.00,32391
26-Nov-15,1743.00,1764.00,1724.00,1764.00,13718
25-Nov-15,1767.00,1771.00,1716.00,1730.00,37292
24-Nov-15,1790.00,1793.00,1725.00,1750.00,87076
23-Nov-15,1795.00,1807.00,1795.00,1795.00,51811
20-Nov-15,1820.00,1820.00,1794.00,1800.00,21441
19-Nov-15,1821.00,1828.00,1790.00,1803.00,37740
18-Nov-15,1802.00,1838.00,1785.00,1822.00,52828
17-Nov-15,1781.00,1839.00,1781.00,1820.00,33001
16-Nov-15,1785.00,1805.36,1763.88,1800.00,81597
13-Nov-15,1819.00,1837.00,1794.40,1815.00,105004
12-Nov-15,1848.00,1882.00,1826.00,1856.00,60553
11-Nov-15,1874.00,1878.00,1822.89,1830.00,41114
10-Nov-15,1873.00,1878.87,1837.00,1869.00,32106
9-Nov-15,1820.00,1874.00,1814.84,1858.00,50782
6-Nov-15,1800.00,1834.00,1774.00,1823.00,67166
5-Nov-15,1847.00,1847.00,1765.00,1782.00,61265
4-Nov-15,1900.00,1908.36,1794.00,1850.00,208593
3-Nov-15,1942.00,1946.00,1899.00,1929.00,49781
2-Nov-15,1896.00,1959.00,1883.00,1917.00,30824
30-Oct-15,1897.00,1897.00,1869.00,1895.00,35296
29-Oct-15,1902.00,1920.10,1877.00,1888.00,38660
28-Oct-15,1899.00,1918.00,1878.96,1884.00,46928
27-Oct-15,1879.00,1928.65,1876.00,1891.00,35864
26-Oct-15,1835.00,1911.00,1835.00,1874.00,67322
23-Oct-15,1777.00,1833.00,1755.00,1825.00,70477
22-Oct-15,1798.00,1817.25,1750.00,1762.00,56563
21-Oct-15,1813.00,1813.00,1794.75,1795.00,52769
20-Oct-15,1836.00,1838.28,1803.00,1805.00,58063
19-Oct-15,1872.00,1872.00,1797.50,1823.00,40171
16-Oct-15,1875.00,1877.00,1820.00,1834.00,42415
15-Oct-15,1886.00,1902.20,1854.00,1860.00,46034
14-Oct-15,1889.00,1913.60,1881.00,1885.00,31702
13-Oct-15,1880.00,1911.00,1872.00,1902.00,49866
12-Oct-15,1877.00,1905.00,1865.00,1875.00,26144
9-Oct-15,1875.00,1900.00,1865.00,1886.00,66269
8-Oct-15,1894.00,1915.87,1869.00,1882.00,59478
7-Oct-15,2013.00,2013.00,1893.00,1906.00,94781
6-Oct-15,2035.00,2053.00,1987.00,1993.00,42682
5-Oct-15,2058.00,2058.00,2023.00,2053.00,58637
2-Oct-15,2053.00,2066.00,2024.00,2038.00,64908
1-Oct-15,2040.00,2060.00,2034.00,2046.00,63509
30-Sep-15,1982.00,2065.00,1978.00,2047.00,125674
29-Sep-15,1872.00,1964.00,1850.00,1960.00,108433
28-Sep-15,1902.00,1918.00,1871.00,1912.00,68787
25-Sep-15,1900.00,1918.00,1882.00,1917.00,25342
24-Sep-15,1889.00,1900.00,1831.00,1850.00,49860
23-Sep-15,1841.00,1901.00,1825.00,1880.00,51920
22-Sep-15,1892.00,1894.00,1820.00,1828.00,49829
21-Sep-15,1947.00,1952.00,1895.00,1898.00,29692
18-Sep-15,1916.00,1950.00,1915.00,1950.00,120678
17-Sep-15,1935.00,1940.00,1920.00,1938.00,49513
16-Sep-15,1920.00,1939.00,1906.00,1935.00,45383
15-Sep-15,1887.00,1932.00,1887.00,1920.00,67247
14-Sep-15,1885.00,1949.00,1883.00,1910.00,129237
11-Sep-15,1880.00,1900.00,1848.31,1897.00,32397
10-Sep-15,1865.00,1885.07,1830.75,1873.00,30015
9-Sep-15,1797.00,1878.00,1796.00,1860.00,148362
8-Sep-15,1781.00,1800.00,1768.00,1797.00,73588
7-Sep-15,1770.00,1785.60,1757.00,1776.00,39404
4-Sep-15,1780.00,1784.00,1759.00,1764.00,60848
3-Sep-15,1814.00,1820.50,1741.20,1761.00,89288
2-Sep-15,1790.00,1795.00,1752.21,1769.00,50447
1-Sep-15,1800.00,1803.00,1761.00,1795.00,51022
28-Aug-15,1845.00,1845.00,1790.00,1805.00,56410
27-Aug-15,1870.00,1875.00,1830.00,1845.00,54890
26-Aug-15,1842.00,1890.00,1835.00,1860.00,104330
25-Aug-15,1756.00,1915.00,1743.00,1875.00,111919
24-Aug-15,1800.00,1812.00,1730.00,1767.00,63880
21-Aug-15,1810.00,1832.00,1804.00,1825.00,67115
20-Aug-15,1834.00,1860.00,1809.00,1840.00,81815
19-Aug-15,1858.00,1863.00,1847.00,1863.00,19305
18-Aug-15,1860.00,1873.10,1854.00,1868.00,36721
17-Aug-15,1866.00,1880.00,1853.00,1858.00,26902
14-Aug-15,1864.00,1883.00,1850.00,1868.00,28031
13-Aug-15,1858.00,1895.00,1849.00,1882.00,58423
12-Aug-15,1848.00,1875.00,1801.00,1861.00,54517
11-Aug-15,1830.00,1855.00,1824.00,1855.00,44170
10-Aug-15,1809.00,1844.00,1799.50,1840.00,31361
7-Aug-15,1748.00,1877.00,1748.00,1849.00,57050
6-Aug-15,1726.00,1760.00,1723.00,1760.00,22364
5-Aug-15,1700.00,1768.00,1697.00,1755.00,117478
4-Aug-15,1660.00,1700.00,1650.00,1686.00,75096
3-Aug-15,1660.00,1670.00,1640.00,1650.00,33739
31-Jul-15,1690.00,1690.00,1644.00,1649.00,23690
30-Jul-15,1676.00,1690.88,1645.00,1650.00,23227
29-Jul-15,1680.00,1726.30,1630.00,1650.00,56046
28-Jul-15,1675.00,1719.45,1637.93,1650.00,36243
27-Jul-15,1630.00,1700.00,1621.00,1700.00,26037
24-Jul-15,1646.00,1673.00,1633.00,1638.00,17567
23-Jul-15,1669.00,1696.00,1666.00,1678.00,16369
22-Jul-15,1650.00,1689.00,1650.00,1689.00,24558
21-Jul-15,1618.00,1670.00,1592.80,1654.00,20004
20-Jul-15,1630.00,1640.00,1626.44,1638.00,20036
17-Jul-15,1618.00,1635.00,1595.00,1627.00,64879
16-Jul-15,1610.00,1637.00,1601.00,1637.00,17848
15-Jul-15,1620.00,1620.00,1595.00,1609.00,36788
14-Jul-15,1595.00,1623.00,1591.04,1614.00,35497
13-Jul-15,1598.00,1600.00,1586.05,1597.00,19982
10-Jul-15,1629.00,1630.00,1590.00,1592.00,29170
9-Jul-15,1577.00,1600.00,1576.00,1587.00,11806
8-Jul-15,1600.00,1600.00,1575.65,1594.00,16807
7-Jul-15,1575.00,1618.00,1568.00,1572.00,40233
6-Jul-15,1567.00,1603.00,1567.00,1588.00,17674
3-Jul-15,1565.00,1595.00,1565.00,1576.00,22985
2-Jul-15,1520.00,1603.00,1520.00,1577.00,36668
1-Jul-15,1550.00,1565.00,1535.00,1557.00,20342
30-Jun-15,1525.00,1557.90,1520.00,1555.00,50709
29-Jun-15,1580.00,1580.00,1520.08,1538.00,25934
26-Jun-15,1598.00,1598.00,1564.00,1583.00,22638
25-Jun-15,1587.00,1600.00,1561.00,1582.00,24289
24-Jun-15,1620.00,1628.00,1572.00,1590.00,59621
23-Jun-15,1625.00,1625.00,1562.00,1612.00,31631
22-Jun-15,1660.00,1663.00,1608.00,1618.00,56460
19-Jun-15,1685.00,1710.00,1630.00,1630.00,2195637
18-Jun-15,1618.00,1685.00,1600.00,1613.50,110430
17-Jun-15,1658.00,1658.00,1612.00,1628.00,82809
16-Jun-15,1630.00,1696.00,1600.00,1640.00,48591
15-Jun-15,1630.00,1663.00,1630.00,1640.00,58646
12-Jun-15,1671.00,1676.00,1645.00,1666.00,47173
11-Jun-15,1660.00,1709.00,1660.00,1680.00,63178
10-Jun-15,1670.00,1690.00,1645.00,1664.00,68018
9-Jun-15,1658.00,1699.00,1648.00,1699.00,66323
8-Jun-15,1645.00,1700.00,1631.00,1667.00,66716
5-Jun-15,1610.00,1654.00,1583.00,1642.00,104478
4-Jun-15,1600.00,1605.00,1555.00,1605.00,77616
3-Jun-15,1548.00,1600.00,1545.00,1600.00,55710
2-Jun-15,1548.00,1563.00,1509.00,1550.00,30374
1-Jun-15,1462.00,1549.00,1462.00,1542.00,25717
29-May-15,1485.00,1549.00,1482.80,1520.00,35029
28-May-15,1467.00,1495.00,1463.00,1485.00,52756
27-May-15,1475.00,1485.00,1461.00,1464.00,48703
26-May-15,1455.00,1485.00,1450.00,1450.00,80558
22-May-15,1465.00,1470.00,1452.25,1455.00,19539
21-May-15,1467.00,1474.00,1459.00,1470.00,13261
20-May-15,1491.00,1499.00,1445.00,1470.00,25446
19-May-15,1456.00,1491.00,1436.40,1491.00,27716
18-May-15,1444.00,1450.00,1434.40,1450.00,13609
15-May-15,1479.00,1479.00,1420.00,1445.00,72593
14-May-15,1475.00,1475.00,1445.00,1475.00,18469
13-May-15,1430.00,1499.00,1420.00,1479.00,30067
12-May-15,1410.00,1470.00,1410.00,1465.00,21774
11-May-15,1457.00,1499.00,1440.00,1485.00,31263
8-May-15,1450.00,1477.00,1420.00,1460.00,82116
7-May-15,1362.00,1450.00,1362.00,1450.00,31214
6-May-15,1413.00,1445.00,1400.00,1401.00,47993
5-May-15,1418.00,1420.00,1395.00,1415.00,22550
1-May-15,1396.00,1404.00,1357.00,1400.00,41878
30-Apr-15,1427.00,1427.00,1375.00,1425.00,44467
29-Apr-15,1421.00,1430.00,1410.00,1425.00,28677
28-Apr-15,1444.00,1444.00,1405.00,1420.00,25151
27-Apr-15,1435.00,1473.00,1420.00,1450.00,32073
24-Apr-15,1430.00,1440.00,1413.00,1432.00,4176
23-Apr-15,1421.00,1464.00,1421.00,1448.00,3888
22-Apr-15,1465.00,1481.00,1425.00,1460.00,19199
21-Apr-15,1460.00,1500.00,1450.00,1465.00,21396
20-Apr-15,1430.00,1460.00,1400.00,1460.00,43263
17-Apr-15,1459.00,1460.00,1255.00,1425.00,69860
16-Apr-15,1455.00,1480.00,1445.00,1460.00,49288
15-Apr-15,1455.00,1474.00,1423.20,1445.00,49370
14-Apr-15,1450.00,1454.00,1420.00,1430.00,12490
13-Apr-15,1430.00,1450.00,1420.00,1442.00,19897
10-Apr-15,1460.00,1470.00,1416.00,1435.00,39810
9-Apr-15,1450.00,1525.00,1426.00,1450.00,47548
8-Apr-15,1456.00,1486.00,1445.00,1457.00,16985
7-Apr-15,1428.00,1495.00,1400.00,1480.00,24481
2-Apr-15,1402.00,1430.00,1395.00,1425.00,25106
1-Apr-15,1390.00,1440.00,1380.00,1424.90,62004
31-Mar-15,1350.00,1390.00,1350.00,1389.00,20848
30-Mar-15,1351.00,1367.68,1350.00,1351.00,14502
27-Mar-15,1350.00,1365.00,1350.00,1355.00,9178
26-Mar-15,1350.00,1359.00,1320.00,1345.00,85835
25-Mar-15,1350.00,1350.15,1350.00,1350.00,5385
24-Mar-15,1350.00,1352.00,1320.00,1350.00,35486
23-Mar-15,1360.00,1379.00,1306.00,1350.00,55208
20-Mar-15,1375.00,1388.00,1352.00,1379.00,54093
19-Mar-15,1332.00,1377.90,1332.00,1375.00,4029
18-Mar-15,1310.00,1390.00,1310.00,1362.00,26489
17-Mar-15,1330.00,1365.00,1330.00,1349.00,27890
16-Mar-15,1333.00,1346.00,1320.00,1341.00,7960
13-Mar-15,1341.00,1341.00,1315.00,1327.00,8254
12-Mar-15,1315.00,1353.00,1315.00,1342.00,24252
11-Mar-15,1325.00,1334.00,1315.00,1325.00,35184
10-Mar-15,1317.00,1352.00,1307.00,1325.00,49223
9-Mar-15,1313.00,1315.00,1300.00,1302.70,151043
6-Mar-15,1307.00,1315.00,1300.00,1312.00,41152
5-Mar-15,1280.00,1305.00,1274.66,1301.30,88124
4-Mar-15,1310.00,1310.00,1299.68,1299.68,245470
3-Mar-15,1330.00,1330.00,1275.00,1298.89,415119
2-Mar-15,1349.00,1349.00,1268.10,1329.28,254766
27-Feb-15,1296.00,1310.00,1252.42,1269.18,372887
26-Feb-15,1238.00,1287.00,1150.00,1265.14,1067680
25-Feb-15,1200.00,1284.00,1150.00,1223.90,9890725
