31-Dec-15,517.00,518.48,515.50,517.00,104890
30-Dec-15,516.00,518.00,511.50,517.00,134507
29-Dec-15,516.00,517.00,512.64,516.00,119946
24-Dec-15,511.50,515.57,511.50,514.00,33637
23-Dec-15,512.50,514.00,510.80,513.50,127282
22-Dec-15,509.00,510.00,503.80,508.00,200983
21-Dec-15,506.50,510.00,502.05,506.75,330656
18-Dec-15,504.50,508.00,503.00,506.50,365686
16-Dec-15,494.10,502.32,494.10,499.00,311571
15-Dec-15,489.10,495.04,485.93,492.00,175500
14-Dec-15,492.90,492.90,482.00,484.00,267429
11-Dec-15,491.30,494.81,486.81,488.00,402935
10-Dec-15,495.00,498.06,493.68,496.00,149450
9-Dec-15,502.50,502.50,496.00,498.30,397214
8-Dec-15,506.00,506.00,497.50,497.50,333038
7-Dec-15,501.50,508.50,501.00,502.00,355844
4-Dec-15,505.00,505.00,499.10,501.00,577191
3-Dec-15,512.50,516.00,504.00,506.00,598221
2-Dec-15,513.50,519.00,513.50,517.50,759812
1-Dec-15,511.00,512.50,510.00,512.50,566061
30-Nov-15,511.00,512.50,509.16,511.50,446791
27-Nov-15,513.00,513.00,509.00,510.00,67557
26-Nov-15,507.50,512.50,507.50,511.00,152471
25-Nov-15,506.00,510.50,506.00,509.50,450678
24-Nov-15,504.00,508.00,502.92,507.00,224285
23-Nov-15,507.50,507.50,504.00,507.50,469860
20-Nov-15,506.50,507.00,503.65,506.50,402329
19-Nov-15,504.00,507.00,501.10,505.00,319549
18-Nov-15,497.00,500.50,497.00,500.00,602868
17-Nov-15,499.00,501.50,495.79,501.50,482426
16-Nov-15,486.60,495.00,485.10,495.00,803798
13-Nov-15,498.90,498.90,489.60,492.00,305301
12-Nov-15,502.00,503.00,495.60,498.00,332072
11-Nov-15,501.50,503.18,500.08,502.00,274601
10-Nov-15,499.20,504.00,499.20,501.50,307170
9-Nov-15,503.50,506.50,501.00,501.75,476243
6-Nov-15,503.00,506.00,503.00,504.00,588374
5-Nov-15,503.50,506.81,502.28,504.50,458574
4-Nov-15,506.50,507.00,503.95,505.50,238445
3-Nov-15,502.50,504.00,499.40,503.00,285303
2-Nov-15,504.00,504.00,499.36,502.00,182153
30-Oct-15,506.50,509.48,504.00,504.00,156733
29-Oct-15,505.50,508.00,504.22,508.00,534304
28-Oct-15,498.00,509.00,498.00,507.50,522079
27-Oct-15,502.00,502.00,496.00,500.50,339683
26-Oct-15,499.70,501.75,498.50,500.50,432252
23-Oct-15,493.00,501.50,491.09,500.00,519182
22-Oct-15,486.10,492.50,486.10,492.50,456027
21-Oct-15,490.50,490.50,486.55,489.00,408365
20-Oct-15,487.50,488.10,485.50,488.10,270870
19-Oct-15,483.20,485.40,481.00,485.00,479498
16-Oct-15,487.10,487.10,480.30,481.10,206779
15-Oct-15,482.50,483.70,479.46,482.60,97346
14-Oct-15,485.20,485.20,478.75,480.00,289052
13-Oct-15,486.30,487.50,483.70,486.70,236172
12-Oct-15,487.00,488.44,485.30,487.00,139728
9-Oct-15,488.90,489.10,485.30,488.00,346733
8-Oct-15,483.20,484.70,480.50,484.50,393697
7-Oct-15,484.30,486.60,482.90,484.40,475770
6-Oct-15,483.60,486.10,483.50,485.20,324669
5-Oct-15,483.10,484.80,479.31,484.30,126388
2-Oct-15,472.10,474.00,467.00,473.50,463307
1-Oct-15,465.00,476.30,465.00,467.00,219504
30-Sep-15,457.00,459.10,455.90,458.20,161503
29-Sep-15,453.00,455.54,449.80,451.00,116703
28-Sep-15,464.50,464.50,455.50,455.50,172276
25-Sep-15,464.70,466.90,462.08,465.50,108680
24-Sep-15,462.50,462.52,454.00,458.20,196493
23-Sep-15,454.00,462.40,453.00,458.25,201020
22-Sep-15,463.30,463.30,454.00,454.00,341283
21-Sep-15,462.00,464.75,458.44,463.00,106685
18-Sep-15,467.30,467.32,457.50,460.25,472652
17-Sep-15,472.80,472.80,465.90,467.10,151828
16-Sep-15,467.40,469.70,464.23,468.00,195637
15-Sep-15,461.50,466.00,457.00,465.00,180015
14-Sep-15,461.90,464.30,458.64,460.80,275035
11-Sep-15,463.00,464.20,457.80,459.00,178071
10-Sep-15,465.00,467.45,460.50,462.60,230670
9-Sep-15,469.30,471.00,465.20,466.80,373406
8-Sep-15,462.20,463.23,458.89,460.60,402867
7-Sep-15,460.00,463.07,458.00,459.00,68454
4-Sep-15,463.00,466.29,458.10,459.00,155852
3-Sep-15,465.20,468.01,462.60,467.00,281608
2-Sep-15,457.80,462.50,455.24,459.20,171814
1-Sep-15,460.00,462.40,454.51,456.40,123791
28-Aug-15,463.60,467.00,458.20,466.40,293442
27-Aug-15,452.00,462.50,451.57,461.00,734338
26-Aug-15,447.60,450.80,442.75,447.50,259599
25-Aug-15,440.30,454.80,440.30,450.60,140991
24-Aug-15,450.00,451.68,437.00,443.00,581302
21-Aug-15,473.50,473.50,460.50,471.00,349521
20-Aug-15,482.00,482.80,473.00,474.30,168375
19-Aug-15,487.90,487.90,481.50,481.80,141233
18-Aug-15,486.50,489.00,484.78,487.50,281004
17-Aug-15,490.90,492.40,484.00,487.50,157862
14-Aug-15,491.00,492.10,487.50,489.60,91716
13-Aug-15,496.70,496.70,491.50,492.60,124225
12-Aug-15,491.60,492.38,487.10,489.00,234740
11-Aug-15,499.00,499.75,493.10,495.00,287159
10-Aug-15,501.50,501.50,497.00,499.00,27025
7-Aug-15,499.10,499.10,497.00,497.10,55029
6-Aug-15,501.00,502.00,497.90,499.10,95679
5-Aug-15,499.40,501.00,497.60,500.50,62553
4-Aug-15,495.20,498.80,493.59,497.60,55112
3-Aug-15,492.60,496.80,492.50,494.90,124093
31-Jul-15,494.90,495.70,492.20,495.30,142864
30-Jul-15,489.20,494.30,488.00,493.00,658360
29-Jul-15,489.40,491.10,486.50,489.20,438274
28-Jul-15,486.90,487.85,483.66,485.50,100510
27-Jul-15,490.00,490.30,483.10,484.10,267497
24-Jul-15,496.80,497.72,491.20,494.00,98619
23-Jul-15,497.50,498.76,494.60,495.00,265471
22-Jul-15,498.50,498.80,493.50,494.50,139713
21-Jul-15,504.50,504.50,500.00,500.00,107131
20-Jul-15,498.20,503.00,496.57,501.50,61397
17-Jul-15,496.30,498.00,493.70,496.40,242918
16-Jul-15,494.50,498.00,493.42,497.20,265575
15-Jul-15,493.00,493.66,490.23,492.90,158401
14-Jul-15,495.00,495.00,487.81,492.50,442270
13-Jul-15,493.00,495.74,491.60,493.10,199917
10-Jul-15,490.00,491.70,487.60,488.00,378465
9-Jul-15,485.00,487.60,484.00,484.50,166761
8-Jul-15,483.20,485.00,479.00,480.00,109314
7-Jul-15,486.80,488.25,480.11,480.20,239394
6-Jul-15,487.50,490.09,485.40,487.10,127599
3-Jul-15,495.30,495.30,489.20,491.00,35031
2-Jul-15,488.00,494.30,488.00,493.40,73811
1-Jul-15,487.00,490.50,487.00,488.50,145319
30-Jun-15,482.00,488.62,481.30,484.50,210838
29-Jun-15,485.50,488.89,482.70,486.00,381255
26-Jun-15,496.20,497.05,492.50,494.30,156726
25-Jun-15,497.30,500.00,495.32,497.00,229410
24-Jun-15,498.00,500.00,495.00,497.70,110944
23-Jun-15,498.30,498.30,496.10,497.90,198378
22-Jun-15,496.70,497.00,492.60,497.00,267940
19-Jun-15,489.00,494.60,489.00,491.50,1350515
18-Jun-15,490.50,492.20,485.50,489.40,276855
17-Jun-15,494.20,497.40,490.60,491.30,180572
16-Jun-15,496.00,496.60,491.10,494.40,89594
15-Jun-15,498.00,500.73,494.10,495.60,124828
12-Jun-15,503.50,506.50,498.00,502.50,165928
11-Jun-15,504.00,508.50,503.66,506.50,145710
10-Jun-15,500.00,506.00,499.95,506.00,458467
9-Jun-15,502.50,504.00,499.78,500.50,224037
8-Jun-15,503.00,507.50,502.50,503.00,169348
5-Jun-15,506.00,507.12,503.00,505.50,125109
4-Jun-15,510.50,510.50,503.36,506.50,305885
3-Jun-15,512.50,518.50,510.89,515.00,185846
2-Jun-15,514.00,514.50,507.50,509.50,158483
1-Jun-15,509.50,513.63,509.50,512.00,44776
29-May-15,511.50,515.00,509.50,509.50,122320
28-May-15,515.00,515.00,510.50,512.50,241923
27-May-15,509.50,514.50,507.60,513.25,164042
26-May-15,509.50,511.72,507.00,508.25,140706
22-May-15,508.00,511.50,508.00,510.00,112500
21-May-15,510.00,511.51,507.00,508.00,79960
20-May-15,509.50,511.50,508.50,509.50,94529
19-May-15,509.00,511.64,506.50,510.00,77972
18-May-15,502.00,508.00,502.00,504.75,188621
15-May-15,508.00,508.50,501.50,502.50,518408
14-May-15,501.50,505.00,499.60,503.50,136920
13-May-15,503.00,504.14,499.00,504.00,220181
12-May-15,511.50,511.50,498.60,503.00,418240
11-May-15,512.00,514.50,510.50,511.50,303978
8-May-15,510.00,514.00,507.02,512.00,476079
7-May-15,508.00,508.00,502.00,505.50,156444
6-May-15,508.50,509.50,505.00,506.50,245204
5-May-15,506.50,511.00,506.50,507.00,145686
1-May-15,505.00,508.50,502.50,507.50,134016
30-Apr-15,513.50,513.50,502.98,507.00,328646
29-Apr-15,518.50,520.00,508.50,509.50,258358
28-Apr-15,521.50,525.74,513.50,520.00,345089
27-Apr-15,521.50,522.21,517.00,519.00,110731
24-Apr-15,520.50,521.50,517.00,518.00,60417
23-Apr-15,519.50,519.50,515.00,516.00,119361
22-Apr-15,522.00,522.00,515.00,516.50,206557
21-Apr-15,523.00,524.05,518.00,519.00,139312
20-Apr-15,518.50,521.50,517.30,519.50,157413
17-Apr-15,526.00,526.00,515.00,516.50,209930
16-Apr-15,526.50,528.80,523.00,525.50,177639
15-Apr-15,526.00,531.50,526.00,526.50,116898
14-Apr-15,527.00,530.50,525.03,527.00,105420
13-Apr-15,526.50,529.00,526.00,527.50,158514
10-Apr-15,523.00,528.50,522.20,528.50,127829
9-Apr-15,521.00,523.50,521.00,523.50,114938
8-Apr-15,523.00,524.00,518.00,521.50,138998
7-Apr-15,520.00,522.50,516.50,520.00,77744
2-Apr-15,516.00,517.50,513.45,515.50,106088
1-Apr-15,509.50,516.00,508.58,516.00,255317
31-Mar-15,506.50,511.00,506.08,509.00,390066
30-Mar-15,510.50,510.50,505.08,507.50,265193
27-Mar-15,510.00,513.50,505.00,508.60,278137
26-Mar-15,512.50,512.50,504.05,509.50,190487
25-Mar-15,518.00,519.00,512.90,514.00,168892
24-Mar-15,518.00,519.50,516.00,517.00,349001
23-Mar-15,523.50,526.00,518.02,519.50,229228
20-Mar-15,524.50,526.00,521.00,523.00,460762
19-Mar-15,523.50,525.50,520.00,523.00,201453
18-Mar-15,513.50,522.50,512.40,521.18,151493
17-Mar-15,510.50,516.52,510.50,512.00,165946
16-Mar-15,501.50,511.10,501.05,504.00,411386
13-Mar-15,498.00,501.50,496.00,496.80,164954
12-Mar-15,492.10,497.80,491.67,496.32,94636
11-Mar-15,490.00,493.00,487.50,493.00,495038
10-Mar-15,493.50,495.95,487.50,488.38,243413
9-Mar-15,497.50,498.78,492.10,494.20,122793
6-Mar-15,505.00,505.00,497.50,498.60,323495
5-Mar-15,498.20,501.00,494.70,499.00,162422
4-Mar-15,493.80,497.00,493.80,494.50,254016
3-Mar-15,494.40,496.70,493.00,494.05,236031
2-Mar-15,494.00,495.60,493.08,494.00,121580
27-Feb-15,494.20,495.79,493.50,494.00,128980
26-Feb-15,494.50,494.60,492.27,494.00,125001
25-Feb-15,492.50,495.00,491.98,493.60,161304
24-Feb-15,494.00,495.00,491.10,493.10,67368
23-Feb-15,490.00,493.50,488.10,493.50,369070
20-Feb-15,490.00,490.00,487.70,489.40,93830
19-Feb-15,486.00,491.40,486.00,489.90,216380
18-Feb-15,491.50,495.20,489.00,489.10,244765
17-Feb-15,490.90,494.50,489.54,491.40,87134
16-Feb-15,491.50,493.90,489.60,490.80,79239
13-Feb-15,492.80,494.10,488.19,493.00,322234
12-Feb-15,492.00,492.80,487.40,489.50,106961
11-Feb-15,489.10,489.80,486.56,489.80,124071
10-Feb-15,487.60,492.00,487.00,489.00,114488
9-Feb-15,493.90,493.90,487.50,489.80,195323
6-Feb-15,491.60,493.89,491.13,491.40,117639
5-Feb-15,493.20,493.70,491.00,493.00,30272
4-Feb-15,494.10,497.00,491.20,495.00,150091
3-Feb-15,493.50,498.90,490.80,495.00,112865
2-Feb-15,490.00,492.26,486.00,489.80,104984
30-Jan-15,492.50,492.85,488.80,488.80,179147
29-Jan-15,488.10,492.20,487.00,492.00,151371
28-Jan-15,493.00,494.60,490.00,492.50,113690
27-Jan-15,497.40,497.50,488.60,491.00,200126
26-Jan-15,494.80,496.00,491.90,494.00,222210
23-Jan-15,496.00,499.40,493.36,497.00,102047
22-Jan-15,490.00,494.20,489.30,494.20,131910
21-Jan-15,487.00,490.00,484.31,486.00,196206
20-Jan-15,486.00,487.50,482.50,483.00,102079
19-Jan-15,483.20,484.30,479.64,484.30,34638
16-Jan-15,478.80,481.10,473.00,480.50,85271
15-Jan-15,475.90,480.09,472.10,473.00,220949
14-Jan-15,478.00,480.80,471.40,475.90,264062
13-Jan-15,480.10,485.50,479.30,484.70,154160
12-Jan-15,479.70,483.00,476.18,480.00,165790
9-Jan-15,484.00,484.75,479.00,480.25,179756
8-Jan-15,478.90,485.20,477.65,482.00,153843
7-Jan-15,471.50,476.90,470.51,473.90,56246
6-Jan-15,473.00,473.00,467.30,470.90,80604
5-Jan-15,478.80,480.31,471.50,471.50,216402
31-Dec-14,476.00,478.90,475.06,478.90,17982
30-Dec-14,474.70,477.60,474.12,475.20,86788
29-Dec-14,475.00,478.47,475.00,478.40,173726
24-Dec-14,479.00,479.70,475.60,476.00,19546
23-Dec-14,474.60,477.90,471.45,476.60,230543
22-Dec-14,470.70,475.30,470.70,473.00,107048
19-Dec-14,474.50,475.40,471.50,473.20,510495
18-Dec-14,468.00,470.60,466.00,468.00,317986
17-Dec-14,460.30,464.00,458.00,462.30,225329
16-Dec-14,460.10,464.90,454.41,463.20,489929
15-Dec-14,468.00,468.00,460.10,465.00,158709
12-Dec-14,471.50,471.50,463.00,464.50,211120
11-Dec-14,471.00,472.50,467.44,471.30,218757
10-Dec-14,477.00,478.50,473.80,473.80,78745
9-Dec-14,475.40,476.90,472.90,473.30,201595
8-Dec-14,481.90,482.00,477.00,478.50,62038
5-Dec-14,478.00,481.10,475.85,480.00,114688
4-Dec-14,480.40,480.40,475.50,475.90,134034
3-Dec-14,477.10,479.00,477.00,478.00,73293
2-Dec-14,475.00,479.90,474.43,479.20,75511
1-Dec-14,479.00,479.00,473.00,474.00,124203
28-Nov-14,478.30,481.10,476.50,480.50,152301
27-Nov-14,479.00,480.00,476.50,479.00,62046
26-Nov-14,477.00,480.30,476.20,476.50,74334
25-Nov-14,479.30,479.30,476.10,476.90,124518
24-Nov-14,480.00,481.63,476.50,476.50,170465
21-Nov-14,473.30,480.00,471.00,480.00,196342
20-Nov-14,472.90,475.90,471.50,475.90,138070
19-Nov-14,475.00,475.06,471.50,472.70,189777
18-Nov-14,473.90,475.60,469.95,473.50,148460
17-Nov-14,470.00,472.50,466.92,470.30,164568
14-Nov-14,469.50,471.75,468.80,470.00,69320
13-Nov-14,469.00,471.50,466.43,469.80,187301
12-Nov-14,465.20,466.70,463.00,466.70,171938
11-Nov-14,466.50,466.50,464.40,464.75,230262
10-Nov-14,466.50,466.60,462.59,465.00,40407
7-Nov-14,463.20,467.50,462.00,463.90,328387
6-Nov-14,463.50,466.20,461.80,464.00,94171
5-Nov-14,460.20,465.80,459.99,464.00,223103
4-Nov-14,462.30,463.00,458.60,459.50,102896
3-Nov-14,463.40,463.40,460.75,461.80,59593
31-Oct-14,457.00,463.50,457.00,462.80,366356
30-Oct-14,452.10,454.80,449.50,450.50,453239
29-Oct-14,450.00,452.61,448.72,451.25,86993
28-Oct-14,446.00,447.90,445.54,447.00,79934
27-Oct-14,447.00,448.24,442.58,446.00,212764
24-Oct-14,445.00,446.00,443.56,444.00,157750
23-Oct-14,444.40,445.90,440.00,442.30,212148
22-Oct-14,440.00,444.40,438.59,443.90,111179
21-Oct-14,434.80,439.80,432.13,439.30,279657
20-Oct-14,434.00,436.70,431.29,434.50,175755
17-Oct-14,428.00,435.70,426.81,428.00,169499
16-Oct-14,429.90,430.00,420.20,421.50,582403
15-Oct-14,437.40,438.10,426.00,426.00,352003
14-Oct-14,433.10,437.70,431.10,437.00,239074
13-Oct-14,436.60,437.50,433.00,434.10,113812
10-Oct-14,440.30,442.24,437.00,438.00,157121
9-Oct-14,447.50,448.72,444.20,444.40,298105
8-Oct-14,448.00,449.11,444.00,444.50,265844
7-Oct-14,452.00,452.65,448.10,449.00,149541
6-Oct-14,451.70,453.90,451.00,453.30,223880
3-Oct-14,446.90,451.70,444.20,451.60,181997
2-Oct-14,447.10,448.35,442.20,442.20,199052
1-Oct-14,452.00,453.20,447.50,448.10,221176
30-Sep-14,453.70,454.50,450.00,451.00,339853
29-Sep-14,450.80,453.15,450.10,451.80,150472
26-Sep-14,452.10,453.51,450.00,452.50,162349
25-Sep-14,455.00,456.50,451.30,452.80,218402
24-Sep-14,456.30,456.30,453.60,455.80,53487
23-Sep-14,458.10,458.16,453.60,453.60,168394
22-Sep-14,460.60,461.50,459.00,459.00,177862
19-Sep-14,464.00,466.90,463.00,465.80,913539
18-Sep-14,461.50,463.80,460.80,462.00,257663
17-Sep-14,460.00,462.50,460.00,461.50,241917
16-Sep-14,455.80,459.90,455.24,457.80,237744
15-Sep-14,455.00,458.10,455.00,456.20,186701
12-Sep-14,456.40,458.60,455.14,457.90,321136
11-Sep-14,456.00,457.80,454.00,454.60,156759
10-Sep-14,456.10,457.80,455.00,456.50,159129
9-Sep-14,458.50,458.50,453.90,455.20,242857
8-Sep-14,456.70,457.60,453.60,456.20,487742
5-Sep-14,454.50,456.50,453.50,455.00,358350
4-Sep-14,455.50,456.22,453.90,455.50,332069
3-Sep-14,454.90,456.90,453.60,456.30,195579
2-Sep-14,449.00,454.90,449.00,454.00,295838
1-Sep-14,450.20,451.90,449.33,450.00,60681
29-Aug-14,451.30,451.93,448.48,450.70,140016
28-Aug-14,452.10,453.52,448.78,450.90,146348
27-Aug-14,453.30,454.90,452.80,453.00,81949
26-Aug-14,450.20,455.40,450.20,453.50,171886
22-Aug-14,450.00,452.00,448.70,449.50,77626
21-Aug-14,449.50,449.90,447.85,449.60,79119
20-Aug-14,447.70,449.25,446.50,448.00,196896
19-Aug-14,447.00,449.90,446.21,449.00,83391
18-Aug-14,446.10,446.30,443.70,445.00,71777
15-Aug-14,443.30,446.50,441.20,441.50,85093
14-Aug-14,440.90,444.50,439.33,444.49,234695
13-Aug-14,437.70,442.94,435.79,441.50,116946
12-Aug-14,438.50,439.90,436.41,437.90,114062
11-Aug-14,434.50,439.40,434.50,438.50,134172
8-Aug-14,431.30,433.50,429.34,430.20,173381
7-Aug-14,436.00,438.00,433.50,436.50,217102
6-Aug-14,437.50,438.77,433.83,437.00,142669
5-Aug-14,439.10,440.58,437.50,438.10,97262
4-Aug-14,439.00,441.50,438.50,440.50,118595
1-Aug-14,441.40,441.91,437.00,440.50,163239
31-Jul-14,445.30,446.50,442.00,443.50,237647
30-Jul-14,447.00,448.50,445.54,446.45,145787
29-Jul-14,446.20,449.50,446.20,447.00,86638
28-Jul-14,450.00,451.30,447.00,447.50,101541
25-Jul-14,448.50,451.00,448.50,449.20,192907
24-Jul-14,447.00,449.20,446.35,448.30,171439
23-Jul-14,446.00,448.80,444.71,448.00,168485
22-Jul-14,444.00,446.50,442.90,446.00,46611
21-Jul-14,442.10,443.60,441.70,443.10,106109
18-Jul-14,441.90,443.80,440.27,443.80,113293
17-Jul-14,444.50,445.00,441.60,442.70,161174
16-Jul-14,443.90,444.50,442.10,444.50,142494
15-Jul-14,443.10,445.80,441.10,444.90,446357
14-Jul-14,441.40,445.90,441.40,443.30,246321
11-Jul-14,444.00,444.40,440.00,440.00,179114
10-Jul-14,444.20,445.58,440.10,443.10,164342
9-Jul-14,444.10,446.21,443.10,444.00,85500
8-Jul-14,447.10,449.21,444.60,446.50,267451
7-Jul-14,451.70,451.70,447.20,449.70,151106
4-Jul-14,451.10,452.40,450.29,452.30,125696
3-Jul-14,449.40,451.83,449.20,451.30,176524
2-Jul-14,448.20,450.00,447.13,449.00,243428
1-Jul-14,445.10,447.60,445.10,447.00,106063
30-Jun-14,445.00,446.80,444.30,446.50,207926
27-Jun-14,445.60,446.60,443.46,445.60,215765
26-Jun-14,439.60,444.50,438.55,440.00,457599
25-Jun-14,441.00,441.30,437.40,440.50,513803
24-Jun-14,448.30,448.43,441.00,441.00,883683
23-Jun-14,449.00,451.00,446.70,446.70,127471
20-Jun-14,450.00,451.60,449.18,451.00,298594
19-Jun-14,450.00,452.00,449.00,449.00,221513
18-Jun-14,447.50,449.00,447.05,447.44,124683
17-Jun-14,446.70,448.51,446.00,447.00,711937
16-Jun-14,448.90,448.90,445.40,445.80,356178
13-Jun-14,452.20,452.28,446.50,447.00,334314
12-Jun-14,452.50,453.61,451.10,452.50,99161
11-Jun-14,452.50,453.63,451.30,453.00,198867
10-Jun-14,452.70,454.20,452.28,452.80,121338
9-Jun-14,452.00,454.04,451.50,453.40,320442
6-Jun-14,447.60,453.20,447.10,452.50,122019
5-Jun-14,448.00,450.10,446.30,448.00,436324
4-Jun-14,448.50,451.35,447.06,447.50,101206
3-Jun-14,451.80,453.30,451.50,451.50,142968
2-Jun-14,454.10,454.68,451.50,453.60,542022
30-May-14,453.00,454.30,452.70,453.00,135821
29-May-14,452.00,453.80,450.40,453.05,509416
28-May-14,450.00,452.80,449.15,452.80,456842
27-May-14,447.50,449.90,445.03,449.00,155084
23-May-14,446.50,447.00,443.10,446.00,236271
22-May-14,442.00,445.25,442.00,442.07,219867
21-May-14,440.10,444.70,440.00,444.10,77066
20-May-14,440.10,444.00,439.20,442.50,215345
19-May-14,442.90,443.80,440.00,443.00,290792
16-May-14,441.80,443.00,440.63,441.11,253148
15-May-14,446.00,447.20,440.00,442.50,376571
14-May-14,444.60,446.70,444.50,446.10,190548
13-May-14,445.90,446.90,443.23,445.80,142285
12-May-14,439.00,443.60,439.00,441.35,140573
9-May-14,438.20,440.38,437.90,439.00,206232
8-May-14,439.10,440.00,436.00,440.00,202239
7-May-14,438.00,438.25,435.10,435.75,178695
6-May-14,443.40,443.40,438.00,439.40,128349
2-May-14,442.20,444.90,440.00,442.40,162593
1-May-14,443.70,445.80,442.00,444.00,101903
30-Apr-14,444.50,445.00,441.50,442.10,360698
29-Apr-14,445.40,446.70,444.20,445.00,103048
28-Apr-14,444.00,446.65,443.00,443.00,129414
25-Apr-14,446.60,448.50,444.00,446.00,181958
24-Apr-14,448.20,449.87,446.10,446.90,127173
23-Apr-14,448.00,448.95,447.41,447.70,43666
22-Apr-14,445.70,449.25,445.70,448.00,102432
17-Apr-14,446.00,447.00,445.50,446.30,200776
16-Apr-14,447.00,449.00,445.50,445.80,108973
15-Apr-14,449.30,449.60,443.00,443.50,177166
14-Apr-14,447.70,448.00,443.25,448.00,318931
11-Apr-14,450.00,450.20,447.00,448.20,213943
10-Apr-14,453.10,454.90,451.90,454.90,165552
9-Apr-14,452.60,454.30,449.75,451.20,140528
8-Apr-14,452.20,453.32,448.50,449.25,360961
7-Apr-14,452.50,454.00,451.55,452.80,246622
4-Apr-14,453.70,455.54,453.10,453.70,114025
3-Apr-14,457.00,458.60,453.00,453.50,174669
2-Apr-14,457.90,459.00,455.98,457.00,100201
1-Apr-14,455.20,457.50,454.20,455.30,57432
31-Mar-14,457.00,457.00,453.30,454.30,98048
28-Mar-14,453.80,455.90,453.80,455.00,113200
27-Mar-14,455.00,455.75,453.50,453.75,353192
26-Mar-14,454.30,456.78,454.30,456.00,98355
25-Mar-14,454.00,455.40,452.62,454.40,50236
24-Mar-14,453.00,455.00,451.66,454.00,144471
21-Mar-14,451.50,454.90,451.00,451.00,422385
20-Mar-14,452.50,452.76,450.55,452.10,187277
19-Mar-14,452.50,455.00,452.40,452.40,82200
18-Mar-14,451.10,455.70,451.00,454.00,166154
17-Mar-14,451.20,453.61,450.96,452.00,101624
14-Mar-14,451.10,452.00,450.00,450.00,173037
13-Mar-14,456.50,457.80,454.00,457.00,184721
12-Mar-14,457.00,460.00,456.00,456.80,97409
11-Mar-14,459.90,460.90,456.90,460.50,128661
10-Mar-14,457.50,460.60,456.00,456.30,198554
7-Mar-14,462.00,462.50,457.50,457.50,121861
6-Mar-14,460.70,461.10,458.00,460.00,116831
5-Mar-14,460.50,462.30,457.10,458.00,239950
4-Mar-14,455.80,461.90,455.80,461.90,127977
3-Mar-14,456.00,456.00,452.40,456.00,591176
28-Feb-14,453.90,459.80,453.90,457.30,343636
27-Feb-14,454.50,455.40,451.00,454.20,138568
26-Feb-14,445.60,455.20,445.60,455.00,545900
25-Feb-14,448.10,449.30,445.00,445.00,371319
24-Feb-14,446.10,451.00,446.10,451.00,135315
21-Feb-14,447.10,450.00,446.00,448.10,240386
20-Feb-14,442.90,447.40,442.70,447.10,108445
19-Feb-14,446.50,448.00,445.10,445.66,189960
18-Feb-14,445.80,449.70,445.20,448.00,154159
17-Feb-14,445.50,447.90,445.50,446.50,133111
14-Feb-14,444.30,445.50,444.30,445.40,60852
13-Feb-14,449.00,449.00,443.70,445.50,81387
12-Feb-14,448.50,451.00,447.40,447.40,220900
11-Feb-14,443.00,448.50,443.00,448.50,110799
10-Feb-14,439.70,444.00,439.70,443.90,142495
7-Feb-14,440.10,442.00,438.50,441.50,140522
6-Feb-14,435.50,440.30,435.40,434.50,197054
5-Feb-14,431.10,436.00,431.10,435.00,105894
4-Feb-14,433.00,436.00,432.50,436.00,99216
3-Feb-14,435.50,441.80,435.50,437.00,402013
31-Jan-14,434.10,439.00,433.50,439.00,459838
30-Jan-14,437.00,438.60,434.00,437.00,216100
29-Jan-14,440.30,441.60,432.90,435.30,246529
28-Jan-14,439.50,439.50,437.10,438.10,124096
27-Jan-14,441.30,441.30,437.00,439.80,738583
24-Jan-14,448.10,448.20,443.00,444.00,222566
23-Jan-14,450.70,453.60,446.90,447.78,91036
22-Jan-14,455.00,455.00,452.20,454.40,176815
21-Jan-14,453.80,455.60,453.70,454.50,126638
20-Jan-14,454.00,455.00,453.40,453.30,88663
17-Jan-14,454.00,455.80,452.00,452.80,461946
16-Jan-14,455.90,456.30,452.70,453.90,126386
15-Jan-14,452.50,456.70,452.50,455.10,187275
14-Jan-14,452.00,452.60,447.70,451.50,263845
13-Jan-14,451.00,454.00,451.00,450.25,259051
10-Jan-14,447.90,452.00,447.90,452.00,253247
9-Jan-14,449.30,452.50,448.50,448.50,247922
8-Jan-14,452.00,452.50,450.10,452.00,283763
7-Jan-14,449.40,452.70,448.90,452.60,152002
6-Jan-14,450.10,450.70,447.80,450.25,85890
3-Jan-14,448.50,450.20,448.40,450.00,130996
2-Jan-14,448.30,449.30,448.00,448.40,73385
31-Dec-13,447.60,450.30,447.60,450.10,119164
30-Dec-13,450.00,450.00,447.50,448.10,29439
27-Dec-13,450.00,450.00,446.90,450.00,23264
24-Dec-13,446.90,449.40,446.30,448.90,61174
23-Dec-13,443.50,447.00,442.20,447.00,82075
20-Dec-13,440.00,443.90,440.00,441.00,383070
19-Dec-13,439.60,441.60,437.60,439.40,319106
18-Dec-13,434.20,437.00,434.00,434.00,77424
17-Dec-13,436.20,437.90,434.10,434.10,118718
16-Dec-13,436.50,438.00,433.00,437.00,79918
13-Dec-13,433.30,437.60,433.30,434.00,31602
12-Dec-13,435.30,437.50,433.70,436.00,104032
11-Dec-13,438.10,438.10,436.00,437.90,290743
10-Dec-13,438.30,441.30,437.60,439.40,146955
9-Dec-13,441.10,441.40,438.60,439.00,39693
6-Dec-13,437.90,438.70,435.80,438.00,218393
5-Dec-13,436.00,439.30,433.80,434.00,170286
4-Dec-13,439.30,439.30,435.80,436.40,135024
3-Dec-13,444.00,444.00,438.10,440.60,316030
2-Dec-13,448.70,448.70,443.40,443.80,174088
29-Nov-13,447.20,449.40,446.50,446.60,98749
28-Nov-13,446.60,448.00,445.90,447.00,35549
27-Nov-13,446.10,447.70,446.10,447.00,30643
26-Nov-13,449.40,449.40,446.10,446.10,111558
25-Nov-13,448.50,448.50,447.40,447.95,293477
22-Nov-13,447.00,447.30,445.20,446.70,440213
21-Nov-13,448.50,450.80,445.70,447.90,150462
20-Nov-13,451.60,451.60,448.50,448.70,50921
19-Nov-13,450.00,451.70,449.60,451.00,55942
18-Nov-13,448.00,451.50,447.80,451.50,289998
15-Nov-13,446.10,448.80,446.10,448.00,214066
14-Nov-13,445.10,447.30,444.50,447.00,55471
13-Nov-13,445.80,446.50,441.40,441.50,159683
12-Nov-13,449.00,449.00,444.40,445.80,193617
11-Nov-13,449.70,449.70,445.30,449.00,49913
8-Nov-13,444.90,446.90,441.80,446.00,93370
7-Nov-13,447.70,451.00,446.20,446.20,56438
6-Nov-13,447.50,450.50,447.50,449.50,75709
5-Nov-13,450.50,450.70,446.20,448.00,129802
4-Nov-13,448.00,451.00,448.00,449.90,92916
1-Nov-13,447.00,449.10,446.00,448.90,201082
31-Oct-13,446.70,449.50,446.00,448.50,258150
30-Oct-13,448.00,451.10,448.00,450.00,103182
29-Oct-13,443.80,449.00,443.80,446.79,198612
28-Oct-13,442.10,446.90,442.10,446.90,187113
25-Oct-13,441.90,443.90,441.00,443.30,85725
24-Oct-13,439.00,444.60,439.00,444.50,301576
23-Oct-13,439.08,441.10,438.20,439.00,91664
22-Oct-13,440.10,442.50,439.10,439.10,201459
21-Oct-13,440.10,442.50,440.00,442.50,245163
18-Oct-13,437.40,440.00,437.30,440.00,78192
17-Oct-13,439.90,439.90,435.90,435.90,232516
16-Oct-13,432.00,439.20,431.00,438.70,280269
15-Oct-13,430.50,434.10,430.50,432.50,186072
14-Oct-13,428.90,430.60,428.90,429.50,79150
11-Oct-13,429.40,430.00,428.60,429.30,115239
10-Oct-13,425.90,429.20,425.90,429.00,67463
9-Oct-13,421.70,423.90,421.50,422.50,186723
8-Oct-13,425.80,425.80,422.20,425.00,149991
7-Oct-13,426.00,427.60,423.80,426.00,64283
4-Oct-13,425.10,427.50,424.60,425.10,112288
3-Oct-13,426.70,427.20,425.40,425.65,87256
2-Oct-13,429.90,429.90,424.70,426.90,48629
1-Oct-13,423.70,428.00,423.70,428.00,47738
30-Sep-13,425.70,426.30,424.20,425.70,40786
27-Sep-13,432.00,432.60,428.00,428.10,148676
26-Sep-13,431.60,435.00,431.40,432.10,183601
25-Sep-13,432.40,433.00,431.00,432.40,181373
24-Sep-13,432.10,434.10,429.60,433.80,219578
20-Sep-13,437.20,437.20,434.20,434.20,569717
19-Sep-13,438.00,439.00,435.00,435.10,254955
18-Sep-13,435.00,435.80,432.50,434.10,77646
17-Sep-13,435.60,436.10,434.60,435.60,344272
16-Sep-13,440.00,440.00,437.80,438.50,114076
13-Sep-13,434.70,435.50,433.40,435.50,33558
12-Sep-13,434.90,436.30,434.00,435.50,20433
11-Sep-13,435.50,436.10,433.90,434.40,148854
10-Sep-13,432.30,436.10,432.30,435.70,214262
9-Sep-13,430.30,430.30,428.00,430.00,30501
6-Sep-13,427.20,431.00,425.80,430.10,249122
5-Sep-13,425.70,429.70,425.70,428.70,128598
4-Sep-13,425.00,427.10,423.10,423.25,133782
3-Sep-13,427.50,427.70,424.50,426.70,91218
2-Sep-13,424.90,428.90,424.00,426.20,135287
30-Aug-13,427.20,427.20,423.40,423.40,79287
29-Aug-13,425.00,427.80,424.70,427.80,179514
28-Aug-13,423.70,425.30,422.70,424.30,215448
27-Aug-13,433.30,434.30,427.00,432.50,120398
23-Aug-13,429.00,433.30,429.00,433.30,45455
22-Aug-13,427.50,430.20,427.50,429.40,72719
21-Aug-13,427.00,427.40,425.10,426.70,95281
20-Aug-13,430.00,430.00,425.50,427.10,80788
19-Aug-13,433.30,433.70,429.60,432.15,162822
16-Aug-13,433.70,433.70,431.00,431.50,68651
15-Aug-13,438.00,438.00,431.10,431.30,389555
14-Aug-13,438.20,441.50,438.20,438.80,141493
13-Aug-13,441.40,442.70,439.50,439.80,78495
12-Aug-13,441.00,443.40,439.50,439.60,71588
9-Aug-13,442.00,444.50,441.20,441.20,90544
8-Aug-13,441.60,443.80,439.70,440.50,61474
7-Aug-13,442.70,446.70,439.00,444.10,169353
6-Aug-13,445.00,447.00,443.10,445.90,178843
5-Aug-13,448.40,448.60,444.70,445.40,52155
2-Aug-13,449.90,450.80,445.10,447.00,196404
1-Aug-13,445.80,448.30,443.70,447.00,91794
31-Jul-13,443.30,446.30,441.90,442.40,225605
30-Jul-13,445.40,445.40,441.70,442.20,37468
29-Jul-13,443.90,444.90,440.60,442.00,25484
26-Jul-13,442.40,443.80,440.40,441.50,174739
25-Jul-13,446.30,446.30,440.10,441.50,201245
24-Jul-13,447.30,448.40,444.00,446.00,139610
23-Jul-13,444.20,447.90,444.20,446.90,112689
22-Jul-13,444.20,446.00,443.00,444.50,124147
19-Jul-13,446.70,446.70,442.40,444.20,67048
18-Jul-13,445.90,447.30,441.44,446.00,188128
17-Jul-13,446.50,447.76,442.00,444.70,157245
16-Jul-13,445.30,447.58,445.30,446.50,199142
15-Jul-13,445.20,447.50,444.00,447.50,411002
12-Jul-13,442.10,443.20,440.50,440.50,415660
11-Jul-13,443.10,446.11,441.00,441.00,136997
10-Jul-13,444.50,444.50,439.10,440.00,236394
9-Jul-13,442.20,445.90,441.80,444.00,190730
8-Jul-13,439.60,444.30,435.11,441.50,260496
5-Jul-13,438.00,441.90,435.50,438.00,159324
4-Jul-13,431.20,439.70,427.21,438.50,337499
3-Jul-13,429.50,429.76,425.00,427.20,154641
2-Jul-13,429.50,432.90,429.12,432.40,53528
1-Jul-13,430.50,431.50,428.10,431.50,58209
28-Jun-13,426.70,429.40,426.70,427.40,287602
27-Jun-13,422.00,427.70,419.80,427.00,149580
26-Jun-13,420.80,421.40,416.29,418.70,58658
25-Jun-13,420.80,420.80,414.47,415.00,163056
24-Jun-13,421.90,421.90,413.40,413.40,121258
21-Jun-13,421.00,423.80,418.80,423.10,531525
20-Jun-13,424.90,425.28,421.00,421.00,505053
19-Jun-13,430.80,432.85,427.60,427.60,471069
18-Jun-13,429.50,430.37,426.40,429.30,138637
17-Jun-13,426.10,429.98,426.10,427.80,276157
14-Jun-13,429.00,429.81,425.10,425.10,384959
13-Jun-13,419.60,429.10,419.60,427.60,109228
12-Jun-13,428.00,430.30,428.00,428.50,33266
11-Jun-13,432.90,435.50,426.28,428.40,159896
10-Jun-13,436.40,438.23,432.90,433.80,147462
7-Jun-13,430.10,434.86,429.65,434.80,155219
6-Jun-13,435.00,435.00,429.00,429.00,161414
5-Jun-13,444.90,445.10,434.50,435.50,453707
4-Jun-13,450.90,451.25,445.40,445.40,94146
3-Jun-13,450.50,450.50,446.00,446.90,60800
31-May-13,453.50,453.51,446.40,451.50,136547
30-May-13,449.00,453.94,449.00,453.50,140658
29-May-13,457.00,457.53,449.50,449.50,222196
28-May-13,452.00,458.78,452.00,457.00,129371
24-May-13,456.50,456.78,450.00,450.00,305988
23-May-13,460.00,460.00,453.60,453.80,268744
22-May-13,462.50,466.44,460.90,463.00,187009
21-May-13,463.00,463.96,460.50,462.50,191204
20-May-13,466.30,466.90,461.97,463.00,123163
17-May-13,457.50,464.20,457.50,464.20,134346
16-May-13,459.00,460.50,458.00,458.00,82945
15-May-13,457.60,459.40,457.10,459.40,41348
14-May-13,453.80,458.78,452.50,458.00,124373
13-May-13,455.00,455.00,452.20,452.80,138725
10-May-13,452.60,454.76,450.32,454.50,255958
9-May-13,450.00,451.90,447.10,451.90,207047
8-May-13,451.60,451.60,450.00,450.90,91844
7-May-13,451.00,451.30,449.80,450.50,169070
3-May-13,442.40,450.20,442.40,450.00,257087
2-May-13,442.00,442.80,439.18,441.90,207801
1-May-13,442.20,442.20,440.60,442.00,90749
30-Apr-13,442.30,443.26,440.60,441.00,114652
29-Apr-13,438.00,441.70,438.00,441.50,133411
26-Apr-13,439.00,440.60,437.25,439.90,149617
25-Apr-13,441.30,441.77,436.30,438.80,388588
24-Apr-13,438.30,441.75,437.58,440.80,179819
23-Apr-13,430.20,438.40,430.03,438.40,205100
22-Apr-13,432.50,435.00,430.20,430.20,127597
19-Apr-13,429.50,431.20,428.80,430.00,59502
18-Apr-13,429.30,431.00,428.24,429.00,118410
17-Apr-13,429.50,434.00,427.90,428.40,159249
16-Apr-13,432.10,432.80,429.10,430.30,228237
15-Apr-13,433.00,434.63,432.50,433.60,152290
12-Apr-13,435.40,436.37,433.60,433.80,121745
11-Apr-13,435.90,438.40,433.75,437.30,186093
10-Apr-13,431.20,436.00,431.20,435.50,136099
9-Apr-13,430.90,433.40,429.15,431.90,340794
8-Apr-13,429.00,430.13,426.62,428.60,192776
5-Apr-13,430.00,431.76,425.12,427.10,637376
4-Apr-13,433.10,434.95,430.00,431.40,414287
3-Apr-13,434.30,435.80,432.80,433.10,430355
2-Apr-13,430.30,435.40,429.80,434.30,297977
28-Mar-13,429.50,433.17,429.50,430.10,367055
27-Mar-13,428.50,433.14,428.00,429.80,463022
26-Mar-13,431.10,431.10,428.11,429.40,233305
25-Mar-13,428.00,433.10,428.00,428.30,354952
22-Mar-13,425.60,428.80,425.00,428.20,489939
21-Mar-13,430.40,431.63,425.60,426.00,363869
20-Mar-13,433.90,433.90,429.66,430.00,200371
19-Mar-13,434.50,434.50,430.50,431.90,294820
18-Mar-13,431.00,434.50,427.30,433.00,404169
15-Mar-13,436.50,439.10,435.80,436.00,540843
14-Mar-13,437.80,438.81,436.27,437.80,272318
13-Mar-13,437.50,437.50,434.90,435.40,271813
12-Mar-13,435.60,439.40,435.60,437.10,171140
11-Mar-13,436.00,437.56,435.50,435.50,142120
8-Mar-13,435.10,436.90,434.00,436.10,137853
7-Mar-13,431.00,434.20,431.00,433.30,117618
6-Mar-13,428.90,431.90,428.80,431.00,266673
5-Mar-13,424.90,428.90,423.90,428.20,179334
4-Mar-13,422.20,424.40,419.92,424.00,98796
1-Mar-13,422.10,426.00,422.00,425.70,120584
28-Feb-13,423.40,425.90,423.06,425.20,170195
27-Feb-13,417.60,423.40,417.60,423.40,244192
26-Feb-13,421.80,421.80,416.46,417.50,207148
25-Feb-13,419.00,425.30,419.00,425.20,168701
22-Feb-13,419.00,422.31,419.00,420.00,74974
21-Feb-13,420.90,420.90,416.00,419.00,61690
20-Feb-13,419.00,423.20,418.10,423.20,145550
19-Feb-13,411.00,420.40,411.00,420.40,224010
18-Feb-13,413.00,414.10,412.10,414.10,22459
15-Feb-13,410.20,414.20,409.20,413.60,184631
14-Feb-13,410.00,413.30,409.20,412.50,236626
13-Feb-13,408.70,413.10,407.90,413.10,83924
12-Feb-13,405.20,410.20,405.20,410.10,204850
11-Feb-13,404.10,407.50,404.10,406.20,63352
8-Feb-13,405.70,405.70,403.80,404.20,44584
7-Feb-13,406.40,407.22,402.30,403.40,83555
6-Feb-13,408.40,409.60,406.00,407.10,147693
5-Feb-13,401.00,409.00,401.00,407.10,95174
4-Feb-13,405.30,408.70,402.50,402.50,247536
1-Feb-13,405.10,409.00,403.25,408.50,91257
31-Jan-13,403.20,404.02,400.90,403.40,139640
30-Jan-13,406.20,407.23,403.70,404.10,139252
29-Jan-13,405.60,407.80,404.40,407.00,83719
28-Jan-13,406.10,406.60,404.60,405.80,96040
25-Jan-13,403.50,407.58,402.90,404.90,160210
24-Jan-13,399.10,405.50,399.10,404.90,104752
23-Jan-13,402.50,402.50,400.20,400.70,57765
22-Jan-13,401.00,403.32,400.07,401.40,81576
21-Jan-13,398.40,404.10,396.80,404.10,106423
18-Jan-13,395.90,399.68,395.90,399.20,65001
17-Jan-13,392.80,397.42,392.80,396.00,135157
16-Jan-13,391.40,395.30,391.40,395.30,153528
15-Jan-13,391.10,393.81,390.22,393.40,205932
14-Jan-13,392.10,392.60,391.20,392.50,158763
11-Jan-13,390.90,391.30,388.88,390.30,121611
10-Jan-13,389.30,390.62,389.00,389.00,270544
9-Jan-13,384.50,389.78,384.50,388.80,87655
8-Jan-13,389.10,389.10,386.18,386.60,73219
7-Jan-13,389.10,389.10,385.92,386.90,102948
4-Jan-13,389.00,389.00,386.48,387.60,106526
3-Jan-13,385.90,388.15,385.58,386.70,348215
2-Jan-13,381.50,386.20,379.68,385.60,217910
