31-Dec-15,565.00,571.50,558.89,568.50,39768
30-Dec-15,574.00,574.00,565.50,570.00,115800
29-Dec-15,578.00,578.00,568.50,571.00,296244
24-Dec-15,563.00,575.00,563.00,574.50,26067
23-Dec-15,572.00,574.00,564.50,566.50,265953
22-Dec-15,568.00,571.20,559.50,563.00,173560
21-Dec-15,554.00,577.50,549.50,567.50,353176
18-Dec-15,564.00,583.50,546.50,550.00,727710
16-Dec-15,530.50,552.50,522.00,546.50,326361
15-Dec-15,537.50,537.50,524.70,525.00,293865
14-Dec-15,529.00,533.50,527.00,528.50,353417
11-Dec-15,529.50,537.00,527.50,529.00,352221
10-Dec-15,532.50,546.50,532.50,534.00,261894
9-Dec-15,531.50,543.00,527.00,537.50,292679
8-Dec-15,541.00,544.60,526.00,538.00,329446
7-Dec-15,546.00,556.08,541.50,544.50,275680
4-Dec-15,560.50,560.84,543.50,546.00,273855
3-Dec-15,577.00,577.50,558.50,558.50,218270
2-Dec-15,588.00,588.00,571.50,575.00,377561
1-Dec-15,577.50,588.00,569.00,574.66,538426
30-Nov-15,565.00,580.00,557.50,573.94,346018
27-Nov-15,555.00,564.00,554.47,564.00,243362
26-Nov-15,551.50,562.50,551.50,561.50,205337
25-Nov-15,538.50,558.00,538.50,557.50,380969
24-Nov-15,554.00,554.00,539.00,545.50,454235
23-Nov-15,546.50,554.00,540.50,550.00,481361
20-Nov-15,527.50,548.00,527.50,546.50,442641
19-Nov-15,529.50,544.50,529.50,535.00,510926
18-Nov-15,532.00,537.50,517.50,530.50,458903
17-Nov-15,518.50,561.50,518.50,538.00,986993
16-Nov-15,493.40,504.50,489.90,498.10,287151
13-Nov-15,496.70,505.00,490.79,500.00,372963
12-Nov-15,516.00,518.80,493.60,494.00,544029
11-Nov-15,524.00,533.60,516.50,520.00,289672
10-Nov-15,530.50,532.30,518.00,524.50,283030
9-Nov-15,531.00,537.60,528.50,533.00,253938
6-Nov-15,525.00,532.00,523.00,524.00,237796
5-Nov-15,530.50,530.50,520.50,525.00,199244
4-Nov-15,528.50,530.50,525.00,528.00,411833
3-Nov-15,523.00,525.50,520.37,523.50,548954
2-Nov-15,509.50,521.50,509.50,515.00,415844
30-Oct-15,509.00,515.00,509.00,515.00,312897
29-Oct-15,512.00,512.50,501.00,508.75,292593
28-Oct-15,510.00,520.00,505.00,510.00,477484
27-Oct-15,531.50,534.75,508.50,511.50,466878
26-Oct-15,518.00,542.50,518.00,533.50,306755
23-Oct-15,515.00,528.00,510.18,524.00,839429
22-Oct-15,513.00,519.00,508.50,513.00,347673
21-Oct-15,518.50,525.00,512.50,517.00,230647
20-Oct-15,515.00,526.00,510.50,518.00,382160
19-Oct-15,512.50,513.00,502.50,510.00,275669
16-Oct-15,541.00,544.96,507.50,508.00,701395
15-Oct-15,551.50,559.00,548.00,550.00,253355
14-Oct-15,562.50,562.50,544.00,551.50,234623
13-Oct-15,562.50,573.38,554.00,554.50,500182
12-Oct-15,580.00,582.00,571.00,575.50,142058
9-Oct-15,557.00,585.00,543.50,579.00,303979
8-Oct-15,558.50,558.50,543.50,550.00,273016
7-Oct-15,549.00,564.50,549.00,554.00,265789
6-Oct-15,549.00,562.50,549.00,558.00,98953
5-Oct-15,560.00,568.00,558.00,562.50,142946
2-Oct-15,566.50,566.50,549.00,554.00,169009
1-Oct-15,537.00,560.00,537.00,553.50,196319
30-Sep-15,544.00,551.50,537.00,551.00,276030
29-Sep-15,536.00,545.00,532.50,535.50,170546
28-Sep-15,553.00,553.50,537.50,539.00,332606
25-Sep-15,540.50,551.00,537.50,550.50,218481
24-Sep-15,547.50,547.50,528.50,534.50,233173
23-Sep-15,545.50,551.40,535.00,546.50,402212
22-Sep-15,595.00,595.00,543.50,550.00,420719
21-Sep-15,590.00,600.10,580.00,583.00,218412
18-Sep-15,612.50,612.50,599.50,601.50,262366
17-Sep-15,626.00,626.00,617.00,617.00,129474
16-Sep-15,621.00,628.50,621.00,627.50,195292
15-Sep-15,613.50,623.50,607.00,622.50,188033
14-Sep-15,630.00,631.50,611.00,612.00,163032
11-Sep-15,629.50,634.00,620.00,630.00,159534
10-Sep-15,635.00,639.00,628.00,633.00,91803
9-Sep-15,641.00,646.30,635.00,635.00,141758
8-Sep-15,623.50,637.50,623.50,630.00,101058
7-Sep-15,630.50,630.50,617.00,622.50,98611
4-Sep-15,623.00,627.50,620.00,621.00,360382
3-Sep-15,630.00,638.50,627.50,635.50,183483
2-Sep-15,626.00,634.50,619.00,626.50,232144
1-Sep-15,631.00,632.00,621.00,627.00,208286
28-Aug-15,627.50,641.00,625.00,641.00,348025
27-Aug-15,623.00,629.27,616.00,627.50,306566
26-Aug-15,612.00,622.50,601.50,607.50,286244
25-Aug-15,610.50,624.50,601.18,618.50,369886
24-Aug-15,605.00,605.00,578.00,597.50,355215
21-Aug-15,630.00,637.00,621.00,622.00,198611
20-Aug-15,641.00,646.35,634.50,636.50,206569
19-Aug-15,668.50,672.70,644.00,647.50,233371
18-Aug-15,663.50,675.00,663.00,668.50,188114
17-Aug-15,672.00,673.00,660.50,666.50,228614
14-Aug-15,665.50,673.00,662.50,664.50,223142
13-Aug-15,665.50,670.00,656.50,662.50,189226
12-Aug-15,666.00,676.29,653.00,661.00,372134
11-Aug-15,688.50,693.50,670.00,671.50,307138
10-Aug-15,688.50,688.50,665.50,682.50,221112
7-Aug-15,689.50,694.50,680.00,682.50,154491
6-Aug-15,689.00,694.50,685.00,686.96,219882
5-Aug-15,677.50,689.00,672.00,687.50,208933
4-Aug-15,679.00,687.00,674.50,676.00,241556
3-Aug-15,675.00,687.00,670.50,677.00,260046
31-Jul-15,687.00,687.00,666.00,684.00,360389
30-Jul-15,652.00,684.50,640.50,682.50,308141
29-Jul-15,658.50,658.50,643.50,650.00,303807
28-Jul-15,654.00,660.76,648.00,650.50,158261
27-Jul-15,660.00,667.50,649.50,652.50,185640
24-Jul-15,676.50,687.00,663.50,669.00,269568
23-Jul-15,680.50,680.50,669.00,674.00,163636
22-Jul-15,671.00,677.00,664.50,674.00,215385
21-Jul-15,678.00,692.00,669.50,685.12,233978
20-Jul-15,660.00,678.00,656.00,677.50,345487
17-Jul-15,673.00,673.00,656.00,662.75,194958
16-Jul-15,656.00,670.00,650.50,663.84,339196
15-Jul-15,661.00,669.00,644.50,649.00,199738
14-Jul-15,666.50,669.00,655.50,660.00,154160
13-Jul-15,661.50,670.50,658.00,665.95,160731
10-Jul-15,662.00,665.00,656.11,660.10,117023
9-Jul-15,650.00,660.00,646.00,659.60,194613
8-Jul-15,652.50,655.00,641.00,652.00,213005
7-Jul-15,672.00,686.91,649.00,660.07,167779
6-Jul-15,675.00,682.00,669.68,673.00,137742
3-Jul-15,681.00,696.25,675.00,683.50,103275
2-Jul-15,680.50,691.65,680.50,683.00,130376
1-Jul-15,674.00,694.50,672.50,690.50,249696
30-Jun-15,680.00,684.07,671.06,674.00,364789
29-Jun-15,710.00,712.05,679.00,681.50,324891
26-Jun-15,728.00,728.00,717.00,717.00,240577
25-Jun-15,737.50,739.00,724.00,726.50,335238
24-Jun-15,764.50,764.50,742.00,742.00,221039
23-Jun-15,775.50,775.50,766.00,767.50,246602
22-Jun-15,755.00,772.50,751.54,770.00,206219
19-Jun-15,740.00,755.50,739.00,750.00,547027
18-Jun-15,723.00,742.72,723.00,741.00,92499
17-Jun-15,736.00,746.00,731.00,741.50,139524
16-Jun-15,726.50,743.00,720.50,738.00,157399
15-Jun-15,734.00,738.00,724.50,733.50,90782
12-Jun-15,759.50,761.00,736.50,742.50,140559
11-Jun-15,775.00,777.00,761.00,765.00,196927
10-Jun-15,744.00,758.50,738.00,756.00,148169
9-Jun-15,738.00,743.00,728.83,742.50,86685
8-Jun-15,748.00,754.01,738.50,739.50,74911
5-Jun-15,762.50,770.77,747.00,752.50,130773
4-Jun-15,760.50,760.50,746.00,751.00,125830
3-Jun-15,758.50,769.00,751.00,758.50,217197
2-Jun-15,761.00,761.50,745.00,752.50,151797
1-Jun-15,741.00,750.00,737.50,747.50,98807
29-May-15,763.50,765.50,742.50,743.50,255374
28-May-15,752.00,765.00,749.50,764.50,199095
27-May-15,749.50,757.50,745.00,748.50,168972
26-May-15,744.00,744.46,736.00,744.00,147233
22-May-15,735.50,743.00,733.00,740.50,75680
21-May-15,732.50,737.00,729.91,736.00,69407
20-May-15,731.00,735.00,724.50,734.50,141826
19-May-15,723.50,739.00,723.50,732.00,169842
18-May-15,729.00,736.50,720.50,727.50,130682
15-May-15,732.00,736.50,725.50,733.50,151398
14-May-15,724.50,737.00,720.50,731.50,176457
13-May-15,720.00,735.00,710.50,729.00,174401
12-May-15,720.50,721.00,700.00,711.50,176863
11-May-15,738.50,739.23,724.50,725.50,323696
8-May-15,711.50,762.50,711.50,716.00,352606
7-May-15,673.00,699.50,673.00,696.50,92444
6-May-15,687.50,699.38,685.50,692.50,120196
5-May-15,697.00,706.00,685.50,693.50,199019
1-May-15,681.00,702.68,681.00,696.50,62976
30-Apr-15,685.50,696.00,677.96,688.00,162929
29-Apr-15,697.50,704.00,685.50,685.50,196772
28-Apr-15,706.00,714.50,689.73,698.50,115552
27-Apr-15,703.00,705.40,693.00,702.50,131668
24-Apr-15,716.50,719.50,699.50,699.50,186530
23-Apr-15,692.00,720.00,692.00,712.00,220590
22-Apr-15,716.50,723.69,703.50,707.00,140395
21-Apr-15,699.00,722.00,699.00,718.00,175136
20-Apr-15,695.00,706.50,691.50,694.00,113008
17-Apr-15,714.50,717.00,694.00,696.50,177057
16-Apr-15,725.50,731.00,717.00,717.00,212725
15-Apr-15,726.50,742.00,726.50,728.00,267358
14-Apr-15,718.50,735.00,707.84,730.50,173317
13-Apr-15,714.00,717.00,711.00,713.50,93157
10-Apr-15,710.50,719.00,699.38,716.00,202372
9-Apr-15,713.00,716.50,703.00,704.50,160021
8-Apr-15,715.00,715.50,705.98,709.50,195393
7-Apr-15,712.00,719.00,708.50,710.50,239648
2-Apr-15,708.50,712.50,702.00,707.50,87215
1-Apr-15,723.00,723.00,701.00,705.50,371411
31-Mar-15,714.50,729.50,713.00,719.00,314213
30-Mar-15,718.50,734.00,718.50,727.73,270372
27-Mar-15,726.50,736.50,725.00,731.00,176556
26-Mar-15,734.00,757.66,714.00,729.50,239008
25-Mar-15,761.50,775.00,758.68,769.00,175578
24-Mar-15,755.50,772.00,750.00,767.00,224395
23-Mar-15,757.00,765.14,753.00,762.00,168507
20-Mar-15,757.50,766.50,749.50,760.50,252351
19-Mar-15,777.00,777.00,759.00,759.00,158254
18-Mar-15,765.50,765.50,747.50,757.50,211266
17-Mar-15,750.50,756.00,740.50,751.00,158185
16-Mar-15,740.50,761.30,740.00,748.00,177523
13-Mar-15,765.50,769.60,754.50,759.00,86563
12-Mar-15,761.00,771.00,733.00,764.50,286081
11-Mar-15,754.50,765.50,746.50,759.50,151237
10-Mar-15,765.00,769.25,747.00,748.00,147691
9-Mar-15,782.00,782.00,766.50,771.50,86964
6-Mar-15,784.50,797.58,781.00,781.00,111702
5-Mar-15,771.00,791.50,762.50,786.00,232114
4-Mar-15,756.00,761.00,749.50,760.00,122181
3-Mar-15,760.50,764.00,755.00,757.00,144175
2-Mar-15,767.50,778.00,758.00,760.50,181398
27-Feb-15,761.00,774.00,754.00,773.50,202950
26-Feb-15,752.00,774.20,747.30,762.50,284403
25-Feb-15,764.50,770.50,760.50,765.00,201694
24-Feb-15,775.50,780.50,769.50,771.00,140604
23-Feb-15,781.00,781.00,772.00,775.50,139953
20-Feb-15,774.00,780.00,770.00,775.00,110564
19-Feb-15,772.00,781.00,760.50,767.00,169434
18-Feb-15,752.50,769.00,752.00,766.00,175972
17-Feb-15,746.50,758.50,738.50,744.50,169862
16-Feb-15,749.00,754.00,745.50,752.50,78299
13-Feb-15,746.50,757.50,742.50,744.50,173947
12-Feb-15,724.00,755.50,724.00,753.50,247380
11-Feb-15,715.50,730.50,714.00,730.50,275196
10-Feb-15,708.50,722.50,708.50,720.00,167248
9-Feb-15,715.00,725.85,703.50,718.00,196596
6-Feb-15,723.50,726.00,709.50,711.50,174057
5-Feb-15,706.50,720.50,700.00,720.50,139620
4-Feb-15,701.50,710.50,698.00,705.00,236901
3-Feb-15,690.50,709.50,690.50,705.00,147833
2-Feb-15,685.50,689.50,677.00,689.50,128144
30-Jan-15,679.00,684.52,670.50,680.00,149514
29-Jan-15,666.00,678.50,665.40,672.00,175458
28-Jan-15,668.50,677.50,664.50,673.00,107863
27-Jan-15,681.00,682.50,663.50,666.50,194250
26-Jan-15,672.50,678.00,667.50,675.50,126271
23-Jan-15,670.50,676.00,664.00,672.00,217124
22-Jan-15,654.50,670.50,651.50,663.00,181644
21-Jan-15,650.00,650.50,640.90,647.00,146789
20-Jan-15,651.50,651.50,641.00,643.00,193048
19-Jan-15,651.50,651.50,640.26,643.00,142022
16-Jan-15,659.50,659.50,642.50,644.00,225077
15-Jan-15,633.00,658.50,633.00,655.00,281894
14-Jan-15,650.00,654.50,639.00,649.00,344853
13-Jan-15,656.00,656.00,644.00,647.00,313775
12-Jan-15,641.00,658.78,626.00,630.00,240416
9-Jan-15,645.50,656.50,639.66,645.00,236150
8-Jan-15,673.00,674.13,645.00,656.50,238766
7-Jan-15,652.00,665.50,647.50,660.00,212665
6-Jan-15,664.00,667.38,644.50,655.50,187662
5-Jan-15,653.50,665.00,653.00,661.00,153529
31-Dec-14,645.50,656.24,639.50,647.50,21706
30-Dec-14,653.50,656.50,642.50,649.50,61963
29-Dec-14,658.50,662.50,648.00,649.50,103785
24-Dec-14,661.00,663.00,649.00,662.00,29899
23-Dec-14,637.00,651.50,637.00,649.50,102304
22-Dec-14,643.00,649.00,634.80,640.00,99027
19-Dec-14,612.00,645.50,602.50,641.50,298588
18-Dec-14,610.00,610.00,596.50,599.78,215712
17-Dec-14,600.50,601.00,587.50,597.00,181132
16-Dec-14,598.50,600.50,584.00,599.00,246462
15-Dec-14,598.50,609.50,596.50,599.00,230920
12-Dec-14,637.50,637.50,599.29,600.00,199447
11-Dec-14,629.50,631.18,618.00,622.50,117838
10-Dec-14,634.50,638.50,623.50,624.00,118371
9-Dec-14,635.00,638.00,625.50,626.50,173297
8-Dec-14,645.00,645.00,638.65,641.00,135009
5-Dec-14,625.50,643.00,619.50,640.50,108489
4-Dec-14,609.50,619.50,604.00,617.00,187787
3-Dec-14,616.50,619.50,601.50,605.00,210097
2-Dec-14,612.00,621.50,611.50,615.50,196551
1-Dec-14,636.50,639.48,610.50,614.00,200335
28-Nov-14,648.00,648.00,633.20,642.00,274435
27-Nov-14,636.50,649.00,633.00,642.00,145382
26-Nov-14,629.00,636.50,622.91,630.50,163359
25-Nov-14,610.50,630.50,604.00,630.00,226261
24-Nov-14,608.50,608.50,600.79,605.50,140300
21-Nov-14,597.00,609.50,597.00,604.00,125894
20-Nov-14,603.00,605.00,590.00,602.00,87891
19-Nov-14,612.00,612.00,598.00,601.50,94420
18-Nov-14,622.50,622.50,608.58,609.50,185391
17-Nov-14,610.00,620.00,610.00,614.59,138134
14-Nov-14,630.50,634.30,613.50,615.00,156035
13-Nov-14,625.50,637.50,623.00,633.00,130195
12-Nov-14,626.50,626.50,610.50,617.50,103847
11-Nov-14,621.50,631.50,616.00,621.00,75914
10-Nov-14,625.00,629.00,617.50,625.50,86493
7-Nov-14,626.00,634.50,615.50,619.00,124867
6-Nov-14,602.00,620.50,601.28,617.50,143990
5-Nov-14,608.00,613.00,602.50,608.00,167834
4-Nov-14,615.50,619.78,603.50,605.50,179936
3-Nov-14,626.50,626.52,611.50,616.00,152235
31-Oct-14,619.50,634.50,614.00,624.00,224061
30-Oct-14,612.00,614.50,602.50,612.00,150613
29-Oct-14,602.00,610.50,599.96,604.50,125739
28-Oct-14,597.00,603.00,591.00,601.50,141193
27-Oct-14,607.50,610.50,587.00,588.50,176222
24-Oct-14,605.00,615.50,599.00,604.50,154276
23-Oct-14,620.00,620.00,603.50,612.50,226775
22-Oct-14,618.00,626.50,611.00,621.00,244594
21-Oct-14,595.50,616.00,588.50,614.00,263091
20-Oct-14,600.50,607.00,590.00,596.00,186607
17-Oct-14,581.00,605.50,575.50,603.00,558295
16-Oct-14,570.00,580.50,542.50,576.00,548213
15-Oct-14,575.50,586.50,564.50,566.00,335833
14-Oct-14,553.00,575.50,548.00,574.00,385987
13-Oct-14,569.50,573.71,551.50,557.50,406650
10-Oct-14,596.00,625.05,559.50,565.50,784017
9-Oct-14,633.00,633.00,592.50,602.50,280604
8-Oct-14,620.50,628.00,613.50,617.00,302604
7-Oct-14,630.00,631.24,617.00,625.34,225027
6-Oct-14,639.00,645.50,628.00,630.00,100787
3-Oct-14,637.50,646.50,631.69,638.50,133074
2-Oct-14,649.50,654.50,628.50,635.00,289499
1-Oct-14,656.00,663.00,643.00,647.00,295125
30-Sep-14,670.00,676.00,665.50,668.50,199018
29-Sep-14,657.00,671.50,655.00,670.00,142708
26-Sep-14,667.50,688.25,656.50,660.50,85749
25-Sep-14,681.00,687.00,667.50,672.00,119280
24-Sep-14,678.50,688.00,672.50,685.00,148882
23-Sep-14,694.50,725.50,675.00,677.70,183190
22-Sep-14,695.00,701.66,691.00,698.50,141934
19-Sep-14,702.00,707.50,687.06,699.72,298273
18-Sep-14,678.00,695.50,677.00,693.50,129634
17-Sep-14,686.00,686.00,678.00,679.88,107048
16-Sep-14,689.50,693.50,678.50,681.50,103433
15-Sep-14,690.50,704.00,689.00,691.50,81277
12-Sep-14,690.00,701.50,690.00,697.42,126329
11-Sep-14,700.50,706.00,686.50,692.40,137650
10-Sep-14,703.00,714.50,693.00,697.37,235116
9-Sep-14,690.00,700.50,682.50,696.22,129253
8-Sep-14,705.00,708.00,682.50,690.30,120062
5-Sep-14,716.50,716.50,698.50,703.92,52866
4-Sep-14,708.00,710.00,700.00,704.50,88122
3-Sep-14,707.00,714.50,704.00,708.67,91534
2-Sep-14,709.50,712.00,693.00,706.00,78762
1-Sep-14,699.50,717.91,695.00,708.50,75287
29-Aug-14,714.00,715.00,693.50,695.00,94419
28-Aug-14,721.00,724.50,714.00,714.50,119336
27-Aug-14,723.50,729.80,717.50,718.50,142000
26-Aug-14,725.00,726.50,714.08,726.00,67170
22-Aug-14,713.50,721.00,712.00,720.00,99593
21-Aug-14,712.50,721.00,707.75,718.00,68091
20-Aug-14,715.50,720.50,713.00,717.50,145200
19-Aug-14,708.00,719.00,705.50,718.50,71334
18-Aug-14,703.00,706.95,698.00,705.00,79050
15-Aug-14,693.00,712.00,692.00,705.37,133728
14-Aug-14,688.00,700.00,682.00,697.50,134565
13-Aug-14,685.50,699.50,685.50,694.00,93061
12-Aug-14,688.50,698.00,682.34,687.50,114407
11-Aug-14,675.00,692.00,674.00,689.50,102266
8-Aug-14,662.00,678.50,662.00,672.50,101910
7-Aug-14,663.00,679.00,660.50,673.00,110051
6-Aug-14,661.00,667.50,653.00,666.50,165547
5-Aug-14,670.00,674.00,656.00,659.50,180129
4-Aug-14,689.50,689.50,662.50,669.50,165522
1-Aug-14,686.50,693.50,672.00,687.50,181624
31-Jul-14,702.00,721.50,688.00,696.00,320891
30-Jul-14,698.00,705.00,683.00,693.00,326077
29-Jul-14,684.00,699.00,684.00,693.00,194640
28-Jul-14,697.50,699.60,681.00,684.00,124121
25-Jul-14,702.50,721.50,691.50,693.50,238516
24-Jul-14,674.00,686.50,671.50,684.50,117180
23-Jul-14,666.00,676.00,662.00,671.50,227135
22-Jul-14,679.00,682.20,662.00,666.00,190818
21-Jul-14,680.00,680.00,665.50,676.00,97346
18-Jul-14,677.50,683.00,672.50,680.50,167283
17-Jul-14,666.00,686.00,666.00,682.00,96655
16-Jul-14,665.50,676.00,658.50,670.50,308488
15-Jul-14,676.50,690.40,663.50,664.95,97385
14-Jul-14,684.00,687.50,674.00,678.00,81838
11-Jul-14,672.00,680.00,666.50,677.00,140179
10-Jul-14,679.00,681.00,664.00,674.50,124960
9-Jul-14,693.50,694.85,664.00,672.50,179648
8-Jul-14,716.50,725.00,694.50,694.50,171501
7-Jul-14,714.50,719.50,714.00,716.50,75675
4-Jul-14,724.50,725.00,715.00,716.00,43649
3-Jul-14,711.00,742.60,707.50,718.50,131308
2-Jul-14,705.00,715.00,697.50,708.00,185904
1-Jul-14,686.50,706.50,684.10,702.50,156693
30-Jun-14,690.00,699.00,683.00,687.50,160005
27-Jun-14,696.50,698.50,679.50,687.50,89709
26-Jun-14,685.50,701.00,683.00,696.00,139766
25-Jun-14,691.00,692.50,679.50,686.50,142633
24-Jun-14,705.00,705.00,673.00,688.50,213873
23-Jun-14,696.50,703.00,695.32,702.00,86340
20-Jun-14,702.00,709.50,699.50,704.00,182182
19-Jun-14,719.00,728.50,698.50,701.00,160401
18-Jun-14,707.50,713.00,697.50,713.00,214581
17-Jun-14,709.00,720.00,699.00,702.00,143528
16-Jun-14,728.00,728.00,705.50,705.50,154183
13-Jun-14,740.50,742.00,723.00,723.50,145720
12-Jun-14,729.00,757.00,729.00,752.00,113758
11-Jun-14,753.50,753.50,734.00,735.00,146049
10-Jun-14,752.00,761.50,742.50,756.00,69338
9-Jun-14,762.00,762.00,752.50,754.50,31122
6-Jun-14,749.50,762.00,748.50,760.00,59676
5-Jun-14,746.00,754.50,743.00,751.50,71040
4-Jun-14,744.00,751.00,737.00,747.50,102963
3-Jun-14,749.50,753.50,737.00,744.00,122323
2-Jun-14,742.50,760.00,742.50,745.00,89088
30-May-14,742.00,755.00,733.50,746.00,247251
29-May-14,735.00,742.50,732.00,736.50,156981
28-May-14,721.50,734.00,721.00,730.00,115393
27-May-14,712.00,728.50,712.00,721.00,118835
23-May-14,708.50,717.00,707.50,712.50,99709
22-May-14,710.50,725.30,708.00,708.00,140839
21-May-14,694.50,709.00,690.00,709.00,87696
20-May-14,697.50,709.50,692.50,692.50,128366
19-May-14,696.50,707.39,692.00,696.00,124849
16-May-14,728.00,731.50,693.50,705.00,288721
15-May-14,753.00,753.00,728.00,740.00,365348
14-May-14,751.00,757.08,733.50,741.00,143650
13-May-14,743.00,750.50,742.50,743.00,59657
12-May-14,736.50,744.50,735.00,742.50,102969
9-May-14,730.50,740.00,725.50,739.00,147400
8-May-14,740.50,746.50,728.00,736.00,105617
7-May-14,746.00,746.50,729.00,732.50,162202
6-May-14,748.00,754.20,743.00,746.00,215391
2-May-14,730.50,745.50,730.50,744.50,148075
1-May-14,749.00,749.00,726.00,735.00,94541
30-Apr-14,733.50,739.50,725.50,730.50,278973
29-Apr-14,740.00,754.50,731.00,736.00,188076
28-Apr-14,772.50,772.50,747.00,749.50,92131
25-Apr-14,765.00,772.00,759.50,763.50,102845
24-Apr-14,787.00,794.00,770.95,779.00,129408
23-Apr-14,796.00,796.00,777.00,784.50,111190
22-Apr-14,783.50,796.00,783.00,791.00,68458
17-Apr-14,782.00,790.00,778.50,783.50,77656
16-Apr-14,766.00,780.50,760.92,774.50,127719
15-Apr-14,772.50,772.50,754.00,757.50,213816
14-Apr-14,780.00,780.00,761.00,770.00,198555
11-Apr-14,781.00,781.00,762.00,771.00,107271
10-Apr-14,785.50,795.00,775.50,779.50,135422
9-Apr-14,781.00,800.00,773.00,779.50,118498
8-Apr-14,822.50,832.00,789.50,794.00,145142
7-Apr-14,824.00,824.00,808.00,820.00,119926
4-Apr-14,810.50,828.00,810.50,821.43,116388
3-Apr-14,824.50,829.50,813.00,815.50,67741
2-Apr-14,820.50,829.50,814.50,828.50,136938
1-Apr-14,806.00,816.00,805.00,811.51,176330
31-Mar-14,819.00,823.00,806.50,807.00,188185
28-Mar-14,792.00,814.00,785.50,813.50,187524
27-Mar-14,787.50,796.01,781.50,795.00,133993
26-Mar-14,787.50,791.70,782.00,786.50,134729
25-Mar-14,767.50,776.00,752.05,776.00,97493
24-Mar-14,778.00,787.50,760.00,762.50,203422
21-Mar-14,769.00,781.00,766.16,778.50,271589
20-Mar-14,786.50,786.50,766.91,770.00,187172
19-Mar-14,773.50,788.00,757.50,787.00,160172
18-Mar-14,784.50,793.50,772.50,780.00,89748
17-Mar-14,783.00,790.50,776.00,777.02,121929
14-Mar-14,771.50,778.00,760.00,771.00,207816
13-Mar-14,764.00,783.50,763.00,771.50,228888
12-Mar-14,773.00,773.00,760.50,764.00,142143
11-Mar-14,784.50,789.50,769.50,772.50,166679
10-Mar-14,787.50,798.00,774.00,776.00,141346
7-Mar-14,793.50,801.50,781.00,784.00,284333
6-Mar-14,801.50,801.50,788.00,791.50,156977
5-Mar-14,777.50,798.50,777.50,793.50,194739
4-Mar-14,767.50,795.50,767.50,785.36,206995
3-Mar-14,747.00,766.00,741.50,761.20,302055
28-Feb-14,740.00,759.00,736.50,756.00,199884
27-Feb-14,705.00,761.00,705.00,741.00,290447
26-Feb-14,687.50,696.00,683.50,696.00,184808
25-Feb-14,685.00,689.50,683.00,687.50,197731
24-Feb-14,689.00,698.00,684.50,689.56,162639
21-Feb-14,721.50,726.50,698.00,701.16,166463
20-Feb-14,692.50,705.50,686.50,705.00,108212
19-Feb-14,685.00,697.50,684.50,695.50,78898
18-Feb-14,694.00,697.00,684.00,691.50,116726
17-Feb-14,691.50,702.00,688.50,694.00,133049
14-Feb-14,679.00,695.50,677.50,694.00,69653
13-Feb-14,678.00,687.00,673.00,680.50,162785
12-Feb-14,686.00,688.50,676.50,686.00,255927
11-Feb-14,681.50,690.00,681.50,687.50,85535
10-Feb-14,683.00,687.00,681.00,681.50,73187
7-Feb-14,689.00,689.50,681.00,683.00,114717
6-Feb-14,667.50,678.00,663.50,676.50,184848
5-Feb-14,645.50,663.00,645.50,659.50,159143
4-Feb-14,639.50,656.50,639.50,650.50,137229
3-Feb-14,640.50,657.50,640.50,648.50,153462
31-Jan-14,661.50,661.50,641.50,649.00,149755
30-Jan-14,655.50,660.50,645.50,657.00,134024
29-Jan-14,657.50,664.00,646.50,653.00,146351
28-Jan-14,656.00,656.50,647.50,653.00,157396
27-Jan-14,650.00,656.00,643.50,649.00,129237
24-Jan-14,666.50,666.50,646.50,658.50,127615
23-Jan-14,671.00,680.50,662.00,665.50,120280
22-Jan-14,688.50,690.50,666.50,674.00,212784
21-Jan-14,706.00,711.50,683.00,685.00,133036
20-Jan-14,730.50,730.50,708.50,710.00,64505
17-Jan-14,702.50,711.00,702.50,709.00,97847
16-Jan-14,707.50,709.00,701.00,706.50,154085
15-Jan-14,713.50,719.00,710.00,710.00,172784
14-Jan-14,705.50,715.00,700.00,712.00,187772
13-Jan-14,711.00,715.50,708.00,712.75,159663
10-Jan-14,699.00,711.50,699.00,709.00,160543
9-Jan-14,705.50,714.00,695.50,700.00,186888
8-Jan-14,690.50,706.00,690.50,703.00,146915
7-Jan-14,686.50,712.00,683.50,708.00,301911
6-Jan-14,693.50,693.50,683.00,688.50,176708
3-Jan-14,670.00,682.00,662.50,679.00,173412
2-Jan-14,683.00,683.00,656.50,669.00,167524
31-Dec-13,680.50,680.50,664.00,670.00,24289
30-Dec-13,653.50,670.00,653.50,662.00,50897
27-Dec-13,651.50,665.50,651.50,661.50,90728
24-Dec-13,661.50,661.50,641.50,649.00,37370
23-Dec-13,639.00,646.50,639.00,643.00,89161
20-Dec-13,631.50,643.00,631.50,639.00,188796
19-Dec-13,627.50,641.00,627.50,635.00,230029
18-Dec-13,629.00,632.00,625.50,626.50,122762
17-Dec-13,630.50,631.50,623.00,628.50,158394
16-Dec-13,621.50,634.50,615.00,634.50,138042
13-Dec-13,607.00,612.00,604.50,610.00,76432
12-Dec-13,616.00,616.00,595.50,609.00,92646
11-Dec-13,619.50,622.50,610.00,616.00,129894
10-Dec-13,627.50,628.50,611.50,618.00,301444
9-Dec-13,621.00,630.00,620.00,630.00,386521
6-Dec-13,601.50,621.00,595.50,620.00,132258
5-Dec-13,598.50,614.50,598.00,601.50,143223
4-Dec-13,602.00,604.00,595.00,596.00,177106
3-Dec-13,614.50,616.00,601.00,601.50,203750
2-Dec-13,600.00,605.00,596.50,605.00,86092
29-Nov-13,607.50,609.00,601.50,601.50,94372
28-Nov-13,610.00,612.00,606.50,609.00,85803
27-Nov-13,617.00,621.50,604.50,606.50,80136
26-Nov-13,609.50,621.00,608.50,615.00,189715
25-Nov-13,614.00,616.50,608.00,612.00,104776
22-Nov-13,616.00,622.00,609.50,609.50,98956
21-Nov-13,604.50,624.50,600.00,620.00,174013
20-Nov-13,620.00,620.00,597.50,602.00,359149
19-Nov-13,655.00,655.00,616.00,624.71,307363
18-Nov-13,642.00,649.00,634.00,648.00,94176
15-Nov-13,634.00,654.00,634.00,644.00,81641
14-Nov-13,646.50,662.00,646.50,650.50,97517
13-Nov-13,656.50,658.00,635.50,647.00,183440
12-Nov-13,663.50,668.00,659.00,659.50,87512
11-Nov-13,670.50,673.00,666.00,667.00,75859
8-Nov-13,664.00,668.50,658.50,664.00,166321
7-Nov-13,660.00,672.00,654.00,669.50,241397
6-Nov-13,655.50,657.50,651.00,654.00,102183
5-Nov-13,664.50,664.50,650.00,656.00,95169
4-Nov-13,655.50,663.00,654.00,655.50,105748
1-Nov-13,667.50,667.50,654.00,656.50,88646
31-Oct-13,658.00,667.00,657.00,658.00,138801
30-Oct-13,657.50,669.50,655.50,662.00,72447
29-Oct-13,650.50,658.50,650.50,657.00,141943
28-Oct-13,661.50,664.50,654.50,655.00,65426
25-Oct-13,667.50,669.50,661.50,663.00,98036
24-Oct-13,663.50,675.50,663.50,668.50,175063
23-Oct-13,667.00,-,664.00,667.00,189051
22-Oct-13,670.00,670.00,666.50,668.00,99676
21-Oct-13,667.00,672.00,666.00,669.00,112167
18-Oct-13,659.00,668.00,657.00,667.00,101842
17-Oct-13,660.50,662.00,652.50,656.00,155032
16-Oct-13,651.50,663.50,648.50,660.50,72536
15-Oct-13,655.00,656.00,646.50,653.50,108761
14-Oct-13,647.50,653.00,647.50,650.50,64414
11-Oct-13,658.00,659.00,649.00,653.00,151391
10-Oct-13,651.00,659.50,648.00,659.50,100855
9-Oct-13,636.00,649.50,635.00,647.50,235286
8-Oct-13,640.50,646.00,639.00,642.00,153584
7-Oct-13,644.00,649.00,635.50,642.00,207673
4-Oct-13,645.00,650.00,643.00,645.50,195708
3-Oct-13,644.00,657.00,644.00,645.50,134345
2-Oct-13,669.00,669.00,647.00,647.00,117670
1-Oct-13,649.50,658.50,649.50,650.00,340272
30-Sep-13,657.50,658.00,650.00,650.00,272185
27-Sep-13,667.00,667.00,655.00,658.50,169464
26-Sep-13,665.50,667.00,660.00,660.00,213709
25-Sep-13,663.00,668.50,663.00,664.00,197252
24-Sep-13,662.00,670.00,659.50,665.50,139954
20-Sep-13,671.00,673.50,662.00,668.00,245656
19-Sep-13,673.50,679.00,668.50,670.00,161509
18-Sep-13,671.00,671.50,666.50,667.50,91940
17-Sep-13,685.00,685.00,669.00,669.00,191966
16-Sep-13,687.00,691.00,682.00,685.00,151618
13-Sep-13,660.00,680.50,660.00,680.50,93366
12-Sep-13,676.50,679.00,660.50,662.00,125316
11-Sep-13,669.50,677.50,663.50,665.00,208412
10-Sep-13,667.00,671.50,662.50,670.50,167363
9-Sep-13,663.00,664.00,656.50,661.00,92891
6-Sep-13,667.00,667.00,650.00,662.50,106346
5-Sep-13,639.50,653.50,639.50,653.50,256534
4-Sep-13,628.00,637.00,626.50,635.00,133728
3-Sep-13,638.00,640.00,623.00,635.00,201270
2-Sep-13,627.00,640.00,627.00,638.50,325601
30-Aug-13,636.00,636.00,627.00,628.00,164491
29-Aug-13,625.00,630.50,620.00,624.15,207343
28-Aug-13,627.00,631.00,621.50,625.00,244849
27-Aug-13,642.50,642.50,625.00,628.50,186020
23-Aug-13,641.00,645.00,638.00,640.00,152772
22-Aug-13,631.50,640.00,631.50,640.00,208691
21-Aug-13,632.50,639.00,629.50,633.50,130510
20-Aug-13,629.50,629.50,616.50,627.50,136217
19-Aug-13,635.50,644.50,628.00,634.00,190261
16-Aug-13,620.00,632.50,614.00,631.50,197721
15-Aug-13,638.50,640.00,616.50,618.00,189454
14-Aug-13,633.00,644.00,633.00,638.00,124110
13-Aug-13,646.00,648.50,636.00,637.50,148366
12-Aug-13,647.00,647.50,635.50,643.00,110033
9-Aug-13,645.00,647.50,635.50,644.00,133609
8-Aug-13,634.00,638.00,629.00,635.50,160041
7-Aug-13,631.50,635.50,626.00,628.00,145684
6-Aug-13,650.50,655.00,636.50,636.50,218994
5-Aug-13,637.00,640.00,634.00,640.00,160716
2-Aug-13,633.50,639.50,628.00,633.00,154401
1-Aug-13,625.00,633.50,624.00,631.00,169770
31-Jul-13,612.50,623.00,611.00,619.50,182555
30-Jul-13,608.50,616.00,607.50,614.00,138017
29-Jul-13,616.00,619.00,597.50,600.00,276692
26-Jul-13,587.00,623.00,587.00,613.00,271266
25-Jul-13,608.00,608.00,574.00,586.58,316774
24-Jul-13,586.50,588.00,577.50,581.00,167447
23-Jul-13,578.50,601.50,577.50,584.00,198664
22-Jul-13,579.00,580.50,569.50,578.50,156868
19-Jul-13,560.50,579.50,560.50,577.00,105393
18-Jul-13,573.00,579.50,568.50,575.00,313933
17-Jul-13,574.00,576.50,563.50,573.00,187767
16-Jul-13,571.00,575.00,566.50,572.00,217865
15-Jul-13,570.00,579.00,568.00,569.50,85701
12-Jul-13,573.50,581.00,567.50,569.50,167402
11-Jul-13,561.50,576.00,561.50,575.50,161935
10-Jul-13,565.50,568.50,552.04,567.50,139421
9-Jul-13,557.50,569.00,557.50,561.80,185859
8-Jul-13,533.00,556.00,533.00,552.00,181624
5-Jul-13,551.50,556.00,536.00,536.00,109081
4-Jul-13,533.50,549.50,533.50,549.50,120917
3-Jul-13,528.50,530.50,522.50,530.50,57709
2-Jul-13,536.00,539.00,531.00,536.00,212350
1-Jul-13,528.00,539.00,517.50,539.00,156005
28-Jun-13,521.00,535.00,520.00,524.00,238420
27-Jun-13,515.50,527.50,502.50,525.50,224510
26-Jun-13,508.50,516.50,508.50,514.50,234420
25-Jun-13,504.50,514.50,501.00,514.50,179723
24-Jun-13,504.00,506.00,496.00,497.00,519784
21-Jun-13,503.00,507.00,499.70,504.00,380732
20-Jun-13,510.50,518.50,496.00,498.70,199125
19-Jun-13,516.00,520.50,514.00,520.00,194928
18-Jun-13,515.00,519.50,513.00,516.50,146505
17-Jun-13,514.50,518.44,509.50,516.00,165696
14-Jun-13,508.50,516.50,508.50,514.00,192988
13-Jun-13,520.00,520.00,496.40,507.50,299462
12-Jun-13,535.00,535.00,523.50,526.50,267362
11-Jun-13,536.00,538.50,528.00,531.50,506710
10-Jun-13,545.00,548.00,538.50,541.50,123535
7-Jun-13,535.50,546.50,535.00,544.00,186031
6-Jun-13,533.00,539.00,529.00,535.00,302456
5-Jun-13,543.50,550.00,536.50,538.00,117619
4-Jun-13,547.50,555.50,547.00,549.50,169563
3-Jun-13,548.50,557.50,545.00,548.00,187534
31-May-13,554.50,554.50,543.50,550.00,285822
30-May-13,548.00,559.00,546.10,556.50,159849
29-May-13,550.00,554.03,545.50,547.50,421662
28-May-13,557.00,566.00,557.00,563.00,63002
24-May-13,554.00,558.00,551.00,553.50,277614
23-May-13,571.00,571.00,542.50,554.50,303984
22-May-13,553.50,562.00,550.50,560.50,239130
21-May-13,549.50,559.00,546.50,555.00,126597
20-May-13,552.00,555.00,544.50,550.50,61940
17-May-13,548.00,554.00,546.09,549.50,118328
16-May-13,540.50,555.00,540.50,547.00,222149
15-May-13,533.50,547.00,533.50,545.00,328113
14-May-13,539.00,542.00,534.00,535.83,174764
13-May-13,541.00,543.50,531.00,537.50,167999
10-May-13,541.50,544.00,534.00,535.50,212299
9-May-13,530.00,537.50,521.00,537.50,207631
8-May-13,514.00,526.00,514.00,524.50,201468
7-May-13,512.50,520.64,509.50,515.50,165704
3-May-13,501.50,515.50,499.20,515.50,357694
2-May-13,514.00,517.00,498.30,502.00,249781
1-May-13,513.00,520.50,512.50,520.50,89479
30-Apr-13,513.50,523.00,513.50,517.50,222506
29-Apr-13,518.00,519.00,510.00,512.50,268213
26-Apr-13,504.50,514.50,500.00,513.50,237830
25-Apr-13,500.00,511.50,499.70,506.50,283667
24-Apr-13,490.00,504.00,478.70,497.00,499331
23-Apr-13,468.90,484.60,465.20,482.40,216436
22-Apr-13,473.90,483.81,463.20,464.50,236634
19-Apr-13,485.00,485.00,460.20,474.10,277802
18-Apr-13,484.40,494.50,473.80,483.10,267429
17-Apr-13,491.10,498.90,478.80,481.40,234616
16-Apr-13,501.00,506.50,487.96,493.40,290308
15-Apr-13,513.50,513.50,499.50,503.00,172781
12-Apr-13,523.50,536.00,512.50,514.00,338423
11-Apr-13,518.50,524.00,512.00,516.00,261117
10-Apr-13,498.80,512.00,498.80,509.50,188423
9-Apr-13,502.00,512.50,496.44,511.00,246564
8-Apr-13,494.00,509.50,494.00,501.00,342639
5-Apr-13,524.50,532.00,499.60,504.00,411189
4-Apr-13,539.00,546.00,534.45,541.31,238587
3-Apr-13,537.00,547.00,537.00,544.38,268180
2-Apr-13,535.50,549.50,533.32,538.50,130322
28-Mar-13,538.50,542.00,534.00,534.98,172028
27-Mar-13,541.00,541.48,530.52,536.50,135569
26-Mar-13,536.00,540.50,531.00,532.50,244387
25-Mar-13,537.00,547.50,534.00,534.64,207116
22-Mar-13,537.50,542.94,528.50,533.70,392220
21-Mar-13,546.50,552.28,538.00,540.00,311848
20-Mar-13,554.50,554.50,548.00,549.00,131896
19-Mar-13,547.50,554.00,539.35,549.69,179516
18-Mar-13,539.00,553.78,539.00,549.67,144753
15-Mar-13,552.00,561.50,544.30,551.50,404194
14-Mar-13,551.50,556.00,549.50,552.90,282036
13-Mar-13,554.00,555.25,549.50,550.50,162026
12-Mar-13,550.00,558.50,550.00,553.95,190848
11-Mar-13,551.00,556.65,547.50,552.56,183350
8-Mar-13,558.00,562.00,553.50,555.00,151238
7-Mar-13,552.00,558.50,549.00,556.50,225481
6-Mar-13,560.00,563.00,546.50,551.50,330714
5-Mar-13,545.50,554.50,541.00,549.50,188813
4-Mar-13,544.00,547.50,537.00,544.84,286222
1-Mar-13,546.00,547.50,539.00,546.00,271755
28-Feb-13,543.00,555.50,543.00,546.00,725148
27-Feb-13,520.00,556.50,512.04,543.00,670979
26-Feb-13,501.50,512.00,482.66,506.29,279779
25-Feb-13,522.50,527.50,512.00,513.00,170461
22-Feb-13,511.00,525.00,510.50,522.00,119949
21-Feb-13,512.50,513.00,505.00,510.91,167715
20-Feb-13,511.00,520.00,511.00,518.00,131082
19-Feb-13,506.50,516.00,506.50,513.32,192471
18-Feb-13,505.00,510.00,505.00,506.50,100896
15-Feb-13,504.00,510.00,500.43,507.00,169676
14-Feb-13,512.00,515.78,504.21,504.50,187306
13-Feb-13,507.50,514.00,503.05,513.00,236199
12-Feb-13,499.70,506.00,496.06,506.00,132495
11-Feb-13,497.80,499.40,492.40,498.90,158622
8-Feb-13,489.00,499.70,489.00,493.40,77635
7-Feb-13,490.22,492.50,488.00,488.00,284179
6-Feb-13,485.70,493.30,484.80,490.70,220113
5-Feb-13,470.80,485.50,470.80,482.90,139740
4-Feb-13,476.20,477.30,470.50,473.10,192651
1-Feb-13,460.00,475.60,460.00,474.10,117818
31-Jan-13,464.50,471.00,460.80,462.00,245818
30-Jan-13,466.60,466.60,458.90,463.80,182096
29-Jan-13,467.10,473.40,461.50,464.93,154295
28-Jan-13,467.50,473.20,464.80,465.91,190305
25-Jan-13,460.00,465.00,455.20,464.50,233115
24-Jan-13,451.00,461.75,447.48,459.30,236696
23-Jan-13,458.80,458.80,448.20,448.20,227079
22-Jan-13,455.40,458.80,454.50,457.00,126150
21-Jan-13,462.20,462.20,456.80,459.10,84766
18-Jan-13,453.70,461.80,453.70,460.00,125191
17-Jan-13,454.30,458.15,453.10,454.70,86071
16-Jan-13,445.40,455.30,440.00,454.90,188836
15-Jan-13,450.10,451.70,440.60,448.30,249956
14-Jan-13,462.40,462.87,451.68,455.00,140808
11-Jan-13,464.60,465.30,456.70,460.00,182614
10-Jan-13,462.50,468.90,460.30,464.00,345792
9-Jan-13,464.70,473.70,464.10,472.50,188367
8-Jan-13,467.30,471.80,463.10,464.20,160570
7-Jan-13,478.80,478.80,463.68,469.10,219281
4-Jan-13,492.20,492.20,475.18,480.00,329800
3-Jan-13,471.70,485.10,470.49,481.90,248596
2-Jan-13,459.20,475.90,459.20,472.50,274351
