31-Dec-15,355.00,356.35,352.61,354.00,6616006
30-Dec-15,358.00,358.00,353.90,355.15,16577461
29-Dec-15,357.15,362.85,356.85,360.75,21556254
24-Dec-15,363.90,366.30,362.95,365.95,6387136
23-Dec-15,348.10,360.85,347.95,360.40,26992564
22-Dec-15,342.00,345.30,338.40,344.95,23208214
21-Dec-15,339.50,345.00,335.20,335.20,25304229
18-Dec-15,338.05,345.30,336.35,339.30,41954358
16-Dec-15,340.00,346.65,339.40,340.20,31738362
15-Dec-15,330.50,340.25,330.50,337.70,35268340
14-Dec-15,338.45,340.00,328.80,329.30,36152440
11-Dec-15,349.50,351.25,337.10,338.00,30594824
10-Dec-15,351.80,354.70,348.55,350.95,28791058
9-Dec-15,348.75,356.85,343.90,350.45,33200553
8-Dec-15,344.80,352.75,340.00,347.80,36497711
7-Dec-15,356.25,358.20,346.60,347.60,29104493
4-Dec-15,369.10,375.25,356.80,359.70,35282308
3-Dec-15,380.60,382.30,368.37,368.55,34812493
2-Dec-15,382.75,386.20,380.35,382.00,31188716
1-Dec-15,386.35,387.48,382.25,384.55,19882816
30-Nov-15,384.80,389.00,383.20,385.25,38724520
27-Nov-15,387.45,388.35,385.10,386.55,18596100
26-Nov-15,386.10,390.90,385.30,389.60,19113981
25-Nov-15,386.70,389.35,382.15,386.10,24679629
24-Nov-15,380.70,387.00,377.80,385.90,29303678
23-Nov-15,375.00,385.85,372.70,380.75,28601854
20-Nov-15,384.70,385.65,379.65,381.30,31213559
19-Nov-15,384.10,389.95,381.95,385.15,28509634
18-Nov-15,375.00,384.90,373.11,382.50,27725847
17-Nov-15,377.95,380.20,374.50,378.55,31529183
16-Nov-15,362.35,373.10,362.35,368.65,25912540
13-Nov-15,365.95,369.80,360.35,364.50,24272386
12-Nov-15,376.40,379.15,367.10,367.25,30772486
11-Nov-15,383.80,384.55,376.95,377.90,21149141
10-Nov-15,385.15,386.85,381.05,382.50,23774941
9-Nov-15,386.20,392.30,382.60,382.60,23302083
6-Nov-15,389.20,395.05,384.80,386.50,29198419
5-Nov-15,393.10,395.90,387.25,390.45,28369766
4-Nov-15,402.90,411.50,401.70,402.05,42181009
3-Nov-15,389.70,403.25,386.55,403.25,38606956
2-Nov-15,386.40,389.20,380.85,388.25,18413340
30-Oct-15,393.05,393.95,383.60,386.40,28205534
29-Oct-15,390.85,392.90,382.20,391.70,30746635
28-Oct-15,382.65,393.15,377.45,391.00,32606441
27-Oct-15,390.00,392.87,376.75,380.00,38265369
26-Oct-15,386.75,389.25,382.50,384.40,21151748
23-Oct-15,391.90,395.05,385.90,388.10,24369067
22-Oct-15,381.00,390.45,380.55,388.55,33983765
21-Oct-15,378.65,385.40,375.20,380.95,31386671
20-Oct-15,376.80,378.20,370.95,376.55,21557138
19-Oct-15,383.65,387.00,375.55,377.25,16423186
16-Oct-15,383.00,389.85,382.10,384.00,23041405
15-Oct-15,381.45,386.35,379.60,379.65,26057646
14-Oct-15,379.30,383.55,375.30,377.65,25690261
13-Oct-15,383.10,384.90,376.25,382.75,26787103
12-Oct-15,390.75,393.30,383.55,384.80,22332897
9-Oct-15,393.00,397.30,390.35,391.60,31469504
8-Oct-15,384.75,389.70,380.40,388.95,28168045
7-Oct-15,377.50,393.85,376.90,387.00,55833929
6-Oct-15,370.60,379.00,362.30,378.10,35972057
5-Oct-15,359.85,369.15,356.05,368.00,41527497
2-Oct-15,342.70,353.00,341.80,351.45,39258794
1-Oct-15,339.05,349.85,339.05,342.25,39528776
30-Sep-15,329.95,334.00,328.00,334.00,34377914
29-Sep-15,319.90,330.00,319.90,326.20,28976536
28-Sep-15,333.60,335.20,322.98,323.05,20922840
25-Sep-15,329.15,334.80,328.28,333.30,30335204
24-Sep-15,327.30,327.35,321.70,322.90,29498797
23-Sep-15,326.50,334.10,325.90,329.45,27281847
22-Sep-15,334.65,334.65,321.85,325.20,39256635
21-Sep-15,331.00,336.40,330.10,333.55,26083324
18-Sep-15,343.85,347.36,329.55,333.45,69805339
17-Sep-15,345.40,346.78,342.90,345.70,37908293
16-Sep-15,339.60,347.15,337.25,345.85,30440696
15-Sep-15,333.65,339.95,328.45,338.70,32666382
14-Sep-15,335.90,339.50,329.75,332.00,23938698
11-Sep-15,337.15,339.45,333.05,333.50,24628984
10-Sep-15,339.80,342.05,333.05,335.30,40410477
9-Sep-15,345.30,347.55,341.95,342.50,27224087
8-Sep-15,339.10,346.60,338.10,340.20,41734455
7-Sep-15,339.80,345.70,335.54,336.00,19672443
4-Sep-15,350.00,350.80,334.89,337.90,41926800
3-Sep-15,351.00,358.75,252.55,355.85,39210094
2-Sep-15,349.00,353.00,341.99,345.30,39084305
1-Sep-15,358.45,363.75,347.30,349.40,49596822
28-Aug-15,355.00,360.80,348.85,360.50,42872157
27-Aug-15,337.70,354.14,333.70,351.20,49798698
26-Aug-15,330.95,339.90,327.45,331.20,61137453
25-Aug-15,335.70,338.80,332.65,335.35,84090118
24-Aug-15,345.15,362.85,326.25,336.80,65858373
21-Aug-15,363.80,369.18,357.20,357.20,33162761
20-Aug-15,365.10,374.85,362.55,369.60,35511178
19-Aug-15,373.50,373.50,366.40,367.50,28182564
18-Aug-15,378.30,379.80,373.05,373.75,20269131
17-Aug-15,380.00,381.00,374.15,378.15,20175371
14-Aug-15,380.20,382.45,377.10,379.25,27280319
13-Aug-15,389.30,391.75,382.25,383.15,29092685
12-Aug-15,378.00,384.80,376.20,383.60,38008015
11-Aug-15,385.55,390.10,380.46,380.50,27376193
10-Aug-15,386.40,387.70,379.50,385.50,26804566
7-Aug-15,384.40,391.01,383.80,385.60,36228598
6-Aug-15,386.00,386.00,380.15,383.20,31827236
5-Aug-15,390.00,397.35,388.95,395.05,26044731
4-Aug-15,389.95,392.70,385.75,390.40,25057006
3-Aug-15,392.70,395.40,387.20,391.45,21007258
31-Jul-15,402.90,402.90,392.40,395.45,30730853
30-Jul-15,399.00,405.85,397.60,401.00,32930589
29-Jul-15,396.05,399.10,391.65,398.60,38350926
28-Jul-15,385.00,396.78,383.00,392.65,40707312
27-Jul-15,393.60,396.40,384.15,387.30,27329708
24-Jul-15,401.70,402.60,394.10,394.70,30946362
23-Jul-15,405.40,407.05,400.10,401.00,32436907
22-Jul-15,412.80,413.35,406.59,406.60,25951631
21-Jul-15,417.10,417.15,412.35,414.00,24304066
20-Jul-15,418.00,420.65,415.55,416.60,16618489
17-Jul-15,422.35,422.43,415.45,416.95,21620751
16-Jul-15,428.00,428.00,421.10,422.00,25182677
15-Jul-15,429.35,432.47,425.85,427.10,21923936
14-Jul-15,427.35,430.95,424.15,429.15,23422734
13-Jul-15,433.25,433.25,425.00,428.80,19312843
10-Jul-15,431.20,432.15,423.25,427.00,27154371
9-Jul-15,426.15,428.95,421.90,426.05,24192594
8-Jul-15,420.05,426.25,419.20,423.20,26114553
7-Jul-15,427.75,429.85,416.80,418.55,36972240
6-Jul-15,429.65,434.65,428.30,429.50,25084509
3-Jul-15,439.00,445.05,432.55,434.40,27721211
2-Jul-15,420.70,441.45,419.35,437.40,59855404
1-Jul-15,425.00,425.80,417.99,419.15,27639105
30-Jun-15,427.60,427.60,420.15,420.15,29560312
29-Jun-15,428.80,434.05,427.15,427.55,26129894
26-Jun-15,442.40,443.05,437.05,437.55,16789511
25-Jun-15,443.25,447.50,440.15,442.30,19698843
24-Jun-15,438.85,444.65,436.55,442.10,19692452
23-Jun-15,439.60,440.75,436.20,438.95,15702225
22-Jun-15,436.05,439.65,434.55,439.40,18373127
19-Jun-15,432.60,436.55,429.65,431.35,39571875
18-Jun-15,435.10,435.10,430.68,434.45,16304706
17-Jun-15,433.50,440.35,432.00,435.00,23765845
16-Jun-15,435.50,446.64,429.30,432.40,27134236
15-Jun-15,436.00,439.05,430.94,435.05,18530322
12-Jun-15,443.75,445.90,436.40,437.60,19653349
11-Jun-15,443.65,449.20,442.54,446.80,21200330
10-Jun-15,440.00,444.01,439.75,443.55,27367451
9-Jun-15,443.50,444.00,438.15,441.35,18561217
8-Jun-15,444.20,445.97,437.70,441.90,17346785
5-Jun-15,438.50,446.00,435.40,443.35,26091767
4-Jun-15,447.65,447.65,439.85,440.15,24366882
3-Jun-15,450.00,453.55,447.20,449.55,23388056
2-Jun-15,450.00,456.02,442.25,449.95,23054188
1-Jun-15,452.25,454.30,446.60,447.40,20761395
29-May-15,453.00,456.90,449.64,450.75,30423809
28-May-15,453.05,454.95,449.40,453.30,17193167
27-May-15,452.00,457.15,450.40,454.40,21619813
26-May-15,457.75,458.50,449.25,451.70,26957797
22-May-15,458.90,461.65,456.75,457.75,21176304
21-May-15,450.90,458.60,450.60,458.00,27741102
20-May-15,451.20,456.60,445.55,452.10,23508798
19-May-15,454.50,457.60,448.09,452.35,23347373
18-May-15,450.65,456.40,449.20,452.30,25042801
15-May-15,456.20,467.31,449.98,452.40,22848564
14-May-15,454.35,466.34,451.10,456.80,17230279
13-May-15,456.00,461.40,453.80,456.00,22744768
12-May-15,454.15,458.65,451.20,456.05,31247965
11-May-15,460.55,466.90,457.35,457.70,24459681
8-May-15,461.45,464.25,458.10,461.30,31525694
7-May-15,466.45,467.35,454.40,457.10,38940039
6-May-15,473.60,476.35,469.00,473.30,30194199
5-May-15,475.70,481.85,471.05,474.95,39081014
1-May-15,469.50,469.95,466.35,468.60,17202526
30-Apr-15,470.10,472.85,466.10,470.10,36422277
29-Apr-15,473.45,475.95,465.20,468.15,33215221
28-Apr-15,480.00,485.85,471.05,476.10,49536262
27-Apr-15,477.35,478.90,471.20,476.90,29945398
24-Apr-15,484.15,487.50,477.10,478.40,27208691
23-Apr-15,481.35,485.35,480.25,484.15,23960544
22-Apr-15,480.45,484.20,475.00,479.75,27300123
21-Apr-15,482.45,487.40,479.66,480.00,37197296
20-Apr-15,479.75,484.55,479.12,482.60,27605591
17-Apr-15,474.40,480.00,473.50,479.35,45815700
16-Apr-15,479.10,479.60,470.85,473.45,33793108
15-Apr-15,470.50,479.17,469.50,478.13,32724545
14-Apr-15,468.00,472.35,466.80,470.95,28066549
13-Apr-15,470.20,472.45,465.10,471.00,22629895
10-Apr-15,465.95,473.10,462.49,472.25,27723883
9-Apr-15,457.90,463.70,450.35,463.70,30675739
8-Apr-15,468.30,476.35,456.70,457.30,68893283
7-Apr-15,450.00,457.30,446.25,454.85,33171415
2-Apr-15,443.70,445.02,438.00,442.85,18080639
1-Apr-15,437.80,445.15,437.25,442.10,23111934
31-Mar-15,447.45,448.10,418.74,436.70,33594853
30-Mar-15,446.35,448.10,443.12,446.10,26604725
27-Mar-15,445.65,447.45,438.25,443.60,28483234
26-Mar-15,449.00,458.95,444.30,446.10,35735098
25-Mar-15,442.50,449.80,440.07,448.35,22489954
24-Mar-15,447.15,449.90,444.15,444.15,21951173
23-Mar-15,449.05,450.40,431.78,447.90,25006379
20-Mar-15,442.00,451.00,436.95,451.00,61551855
19-Mar-15,438.00,441.90,434.40,440.90,34002512
18-Mar-15,425.15,436.10,423.40,436.10,36479584
17-Mar-15,419.40,426.50,404.05,425.90,29681964
16-Mar-15,421.60,421.95,413.75,417.60,24826218
13-Mar-15,426.20,427.60,415.99,418.25,27442045
12-Mar-15,426.45,434.21,424.75,425.85,27271538
11-Mar-15,430.85,433.86,423.30,425.15,26625102
10-Mar-15,444.90,445.50,428.10,428.10,34696781
9-Mar-15,445.15,448.35,432.25,445.70,24246925
6-Mar-15,451.00,499.25,441.96,447.00,28712107
5-Mar-15,452.25,454.30,445.13,452.60,23298270
4-Mar-15,453.00,453.25,446.69,451.05,35811509
3-Mar-15,448.15,450.75,446.25,448.85,28568197
2-Mar-15,447.70,449.50,442.80,446.65,23101134
27-Feb-15,447.10,449.80,445.40,448.05,27247121
26-Feb-15,449.20,452.70,446.00,448.00,22672558
25-Feb-15,447.35,462.98,445.55,449.40,16637687
24-Feb-15,444.90,448.50,442.25,448.35,24871429
23-Feb-15,450.00,450.00,440.85,444.60,21495025
20-Feb-15,446.00,449.25,442.15,446.70,28913852
19-Feb-15,448.10,448.10,440.20,445.70,28143735
18-Feb-15,456.20,456.75,447.45,451.30,25762435
17-Feb-15,449.00,458.15,447.50,452.00,28400795
16-Feb-15,454.20,457.35,449.90,451.90,20324639
13-Feb-15,444.75,456.33,444.00,454.20,34883965
12-Feb-15,439.30,448.85,439.16,444.30,46632832
11-Feb-15,448.00,448.75,440.40,445.80,24119579
10-Feb-15,455.80,456.85,442.70,446.35,38705059
9-Feb-15,449.35,458.75,447.15,457.10,31768046
6-Feb-15,451.25,454.90,446.75,450.60,30620181
5-Feb-15,441.25,452.50,434.85,450.10,31993132
4-Feb-15,450.00,450.70,437.60,445.35,36644358
3-Feb-15,459.45,463.10,444.20,449.85,61827424
2-Feb-15,430.45,437.70,426.35,437.70,44267980
30-Jan-15,425.85,431.05,420.05,424.45,45388585
29-Jan-15,424.60,426.20,418.05,424.85,40023091
28-Jan-15,443.05,443.05,428.69,432.95,36202858
27-Jan-15,439.00,445.68,430.35,445.68,35175998
26-Jan-15,428.00,439.40,417.53,439.00,33841572
23-Jan-15,432.70,434.00,423.00,432.40,28525223
22-Jan-15,431.55,435.95,425.25,428.40,37238154
21-Jan-15,413.80,426.00,404.10,426.00,41750891
20-Jan-15,410.50,418.40,408.25,412.20,32693844
19-Jan-15,413.70,414.80,407.25,408.90,23983367
16-Jan-15,392.25,414.86,385.38,413.35,55163823
15-Jan-15,391.60,396.30,376.70,392.60,48922118
14-Jan-15,391.10,391.80,379.30,382.15,43277257
13-Jan-15,392.40,398.18,384.81,396.30,28784324
12-Jan-15,399.20,399.99,390.55,398.66,30059680
9-Jan-15,404.90,408.00,395.80,398.65,28026377
8-Jan-15,400.30,406.15,395.75,404.68,34822445
7-Jan-15,393.05,400.00,386.20,393.75,39625242
6-Jan-15,391.00,399.20,382.70,391.05,35710061
5-Jan-15,408.00,409.54,387.80,389.70,44054219
31-Dec-14,409.95,411.90,406.25,411.00,7732012
30-Dec-14,414.50,415.83,408.00,409.30,20757075
29-Dec-14,418.90,419.95,414.25,418.00,12577106
24-Dec-14,419.35,422.40,415.05,416.85,5209908
23-Dec-14,415.45,417.95,413.40,415.85,24795235
22-Dec-14,420.00,427.09,410.55,413.65,26896377
19-Dec-14,407.60,416.90,402.00,413.00,75408797
18-Dec-14,405.00,407.05,396.95,402.55,49266711
17-Dec-14,380.30,397.70,377.75,397.55,58254917
16-Dec-14,372.20,383.95,364.40,383.95,66186398
15-Dec-14,384.90,392.81,373.00,373.25,52312413
12-Dec-14,396.10,399.55,385.61,385.65,42260153
11-Dec-14,400.40,407.25,398.05,398.80,43761162
10-Dec-14,408.00,408.65,398.15,399.60,38877446
9-Dec-14,414.00,414.40,242.10,405.95,44879986
8-Dec-14,423.35,425.00,415.62,417.30,26719831
5-Dec-14,428.75,429.94,422.50,424.50,25098545
4-Dec-14,437.45,438.53,424.70,426.90,31730198
3-Dec-14,437.75,439.80,429.75,435.18,28954569
2-Dec-14,419.70,437.45,419.70,433.85,44355376
1-Dec-14,414.00,421.10,408.85,418.50,36394663
28-Nov-14,422.95,422.95,408.80,420.20,53827306
27-Nov-14,437.15,437.40,424.60,426.20,31731635
26-Nov-14,441.40,442.56,436.25,437.90,18839116
25-Nov-14,445.70,445.70,440.30,442.50,26170312
24-Nov-14,450.00,452.45,445.25,449.67,20126190
21-Nov-14,443.30,450.80,442.76,448.20,28959284
20-Nov-14,441.10,443.07,436.85,441.35,20781273
19-Nov-14,438.00,440.15,433.50,440.15,19256419
18-Nov-14,434.00,439.89,433.80,437.60,21480244
17-Nov-14,431.05,434.20,429.30,432.45,16980559
14-Nov-14,428.95,434.55,418.75,431.80,24069593
13-Nov-14,435.15,436.35,428.20,429.95,27350269
12-Nov-14,434.55,437.10,430.95,433.90,21093933
11-Nov-14,439.60,439.60,432.80,433.75,21792360
10-Nov-14,438.90,442.65,436.90,439.60,22468406
7-Nov-14,437.40,443.90,435.17,441.30,27565068
6-Nov-14,434.10,441.60,433.45,435.90,27490635
5-Nov-14,432.25,441.10,428.26,440.15,27186422
4-Nov-14,440.00,440.20,429.80,430.40,28831875
3-Nov-14,447.65,449.95,442.35,443.70,19047487
31-Oct-14,449.90,452.36,444.35,447.71,32192443
30-Oct-14,447.30,447.98,436.15,438.28,27986960
29-Oct-14,438.15,448.02,434.90,445.30,27865108
28-Oct-14,436.00,438.75,429.60,437.00,19513259
27-Oct-14,438.25,439.60,428.15,430.25,16424876
24-Oct-14,435.80,437.30,431.90,432.85,19590118
23-Oct-14,431.45,440.64,426.70,438.95,26984149
22-Oct-14,433.55,436.15,431.15,434.25,26975832
21-Oct-14,420.40,434.14,419.65,433.65,25877844
20-Oct-14,428.80,430.05,419.65,421.90,23237211
17-Oct-14,422.60,431.54,419.50,428.50,41661779
16-Oct-14,419.80,423.30,405.35,420.00,48554001
15-Oct-14,427.10,428.95,416.70,416.70,31961807
14-Oct-14,429.00,430.07,423.25,426.65,25849014
13-Oct-14,427.90,434.45,425.55,431.95,22124925
10-Oct-14,433.90,434.50,428.05,428.15,31063022
9-Oct-14,442.70,445.17,434.60,435.15,22840848
8-Oct-14,442.40,444.20,438.63,440.15,20086863
7-Oct-14,444.95,445.50,440.45,442.16,19150156
6-Oct-14,445.45,448.45,442.35,446.10,20442355
3-Oct-14,446.95,447.70,441.70,445.00,21635516
2-Oct-14,452.40,452.90,439.85,440.10,29524885
1-Oct-14,454.85,455.45,449.55,452.75,21560313
30-Sep-14,457.00,458.51,450.55,453.45,27783793
29-Sep-14,454.20,456.65,444.03,456.35,21626493
26-Sep-14,450.80,453.50,440.72,451.70,32959021
25-Sep-14,462.85,463.75,450.15,451.80,44879121
24-Sep-14,466.05,468.00,455.15,464.95,25142477
23-Sep-14,470.00,471.30,464.85,466.05,16075089
22-Sep-14,473.05,475.21,468.55,469.95,17746551
19-Sep-14,475.10,478.40,473.30,473.30,40354761
18-Sep-14,470.75,475.90,469.96,471.30,16904654
17-Sep-14,472.60,478.33,469.80,471.05,20478239
16-Sep-14,469.10,473.00,465.60,472.35,20640912
15-Sep-14,467.00,468.30,462.50,468.30,19336324
12-Sep-14,472.60,494.90,458.67,470.15,23480782
11-Sep-14,476.35,478.37,462.06,472.20,28577096
10-Sep-14,467.45,473.95,466.90,471.50,31241186
9-Sep-14,467.80,482.00,462.70,466.85,25606504
8-Sep-14,468.25,468.97,458.25,468.70,30069885
5-Sep-14,457.00,467.25,450.30,466.80,54968112
4-Sep-14,484.70,488.80,453.80,455.00,82892275
3-Sep-14,478.05,485.60,476.50,484.92,28495273
2-Sep-14,484.50,486.14,475.80,477.30,25711824
1-Sep-14,481.95,483.00,480.00,482.70,14263331
29-Aug-14,481.90,483.95,477.45,481.65,25962266
28-Aug-14,483.10,485.20,480.80,482.35,20345855
27-Aug-14,485.25,486.93,483.60,485.40,13288198
26-Aug-14,487.75,487.75,482.75,485.75,19338045
22-Aug-14,483.40,485.20,480.00,485.10,12868117
21-Aug-14,483.10,485.05,481.50,483.85,13086861
20-Aug-14,483.95,485.50,475.03,481.00,16466285
19-Aug-14,477.25,481.60,475.65,477.38,18814495
18-Aug-14,472.85,476.89,472.85,474.00,17662246
15-Aug-14,473.50,475.50,469.35,470.95,23335890
14-Aug-14,470.75,474.74,469.05,472.00,15474389
13-Aug-14,469.65,472.30,466.89,466.89,15796870
12-Aug-14,470.45,471.90,466.70,468.90,16538388
11-Aug-14,469.85,472.70,467.36,469.00,22795620
8-Aug-14,466.35,468.80,463.67,464.05,25651169
7-Aug-14,474.00,476.65,468.45,469.10,25401646
6-Aug-14,475.00,478.10,473.05,473.70,24717187
5-Aug-14,487.75,490.15,482.30,482.30,17248342
4-Aug-14,482.50,487.40,480.15,484.55,19833888
1-Aug-14,483.90,485.95,476.65,482.95,24094953
31-Jul-14,485.00,487.90,482.75,484.00,29917017
30-Jul-14,482.00,486.33,479.50,481.75,27592774
29-Jul-14,499.55,501.30,483.28,484.25,31529406
28-Jul-14,499.45,499.45,494.00,496.85,12193824
25-Jul-14,501.90,503.00,498.35,499.10,12820418
24-Jul-14,500.00,504.00,498.70,503.80,12608847
23-Jul-14,496.90,501.70,495.05,500.80,12377889
22-Jul-14,495.25,499.00,494.00,498.50,15517228
21-Jul-14,492.45,496.15,491.85,492.05,13029450
18-Jul-14,495.75,497.31,492.44,493.70,21652949
17-Jul-14,504.90,525.80,495.90,496.10,30178409
16-Jul-14,501.50,507.70,500.80,506.60,13314629
15-Jul-14,502.40,505.70,499.85,500.30,13361584
14-Jul-14,503.40,507.16,501.20,503.40,12489472
11-Jul-14,504.90,505.86,501.93,503.80,10337228
10-Jul-14,507.90,508.90,502.50,503.70,12694521
9-Jul-14,509.60,509.90,503.50,508.00,12700721
8-Jul-14,514.30,514.80,509.90,510.70,14092180
7-Jul-14,519.00,519.40,512.13,513.70,10402169
4-Jul-14,516.50,521.35,516.10,519.20,5676282
3-Jul-14,520.70,521.66,515.60,516.90,12843329
2-Jul-14,515.80,520.00,514.60,519.80,13288597
1-Jul-14,516.50,518.50,513.70,515.30,11070637
30-Jun-14,516.30,519.30,513.12,514.85,16054648
27-Jun-14,516.00,519.80,514.60,514.60,10852017
26-Jun-14,516.80,518.00,511.70,515.50,12517127
25-Jun-14,519.10,520.50,515.94,516.90,18930617
24-Jun-14,521.00,526.80,520.60,523.90,18750680
23-Jun-14,517.40,521.30,515.00,520.00,13489698
20-Jun-14,515.70,520.60,513.80,518.60,31865511
19-Jun-14,515.90,519.04,515.25,515.70,17601822
18-Jun-14,508.00,514.55,504.90,514.35,28589727
17-Jun-14,507.40,508.00,503.70,506.10,12689789
16-Jun-14,507.50,510.50,505.60,505.60,16733291
13-Jun-14,509.10,513.96,505.20,508.50,23896349
12-Jun-14,505.20,509.00,503.80,508.30,13901130
11-Jun-14,508.90,509.20,503.54,506.00,11468675
10-Jun-14,504.40,507.20,502.63,507.20,10446907
9-Jun-14,504.10,506.40,502.80,505.60,7176584
6-Jun-14,499.40,505.00,498.15,505.00,13395743
5-Jun-14,498.75,502.10,494.30,499.68,12775198
4-Jun-14,502.40,502.60,496.60,497.83,18137829
3-Jun-14,503.50,505.30,501.50,503.17,10417801
2-Jun-14,504.50,506.50,503.30,504.87,16213771
30-May-14,503.90,506.60,501.00,502.97,33155354
29-May-14,505.80,509.40,504.70,505.60,11251534
28-May-14,503.70,507.95,502.60,506.07,16419618
27-May-14,508.90,508.90,503.50,504.17,15614856
23-May-14,507.60,507.92,504.70,506.97,9724251
22-May-14,511.10,511.10,501.00,508.25,15429916
21-May-14,505.10,509.30,505.10,509.27,14206058
20-May-14,504.80,506.90,501.00,506.30,18853389
19-May-14,508.40,510.26,505.83,509.07,18432382
16-May-14,504.90,508.10,502.98,507.10,22786071
15-May-14,504.40,505.30,500.04,503.00,20928378
14-May-14,500.30,504.20,499.20,503.50,17353223
13-May-14,502.00,502.00,497.35,500.20,14316092
12-May-14,501.30,504.43,498.90,501.30,14372385
9-May-14,501.60,502.70,499.00,500.90,11601509
8-May-14,501.60,506.78,499.75,501.00,19906775
7-May-14,495.75,504.20,494.00,501.40,25599655
6-May-14,503.90,504.59,499.65,501.00,15882084
2-May-14,498.65,503.80,497.75,501.70,17421303
1-May-14,503.90,505.50,496.10,498.05,9039283
30-Apr-14,496.75,506.10,495.50,499.20,29386425
29-Apr-14,491.00,502.65,491.00,502.65,31831086
28-Apr-14,490.85,492.25,483.95,488.35,28373645
25-Apr-14,490.00,496.00,489.18,493.52,23815860
24-Apr-14,487.50,489.65,486.00,489.35,18486996
23-Apr-14,486.70,487.25,482.35,485.85,17656929
22-Apr-14,483.25,488.20,482.29,486.65,13144981
17-Apr-14,480.20,483.00,477.50,482.05,15012926
16-Apr-14,476.50,479.90,476.00,478.55,13820725
15-Apr-14,474.85,478.15,472.80,473.55,21005196
14-Apr-14,471.55,474.55,467.10,474.55,29791297
11-Apr-14,480.90,482.65,475.10,475.45,18781689
10-Apr-14,484.55,486.29,481.00,484.00,12632537
9-Apr-14,478.20,483.15,477.87,482.95,14920705
8-Apr-14,482.90,485.15,476.90,477.20,23903150
7-Apr-14,486.00,489.46,482.80,484.85,13068211
4-Apr-14,486.60,495.68,483.40,490.05,12472186
3-Apr-14,484.85,488.80,482.80,485.15,12759243
2-Apr-14,484.15,488.15,482.00,485.40,15656243
1-Apr-14,480.70,484.95,480.50,484.30,13081520
31-Mar-14,485.35,486.60,478.80,480.00,23842781
28-Mar-14,477.90,497.69,476.95,484.15,19443434
27-Mar-14,474.10,477.15,471.50,476.37,18365133
26-Mar-14,473.25,479.75,472.00,479.01,17953792
25-Mar-14,470.15,476.35,466.00,473.95,31585377
24-Mar-14,470.45,473.40,468.15,468.50,26643192
21-Mar-14,468.50,474.00,462.64,468.77,74087785
20-Mar-14,477.00,477.00,467.60,468.25,51942990
19-Mar-14,477.15,479.05,473.50,476.97,19305930
18-Mar-14,476.05,480.50,475.05,477.00,26200368
17-Mar-14,479.20,479.96,475.07,476.85,26115040
14-Mar-14,478.80,482.40,476.30,477.25,23322427
13-Mar-14,484.10,484.30,477.85,478.55,17868326
12-Mar-14,483.10,485.80,482.15,482.60,21974563
11-Mar-14,484.15,487.85,483.20,484.00,24795342
10-Mar-14,480.00,487.15,479.80,484.00,30727363
7-Mar-14,487.85,488.30,480.05,480.05,30049096
6-Mar-14,488.15,489.70,485.10,486.90,16945141
5-Mar-14,491.00,491.00,485.20,486.00,24766920
4-Mar-14,492.85,495.45,481.00,491.50,30571231
3-Mar-14,499.70,500.00,491.80,492.85,34239373
28-Feb-14,504.80,506.10,501.10,504.40,36234420
27-Feb-14,504.90,508.40,500.80,503.30,20447675
26-Feb-14,507.00,510.00,504.70,506.80,19804865
25-Feb-14,506.00,509.60,503.50,508.00,50311445
24-Feb-14,498.40,505.90,498.40,505.95,26508790
21-Feb-14,500.80,505.20,499.45,501.70,32573486
20-Feb-14,493.80,500.00,493.75,499.55,24668526
19-Feb-14,495.60,499.55,492.35,494.98,24049062
18-Feb-14,488.40,495.85,488.30,495.10,25830749
17-Feb-14,486.40,492.35,483.95,487.70,16323105
14-Feb-14,484.50,487.65,482.40,486.40,14041120
13-Feb-14,487.15,490.00,482.20,485.20,16978861
12-Feb-14,487.35,493.15,486.00,487.05,23602060
11-Feb-14,484.40,491.75,484.40,491.75,22585705
10-Feb-14,483.95,483.95,479.55,482.05,14596381
7-Feb-14,483.75,486.05,476.75,481.70,16893914
6-Feb-14,472.20,484.00,469.80,482.15,24568420
5-Feb-14,473.55,476.10,468.85,470.05,21924839
4-Feb-14,472.50,476.35,463.80,473.80,30135142
3-Feb-14,475.90,478.75,472.75,473.60,16117064
31-Jan-14,478.00,480.10,470.15,478.00,21054333
30-Jan-14,477.90,482.60,476.65,477.90,17146770
29-Jan-14,479.75,480.45,472.55,476.90,21328365
28-Jan-14,477.60,480.65,474.65,476.65,16449484
27-Jan-14,485.10,487.10,474.45,475.80,27135492
24-Jan-14,489.70,493.05,485.45,486.55,26679426
23-Jan-14,491.80,494.30,487.75,488.15,22145949
22-Jan-14,491.30,495.40,490.70,493.60,21311150
21-Jan-14,494.15,495.30,490.70,491.30,16705104
20-Jan-14,490.40,494.70,487.30,494.30,11532482
17-Jan-14,482.00,492.00,475.05,491.05,31796470
16-Jan-14,490.90,491.35,487.40,489.45,18276765
15-Jan-14,493.40,494.85,491.05,492.85,19161270
14-Jan-14,490.95,492.80,487.00,491.05,18904908
13-Jan-14,496.30,497.65,491.85,495.80,15932466
10-Jan-14,489.00,499.35,487.00,497.00,22298262
9-Jan-14,495.10,499.90,494.10,495.30,19457968
8-Jan-14,494.50,494.70,491.25,492.85,14268207
7-Jan-14,488.05,494.65,484.10,494.00,17881261
6-Jan-14,488.35,491.60,485.10,488.95,14431257
3-Jan-14,488.85,493.40,486.20,487.90,14128912
2-Jan-14,490.95,490.95,484.65,488.85,16133918
31-Dec-13,489.10,490.80,488.05,488.05,5242901
30-Dec-13,489.10,490.85,484.50,485.75,8716825
27-Dec-13,485.65,490.65,482.30,488.70,9184860
24-Dec-13,487.85,490.80,485.80,486.20,3794159
23-Dec-13,479.00,484.90,477.45,484.85,11970811
20-Dec-13,475.00,477.60,472.05,477.60,56091158
19-Dec-13,471.00,472.65,468.25,472.45,19962349
18-Dec-13,467.40,469.55,464.15,464.90,24564761
17-Dec-13,470.10,470.50,465.00,465.00,27534970
16-Dec-13,467.10,473.65,466.05,473.20,22243409
13-Dec-13,468.20,469.95,465.45,465.70,16931540
12-Dec-13,477.70,477.70,469.85,470.75,17143588
11-Dec-13,473.45,477.90,471.90,477.40,18303306
10-Dec-13,475.75,477.65,473.15,473.15,15328832
9-Dec-13,479.30,479.30,476.25,476.80,15695621
6-Dec-13,477.85,480.55,475.00,477.45,16750280
5-Dec-13,475.65,477.75,474.05,475.15,14100569
4-Dec-13,473.65,477.05,469.95,476.50,21777584
3-Dec-13,477.05,478.35,471.75,473.60,14128696
2-Dec-13,481.30,483.00,475.30,475.30,18197131
29-Nov-13,481.20,483.75,481.00,482.00,16891830
28-Nov-13,482.05,483.20,481.00,481.50,8833601
27-Nov-13,485.80,486.30,481.60,482.05,15848106
26-Nov-13,490.00,490.75,486.15,487.00,25015676
25-Nov-13,493.00,493.00,489.30,490.10,17387545
22-Nov-13,489.75,494.20,487.95,493.45,18065330
21-Nov-13,487.80,490.20,485.20,489.35,13705539
20-Nov-13,486.00,489.55,484.90,487.95,13065545
19-Nov-13,487.80,487.95,484.35,486.75,16925985
18-Nov-13,486.75,489.90,486.25,488.55,18706711
15-Nov-13,483.50,488.60,481.25,488.10,24698756
14-Nov-13,483.95,484.40,480.50,483.30,21483824
13-Nov-13,480.35,483.15,479.35,481.25,27675665
12-Nov-13,479.85,484.25,479.05,483.90,23919706
11-Nov-13,479.55,482.35,478.10,481.15,12397339
8-Nov-13,477.80,478.80,474.10,477.65,17753859
7-Nov-13,484.60,489.45,479.25,480.45,18785277
6-Nov-13,483.00,487.20,482.10,484.45,23492909
5-Nov-13,490.00,490.00,485.15,488.05,18893363
4-Nov-13,487.70,490.45,485.80,489.20,17905342
1-Nov-13,484.75,487.70,483.50,484.75,16464176
31-Oct-13,482.35,486.20,480.25,482.70,35325364
30-Oct-13,478.00,490.20,478.00,482.00,31691332
29-Oct-13,467.00,478.65,466.80,477.50,53446534
28-Oct-13,450.80,452.10,448.10,452.10,13382312
25-Oct-13,449.50,454.55,449.50,451.15,16902253
24-Oct-13,452.70,452.85,448.80,450.15,15983521
23-Oct-13,447.85,450.00,-,449.25,12702605
22-Oct-13,449.85,450.20,447.30,448.00,17308603
21-Oct-13,448.90,450.10,446.35,449.55,11441306
18-Oct-13,445.30,447.45,443.45,447.45,21943628
17-Oct-13,443.90,444.90,440.15,443.90,18544399
16-Oct-13,444.55,447.75,444.45,445.75,16639559
15-Oct-13,445.00,447.00,442.65,444.65,13821096
14-Oct-13,438.85,443.50,437.65,443.40,14312231
11-Oct-13,438.50,440.00,435.70,439.65,11945356
10-Oct-13,435.10,437.35,432.90,437.30,13580968
9-Oct-13,434.00,437.00,431.30,433.45,15572699
8-Oct-13,437.40,438.25,432.60,433.70,15885596
7-Oct-13,437.25,439.15,433.95,438.60,13544500
4-Oct-13,437.20,440.80,435.10,438.25,12287327
3-Oct-13,439.00,441.15,435.15,437.15,27681684
2-Oct-13,430.70,432.30,426.55,432.30,16081399
1-Oct-13,434.10,435.40,430.05,432.45,14157044
30-Sep-13,438.00,438.10,430.85,433.10,28709886
27-Sep-13,445.00,445.75,439.65,441.55,15522843
26-Sep-13,441.10,444.85,440.15,444.35,13159873
25-Sep-13,441.30,442.40,438.30,441.50,14061577
24-Sep-13,439.00,443.25,438.95,442.30,14749064
20-Sep-13,438.60,448.15,438.15,442.05,58301999
19-Sep-13,440.70,441.45,438.10,443.59,20277746
18-Sep-13,438.85,441.45,436.20,438.30,15856609
17-Sep-13,442.70,442.70,440.00,440.00,19761272
16-Sep-13,444.90,448.00,441.70,443.25,15455543
13-Sep-13,441.30,442.50,440.45,442.50,16678219
12-Sep-13,447.10,448.30,444.55,444.70,15266217
11-Sep-13,445.00,446.90,443.65,445.80,16548632
10-Sep-13,447.00,448.00,442.90,443.75,11681099
9-Sep-13,445.60,446.05,442.00,444.10,9570476
6-Sep-13,444.80,446.85,442.25,445.55,11175060
5-Sep-13,442.00,445.75,438.70,445.75,12329820
4-Sep-13,442.75,443.65,439.25,443.15,9438154
3-Sep-13,445.65,446.80,440.65,441.85,18551436
2-Sep-13,446.50,447.05,443.70,445.55,13994750
30-Aug-13,449.05,451.05,444.60,446.20,27678823
29-Aug-13,454.05,454.15,448.25,450.90,16581836
28-Aug-13,447.00,453.60,446.80,452.65,28271813
27-Aug-13,441.50,448.20,439.65,447.10,29197302
23-Aug-13,437.10,443.65,434.25,437.74,17790618
22-Aug-13,432.00,438.90,432.00,437.00,13909605
21-Aug-13,436.50,436.90,430.30,432.55,16191087
20-Aug-13,437.05,437.60,434.60,437.20,15904653
19-Aug-13,441.95,442.25,438.25,439.50,10896561
16-Aug-13,440.90,441.85,439.50,441.70,18455510
15-Aug-13,444.00,444.55,440.00,441.20,17784934
14-Aug-13,446.30,448.95,443.45,446.25,18115650
13-Aug-13,443.90,446.90,442.45,446.25,14969123
12-Aug-13,444.50,445.70,442.55,442.90,12362835
9-Aug-13,443.10,445.70,441.50,442.55,16235756
8-Aug-13,445.10,446.25,440.20,441.80,15943459
7-Aug-13,448.00,454.20,443.55,443.55,17725382
6-Aug-13,454.50,456.90,451.60,454.35,11181435
5-Aug-13,457.25,459.60,453.85,455.75,9896153
2-Aug-13,459.45,460.45,454.75,455.40,12369714
1-Aug-13,457.95,459.00,451.85,458.50,18780724
31-Jul-13,454.75,459.30,452.30,454.55,23838627
30-Jul-13,460.00,460.00,443.35,451.45,40186831
29-Jul-13,470.15,473.70,466.45,467.40,11997438
26-Jul-13,474.90,476.45,469.65,471.00,9918405
25-Jul-13,473.30,474.50,468.60,473.55,9923140
24-Jul-13,472.00,476.45,470.50,470.13,13896531
23-Jul-13,471.00,474.55,470.75,470.75,15866712
22-Jul-13,469.80,470.20,467.50,468.45,11363106
19-Jul-13,468.95,470.85,465.00,469.80,19052470
18-Jul-13,465.50,471.85,464.87,470.40,14115538
17-Jul-13,466.25,467.60,463.25,466.50,15084739
16-Jul-13,466.90,469.25,464.70,465.20,16587138
15-Jul-13,464.20,469.73,463.30,465.85,13865623
12-Jul-13,465.35,467.35,462.45,464.15,12549618
11-Jul-13,471.90,473.35,464.30,464.75,20552388
10-Jul-13,465.25,469.88,462.93,469.45,14902892
9-Jul-13,462.45,465.75,460.98,464.80,14985540
8-Jul-13,459.75,462.45,457.80,460.45,12185952
5-Jul-13,457.10,457.65,453.25,454.00,23407784
4-Jul-13,451.25,457.90,449.70,454.75,19668296
3-Jul-13,452.25,453.15,446.35,448.10,17576369
2-Jul-13,458.10,458.10,452.40,455.65,14936358
1-Jul-13,459.50,460.04,455.00,457.95,16843410
28-Jun-13,456.00,458.30,451.80,455.25,22096008
27-Jun-13,453.15,457.65,450.35,456.60,17636753
26-Jun-13,448.85,454.35,446.05,452.00,12828092
25-Jun-13,448.50,452.45,445.64,448.55,19633147
24-Jun-13,447.00,456.32,443.35,444.95,17959830
21-Jun-13,448.50,451.43,445.15,448.79,52945140
20-Jun-13,453.70,455.00,447.70,449.20,25401312
19-Jun-13,461.85,462.80,454.60,455.00,18521559
18-Jun-13,458.65,461.50,456.70,460.40,18344379
17-Jun-13,455.95,460.30,452.15,458.20,22076232
14-Jun-13,455.50,457.90,451.80,453.80,19213026
13-Jun-13,450.05,455.50,449.85,453.45,22236843
12-Jun-13,459.85,462.45,453.65,454.75,14249359
11-Jun-13,461.80,462.65,455.75,460.30,19777763
10-Jun-13,459.60,463.25,458.15,461.85,15266326
7-Jun-13,459.20,463.07,456.85,461.00,25733290
6-Jun-13,465.00,467.95,458.00,458.00,17179556
5-Jun-13,467.55,472.00,462.45,464.10,17760311
4-Jun-13,471.45,472.94,468.45,469.50,11227889
3-Jun-13,470.90,472.20,460.95,469.00,21554650
31-May-13,476.50,476.78,473.09,473.45,31520653
30-May-13,477.75,481.80,476.20,478.30,19728660
29-May-13,482.50,482.50,477.45,477.50,22285924
28-May-13,479.15,484.70,477.45,482.65,23733257
24-May-13,480.40,481.55,475.28,476.40,15946739
23-May-13,475.00,480.60,473.90,477.50,27048978
22-May-13,478.38,485.43,478.20,483.30,25794115
21-May-13,472.55,477.65,470.34,477.65,16496262
20-May-13,470.40,473.16,468.20,472.55,13810519
17-May-13,465.70,470.15,462.70,469.95,18225117
16-May-13,468.10,470.00,464.50,465.80,20293817
15-May-13,469.95,470.00,466.85,467.60,19092485
14-May-13,467.70,469.97,465.00,468.55,18276619
13-May-13,466.20,467.50,464.32,465.55,16833115
10-May-13,466.10,470.75,464.60,466.87,16990224
9-May-13,466.05,468.50,463.05,465.50,15737232
8-May-13,468.85,471.80,464.35,467.05,17035371
7-May-13,473.10,473.90,467.00,473.65,19583913
3-May-13,467.45,473.40,465.85,471.30,17383297
2-May-13,465.75,469.50,464.10,466.25,17163020
1-May-13,468.90,473.47,463.30,465.35,16863160
30-Apr-13,475.00,475.00,465.00,466.40,43546228
29-Apr-13,453.90,456.95,451.40,456.75,17336886
26-Apr-13,455.95,457.56,450.10,454.10,18181443
25-Apr-13,455.60,463.07,454.85,457.95,18054895
24-Apr-13,452.85,459.25,451.80,458.15,22018362
23-Apr-13,447.50,451.65,445.00,451.65,18764773
22-Apr-13,449.35,450.10,444.55,446.65,18543839
19-Apr-13,448.55,449.00,444.25,446.70,32834870
18-Apr-13,440.10,443.50,437.25,441.80,18995756
17-Apr-13,447.30,447.30,438.80,440.70,19785402
16-Apr-13,445.95,449.64,443.55,445.60,16886204
15-Apr-13,448.40,452.30,441.50,446.50,19924857
12-Apr-13,450.30,452.45,445.85,448.00,12517101
11-Apr-13,451.50,453.40,449.25,451.70,14888650
10-Apr-13,452.65,455.45,449.80,452.00,19849617
9-Apr-13,450.10,451.99,447.89,450.75,18183942
8-Apr-13,449.15,451.45,444.75,448.05,13197801
5-Apr-13,451.80,454.25,407.95,447.10,15025335
4-Apr-13,462.00,462.00,451.15,452.00,26748919
3-Apr-13,463.70,465.28,461.45,461.90,22589261
2-Apr-13,460.60,464.95,459.65,462.50,23168477
28-Mar-13,463.00,468.30,458.35,459.90,30114345
27-Mar-13,463.15,464.75,458.15,463.45,18221697
26-Mar-13,460.50,463.30,458.25,462.95,18130868
25-Mar-13,460.05,461.85,457.74,459.95,21416765
22-Mar-13,461.00,463.30,456.15,457.70,32875137
21-Mar-13,448.50,451.00,444.20,449.40,18416481
20-Mar-13,452.15,453.19,446.80,448.00,20097479
19-Mar-13,446.60,452.63,446.30,449.70,13795052
18-Mar-13,446.15,450.73,442.10,448.50,21202272
15-Mar-13,451.40,452.45,444.80,449.65,47372922
14-Mar-13,449.00,451.98,446.30,451.05,19518291
13-Mar-13,452.60,452.60,445.10,449.30,19495406
12-Mar-13,452.30,455.40,451.70,452.10,12781997
11-Mar-13,449.90,454.75,449.46,452.55,16674326
8-Mar-13,448.95,452.91,448.20,450.70,23750884
7-Mar-13,450.00,452.13,448.40,449.60,19345941
6-Mar-13,447.05,451.30,445.15,449.50,19993454
5-Mar-13,443.90,447.94,441.65,447.00,22239879
4-Mar-13,446.45,450.00,443.22,443.90,16640869
1-Mar-13,443.20,449.00,441.55,446.35,15811106
28-Feb-13,447.90,448.47,443.55,445.70,23899531
27-Feb-13,444.95,448.04,442.55,446.95,14486835
26-Feb-13,442.90,449.50,441.60,444.10,20787711
25-Feb-13,453.00,455.90,448.80,451.15,25633657
22-Feb-13,443.10,445.91,441.45,444.05,16314020
21-Feb-13,445.60,448.30,438.30,443.00,22158768
20-Feb-13,448.50,450.78,442.43,447.75,22566681
19-Feb-13,444.10,450.80,443.60,446.35,28916610
18-Feb-13,448.55,450.15,444.25,445.00,12505076
15-Feb-13,451.45,452.50,446.70,448.10,30274041
14-Feb-13,452.50,452.84,446.50,450.05,23900326
13-Feb-13,454.50,457.25,450.77,453.60,22695731
12-Feb-13,456.10,460.48,453.20,460.05,19816471
11-Feb-13,453.05,457.00,451.65,454.75,14341352
8-Feb-13,455.80,458.08,450.80,455.60,19960103
7-Feb-13,466.00,469.56,455.95,456.80,24753391
6-Feb-13,466.40,467.40,461.75,465.75,23495400
5-Feb-13,462.45,471.75,461.55,468.70,18860791
4-Feb-13,472.50,474.45,460.75,462.05,19881557
1-Feb-13,467.00,474.23,467.00,472.50,14187092
31-Jan-13,474.80,478.35,466.75,467.00,31905141
30-Jan-13,475.55,482.33,473.79,475.90,20344126
29-Jan-13,470.00,476.80,468.75,475.65,18295159
28-Jan-13,463.50,469.85,462.15,468.45,17728372
25-Jan-13,463.15,470.01,461.25,465.30,21355885
24-Jan-13,461.75,469.00,460.56,467.70,17327464
23-Jan-13,457.00,465.05,455.10,463.25,22200108
22-Jan-13,455.00,461.03,454.70,455.45,14838463
21-Jan-13,459.60,463.35,458.52,459.00,7628835
18-Jan-13,461.30,462.05,457.20,460.35,20408006
17-Jan-13,458.40,462.10,455.32,461.00,17832673
16-Jan-13,459.00,461.40,455.16,458.40,18325854
15-Jan-13,459.10,459.80,455.28,459.50,15508303
14-Jan-13,461.80,463.21,458.75,459.30,14201978
11-Jan-13,461.95,466.85,459.04,461.95,18024620
10-Jan-13,458.70,462.85,456.94,461.05,16887538
9-Jan-13,449.00,460.12,445.12,458.65,26280121
8-Jan-13,446.20,451.78,445.80,448.95,15382284
7-Jan-13,452.60,452.95,447.40,448.75,15900417
4-Jan-13,448.50,454.60,444.15,453.50,31048332
3-Jan-13,435.00,444.00,431.90,441.70,21634453
2-Jan-13,429.25,433.58,426.50,431.30,15204927
