31-Dec-15,1080.00,1085.60,1077.00,1079.00,45665
30-Dec-15,1081.00,1091.00,1077.00,1081.00,113229
29-Dec-15,1060.00,1087.16,1060.00,1087.00,135885
24-Dec-15,1077.00,1091.00,1077.00,1078.00,9340
23-Dec-15,1058.00,1083.00,1048.00,1080.00,156571
22-Dec-15,1062.00,1066.00,1049.00,1059.00,106950
21-Dec-15,1051.00,1062.00,1050.00,1055.00,163700
18-Dec-15,1058.00,1074.00,1053.00,1057.00,339857
16-Dec-15,1050.00,1059.00,1043.00,1054.00,268231
15-Dec-15,1029.00,1054.00,1026.00,1053.00,228438
14-Dec-15,1033.00,1044.00,1019.00,1023.00,143143
11-Dec-15,1035.00,1041.00,1016.84,1033.00,168600
10-Dec-15,1044.00,1045.00,1032.00,1040.00,182017
9-Dec-15,1056.00,1063.67,1038.00,1040.00,173457
8-Dec-15,1065.00,1065.00,1043.00,1048.00,196066
7-Dec-15,1056.00,1073.00,1056.00,1060.00,219088
4-Dec-15,1040.00,1064.00,1040.00,1062.00,186614
3-Dec-15,1069.00,1077.00,1045.00,1051.00,165418
2-Dec-15,1076.00,1080.00,1067.00,1068.00,131724
1-Dec-15,1054.00,1072.00,1052.00,1068.00,155322
30-Nov-15,1057.00,1069.00,1045.00,1060.00,250915
27-Nov-15,1057.00,1060.00,1047.00,1055.00,125337
26-Nov-15,1056.00,1061.00,1050.00,1053.00,133498
25-Nov-15,1050.00,1059.00,1045.00,1052.00,178543
24-Nov-15,1076.00,1076.00,1042.00,1046.00,210010
23-Nov-15,1058.00,1060.00,1047.00,1047.00,207168
20-Nov-15,1063.00,1065.00,1052.00,1060.00,242522
19-Nov-15,1045.00,1062.00,1037.00,1058.00,344241
18-Nov-15,1025.00,1033.00,1023.00,1029.00,114272
17-Nov-15,1024.00,1031.00,1020.00,1027.00,164136
16-Nov-15,1000.00,1012.00,991.00,1011.00,171601
13-Nov-15,1010.00,1012.00,993.00,1003.00,176150
12-Nov-15,1026.00,1026.00,1007.00,1010.00,221327
11-Nov-15,1012.00,1026.00,1012.00,1023.00,131317
10-Nov-15,1032.00,1034.00,1002.00,1008.00,331476
9-Nov-15,1021.00,1032.00,1015.00,1015.00,129242
6-Nov-15,1013.00,1032.00,1005.00,1025.00,247695
5-Nov-15,1020.00,1023.00,1011.00,1016.00,172222
4-Nov-15,1032.00,1033.00,1013.00,1017.00,264657
3-Nov-15,1026.00,1028.00,1018.00,1027.00,118655
2-Nov-15,1020.00,1031.00,1015.00,1019.00,100747
30-Oct-15,1022.00,1030.00,1019.00,1025.00,98192
29-Oct-15,1017.00,1026.00,1014.00,1017.00,166775
28-Oct-15,1014.00,1028.00,1010.00,1017.00,123612
27-Oct-15,1028.00,1028.00,1000.00,1016.00,181719
26-Oct-15,1024.00,1033.00,1024.00,1028.00,123716
23-Oct-15,1022.00,1037.00,1018.00,1031.00,165977
22-Oct-15,1027.00,1027.00,1010.00,1019.00,143573
21-Oct-15,1034.00,1037.00,1026.00,1031.00,122604
20-Oct-15,1035.00,1035.00,1025.00,1031.00,120598
19-Oct-15,1030.00,1033.00,1020.00,1032.00,102451
16-Oct-15,1032.00,1039.00,1021.00,1027.00,172518
15-Oct-15,1032.00,1032.00,1019.00,1032.00,97794
14-Oct-15,1036.00,1036.00,1017.00,1022.00,222336
13-Oct-15,1034.00,1034.00,1021.00,1033.00,243850
12-Oct-15,1039.00,1039.00,1022.00,1028.00,231262
9-Oct-15,1014.00,1024.00,1007.00,1018.00,212977
8-Oct-15,1022.00,1026.00,1000.00,1006.00,204085
7-Oct-15,1030.00,1032.00,1015.00,1018.00,122496
6-Oct-15,1025.00,1026.00,1014.00,1025.00,216332
5-Oct-15,1025.00,1027.00,1009.00,1021.00,277807
2-Oct-15,1013.00,1018.00,1003.00,1012.00,144156
1-Oct-15,1012.00,1022.00,1006.00,1009.00,285417
30-Sep-15,991.50,1007.00,991.50,1003.00,210438
29-Sep-15,970.00,986.00,970.00,978.50,251203
28-Sep-15,988.50,992.50,981.00,982.50,165726
25-Sep-15,989.00,1000.00,984.50,984.50,140510
24-Sep-15,980.00,988.00,972.50,977.50,242429
23-Sep-15,974.50,986.50,974.50,985.00,154116
22-Sep-15,982.00,984.50,970.50,980.50,290674
21-Sep-15,995.00,1003.00,987.00,990.00,206467
18-Sep-15,1019.00,1019.00,996.50,1000.00,408573
17-Sep-15,1028.00,1028.00,1007.00,1020.00,225762
16-Sep-15,1015.00,1029.00,1015.00,1024.00,218712
15-Sep-15,997.50,1018.00,994.50,1017.00,233285
14-Sep-15,1016.00,1019.79,995.00,998.00,136498
11-Sep-15,1004.00,1017.00,1001.00,1010.00,176197
10-Sep-15,1000.00,1016.00,998.50,1007.00,191292
9-Sep-15,1041.00,1041.00,1012.00,1022.00,219826
8-Sep-15,1019.00,1027.00,1015.00,1020.00,122919
7-Sep-15,1004.00,1012.00,997.00,1012.00,205559
4-Sep-15,1008.00,1017.00,993.50,996.00,186816
3-Sep-15,993.00,1033.00,987.50,1025.00,490869
2-Sep-15,975.50,988.50,968.50,985.50,215333
1-Sep-15,981.50,1000.00,970.50,978.50,191381
28-Aug-15,989.00,998.00,977.50,998.00,288897
27-Aug-15,987.50,991.50,973.50,985.50,240317
26-Aug-15,963.00,986.00,955.50,969.50,200515
25-Aug-15,974.50,988.00,968.50,978.50,291707
24-Aug-15,982.50,982.50,946.50,969.00,334187
21-Aug-15,1002.00,1005.00,993.00,1000.00,269998
20-Aug-15,1002.00,1007.00,998.00,1003.00,189021
19-Aug-15,1024.00,1027.00,1004.00,1004.00,203952
18-Aug-15,1025.00,1033.00,1025.00,1030.00,189665
17-Aug-15,1039.00,1043.00,1026.00,1030.00,196055
14-Aug-15,1024.00,1034.00,1024.00,1030.00,157989
13-Aug-15,1026.00,1037.00,1022.00,1025.00,221068
12-Aug-15,1015.00,1027.70,997.00,1014.00,334334
11-Aug-15,1029.00,1036.00,1022.00,1025.00,108891
10-Aug-15,1037.00,1037.00,1027.00,1033.00,268207
7-Aug-15,1024.00,1032.00,1023.00,1030.00,296454
6-Aug-15,1033.00,1033.00,1022.00,1028.00,218930
5-Aug-15,1044.00,1044.00,1030.00,1034.00,215481
4-Aug-15,1040.00,1045.00,1033.00,1040.00,172151
3-Aug-15,1037.00,1037.00,1015.00,1034.00,231165
31-Jul-15,1008.00,1029.00,1001.80,1023.00,221720
30-Jul-15,1003.00,1017.00,996.50,1000.00,174034
29-Jul-15,1019.00,1019.00,1000.00,1006.00,168720
28-Jul-15,1013.00,1015.00,1007.00,1010.00,173731
27-Jul-15,1015.00,1019.00,1002.00,1006.00,193379
24-Jul-15,1033.00,1033.00,1015.00,1017.00,86192
23-Jul-15,1026.00,1037.00,1025.00,1031.00,180730
22-Jul-15,1037.00,1037.00,1017.00,1025.00,142922
21-Jul-15,1047.00,1049.00,1035.00,1038.00,112508
20-Jul-15,1040.00,1046.00,1033.00,1042.00,173107
17-Jul-15,1053.00,1053.00,1038.00,1040.00,144076
16-Jul-15,1043.00,1057.00,1040.00,1049.00,142249
15-Jul-15,1026.00,1046.00,1020.00,1040.00,202248
14-Jul-15,1037.00,1039.00,1019.00,1037.49,207948
13-Jul-15,1039.00,1046.00,1035.00,1040.23,332194
10-Jul-15,1030.00,1037.00,1026.00,1036.00,189115
9-Jul-15,1011.00,1024.00,1011.00,1021.00,96290
8-Jul-15,1002.00,1013.00,1000.00,1009.00,114117
7-Jul-15,1011.00,1017.00,1001.00,1003.00,163655
6-Jul-15,1011.00,1019.00,1005.00,1011.00,170157
3-Jul-15,1022.00,1023.00,1017.00,1020.00,113681
2-Jul-15,1022.00,1026.96,1017.00,1023.00,99053
1-Jul-15,1024.00,1035.00,1022.00,1028.00,150362
30-Jun-15,1009.00,1021.00,1003.00,1019.00,268827
29-Jun-15,1002.00,1014.00,997.50,1007.00,275851
26-Jun-15,1032.00,1032.00,1018.00,1018.00,245958
25-Jun-15,1036.00,1041.00,1026.00,1030.00,242019
24-Jun-15,1040.00,1044.00,1030.00,1039.00,241644
23-Jun-15,1039.00,1039.00,1030.00,1032.00,181041
22-Jun-15,1038.00,1038.00,1023.00,1030.00,224389
19-Jun-15,1029.00,1033.00,1021.00,1024.00,401452
18-Jun-15,1036.00,1036.00,1020.00,1031.00,280224
17-Jun-15,1040.00,1043.50,1029.00,1035.00,188992
16-Jun-15,1041.00,1046.00,1028.00,1035.00,313107
15-Jun-15,1065.00,1068.88,1039.00,1048.00,394841
12-Jun-15,1070.00,1077.00,1060.00,1073.00,289580
11-Jun-15,1052.00,1086.00,1052.00,1079.00,331018
10-Jun-15,1058.00,1062.00,1051.00,1056.00,202033
9-Jun-15,1056.00,1057.00,1046.00,1055.00,140120
8-Jun-15,1042.00,1058.00,1039.00,1050.00,129618
5-Jun-15,1042.00,1050.00,1040.00,1044.00,153159
4-Jun-15,1053.00,1064.00,1043.00,1049.00,212116
3-Jun-15,1050.00,1068.00,1050.00,1058.00,387793
2-Jun-15,1043.00,1043.00,1030.00,1035.00,192541
1-Jun-15,1013.00,1040.00,1013.00,1036.00,232022
29-May-15,1030.00,1030.00,1014.00,1017.00,323865
28-May-15,1035.00,1036.00,1027.00,1032.00,144246
27-May-15,1029.00,1038.00,1029.00,1032.00,173046
26-May-15,1060.00,1067.53,1025.00,1031.00,261908
22-May-15,1049.00,1058.00,1042.96,1050.00,238463
21-May-15,1046.00,1048.00,1037.00,1044.00,163178
20-May-15,1043.00,1052.00,1038.00,1048.00,280012
19-May-15,1037.00,1046.00,1033.72,1043.00,280145
18-May-15,1035.00,1035.00,1024.00,1030.00,146807
15-May-15,1036.00,1036.00,1029.00,1030.00,170044
14-May-15,1035.00,1035.00,1022.00,1028.00,156995
13-May-15,1039.00,1042.00,1025.00,1028.00,143963
12-May-15,1020.00,1034.00,1018.00,1030.00,217019
11-May-15,1049.00,1061.00,1037.00,1040.00,165000
8-May-15,1030.00,1057.00,1025.00,1057.00,351700
7-May-15,999.50,1015.00,988.00,1015.00,347839
6-May-15,1008.00,1025.00,1004.00,1008.00,298610
5-May-15,1036.00,1040.00,1012.00,1017.00,374831
1-May-15,1025.00,1033.00,1010.00,1018.00,122154
30-Apr-15,1065.00,1071.00,1024.00,1038.00,648909
29-Apr-15,1104.00,1104.00,1080.00,1089.00,147221
28-Apr-15,1111.00,1111.00,1087.00,1099.00,217609
27-Apr-15,1121.00,1121.00,1101.00,1111.00,98298
24-Apr-15,1115.00,1125.00,1108.00,1111.00,103811
23-Apr-15,1107.00,1114.00,1098.00,1113.00,97391
22-Apr-15,1126.00,1128.00,1103.00,1107.00,116529
21-Apr-15,1117.00,1128.00,1115.00,1123.00,103977
20-Apr-15,1132.00,1132.00,1117.00,1120.00,116893
17-Apr-15,1136.00,1136.00,1118.00,1124.00,157816
16-Apr-15,1152.00,1152.00,1122.00,1130.00,302501
15-Apr-15,1134.00,1157.00,1134.00,1145.00,190503
14-Apr-15,1153.00,1153.00,1136.00,1141.00,125018
13-Apr-15,1147.00,1152.00,1141.00,1147.00,174455
10-Apr-15,1148.00,1148.00,1134.00,1140.00,164307
9-Apr-15,1124.00,1140.00,1118.00,1140.00,253412
8-Apr-15,1143.00,1144.00,1132.00,1140.00,285211
7-Apr-15,1127.00,1146.00,1127.00,1140.00,241661
2-Apr-15,1130.00,1136.00,1128.00,1129.00,140918
1-Apr-15,1119.00,1128.00,1108.00,1126.00,218590
31-Mar-15,1146.00,1152.00,1113.00,1117.00,462214
30-Mar-15,1126.00,1143.00,1125.00,1140.00,406567
27-Mar-15,1117.00,1125.00,1105.72,1120.00,314725
26-Mar-15,1120.00,1120.00,1096.00,1110.00,135971
25-Mar-15,1138.00,1138.00,1118.00,1124.00,202186
24-Mar-15,1141.00,1155.00,1128.50,1132.00,171700
23-Mar-15,1155.00,1155.00,1141.00,1148.00,133397
20-Mar-15,1143.00,1153.00,1143.00,1148.00,194845
19-Mar-15,1147.00,1154.00,1144.00,1144.00,146052
18-Mar-15,1133.00,1148.00,1129.00,1145.00,188413
17-Mar-15,1123.00,1131.00,1111.00,1130.00,159575
16-Mar-15,1121.00,1130.00,1121.00,1123.00,130874
13-Mar-15,1133.00,1139.00,1122.00,1125.00,157956
12-Mar-15,1130.00,1145.00,1129.00,1134.00,261646
11-Mar-15,1122.00,1144.00,1114.00,1135.00,309905
10-Mar-15,1125.00,1126.64,1113.00,1115.00,234322
9-Mar-15,1111.00,1123.00,1099.00,1119.00,147282
6-Mar-15,1121.00,1129.00,1113.00,1116.00,180878
5-Mar-15,1090.00,1119.00,1082.00,1119.00,369517
4-Mar-15,1091.00,1102.00,1081.00,1095.00,316854
3-Mar-15,1132.00,1136.00,1111.00,1113.00,217669
2-Mar-15,1090.00,1147.00,1073.42,1128.00,460632
27-Feb-15,1148.00,1148.00,1090.00,1100.00,634859
26-Feb-15,1146.00,1150.00,1129.00,1150.00,146740
25-Feb-15,1145.00,1145.00,1137.00,1143.00,178253
24-Feb-15,1147.00,1147.00,1127.00,1138.00,150846
23-Feb-15,1157.00,1157.00,1140.00,1147.00,160147
20-Feb-15,1148.00,1153.00,1117.00,1150.00,312068
19-Feb-15,1141.00,1152.00,1141.00,1149.00,139486
18-Feb-15,1145.00,1155.00,1143.00,1147.00,176106
17-Feb-15,1134.00,1148.00,1133.00,1140.00,143367
16-Feb-15,1155.00,1155.00,1135.00,1143.50,133205
13-Feb-15,1159.00,1161.00,1148.00,1152.00,146043
12-Feb-15,1136.00,1161.00,1136.00,1153.45,159320
11-Feb-15,1144.00,1146.70,1126.00,1140.01,278675
10-Feb-15,1125.00,1141.00,1124.00,1140.00,158306
9-Feb-15,1139.00,1139.00,1119.00,1133.00,238622
6-Feb-15,1124.00,1141.00,1121.00,1139.00,159193
5-Feb-15,1124.00,1137.00,1120.00,1133.00,146327
4-Feb-15,1124.00,1124.00,1109.00,1121.00,164642
3-Feb-15,1107.00,1121.00,1106.00,1121.00,124644
2-Feb-15,1122.00,1122.00,1098.00,1105.00,225375
30-Jan-15,1124.00,1124.00,1112.00,1122.00,207359
29-Jan-15,1121.00,1129.00,1115.00,1120.00,278325
28-Jan-15,1119.00,1124.00,1112.00,1117.00,87829
27-Jan-15,1114.00,1124.00,1108.00,1116.00,380741
26-Jan-15,1120.00,1135.00,1109.00,1110.00,271941
23-Jan-15,1121.00,1125.00,1110.00,1117.00,245242
22-Jan-15,1108.00,1119.00,1099.04,1112.00,320067
21-Jan-15,1102.00,1107.00,1090.00,1105.00,168596
20-Jan-15,1101.00,1109.00,1089.00,1093.00,157608
19-Jan-15,1083.00,1106.00,1083.00,1086.00,194383
16-Jan-15,1092.00,1095.00,1080.00,1086.00,209532
15-Jan-15,1094.00,1098.00,1074.00,1091.00,241881
14-Jan-15,1096.00,1106.00,1079.00,1087.00,173523
13-Jan-15,1097.00,1109.00,1090.00,1106.00,188180
12-Jan-15,1088.00,1102.00,1084.00,1095.92,253500
9-Jan-15,1080.00,1092.00,1076.48,1080.00,277315
8-Jan-15,1085.00,1085.00,1077.00,1079.00,349251
7-Jan-15,1070.00,1085.00,1069.72,1072.00,252764
6-Jan-15,1101.00,1101.00,1073.00,1074.00,135971
5-Jan-15,1090.00,1108.00,1086.00,1093.00,199839
31-Dec-14,1088.00,1101.00,1088.00,1100.00,46250
30-Dec-14,1100.00,1105.20,1090.00,1092.00,114786
29-Dec-14,1105.00,1109.00,1090.48,1100.00,141817
24-Dec-14,1080.00,1106.00,1080.00,1106.00,10142
23-Dec-14,1095.00,1112.00,1095.00,1105.00,94261
22-Dec-14,1103.00,1108.00,1093.00,1100.00,112968
19-Dec-14,1055.00,1101.00,1054.00,1095.00,369958
18-Dec-14,1065.00,1072.00,1047.79,1071.00,274757
17-Dec-14,1043.00,1050.00,1037.00,1043.00,181933
16-Dec-14,1046.00,1056.00,1034.00,1054.00,360600
15-Dec-14,1045.00,1052.00,1034.00,1038.00,212801
12-Dec-14,1042.00,1050.00,1041.45,1050.00,283351
11-Dec-14,1065.00,1065.00,1050.00,1054.00,189230
10-Dec-14,1064.00,1070.00,1054.00,1060.00,228877
9-Dec-14,1043.00,1068.00,1043.00,1064.00,276046
8-Dec-14,1046.00,1058.00,1039.00,1051.00,122129
5-Dec-14,1042.00,1057.00,1034.00,1052.00,142942
4-Dec-14,1026.00,1045.00,1026.00,1032.00,163016
3-Dec-14,1027.00,1037.00,1016.00,1029.00,208867
2-Dec-14,1013.00,1038.00,1013.00,1033.00,186049
1-Dec-14,1017.00,1028.00,1006.00,1016.00,255525
28-Nov-14,1015.00,1032.00,1012.00,1028.00,277941
27-Nov-14,1012.00,1027.00,1002.98,1018.00,211453
26-Nov-14,1019.00,1020.00,998.26,1009.00,273314
25-Nov-14,1007.00,1018.00,1002.00,1003.25,218270
24-Nov-14,995.50,1003.00,985.00,998.26,127714
21-Nov-14,993.50,1003.00,988.50,989.00,138126
20-Nov-14,992.00,996.00,982.00,996.00,149654
19-Nov-14,987.00,987.50,977.50,987.00,259241
18-Nov-14,969.00,993.00,967.00,986.50,252417
17-Nov-14,949.00,973.00,943.00,967.50,251327
14-Nov-14,968.00,973.50,950.50,954.00,174375
13-Nov-14,972.00,978.50,962.50,968.50,150364
12-Nov-14,957.00,969.50,957.00,962.50,133485
11-Nov-14,964.00,965.50,957.00,965.50,126063
10-Nov-14,955.50,955.50,947.00,954.00,248134
7-Nov-14,957.50,966.00,949.50,952.00,159071
6-Nov-14,977.50,977.50,948.00,953.50,223337
5-Nov-14,983.00,983.00,971.50,971.50,248055
4-Nov-14,976.50,996.50,974.50,977.00,245565
3-Nov-14,1002.00,1011.00,980.00,980.50,186029
31-Oct-14,982.50,1014.00,982.50,1010.00,460812
30-Oct-14,959.00,979.97,958.00,978.50,232426
29-Oct-14,953.50,970.50,951.00,965.50,265597
28-Oct-14,938.50,956.50,932.05,949.00,223681
27-Oct-14,936.00,946.00,929.50,943.50,263693
24-Oct-14,937.00,937.00,925.50,934.00,211456
23-Oct-14,945.00,945.50,930.50,937.00,279027
22-Oct-14,957.00,964.50,944.00,945.00,255343
21-Oct-14,933.00,958.50,928.00,958.50,187071
20-Oct-14,943.50,943.50,927.00,937.00,110681
17-Oct-14,923.50,951.00,923.50,940.00,264444
16-Oct-14,921.50,932.00,895.50,927.50,254493
15-Oct-14,924.00,930.50,914.50,919.50,362372
14-Oct-14,913.00,926.00,908.50,921.50,203597
13-Oct-14,920.50,931.00,908.00,920.50,211706
10-Oct-14,927.50,936.50,918.00,924.50,305384
9-Oct-14,940.00,948.50,932.82,939.00,212581
8-Oct-14,946.50,947.50,924.00,930.00,272194
7-Oct-14,977.00,977.00,946.50,946.50,197792
6-Oct-14,970.50,977.50,964.00,976.00,139101
3-Oct-14,971.50,976.50,967.50,969.50,136484
2-Oct-14,985.00,985.00,955.50,964.50,244070
1-Oct-14,984.50,989.00,970.00,979.00,170211
30-Sep-14,979.00,985.50,971.00,980.00,189914
29-Sep-14,965.50,979.50,954.50,977.50,176831
26-Sep-14,978.50,981.64,962.50,969.00,134469
25-Sep-14,997.00,999.00,976.00,980.00,176246
24-Sep-14,997.00,998.50,988.50,995.50,179802
23-Sep-14,1004.00,1012.96,986.00,995.00,209818
22-Sep-14,1021.00,1021.00,1005.00,1011.00,152376
19-Sep-14,1022.00,1035.15,1019.00,1020.00,316522
18-Sep-14,1012.00,1019.00,1004.00,1012.00,175251
17-Sep-14,1017.00,1021.00,1008.00,1008.00,156972
16-Sep-14,1020.00,1020.00,1006.00,1010.00,182808
15-Sep-14,1018.00,1022.00,1005.00,1019.00,123111
12-Sep-14,1019.00,1025.00,1014.00,1015.00,128625
11-Sep-14,1018.00,1022.00,1009.00,1012.00,126193
10-Sep-14,1008.00,1023.08,1000.00,1006.00,276307
9-Sep-14,1029.00,1035.00,1017.00,1029.00,212881
8-Sep-14,1036.00,1039.00,1024.00,1033.00,167233
5-Sep-14,1044.00,1048.00,1038.36,1042.00,137747
4-Sep-14,1062.00,1068.00,1045.00,1045.00,232707
3-Sep-14,1088.00,1099.00,1071.00,1075.00,202490
2-Sep-14,1092.00,1096.00,1080.00,1084.00,163466
1-Sep-14,1076.00,1084.00,1063.00,1080.00,89946
29-Aug-14,1065.00,1080.00,1055.00,1067.00,219809
28-Aug-14,1087.00,1093.00,1073.00,1090.00,142445
27-Aug-14,1098.00,1098.00,1082.00,1084.00,176148
26-Aug-14,1100.00,1100.00,1089.76,1094.00,89225
22-Aug-14,1097.00,1103.00,1092.00,1095.00,122427
21-Aug-14,1096.00,1105.00,1086.00,1100.00,296752
20-Aug-14,1096.00,1109.00,1087.00,1092.00,317307
19-Aug-14,1092.00,1108.00,1092.00,1099.00,110178
18-Aug-14,1074.00,1095.00,1061.00,1091.00,149079
15-Aug-14,1066.00,1070.00,1057.00,1062.00,75144
14-Aug-14,1059.00,1068.00,1043.00,1064.00,151114
13-Aug-14,1055.00,1056.00,1037.00,1055.00,154835
12-Aug-14,1044.00,1052.00,1034.24,1044.00,92480
11-Aug-14,1032.00,1047.00,1032.00,1041.00,92413
8-Aug-14,1025.00,1027.00,1013.00,1023.00,155848
7-Aug-14,1021.00,1036.00,1018.00,1028.00,95558
6-Aug-14,1028.00,1032.00,1005.00,1025.00,135490
5-Aug-14,1043.00,1044.00,1027.00,1032.00,116485
4-Aug-14,1053.00,1053.00,1036.00,1038.00,105120
1-Aug-14,1042.00,1054.00,1035.00,1045.00,157695
31-Jul-14,1046.00,1049.00,1036.00,1047.00,187024
30-Jul-14,1049.00,1052.00,1043.00,1045.00,123463
29-Jul-14,1040.00,1050.36,1039.00,1042.00,61642
28-Jul-14,1048.00,1050.00,1033.00,1042.00,138843
25-Jul-14,1049.00,1055.00,1043.00,1048.00,102379
24-Jul-14,1028.00,1052.00,1028.00,1048.00,128713
23-Jul-14,1027.00,1041.00,1026.00,1036.00,140015
22-Jul-14,1018.00,1028.00,1007.00,1028.00,124403
21-Jul-14,1011.00,1022.00,1003.00,1012.00,130278
18-Jul-14,996.00,1023.00,988.50,1014.00,225350
17-Jul-14,995.00,1007.00,994.50,1003.00,82796
16-Jul-14,986.50,1009.00,984.50,996.00,96154
15-Jul-14,996.00,1005.00,985.50,988.00,105318
14-Jul-14,998.50,1004.00,994.00,1000.00,116843
11-Jul-14,994.00,1005.00,988.00,988.00,104257
10-Jul-14,1013.00,1013.00,990.50,996.00,166767
9-Jul-14,1036.00,1036.00,1003.00,1003.00,111356
8-Jul-14,1045.00,1045.00,1027.00,1027.00,196344
7-Jul-14,1054.00,1058.56,1039.00,1043.00,158313
4-Jul-14,1036.00,1060.00,1034.00,1059.00,139592
3-Jul-14,1013.00,1030.00,999.50,1029.00,481488
2-Jul-14,976.00,990.50,976.00,990.00,107478
1-Jul-14,979.00,983.50,977.00,981.50,107562
30-Jun-14,974.50,980.64,969.26,979.00,184021
27-Jun-14,969.00,991.50,969.00,980.50,189482
26-Jun-14,973.50,986.50,972.50,978.00,155438
25-Jun-14,974.00,981.50,968.00,975.50,136619
24-Jun-14,973.00,979.00,960.00,972.00,175953
23-Jun-14,973.00,982.38,969.00,973.00,103484
20-Jun-14,982.50,987.50,974.00,980.50,343357
19-Jun-14,975.00,990.00,974.00,976.50,114299
18-Jun-14,978.50,984.00,966.50,975.00,127998
17-Jun-14,999.00,1005.00,971.50,974.50,165099
16-Jun-14,1002.00,1003.00,983.86,994.00,129194
13-Jun-14,1021.00,1021.00,983.50,1000.00,139628
12-Jun-14,1022.00,1035.00,1014.00,1017.00,113784
11-Jun-14,1040.00,1040.00,1012.00,1030.00,135240
10-Jun-14,1038.00,1043.20,1026.00,1035.00,112574
9-Jun-14,1041.00,1048.00,1035.00,1039.00,84150
6-Jun-14,1018.00,1043.00,1016.00,1042.00,118882
5-Jun-14,1014.00,1017.00,1004.00,1009.95,114609
4-Jun-14,1014.00,1022.92,1006.00,1015.95,72051
3-Jun-14,1014.00,1014.00,1003.00,1008.95,175429
2-Jun-14,1001.00,1012.00,1000.60,1006.95,100233
30-May-14,997.50,1008.00,993.95,993.95,186672
29-May-14,1001.00,1006.48,995.00,999.50,114932
28-May-14,1000.00,1002.00,997.50,999.45,227285
27-May-14,998.00,1004.00,994.00,998.50,203967
23-May-14,983.00,994.00,982.00,992.00,124504
22-May-14,988.50,995.50,983.50,983.50,182147
21-May-14,1003.00,1003.00,980.00,990.00,146010
20-May-14,991.00,1004.00,991.00,995.00,119374
19-May-14,989.00,996.00,975.00,989.00,185501
16-May-14,1041.00,1041.00,986.00,987.50,219712
15-May-14,1036.00,1044.00,1019.00,1020.00,145174
14-May-14,1053.00,1053.00,1038.00,1039.00,101745
13-May-14,1055.00,1069.00,1049.78,1054.00,70675
12-May-14,1047.00,1060.00,1045.00,1059.00,88131
9-May-14,1039.00,1055.00,1036.00,1048.00,79904
8-May-14,1055.00,1058.00,1040.00,1047.00,95844
7-May-14,1047.00,1055.00,1042.00,1050.00,164327
6-May-14,1040.00,1049.00,1028.00,1047.00,184629
2-May-14,1040.00,1042.00,1028.00,1033.00,103408
1-May-14,1038.00,1043.00,1026.00,1028.00,34608
30-Apr-14,1035.00,1039.00,1021.00,1035.00,161750
29-Apr-14,1038.00,1042.00,1029.00,1030.00,236839
28-Apr-14,1043.00,1043.00,1028.95,1029.00,85154
25-Apr-14,1045.00,1047.00,1027.00,1040.00,290698
24-Apr-14,1060.00,1060.00,1031.00,1042.00,247001
23-Apr-14,1057.00,1060.00,1042.00,1044.00,184268
22-Apr-14,1055.00,1063.00,1049.00,1051.00,194602
17-Apr-14,1040.00,1049.00,1036.00,1045.00,252766
16-Apr-14,1034.00,1039.00,1023.00,1037.00,224869
15-Apr-14,1018.00,1029.00,1011.00,1025.00,188697
14-Apr-14,1025.00,1025.00,997.00,1013.00,125190
11-Apr-14,1028.00,1033.00,1020.00,1025.00,324607
10-Apr-14,1048.00,1053.00,1027.00,1039.00,330360
9-Apr-14,1071.00,1087.20,1033.00,1035.00,240982
8-Apr-14,1113.00,1115.35,1066.00,1081.00,173726
7-Apr-14,1116.00,1118.00,1105.00,1115.00,161383
4-Apr-14,1113.00,1127.00,1108.00,1119.00,177751
3-Apr-14,1132.00,1134.24,1113.00,1115.00,131929
2-Apr-14,1134.00,1145.00,1122.00,1127.00,175277
1-Apr-14,1115.00,1130.00,1112.00,1128.00,122548
31-Mar-14,1112.00,1118.00,1109.00,1118.00,157241
28-Mar-14,1104.00,1108.00,1092.00,1098.00,75982
27-Mar-14,1090.00,1098.00,1083.00,1098.00,95166
26-Mar-14,1076.00,1090.00,1076.00,1090.00,100899
25-Mar-14,1070.00,1084.00,1061.40,1079.00,82579
24-Mar-14,1074.00,1080.00,1064.00,1070.00,128850
21-Mar-14,1077.00,1084.00,1071.00,1078.00,301096
20-Mar-14,1078.00,1083.00,1070.00,1079.00,83240
19-Mar-14,1075.00,1087.00,1072.00,1081.00,109452
18-Mar-14,1068.00,1077.00,1063.00,1071.00,94850
17-Mar-14,1063.00,1078.00,1062.08,1077.00,121772
14-Mar-14,1044.00,1062.00,1040.00,1060.00,122158
13-Mar-14,1040.00,1055.00,1040.00,1052.00,99823
12-Mar-14,1047.00,1051.00,1043.00,1045.00,142055
11-Mar-14,1037.00,1058.00,1034.00,1051.00,97219
10-Mar-14,1032.00,1055.00,1032.00,1043.00,159591
7-Mar-14,1040.00,1058.00,1029.00,1031.97,136169
6-Mar-14,1044.00,1046.00,1036.00,1039.00,131537
5-Mar-14,1035.00,1046.00,1035.00,1038.00,116056
4-Mar-14,1021.00,1052.00,1021.00,1045.70,221891
3-Mar-14,1041.00,1055.00,1022.00,1024.00,260825
28-Feb-14,1004.00,1071.00,998.50,1047.00,406486
27-Feb-14,997.50,1002.00,981.50,993.00,151614
26-Feb-14,993.50,1010.00,993.50,994.50,120453
25-Feb-14,1008.00,1009.00,994.50,999.50,203048
24-Feb-14,996.50,1012.00,996.50,1012.00,119863
21-Feb-14,1000.00,1011.00,997.50,1002.22,150213
20-Feb-14,981.00,1002.00,981.00,1000.00,174831
19-Feb-14,979.00,996.50,979.00,996.50,79162
18-Feb-14,974.00,990.00,970.50,987.50,123916
17-Feb-14,972.50,979.00,967.00,974.50,95195
14-Feb-14,954.00,971.50,954.00,967.00,63877
13-Feb-14,953.00,960.50,953.00,957.00,103298
12-Feb-14,962.50,967.00,956.50,959.50,55529
11-Feb-14,944.50,961.00,944.50,959.50,64617
10-Feb-14,945.00,953.00,941.00,949.00,65884
7-Feb-14,940.00,954.00,935.50,946.00,132877
6-Feb-14,916.50,941.00,912.00,938.50,130102
5-Feb-14,914.50,926.00,910.50,912.00,104027
4-Feb-14,914.50,932.00,911.00,917.00,113937
3-Feb-14,926.00,935.50,913.00,913.50,154096
31-Jan-14,942.00,942.00,906.50,925.00,137464
30-Jan-14,926.00,926.00,908.00,922.00,74615
29-Jan-14,933.00,938.00,914.50,918.50,126088
28-Jan-14,921.50,928.00,918.00,923.50,57023
27-Jan-14,927.00,927.00,911.50,918.00,91518
24-Jan-14,924.50,934.50,917.50,923.00,217597
23-Jan-14,928.00,942.00,917.00,920.50,59126
22-Jan-14,925.00,936.50,921.50,933.50,79432
21-Jan-14,941.00,945.50,925.50,928.00,103186
20-Jan-14,937.00,946.00,934.00,944.50,35772
17-Jan-14,956.50,956.50,935.50,937.50,74898
16-Jan-14,944.50,945.00,929.50,933.50,144881
15-Jan-14,936.50,946.00,936.00,939.00,87254
14-Jan-14,938.50,941.00,928.50,941.00,43352
13-Jan-14,945.00,949.00,937.00,939.00,51404
10-Jan-14,930.00,943.50,926.50,940.50,183111
9-Jan-14,927.00,930.50,917.00,924.00,109508
8-Jan-14,926.50,930.50,914.50,924.00,103753
7-Jan-14,935.50,937.50,925.00,929.00,146838
6-Jan-14,933.50,942.50,928.50,932.00,113595
3-Jan-14,934.00,943.00,927.00,931.50,135008
2-Jan-14,943.00,950.00,924.00,944.00,98514
31-Dec-13,940.00,943.00,932.50,936.50,22698
30-Dec-13,939.50,945.00,932.00,938.50,45519
27-Dec-13,942.00,945.00,930.50,934.00,76604
24-Dec-13,927.50,941.00,927.50,937.50,5503
23-Dec-13,897.50,935.50,897.50,930.00,80059
20-Dec-13,905.50,936.00,904.00,919.00,252100
19-Dec-13,905.00,930.00,878.00,904.00,210941
18-Dec-13,932.50,940.50,912.50,913.00,123884
17-Dec-13,924.00,946.00,924.00,932.50,204761
16-Dec-13,932.50,936.50,918.50,930.50,113467
13-Dec-13,894.50,922.00,894.50,906.50,80151
12-Dec-13,920.00,925.50,900.00,901.50,90898
11-Dec-13,908.50,928.50,908.50,925.50,147971
10-Dec-13,917.00,922.50,910.50,911.50,60912
9-Dec-13,913.50,919.00,910.00,917.00,74731
6-Dec-13,908.50,912.00,900.50,905.00,150312
5-Dec-13,890.00,905.50,884.50,897.50,177185
4-Dec-13,904.50,911.50,891.00,894.50,90251
3-Dec-13,919.50,924.50,895.50,902.00,125910
2-Dec-13,923.50,926.50,919.00,923.00,109151
29-Nov-13,917.00,925.00,916.50,921.00,97962
28-Nov-13,919.00,925.50,897.50,919.50,96350
27-Nov-13,912.50,921.50,912.50,921.50,108647
26-Nov-13,917.00,924.00,913.00,913.00,113927
25-Nov-13,929.00,933.00,914.50,914.50,89675
22-Nov-13,931.00,931.00,919.00,919.00,49479
21-Nov-13,914.50,927.00,914.50,922.00,127390
20-Nov-13,927.50,927.50,914.50,914.23,75324
19-Nov-13,940.50,948.00,930.00,930.00,92058
18-Nov-13,951.50,952.50,942.00,945.00,110486
15-Nov-13,947.00,949.00,941.00,949.00,134522
14-Nov-13,949.00,951.50,943.50,947.50,108582
13-Nov-13,949.50,956.00,937.50,939.50,156593
12-Nov-13,959.00,959.00,947.50,951.50,131229
11-Nov-13,958.00,958.00,951.50,954.50,111158
8-Nov-13,955.50,956.00,946.50,954.50,156872
7-Nov-13,955.50,961.50,946.50,960.50,130577
6-Nov-13,960.50,966.00,950.50,954.50,162149
5-Nov-13,970.00,970.00,957.50,961.50,121971
4-Nov-13,978.50,983.50,962.50,963.50,174226
1-Nov-13,986.00,988.50,970.00,980.00,116208
31-Oct-13,965.00,970.50,960.00,970.50,161901
30-Oct-13,959.00,968.00,954.50,966.00,126954
29-Oct-13,963.50,963.50,948.00,950.00,80427
28-Oct-13,959.00,959.00,947.50,949.00,85037
25-Oct-13,970.00,970.00,948.50,955.00,128126
24-Oct-13,958.50,970.00,958.50,963.00,107527
23-Oct-13,964.00,965.50,-,961.00,123366
22-Oct-13,955.00,961.50,940.00,960.50,186270
21-Oct-13,932.00,959.50,932.00,958.50,246142
18-Oct-13,928.00,937.50,910.50,932.50,229606
17-Oct-13,925.00,934.00,922.00,933.00,151968
16-Oct-13,934.50,937.50,924.00,930.00,264966
15-Oct-13,918.00,936.00,918.00,935.00,184831
14-Oct-13,910.00,918.00,910.00,916.00,161283
11-Oct-13,912.00,916.00,906.00,912.00,260837
10-Oct-13,887.00,911.50,887.00,910.00,219891
9-Oct-13,877.50,883.50,872.00,882.00,166039
8-Oct-13,890.00,894.00,876.00,876.00,149542
7-Oct-13,903.00,905.00,886.50,888.00,70619
4-Oct-13,898.00,902.50,892.50,900.00,124016
3-Oct-13,907.00,907.00,895.00,895.50,186023
2-Oct-13,906.50,910.00,902.00,906.00,310943
1-Oct-13,909.00,918.00,901.00,906.00,180174
30-Sep-13,893.00,907.50,892.00,907.50,230126
27-Sep-13,912.00,924.50,896.00,898.00,118911
26-Sep-13,916.00,916.00,896.50,908.00,112324
25-Sep-13,901.00,911.00,891.00,908.50,160794
24-Sep-13,877.00,910.50,874.50,904.50,232864
20-Sep-13,911.00,911.00,879.50,885.50,691089
19-Sep-13,922.50,922.50,909.50,913.50,124009
18-Sep-13,914.00,915.00,909.50,914.00,98471
17-Sep-13,920.50,920.50,906.00,906.00,150628
16-Sep-13,920.00,928.50,913.00,913.00,63205
13-Sep-13,923.50,923.50,910.50,910.50,53871
12-Sep-13,927.00,935.00,914.50,923.00,126290
11-Sep-13,938.50,943.50,926.50,932.00,154726
10-Sep-13,917.00,947.00,915.50,939.00,165496
9-Sep-13,930.50,930.50,901.50,906.50,122410
6-Sep-13,898.00,935.00,892.00,933.50,224052
5-Sep-13,879.00,900.00,877.50,897.50,168960
4-Sep-13,870.00,878.50,860.50,875.00,121979
3-Sep-13,871.00,878.00,865.50,871.00,114260
2-Sep-13,863.50,881.00,860.50,872.50,100383
30-Aug-13,881.00,881.00,859.00,861.00,142436
29-Aug-13,890.00,890.00,869.00,870.00,148506
28-Aug-13,884.50,892.00,877.50,888.50,129814
27-Aug-13,875.00,884.50,870.00,878.00,119515
23-Aug-13,895.00,903.00,868.50,879.00,131572
22-Aug-13,873.50,874.50,866.50,870.00,136663
21-Aug-13,870.00,873.00,861.50,870.00,84827
20-Aug-13,855.50,869.50,852.50,867.50,71736
19-Aug-13,846.00,857.50,845.00,847.50,131018
16-Aug-13,848.00,851.00,841.50,849.00,34159
15-Aug-13,850.00,853.50,845.00,851.00,141272
14-Aug-13,850.50,859.50,847.50,853.00,85458
13-Aug-13,844.00,853.00,844.00,852.00,78431
12-Aug-13,847.50,849.50,840.00,844.00,85433
9-Aug-13,843.50,853.00,838.00,849.50,93288
8-Aug-13,839.00,849.00,836.00,840.00,105518
7-Aug-13,842.50,846.00,833.00,841.00,112011
6-Aug-13,829.00,857.00,829.00,847.50,118119
5-Aug-13,820.00,850.50,820.00,836.50,90643
2-Aug-13,821.50,822.00,811.00,817.00,110920
1-Aug-13,822.00,822.00,812.00,818.00,67315
31-Jul-13,819.50,828.50,813.00,817.00,72360
30-Jul-13,810.00,820.00,810.00,817.50,62492
29-Jul-13,806.50,812.00,803.50,810.00,22796
26-Jul-13,810.00,814.50,802.00,808.00,49160
25-Jul-13,816.00,816.00,806.50,816.50,41620
24-Jul-13,824.00,827.00,812.00,819.00,40948
23-Jul-13,822.00,827.00,818.50,822.50,61940
22-Jul-13,812.00,829.00,812.00,823.50,79624
19-Jul-13,824.50,829.50,818.50,823.00,60260
18-Jul-13,815.00,830.50,811.00,823.50,62201
17-Jul-13,808.00,821.00,803.50,819.50,57291
16-Jul-13,812.50,812.50,800.50,810.00,69960
15-Jul-13,814.00,820.00,809.00,810.00,61073
12-Jul-13,810.50,812.00,801.50,811.00,73404
11-Jul-13,812.00,813.00,802.00,808.00,101335
10-Jul-13,803.50,812.50,799.50,802.00,107336
9-Jul-13,810.00,810.00,798.00,803.00,110587
8-Jul-13,789.00,806.50,787.00,799.50,245229
5-Jul-13,787.50,787.50,780.50,785.00,146790
4-Jul-13,776.50,787.00,776.50,785.00,180640
3-Jul-13,779.50,781.00,768.50,778.00,202282
2-Jul-13,774.50,800.50,774.50,784.00,219330
1-Jul-13,752.50,769.50,749.00,765.00,136126
28-Jun-13,757.50,758.50,738.00,744.50,165644
27-Jun-13,749.50,756.50,742.50,756.50,42375
26-Jun-13,745.50,753.50,744.50,746.00,65632
25-Jun-13,749.50,754.50,738.50,747.50,89166
24-Jun-13,742.00,749.00,737.08,745.50,60102
21-Jun-13,751.00,761.50,744.00,744.00,187930
20-Jun-13,769.00,776.58,750.50,753.50,107789
19-Jun-13,769.50,772.00,768.00,770.00,79840
18-Jun-13,767.00,778.50,764.00,770.00,107551
17-Jun-13,762.50,769.50,758.50,769.50,38187
14-Jun-13,758.00,765.50,756.64,759.50,86614
13-Jun-13,748.50,759.00,742.00,757.50,84738
12-Jun-13,749.00,760.00,748.00,760.00,87176
11-Jun-13,750.00,750.00,736.00,748.50,97623
10-Jun-13,750.50,756.00,745.50,750.50,53829
7-Jun-13,740.50,753.50,730.00,750.00,83071
6-Jun-13,741.50,750.00,738.00,740.00,58350
5-Jun-13,751.50,760.00,741.00,741.00,78585
4-Jun-13,760.00,760.00,750.00,755.50,43042
3-Jun-13,761.50,766.99,753.00,757.50,53632
31-May-13,771.00,771.00,761.00,763.50,88931
30-May-13,773.50,782.50,770.00,772.00,73434
29-May-13,760.00,779.50,758.00,771.50,130444
28-May-13,757.50,764.50,750.00,762.50,183480
24-May-13,761.50,765.00,751.00,755.50,41525
23-May-13,760.00,766.50,760.00,762.00,78228
22-May-13,769.50,773.00,765.50,767.00,52123
21-May-13,772.00,777.50,769.00,772.00,93950
20-May-13,768.00,785.00,768.00,775.00,82236
17-May-13,765.00,771.00,764.50,768.50,77462
16-May-13,767.00,770.50,765.00,768.50,60032
15-May-13,769.00,769.50,765.00,768.00,59825
14-May-13,762.00,767.00,762.00,764.00,62540
13-May-13,751.50,769.00,751.32,762.00,63951
10-May-13,752.50,761.00,751.50,752.50,92729
9-May-13,766.50,770.20,752.50,754.50,79984
8-May-13,766.00,774.50,761.20,768.50,54159
7-May-13,778.50,780.50,766.00,767.00,77965
3-May-13,770.00,779.50,762.00,775.50,135459
2-May-13,773.50,774.50,760.50,770.50,126325
1-May-13,777.50,777.50,765.00,770.00,49575
30-Apr-13,778.00,783.00,771.00,773.50,113473
29-Apr-13,783.00,785.00,777.50,778.50,23417
26-Apr-13,788.50,789.50,776.50,782.00,45971
25-Apr-13,790.00,794.50,772.94,782.88,160634
24-Apr-13,774.00,779.00,770.00,776.00,121089
23-Apr-13,762.00,774.00,759.00,774.00,38686
22-Apr-13,755.50,774.50,755.00,760.00,55519
19-Apr-13,745.50,755.00,741.50,754.00,108745
18-Apr-13,732.00,747.00,732.00,742.50,75273
17-Apr-13,737.50,740.50,726.50,734.00,97050
16-Apr-13,741.50,741.50,718.50,733.50,177636
15-Apr-13,751.00,755.50,732.00,737.00,93559
12-Apr-13,758.50,758.50,749.68,752.00,51107
11-Apr-13,740.00,752.50,737.90,748.50,134989
10-Apr-13,750.00,756.00,741.50,747.50,93277
9-Apr-13,779.50,779.50,752.92,770.00,136663
8-Apr-13,787.50,789.64,772.50,776.00,51076
5-Apr-13,799.00,799.00,780.00,783.50,70041
4-Apr-13,809.50,809.50,783.00,793.00,105798
3-Apr-13,812.50,816.02,800.00,807.00,97494
2-Apr-13,785.50,812.00,782.52,812.00,76660
28-Mar-13,781.00,785.58,773.00,785.00,65756
27-Mar-13,777.00,784.00,761.56,779.00,121448
26-Mar-13,776.50,780.00,762.30,772.00,98238
25-Mar-13,760.50,776.50,756.00,773.00,116709
22-Mar-13,755.00,766.48,750.00,763.00,95530
21-Mar-13,750.00,758.00,748.34,758.00,44091
20-Mar-13,752.00,760.50,750.50,753.00,38076
19-Mar-13,743.50,755.00,743.50,752.00,47592
18-Mar-13,756.00,758.00,748.00,752.00,65133
15-Mar-13,750.00,762.50,743.86,762.50,242157
14-Mar-13,750.00,750.50,743.50,750.00,104152
13-Mar-13,753.00,755.00,745.92,750.00,44933
12-Mar-13,734.50,742.50,732.00,740.00,53855
11-Mar-13,719.00,750.00,719.00,733.00,67822
8-Mar-13,730.00,730.00,717.50,718.00,65638
7-Mar-13,716.00,725.00,708.00,721.50,45937
6-Mar-13,712.00,720.50,704.50,710.50,90376
5-Mar-13,710.50,726.00,710.50,718.00,77002
4-Mar-13,707.00,707.50,692.61,707.50,79032
1-Mar-13,683.00,708.00,683.00,702.00,88643
28-Feb-13,682.00,684.50,673.14,682.50,54913
27-Feb-13,673.00,679.00,670.26,679.00,79327
26-Feb-13,655.00,666.50,653.50,666.50,66164
25-Feb-13,673.00,673.05,666.00,670.50,44017
22-Feb-13,663.50,674.00,662.50,666.50,50774
21-Feb-13,653.00,659.00,652.00,658.50,40912
20-Feb-13,650.50,667.00,646.00,662.00,69086
19-Feb-13,645.00,651.50,640.00,647.00,46077
18-Feb-13,632.50,640.00,627.98,636.00,34259
15-Feb-13,616.00,633.50,616.00,632.50,61603
14-Feb-13,624.50,625.50,613.50,620.50,32648
13-Feb-13,618.50,627.50,616.62,625.50,92737
12-Feb-13,618.00,621.00,611.50,619.00,21754
11-Feb-13,620.50,621.00,611.00,613.50,44937
8-Feb-13,617.50,622.00,617.00,620.00,42625
7-Feb-13,622.00,625.00,616.50,618.00,66676
6-Feb-13,621.50,621.50,617.00,618.00,39220
5-Feb-13,620.00,621.00,608.50,619.00,23548
4-Feb-13,620.00,620.50,615.50,618.00,42545
1-Feb-13,598.00,619.50,598.00,619.50,58213
31-Jan-13,605.50,613.00,602.00,610.00,66658
30-Jan-13,622.50,622.50,606.07,607.50,72346
29-Jan-13,625.00,625.00,618.00,618.00,32940
28-Jan-13,625.00,626.50,620.00,624.00,63054
25-Jan-13,628.00,629.50,620.00,625.00,59838
24-Jan-13,628.00,629.00,623.00,625.00,69287
23-Jan-13,630.50,631.50,617.00,628.00,64961
22-Jan-13,630.00,635.00,626.58,630.00,33724
21-Jan-13,640.00,640.00,622.50,634.00,47964
18-Jan-13,622.00,634.00,621.50,632.00,64404
17-Jan-13,616.50,623.00,616.50,620.00,36329
16-Jan-13,622.00,626.00,610.50,613.50,67638
15-Jan-13,619.00,621.50,616.06,621.50,35271
14-Jan-13,626.00,626.00,614.00,616.00,55415
11-Jan-13,618.50,620.09,613.41,619.50,28665
10-Jan-13,617.00,620.50,614.25,615.50,35984
9-Jan-13,614.00,618.50,611.50,616.50,44831
8-Jan-13,619.50,619.50,610.00,616.00,31296
7-Jan-13,612.00,621.50,608.12,617.50,58576
4-Jan-13,620.50,621.50,614.83,616.00,49090
3-Jan-13,625.00,625.00,615.00,618.00,59264
2-Jan-13,606.50,620.00,599.14,619.00,56978
