31-Dec-15,308.60,312.40,307.80,309.30,43319
30-Dec-15,311.00,316.00,306.10,309.40,151810
29-Dec-15,314.00,318.80,310.75,316.00,180404
24-Dec-15,309.00,314.00,307.20,312.10,29858
23-Dec-15,300.00,308.20,296.30,308.20,187620
22-Dec-15,300.50,306.00,292.80,304.00,199053
21-Dec-15,290.50,304.80,290.50,299.20,348853
18-Dec-15,297.00,299.80,291.00,291.50,427141
16-Dec-15,313.40,319.40,295.10,301.70,294012
15-Dec-15,315.50,325.20,315.50,321.10,231688
14-Dec-15,325.00,325.00,313.18,319.20,138037
11-Dec-15,320.50,324.10,318.00,319.84,128963
10-Dec-15,341.30,341.80,322.60,325.00,292678
9-Dec-15,354.70,354.70,341.10,344.83,185312
8-Dec-15,354.20,354.20,344.00,347.00,219357
7-Dec-15,364.10,364.10,345.16,346.20,124892
4-Dec-15,364.60,366.40,353.60,355.60,231026
3-Dec-15,358.20,364.30,355.00,355.00,197310
2-Dec-15,353.60,364.90,353.60,364.40,121511
1-Dec-15,349.00,360.60,349.00,359.80,138096
30-Nov-15,358.00,358.00,347.90,355.80,290868
27-Nov-15,353.00,353.00,348.10,348.70,55034
26-Nov-15,350.50,351.64,345.00,350.49,101586
25-Nov-15,352.00,352.00,346.50,349.10,65044
24-Nov-15,348.80,348.80,343.60,346.80,118898
23-Nov-15,350.00,350.00,345.90,349.30,131967
20-Nov-15,350.40,351.90,346.08,349.79,169137
19-Nov-15,349.60,350.70,346.87,350.31,281763
18-Nov-15,350.00,350.90,346.40,349.70,184700
17-Nov-15,351.50,356.28,347.90,350.30,244863
16-Nov-15,350.00,350.50,346.30,349.79,362905
13-Nov-15,351.60,359.10,345.40,350.00,375815
12-Nov-15,362.30,362.30,351.80,353.80,124822
11-Nov-15,366.00,368.40,357.60,358.60,202960
10-Nov-15,371.40,371.40,365.20,367.80,161587
9-Nov-15,372.80,372.80,367.40,370.00,175635
6-Nov-15,372.60,372.90,365.80,369.80,243807
5-Nov-15,375.00,376.60,367.00,369.70,284508
4-Nov-15,375.00,376.30,371.90,373.90,213719
3-Nov-15,372.40,375.60,369.70,371.60,208553
2-Nov-15,374.40,378.70,373.60,373.60,199992
30-Oct-15,379.40,379.40,373.00,374.90,242796
29-Oct-15,380.90,380.90,373.95,376.10,307863
28-Oct-15,383.60,384.40,378.00,380.40,194425
27-Oct-15,384.50,388.80,381.80,385.00,218159
26-Oct-15,382.50,385.20,378.20,383.60,186973
23-Oct-15,386.70,395.00,384.10,384.30,187289
22-Oct-15,391.90,391.90,386.80,389.10,288678
21-Oct-15,388.00,400.00,381.00,389.00,437731
20-Oct-15,369.00,382.30,365.10,380.00,528880
19-Oct-15,352.60,366.10,352.60,364.80,216528
16-Oct-15,348.60,359.90,348.00,356.00,441561
15-Oct-15,342.00,356.10,339.20,340.00,273947
14-Oct-15,323.00,344.80,323.00,340.00,580311
13-Oct-15,321.50,321.50,315.10,316.00,174222
12-Oct-15,319.90,322.00,317.94,320.90,145917
9-Oct-15,321.50,321.50,315.70,318.00,190837
8-Oct-15,321.50,321.50,315.40,317.20,179382
7-Oct-15,320.20,320.20,313.90,318.00,217924
6-Oct-15,320.20,320.20,315.36,319.00,167429
5-Oct-15,317.20,320.00,316.60,318.10,121455
2-Oct-15,311.50,317.00,310.89,317.00,117214
1-Oct-15,309.20,310.70,306.81,310.20,128424
30-Sep-15,309.40,309.40,303.20,306.20,153202
29-Sep-15,304.00,307.70,300.60,306.30,156869
28-Sep-15,306.50,307.10,302.70,304.30,147756
25-Sep-15,302.80,306.20,302.00,304.80,138186
24-Sep-15,301.00,303.80,300.90,303.00,185877
23-Sep-15,295.80,302.80,295.80,302.10,210594
22-Sep-15,301.60,301.60,296.90,300.10,162923
21-Sep-15,290.50,302.30,290.50,299.40,165413
18-Sep-15,299.10,302.50,295.00,298.10,207626
17-Sep-15,300.50,302.00,295.00,297.10,119718
16-Sep-15,299.40,300.30,295.00,298.70,169619
15-Sep-15,294.90,300.20,292.90,295.90,312121
14-Sep-15,293.20,294.80,290.20,294.00,118041
11-Sep-15,297.90,298.60,287.80,291.40,138201
10-Sep-15,303.40,303.40,297.70,297.80,154338
9-Sep-15,300.30,303.60,295.10,303.50,193550
8-Sep-15,293.20,296.40,291.09,296.20,197583
7-Sep-15,298.70,300.92,292.80,294.80,109442
4-Sep-15,300.10,304.90,296.50,297.80,190909
3-Sep-15,305.50,308.50,300.50,304.60,212407
2-Sep-15,297.30,304.00,297.10,301.70,282487
1-Sep-15,296.00,301.79,289.60,300.00,361560
28-Aug-15,299.10,301.91,292.50,300.30,179077
27-Aug-15,289.60,304.20,289.60,300.20,307734
26-Aug-15,295.90,299.90,287.20,290.00,419880
25-Aug-15,305.80,311.90,290.30,309.80,422823
24-Aug-15,296.50,311.20,286.03,305.00,414973
21-Aug-15,321.70,321.70,296.80,298.30,287273
20-Aug-15,322.10,324.30,317.20,321.70,160874
19-Aug-15,327.20,327.20,319.90,320.00,180292
18-Aug-15,332.20,332.20,328.30,331.25,132780
17-Aug-15,328.20,331.70,325.60,330.00,211510
14-Aug-15,319.00,330.80,319.00,329.30,430480
13-Aug-15,322.40,322.40,313.95,319.15,153552
12-Aug-15,319.80,319.80,315.20,317.30,235438
11-Aug-15,311.50,322.00,311.50,320.00,297223
10-Aug-15,316.70,317.70,308.10,315.40,94929
7-Aug-15,313.90,324.80,309.90,312.40,107843
6-Aug-15,321.80,324.30,318.60,321.40,106697
5-Aug-15,316.10,321.07,313.70,319.50,114379
4-Aug-15,315.90,319.40,309.40,318.20,123472
3-Aug-15,318.90,323.90,307.30,311.10,208388
31-Jul-15,319.00,319.90,315.60,318.40,283794
30-Jul-15,324.20,326.11,314.50,317.90,192234
29-Jul-15,332.50,332.50,321.40,325.27,186954
28-Jul-15,325.10,334.30,325.10,327.50,138408
27-Jul-15,329.80,331.70,320.40,325.70,179167
24-Jul-15,330.80,334.20,327.00,329.10,177170
23-Jul-15,325.00,333.50,325.00,329.90,214227
22-Jul-15,344.70,347.50,323.20,326.60,425269
21-Jul-15,340.10,346.70,338.00,346.70,258944
20-Jul-15,332.50,339.10,331.10,338.60,101487
17-Jul-15,336.90,338.40,329.30,331.90,242045
16-Jul-15,345.90,347.60,334.40,334.40,180665
15-Jul-15,337.90,347.50,336.60,345.60,154104
14-Jul-15,337.30,337.30,330.93,337.00,80727
13-Jul-15,334.80,339.20,331.30,337.30,107468
10-Jul-15,330.50,333.70,328.60,333.70,130420
9-Jul-15,318.10,330.60,318.10,328.40,200364
8-Jul-15,328.50,329.90,315.70,319.40,220704
7-Jul-15,343.90,343.90,325.90,327.90,250862
6-Jul-15,340.40,340.40,332.60,334.60,138831
3-Jul-15,344.80,355.03,339.80,339.80,168107
2-Jul-15,345.90,356.10,344.78,354.20,230044
1-Jul-15,343.10,356.60,343.10,354.50,231610
30-Jun-15,342.20,345.90,337.00,342.20,226581
29-Jun-15,339.40,350.20,337.30,343.40,302210
26-Jun-15,361.80,361.80,344.40,347.90,333075
25-Jun-15,362.40,365.40,358.40,360.70,229958
24-Jun-15,364.80,365.90,358.20,361.30,214849
23-Jun-15,357.30,363.70,355.70,360.50,317620
22-Jun-15,362.30,364.40,355.80,357.60,228138
19-Jun-15,352.00,366.10,349.70,360.50,870767
18-Jun-15,347.00,354.80,342.60,352.60,250886
17-Jun-15,344.80,348.10,336.20,344.90,238100
16-Jun-15,347.00,349.00,342.08,345.10,246974
15-Jun-15,345.40,351.00,337.20,347.80,277299
12-Jun-15,346.10,350.90,343.00,343.90,173639
11-Jun-15,352.20,352.20,344.30,344.30,246223
10-Jun-15,339.00,345.90,336.90,343.50,190394
9-Jun-15,338.60,342.00,335.00,335.40,212369
8-Jun-15,334.90,340.50,334.90,335.80,116428
5-Jun-15,342.50,342.50,334.50,336.80,243449
4-Jun-15,341.80,348.30,336.00,341.00,294180
3-Jun-15,339.70,345.00,335.30,339.30,251503
2-Jun-15,343.80,343.80,336.70,342.90,269042
1-Jun-15,335.00,341.80,331.50,340.20,223950
29-May-15,336.00,337.70,332.60,335.00,288202
28-May-15,339.90,345.30,334.10,336.70,275620
27-May-15,322.10,338.60,322.10,335.70,217964
26-May-15,335.80,337.70,324.80,326.80,208603
22-May-15,337.40,342.20,336.69,340.00,167266
21-May-15,340.00,341.60,336.00,340.00,322953
20-May-15,346.40,346.40,334.40,338.20,321091
19-May-15,342.00,346.40,339.26,342.00,284777
18-May-15,343.60,345.60,340.90,342.70,182596
15-May-15,341.00,345.70,336.31,340.80,178865
14-May-15,347.20,347.20,335.10,341.70,237725
13-May-15,343.10,349.80,343.10,343.80,339655
12-May-15,331.60,348.10,331.60,345.90,315577
11-May-15,340.60,340.60,331.79,337.10,362253
8-May-15,335.90,350.50,333.00,335.10,451767
7-May-15,318.00,330.00,318.00,328.00,416165
6-May-15,337.90,339.29,315.80,322.10,409555
5-May-15,349.00,350.20,335.00,335.00,227812
1-May-15,345.50,346.90,336.20,344.90,125372
30-Apr-15,349.50,357.60,339.90,349.30,609917
29-Apr-15,321.50,351.10,321.40,335.10,664059
28-Apr-15,321.70,322.60,317.40,321.80,147106
27-Apr-15,319.30,320.80,314.61,319.30,177534
24-Apr-15,320.50,327.90,319.00,319.30,292738
23-Apr-15,318.00,329.40,313.20,320.00,214676
22-Apr-15,315.00,321.30,314.00,315.00,289742
21-Apr-15,317.60,324.90,315.50,320.90,202536
20-Apr-15,323.90,330.40,319.41,320.40,250204
17-Apr-15,331.00,337.57,324.30,327.40,391541
16-Apr-15,329.50,331.80,323.90,329.80,385292
15-Apr-15,336.70,336.70,323.00,324.50,291505
14-Apr-15,329.50,331.60,325.00,330.10,157451
13-Apr-15,333.20,333.20,324.10,325.70,148042
10-Apr-15,322.80,330.00,320.80,329.10,168466
9-Apr-15,328.10,328.10,317.50,320.90,172988
8-Apr-15,328.30,329.40,320.00,321.90,173435
7-Apr-15,327.40,328.90,323.60,328.10,162004
2-Apr-15,321.70,323.20,317.70,323.20,188039
1-Apr-15,315.40,322.30,315.40,317.50,131749
31-Mar-15,320.90,322.80,314.90,318.20,237402
30-Mar-15,312.50,325.00,312.50,319.10,302914
27-Mar-15,329.10,333.40,316.90,320.50,266124
26-Mar-15,329.00,334.22,323.66,327.20,235849
25-Mar-15,332.00,341.60,332.00,335.20,302694
24-Mar-15,355.90,355.90,334.80,335.20,269712
23-Mar-15,364.20,364.20,349.90,352.00,150168
20-Mar-15,359.40,363.60,351.80,358.60,253504
19-Mar-15,366.80,366.80,354.50,360.70,171300
18-Mar-15,355.10,360.60,349.20,356.80,317205
17-Mar-15,346.70,355.00,342.90,355.00,409595
16-Mar-15,330.20,345.10,330.20,345.10,276517
13-Mar-15,330.00,332.50,328.60,332.40,364499
12-Mar-15,339.90,343.40,327.00,331.90,491085
11-Mar-15,371.00,371.80,338.39,353.50,1149578
10-Mar-15,419.50,421.10,406.50,409.83,169215
9-Mar-15,427.80,427.80,415.70,417.10,165923
6-Mar-15,429.10,432.80,424.25,426.20,181596
5-Mar-15,437.00,437.00,425.80,427.80,139735
4-Mar-15,433.00,441.30,433.00,436.60,277993
3-Mar-15,446.50,446.50,432.80,435.00,248167
2-Mar-15,452.80,454.70,442.10,442.10,139627
27-Feb-15,452.80,455.70,445.90,448.60,152079
26-Feb-15,442.00,451.30,438.20,451.30,94223
25-Feb-15,432.70,440.30,425.34,436.00,155576
24-Feb-15,433.00,433.00,429.10,431.10,75840
23-Feb-15,434.00,434.00,428.00,431.30,85184
20-Feb-15,432.00,432.00,427.50,430.00,242418
19-Feb-15,432.00,434.40,427.18,429.50,211959
18-Feb-15,430.70,432.60,423.74,432.00,226876
17-Feb-15,431.60,434.40,424.96,428.70,159239
16-Feb-15,433.10,434.80,427.20,430.00,138864
13-Feb-15,437.00,437.00,428.70,430.00,84244
12-Feb-15,434.30,438.00,430.60,434.00,135946
11-Feb-15,442.00,442.00,430.30,431.60,118830
10-Feb-15,439.30,444.00,433.90,441.50,310749
9-Feb-15,444.10,445.00,440.50,442.12,230462
6-Feb-15,444.20,450.10,440.90,446.13,260476
5-Feb-15,451.90,456.00,445.50,451.58,217768
4-Feb-15,435.00,450.90,435.00,447.58,152298
3-Feb-15,436.90,442.10,431.50,435.20,84490
2-Feb-15,436.20,438.60,429.00,430.86,82862
30-Jan-15,438.40,438.40,429.00,431.07,139978
29-Jan-15,430.10,436.58,430.10,432.30,127571
28-Jan-15,439.90,442.40,431.80,433.13,137406
27-Jan-15,436.20,438.10,431.60,432.72,170310
26-Jan-15,430.10,437.94,430.00,432.03,175725
23-Jan-15,420.70,433.30,420.70,433.20,247678
22-Jan-15,418.00,426.10,418.00,421.40,381602
21-Jan-15,415.60,423.10,410.00,416.50,172793
20-Jan-15,408.40,414.70,402.90,411.00,178541
19-Jan-15,396.50,405.00,390.10,404.30,183144
16-Jan-15,395.00,398.10,389.20,391.50,229501
15-Jan-15,400.30,404.50,394.00,395.80,244716
14-Jan-15,402.10,405.78,397.10,401.30,234281
13-Jan-15,388.40,409.20,388.00,407.50,452065
12-Jan-15,382.10,388.70,376.70,387.40,381762
9-Jan-15,374.00,381.30,372.92,379.60,322210
8-Jan-15,366.20,375.70,357.00,374.70,222387
7-Jan-15,362.80,371.90,355.00,363.70,322192
6-Jan-15,365.00,371.28,360.50,361.40,221658
5-Jan-15,370.00,375.30,366.60,368.70,169597
31-Dec-14,372.20,383.40,372.20,383.40,128429
30-Dec-14,358.60,377.80,355.64,377.80,227478
29-Dec-14,373.00,373.00,354.60,355.90,188911
24-Dec-14,373.00,373.00,363.70,371.80,31016
23-Dec-14,358.60,368.20,357.68,367.00,199054
22-Dec-14,351.80,358.00,349.00,356.70,143050
19-Dec-14,345.20,352.40,341.30,349.70,464711
18-Dec-14,346.00,349.50,344.70,345.50,201909
17-Dec-14,343.70,347.20,334.30,343.10,235143
16-Dec-14,344.90,347.70,336.60,345.30,222517
15-Dec-14,349.90,350.00,339.20,340.00,252081
12-Dec-14,334.00,348.80,333.60,347.20,424320
11-Dec-14,345.30,349.80,337.30,340.50,290951
10-Dec-14,335.60,357.60,334.00,350.00,652035
9-Dec-14,329.10,329.10,316.40,326.37,555164
8-Dec-14,339.50,339.50,328.80,333.50,239080
5-Dec-14,334.20,344.10,333.40,337.40,220427
4-Dec-14,334.10,335.90,330.22,334.90,249307
3-Dec-14,332.10,334.38,327.50,329.60,259625
2-Dec-14,340.60,340.60,327.50,331.00,339260
1-Dec-14,340.00,342.00,335.70,336.80,222726
28-Nov-14,344.20,344.30,338.30,340.50,259290
27-Nov-14,340.30,342.94,338.00,339.40,195586
26-Nov-14,335.90,342.60,333.80,336.80,173945
25-Nov-14,338.40,342.60,333.19,340.56,135112
24-Nov-14,335.80,340.36,334.70,336.70,179219
21-Nov-14,333.20,340.70,333.20,338.40,171357
20-Nov-14,340.70,343.20,331.40,335.40,277762
19-Nov-14,340.40,343.80,339.00,342.20,172832
18-Nov-14,347.30,348.80,340.10,343.60,211152
17-Nov-14,340.20,345.50,339.00,342.80,142833
14-Nov-14,339.80,344.60,339.00,342.60,255770
13-Nov-14,346.00,347.80,336.50,337.90,201023
12-Nov-14,349.60,349.60,341.40,344.00,264111
11-Nov-14,354.70,354.70,344.00,347.00,246904
10-Nov-14,340.10,353.60,337.90,349.30,222053
7-Nov-14,346.50,349.00,333.20,337.70,289726
6-Nov-14,332.30,344.80,329.60,342.70,302666
5-Nov-14,327.50,330.80,323.00,330.80,308703
4-Nov-14,341.70,341.70,322.30,323.50,363554
3-Nov-14,337.80,340.00,334.20,338.90,267055
31-Oct-14,342.00,343.60,333.60,341.65,490219
30-Oct-14,343.60,343.60,336.40,339.10,358759
29-Oct-14,332.80,341.30,329.60,337.65,272173
28-Oct-14,328.70,333.40,326.85,332.40,280055
27-Oct-14,325.50,330.50,321.70,326.70,357156
24-Oct-14,321.20,330.40,321.00,325.10,364236
23-Oct-14,324.90,330.10,320.50,324.90,385501
22-Oct-14,318.30,327.30,316.30,325.20,400338
21-Oct-14,306.50,321.20,306.00,313.00,475111
20-Oct-14,304.00,310.50,302.56,310.20,419979
17-Oct-14,306.60,313.00,299.20,305.40,457676
16-Oct-14,300.00,314.90,289.57,308.00,703827
15-Oct-14,300.00,305.80,291.40,297.10,393518
14-Oct-14,283.00,304.10,283.00,300.90,626965
13-Oct-14,292.00,295.50,282.50,286.60,1275317
10-Oct-14,295.90,299.20,290.00,295.00,1384578
9-Oct-14,330.00,332.80,299.80,303.15,1626345
8-Oct-14,354.00,354.40,347.30,348.20,342353
7-Oct-14,358.00,360.00,354.00,356.00,241209
6-Oct-14,361.40,363.00,355.70,357.80,195443
3-Oct-14,359.00,359.72,353.20,356.00,287676
2-Oct-14,370.00,370.00,354.79,356.00,373519
1-Oct-14,382.70,382.70,368.77,369.90,189698
30-Sep-14,379.00,384.60,374.50,378.25,346899
29-Sep-14,383.50,385.00,378.50,380.60,235771
26-Sep-14,382.00,387.12,380.00,383.60,204833
25-Sep-14,389.10,391.70,381.80,384.40,188093
24-Sep-14,391.60,391.60,384.00,389.50,215979
23-Sep-14,386.70,391.10,379.80,390.70,338610
22-Sep-14,394.50,400.00,386.60,387.63,167287
19-Sep-14,390.80,402.00,389.70,393.76,618759
18-Sep-14,385.00,390.00,383.70,387.85,240512
17-Sep-14,385.20,387.37,378.00,386.00,296276
16-Sep-14,395.40,397.43,380.10,388.00,516648
15-Sep-14,418.70,419.10,404.52,405.00,170632
12-Sep-14,411.70,425.00,411.70,418.20,217438
11-Sep-14,414.80,421.70,409.70,413.00,151030
10-Sep-14,419.30,421.60,414.10,416.90,146937
9-Sep-14,423.80,424.00,416.50,417.70,208348
8-Sep-14,429.60,432.50,421.00,421.50,200277
5-Sep-14,441.90,441.90,428.17,430.00,264830
4-Sep-14,441.90,445.00,438.30,439.15,99831
3-Sep-14,448.00,451.70,443.10,447.55,156788
2-Sep-14,436.90,448.60,436.00,447.50,142951
1-Sep-14,444.90,444.90,436.20,438.62,132548
29-Aug-14,454.10,457.90,434.10,437.93,223836
28-Aug-14,459.60,459.60,447.60,450.90,96017
27-Aug-14,451.50,460.60,448.52,456.80,100158
26-Aug-14,447.90,454.70,446.90,452.40,149215
22-Aug-14,443.80,445.70,438.60,445.20,95834
21-Aug-14,446.50,449.90,442.10,443.00,102228
20-Aug-14,445.30,446.20,440.70,443.00,117191
19-Aug-14,445.30,448.70,440.00,446.00,153271
18-Aug-14,446.10,447.00,443.20,444.00,65575
15-Aug-14,443.50,449.50,439.20,441.70,114905
14-Aug-14,432.90,443.00,432.90,439.70,154955
13-Aug-14,434.50,436.50,429.60,435.00,280525
12-Aug-14,440.20,442.10,430.10,433.40,157496
11-Aug-14,436.10,443.70,430.86,441.24,162571
8-Aug-14,424.10,434.60,422.00,432.70,186891
7-Aug-14,428.80,429.20,422.40,426.98,145257
6-Aug-14,430.80,430.82,420.20,426.20,169569
5-Aug-14,425.00,433.10,425.00,431.60,182904
4-Aug-14,425.40,427.90,423.40,424.10,431783
1-Aug-14,430.00,433.00,423.90,425.00,280655
31-Jul-14,431.30,434.60,425.80,431.70,358143
30-Jul-14,427.20,430.60,423.96,427.20,236611
29-Jul-14,424.40,427.50,420.00,426.90,218031
28-Jul-14,422.60,422.60,418.20,419.80,195107
25-Jul-14,421.40,426.80,418.30,420.00,237064
24-Jul-14,418.40,422.50,413.70,418.85,227284
23-Jul-14,406.60,418.60,406.10,415.90,227058
22-Jul-14,407.90,408.20,402.50,406.20,259809
21-Jul-14,416.40,416.40,402.30,404.30,231957
18-Jul-14,415.80,415.80,407.30,413.30,158297
17-Jul-14,417.10,421.70,413.20,417.42,209220
16-Jul-14,414.10,426.78,410.00,420.80,372767
15-Jul-14,408.80,419.60,404.50,408.60,406938
14-Jul-14,405.10,409.76,403.00,407.20,150631
11-Jul-14,404.20,407.30,399.60,402.90,257138
10-Jul-14,405.40,405.40,398.90,403.00,725910
9-Jul-14,416.70,418.30,402.50,405.10,414790
8-Jul-14,426.80,428.62,417.00,417.00,459494
7-Jul-14,432.50,437.74,426.60,428.70,312121
4-Jul-14,432.20,435.00,427.66,430.80,133816
3-Jul-14,425.00,435.20,422.50,430.00,216147
2-Jul-14,421.00,428.20,421.00,426.00,343070
1-Jul-14,425.50,428.70,420.00,425.42,289987
30-Jun-14,426.90,426.90,419.00,423.00,434501
27-Jun-14,412.20,426.40,412.20,424.40,404448
26-Jun-14,417.80,421.30,414.60,420.80,377476
25-Jun-14,420.80,423.50,411.40,419.00,314101
24-Jun-14,427.30,428.90,420.20,424.11,422477
23-Jun-14,437.50,438.00,423.00,424.80,478539
20-Jun-14,423.00,440.40,423.00,438.10,648098
19-Jun-14,423.60,425.00,420.10,423.00,726315
18-Jun-14,433.00,434.82,413.07,420.60,881835
17-Jun-14,441.00,446.50,433.50,435.20,484100
16-Jun-14,445.00,449.80,440.10,441.00,345085
13-Jun-14,459.10,461.00,447.10,449.50,340525
12-Jun-14,463.30,466.18,458.00,463.00,262801
11-Jun-14,460.90,468.20,459.10,464.00,203437
10-Jun-14,465.80,465.80,461.48,463.50,148746
9-Jun-14,458.50,466.50,457.90,464.00,484139
6-Jun-14,457.80,459.30,452.09,457.00,498795
5-Jun-14,470.00,470.00,451.50,455.00,299111
4-Jun-14,469.50,470.00,463.90,469.20,100693
3-Jun-14,470.20,472.20,464.80,468.80,118259
2-Jun-14,470.00,470.50,465.79,467.00,225261
30-May-14,469.90,470.00,466.80,469.00,229713
29-May-14,470.80,476.30,466.90,469.00,181940
28-May-14,465.70,476.20,465.60,472.00,274850
27-May-14,465.00,471.40,459.19,467.30,148687
23-May-14,467.60,467.60,458.50,459.00,205181
22-May-14,462.00,467.90,460.00,463.90,269025
21-May-14,464.00,466.80,459.60,460.20,223384
20-May-14,455.90,461.50,455.00,459.08,327323
19-May-14,454.50,464.60,451.40,457.40,487208
16-May-14,460.40,463.10,450.30,451.20,505662
15-May-14,466.80,469.80,453.10,461.50,523222
14-May-14,465.70,473.00,464.92,465.85,229704
13-May-14,471.50,476.60,466.10,467.50,136537
12-May-14,470.70,478.94,466.60,471.60,225790
9-May-14,464.80,474.44,464.80,470.00,371603
8-May-14,465.70,469.24,461.20,464.00,409873
7-May-14,446.20,469.90,445.20,456.00,604109
6-May-14,464.70,475.50,443.20,452.50,577412
2-May-14,482.80,486.14,455.60,465.00,496919
1-May-14,500.50,534.50,482.00,506.00,231883
30-Apr-14,505.50,516.00,505.34,513.00,156080
29-Apr-14,503.00,510.65,503.00,508.00,124796
28-Apr-14,507.00,511.00,499.40,505.50,83714
25-Apr-14,503.00,509.50,500.58,501.50,111664
24-Apr-14,510.00,512.64,504.00,509.00,161050
23-Apr-14,513.50,513.50,507.50,510.00,91755
22-Apr-14,510.50,520.38,510.25,512.00,94582
17-Apr-14,515.00,517.50,506.50,513.00,68978
16-Apr-14,506.00,518.25,505.00,511.50,118825
15-Apr-14,502.00,508.50,497.00,499.30,113187
14-Apr-14,519.50,525.22,502.00,507.00,198183
11-Apr-14,520.00,525.00,509.14,520.50,127282
10-Apr-14,530.00,541.00,528.50,530.50,74430
9-Apr-14,533.00,545.00,525.45,530.00,158323
8-Apr-14,549.00,550.50,528.50,535.50,127787
7-Apr-14,562.00,567.50,548.00,549.00,96460
4-Apr-14,580.50,581.50,567.50,568.00,65812
3-Apr-14,560.00,576.50,560.00,574.00,119458
2-Apr-14,574.00,581.64,571.00,571.00,188409
1-Apr-14,579.50,581.85,571.00,575.00,163784
31-Mar-14,575.50,577.66,566.50,571.50,282153
28-Mar-14,575.00,579.00,570.00,570.50,199255
27-Mar-14,571.50,575.00,568.32,570.00,49756
26-Mar-14,570.00,575.00,567.03,570.00,100364
25-Mar-14,559.50,569.00,557.50,566.00,99109
24-Mar-14,558.00,563.00,553.00,556.50,131914
21-Mar-14,567.00,570.00,556.00,556.00,163056
20-Mar-14,568.00,571.50,562.50,569.00,66654
19-Mar-14,571.00,577.00,568.00,568.50,97875
18-Mar-14,567.50,570.00,561.00,569.00,153349
17-Mar-14,559.50,571.50,559.50,569.50,69421
14-Mar-14,558.00,564.50,555.00,560.00,132439
13-Mar-14,565.50,567.00,557.50,559.00,119442
12-Mar-14,570.00,570.00,540.00,564.50,479662
11-Mar-14,588.50,590.00,576.50,579.50,109260
10-Mar-14,591.00,594.50,587.00,587.50,97676
7-Mar-14,590.50,592.00,587.00,590.53,162709
6-Mar-14,586.50,595.00,586.50,592.48,148903
5-Mar-14,594.00,599.50,587.00,590.00,106335
4-Mar-14,588.50,600.00,585.00,590.50,207477
3-Mar-14,579.50,586.00,571.00,573.29,118970
28-Feb-14,584.00,590.50,577.00,588.00,141995
27-Feb-14,577.00,586.00,570.00,584.50,170695
26-Feb-14,584.50,586.50,578.50,581.50,81306
25-Feb-14,589.00,589.00,579.00,582.50,182977
24-Feb-14,593.50,593.50,585.50,588.00,100518
21-Feb-14,591.00,594.00,587.00,591.50,122074
20-Feb-14,580.50,596.00,580.50,593.50,140927
19-Feb-14,584.00,590.00,579.50,587.00,45474
18-Feb-14,582.50,589.50,581.00,589.00,72442
17-Feb-14,580.00,585.00,576.50,584.50,57571
14-Feb-14,568.50,582.50,566.00,574.50,67732
13-Feb-14,560.00,569.50,560.00,566.00,68848
12-Feb-14,563.00,569.00,559.50,567.50,87745
11-Feb-14,549.50,567.00,549.50,563.50,93317
10-Feb-14,547.00,553.50,546.00,550.00,82787
7-Feb-14,547.00,555.50,547.00,547.50,105885
6-Feb-14,538.00,553.50,535.00,550.50,186273
5-Feb-14,524.50,539.00,524.50,534.50,117462
4-Feb-14,529.50,535.00,527.00,527.00,85999
3-Feb-14,537.50,546.00,534.00,535.50,80113
31-Jan-14,547.50,550.50,533.00,540.50,159559
30-Jan-14,540.00,545.50,538.00,542.00,117318
29-Jan-14,530.50,541.00,530.50,540.00,179772
28-Jan-14,531.00,540.00,529.00,530.00,110373
27-Jan-14,544.50,545.00,530.50,530.50,195146
24-Jan-14,554.50,557.00,544.50,549.00,208225
23-Jan-14,549.00,554.00,547.50,550.00,211007
22-Jan-14,552.50,561.00,551.00,554.50,81973
21-Jan-14,553.50,557.50,551.00,556.00,135658
20-Jan-14,563.00,565.00,551.50,556.50,99931
17-Jan-14,558.00,565.50,553.50,557.00,238034
16-Jan-14,543.50,575.50,538.50,553.98,326156
15-Jan-14,554.50,559.50,547.00,559.50,242610
14-Jan-14,547.00,553.00,542.00,551.50,70103
13-Jan-14,560.00,562.50,550.00,550.00,87736
10-Jan-14,523.50,565.00,523.50,560.00,220942
9-Jan-14,533.00,535.50,525.00,525.00,94098
8-Jan-14,541.00,541.50,530.00,530.00,63014
7-Jan-14,540.00,545.50,536.00,542.50,55429
6-Jan-14,538.00,548.50,538.00,542.00,98991
3-Jan-14,520.00,538.50,520.00,535.00,102096
2-Jan-14,532.00,532.00,518.50,519.50,100829
31-Dec-13,527.00,532.50,526.50,532.50,24773
30-Dec-13,524.50,528.50,512.00,528.50,168744
27-Dec-13,511.00,521.00,511.00,518.50,38197
24-Dec-13,519.00,523.00,511.00,513.00,39845
23-Dec-13,532.00,532.00,515.00,520.50,69447
20-Dec-13,517.50,538.50,517.50,528.00,261057
19-Dec-13,521.50,526.00,517.50,518.50,83343
18-Dec-13,518.50,524.00,514.50,514.50,125694
17-Dec-13,517.00,520.50,516.00,518.00,106666
16-Dec-13,510.00,519.00,510.00,519.00,78781
13-Dec-13,512.50,515.00,504.50,512.50,65391
12-Dec-13,519.00,519.00,510.00,512.00,77526
11-Dec-13,520.00,527.50,517.00,521.00,150513
10-Dec-13,512.50,522.00,508.50,521.50,157661
9-Dec-13,519.00,532.00,507.00,511.50,204913
6-Dec-13,527.50,534.50,515.00,519.50,83192
5-Dec-13,537.50,540.00,526.00,526.00,168146
4-Dec-13,533.00,548.00,525.00,539.50,156395
3-Dec-13,543.00,548.00,534.50,535.00,168937
2-Dec-13,540.00,549.00,540.00,544.00,137376
29-Nov-13,535.00,554.50,533.50,541.50,194440
28-Nov-13,524.50,540.00,522.50,534.50,124704
27-Nov-13,517.00,524.50,516.00,524.00,91357
26-Nov-13,515.00,520.00,515.00,519.00,60587
25-Nov-13,514.50,520.50,512.00,512.50,51079
22-Nov-13,508.00,516.00,507.50,512.00,88896
21-Nov-13,524.50,524.50,506.00,509.00,173870
20-Nov-13,517.50,520.50,510.50,517.50,69002
19-Nov-13,515.50,519.50,513.50,517.00,47487
18-Nov-13,517.50,519.00,510.50,513.02,105930
15-Nov-13,525.00,531.00,518.00,521.00,86967
14-Nov-13,525.00,527.50,518.50,525.50,62753
13-Nov-13,517.50,518.00,512.00,514.00,156263
12-Nov-13,528.50,528.50,519.50,520.50,61560
11-Nov-13,527.00,529.50,526.00,529.50,55560
8-Nov-13,524.00,527.00,513.00,527.00,105239
7-Nov-13,506.00,527.00,505.50,527.00,144090
6-Nov-13,524.00,525.00,517.50,518.50,78366
5-Nov-13,520.50,523.50,515.00,523.50,66291
4-Nov-13,527.00,527.50,521.00,521.00,78679
1-Nov-13,523.50,530.00,520.50,526.00,117382
31-Oct-13,520.50,525.50,516.00,524.50,103685
30-Oct-13,527.00,533.50,522.50,522.50,106332
29-Oct-13,508.00,527.50,502.50,527.50,163253
28-Oct-13,517.50,517.50,507.50,510.00,86863
25-Oct-13,519.50,520.00,515.00,516.50,82649
24-Oct-13,523.00,528.50,520.00,522.80,80139
23-Oct-13,520.50,526.50,-,525.00,242953
22-Oct-13,522.50,526.00,522.50,522.50,116438
21-Oct-13,525.00,528.50,524.00,525.00,53228
18-Oct-13,522.50,527.00,520.00,524.50,163776
17-Oct-13,517.50,521.50,514.00,515.75,109961
16-Oct-13,509.50,521.50,507.00,519.00,290019
15-Oct-13,508.00,512.50,508.00,510.00,317618
14-Oct-13,508.50,508.50,498.50,506.00,232160
11-Oct-13,477.40,503.50,476.30,495.29,339065
10-Oct-13,494.90,494.90,458.60,468.16,936992
9-Oct-13,525.00,525.00,482.00,484.50,443062
8-Oct-13,519.50,521.50,514.50,515.50,246555
7-Oct-13,519.00,519.00,512.50,517.50,104033
4-Oct-13,518.50,523.50,515.00,521.50,105190
3-Oct-13,521.50,521.50,516.50,519.00,119157
2-Oct-13,522.00,524.00,514.00,520.00,150871
1-Oct-13,523.50,526.00,521.00,522.50,154588
30-Sep-13,517.50,526.50,517.50,525.00,156406
27-Sep-13,525.00,525.00,518.50,522.00,68014
26-Sep-13,523.00,528.50,521.00,523.50,212116
25-Sep-13,525.50,527.00,517.50,522.50,242303
24-Sep-13,523.00,530.50,518.00,530.00,190954
20-Sep-13,521.00,526.50,521.00,522.50,315263
19-Sep-13,529.00,530.50,519.00,521.00,279772
18-Sep-13,539.50,540.00,526.50,528.50,153783
17-Sep-13,547.00,549.50,535.50,538.50,182536
16-Sep-13,565.00,565.50,548.00,549.00,153720
13-Sep-13,560.50,561.50,555.00,556.60,72915
12-Sep-13,563.50,570.50,557.00,560.00,144951
11-Sep-13,560.50,563.50,559.00,560.50,170325
10-Sep-13,561.00,572.00,557.50,559.00,231118
9-Sep-13,566.50,570.00,555.50,557.00,180066
6-Sep-13,551.50,577.00,545.50,574.25,310307
5-Sep-13,549.00,559.50,549.00,550.50,137042
4-Sep-13,556.00,556.50,546.00,547.50,130805
3-Sep-13,559.50,561.00,547.50,555.50,159882
2-Sep-13,539.50,559.00,539.50,559.00,179119
30-Aug-13,541.50,554.00,540.00,541.00,326007
29-Aug-13,552.50,559.00,546.50,549.50,242682
28-Aug-13,559.00,563.00,551.50,551.50,179961
27-Aug-13,573.50,576.50,567.00,567.00,116378
23-Aug-13,571.50,578.00,571.00,577.00,119354
22-Aug-13,566.00,574.00,564.50,571.50,187215
21-Aug-13,551.50,568.50,543.00,563.50,236226
20-Aug-13,537.50,540.50,534.00,538.50,116211
19-Aug-13,532.50,539.00,532.50,539.00,116636
16-Aug-13,530.00,531.00,526.50,531.00,81666
15-Aug-13,540.50,540.50,521.50,527.00,349951
14-Aug-13,537.00,541.00,536.50,538.00,96765
13-Aug-13,537.50,541.00,535.00,538.00,276853
12-Aug-13,545.50,545.50,538.50,540.00,210089
9-Aug-13,545.00,545.00,537.50,542.50,139477
8-Aug-13,544.00,544.00,537.00,538.00,123558
7-Aug-13,543.50,543.50,537.00,540.00,150427
6-Aug-13,535.50,541.50,535.00,539.00,222943
5-Aug-13,522.00,536.00,522.00,531.00,131181
2-Aug-13,527.00,531.50,518.50,523.00,132541
1-Aug-13,518.00,528.00,518.00,518.75,221084
31-Jul-13,509.50,519.50,509.50,518.00,153273
30-Jul-13,509.00,513.50,506.50,512.00,83417
29-Jul-13,507.00,509.50,500.50,509.00,120365
26-Jul-13,508.00,510.00,504.00,505.00,45352
25-Jul-13,507.00,510.00,503.00,507.50,119423
24-Jul-13,504.00,511.50,503.50,510.00,78295
23-Jul-13,508.50,512.00,504.50,509.00,136423
22-Jul-13,505.00,511.00,505.00,509.00,118660
19-Jul-13,500.50,507.00,500.50,505.00,121380
18-Jul-13,501.50,508.64,501.50,507.00,84758
17-Jul-13,509.00,511.50,501.50,503.50,242536
16-Jul-13,505.00,507.00,498.95,507.00,174508
15-Jul-13,507.50,515.00,502.01,506.00,158128
12-Jul-13,499.50,507.00,499.50,507.00,70412
11-Jul-13,501.50,511.46,499.70,500.50,139015
10-Jul-13,499.70,504.62,497.80,500.00,131288
9-Jul-13,489.50,503.50,488.04,501.00,225722
8-Jul-13,489.50,493.10,482.60,489.40,242546
5-Jul-13,490.00,496.60,486.30,487.60,325979
4-Jul-13,485.00,492.00,480.22,487.00,312870
3-Jul-13,470.00,482.60,457.30,478.90,426278
2-Jul-13,473.30,495.80,470.00,471.10,524939
1-Jul-13,443.90,466.00,443.60,466.00,257868
28-Jun-13,438.50,444.90,438.50,442.00,330216
27-Jun-13,431.30,440.30,425.20,439.20,204514
26-Jun-13,429.60,432.60,420.18,424.90,213223
25-Jun-13,425.00,438.50,423.80,436.80,204030
24-Jun-13,424.30,430.68,418.02,422.60,198929
21-Jun-13,441.10,449.69,425.10,428.20,509284
20-Jun-13,457.30,457.30,444.50,445.40,203378
19-Jun-13,459.70,460.60,452.60,457.00,184721
18-Jun-13,458.10,462.70,458.00,460.60,143505
17-Jun-13,456.00,461.30,456.00,459.60,112978
14-Jun-13,450.10,459.80,448.80,457.00,164733
13-Jun-13,447.00,449.20,444.60,446.20,140970
12-Jun-13,451.70,456.80,450.80,453.10,104362
11-Jun-13,460.90,461.40,447.70,451.60,145532
10-Jun-13,454.70,464.50,454.70,460.00,176050
7-Jun-13,462.80,467.90,457.70,458.60,125781
6-Jun-13,464.20,466.70,458.60,458.70,250993
5-Jun-13,462.40,470.00,461.70,465.00,342801
4-Jun-13,457.30,466.88,455.90,464.80,305873
3-Jun-13,455.50,461.00,452.70,454.70,153225
31-May-13,458.40,461.00,452.80,458.50,169367
30-May-13,457.60,460.80,452.50,458.00,127077
29-May-13,464.00,465.24,456.50,458.50,250574
28-May-13,462.70,465.10,462.70,465.00,125598
24-May-13,462.40,463.40,456.25,459.00,211736
23-May-13,459.70,465.90,450.30,460.40,210694
22-May-13,461.80,467.60,460.90,464.50,91768
21-May-13,465.00,468.30,457.90,461.60,175555
20-May-13,462.00,468.40,460.10,465.60,172959
17-May-13,465.10,465.10,451.78,458.50,155634
16-May-13,448.30,456.63,447.90,454.30,151095
15-May-13,445.30,450.00,441.24,447.30,148763
14-May-13,449.10,449.30,443.00,448.60,90806
13-May-13,449.40,451.50,448.12,449.37,192261
10-May-13,449.90,451.00,447.30,451.00,171436
9-May-13,450.00,451.40,448.00,450.00,186519
8-May-13,450.00,450.30,448.40,450.00,229823
7-May-13,441.00,447.30,439.54,447.00,204797
3-May-13,444.50,445.90,441.60,443.10,157988
2-May-13,441.50,446.00,435.50,445.00,182782
1-May-13,448.50,448.50,442.90,445.00,90822
30-Apr-13,447.90,448.80,442.76,446.00,229536
29-Apr-13,450.50,451.30,443.09,446.00,177850
26-Apr-13,450.80,455.40,444.00,449.40,222171
25-Apr-13,443.20,458.60,442.00,448.00,287202
24-Apr-13,416.60,451.80,415.92,446.70,511094
23-Apr-13,420.50,421.90,416.40,420.10,305142
22-Apr-13,417.00,421.17,413.94,420.00,242854
19-Apr-13,408.50,414.37,407.00,414.00,179539
18-Apr-13,412.00,412.00,406.90,410.66,157592
17-Apr-13,412.80,414.90,408.60,409.60,133998
16-Apr-13,419.00,419.00,410.00,413.00,117921
15-Apr-13,416.90,420.00,412.10,419.50,101762
12-Apr-13,416.00,422.80,412.50,418.00,207490
11-Apr-13,414.50,419.14,414.31,416.50,135908
10-Apr-13,406.80,416.44,405.60,414.00,285875
9-Apr-13,413.00,413.00,403.50,405.00,176181
8-Apr-13,409.10,411.06,408.30,408.90,56826
5-Apr-13,409.40,414.90,405.30,406.40,301434
4-Apr-13,415.00,415.47,410.50,411.00,236967
3-Apr-13,408.70,415.80,408.50,411.40,190240
2-Apr-13,407.10,411.90,407.10,410.50,85306
28-Mar-13,411.70,411.70,407.70,408.00,68250
27-Mar-13,413.00,413.00,406.70,408.00,147150
26-Mar-13,406.10,411.00,405.00,411.00,154591
25-Mar-13,425.80,425.80,402.50,404.30,81964
22-Mar-13,425.50,425.50,417.40,420.00,120004
21-Mar-13,415.20,418.60,409.70,415.40,114370
20-Mar-13,429.50,431.57,413.76,416.10,199583
19-Mar-13,414.00,433.80,414.00,429.30,220280
18-Mar-13,404.20,419.00,404.20,417.90,127672
15-Mar-13,404.70,413.10,402.40,412.90,381676
14-Mar-13,389.80,405.50,389.70,405.50,260394
13-Mar-13,395.50,395.50,383.50,387.30,85803
12-Mar-13,406.60,406.60,394.30,394.60,66231
11-Mar-13,396.00,400.30,395.00,400.30,73215
8-Mar-13,401.20,401.20,396.10,398.00,52919
7-Mar-13,395.20,400.40,393.82,397.70,82628
6-Mar-13,398.60,401.40,398.60,401.40,73616
5-Mar-13,396.00,404.80,395.96,400.00,104903
4-Mar-13,394.10,396.62,385.70,396.00,171791
1-Mar-13,398.40,400.00,392.84,397.00,48026
28-Feb-13,393.10,399.40,391.60,397.40,87063
27-Feb-13,402.60,402.60,394.20,396.10,85272
26-Feb-13,397.10,407.50,384.41,398.30,192595
25-Feb-13,400.80,410.12,399.87,403.30,182403
22-Feb-13,399.50,408.30,397.90,402.40,82998
21-Feb-13,402.90,404.30,396.12,399.30,92697
20-Feb-13,397.30,406.60,396.90,405.90,76419
19-Feb-13,403.80,403.80,397.30,397.30,87054
18-Feb-13,406.70,407.54,397.50,397.50,69607
15-Feb-13,398.90,413.80,397.86,405.00,122151
14-Feb-13,398.60,402.70,394.69,397.90,138368
13-Feb-13,384.80,397.30,381.10,395.30,122378
12-Feb-13,379.00,384.55,379.00,382.50,72657
11-Feb-13,378.70,388.90,378.70,380.00,115264
8-Feb-13,380.10,390.80,380.10,385.30,204656
7-Feb-13,385.60,387.00,380.00,380.00,82601
6-Feb-13,381.00,390.30,380.10,385.00,117976
5-Feb-13,375.60,380.00,375.60,378.10,59195
4-Feb-13,377.00,380.00,374.61,377.50,101035
1-Feb-13,368.90,379.40,368.00,379.40,105896
31-Jan-13,365.30,368.84,354.74,368.80,137193
30-Jan-13,365.00,365.20,355.30,357.50,161886
29-Jan-13,377.00,377.00,364.30,365.20,50269
28-Jan-13,368.90,375.99,368.90,374.00,162205
25-Jan-13,367.50,372.50,366.00,368.00,117508
24-Jan-13,371.40,372.10,364.68,369.90,186357
23-Jan-13,377.60,377.60,366.80,369.20,90870
22-Jan-13,374.90,376.90,371.30,374.20,70932
21-Jan-13,372.40,377.60,371.60,375.80,65322
18-Jan-13,375.00,379.20,371.60,373.70,82327
17-Jan-13,366.90,378.40,366.90,376.00,240400
16-Jan-13,361.20,366.00,360.00,366.00,510206
15-Jan-13,370.00,378.00,362.76,371.40,75334
14-Jan-13,371.40,381.80,371.40,376.70,100036
11-Jan-13,367.10,380.66,358.80,373.90,287870
10-Jan-13,359.70,365.32,357.10,358.00,87417
9-Jan-13,364.90,364.90,358.00,359.80,120804
8-Jan-13,363.80,363.80,352.94,358.20,97921
7-Jan-13,360.00,361.50,355.69,359.70,92604
4-Jan-13,367.40,368.10,359.90,362.60,99838
3-Jan-13,371.30,372.90,358.34,367.60,80942
2-Jan-13,372.60,381.10,371.60,371.90,118152
