31-Dec-15,2277.00,2282.00,2251.00,2251.00,871
30-Dec-15,2273.00,2291.00,2230.00,2272.00,6536
29-Dec-15,2315.00,2356.00,2251.00,2294.05,6883
24-Dec-15,2328.00,2351.00,2328.00,2337.00,266
23-Dec-15,2354.00,2362.00,2335.00,2351.00,4745
22-Dec-15,2343.00,2362.00,2315.00,2350.00,16906
21-Dec-15,2340.00,2355.99,2326.00,2326.00,5999
18-Dec-15,2350.00,2375.00,2340.00,2359.64,17616
16-Dec-15,2350.00,2414.00,2350.00,2384.38,7835
15-Dec-15,2363.00,2444.00,2353.00,2412.81,7721
14-Dec-15,2379.00,2385.00,2320.00,2320.00,4804
11-Dec-15,2400.00,2401.00,2349.00,2369.37,2774
10-Dec-15,2455.00,2469.28,2368.00,2430.00,23478
9-Dec-15,2461.00,2495.00,2444.00,2469.15,4634
8-Dec-15,2420.00,2475.00,2370.00,2421.29,4275
7-Dec-15,2400.00,2440.00,2371.16,2417.00,5544
4-Dec-15,2359.00,2393.00,2337.00,2338.00,4146
3-Dec-15,2395.00,2419.00,2336.00,2382.43,25450
2-Dec-15,2360.00,2385.00,2360.00,2380.12,4534
1-Dec-15,2310.00,2394.00,2310.00,2371.00,4075
30-Nov-15,2337.00,2446.00,2310.00,2388.96,14082
27-Nov-15,2325.00,2370.00,2276.80,2323.40,3802
26-Nov-15,2274.00,2325.00,2262.40,2303.16,3523
25-Nov-15,2250.00,2275.00,2241.00,2273.00,3780
24-Nov-15,2265.00,2265.00,2207.00,2235.91,5297
23-Nov-15,2272.00,2273.00,2220.00,2253.51,2576
20-Nov-15,2203.00,2284.00,2195.00,2277.28,13379
19-Nov-15,2200.00,2230.00,2196.00,2217.49,8237
18-Nov-15,2200.00,2212.21,2183.64,2212.21,3792
17-Nov-15,2200.00,2201.00,2164.00,2197.19,12119
16-Nov-15,2245.00,2245.00,2181.00,2198.20,9321
13-Nov-15,2210.00,2229.00,2192.00,2229.00,1730
12-Nov-15,2170.00,2255.00,2170.00,2243.00,10055
11-Nov-15,2140.00,2222.00,2140.00,2197.80,6960
10-Nov-15,2210.00,2210.00,2157.00,2195.80,5772
9-Nov-15,2165.00,2205.00,2160.00,2184.00,1729
6-Nov-15,2145.00,2197.38,2122.00,2158.00,13835
5-Nov-15,2150.00,2192.00,2140.00,2158.00,15497
4-Nov-15,2155.00,2198.00,2117.00,2160.00,14171
3-Nov-15,2385.00,2413.16,2098.00,2128.00,17779
2-Nov-15,2426.00,2443.96,2408.00,2423.00,3912
30-Oct-15,2438.00,2448.00,2422.00,2430.00,5704
29-Oct-15,2390.00,2456.00,2390.00,2436.00,5374
28-Oct-15,2416.00,2445.00,2401.00,2445.00,7685
27-Oct-15,2460.00,2476.00,2367.60,2426.00,8445
26-Oct-15,2470.00,2508.00,2469.00,2480.00,23811
23-Oct-15,2373.00,2526.00,2373.00,2525.00,35254
22-Oct-15,2335.00,2420.00,2321.00,2420.00,8066
21-Oct-15,2260.00,2379.00,2241.00,2346.00,9401
20-Oct-15,2245.00,2255.00,2222.75,2250.00,4679
19-Oct-15,2231.00,2232.00,2202.00,2215.00,11877
16-Oct-15,2249.00,2272.00,2239.00,2250.00,11867
15-Oct-15,2209.00,2227.00,2203.00,2227.00,4099
14-Oct-15,2209.00,2233.00,2196.00,2215.00,9695
13-Oct-15,2234.00,2249.00,2195.00,2205.00,3201
12-Oct-15,2205.00,2258.00,2191.00,2250.00,5385
9-Oct-15,2178.00,2226.00,2155.00,2210.00,16730
8-Oct-15,2235.00,2240.00,2134.00,2165.00,12148
7-Oct-15,2242.00,2260.00,2225.00,2229.00,15294
6-Oct-15,2249.00,2257.79,2240.00,2250.00,30167
5-Oct-15,2255.00,2306.00,2243.00,2252.00,9780
2-Oct-15,2170.00,2281.00,2170.00,2281.00,17665
1-Oct-15,2060.00,2214.00,2060.00,2180.00,11433
30-Sep-15,2035.00,2050.00,2013.00,2035.00,7774
29-Sep-15,2020.00,2035.00,2008.00,2013.00,4758
28-Sep-15,2035.00,2035.00,2000.00,2014.00,6593
25-Sep-15,2015.00,2035.87,2002.00,2020.00,7013
24-Sep-15,2045.00,2045.00,1949.00,1985.00,8953
23-Sep-15,2070.00,2100.00,2030.00,2030.00,7905
22-Sep-15,2131.00,2148.00,2030.00,2034.00,7919
21-Sep-15,2156.00,2165.00,2131.00,2131.00,5375
18-Sep-15,2190.00,2190.00,2106.00,2132.00,16375
17-Sep-15,2171.00,2201.00,2151.00,2177.00,8615
16-Sep-15,2200.00,2214.00,2170.00,2171.00,14616
15-Sep-15,2200.00,2200.00,2151.00,2180.00,6614
14-Sep-15,2203.00,2263.90,2145.60,2145.60,3729
11-Sep-15,2275.00,2275.00,2181.00,2200.00,6848
10-Sep-15,2224.00,2289.00,2187.00,2220.00,8219
9-Sep-15,2250.00,2293.00,2250.00,2270.00,10435
8-Sep-15,2253.00,2255.00,2202.18,2241.00,4858
7-Sep-15,2242.00,2291.00,2218.00,2232.36,8284
4-Sep-15,2250.00,2284.00,2217.00,2253.20,5945
3-Sep-15,2265.00,2334.00,2265.00,2289.00,9146
2-Sep-15,2207.00,2309.00,2207.00,2293.00,19441
1-Sep-15,2280.00,2340.00,2260.00,2320.00,8467
28-Aug-15,2291.00,2350.00,2270.00,2300.00,21625
27-Aug-15,2320.00,2383.00,2255.00,2280.00,18706
26-Aug-15,2195.00,2326.00,2195.00,2320.00,19361
25-Aug-15,2170.00,2332.48,2170.00,2305.00,16223
24-Aug-15,2205.00,2287.76,2139.34,2162.25,16667
21-Aug-15,2205.00,2285.15,2205.00,2267.00,12279
20-Aug-15,2249.00,2335.00,2247.52,2321.00,10903
19-Aug-15,2548.00,2548.00,2344.39,2360.08,14002
18-Aug-15,2571.00,2620.56,2478.64,2541.00,9245
17-Aug-15,2618.00,2670.12,2395.74,2610.00,14531
14-Aug-15,2780.00,2781.00,2725.12,2750.98,12724
13-Aug-15,2700.00,2793.00,2700.00,2763.00,6953
12-Aug-15,2697.00,2770.00,2697.00,2726.00,5379
11-Aug-15,2753.00,2786.00,2735.38,2772.00,2091
10-Aug-15,2750.00,2796.00,2750.00,2786.00,1299
7-Aug-15,2750.00,2816.00,2750.00,2779.00,2837
6-Aug-15,2850.00,2850.00,2770.66,2775.00,2913
5-Aug-15,2765.00,2800.00,2753.00,2797.00,37894
4-Aug-15,2725.00,2755.00,2660.00,2726.00,10178
3-Aug-15,2726.97,2740.68,2725.00,2725.00,976
31-Jul-15,2700.00,2780.00,2675.00,2765.00,17249
30-Jul-15,2700.00,2703.00,2652.00,2690.00,14619
29-Jul-15,2748.00,2775.08,2712.00,2729.00,10210
28-Jul-15,2711.00,2753.00,2711.00,2735.00,8969
27-Jul-15,2795.00,2795.00,2701.00,2739.00,8021
24-Jul-15,2750.00,2796.10,2739.00,2785.00,4152
23-Jul-15,2705.00,2765.00,2701.00,2743.00,12202
22-Jul-15,2725.00,2749.00,2702.00,2725.00,14353
21-Jul-15,2690.00,2750.00,2688.00,2705.00,7677
20-Jul-15,2700.00,2717.00,2692.00,2693.00,5444
17-Jul-15,2700.00,2700.00,2648.00,2648.00,8295
16-Jul-15,2671.00,2729.00,2660.00,2685.00,16036
15-Jul-15,2750.00,2750.00,2670.00,2705.00,8578
14-Jul-15,2750.00,2750.00,2701.00,2735.00,4596
13-Jul-15,2800.00,2840.00,2688.00,2737.00,3237
10-Jul-15,2750.00,2766.00,2694.00,2752.72,8463
9-Jul-15,2800.00,2814.00,2763.00,2774.16,2993
8-Jul-15,2800.00,2855.00,2741.00,2771.00,5986
7-Jul-15,2750.00,2830.00,2750.00,2780.00,10450
6-Jul-15,2676.00,2844.00,2676.00,2797.00,4878
3-Jul-15,2762.00,2812.90,2730.00,2787.00,2346
2-Jul-15,2710.00,2801.00,2710.00,2750.00,9051
1-Jul-15,2700.00,2798.00,2700.00,2784.00,5964
30-Jun-15,2648.00,2750.00,2634.81,2737.00,8919
29-Jun-15,2592.00,2671.00,2591.00,2626.00,4422
26-Jun-15,2681.00,2708.00,2618.00,2708.00,10900
25-Jun-15,2650.00,2684.00,2614.00,2651.00,6578
24-Jun-15,2700.00,2724.00,2655.55,2678.00,5420
23-Jun-15,2650.00,2716.40,2641.00,2680.00,4736
22-Jun-15,2625.00,2647.00,2600.00,2637.00,7064
19-Jun-15,2535.00,2638.00,2520.96,2579.00,30847
18-Jun-15,2560.00,2604.00,2538.00,2538.00,3953
17-Jun-15,2537.00,2567.00,2504.00,2566.00,4461
16-Jun-15,2600.00,2600.00,2518.00,2537.00,7751
15-Jun-15,2550.00,2560.85,2512.45,2558.00,4896
12-Jun-15,2610.00,2663.64,2565.00,2577.00,12025
11-Jun-15,2610.00,2610.00,2568.00,2607.00,3855
10-Jun-15,2600.00,2610.00,2564.40,2601.00,6899
9-Jun-15,2485.00,2585.00,2485.00,2567.00,4735
8-Jun-15,2454.00,2526.40,2454.00,2485.00,7090
5-Jun-15,2460.00,2524.00,2460.00,2504.00,9918
4-Jun-15,2450.00,2491.00,2450.00,2479.00,3960
3-Jun-15,2475.00,2507.00,2455.00,2478.00,10029
2-Jun-15,2475.00,2480.76,2446.69,2455.00,3428
1-Jun-15,2435.00,2456.00,2435.00,2455.00,7111
29-May-15,2430.00,2450.00,2430.00,2443.00,8959
28-May-15,2450.00,2450.00,2351.00,2438.00,12966
27-May-15,2400.00,2477.12,2400.00,2450.00,15778
26-May-15,2403.00,2454.00,2403.00,2403.00,10497
22-May-15,2484.00,2484.00,2343.00,2456.00,7720
21-May-15,2410.00,2484.00,2410.00,2472.00,3247
20-May-15,2520.00,2520.00,2456.32,2515.00,14970
19-May-15,2439.00,2528.00,2389.72,2518.00,17025
18-May-15,2400.00,2434.00,2351.33,2409.00,10593
15-May-15,2303.00,2354.00,2300.00,2354.00,8523
14-May-15,2350.00,2350.00,2263.84,2289.00,5185
13-May-15,2350.00,2350.00,2277.00,2307.00,3137
12-May-15,2350.00,2350.00,2264.00,2281.00,9422
11-May-15,2350.00,2350.00,2295.00,2300.00,9425
8-May-15,2300.00,2367.00,2250.00,2336.00,25751
7-May-15,2265.00,2271.00,2231.00,2250.00,9421
6-May-15,2200.00,2285.00,2200.00,2265.00,5077
5-May-15,2200.00,2300.00,2200.00,2280.00,19938
1-May-15,2277.00,2300.00,2277.00,2300.00,1395
30-Apr-15,2250.00,2289.00,2230.00,2268.00,21016
29-Apr-15,2300.00,2300.00,2158.80,2250.00,5363
28-Apr-15,2304.00,2304.00,2277.00,2295.00,5601
27-Apr-15,2293.00,2330.00,2293.00,2310.00,2806
24-Apr-15,2271.00,2325.00,2271.00,2319.00,9299
23-Apr-15,2264.00,2284.00,2256.00,2271.00,6430
22-Apr-15,2285.00,2285.00,2246.00,2265.00,8967
21-Apr-15,2200.00,2260.00,2200.00,2255.00,41165
20-Apr-15,2200.00,2269.00,2200.00,2245.00,4689
17-Apr-15,2243.00,2254.00,2180.32,2216.00,5606
16-Apr-15,2210.00,2260.94,2202.00,2224.10,6158
15-Apr-15,2245.00,2330.00,2230.00,2275.00,8290
14-Apr-15,2272.00,2294.00,2239.00,2250.00,20100
13-Apr-15,2300.00,2300.00,2234.00,2271.00,12103
10-Apr-15,2270.00,2360.00,2238.00,2260.00,156652
9-Apr-15,2300.00,2365.00,2281.25,2347.00,42224
8-Apr-15,2299.00,2299.00,2210.00,2285.00,17884
7-Apr-15,2250.00,2260.00,2213.00,2250.00,7101
2-Apr-15,2239.00,2239.00,2201.00,2209.00,1286
1-Apr-15,2200.00,2255.00,2200.00,2246.00,1649
31-Mar-15,2220.00,2300.00,2220.00,2250.00,9714
30-Mar-15,2200.00,2247.00,2166.86,2223.00,856
27-Mar-15,2220.00,2250.00,2203.10,2225.00,2505
26-Mar-15,2290.00,2290.00,2116.00,2189.00,5789
25-Mar-15,2300.00,2300.00,2220.40,2263.00,3707
24-Mar-15,2325.00,2325.00,2242.25,2273.00,7166
23-Mar-15,2300.00,2300.00,2278.30,2300.00,1767
20-Mar-15,2237.00,2256.00,2150.00,2200.00,40905
19-Mar-15,2299.00,2299.00,2200.00,2222.00,3066
18-Mar-15,2125.00,2231.00,2125.00,2231.00,3317
17-Mar-15,2125.00,2125.00,2080.00,2099.50,65098
16-Mar-15,2125.00,2125.00,2075.00,2076.00,998
13-Mar-15,2052.00,2120.00,2052.00,2090.00,4024
12-Mar-15,2049.00,2126.00,2013.00,2044.00,8507
11-Mar-15,2013.00,2020.60,2002.00,2010.00,3867
10-Mar-15,2010.00,2021.40,1991.00,2000.00,2509
9-Mar-15,2064.00,2119.89,2007.00,2021.00,8097
6-Mar-15,2010.00,2010.00,1972.70,1987.00,8413
5-Mar-15,2000.00,2008.00,1975.00,2000.00,10027
4-Mar-15,2000.00,2012.00,1994.00,2005.00,1716
3-Mar-15,2006.00,2020.00,1997.00,2000.00,7532
2-Mar-15,2000.00,2016.50,2000.00,2000.00,7197
27-Feb-15,2030.00,2050.00,2003.00,2005.00,2984
26-Feb-15,1990.00,2017.00,1990.00,2001.00,819
25-Feb-15,2040.00,2040.00,2003.00,2016.00,2113
24-Feb-15,2004.00,2026.00,2004.00,2014.00,1440
23-Feb-15,2040.00,2040.00,2001.00,2028.00,1898
20-Feb-15,2030.00,2049.00,2020.00,2040.00,4858
19-Feb-15,2030.00,2030.00,1991.00,2001.80,18855
18-Feb-15,1998.00,2002.68,1997.00,2000.00,1779
17-Feb-15,2024.00,2024.00,1993.00,2000.00,5402
16-Feb-15,2001.00,2030.00,1993.00,2030.00,269
13-Feb-15,2000.00,2027.00,1974.00,2005.00,5914
12-Feb-15,1980.00,1984.00,1951.00,1973.00,4655
11-Feb-15,1925.00,2022.00,1925.00,1977.00,10065
10-Feb-15,2054.00,2055.00,2000.00,2016.00,3381
9-Feb-15,2160.00,2160.00,2044.00,2100.00,283661
6-Feb-15,2077.00,2160.00,2038.75,2112.00,34211
5-Feb-15,2018.00,2075.00,2011.00,2075.00,38437
4-Feb-15,1917.00,2010.00,1904.00,1950.00,26831
3-Feb-15,1929.00,1929.00,1890.00,1906.00,39773
2-Feb-15,1881.00,1900.00,1870.91,1880.00,3777
30-Jan-15,1885.00,1905.00,1879.00,1885.00,2988
29-Jan-15,1890.00,1900.00,1880.00,1880.00,2835
28-Jan-15,1887.00,1901.36,1874.00,1888.00,1636
27-Jan-15,1899.00,1900.00,1879.00,1896.50,2967
26-Jan-15,1900.00,1924.00,1866.00,1866.00,1730
23-Jan-15,1900.00,1905.50,1862.00,1899.00,495
22-Jan-15,1879.00,1900.00,1878.86,1900.00,288
21-Jan-15,1887.00,1900.00,1865.00,1890.00,1404
20-Jan-15,1880.00,1890.00,1875.00,1890.00,1196
19-Jan-15,1899.00,1899.00,1860.00,1875.00,360
16-Jan-15,1885.00,1905.00,1863.00,1892.00,2016
15-Jan-15,1880.00,1903.00,1867.22,1885.00,1116
14-Jan-15,1891.00,1898.00,1850.00,1873.00,5108
13-Jan-15,1903.00,1903.00,1872.60,1890.00,2879
12-Jan-15,1880.00,1937.00,1880.00,1892.00,3457
9-Jan-15,1942.00,1942.00,1887.00,1899.00,3505
8-Jan-15,1949.00,1949.00,1885.00,1905.00,2411
7-Jan-15,1895.00,1908.00,1882.00,1900.00,430
6-Jan-15,1905.00,1928.00,1900.00,1928.00,315
5-Jan-15,1883.00,1906.00,1883.00,1900.00,4111
31-Dec-14,1911.80,1911.80,1908.80,1908.80,0
30-Dec-14,1923.00,1923.00,1906.00,1919.00,2820
29-Dec-14,1905.00,1939.00,1904.00,1937.00,1033
24-Dec-14,1897.00,1943.60,1897.00,1910.00,1163
23-Dec-14,1900.00,1910.07,1880.00,1899.00,2383
22-Dec-14,1880.00,1944.00,1880.00,1900.00,2056
19-Dec-14,1974.00,1974.00,1835.00,1835.00,9111
18-Dec-14,1900.00,1944.00,1900.00,1915.00,1106
17-Dec-14,1975.00,1975.00,1900.00,1907.00,1084
16-Dec-14,1975.00,1975.00,1902.00,1913.00,1377
15-Dec-14,1900.00,1929.00,1900.00,1909.00,4643
12-Dec-14,1930.00,1950.00,1922.00,1950.00,2624
11-Dec-14,1931.00,1942.00,1908.00,1932.00,1618
10-Dec-14,1972.00,1972.00,1907.00,1941.00,2544
9-Dec-14,1901.00,1960.00,1901.00,1955.00,1701
8-Dec-14,1901.00,1944.60,1901.00,1936.00,1311
5-Dec-14,1972.00,1972.00,1920.00,1931.00,2411
4-Dec-14,1969.00,1969.00,1900.00,1900.00,2064
3-Dec-14,1921.00,1968.00,1921.00,1945.00,3311
2-Dec-14,1950.00,1982.00,1937.00,1963.00,5481
1-Dec-14,1970.00,1971.00,1951.00,1965.00,2087
28-Nov-14,2009.00,2009.00,1940.00,1990.00,29342
27-Nov-14,2037.00,2045.60,1994.00,2005.00,9077
26-Nov-14,2080.00,2080.00,2015.00,2075.00,29346
25-Nov-14,1951.00,2060.00,1951.00,2060.00,179602
24-Nov-14,2001.00,2061.00,1980.95,2021.00,24572
21-Nov-14,2029.00,2075.00,2000.50,2075.00,5057
20-Nov-14,2100.00,2125.90,1999.00,1999.00,8864
19-Nov-14,2220.00,2264.90,2100.00,2100.00,15540
18-Nov-14,2241.00,2264.00,2221.00,2239.00,11368
17-Nov-14,2300.00,2312.00,2240.00,2250.00,5744
14-Nov-14,2239.00,2310.00,2220.20,2280.50,9431
13-Nov-14,2249.00,2249.00,2215.00,2223.50,3990
12-Nov-14,2234.00,2249.00,2187.36,2208.00,8608
11-Nov-14,2170.00,2201.00,2170.00,2190.00,6390
10-Nov-14,2200.00,2206.57,2181.00,2190.00,4720
7-Nov-14,2213.00,2213.00,2140.00,2176.00,15011
6-Nov-14,2239.00,2265.50,2225.00,2230.00,2967
5-Nov-14,2266.00,2271.45,2230.00,2250.00,8560
4-Nov-14,2236.00,2252.00,2235.00,2249.00,2639
3-Nov-14,2230.00,2277.00,2230.00,2247.50,1659
31-Oct-14,2231.00,2277.95,2231.00,2250.00,4180
30-Oct-14,2249.00,2265.00,2238.50,2246.00,978
29-Oct-14,2229.00,2270.00,2229.00,2255.00,4039
28-Oct-14,2244.00,2269.00,2205.00,2205.00,1781
27-Oct-14,2212.00,2256.00,2205.00,2205.00,838
24-Oct-14,2228.00,2263.00,2228.00,2246.00,1039
23-Oct-14,2259.00,2267.00,2237.20,2250.00,4701
22-Oct-14,2226.00,2267.00,2223.00,2245.00,2831
21-Oct-14,2167.00,2250.00,2164.00,2250.00,3162
20-Oct-14,2199.00,2214.00,2155.00,2214.00,1198
17-Oct-14,2127.00,2167.00,2105.00,2121.00,661
16-Oct-14,2165.00,2178.75,2095.00,2127.00,1197
15-Oct-14,2190.00,2195.25,2154.00,2157.00,315
14-Oct-14,2201.00,2210.33,2201.00,2205.00,335
13-Oct-14,2272.00,2272.00,2201.00,2219.00,1958
10-Oct-14,2375.00,2379.50,2255.33,2272.00,3781
9-Oct-14,2394.00,2416.50,2394.00,2394.00,19
8-Oct-14,2392.00,2450.00,2392.00,2396.00,4310
7-Oct-14,2384.00,2409.75,2382.00,2401.00,223
6-Oct-14,2366.00,2421.00,2356.00,2417.00,2531
3-Oct-14,2340.00,2355.00,2340.00,2355.00,986
2-Oct-14,2345.00,2364.00,2325.00,2337.00,970
1-Oct-14,2355.00,2361.00,2336.00,2341.00,1030
30-Sep-14,2368.00,2393.38,2350.00,2350.00,3980
29-Sep-14,2352.00,2409.00,2352.00,2409.00,1148
26-Sep-14,2355.00,2385.37,2355.00,2357.00,928
25-Sep-14,2357.00,2370.00,2342.00,2355.00,699
24-Sep-14,2363.00,2365.00,2335.00,2360.00,3038
23-Sep-14,2335.00,2367.00,2335.00,2367.00,990
22-Sep-14,2441.00,2441.00,2336.00,2336.00,1139
19-Sep-14,2448.00,2448.00,2370.00,2396.20,5014
18-Sep-14,2382.00,2411.50,2370.00,2382.00,4807
17-Sep-14,2432.00,2449.00,2382.00,2382.00,7219
16-Sep-14,2427.00,2447.00,2426.00,2444.00,1555
15-Sep-14,2427.00,2441.26,2415.80,2430.00,649
12-Sep-14,2402.00,2446.00,2402.00,2439.00,1049
11-Sep-14,2380.00,2468.48,2380.00,2450.00,1130
10-Sep-14,2400.00,2459.00,2380.00,2459.00,2025
9-Sep-14,2370.00,2394.00,2367.00,2394.00,15604
8-Sep-14,2358.00,2378.00,2358.00,2370.00,234
5-Sep-14,2353.00,2378.87,2320.00,2320.00,997
4-Sep-14,2356.00,2378.90,2356.00,2367.00,2355
3-Sep-14,2332.00,2377.00,2332.00,2362.00,169
2-Sep-14,2375.00,2380.00,2330.00,2380.00,44
1-Sep-14,2349.00,2375.00,2335.60,2375.00,287
29-Aug-14,2279.00,2350.00,2256.52,2350.00,13778
28-Aug-14,2299.00,2299.00,2265.00,2275.00,3734
27-Aug-14,2337.00,2339.00,2265.00,2291.00,987
26-Aug-14,2344.00,2345.00,2280.00,2300.00,1444
22-Aug-14,2275.00,2345.00,2245.00,2300.00,15071
21-Aug-14,2176.00,2257.00,2155.00,2155.00,13686
20-Aug-14,2159.00,2188.00,2100.00,2145.00,29086
19-Aug-14,2209.00,2213.07,2143.00,2171.00,8589
18-Aug-14,2168.00,2229.00,2126.00,2182.00,11550
15-Aug-14,2147.00,2186.80,2125.21,2168.00,731
14-Aug-14,2150.00,2150.00,2116.19,2142.00,486
13-Aug-14,2148.00,2150.00,2129.00,2147.00,327
12-Aug-14,2078.00,2131.28,2072.00,2104.00,6281
11-Aug-14,2102.00,2120.00,2100.00,2120.00,744
8-Aug-14,2126.00,2153.00,2112.83,2127.00,1466
7-Aug-14,2078.00,2170.00,2078.00,2126.00,1745
6-Aug-14,2163.00,2163.00,2070.00,2070.00,882
5-Aug-14,2200.00,2200.00,2100.00,2135.00,10645
4-Aug-14,2153.00,2195.30,2120.00,2150.00,1976
1-Aug-14,2200.00,2200.00,2175.00,2179.00,632
31-Jul-14,2180.00,2200.00,2176.00,2197.00,1647
30-Jul-14,2175.00,2200.00,2175.00,2180.00,1719
29-Jul-14,2181.00,2220.00,2181.00,2202.00,99
28-Jul-14,2206.00,2223.00,2190.00,2223.00,443
25-Jul-14,2200.00,2245.00,2184.10,2216.00,871
24-Jul-14,2187.00,2241.00,2187.00,2202.00,530
23-Jul-14,2193.00,2236.00,2180.00,2191.00,3135
22-Jul-14,2250.00,2250.00,2175.00,2176.00,1721
21-Jul-14,2250.00,2250.00,2177.00,2248.00,1730
18-Jul-14,2223.00,2227.00,2205.00,2205.00,921
17-Jul-14,2193.00,2225.00,2185.00,2224.00,538
16-Jul-14,2246.00,2246.00,2200.00,2200.00,948
15-Jul-14,2260.00,2266.52,2196.29,2200.00,3040
14-Jul-14,2287.00,2315.23,2250.00,2250.00,777
11-Jul-14,2317.00,2325.00,2278.00,2282.00,210
10-Jul-14,2345.00,2371.00,2275.00,2276.00,5529
9-Jul-14,2388.00,2388.00,2312.00,2360.00,3126
8-Jul-14,2353.00,2389.30,2352.00,2355.00,3654
7-Jul-14,2375.00,2408.75,2372.00,2399.00,593
4-Jul-14,2395.00,2424.00,2395.00,2424.00,226
3-Jul-14,2387.00,2482.00,2350.00,2403.00,2184
2-Jul-14,2389.00,2400.00,2370.00,2390.00,7002
1-Jul-14,2389.00,2396.00,2352.00,2396.00,807
30-Jun-14,2397.00,2397.00,2380.00,2395.00,677
27-Jun-14,2347.00,2389.00,2347.00,2389.00,1043
26-Jun-14,2397.00,2397.00,2340.00,2371.00,6020
25-Jun-14,2301.00,2385.00,2300.00,2350.00,2801
24-Jun-14,2324.00,2324.00,2298.00,2300.00,4361
23-Jun-14,2297.00,2335.00,2265.69,2329.00,3117
20-Jun-14,2286.00,2325.00,2245.00,2297.00,5178
19-Jun-14,2261.00,2292.00,2261.00,2292.00,272
18-Jun-14,2241.00,2300.00,2240.00,2250.00,2247
17-Jun-14,2225.00,2243.50,2205.00,2209.00,6580
16-Jun-14,2397.00,2397.00,2199.00,2208.00,8456
13-Jun-14,2375.00,2400.00,2328.49,2329.00,818
12-Jun-14,2416.00,2438.00,2375.00,2375.00,2127
11-Jun-14,2433.00,2454.60,2415.00,2425.00,276
10-Jun-14,2447.00,2467.00,2421.00,2450.00,1917
9-Jun-14,2436.00,2475.00,2421.60,2448.00,2037
6-Jun-14,2509.00,2509.00,2431.00,2437.00,1370
5-Jun-14,2535.00,2562.00,2461.00,2499.00,3189
4-Jun-14,2619.00,2638.00,2520.00,2523.00,4779
3-Jun-14,2635.00,2669.00,2611.00,2634.00,683
2-Jun-14,2668.00,2668.00,2634.50,2655.00,1191
30-May-14,2658.00,2670.00,2614.00,2670.00,10062
29-May-14,2668.00,2668.49,2615.00,2646.55,177
28-May-14,2598.00,2673.00,2598.00,2673.00,767
27-May-14,2669.00,2670.00,2636.00,2670.00,1224
23-May-14,2635.00,2660.09,2627.00,2658.00,1033
22-May-14,2608.00,2646.00,2605.00,2639.00,483
21-May-14,2655.00,2675.00,2620.00,2670.00,1020
20-May-14,2606.00,2689.00,2606.00,2688.00,3956
19-May-14,2611.00,2659.20,2609.00,2637.00,143
16-May-14,2680.00,2680.00,2605.00,2626.70,3620
15-May-14,2653.00,2702.00,2653.00,2690.00,3460
14-May-14,2694.00,2750.00,2629.00,2649.50,3422
13-May-14,2674.00,2674.00,2616.00,2625.00,4079
12-May-14,2690.00,2700.00,2650.00,2670.00,6173
9-May-14,2601.00,2700.00,2601.00,2610.00,2422
8-May-14,2661.00,2666.00,2625.00,2664.00,882
7-May-14,2583.00,2690.00,2570.00,2670.00,4932
6-May-14,2645.00,2687.00,2634.00,2655.00,3985
2-May-14,2601.00,2643.93,2600.00,2621.00,403
1-May-14,2665.75,2665.75,2640.10,2643.29,0
30-Apr-14,2553.00,2670.00,2553.00,2666.00,11981
29-Apr-14,2625.00,2651.00,2595.00,2602.00,1384
28-Apr-14,2638.50,2665.50,2630.00,2630.00,0
25-Apr-14,2625.00,2680.00,2625.00,2630.00,1933
24-Apr-14,2625.00,2658.00,2623.00,2627.00,2806
23-Apr-14,2600.00,2647.25,2580.00,2626.00,1229
22-Apr-14,2533.00,2670.28,2533.00,2650.00,2860
17-Apr-14,2515.00,2610.00,2489.00,2610.00,3139
16-Apr-14,2524.00,2524.00,2456.00,2518.00,6086
15-Apr-14,2500.00,2517.00,2471.00,2500.00,2812
14-Apr-14,2498.00,2498.00,2468.39,2495.00,1040
11-Apr-14,2497.00,2497.00,2463.00,2480.00,786
10-Apr-14,2475.00,2480.00,2470.00,2478.75,3022
9-Apr-14,2500.00,2500.00,2462.95,2481.00,6940
8-Apr-14,2540.00,2540.00,2464.90,2497.00,3612
7-Apr-14,2473.00,2548.00,2413.55,2484.82,5759
4-Apr-14,2438.00,2471.30,2425.00,2425.00,437
3-Apr-14,2386.00,2453.00,2386.00,2453.00,3956
2-Apr-14,2427.00,2441.00,2385.00,2410.00,836
1-Apr-14,2373.00,2450.00,2373.00,2449.00,1306
31-Mar-14,2400.00,2448.00,2400.00,2448.00,3165
28-Mar-14,2380.00,2417.00,2353.22,2389.00,4731
27-Mar-14,2285.00,2399.00,2280.00,2399.00,10904
26-Mar-14,2373.00,2373.00,2323.00,2350.00,1635
25-Mar-14,2348.00,2355.00,2329.80,2355.00,1751
24-Mar-14,2350.00,2350.00,2325.00,2326.00,11895
21-Mar-14,2325.00,2368.00,2325.00,2367.00,5636
20-Mar-14,2327.00,2330.00,2285.00,2330.00,2835
19-Mar-14,2349.00,2358.00,2335.89,2358.00,12842
18-Mar-14,2338.00,2350.00,2332.00,2338.00,9032
17-Mar-14,2335.00,2340.00,2332.00,2336.40,19366
14-Mar-14,2350.00,2350.00,2330.00,2350.00,2915
13-Mar-14,2358.00,2358.00,2349.00,2360.00,1609
12-Mar-14,2300.00,2367.00,2275.00,2365.71,3161
11-Mar-14,2267.00,2300.00,2255.00,2300.00,4368
10-Mar-14,2075.00,2282.00,2075.00,2226.00,7198
7-Mar-14,2067.00,2067.00,2023.00,2048.00,3733
6-Mar-14,2049.00,2056.00,2005.00,2056.00,5574
5-Mar-14,2048.00,2050.00,2010.00,2036.00,741
4-Mar-14,2001.00,2030.00,2000.00,2030.00,7683
3-Mar-14,2001.00,2035.00,2001.00,2009.26,654
28-Feb-14,2029.00,2090.00,2029.00,2090.00,1587
27-Feb-14,2023.00,2076.00,2023.00,2076.00,943
26-Feb-14,2078.00,2078.00,2060.00,2076.00,1284
25-Feb-14,2051.00,2068.00,2050.00,2068.00,3356
24-Feb-14,2052.00,2063.00,2050.00,2063.00,1067
21-Feb-14,2090.00,2090.00,2053.00,2080.00,2422
20-Feb-14,2089.00,2089.00,2041.00,2079.00,1115
19-Feb-14,2060.00,2089.00,2060.00,2089.00,1346
18-Feb-14,2035.00,2050.00,2032.00,2050.00,10264
17-Feb-14,2030.00,2030.00,2030.00,2030.00,265
14-Feb-14,2025.00,2038.00,2020.00,2036.00,3566
13-Feb-14,2038.00,2038.00,2038.00,2038.00,479
12-Feb-14,2034.00,2036.00,2017.00,2017.00,845
11-Feb-14,2002.00,2002.00,1997.00,1997.00,443
10-Feb-14,2000.00,2000.00,2000.00,2000.00,987
7-Feb-14,1993.00,2014.00,1993.00,2001.00,1603
6-Feb-14,1984.00,2010.00,1984.00,2003.06,1541
5-Feb-14,1998.00,2017.00,1966.00,1978.00,1286
4-Feb-14,2009.00,2009.00,1969.00,1989.00,2071
3-Feb-14,1990.00,2010.00,1967.00,1985.00,1481
31-Jan-14,2039.00,2040.00,1985.00,2005.00,6300
30-Jan-14,2019.00,2040.00,2018.00,2040.00,2112
29-Jan-14,2030.00,2033.00,2011.00,2033.00,1142
28-Jan-14,2020.00,2035.00,2000.00,2000.00,5725
27-Jan-14,2021.00,2067.00,2021.00,2025.00,1966
24-Jan-14,2075.00,2075.00,2073.00,2075.00,240
23-Jan-14,2100.00,2100.00,2045.00,2050.00,3303
22-Jan-14,2150.00,2150.00,2084.00,2099.00,902
21-Jan-14,2147.00,2148.00,2136.00,2147.00,353
20-Jan-14,2147.00,2148.00,2074.00,2129.00,1032
17-Jan-14,2100.00,2114.00,2099.00,2114.00,459
16-Jan-14,2127.00,2148.00,2091.00,2091.00,15219
15-Jan-14,2175.00,2175.00,2108.00,2125.00,6005
14-Jan-14,2130.00,2130.00,2109.00,2109.00,991
13-Jan-14,2135.00,2170.00,2135.00,2137.00,1080
10-Jan-14,2165.00,2170.00,2157.00,2170.00,2795
9-Jan-14,2135.00,2152.00,2135.00,2152.00,424
8-Jan-14,2136.00,2145.00,2133.00,2145.00,346
7-Jan-14,2152.00,2173.00,2131.00,2148.00,702
6-Jan-14,2071.00,2178.00,2070.00,2174.00,8433
3-Jan-14,2000.00,2022.00,1999.00,1999.00,1649
2-Jan-14,2023.00,2023.00,2000.00,2000.00,6134
31-Dec-13,2025.00,2025.00,2001.00,2001.00,378
30-Dec-13,2000.00,2080.00,1972.00,2055.00,3528
27-Dec-13,2019.00,2049.00,1965.00,2049.00,3794
24-Dec-13,2039.00,-,-,1946.32,0
23-Dec-13,1990.00,2015.00,1967.00,2015.00,3865
20-Dec-13,1995.00,1995.00,1951.00,1951.00,1205
19-Dec-13,2000.00,2001.00,1972.00,1988.00,5058
18-Dec-13,2022.00,2025.00,1995.00,2009.00,1821
17-Dec-13,1992.00,2023.00,1991.00,2014.00,2963
16-Dec-13,2025.00,2025.00,1998.00,1998.00,1781
13-Dec-13,2014.00,2040.00,2014.00,2034.00,151
12-Dec-13,2020.00,2048.00,2017.00,2016.89,468
11-Dec-13,2018.00,2059.00,2007.00,2059.00,4365
10-Dec-13,2010.00,2020.00,1999.00,2012.00,2925
9-Dec-13,2000.00,2030.00,1990.00,2010.00,4278
6-Dec-13,1999.00,2000.00,1974.00,2000.00,2695
5-Dec-13,1946.00,1998.00,1946.00,1965.00,3314
4-Dec-13,1945.00,1960.00,1940.00,1951.00,9524
3-Dec-13,1963.00,1971.00,1941.00,1941.00,3517
2-Dec-13,2005.00,2005.00,1839.00,1951.00,4861
29-Nov-13,2021.00,2021.00,1991.00,1998.00,4870
28-Nov-13,2030.00,2030.00,1993.00,1993.00,529
27-Nov-13,2050.00,2051.00,2016.00,2015.00,690
26-Nov-13,2063.00,2082.00,2009.00,2020.00,12107
25-Nov-13,2078.00,2098.00,2050.00,2051.00,1367
22-Nov-13,2150.00,2160.00,2065.00,2065.00,6470
21-Nov-13,2161.00,2165.00,2148.00,2148.00,4208
20-Nov-13,2157.00,2165.00,2110.00,2156.00,3650
19-Nov-13,2150.00,2164.00,2150.00,2164.00,647
18-Nov-13,2145.00,2160.00,2129.00,2157.00,3919
15-Nov-13,2108.00,2150.00,2101.00,2150.00,3529
14-Nov-13,2100.00,2108.00,2088.00,2108.00,1342
13-Nov-13,2100.00,2102.00,2070.00,2088.00,5305
12-Nov-13,2065.00,2100.00,2050.00,2100.00,4950
11-Nov-13,2029.00,2070.00,2029.00,2070.00,2247
8-Nov-13,2068.00,2068.00,2000.00,2029.00,4412
7-Nov-13,2012.00,2054.00,2004.00,2050.00,2272
6-Nov-13,1991.00,2025.00,1990.00,1996.54,2643
5-Nov-13,2058.00,2058.00,1958.00,2000.00,26675
4-Nov-13,2067.00,2100.00,2065.00,2065.00,7511
1-Nov-13,2045.00,2084.00,2045.00,2063.00,5692
31-Oct-13,2018.00,2018.00,2000.00,2016.00,8271
30-Oct-13,2052.00,2058.00,2009.00,2009.00,7250
29-Oct-13,2185.00,2185.00,2038.00,2035.84,10476
28-Oct-13,2309.00,2309.00,2190.00,2187.89,9572
25-Oct-13,2320.00,2337.00,2290.00,2308.00,4616
24-Oct-13,2340.00,2345.00,2325.00,2325.00,4473
23-Oct-13,2350.00,2354.00,2340.00,2350.00,1087
22-Oct-13,2370.00,2370.00,2351.00,2354.95,113
21-Oct-13,2350.00,2366.00,2350.00,2366.00,3246
18-Oct-13,2355.00,2360.00,2344.00,2360.00,7666
17-Oct-13,2354.00,2356.00,2340.00,2356.00,5398
16-Oct-13,2350.00,2360.00,2336.00,2340.00,3424
15-Oct-13,2350.00,2370.00,2344.00,2370.00,6474
14-Oct-13,2350.00,2350.00,2320.00,2336.00,5170
11-Oct-13,2344.00,2350.00,2310.00,2340.00,9784
10-Oct-13,2280.00,2350.00,2280.00,2350.00,10017
9-Oct-13,2273.00,2290.00,2270.00,2271.00,7035
8-Oct-13,2270.00,2280.00,2270.00,2280.00,1477
7-Oct-13,2275.00,2275.00,2265.00,2275.00,6624
4-Oct-13,2267.00,2275.00,2265.00,2266.00,3803
3-Oct-13,2265.00,2274.00,2265.00,2270.00,2220
2-Oct-13,2270.00,2275.00,2262.00,2275.00,5527
1-Oct-13,2250.00,2275.00,2249.00,2273.99,18554
30-Sep-13,2242.00,2250.00,2230.00,2250.00,3526
27-Sep-13,2230.00,2441.00,2220.00,2225.00,13265
26-Sep-13,2225.00,2225.00,2220.00,2225.00,4470
25-Sep-13,2229.00,2229.00,2220.00,2218.00,5248
24-Sep-13,2230.00,2230.00,2208.00,2223.79,6538
20-Sep-13,2200.00,2224.00,2190.00,2223.76,25518
19-Sep-13,2150.00,2200.00,2150.00,2189.00,2915
18-Sep-13,2130.00,2150.00,2130.00,2149.00,7983
17-Sep-13,2129.00,2148.00,2125.00,2133.00,9894
16-Sep-13,2098.00,2110.00,2092.00,2107.00,6001
13-Sep-13,2085.00,2088.00,2080.00,2088.00,14476
12-Sep-13,2070.00,2095.00,2068.00,2085.00,12654
11-Sep-13,2045.00,2070.00,2045.00,2070.00,5916
10-Sep-13,2031.00,2065.00,2031.00,2041.00,21599
9-Sep-13,1990.00,2025.00,1990.00,2024.00,20310
6-Sep-13,1976.00,2000.00,1976.00,1986.93,1476
5-Sep-13,1958.00,2000.00,1953.00,2000.00,2983
4-Sep-13,1967.00,1985.00,1967.00,1985.00,1355
3-Sep-13,1970.00,1975.00,1955.00,1955.00,302
2-Sep-13,1950.00,1975.00,1950.00,1975.00,1287
30-Aug-13,1975.00,1980.00,1950.00,1975.00,8637
29-Aug-13,1954.00,1955.00,1950.00,1955.00,418
28-Aug-13,1940.00,1967.00,1940.00,1920.00,16958
27-Aug-13,1955.00,1955.00,1923.00,1950.00,13083
23-Aug-13,1925.00,1950.00,1925.00,1926.00,14476
22-Aug-13,1925.00,1933.00,1924.00,1900.00,5368
21-Aug-13,1915.00,1925.00,1900.00,1925.00,6594
20-Aug-13,1891.00,1924.00,1891.00,1905.00,1709
19-Aug-13,1925.00,1925.00,1895.00,1925.00,9264
16-Aug-13,1900.00,1925.00,1891.00,1925.00,790
15-Aug-13,1905.00,1920.00,1900.00,1904.00,4101
14-Aug-13,1904.00,1909.00,1899.00,1909.00,2089
13-Aug-13,1891.00,1904.00,1891.00,1904.00,608
12-Aug-13,1895.00,1905.00,1891.00,1900.00,6158
9-Aug-13,1885.00,1900.00,1885.00,1900.00,11751
8-Aug-13,1900.00,1900.00,1885.00,1880.00,583
7-Aug-13,1887.00,1887.00,1885.00,1885.00,82
6-Aug-13,1900.00,1900.00,1878.00,1885.00,4644
5-Aug-13,1884.00,1896.00,1881.00,1892.00,1518
2-Aug-13,1885.00,1892.00,1885.00,1892.00,1431
1-Aug-13,1871.00,1891.00,1871.00,1885.00,2836
31-Jul-13,1890.00,1892.00,1873.00,1888.00,1701
30-Jul-13,1891.00,1892.00,1868.00,1880.08,1538
29-Jul-13,1889.00,1889.00,1870.00,1880.00,6172
26-Jul-13,1870.00,1881.00,1855.00,1875.00,12961
25-Jul-13,1868.00,1894.00,1864.00,1884.00,5905
24-Jul-13,1867.00,1879.00,1860.00,1873.00,2551
23-Jul-13,1869.00,1899.00,1855.00,1880.00,4524
22-Jul-13,1869.00,1870.00,1847.00,1870.00,1994
19-Jul-13,1870.00,1874.00,1844.00,1866.00,2861
18-Jul-13,1820.00,1881.00,1820.00,1870.00,5789
17-Jul-13,1803.00,1831.00,1791.00,1814.00,5832
16-Jul-13,1800.00,1840.00,1767.00,1810.00,9489
15-Jul-13,1790.00,1799.00,1756.69,1799.00,714
12-Jul-13,1783.00,1792.00,1756.00,1785.00,1828
11-Jul-13,1740.00,1820.00,1729.50,1820.00,8374
10-Jul-13,1732.00,1740.00,1714.00,1740.00,1667
9-Jul-13,1740.00,1740.00,1710.00,1716.00,1343
8-Jul-13,1710.00,1729.00,1709.69,1713.00,1520
5-Jul-13,1707.00,1709.00,1680.50,1710.00,652
4-Jul-13,1698.00,1700.00,1679.00,1700.00,1039
3-Jul-13,1706.00,1714.00,1676.00,1691.00,7876
2-Jul-13,1700.00,1717.00,1681.00,1694.20,7695
1-Jul-13,1670.00,1700.00,1661.00,1695.00,2615
28-Jun-13,1650.00,1701.00,1630.00,1701.00,4625
27-Jun-13,1657.00,1657.00,1610.00,1645.00,9081
26-Jun-13,1640.00,1660.00,1627.00,1655.00,7860
25-Jun-13,1651.00,1652.00,1645.00,1645.00,2651
24-Jun-13,1657.00,1657.00,1640.00,1650.00,507
21-Jun-13,1655.00,1659.00,1623.00,1645.00,9897
20-Jun-13,1626.00,1650.00,1626.00,1640.00,403
19-Jun-13,1653.00,1660.00,1650.00,1654.00,379
18-Jun-13,1659.00,1660.00,1638.00,1652.00,5430
17-Jun-13,1610.00,1650.00,1610.00,1611.88,3370
14-Jun-13,1611.00,1620.00,1600.00,1603.00,1863
13-Jun-13,1603.00,1637.00,1590.00,1620.00,3168
12-Jun-13,1591.00,1655.00,1591.00,1655.00,2733
11-Jun-13,1603.00,1631.80,1591.00,1600.00,3196
10-Jun-13,1610.00,1620.00,1600.00,1600.00,4604
7-Jun-13,1611.00,1620.00,1608.09,1610.00,6055
6-Jun-13,1613.00,1620.00,1610.00,1612.00,9238
5-Jun-13,1628.00,1630.00,1620.00,1620.00,8254
4-Jun-13,1630.00,1635.60,1626.00,1629.00,2635
3-Jun-13,1702.00,1702.00,1645.00,1661.00,13505
31-May-13,1645.00,1716.00,1615.00,1716.00,17883
30-May-13,1618.00,1638.00,1611.28,1625.00,13720
29-May-13,1668.00,1670.00,1630.00,1635.00,6830
28-May-13,1668.00,1668.00,1623.00,1666.00,12785
24-May-13,1629.00,1663.00,1610.00,1663.00,1939
23-May-13,1610.00,1630.00,1590.00,1600.00,7887
22-May-13,1649.00,1660.00,1600.00,1660.00,8959
21-May-13,1631.00,1646.00,1609.00,1611.00,4606
20-May-13,1646.00,1667.45,1631.00,1650.00,6882
17-May-13,1636.00,1669.00,1636.00,1665.00,1669
16-May-13,1649.00,1674.00,1613.00,1670.00,8078
15-May-13,1613.54,1650.00,1613.54,1650.00,7117
14-May-13,1610.00,1650.00,1610.00,1650.00,3092
13-May-13,1635.00,1638.80,1612.00,1616.00,4948
10-May-13,1600.00,1669.00,1600.00,1650.00,12648
9-May-13,1616.00,1616.00,1597.00,1600.00,28862
8-May-13,1600.00,1614.00,1600.00,1611.00,7508
7-May-13,1615.00,1625.11,1600.00,1602.00,5508
3-May-13,1633.00,1633.00,1600.00,1601.00,7511
2-May-13,1620.00,1627.00,1602.00,1620.00,16015
1-May-13,1626.00,1629.00,1600.00,1620.00,27171
30-Apr-13,1633.00,1647.00,1621.00,1630.00,17910
29-Apr-13,1630.00,1637.00,1618.00,1619.00,12958
26-Apr-13,1625.00,1670.00,1625.00,1642.00,7059
25-Apr-13,1640.00,1652.00,1620.00,1630.00,9431
24-Apr-13,1688.00,1688.00,1651.00,1653.00,8467
23-Apr-13,1661.00,1693.00,1660.00,1680.00,12973
22-Apr-13,1660.00,1680.00,1660.00,1660.00,7132
19-Apr-13,1633.00,1705.29,1633.00,1660.00,18000
18-Apr-13,1640.00,1660.00,1623.87,1630.00,12304
17-Apr-13,1650.00,1650.00,1622.00,1635.00,14360
16-Apr-13,1611.00,1648.01,1603.75,1645.00,15812
15-Apr-13,1610.00,1611.00,1595.00,1608.00,4102
12-Apr-13,1615.00,1617.00,1578.23,1600.00,23606
11-Apr-13,1580.00,1588.01,1579.00,1580.00,18904
10-Apr-13,1580.00,1587.00,1580.00,1580.00,5394
9-Apr-13,1590.00,1590.00,1577.63,1583.00,33464
8-Apr-13,1575.00,1585.00,1575.00,1580.00,45034
5-Apr-13,1551.00,1585.00,1551.00,1585.00,16641
4-Apr-13,1568.00,1575.00,1561.16,1571.00,2555
3-Apr-13,1570.00,1583.88,1563.00,1580.00,10068
2-Apr-13,1537.00,1560.00,1507.00,1560.00,7853
28-Mar-13,1550.00,1555.00,1530.00,1555.00,4943
27-Mar-13,1540.00,1565.00,1525.00,1547.00,6922
26-Mar-13,1535.00,1539.00,1530.00,1535.00,5481
25-Mar-13,1520.00,1532.00,1519.00,1532.00,7816
22-Mar-13,1495.00,1516.00,1494.00,1516.00,8305
21-Mar-13,1487.00,1500.50,1485.00,1495.00,2303
20-Mar-13,1510.00,1510.00,1489.08,1500.00,16898
19-Mar-13,1505.00,1505.00,1498.25,1501.00,6058
18-Mar-13,1488.00,1506.00,1487.00,1506.00,13219
15-Mar-13,1489.00,1509.00,1486.00,1501.00,6633
14-Mar-13,1490.00,1499.00,1480.00,1490.00,3335
13-Mar-13,1511.00,1515.00,1505.00,1510.00,7288
12-Mar-13,1510.00,1515.00,1500.00,1515.00,7681
11-Mar-13,1471.00,1510.00,1471.00,1510.00,9558
8-Mar-13,1475.00,1546.00,1470.00,1485.00,24652
7-Mar-13,1440.00,1488.00,1386.20,1488.00,28002
6-Mar-13,1475.00,1510.00,1460.00,1475.00,23351
5-Mar-13,1455.00,1474.00,1455.00,1462.00,2917
4-Mar-13,1465.00,1482.00,1460.00,1482.00,7752
1-Mar-13,1458.00,1515.00,1455.00,1485.00,6411
28-Feb-13,1446.00,1489.00,1446.00,1487.00,5701
27-Feb-13,1448.00,1448.00,1448.00,1448.00,77
26-Feb-13,1454.00,1461.00,1438.70,1449.00,5310
25-Feb-13,1452.00,1472.00,1452.00,1454.00,1219
22-Feb-13,1446.00,1450.00,1445.00,1445.00,14882
21-Feb-13,1447.50,1445.00,1445.00,1445.00,181
20-Feb-13,1460.00,1460.00,1450.00,1455.00,1207
19-Feb-13,1449.00,1450.00,1441.56,1450.00,805
18-Feb-13,1437.00,1457.34,1436.00,1440.00,1923
15-Feb-13,1436.00,1450.00,1435.00,1440.00,17116
14-Feb-13,1440.00,1455.00,1431.00,1436.00,7276
13-Feb-13,1430.00,1450.00,1430.00,1440.00,1884
12-Feb-13,1435.00,1440.00,1422.00,1440.00,6595
11-Feb-13,1410.00,1440.00,1410.00,1440.00,1899
8-Feb-13,1410.00,1430.00,1410.00,1419.00,4528
7-Feb-13,1397.00,1426.00,1393.00,1421.00,21884
6-Feb-13,1382.00,1400.00,1382.00,1400.00,2792
5-Feb-13,1380.00,1387.00,1380.00,1380.00,6239
4-Feb-13,1371.00,1395.80,1371.00,1380.00,1575
1-Feb-13,1380.00,1400.00,1360.00,1400.00,8432
31-Jan-13,1395.00,1395.00,1341.00,1380.00,18322
30-Jan-13,1350.00,1380.00,1326.00,1380.00,3380
29-Jan-13,1311.00,1346.00,1311.00,1326.00,3164
28-Jan-13,1272.00,1380.00,1272.00,1353.00,11395
25-Jan-13,1256.00,1279.00,1255.00,1271.00,601
24-Jan-13,1255.00,1296.98,1255.00,1271.00,1351
23-Jan-13,1251.00,1263.00,1251.00,1263.00,1037
22-Jan-13,1255.00,1291.52,1255.00,1261.00,793
21-Jan-13,1255.00,1290.25,1255.00,1275.00,1138
18-Jan-13,1300.00,1300.00,1251.00,1283.00,575
17-Jan-13,1241.00,1285.00,1241.00,1275.00,1046
16-Jan-13,1265.00,1293.00,1265.00,1287.00,3217
15-Jan-13,1250.00,1275.00,1250.00,1275.00,3553
14-Jan-13,1235.00,1267.00,1235.00,1267.00,7675
11-Jan-13,1245.00,1261.00,1242.61,1256.00,1639
10-Jan-13,1239.00,1253.00,1211.00,1240.00,8463
9-Jan-13,1201.00,1225.00,1193.00,1204.00,2294
8-Jan-13,1185.00,1208.64,1182.50,1206.00,2509
7-Jan-13,1171.00,1200.00,1170.00,1200.00,1719
4-Jan-13,1191.00,1192.46,1175.00,1175.00,1496
3-Jan-13,1200.00,1200.00,1165.10,1188.00,5572
2-Jan-13,1210.00,1210.00,1171.94,1180.00,1947
