31-Dec-15,1880.00,1880.00,1820.00,1820.00,446
30-Dec-15,1831.00,1859.00,1830.00,1859.00,529
29-Dec-15,1855.00,1855.00,1821.00,1831.00,1494
24-Dec-15,1810.00,1838.00,1810.00,1838.00,48
23-Dec-15,1837.00,1854.00,1819.57,1838.10,1560
22-Dec-15,1829.00,1840.00,1815.04,1821.00,921
21-Dec-15,1840.00,1864.36,1780.00,1813.00,3873
18-Dec-15,1843.00,1843.00,1765.00,1800.00,9636
16-Dec-15,1839.00,1863.00,1800.00,1863.00,1362
15-Dec-15,1858.00,1877.00,1781.00,1781.00,2543
14-Dec-15,1815.00,1815.00,1789.00,1789.00,3627
11-Dec-15,1830.00,1849.00,1800.00,1800.00,2958
10-Dec-15,1801.00,1847.00,1801.00,1830.00,1640
9-Dec-15,1800.00,1849.00,1800.00,1848.00,913
8-Dec-15,1785.00,1845.00,1766.36,1780.00,802
7-Dec-15,1680.00,1785.00,1625.55,1742.00,1687
4-Dec-15,1817.00,1830.56,1666.00,1666.00,3281
3-Dec-15,1825.00,1860.00,1805.00,1805.00,785
2-Dec-15,1770.00,1800.00,1706.00,1800.00,1278
1-Dec-15,1841.00,1846.00,1770.00,1780.00,1567
30-Nov-15,1827.00,1924.00,1787.85,1850.00,10442
27-Nov-15,1814.00,1830.00,1776.00,1830.00,1364
26-Nov-15,1806.00,1810.00,1764.76,1809.05,1208
25-Nov-15,1760.00,1805.00,1760.00,1795.50,1341
24-Nov-15,1786.00,1810.00,1760.00,1760.00,1611
23-Nov-15,1796.00,1825.00,1796.00,1824.15,2682
20-Nov-15,1779.00,1839.00,1759.64,1770.00,5373
19-Nov-15,1763.00,1791.00,1727.00,1727.00,2670
18-Nov-15,1763.00,1789.00,1760.00,1760.00,814
17-Nov-15,1792.00,1826.00,1761.40,1765.00,3133
16-Nov-15,1770.00,1829.00,1770.00,1829.00,1221
13-Nov-15,1760.00,1815.00,1760.00,1775.00,1338
12-Nov-15,1819.00,1819.00,1760.00,1760.00,558
11-Nov-15,1828.00,1842.00,1780.00,1800.00,645
10-Nov-15,1785.00,1829.00,1785.00,1800.00,1113
9-Nov-15,1792.00,1820.00,1778.00,1791.00,1424
6-Nov-15,1767.00,1797.00,1757.00,1780.00,2064
5-Nov-15,1771.00,1782.00,1733.00,1780.00,4468
4-Nov-15,1799.00,1800.00,1764.21,1800.00,2359
3-Nov-15,1760.00,1800.00,1666.03,1800.00,2931
2-Nov-15,1789.00,1804.00,1762.00,1765.00,1256
30-Oct-15,1835.00,1844.00,1780.00,1800.00,5190
29-Oct-15,1791.00,1824.00,1790.00,1795.00,981
28-Oct-15,1796.00,1819.00,1788.00,1788.00,1293
27-Oct-15,1836.00,1841.00,1823.00,1823.00,717
26-Oct-15,1809.00,1811.00,1788.00,1803.00,1631
23-Oct-15,1760.00,1811.00,1760.00,1800.00,2182
22-Oct-15,1762.00,1812.00,1762.00,1786.40,3252
21-Oct-15,1800.00,1812.00,1776.00,1781.00,2171
20-Oct-15,1791.00,1801.00,1786.00,1788.00,1221
19-Oct-15,1769.00,1806.00,1769.00,1792.00,4759
16-Oct-15,1760.00,1796.00,1750.48,1773.00,2721
15-Oct-15,1750.00,1803.00,1750.00,1800.00,5968
14-Oct-15,1796.00,1805.00,1740.00,1740.00,3861
13-Oct-15,1749.00,1800.00,1740.00,1800.00,2973
12-Oct-15,1770.00,1818.80,1740.80,1753.00,1856
9-Oct-15,1802.00,1820.00,1782.09,1817.00,2943
8-Oct-15,1800.00,1831.00,1800.00,1800.00,6598
7-Oct-15,1800.00,1826.00,1800.00,1815.00,1693
6-Oct-15,1830.00,1860.00,1800.00,1850.00,1890
5-Oct-15,1860.00,1860.00,1810.00,1810.00,258
2-Oct-15,1852.00,1882.00,1828.00,1829.00,674
1-Oct-15,1870.00,1912.00,1849.00,1856.00,2640
30-Sep-15,1860.00,1900.00,1820.00,1900.00,3054
29-Sep-15,1780.00,1910.00,1746.35,1820.00,3962
28-Sep-15,1817.00,1880.00,1782.00,1880.00,3716
25-Sep-15,1856.00,1930.00,1856.00,1874.00,33759
24-Sep-15,1908.00,1908.00,1862.00,1888.00,828
23-Sep-15,1870.00,1913.00,1854.00,1890.00,2704
22-Sep-15,1841.00,1870.00,1804.00,1870.00,2028
21-Sep-15,1841.00,1875.56,1825.00,1825.00,1718
18-Sep-15,1848.00,1890.00,1825.60,1843.00,6053
17-Sep-15,1829.00,1829.00,1795.00,1804.00,1849
16-Sep-15,1817.00,1817.00,1790.00,1795.00,2105
15-Sep-15,1840.00,1855.00,1784.00,1784.00,12651
14-Sep-15,1849.00,1855.00,1830.00,1840.00,1405
11-Sep-15,1852.00,1880.00,1851.00,1880.00,729
10-Sep-15,1891.00,1902.52,1790.00,1810.00,1496
9-Sep-15,1907.00,1911.88,1844.00,1900.00,1477
8-Sep-15,1840.00,1915.00,1840.00,1910.00,200
7-Sep-15,1873.00,1892.00,1840.00,1840.00,565
4-Sep-15,1840.00,1872.00,1825.00,1825.00,2176
3-Sep-15,1835.00,1900.00,1835.00,1900.00,5348
2-Sep-15,1866.00,1866.66,1825.00,1840.00,5210
1-Sep-15,1819.00,1845.00,1805.00,1830.00,1600
28-Aug-15,1832.00,1840.00,1806.81,1829.00,514
27-Aug-15,1840.00,1853.00,1775.00,1840.00,3217
26-Aug-15,1840.00,1846.00,1830.00,1840.00,721
25-Aug-15,1850.00,1874.00,1833.00,1845.07,1352
24-Aug-15,1817.00,1850.00,1803.00,1830.00,5788
21-Aug-15,1950.00,1950.00,1812.00,1845.00,5161
20-Aug-15,1905.00,1950.00,1905.00,1950.00,2284
19-Aug-15,1970.00,2020.00,1918.00,1948.00,2101
18-Aug-15,1953.00,1975.00,1953.00,1970.00,3044
17-Aug-15,1868.00,2037.00,1868.00,1950.00,1756
14-Aug-15,1825.00,1918.00,1825.00,1862.00,924
13-Aug-15,1845.00,1896.07,1834.00,1835.00,142
12-Aug-15,1900.00,1940.00,1825.00,1875.00,12972
11-Aug-15,1900.00,1948.76,1865.00,1869.00,3104
10-Aug-15,1838.00,1898.81,1838.00,1875.00,1065
7-Aug-15,1915.00,1944.00,1827.00,1843.00,5568
6-Aug-15,1950.00,1984.47,1915.00,1940.00,3755
5-Aug-15,1943.00,1955.04,1911.00,1920.00,961
4-Aug-15,1900.00,1941.00,1900.00,1930.00,1287
3-Aug-15,1877.00,1932.00,1877.00,1930.00,1461
31-Jul-15,1892.00,1925.00,1892.00,1925.00,1134
30-Jul-15,1915.00,1924.00,1900.00,1900.00,4148
29-Jul-15,1911.00,1925.00,1875.00,1900.00,2909
28-Jul-15,1908.00,1919.00,1891.00,1900.00,1588
27-Jul-15,1848.00,1930.00,1848.00,1930.00,2886
24-Jul-15,1860.00,1890.00,1848.00,1848.00,1352
23-Jul-15,1831.00,1886.00,1831.00,1832.00,3867
22-Jul-15,1815.00,1850.00,1807.48,1831.00,874
21-Jul-15,1819.00,1829.86,1800.00,1800.00,951
20-Jul-15,1821.00,1840.00,1801.00,1810.00,4031
17-Jul-15,1810.00,1840.00,1801.00,1840.00,964
16-Jul-15,1810.00,1840.00,1810.00,1840.00,917
15-Jul-15,1840.00,1840.00,1810.00,1810.00,1104
14-Jul-15,1826.00,1827.00,1813.00,1827.00,777
13-Jul-15,1840.00,1840.00,1811.25,1840.00,2066
10-Jul-15,1800.00,1867.00,1799.00,1867.00,4479
9-Jul-15,1850.00,1850.00,1797.00,1820.00,1104
8-Jul-15,1832.00,1845.00,1800.00,1805.00,1247
7-Jul-15,1852.00,1852.00,1830.00,1830.00,1516
6-Jul-15,1850.00,1868.56,1830.00,1830.00,3329
3-Jul-15,1879.00,1879.00,1850.00,1867.50,3376
2-Jul-15,1825.00,1911.00,1825.00,1911.00,4363
1-Jul-15,1800.00,1844.25,1800.00,1830.00,1436
30-Jun-15,1814.00,1860.00,1800.00,1860.00,6156
29-Jun-15,1809.00,1860.00,1798.00,1816.00,1845
26-Jun-15,1868.00,1875.00,1851.00,1875.00,2303
25-Jun-15,1888.00,1888.00,1855.00,1862.00,3771
24-Jun-15,1854.00,1894.53,1854.00,1875.00,1240
23-Jun-15,1885.00,1897.47,1855.00,1855.00,3612
22-Jun-15,1885.00,1885.00,1856.00,1863.60,2206
19-Jun-15,1887.00,1909.00,1879.92,1900.00,22854
18-Jun-15,1873.00,1889.00,1846.00,1889.00,3020
17-Jun-15,1894.00,1907.00,1860.00,1877.00,1991
16-Jun-15,1958.00,1958.00,1885.00,1890.00,13668
15-Jun-15,1958.00,1958.00,1916.00,1919.00,4100
12-Jun-15,1981.00,1983.00,1950.00,1971.26,2518
11-Jun-15,1973.00,1980.00,1958.00,1975.00,458
10-Jun-15,1990.00,1990.00,1959.00,1976.31,1516
9-Jun-15,1969.00,1974.00,1950.00,1950.00,506
8-Jun-15,1979.00,1988.72,1950.00,1954.00,2914
5-Jun-15,1997.00,2006.16,1980.00,1997.00,1684
4-Jun-15,2013.00,2013.00,1980.00,1993.00,2682
3-Jun-15,2013.00,2023.00,2001.00,2009.00,9613
2-Jun-15,2010.00,2010.00,1977.00,1998.75,2093
1-Jun-15,2009.00,2010.00,1982.00,2010.00,2738
29-May-15,2013.00,2013.00,1996.00,2005.00,3898
28-May-15,2000.00,2000.00,1992.00,2000.00,4089
27-May-15,2010.00,2010.00,1990.00,1990.00,3292
26-May-15,2000.00,2010.00,1990.00,1990.00,15564
22-May-15,2000.00,2011.00,1988.00,2010.00,4673
21-May-15,1960.00,2000.00,1960.00,1978.50,2822
20-May-15,1970.00,1980.00,1950.00,1975.00,1520
19-May-15,1950.00,1980.00,1942.00,1966.80,4809
18-May-15,1921.00,1965.00,1921.00,1950.00,3658
15-May-15,1860.00,1938.00,1852.16,1853.00,6569
14-May-15,1854.00,1881.00,1843.00,1881.00,3053
13-May-15,1855.00,1867.00,1853.00,1860.00,4176
12-May-15,1860.00,1861.50,1818.75,1851.00,1807
11-May-15,1850.00,1865.00,1828.00,1860.00,4001
8-May-15,1820.00,1865.00,1816.80,1823.27,24674
7-May-15,1825.00,1825.00,1810.00,1820.50,6253
6-May-15,1824.00,1832.00,1806.00,1806.00,934
5-May-15,1849.00,1850.00,1820.00,1823.00,5675
1-May-15,1860.00,1860.00,1835.00,1842.00,2370
30-Apr-15,1867.00,1876.00,1834.00,1834.00,7527
29-Apr-15,1880.00,1900.00,1865.00,1865.00,2691
28-Apr-15,1871.00,1890.50,1865.00,1865.00,1971
27-Apr-15,1897.00,1898.00,1874.00,1874.00,1140
24-Apr-15,1901.00,1901.00,1880.00,1880.00,2279
23-Apr-15,1920.00,1921.00,1880.00,1900.00,2417
22-Apr-15,1892.00,1910.00,1886.00,1897.00,1339
21-Apr-15,1905.00,1926.00,1883.00,1893.00,3023
20-Apr-15,1894.00,1920.00,1880.00,1920.00,2969
17-Apr-15,1903.00,1915.00,1890.00,1890.00,1667
16-Apr-15,1885.00,1900.00,1862.00,1900.00,2627
15-Apr-15,1866.00,1909.00,1850.00,1887.00,4650
14-Apr-15,1841.00,1890.00,1841.00,1890.00,4541
13-Apr-15,1830.00,1860.00,1800.00,1860.00,7738
10-Apr-15,1780.00,1831.00,1780.00,1831.00,3629
9-Apr-15,1790.00,1800.00,1773.00,1800.00,717
8-Apr-15,1769.00,1782.11,1765.00,1780.00,5049
7-Apr-15,1752.00,1769.00,1750.00,1751.99,5919
2-Apr-15,1721.00,1756.00,1721.00,1756.00,4986
1-Apr-15,1732.00,1748.00,1720.00,1720.00,3016
31-Mar-15,1725.00,1728.00,1712.00,1720.00,1912
30-Mar-15,1712.00,1738.44,1700.00,1700.00,2017
27-Mar-15,1746.00,1746.00,1703.00,1745.00,4612
26-Mar-15,1700.00,1729.00,1700.00,1706.57,2653
25-Mar-15,1720.00,1738.56,1720.00,1720.00,1352
24-Mar-15,1722.00,1745.87,1722.00,1730.00,7847
23-Mar-15,1730.00,1732.00,1716.00,1732.00,4539
20-Mar-15,1701.00,1731.81,1701.00,1730.00,14252
19-Mar-15,1726.00,1749.00,1714.00,1714.00,1745
18-Mar-15,1730.00,1749.00,1702.00,1702.00,5223
17-Mar-15,1744.00,1749.00,1708.00,1709.00,1627
16-Mar-15,1720.00,1762.00,1720.00,1740.00,7234
13-Mar-15,1695.00,1720.00,1690.00,1702.00,3322
12-Mar-15,1695.00,1714.00,1686.00,1699.00,2915
11-Mar-15,1695.00,1706.00,1686.00,1690.00,10067
10-Mar-15,1710.00,1714.00,1701.00,1701.00,3080
9-Mar-15,1715.00,1715.00,1686.00,1686.00,1457
6-Mar-15,1715.00,1725.02,1705.79,1712.00,14583
5-Mar-15,1750.00,1750.00,1705.00,1710.00,12479
4-Mar-15,1705.00,1749.77,1680.00,1725.00,7639
3-Mar-15,1675.00,1693.00,1656.00,1680.00,5274
2-Mar-15,1650.00,1675.00,1637.20,1663.00,1860
27-Feb-15,1634.00,1652.64,1634.00,1650.00,456
26-Feb-15,1628.00,1650.00,1604.67,1650.00,4001
25-Feb-15,1629.00,1650.00,1629.00,1645.00,1038
24-Feb-15,1630.00,1660.00,1621.00,1630.00,4494
23-Feb-15,1635.00,1650.00,1615.61,1630.00,3792
20-Feb-15,1630.00,1643.88,1620.00,1625.00,3736
19-Feb-15,1618.00,1640.00,1606.00,1640.00,8360
18-Feb-15,1596.00,1644.95,1590.00,1630.00,6943
17-Feb-15,1596.00,1620.00,1596.00,1604.00,1825
16-Feb-15,1568.00,1626.00,1550.00,1605.00,4970
13-Feb-15,1544.00,1568.00,1500.00,1534.00,7416
12-Feb-15,1550.00,1562.00,1544.00,1560.00,8625
11-Feb-15,1560.00,1590.00,1540.00,1561.81,5170
10-Feb-15,1560.00,1595.00,1553.80,1595.00,1484
9-Feb-15,1566.00,1589.51,1560.00,1560.00,1558
6-Feb-15,1556.00,1595.00,1556.00,1595.00,2593
5-Feb-15,1570.00,1575.00,1528.00,1575.00,1788
4-Feb-15,1558.00,1570.00,1535.00,1570.00,972
3-Feb-15,1555.00,1570.00,1533.00,1570.00,1350
2-Feb-15,1550.00,1564.00,1550.00,1555.00,1404
30-Jan-15,1531.00,1558.00,1524.00,1540.00,1700
29-Jan-15,1549.00,1570.00,1525.00,1570.00,2027
28-Jan-15,1550.00,1554.00,1506.00,1543.30,709
27-Jan-15,1505.00,1544.00,1505.00,1530.00,1679
26-Jan-15,1543.00,1553.80,1510.00,1520.00,7474
23-Jan-15,1527.00,1559.39,1525.00,1550.00,4473
22-Jan-15,1500.00,1600.00,1500.00,1540.00,16684
21-Jan-15,1445.00,1460.64,1440.00,1440.00,3403
20-Jan-15,1452.00,1460.00,1432.00,1460.00,1746
19-Jan-15,1461.00,1484.40,1452.00,1484.40,57
16-Jan-15,1460.00,1483.40,1460.00,1465.00,3468
15-Jan-15,1490.00,1490.00,1465.00,1471.00,8848
14-Jan-15,1482.00,1500.00,1465.00,1482.00,1682
13-Jan-15,1521.00,1521.00,1465.00,1465.00,1359
12-Jan-15,1494.00,1511.48,1480.00,1480.00,4615
9-Jan-15,1500.00,1520.75,1490.00,1490.00,896
8-Jan-15,1502.00,1528.00,1483.00,1498.60,1949
7-Jan-15,1485.00,1517.00,1485.00,1500.00,3056
6-Jan-15,1540.00,1540.00,1483.00,1483.00,13472
5-Jan-15,1517.00,1547.00,1505.00,1505.00,314
31-Dec-14,1510.52,1510.52,1510.52,1510.52,0
30-Dec-14,1525.00,1541.00,1508.00,1540.00,3170
29-Dec-14,1511.00,1552.00,1510.00,1552.00,5315
24-Dec-14,1525.00,1525.00,1521.50,1525.00,120
23-Dec-14,1523.00,1525.00,1490.00,1513.00,3436
22-Dec-14,1479.00,1525.00,1477.00,1525.00,7993
19-Dec-14,1400.00,1480.00,1387.54,1387.54,173639
18-Dec-14,1413.00,1440.50,1379.00,1410.00,2830
17-Dec-14,1414.00,1442.50,1414.00,1440.00,6740
16-Dec-14,1480.00,1487.50,1445.00,1445.00,2459
15-Dec-14,1485.00,1491.00,1473.00,1473.00,544
12-Dec-14,1510.00,1510.00,1482.00,1490.00,491
11-Dec-14,1510.00,1515.00,1480.00,1498.00,1923
10-Dec-14,1525.00,1525.00,1510.00,1510.00,662
9-Dec-14,1550.00,1550.00,1510.00,1540.00,4338
8-Dec-14,1570.00,1570.00,1504.84,1555.00,1619
5-Dec-14,1530.00,1570.00,1498.00,1570.00,7023
4-Dec-14,1505.00,1515.00,1500.00,1500.00,2106
3-Dec-14,1485.00,1535.00,1484.00,1512.00,8917
2-Dec-14,1450.00,1495.00,1449.00,1495.00,4859
1-Dec-14,1431.00,1450.00,1416.00,1450.00,1141
28-Nov-14,1420.00,1440.00,1420.00,1440.00,564
27-Nov-14,1400.00,1420.00,1400.00,1420.00,1400
26-Nov-14,1372.00,1390.00,1372.00,1372.00,16
25-Nov-14,1388.00,1397.00,1375.00,1397.00,974
24-Nov-14,1389.00,1389.00,1375.00,1375.00,153
21-Nov-14,1375.00,1390.00,1361.00,1389.00,5264
20-Nov-14,1394.00,1402.00,1394.00,1395.00,1357
19-Nov-14,1390.00,1402.25,1375.00,1375.00,1740
18-Nov-14,1373.00,1400.00,1373.00,1400.00,1200
17-Nov-14,1375.00,1395.00,1351.00,1384.00,1732
14-Nov-14,1390.00,1395.00,1351.00,1351.00,3440
13-Nov-14,1384.00,1390.00,1365.00,1379.00,214
12-Nov-14,1385.00,1385.00,1365.41,1385.00,218
11-Nov-14,1385.00,1385.00,1365.00,1365.00,614
10-Nov-14,1370.00,1381.00,1370.00,1381.00,1375
7-Nov-14,1343.00,1366.00,1339.25,1366.00,1209
6-Nov-14,1320.00,1354.00,1320.00,1354.00,10807
5-Nov-14,1355.00,1372.00,1325.00,1325.00,1338
4-Nov-14,1382.00,1382.00,1357.00,1362.00,1317
3-Nov-14,1377.00,1390.00,1377.00,1390.00,114
31-Oct-14,1370.00,1370.00,1358.25,1367.00,2226
30-Oct-14,1370.00,1380.00,1350.00,1380.00,574
29-Oct-14,1380.00,1380.00,1355.00,1361.00,1171
28-Oct-14,1380.00,1380.00,1379.00,1380.00,293
27-Oct-14,1370.00,1380.00,1370.00,1380.00,561
24-Oct-14,1335.00,1350.00,1331.88,1346.45,893
23-Oct-14,1330.00,1335.00,1314.00,1335.00,372
22-Oct-14,1320.00,1362.00,1298.00,1303.00,46762
21-Oct-14,1330.00,1350.00,1313.00,1324.00,7384
20-Oct-14,1330.00,1330.00,1314.21,1330.00,117
17-Oct-14,1350.00,1350.00,1311.00,1349.00,4621
16-Oct-14,1330.00,1350.00,1320.00,1349.00,2252
15-Oct-14,1318.00,1337.00,1318.00,1337.00,742
14-Oct-14,1330.00,1330.00,1309.00,1330.00,141
13-Oct-14,1300.00,1310.00,1300.00,1301.00,7364
10-Oct-14,1270.00,1317.00,1270.00,1316.00,624
9-Oct-14,1337.00,1337.00,1276.00,1335.25,8370
8-Oct-14,1355.00,1355.00,1336.68,1350.00,1124
7-Oct-14,1355.00,1366.00,1355.00,1365.00,1906
6-Oct-14,1370.00,1370.00,1360.00,1360.00,1864
3-Oct-14,1380.00,1386.25,1365.00,1365.00,1332
2-Oct-14,1381.00,1391.00,1337.00,1378.00,2430
1-Oct-14,1375.00,1390.00,1369.25,1385.00,450
30-Sep-14,1389.00,1390.90,1381.00,1387.25,1107
29-Sep-14,1357.00,1390.00,1357.00,1385.00,1693
26-Sep-14,1380.00,1384.00,1359.00,1359.00,2318
25-Sep-14,1374.00,1374.00,1364.00,1364.00,517
24-Sep-14,1365.00,1377.00,1364.00,1364.00,265
23-Sep-14,1364.00,1366.00,1355.00,1364.00,2826
22-Sep-14,1360.00,1380.00,1360.00,1380.00,2268
19-Sep-14,1334.00,1380.00,1334.00,1380.00,1651
18-Sep-14,1344.00,1344.00,1340.00,1340.00,334
17-Sep-14,1320.00,1327.54,1320.00,1320.00,175
16-Sep-14,1330.00,1335.68,1320.00,1325.00,1212
15-Sep-14,1329.00,1351.00,1319.00,1351.00,3611
12-Sep-14,1326.00,1333.00,1326.00,1333.00,639
11-Sep-14,1320.00,1329.75,1314.75,1316.00,654
10-Sep-14,1330.00,1331.00,1321.00,1321.00,1421
9-Sep-14,1330.00,1342.02,1330.00,1340.00,3707
8-Sep-14,1325.00,1332.00,1320.00,1332.00,1346
5-Sep-14,1322.00,1322.25,1320.00,1320.00,549
4-Sep-14,1326.00,1326.00,1326.00,1326.00,195
3-Sep-14,1328.00,1328.00,1326.00,1326.00,302
2-Sep-14,1310.00,1320.00,1309.35,1316.00,1978
1-Sep-14,1312.00,1312.00,1311.50,1312.00,340
29-Aug-14,1311.00,1319.29,1303.59,1310.00,2520
28-Aug-14,1310.00,1321.25,1310.00,1317.50,81
27-Aug-14,1302.00,1320.00,1302.00,1320.00,9676
26-Aug-14,1315.00,1315.00,1302.00,1303.00,4083
22-Aug-14,1311.00,1320.00,1306.00,1315.00,1935
21-Aug-14,1310.00,1315.00,1310.00,1315.00,1
20-Aug-14,1314.00,1320.00,1314.00,1315.00,1460
19-Aug-14,1316.00,1316.00,1301.00,1310.00,17099
18-Aug-14,1302.00,1332.00,1301.00,1332.00,12383
15-Aug-14,1302.00,1327.00,1302.00,1313.00,2794
14-Aug-14,1343.00,1343.00,1312.00,1312.00,2093
13-Aug-14,1338.00,1341.50,1313.00,1313.00,5432
12-Aug-14,1289.00,1300.00,1286.00,1295.00,1064
11-Aug-14,1315.00,1315.00,1282.00,1282.00,2480
8-Aug-14,1299.00,1325.00,1299.00,1306.00,1731
7-Aug-14,1305.00,1310.00,1295.00,1300.00,13133
6-Aug-14,1313.00,1314.00,1302.00,1302.00,718
5-Aug-14,1316.00,1319.00,1309.00,1316.00,1827
4-Aug-14,1300.00,1305.00,1291.00,1305.00,208
1-Aug-14,1295.00,1295.00,1281.00,1287.00,2907
31-Jul-14,1315.00,1315.00,1295.00,1300.00,3248
30-Jul-14,1315.00,1326.25,1310.00,1310.00,254
29-Jul-14,1319.00,1319.00,1300.00,1300.00,2396
28-Jul-14,1320.00,1320.55,1316.00,1316.00,27
25-Jul-14,1320.00,1333.00,1308.42,1333.00,3014
24-Jul-14,1316.00,1324.00,1282.75,1324.00,2013
23-Jul-14,1279.00,1281.00,1279.00,1279.00,81
22-Jul-14,1303.00,1319.00,1286.50,1319.00,2892
21-Jul-14,1289.00,1294.93,1280.00,1280.00,1505
18-Jul-14,1299.00,1299.00,1281.00,1281.00,293
17-Jul-14,1310.00,1310.00,1285.00,1299.00,1338
16-Jul-14,1305.00,1306.00,1281.00,1303.00,3038
15-Jul-14,1306.00,1320.00,1291.00,1291.00,8057
14-Jul-14,1313.00,1339.51,1306.00,1307.00,911
11-Jul-14,1337.00,1340.00,1310.00,1339.00,1419
10-Jul-14,1296.00,1335.00,1296.00,1335.00,1405
9-Jul-14,1324.00,1334.00,1301.00,1334.00,1483
8-Jul-14,1320.00,1335.00,1317.91,1324.00,1808
7-Jul-14,1301.00,1320.00,1297.25,1320.00,35067
4-Jul-14,1325.00,1343.00,1320.00,1343.00,2702
3-Jul-14,1301.00,1333.00,1301.00,1333.00,5446
2-Jul-14,1325.00,1325.00,1283.00,1283.00,2234
1-Jul-14,1315.00,1323.00,1315.00,1323.00,197
30-Jun-14,1289.80,1322.71,1289.80,1322.71,0
27-Jun-14,1328.00,1328.00,1297.00,1302.00,980
26-Jun-14,1318.00,1330.00,1318.00,1320.00,788
25-Jun-14,1302.00,1314.94,1301.00,1301.00,2785
24-Jun-14,1310.00,1334.25,1300.00,1302.13,3779
23-Jun-14,1332.00,1332.00,1326.99,1326.99,5
20-Jun-14,1318.00,1323.00,1300.00,1323.00,9449
19-Jun-14,1339.00,1339.00,1321.00,1321.00,1513
18-Jun-14,1323.00,1336.05,1300.00,1300.00,284
17-Jun-14,1339.00,1339.00,1301.00,1301.00,2518
16-Jun-14,1315.00,1328.00,1315.00,1316.00,5516
13-Jun-14,1340.00,1342.00,1316.00,1316.00,802
12-Jun-14,1341.00,1364.25,1341.00,1341.00,286
11-Jun-14,1370.00,1373.00,1331.66,1331.66,1263
10-Jun-14,1370.00,1380.25,1362.50,1367.00,1651
9-Jun-14,1360.00,1377.63,1340.00,1341.00,460
6-Jun-14,1370.00,1384.00,1348.00,1376.00,2956
5-Jun-14,1361.00,1361.00,1361.00,1361.00,397
4-Jun-14,1349.00,1349.00,1349.00,1349.00,212
3-Jun-14,1349.00,1349.00,1323.22,1323.22,310
2-Jun-14,1389.00,1391.00,1340.00,1376.00,665
30-May-14,1365.00,1399.00,1359.25,1399.00,154
29-May-14,1357.00,1398.98,1350.00,1394.00,1070
28-May-14,1327.00,1365.00,1327.00,1365.00,664
27-May-14,1360.50,1360.50,1333.00,1333.00,0
23-May-14,1370.00,1370.00,1370.00,1370.00,205
22-May-14,1380.00,1384.75,1331.00,1380.00,214
21-May-14,1350.00,1350.00,1334.75,1337.00,3672
20-May-14,1353.00,1353.00,1331.00,1347.50,264
19-May-14,1375.00,1375.00,1341.05,1360.00,1310
16-May-14,1389.00,1389.00,1389.00,1389.00,105
15-May-14,1366.00,1366.00,1366.00,1366.00,0
14-May-14,1405.00,1422.00,1375.00,1395.00,1389
13-May-14,1405.00,1417.00,1385.00,1417.00,1309
12-May-14,1399.00,1418.00,1399.00,1410.00,2346
9-May-14,1351.00,1372.75,1345.00,1350.00,1935
8-May-14,1351.00,1376.20,1351.00,1351.00,221
7-May-14,1430.00,1430.00,1362.00,1368.00,2934
6-May-14,1450.00,1499.00,1425.00,1439.00,4813
2-May-14,1435.00,1450.00,1435.00,1450.00,507
1-May-14,1435.00,1435.00,1397.50,1421.00,578
30-Apr-14,1385.00,1399.18,1380.00,1397.00,3342
29-Apr-14,1405.00,1405.00,1385.00,1399.00,1230
28-Apr-14,1400.00,1425.05,1390.00,1400.00,4364
25-Apr-14,1375.00,1410.00,1370.00,1390.47,1543
24-Apr-14,1359.00,1375.00,1356.00,1375.00,1173
23-Apr-14,1325.00,1354.00,1325.00,1336.00,6370
22-Apr-14,1350.00,1350.00,1320.00,1320.00,236
17-Apr-14,1311.00,1311.00,1311.00,1311.00,192
16-Apr-14,1301.00,1343.00,1301.00,1301.00,144
15-Apr-14,1315.00,1315.00,1286.25,1301.00,378
14-Apr-14,1275.00,1314.00,1275.00,1280.00,394
11-Apr-14,1286.00,1301.00,1276.00,1276.00,1977
10-Apr-14,1301.00,1330.00,1291.00,1291.00,1639
9-Apr-14,1349.00,1350.00,1322.00,1330.00,1553
8-Apr-14,1300.00,1319.38,1280.84,1281.00,645
7-Apr-14,1324.00,1325.00,1304.87,1307.00,1109
4-Apr-14,1285.00,1301.00,1285.00,1300.00,35
3-Apr-14,1320.00,1320.00,1281.00,1285.35,630
2-Apr-14,1302.00,1324.00,1280.00,1324.00,369
1-Apr-14,1312.00,1312.00,1299.25,1299.25,0
31-Mar-14,1325.00,1328.00,1325.00,1328.00,2639
28-Mar-14,1313.00,1313.00,1313.00,1313.00,0
27-Mar-14,1320.00,1347.00,1307.00,1308.00,965
26-Mar-14,1324.00,1349.00,1296.09,1339.24,2576
25-Mar-14,1343.00,1343.17,1323.62,1342.00,735
24-Mar-14,1320.00,1350.00,1320.00,1341.00,1015
21-Mar-14,1320.00,1350.00,1320.00,1350.00,4633
20-Mar-14,1280.00,1348.00,1280.00,1347.00,7735
19-Mar-14,1314.00,1325.00,1280.00,1319.00,2271
18-Mar-14,1250.00,1300.00,1250.00,1275.00,19956
17-Mar-14,1280.00,1300.00,1278.00,1287.00,1756
14-Mar-14,1281.00,1282.00,1279.00,1279.00,490
13-Mar-14,1290.00,1300.00,1290.00,1295.00,378
12-Mar-14,1296.00,1296.00,1296.00,1301.00,94
11-Mar-14,1301.00,1301.00,1301.00,1301.00,801
10-Mar-14,1320.00,1321.00,1320.00,1310.00,408
7-Mar-14,1329.00,1329.00,1320.00,1329.00,334
6-Mar-14,1320.00,1320.00,1300.00,1305.00,1026
5-Mar-14,1309.00,1320.00,1309.00,1319.00,756
4-Mar-14,1369.00,1369.00,1300.00,1324.00,2263
3-Mar-14,1340.00,1367.00,1340.00,1355.00,2098
28-Feb-14,1366.00,1373.00,1365.00,1373.00,861
27-Feb-14,1373.17,-,-,1350.12,0
26-Feb-14,1341.00,1375.00,1341.00,1366.00,3544
25-Feb-14,1333.00,1374.00,1333.00,1374.00,11544
24-Feb-14,1309.00,1330.00,1296.00,1330.00,1032
21-Feb-14,1295.00,1319.00,1295.00,1319.00,4796
20-Feb-14,1275.00,1294.00,1275.00,1294.00,1288
19-Feb-14,1254.00,1294.00,1254.00,1294.00,758
18-Feb-14,1274.00,1294.00,1274.00,1277.00,1934
17-Feb-14,1266.00,1266.00,1266.00,1266.00,319
14-Feb-14,1299.00,1299.00,1299.00,1299.00,307
13-Feb-14,1280.00,1300.00,1280.00,1288.00,782
12-Feb-14,1314.00,1314.00,1314.00,1268.00,125
11-Feb-14,1295.00,1314.00,1293.00,1314.00,1279
10-Feb-14,1264.00,1276.00,1251.00,1276.25,1612
7-Feb-14,1281.00,1289.00,1280.00,1289.00,2426
6-Feb-14,1264.00,1280.00,1264.00,1280.00,4900
5-Feb-14,1289.00,1289.00,1289.00,1289.00,25
4-Feb-14,1249.00,-,-,1250.00,0
3-Feb-14,1241.00,1281.00,1241.00,1250.00,5689
31-Jan-14,1270.00,1270.00,1250.00,1251.00,6300
30-Jan-14,1250.00,1256.00,1250.00,1256.00,1114
29-Jan-14,1269.00,1270.00,1247.00,1260.00,2767
28-Jan-14,1255.00,1269.00,1250.00,1269.00,4352
27-Jan-14,1262.00,1262.00,1262.00,1262.00,14
24-Jan-14,1329.00,1329.00,1300.00,1300.00,456
23-Jan-14,1325.00,1325.00,1300.00,1300.00,802
22-Jan-14,1339.00,1340.00,1326.00,1326.00,617
21-Jan-14,1317.00,1317.00,1317.00,1317.00,269
20-Jan-14,1338.00,1350.00,1330.00,1330.00,1067
17-Jan-14,1351.00,1351.00,1320.00,1355.00,2910
16-Jan-14,1350.00,1355.00,1339.00,1350.00,10461
15-Jan-14,1335.00,1335.00,1335.00,1336.00,300
14-Jan-14,1341.00,1350.00,1341.00,1350.00,1096
13-Jan-14,1365.00,1365.00,1325.00,1358.00,3936
10-Jan-14,1375.00,1375.00,1366.00,1395.00,842
9-Jan-14,1375.00,1375.00,1366.00,1366.00,959
8-Jan-14,1381.00,1381.00,1371.00,1371.00,644
7-Jan-14,1380.00,1381.00,1380.00,1380.00,785
6-Jan-14,1376.00,1404.00,1376.00,1410.00,4928
3-Jan-14,1336.00,1430.00,1335.00,1360.29,3361
2-Jan-14,1356.00,1356.00,1335.00,1336.00,1066
31-Dec-13,1329.00,1399.00,1329.00,1379.00,4035
30-Dec-13,1249.00,1311.00,1249.00,1308.02,3555
27-Dec-13,1249.00,1250.00,1249.00,1250.00,1071
24-Dec-13,1236.00,1248.00,1236.00,1248.00,143
23-Dec-13,1221.00,1221.00,1221.00,1221.00,209
20-Dec-13,1218.00,1254.00,1218.00,1254.00,4779
19-Dec-13,1227.00,1229.00,1215.00,1226.00,4145
18-Dec-13,1225.00,1232.00,1225.00,1232.00,1043
17-Dec-13,1221.00,1221.00,1220.00,1220.00,1548
16-Dec-13,1221.00,1221.00,1221.00,1221.00,382
13-Dec-13,1226.00,1253.00,1226.00,1253.00,1009
12-Dec-13,1226.00,1226.00,1226.00,1225.00,408
11-Dec-13,1230.00,1258.00,1230.00,1258.00,1821
10-Dec-13,1225.00,1229.00,1225.00,1227.00,4524
9-Dec-13,1215.00,1225.00,1215.00,1225.00,51475
6-Dec-13,1249.00,1249.00,1229.00,1229.00,1757
5-Dec-13,1215.00,1225.00,1200.00,1200.00,1882
4-Dec-13,1219.10,-,-,1238.50,0
3-Dec-13,1249.00,1249.00,1215.00,1215.00,956
2-Dec-13,1215.00,1215.00,1215.00,1215.00,42
29-Nov-13,1215.00,1215.00,1215.00,1215.00,397
28-Nov-13,1218.00,1218.00,1215.00,1215.00,2736
27-Nov-13,1215.00,1215.00,1215.00,1215.00,209
26-Nov-13,1230.00,1230.00,1200.00,1200.00,2776
25-Nov-13,1230.00,1230.00,1230.00,1230.00,11
22-Nov-13,1239.00,1239.00,1239.00,1239.00,32
21-Nov-13,1239.00,1239.00,1215.00,1215.00,2231
20-Nov-13,1239.00,1240.00,1239.00,1239.00,1049
19-Nov-13,1230.00,1250.00,1230.00,1250.00,2396
18-Nov-13,1200.00,1239.00,1200.00,1200.00,1333
15-Nov-13,1210.00,1213.00,1210.00,1210.00,1436
14-Nov-13,1210.00,1216.00,1210.00,1215.00,653
13-Nov-13,1221.00,1221.00,1215.00,1215.00,2438
12-Nov-13,1228.25,-,-,1229.90,0
11-Nov-13,1225.00,1225.00,1215.00,1215.00,5970
8-Nov-13,1215.00,1215.00,1209.00,1215.00,1021
7-Nov-13,1208.00,1220.00,1208.00,1215.00,638
6-Nov-13,1195.00,1215.00,1195.00,1215.00,4158
5-Nov-13,1187.00,1238.00,1187.00,1238.00,804
4-Nov-13,1180.00,1199.00,1180.00,1190.00,4554
1-Nov-13,1195.00,1210.00,1185.00,1189.00,2211
31-Oct-13,1200.00,1203.00,1200.00,1203.00,666
30-Oct-13,1219.00,1239.00,1219.00,1228.00,1198
29-Oct-13,1207.50,-,-,1204.50,0
28-Oct-13,-,-,-,1206.00,0
25-Oct-13,1214.91,1206.00,1206.00,1206.00,74
24-Oct-13,1192.00,-,-,1207.50,0
23-Oct-13,1204.50,-,-,1195.00,0
22-Oct-13,1162.00,1216.00,1162.00,1216.00,5566
21-Oct-13,1158.00,1160.00,1130.00,1150.00,3255
18-Oct-13,1177.68,-,-,1179.00,0
17-Oct-13,1170.00,1180.00,1151.00,1176.00,1670
16-Oct-13,1180.00,1180.00,1151.00,1160.67,2871
15-Oct-13,1195.00,1195.00,1170.00,1174.00,1696
14-Oct-13,1177.00,1210.00,1175.00,1210.00,701
11-Oct-13,1193.00,1200.00,1192.00,1200.00,1121
10-Oct-13,1198.00,1200.00,1172.00,1172.00,3060
9-Oct-13,1173.00,1198.00,1172.00,1198.00,3546
8-Oct-13,1174.90,1168.00,1168.00,1168.00,22
7-Oct-13,1158.50,-,-,1159.07,0
4-Oct-13,1159.00,1161.00,1156.00,1161.00,1077
3-Oct-13,1175.00,1177.00,1141.00,1155.00,6455
2-Oct-13,1165.00,1175.00,1165.00,1168.00,2228
1-Oct-13,1174.00,1182.00,1171.00,1171.00,3914
30-Sep-13,1171.00,1175.00,1169.00,1174.00,2556
27-Sep-13,1175.00,1175.00,1170.00,1175.00,2469
26-Sep-13,1175.00,1175.00,1165.00,1153.00,4018
25-Sep-13,1175.00,1175.00,1175.00,1164.50,1044
24-Sep-13,1164.00,1175.00,1164.00,1175.00,1763
20-Sep-13,1155.00,1175.00,1155.00,1175.00,6366
19-Sep-13,1175.00,1178.00,1146.00,1153.00,1939
18-Sep-13,1168.00,1173.00,1152.00,1172.00,969
17-Sep-13,1166.00,1168.00,1141.00,1166.06,14737
16-Sep-13,1185.00,1185.00,1153.00,1188.00,6720
13-Sep-13,1169.00,1175.00,1159.00,1159.00,2826
12-Sep-13,1169.00,1169.00,1169.00,1169.00,2072
11-Sep-13,1169.00,1169.00,1169.00,1169.00,44
10-Sep-13,1190.00,1190.00,1185.00,1187.00,755
9-Sep-13,1170.00,1180.00,1169.00,1169.00,5869
6-Sep-13,1171.00,1177.00,1169.00,1171.00,1322
5-Sep-13,1200.00,1200.00,1169.00,1170.00,1675
4-Sep-13,1175.00,1185.00,1160.00,1166.00,2457
3-Sep-13,1185.00,1185.00,1185.00,1199.00,12
2-Sep-13,1190.00,1190.00,1175.00,1175.00,234
30-Aug-13,1213.75,-,-,1198.00,0
29-Aug-13,1200.00,1215.00,1190.00,1200.00,5813
28-Aug-13,1189.00,1189.00,1186.00,1186.00,174
27-Aug-13,1176.00,1176.00,1166.00,1174.00,530
23-Aug-13,1184.00,1184.00,1176.00,1176.00,188
22-Aug-13,1185.00,1187.00,1169.00,1181.00,3247
21-Aug-13,1169.00,1173.00,1169.00,1173.00,835
20-Aug-13,1187.00,1187.00,1169.00,1169.00,2322
19-Aug-13,1166.00,1190.00,1160.00,1211.00,2419
16-Aug-13,1238.00,1238.00,1162.00,1260.00,2567
15-Aug-13,1274.00,1274.00,1229.00,1260.00,8822
14-Aug-13,1190.00,1272.00,1185.00,1260.00,7634
13-Aug-13,1164.87,-,-,1164.87,0
12-Aug-13,1175.00,-,-,1164.87,0
9-Aug-13,1163.00,1171.00,1153.00,1153.00,664
8-Aug-13,1121.00,1155.00,1121.00,1151.00,1810
7-Aug-13,1112.00,1115.00,1100.00,1125.00,2883
6-Aug-13,1107.00,1123.00,1101.00,1104.00,952
5-Aug-13,1125.00,1125.00,1101.00,1101.00,483
2-Aug-13,1105.00,1105.00,1101.00,1108.83,296
1-Aug-13,1110.00,1110.00,1101.00,1102.00,2850
31-Jul-13,1115.00,1120.00,1115.00,1120.00,1014
30-Jul-13,1099.00,1125.00,1099.00,1111.00,8086
29-Jul-13,1070.00,1090.00,1065.00,1086.00,1330
26-Jul-13,1048.00,1069.00,1048.00,1019.00,1886
25-Jul-13,1024.00,1027.00,1024.00,1024.00,3084
24-Jul-13,1024.00,1024.00,1009.00,1011.00,2283
23-Jul-13,1009.00,1015.00,1009.00,1012.00,1483
22-Jul-13,1009.00,1011.00,992.50,1011.00,1087
19-Jul-13,1001.30,1001.30,996.50,996.50,21
18-Jul-13,990.50,1009.00,990.50,1000.00,8691
17-Jul-13,989.50,1010.00,989.50,1010.00,441
16-Jul-13,999.50,999.50,990.00,990.00,6
15-Jul-13,1004.00,990.00,990.00,990.00,19
12-Jul-13,1000.00,1010.00,1000.00,1010.00,5
11-Jul-13,1007.00,1008.00,1002.00,1008.00,1016
10-Jul-13,995.00,1010.00,980.50,1010.00,2431
9-Jul-13,970.00,995.00,970.00,995.00,757
8-Jul-13,987.50,994.50,975.50,994.50,956
5-Jul-13,975.50,995.00,975.50,989.00,1156
4-Jul-13,980.50,983.00,980.50,983.00,245
3-Jul-13,973.68,973.50,973.50,973.50,76
2-Jul-13,975.50,995.50,970.00,995.50,12824
1-Jul-13,982.50,982.50,975.00,977.00,4247
28-Jun-13,989.50,995.00,976.00,995.00,6096
27-Jun-13,970.50,991.50,970.50,990.00,7455
26-Jun-13,975.50,990.00,975.00,976.50,345
25-Jun-13,975.50,982.25,975.00,975.00,4188
24-Jun-13,975.00,988.25,975.00,975.00,3754
21-Jun-13,975.50,988.50,975.00,975.00,5614
20-Jun-13,975.50,978.74,975.00,978.00,440
19-Jun-13,980.00,988.98,975.00,976.50,678
18-Jun-13,970.00,992.01,970.00,975.00,3635
17-Jun-13,973.50,989.50,970.00,971.00,1400
14-Jun-13,960.00,980.00,960.00,970.00,4399
13-Jun-13,966.00,978.88,960.00,965.00,14506
12-Jun-13,970.00,983.00,970.00,975.00,1589
11-Jun-13,975.00,981.20,971.00,971.00,14252
10-Jun-13,960.00,983.50,960.00,977.50,785
7-Jun-13,975.00,975.00,930.00,965.00,32630
6-Jun-13,995.00,1005.00,990.00,990.00,446
5-Jun-13,990.00,1004.00,990.00,1004.00,2814
4-Jun-13,975.00,995.00,965.50,995.00,1736
3-Jun-13,975.50,980.44,972.50,972.50,1335
31-May-13,989.50,989.50,970.00,970.00,2026
30-May-13,989.50,990.00,980.00,990.00,34
29-May-13,980.00,990.00,973.75,990.00,607
28-May-13,960.50,990.88,960.50,975.00,284
24-May-13,975.00,975.00,957.50,970.00,1242
23-May-13,979.50,981.50,970.00,980.00,1567
22-May-13,970.00,985.00,-,985.00,0
21-May-13,972.50,995.00,959.50,959.50,1403
20-May-13,990.00,995.00,990.00,995.00,1468
17-May-13,980.00,980.00,980.00,980.00,9688
16-May-13,989.50,990.00,978.30,990.00,2196
15-May-13,1000.00,1000.00,978.30,981.00,9953
14-May-13,979.00,1010.84,979.00,991.50,13344
13-May-13,970.00,995.00,953.26,980.00,1854
10-May-13,958.50,959.50,950.50,959.50,111
9-May-13,935.50,959.50,935.00,959.50,3950
8-May-13,924.00,935.50,920.00,935.50,999
7-May-13,935.50,936.00,915.00,925.00,2451
3-May-13,925.00,925.00,915.00,915.00,111
2-May-13,936.00,936.00,910.00,910.00,3281
1-May-13,921.00,933.75,918.00,919.50,767
30-Apr-13,925.00,936.00,910.50,916.50,3859
29-Apr-13,928.00,941.54,905.50,918.00,9645
26-Apr-13,928.00,929.50,920.00,920.00,1577
25-Apr-13,900.00,930.00,899.78,930.00,4459
24-Apr-13,885.00,900.00,885.00,885.00,1990
23-Apr-13,885.00,890.00,885.00,886.00,27463
22-Apr-13,884.50,895.00,875.00,895.00,432
19-Apr-13,880.00,887.70,873.00,880.00,295
18-Apr-13,880.00,880.00,870.00,876.00,2413
17-Apr-13,852.50,880.00,852.00,873.00,6009
16-Apr-13,861.00,861.00,852.50,852.50,381
15-Apr-13,-,-,-,880.00,0
12-Apr-13,854.00,880.00,854.00,880.00,1551
11-Apr-13,852.50,860.50,852.00,856.00,1038
10-Apr-13,870.00,870.00,870.00,870.00,1190
9-Apr-13,847.00,870.00,847.00,870.00,1034
8-Apr-13,849.00,870.00,845.00,847.00,2829
5-Apr-13,860.00,860.00,849.50,849.50,4044
4-Apr-13,852.00,853.00,846.00,846.00,1342
3-Apr-13,850.00,869.00,850.00,853.00,2850
2-Apr-13,864.50,864.50,850.00,852.50,1046
28-Mar-13,852.50,870.00,852.50,865.00,9899
27-Mar-13,840.50,854.00,836.00,840.00,1010
26-Mar-13,838.00,840.00,835.00,836.00,2979
25-Mar-13,843.00,843.00,843.00,843.00,311
22-Mar-13,845.00,851.59,840.00,840.00,1209
21-Mar-13,834.50,837.00,834.44,837.00,1906
20-Mar-13,835.00,844.50,827.00,836.50,27873
19-Mar-13,844.50,844.50,830.00,835.00,148
18-Mar-13,816.50,845.00,816.50,828.00,5169
15-Mar-13,835.00,850.00,808.50,808.50,104872
14-Mar-13,837.50,844.50,830.50,835.00,9612
13-Mar-13,847.50,847.50,820.00,832.00,18192
12-Mar-13,855.00,859.38,835.00,840.00,7548
11-Mar-13,857.55,859.00,859.00,859.00,570
8-Mar-13,860.00,860.00,845.00,845.00,7434
7-Mar-13,859.50,870.18,855.00,856.50,1444
6-Mar-13,860.00,862.24,848.00,855.00,5734
5-Mar-13,851.50,865.00,850.00,850.00,6766
4-Mar-13,825.00,856.00,822.93,835.00,11211
1-Mar-13,807.00,812.00,801.00,801.00,1675
28-Feb-13,805.00,813.25,805.00,805.00,1174
27-Feb-13,801.00,805.00,795.00,800.00,13437
26-Feb-13,803.00,803.00,795.00,795.00,5136
25-Feb-13,798.00,803.00,794.00,803.00,3501
22-Feb-13,800.00,812.98,794.00,794.00,6212
21-Feb-13,800.00,800.00,795.00,800.00,1581
20-Feb-13,793.00,800.00,790.00,795.00,1638
19-Feb-13,795.50,795.50,770.00,779.00,13833
18-Feb-13,795.00,817.32,790.00,790.00,1249
15-Feb-13,806.00,806.00,800.00,800.00,1137
14-Feb-13,760.00,806.00,760.00,806.00,5364
13-Feb-13,768.00,776.50,768.00,776.00,1420
12-Feb-13,769.00,780.00,769.00,776.00,1652
11-Feb-13,770.00,776.00,770.00,776.00,11547
8-Feb-13,775.00,775.00,770.00,775.00,9415
7-Feb-13,770.00,790.00,762.00,775.00,18250
6-Feb-13,769.50,774.00,757.00,765.00,3625
5-Feb-13,765.50,771.50,753.00,770.00,34052
4-Feb-13,779.50,779.50,755.00,765.50,5602
1-Feb-13,773.00,775.12,762.00,767.50,3360
31-Jan-13,770.00,780.12,763.00,764.00,909
30-Jan-13,790.00,790.00,762.50,780.00,1221
29-Jan-13,790.00,790.00,771.00,775.00,829
28-Jan-13,775.00,775.00,762.00,762.00,6117
25-Jan-13,784.50,785.00,773.50,785.00,4935
24-Jan-13,771.50,771.50,771.50,771.50,232
23-Jan-13,784.50,784.50,760.00,760.00,202
22-Jan-13,-,-,-,760.50,0
21-Jan-13,760.50,-,760.50,760.50,-
18-Jan-13,775.00,783.00,762.00,783.00,13517
17-Jan-13,769.50,778.22,765.50,770.00,2089
16-Jan-13,765.50,779.75,765.00,775.00,22249
15-Jan-13,770.50,770.50,765.00,765.00,957
14-Jan-13,775.00,775.00,765.00,765.00,4969
11-Jan-13,775.00,785.00,775.00,783.50,150
10-Jan-13,786.00,786.00,775.00,775.00,1745
9-Jan-13,795.00,795.00,785.00,792.50,2103
8-Jan-13,794.50,795.00,790.00,795.00,665
7-Jan-13,780.00,804.00,770.00,804.00,4835
4-Jan-13,769.50,775.00,765.00,775.00,1889
3-Jan-13,769.50,770.00,759.00,770.00,517
2-Jan-13,770.00,770.00,755.00,755.00,1722
