31-Dec-15,221.20,221.20,216.70,218.10,4563997
30-Dec-15,221.30,224.60,219.70,220.90,6315589
29-Dec-15,220.00,221.70,218.41,220.90,7337717
24-Dec-15,218.00,219.90,215.98,218.20,2631680
23-Dec-15,210.80,217.30,210.80,216.80,11164452
22-Dec-15,211.80,211.80,208.40,209.10,6767931
21-Dec-15,211.20,213.10,210.20,210.20,8766379
18-Dec-15,211.60,214.40,211.51,212.00,12056966
16-Dec-15,209.40,214.40,208.70,212.90,13857068
15-Dec-15,209.40,214.00,207.90,209.30,11409080
14-Dec-15,212.00,214.40,207.50,208.10,13478753
11-Dec-15,211.90,212.60,208.60,210.90,17000925
10-Dec-15,210.50,216.20,210.40,211.50,22613481
9-Dec-15,203.00,207.80,200.87,206.10,12586333
8-Dec-15,206.20,207.25,201.30,201.90,14884704
7-Dec-15,212.30,212.85,206.40,207.00,12924117
4-Dec-15,212.50,214.70,211.30,211.40,10975121
3-Dec-15,219.20,220.20,213.21,213.30,14144895
2-Dec-15,219.90,221.09,218.60,219.21,6143561
1-Dec-15,218.20,220.70,214.83,218.70,10725149
30-Nov-15,220.50,221.00,216.80,218.10,11624069
27-Nov-15,221.10,221.90,219.10,220.80,6708363
26-Nov-15,216.10,221.60,215.40,221.50,9580015
25-Nov-15,212.40,216.80,212.40,216.10,12542142
24-Nov-15,212.00,212.50,208.60,211.60,8798021
23-Nov-15,213.20,214.20,210.70,212.30,7039228
20-Nov-15,215.10,215.12,212.00,213.90,6998651
19-Nov-15,213.30,215.40,212.80,213.60,9092673
18-Nov-15,211.10,212.90,210.02,211.60,7258157
17-Nov-15,210.80,212.50,209.95,212.20,10436871
16-Nov-15,207.40,210.10,206.80,208.60,7649330
13-Nov-15,209.60,212.30,207.74,208.80,10426114
12-Nov-15,214.80,214.82,209.60,211.62,16401845
11-Nov-15,214.60,221.12,214.24,215.00,13581575
10-Nov-15,216.50,217.60,214.50,214.80,13069139
9-Nov-15,222.90,223.30,216.40,216.50,16644550
6-Nov-15,227.80,229.20,224.50,224.70,12176081
5-Nov-15,230.00,230.30,227.10,228.10,14723027
4-Nov-15,227.90,233.40,227.60,232.00,18549554
3-Nov-15,227.10,229.00,226.20,227.70,11612053
2-Nov-15,224.90,228.10,224.20,227.20,8025021
30-Oct-15,227.10,227.70,224.94,226.10,11176839
29-Oct-15,229.90,229.90,225.40,226.70,12965884
28-Oct-15,226.00,229.46,223.80,228.20,11139391
27-Oct-15,231.80,231.81,225.78,226.10,11902345
26-Oct-15,235.20,235.48,231.10,231.80,12529620
23-Oct-15,235.50,236.60,234.60,234.90,11668470
22-Oct-15,233.60,234.30,232.70,234.00,12078701
21-Oct-15,238.80,238.80,233.00,234.20,11469560
20-Oct-15,236.70,240.18,236.60,238.20,8479375
19-Oct-15,237.10,239.16,236.00,236.50,6143889
16-Oct-15,238.70,240.00,237.20,237.70,10356487
15-Oct-15,236.30,238.10,235.20,237.80,11165369
14-Oct-15,233.20,235.60,231.80,234.30,12448962
13-Oct-15,238.30,239.00,232.30,233.80,16027387
12-Oct-15,242.60,244.50,236.60,238.90,12069692
9-Oct-15,242.70,246.40,242.10,243.10,19124799
8-Oct-15,236.10,241.50,234.11,241.30,17538906
7-Oct-15,231.40,239.10,230.70,236.20,21782551
6-Oct-15,231.00,231.30,226.04,229.90,14121396
5-Oct-15,229.00,232.00,227.60,230.00,16389879
2-Oct-15,224.00,227.37,222.80,225.00,14099410
1-Oct-15,227.80,229.57,221.50,221.50,18467775
30-Sep-15,226.20,229.30,225.90,229.20,14917825
29-Sep-15,219.00,224.20,218.60,222.80,12891501
28-Sep-15,223.40,224.70,220.20,220.20,7370300
25-Sep-15,223.50,226.10,222.50,223.70,10399424
24-Sep-15,223.50,224.10,220.00,220.20,10038284
23-Sep-15,221.90,225.30,221.68,223.50,8441541
22-Sep-15,226.50,227.64,221.50,221.50,13311550
21-Sep-15,227.40,232.20,226.20,226.20,12575351
18-Sep-15,232.40,233.00,226.30,228.40,18914422
17-Sep-15,234.40,235.55,230.40,232.10,11016761
16-Sep-15,230.40,235.30,229.20,234.90,13073542
15-Sep-15,226.70,230.80,223.65,229.30,11802522
14-Sep-15,229.60,230.90,226.60,227.90,10745826
11-Sep-15,232.00,232.20,228.90,229.00,9968896
10-Sep-15,236.30,238.20,231.96,232.20,12054652
9-Sep-15,239.10,240.80,236.00,238.30,8235135
8-Sep-15,234.80,240.30,234.80,235.90,10522423
7-Sep-15,234.40,237.00,232.80,233.40,6655139
4-Sep-15,237.00,238.24,233.00,233.40,13882267
3-Sep-15,238.80,238.80,236.00,238.30,11998348
2-Sep-15,237.00,239.50,235.10,236.50,9361807
1-Sep-15,240.30,241.90,236.30,237.00,12111909
28-Aug-15,241.20,243.60,239.80,243.20,15472115
27-Aug-15,240.80,242.30,237.90,241.40,18058506
26-Aug-15,241.00,241.56,236.10,236.10,20844234
25-Aug-15,243.60,250.00,241.90,245.80,23666615
24-Aug-15,251.00,252.40,237.90,240.50,19228315
21-Aug-15,261.80,263.62,256.70,257.10,11729439
20-Aug-15,261.80,267.00,260.80,264.60,7902795
19-Aug-15,267.30,267.70,263.50,263.50,6937358
18-Aug-15,268.60,270.10,267.70,268.10,4797532
17-Aug-15,269.70,269.70,266.70,268.90,4129794
14-Aug-15,268.50,270.06,267.40,267.80,7692423
13-Aug-15,271.20,271.90,266.20,267.70,8107607
12-Aug-15,269.90,271.72,266.62,268.40,10966695
11-Aug-15,271.50,274.60,269.20,270.40,11551405
10-Aug-15,272.60,272.61,269.00,272.30,7778964
7-Aug-15,271.70,273.16,270.10,271.10,8201889
6-Aug-15,269.90,272.70,268.92,271.40,8293383
5-Aug-15,269.00,271.66,267.30,271.00,11154196
4-Aug-15,265.50,271.10,265.00,269.40,9110080
3-Aug-15,265.80,268.70,264.60,265.50,9538602
31-Jul-15,265.20,267.10,262.40,266.50,20581083
30-Jul-15,279.30,279.30,265.46,266.60,24770818
29-Jul-15,271.70,276.70,271.20,275.20,11226699
28-Jul-15,275.00,276.50,271.20,271.40,13168581
27-Jul-15,271.90,277.70,271.70,273.70,13513730
24-Jul-15,274.40,276.80,271.20,271.90,8934983
23-Jul-15,278.90,278.90,274.20,274.90,7473243
22-Jul-15,278.30,278.70,273.20,276.90,12570926
21-Jul-15,282.00,282.00,275.50,279.40,16627281
20-Jul-15,282.80,283.92,281.30,283.00,5667068
17-Jul-15,283.40,284.20,281.10,281.90,7967772
16-Jul-15,282.20,283.20,277.80,281.90,11282142
15-Jul-15,277.80,281.40,276.04,280.30,11047772
14-Jul-15,275.90,277.90,274.83,277.30,8704834
13-Jul-15,274.60,276.00,271.70,275.80,10724978
10-Jul-15,269.00,272.13,265.47,271.70,12626818
9-Jul-15,260.90,267.10,260.90,266.10,13554632
8-Jul-15,260.80,263.10,258.70,260.50,14004098
7-Jul-15,268.00,269.00,259.80,259.80,18786888
6-Jul-15,263.10,269.30,262.90,267.40,12191017
3-Jul-15,267.90,268.20,264.30,265.80,7480944
2-Jul-15,263.50,268.20,262.40,267.10,12687684
1-Jul-15,264.40,266.30,262.50,263.80,14306104
30-Jun-15,269.30,269.30,263.80,263.80,17414777
29-Jun-15,266.70,272.70,266.01,269.80,13856623
26-Jun-15,275.90,276.11,272.92,274.10,11157361
25-Jun-15,278.20,279.50,276.00,276.90,10747512
24-Jun-15,280.90,286.67,277.80,279.80,10554121
23-Jun-15,280.00,281.90,279.20,281.10,13543345
22-Jun-15,280.00,280.00,276.40,279.90,11620746
19-Jun-15,273.40,277.20,272.20,276.30,25281670
18-Jun-15,270.00,276.20,269.20,275.10,15913990
17-Jun-15,267.20,273.30,267.20,270.50,15511503
16-Jun-15,261.50,268.30,260.56,267.40,15150605
15-Jun-15,261.80,264.60,261.40,262.00,9689188
12-Jun-15,266.70,266.80,261.90,263.30,10239614
11-Jun-15,266.30,268.32,264.70,267.00,11274460
10-Jun-15,263.50,266.90,262.70,266.20,11133261
9-Jun-15,264.30,266.36,262.90,264.40,10836659
8-Jun-15,264.80,265.50,262.70,264.30,7624023
5-Jun-15,267.60,269.30,264.80,265.60,10401081
4-Jun-15,275.50,275.56,269.10,269.30,11408515
3-Jun-15,274.50,275.80,271.20,275.20,14092753
2-Jun-15,277.30,277.30,273.60,274.60,13679843
1-Jun-15,278.60,279.60,275.30,276.80,8664800
29-May-15,278.60,280.00,276.70,277.60,20206815
28-May-15,280.00,280.30,276.10,278.70,9204715
27-May-15,273.70,281.20,273.50,279.50,15386348
26-May-15,281.10,281.79,271.90,273.20,12591220
22-May-15,280.30,282.14,279.60,280.50,9740062
21-May-15,281.60,283.60,278.50,281.00,8204199
20-May-15,282.50,283.90,279.60,281.50,12980371
19-May-15,281.90,284.60,279.24,282.50,11867724
18-May-15,289.90,290.00,280.24,282.87,14234760
15-May-15,282.50,283.20,278.30,281.00,12703476
14-May-15,277.10,284.90,275.90,281.00,17759791
13-May-15,279.50,279.56,273.10,276.60,14827530
12-May-15,279.50,280.82,273.20,278.30,13270665
11-May-15,279.00,284.90,275.50,280.60,18030464
8-May-15,280.00,282.46,270.00,278.20,48553767
7-May-15,260.30,260.90,257.40,257.40,18392869
6-May-15,255.60,260.66,254.80,260.20,19711746
5-May-15,261.00,261.00,256.00,256.60,17752054
1-May-15,252.60,261.20,251.10,254.60,12192114
30-Apr-15,255.50,265.90,251.70,255.40,23193945
29-Apr-15,277.00,279.80,267.20,267.60,18657600
28-Apr-15,269.60,275.40,268.70,275.30,22217107
27-Apr-15,265.00,269.10,263.40,269.10,14818417
24-Apr-15,263.70,267.40,263.36,264.50,14559056
23-Apr-15,259.10,264.80,259.00,263.90,13025516
22-Apr-15,260.30,260.80,256.90,260.10,12414853
21-Apr-15,259.90,260.85,256.85,259.30,11050961
20-Apr-15,260.10,260.93,256.32,258.50,10005980
17-Apr-15,260.10,263.60,259.00,260.10,16998745
16-Apr-15,263.40,263.40,257.94,260.00,12504134
15-Apr-15,261.70,263.45,260.20,262.30,14615363
14-Apr-15,261.60,264.20,260.10,262.90,10762984
13-Apr-15,262.50,264.80,261.52,262.10,11559389
10-Apr-15,263.00,265.22,260.50,262.70,8656377
9-Apr-15,258.80,262.42,258.10,262.30,9018392
8-Apr-15,260.00,264.57,257.50,259.00,13190364
7-Apr-15,254.30,261.40,253.70,259.50,13127062
2-Apr-15,254.40,256.60,251.32,253.20,7408162
1-Apr-15,250.80,255.50,249.80,254.80,16322002
31-Mar-15,257.80,261.90,251.90,253.00,22422555
30-Mar-15,261.80,261.93,256.32,257.00,10957285
27-Mar-15,258.00,259.82,256.80,259.76,11823458
26-Mar-15,258.40,263.30,257.00,258.40,16991091
25-Mar-15,256.40,261.30,255.70,260.20,13215553
24-Mar-15,251.90,258.10,250.28,256.60,19663519
23-Mar-15,255.20,259.10,254.10,258.80,11723802
20-Mar-15,257.00,258.00,252.30,255.80,23142172
19-Mar-15,256.50,257.80,253.90,256.60,14140511
18-Mar-15,251.10,257.50,248.10,255.00,18155202
17-Mar-15,239.80,252.00,238.74,251.20,18228182
16-Mar-15,238.50,240.70,234.74,239.30,11841915
13-Mar-15,240.10,240.25,234.40,237.90,21682047
12-Mar-15,240.80,242.00,238.21,241.40,14045151
11-Mar-15,236.50,239.60,235.00,238.90,13367423
10-Mar-15,244.20,244.88,235.50,235.50,17768252
9-Mar-15,240.60,244.50,240.10,243.90,11255991
6-Mar-15,245.70,245.70,242.00,242.00,10711797
5-Mar-15,245.40,246.90,243.90,245.50,9721131
4-Mar-15,248.10,249.90,242.86,245.40,19159373
3-Mar-15,247.70,252.60,246.90,247.50,21798130
2-Mar-15,243.50,254.20,243.30,246.50,16821986
27-Feb-15,245.40,249.68,242.30,244.30,19153156
26-Feb-15,250.60,251.10,245.10,245.60,16444501
25-Feb-15,251.90,256.10,249.97,251.00,18463995
24-Feb-15,250.30,253.60,249.45,251.70,18243912
23-Feb-15,254.10,254.10,247.50,249.90,16604307
20-Feb-15,256.60,257.59,251.10,252.10,25384020
19-Feb-15,260.00,262.05,254.60,257.20,42171097
18-Feb-15,280.10,283.38,277.90,281.10,10003470
17-Feb-15,278.90,280.40,276.19,280.00,10314914
16-Feb-15,284.00,284.00,278.40,278.80,14960272
13-Feb-15,287.70,288.30,285.20,287.00,10806310
12-Feb-15,290.70,292.40,286.50,287.50,12925698
11-Feb-15,294.10,295.80,289.60,290.80,11325811
10-Feb-15,292.70,299.86,286.80,293.30,14730216
9-Feb-15,295.10,295.90,291.70,293.10,11083230
6-Feb-15,297.40,300.70,295.00,296.40,12600329
5-Feb-15,292.10,296.00,290.30,296.00,8476912
4-Feb-15,295.60,298.00,292.30,293.40,12395768
3-Feb-15,292.60,298.40,289.85,295.70,14652955
2-Feb-15,293.50,295.30,289.82,293.30,13594841
30-Jan-15,294.10,300.20,292.40,293.80,23547191
29-Jan-15,286.40,292.70,286.23,292.60,16702549
28-Jan-15,285.00,287.90,280.10,287.60,15458273
27-Jan-15,270.90,283.21,269.30,282.70,19158645
26-Jan-15,269.00,271.40,261.87,271.40,9105785
23-Jan-15,272.00,272.10,267.30,270.00,12232160
22-Jan-15,270.50,278.00,266.30,271.20,12921201
21-Jan-15,267.60,269.90,265.60,269.40,11005069
20-Jan-15,265.90,266.90,263.50,266.40,9635237
19-Jan-15,265.20,266.74,262.30,264.80,8476502
16-Jan-15,264.30,266.40,263.10,264.90,12096106
15-Jan-15,263.00,266.62,257.90,265.20,12414649
14-Jan-15,269.40,270.40,259.30,261.10,14160697
13-Jan-15,266.60,274.30,266.00,271.80,15958587
12-Jan-15,267.00,268.19,259.20,261.00,14020814
9-Jan-15,270.80,273.10,266.98,268.80,10016462
8-Jan-15,267.00,272.37,266.40,271.30,9048843
7-Jan-15,265.30,267.50,263.00,265.20,11336240
6-Jan-15,268.80,269.98,263.90,263.90,11563473
5-Jan-15,275.50,278.26,264.71,268.20,10619921
31-Dec-14,273.00,279.60,273.00,279.00,2866027
30-Dec-14,285.50,287.50,277.00,278.50,8075435
29-Dec-14,284.40,286.60,281.80,286.20,6425862
24-Dec-14,281.40,285.20,280.94,284.70,1736394
23-Dec-14,277.90,283.50,277.80,282.50,8915308
22-Dec-14,273.00,279.27,273.00,277.30,10388558
19-Dec-14,271.70,273.80,269.40,272.70,19991630
18-Dec-14,268.80,271.90,263.90,271.90,14007356
17-Dec-14,268.00,270.50,265.20,266.50,12351090
16-Dec-14,263.10,270.30,261.80,270.00,16449146
15-Dec-14,264.00,272.25,262.10,262.10,14200159
12-Dec-14,270.10,273.20,265.40,265.40,14544913
11-Dec-14,277.90,279.50,274.33,274.40,12214510
10-Dec-14,279.60,281.10,277.50,277.90,8377734
9-Dec-14,282.90,284.60,279.66,279.90,11621622
8-Dec-14,285.10,286.10,282.90,283.60,5336901
5-Dec-14,285.80,287.80,282.90,286.00,7171652
4-Dec-14,284.40,286.00,282.90,283.80,9766598
3-Dec-14,284.90,286.20,283.90,284.40,7587213
2-Dec-14,286.60,286.70,283.90,285.10,9375268
1-Dec-14,283.60,286.10,280.50,281.60,9456717
28-Nov-14,287.20,288.30,280.70,284.60,13765826
27-Nov-14,287.10,288.90,286.40,287.70,7110645
26-Nov-14,285.00,287.54,285.00,286.20,7250285
25-Nov-14,285.10,287.00,284.10,284.70,13064682
24-Nov-14,291.60,291.60,285.30,285.80,13275599
21-Nov-14,292.00,294.20,287.90,292.00,16217241
20-Nov-14,297.20,298.50,292.00,295.52,18025499
19-Nov-14,300.20,301.00,296.80,298.60,13827947
18-Nov-14,300.10,301.00,298.50,300.40,10664533
17-Nov-14,296.60,299.10,295.50,298.60,7289826
14-Nov-14,300.80,301.20,296.16,298.30,8273476
13-Nov-14,297.40,301.30,296.90,300.60,8754964
12-Nov-14,300.10,300.70,296.10,297.00,11217729
11-Nov-14,301.20,302.70,300.30,302.70,8143944
10-Nov-14,302.40,303.20,298.91,300.60,10364095
7-Nov-14,304.40,305.40,300.50,302.20,7324739
6-Nov-14,300.00,304.50,299.52,303.40,9411514
5-Nov-14,297.00,300.50,297.00,300.20,11114616
4-Nov-14,295.50,298.50,294.40,295.90,10106969
3-Nov-14,302.30,302.38,294.60,295.50,11154768
31-Oct-14,302.00,303.40,301.00,302.50,12065005
30-Oct-14,300.70,300.70,295.90,299.80,8198340
29-Oct-14,296.40,299.70,295.70,299.00,9309256
28-Oct-14,294.90,296.42,293.90,295.00,7840491
27-Oct-14,295.20,296.24,292.10,293.40,8308606
24-Oct-14,295.90,296.60,292.00,292.70,9156238
23-Oct-14,295.40,297.30,292.30,297.00,8673467
22-Oct-14,293.90,296.10,289.50,295.60,14038284
21-Oct-14,292.00,294.90,289.80,294.50,9567613
20-Oct-14,294.70,295.40,291.50,292.50,14739831
17-Oct-14,289.00,295.70,287.55,295.50,20950457
16-Oct-14,288.10,289.50,280.50,288.40,21006142
15-Oct-14,293.40,294.90,286.40,286.60,18876212
14-Oct-14,292.00,294.60,290.90,293.80,11870643
13-Oct-14,292.00,294.50,290.00,293.60,14682723
10-Oct-14,300.30,301.60,293.40,293.40,14683743
9-Oct-14,304.40,305.80,300.96,302.40,10541191
8-Oct-14,304.00,304.90,301.80,303.40,11893944
7-Oct-14,306.60,306.70,303.98,304.60,9880646
6-Oct-14,306.60,308.70,306.20,307.10,10037056
3-Oct-14,303.40,307.80,302.50,306.20,12080926
2-Oct-14,305.60,306.43,301.90,301.90,9424266
1-Oct-14,307.40,309.00,304.90,305.80,9569765
30-Sep-14,307.20,308.30,306.30,307.80,11694325
29-Sep-14,306.90,307.80,304.90,306.80,8211623
26-Sep-14,306.70,312.10,305.40,306.90,7363829
25-Sep-14,307.70,312.50,306.10,306.60,9361216
24-Sep-14,308.80,313.03,305.90,308.10,12188539
23-Sep-14,320.40,320.40,314.18,314.40,9388841
22-Sep-14,320.40,323.50,319.70,320.00,8495985
19-Sep-14,323.00,324.76,320.00,320.00,20221573
18-Sep-14,320.00,321.40,316.50,321.10,8275058
17-Sep-14,320.50,320.70,319.01,319.90,5416494
16-Sep-14,319.80,320.54,318.00,319.50,8319609
15-Sep-14,320.80,321.93,318.90,319.90,7857458
12-Sep-14,323.50,325.00,315.71,322.00,7667186
11-Sep-14,323.90,324.00,321.30,323.60,7958009
10-Sep-14,323.60,325.30,318.50,324.70,7999793
9-Sep-14,324.30,327.00,323.10,323.80,6807847
8-Sep-14,323.30,324.90,321.60,324.10,5918606
5-Sep-14,323.70,325.24,322.60,324.30,6139350
4-Sep-14,324.50,324.85,322.60,323.40,10696459
3-Sep-14,325.00,326.76,324.80,325.20,7010328
2-Sep-14,322.80,324.95,322.14,324.20,6871863
1-Sep-14,319.50,322.18,318.37,322.00,4885337
29-Aug-14,319.70,320.00,317.10,319.40,8841238
28-Aug-14,318.90,319.97,317.40,319.10,6558607
27-Aug-14,318.10,319.79,317.40,318.10,4330457
26-Aug-14,317.80,320.04,317.20,318.50,6980065
22-Aug-14,317.10,318.60,315.90,316.60,4660275
21-Aug-14,317.10,318.20,315.90,317.90,5675272
20-Aug-14,315.30,318.40,314.17,316.70,5352416
19-Aug-14,315.30,316.60,314.00,314.90,4496619
18-Aug-14,315.20,316.70,313.80,314.50,5137111
15-Aug-14,312.80,316.20,312.80,313.50,8927638
14-Aug-14,311.60,315.00,310.40,314.60,5966410
13-Aug-14,310.00,311.90,309.40,311.50,5949826
12-Aug-14,307.20,309.10,303.70,308.00,6976148
11-Aug-14,308.00,309.22,305.43,307.80,5115252
8-Aug-14,307.20,309.32,306.00,307.90,6335199
7-Aug-14,310.70,311.10,309.30,309.30,7014538
6-Aug-14,307.40,311.50,306.30,310.70,8873650
5-Aug-14,308.60,311.40,307.70,308.20,6355944
4-Aug-14,306.40,309.30,305.00,307.20,7259340
1-Aug-14,307.50,309.40,303.20,306.80,9993241
31-Jul-14,312.10,314.20,306.40,309.00,13429209
30-Jul-14,316.90,316.90,313.00,314.20,7144861
29-Jul-14,315.80,316.80,314.67,315.40,6265044
28-Jul-14,312.70,315.33,311.80,315.20,6084758
25-Jul-14,313.40,313.80,311.98,312.30,5370714
24-Jul-14,311.40,313.00,310.16,313.00,8446293
23-Jul-14,311.90,311.90,310.56,310.90,7180596
22-Jul-14,313.80,314.00,311.50,311.90,7171591
21-Jul-14,312.00,313.50,310.31,312.80,6070319
18-Jul-14,307.40,311.20,305.10,311.20,6737323
17-Jul-14,310.20,310.58,306.40,307.40,8350387
16-Jul-14,309.60,312.20,308.00,310.30,10428002
15-Jul-14,306.50,309.81,306.10,308.80,10212745
14-Jul-14,305.50,307.60,304.60,306.50,8836207
11-Jul-14,306.80,307.30,303.50,304.50,6966692
10-Jul-14,307.60,308.52,305.03,306.10,8867409
9-Jul-14,311.90,313.10,308.20,308.50,6409130
8-Jul-14,314.10,314.60,311.30,311.40,6075927
7-Jul-14,314.70,315.40,312.70,313.30,5425431
4-Jul-14,314.30,315.50,312.57,314.70,4419670
3-Jul-14,315.20,316.10,313.60,314.80,5200714
2-Jul-14,314.90,316.60,313.60,315.50,8086109
1-Jul-14,313.30,315.20,310.39,314.50,7296450
30-Jun-14,313.10,315.10,311.80,312.57,7396531
27-Jun-14,314.30,315.13,312.42,312.80,6990905
26-Jun-14,314.60,316.19,310.20,313.20,6960093
25-Jun-14,317.70,318.00,312.20,313.90,10213753
24-Jun-14,320.00,321.05,317.91,318.40,5214789
23-Jun-14,321.30,321.70,318.80,319.00,6277999
20-Jun-14,320.00,321.30,317.90,319.80,14978663
19-Jun-14,322.00,323.80,321.40,321.40,9966515
18-Jun-14,324.30,324.70,320.10,320.33,8091936
17-Jun-14,324.20,324.28,321.70,323.10,8180684
16-Jun-14,326.10,326.54,321.20,323.30,8190719
13-Jun-14,326.90,327.80,325.70,326.30,7973894
12-Jun-14,330.40,331.09,328.60,329.10,6663004
11-Jun-14,331.30,332.80,329.30,330.10,9801575
10-Jun-14,332.10,333.47,329.70,332.00,8633783
9-Jun-14,336.50,337.10,332.20,333.90,7433707
6-Jun-14,336.60,337.93,331.10,335.50,18896796
5-Jun-14,330.90,331.40,328.10,330.50,10338051
4-Jun-14,334.80,335.50,328.20,329.73,11856528
3-Jun-14,336.50,337.80,333.20,334.68,7842849
2-Jun-14,335.60,338.50,333.90,336.80,8893283
30-May-14,335.60,336.99,332.47,335.60,17216969
29-May-14,331.20,348.18,330.00,336.30,10803809
28-May-14,328.40,331.30,327.02,330.78,6859396
27-May-14,330.80,330.90,328.40,328.98,6879198
23-May-14,329.00,329.00,326.11,328.28,4075243
22-May-14,329.50,332.40,327.20,328.68,7451047
21-May-14,327.10,329.50,325.37,328.28,5261477
20-May-14,329.00,329.10,324.90,327.28,6803299
19-May-14,330.00,331.16,327.50,328.18,6872811
16-May-14,328.10,331.20,324.50,328.88,10468394
15-May-14,328.00,329.30,323.40,326.50,9293022
14-May-14,324.70,327.30,323.20,327.08,9650160
13-May-14,319.60,324.50,318.92,323.60,13998195
12-May-14,319.40,319.40,316.10,318.00,6640501
9-May-14,319.30,319.40,313.96,318.00,11272862
8-May-14,314.00,323.10,310.00,320.00,16104030
7-May-14,324.60,326.91,324.40,326.80,8708002
6-May-14,329.40,330.22,321.80,324.20,11682301
2-May-14,329.60,332.60,327.90,328.80,7266600
1-May-14,333.30,333.60,328.97,330.00,3725817
30-Apr-14,333.50,334.12,328.80,330.00,12455156
29-Apr-14,332.60,337.10,332.60,335.00,7632364
28-Apr-14,332.00,334.00,330.05,332.70,5125246
25-Apr-14,332.00,345.78,330.90,332.72,9259469
24-Apr-14,330.60,342.28,328.00,331.80,8295799
23-Apr-14,332.90,341.98,328.60,330.60,10768617
22-Apr-14,345.20,348.80,344.00,344.93,13215518
17-Apr-14,344.30,345.40,340.00,345.00,9291206
16-Apr-14,344.60,346.20,341.10,343.30,8812949
15-Apr-14,338.70,343.40,338.00,342.00,9316112
14-Apr-14,334.70,340.60,333.30,339.30,11941922
11-Apr-14,332.90,337.10,332.20,334.90,10987148
10-Apr-14,339.00,339.00,332.40,333.70,10264860
9-Apr-14,336.80,340.00,335.50,337.60,11086500
8-Apr-14,335.20,336.30,332.17,336.00,13893493
7-Apr-14,326.80,336.20,325.00,331.98,13411460
4-Apr-14,329.50,330.60,326.80,328.50,13096485
3-Apr-14,329.60,329.60,326.60,328.50,12863545
2-Apr-14,328.80,329.30,325.62,327.97,9607226
1-Apr-14,329.50,331.10,327.64,329.55,10186777
31-Mar-14,329.00,331.60,325.40,329.68,17747171
28-Mar-14,325.70,329.40,324.57,328.60,9808640
27-Mar-14,321.30,326.60,320.80,325.18,14318564
26-Mar-14,331.00,331.00,322.00,323.07,20472475
25-Mar-14,330.90,335.00,329.50,332.50,12646295
24-Mar-14,335.00,335.54,330.10,331.50,12231672
21-Mar-14,331.20,337.90,330.14,337.90,27977646
20-Mar-14,330.10,331.80,323.10,331.10,17220999
19-Mar-14,334.10,336.31,329.50,331.50,13946456
18-Mar-14,332.90,336.00,331.50,334.10,12460122
17-Mar-14,330.70,334.10,329.10,332.50,9845343
14-Mar-14,334.30,335.30,328.50,330.50,11590887
13-Mar-14,330.40,337.40,327.20,335.47,18771482
12-Mar-14,325.80,329.80,325.20,327.90,11442744
11-Mar-14,331.00,331.00,326.70,327.00,12936706
10-Mar-14,328.10,331.80,325.60,327.00,13713586
7-Mar-14,322.30,326.50,321.50,324.60,13497922
6-Mar-14,322.50,324.30,321.60,322.20,9606661
5-Mar-14,319.70,322.80,318.00,322.30,9465721
4-Mar-14,317.30,320.50,316.40,319.20,11819947
3-Mar-14,315.60,317.60,312.70,313.27,13871155
28-Feb-14,317.60,320.40,316.20,319.00,15684473
27-Feb-14,320.50,320.90,316.40,318.10,11529379
26-Feb-14,320.20,320.20,317.00,319.70,12416102
25-Feb-14,319.50,320.70,317.40,320.10,17439239
24-Feb-14,321.00,321.50,316.60,319.20,10084354
21-Feb-14,322.20,322.90,319.30,320.80,11912503
20-Feb-14,313.00,325.50,308.40,320.60,17559379
19-Feb-14,314.20,317.40,313.00,314.00,9107757
18-Feb-14,310.00,318.00,306.20,314.40,21760828
17-Feb-14,318.00,318.80,316.60,318.40,7186880
14-Feb-14,317.30,319.10,315.60,318.20,7919777
13-Feb-14,314.70,317.10,313.80,316.20,8686688
12-Feb-14,312.50,315.40,312.30,314.40,10790666
11-Feb-14,310.70,314.30,310.50,312.80,12221199
10-Feb-14,308.50,308.90,302.50,308.90,14524889
7-Feb-14,313.90,315.30,312.70,314.20,8577024
6-Feb-14,315.50,315.50,312.40,313.00,7966297
5-Feb-14,308.80,314.00,307.00,313.00,9910680
4-Feb-14,313.10,315.10,307.70,309.30,8739068
3-Feb-14,312.00,316.90,311.60,313.80,8140563
31-Jan-14,316.60,317.00,308.20,311.20,10755694
30-Jan-14,313.30,316.40,312.10,316.00,8455967
29-Jan-14,315.00,316.00,311.90,312.70,9840731
28-Jan-14,318.70,318.70,313.70,314.10,7409334
27-Jan-14,322.60,324.70,317.00,317.30,7716010
24-Jan-14,321.30,322.70,319.70,321.80,9180427
23-Jan-14,322.80,323.20,318.30,320.70,8215528
22-Jan-14,322.70,326.00,321.80,322.50,7923795
21-Jan-14,321.00,324.40,318.50,322.96,8349040
20-Jan-14,322.40,323.70,318.40,321.70,5500786
17-Jan-14,320.40,324.10,320.40,321.40,11336912
16-Jan-14,315.20,322.70,313.80,319.70,14007599
15-Jan-14,325.40,325.40,314.80,315.50,16286579
14-Jan-14,323.30,328.60,321.50,327.00,10209491
13-Jan-14,331.80,332.50,325.30,326.20,7233479
10-Jan-14,332.30,332.50,329.50,330.50,8220941
9-Jan-14,329.50,333.60,328.10,330.20,7500315
8-Jan-14,338.30,338.30,328.20,332.01,10733588
7-Jan-14,341.20,341.50,337.00,338.99,10200676
6-Jan-14,345.30,347.40,341.80,342.50,5718352
3-Jan-14,345.80,347.20,344.00,344.90,4935922
2-Jan-14,347.00,347.90,341.70,343.80,8551203
31-Dec-13,348.40,348.40,344.40,347.70,2286704
30-Dec-13,348.90,349.80,345.20,346.70,3537377
27-Dec-13,347.10,348.80,345.10,347.50,5211944
24-Dec-13,341.60,346.50,341.60,345.30,982891
23-Dec-13,340.50,342.90,337.60,342.40,5928603
20-Dec-13,338.00,341.40,334.00,340.50,17985274
19-Dec-13,331.30,337.20,330.20,337.10,12349987
18-Dec-13,324.20,334.60,323.50,328.70,18719590
17-Dec-13,325.60,325.60,322.50,323.10,10866452
16-Dec-13,323.20,326.60,321.40,325.60,10879826
13-Dec-13,322.60,323.50,320.60,323.20,14165595
12-Dec-13,324.10,326.90,322.30,325.10,9767386
11-Dec-13,324.40,327.20,324.20,324.50,9187579
10-Dec-13,326.30,327.40,324.20,324.50,7690825
9-Dec-13,329.50,330.30,326.60,327.50,8079668
6-Dec-13,333.80,334.50,326.90,329.40,11232547
5-Dec-13,331.00,333.80,330.20,332.40,7376261
4-Dec-13,337.20,337.20,331.20,331.30,10294087
3-Dec-13,338.30,341.40,334.40,337.00,10514759
2-Dec-13,335.30,341.50,332.70,337.90,10990140
29-Nov-13,340.90,341.80,338.30,338.30,7585536
28-Nov-13,341.10,342.70,339.60,341.50,4399393
27-Nov-13,339.00,342.50,339.00,340.30,7509054
26-Nov-13,344.70,345.40,335.90,336.60,11951045
25-Nov-13,344.10,346.50,343.20,343.20,6538079
22-Nov-13,343.90,345.40,340.10,343.60,6714080
21-Nov-13,337.40,343.80,335.50,343.00,8705124
20-Nov-13,340.30,340.50,334.90,337.40,10388465
19-Nov-13,342.30,344.20,340.60,342.47,7932592
18-Nov-13,342.30,347.40,340.50,343.30,9923453
15-Nov-13,344.90,346.40,332.70,343.30,26043113
14-Nov-13,354.90,358.00,340.50,345.30,25101864
13-Nov-13,360.20,366.10,359.90,363.90,17433170
12-Nov-13,354.90,360.70,354.10,360.40,14853570
11-Nov-13,351.20,356.40,350.60,355.30,8589258
8-Nov-13,349.00,352.60,348.40,350.00,5992033
7-Nov-13,353.60,355.00,348.60,350.50,8349800
6-Nov-13,359.10,359.40,350.70,353.20,9053552
5-Nov-13,357.50,358.60,355.00,358.00,9390380
4-Nov-13,353.50,357.70,353.50,355.10,8092011
1-Nov-13,355.20,356.10,352.20,354.80,6924526
31-Oct-13,357.90,359.80,352.50,353.40,11013684
30-Oct-13,361.30,362.50,356.90,358.30,6729106
29-Oct-13,359.50,361.60,357.20,360.70,7778249
28-Oct-13,357.50,359.80,355.90,357.70,6507950
25-Oct-13,357.50,359.90,354.50,356.10,10158358
24-Oct-13,361.20,363.10,354.10,356.70,12398706
23-Oct-13,362.80,-,359.50,360.40,11691521
22-Oct-13,363.10,366.70,361.90,364.70,9131689
21-Oct-13,364.20,365.60,362.10,363.00,8451947
18-Oct-13,366.30,367.40,360.90,362.70,11119609
17-Oct-13,365.00,368.50,362.70,364.30,10852317
16-Oct-13,368.00,368.70,361.80,365.40,10081092
15-Oct-13,360.60,371.50,360.60,367.90,12145483
14-Oct-13,362.20,362.80,358.40,358.70,8363263
11-Oct-13,362.90,364.30,360.40,363.30,6761582
10-Oct-13,363.90,368.20,360.10,362.60,11431807
9-Oct-13,361.50,364.90,360.30,360.80,10009214
8-Oct-13,365.20,366.90,361.60,362.50,7716918
7-Oct-13,365.30,366.50,363.30,365.60,6220046
4-Oct-13,364.70,368.00,364.30,366.00,5996056
3-Oct-13,368.60,370.00,365.10,366.30,8282267
2-Oct-13,367.10,371.60,365.90,370.00,6971291
1-Oct-13,369.00,370.20,365.50,368.10,7760866
30-Sep-13,363.90,370.60,363.90,369.70,11550878
27-Sep-13,368.20,372.50,367.00,367.00,10246928
26-Sep-13,368.40,372.10,363.00,366.00,15780757
25-Sep-13,390.70,392.80,374.10,375.60,21143632
24-Sep-13,396.50,400.80,396.00,396.70,6867844
20-Sep-13,396.10,403.20,396.10,402.20,10222139
19-Sep-13,398.90,400.30,396.70,397.60,5307717
18-Sep-13,396.90,397.80,392.40,395.60,3739001
17-Sep-13,398.90,401.10,396.50,396.80,6668095
16-Sep-13,400.50,402.70,397.20,398.60,5015990
13-Sep-13,396.10,398.00,395.00,396.20,5111384
12-Sep-13,396.80,398.60,392.40,395.80,6743685
11-Sep-13,396.20,397.90,394.00,397.70,6119285
10-Sep-13,397.20,398.60,394.10,395.50,6985677
9-Sep-13,396.10,398.00,390.90,395.80,4834422
6-Sep-13,394.80,398.10,392.20,395.80,7555504
5-Sep-13,393.00,396.40,389.20,393.80,5991519
4-Sep-13,393.90,394.30,388.60,392.30,6420689
3-Sep-13,395.00,397.80,389.90,393.10,7179957
2-Sep-13,387.10,389.50,385.40,388.90,3716906
30-Aug-13,392.80,392.80,383.70,385.90,9419870
29-Aug-13,391.50,392.90,388.00,392.70,7153131
28-Aug-13,387.90,391.70,385.00,391.20,7317889
27-Aug-13,398.90,399.50,385.40,388.00,7950128
23-Aug-13,388.20,392.20,387.10,390.00,4745255
22-Aug-13,388.20,391.80,386.20,387.60,5122207
21-Aug-13,389.70,391.30,385.90,386.20,4908587
20-Aug-13,385.00,389.10,383.60,388.70,6487185
19-Aug-13,383.20,386.30,382.60,385.50,5040357
16-Aug-13,383.80,385.20,381.20,383.00,6970266
15-Aug-13,392.00,392.30,381.90,383.70,5684806
14-Aug-13,391.90,395.00,390.20,391.90,4590489
13-Aug-13,386.00,390.70,385.90,390.60,4934329
12-Aug-13,391.80,391.80,383.80,385.20,4107405
9-Aug-13,393.70,394.10,390.30,391.40,4312179
8-Aug-13,393.90,394.80,389.40,391.90,4012560
7-Aug-13,391.50,398.00,391.50,392.40,8779457
6-Aug-13,391.10,392.00,388.70,391.50,5265154
5-Aug-13,391.00,393.80,388.00,389.30,3831767
2-Aug-13,395.90,396.10,389.60,390.10,4839498
1-Aug-13,392.90,395.80,389.80,394.20,7034512
31-Jul-13,387.60,396.00,387.40,391.00,10338423
30-Jul-13,378.90,388.90,378.90,385.80,6921705
29-Jul-13,382.00,384.90,376.00,377.80,5643875
26-Jul-13,382.60,384.10,379.50,380.60,2864874
25-Jul-13,386.00,388.50,379.60,381.50,5711794
24-Jul-13,381.10,385.90,380.40,385.70,8684271
23-Jul-13,383.00,383.60,378.40,378.40,6382189
22-Jul-13,383.10,383.60,380.10,381.20,3999238
19-Jul-13,382.50,384.90,379.40,382.30,9772819
18-Jul-13,381.80,384.90,380.20,381.40,6841940
17-Jul-13,382.80,383.22,377.20,381.90,7218316
16-Jul-13,376.30,380.91,370.00,379.90,7458593
15-Jul-13,372.10,375.80,372.10,374.50,6005418
12-Jul-13,374.60,375.40,370.20,370.20,8729674
11-Jul-13,377.40,378.90,373.50,374.00,8251071
10-Jul-13,376.20,378.60,372.70,374.60,6931311
9-Jul-13,378.40,380.70,376.75,377.80,6188122
8-Jul-13,377.50,379.40,373.50,374.90,5430071
5-Jul-13,374.60,380.20,371.50,374.80,6449235
4-Jul-13,367.00,375.34,364.67,374.50,6768043
3-Jul-13,363.60,365.30,361.20,365.00,8276840
2-Jul-13,361.30,364.77,359.10,364.50,7365615
1-Jul-13,362.10,364.30,360.06,360.10,8229104
28-Jun-13,359.10,362.70,357.50,360.20,10896543
27-Jun-13,355.40,362.30,353.90,359.00,11602440
26-Jun-13,352.30,356.56,351.88,354.60,8578078
25-Jun-13,355.20,356.00,350.80,351.40,9081942
24-Jun-13,356.40,358.00,352.60,353.10,6988121
21-Jun-13,363.70,365.60,356.73,356.80,18067394
20-Jun-13,369.00,369.00,361.60,362.50,7141033
19-Jun-13,374.40,374.60,369.80,372.20,6741427
18-Jun-13,372.00,375.13,370.20,373.70,4578194
17-Jun-13,373.80,376.30,371.90,371.90,5735153
14-Jun-13,373.70,374.30,371.10,372.50,7299248
13-Jun-13,365.30,372.20,364.00,371.90,7599921
12-Jun-13,365.90,373.80,365.10,368.10,7658729
11-Jun-13,366.60,367.40,363.00,366.40,8307486
10-Jun-13,360.90,368.92,358.50,367.80,7944411
7-Jun-13,363.60,364.10,358.20,362.70,12354893
6-Jun-13,368.30,368.82,362.90,362.90,7441143
5-Jun-13,371.40,373.30,366.40,366.40,7240085
4-Jun-13,372.80,373.40,370.40,371.40,6680301
3-Jun-13,378.70,378.70,370.76,371.20,8830997
31-May-13,376.10,383.70,375.20,380.00,11856676
30-May-13,379.30,380.75,372.15,376.00,6554433
29-May-13,391.60,391.60,376.49,378.60,10770693
28-May-13,391.70,394.40,390.90,392.70,6601553
24-May-13,391.80,392.84,387.60,389.70,6333162
23-May-13,390.80,392.90,387.80,391.50,7463024
22-May-13,393.50,395.49,390.30,392.80,7771905
21-May-13,393.30,394.90,391.02,394.90,8169793
20-May-13,388.20,393.10,387.68,393.10,3933756
17-May-13,386.20,389.00,385.20,386.90,5700876
16-May-13,387.00,387.80,385.22,386.50,5336224
15-May-13,385.20,385.90,383.13,385.90,4435129
14-May-13,380.80,385.30,380.00,384.90,6188980
13-May-13,379.60,381.70,378.20,380.80,3631366
10-May-13,377.70,381.10,376.64,377.50,5461594
9-May-13,377.00,378.86,375.20,378.00,3464476
8-May-13,375.70,378.30,373.67,377.50,4953033
7-May-13,384.10,384.10,372.90,374.00,7476225
3-May-13,372.70,378.20,372.20,376.10,5964389
2-May-13,372.60,375.70,370.40,371.90,5336557
1-May-13,371.70,375.40,369.40,374.20,3730907
30-Apr-13,376.00,376.00,367.70,371.00,11947977
29-Apr-13,375.90,380.04,375.90,379.60,3879391
26-Apr-13,374.50,386.38,373.30,375.60,4758473
25-Apr-13,376.40,385.98,373.70,375.00,7477956
24-Apr-13,382.10,389.88,374.80,376.90,9783350
23-Apr-13,387.10,394.80,386.10,393.10,10537148
22-Apr-13,383.20,388.20,380.40,385.10,8408250
19-Apr-13,380.50,382.50,375.60,382.50,7653213
18-Apr-13,390.00,390.00,376.00,380.30,8582246
17-Apr-13,380.00,385.29,377.40,383.00,8886075
16-Apr-13,381.00,381.90,374.90,376.30,7675485
15-Apr-13,380.50,385.00,379.30,381.70,5487109
12-Apr-13,377.70,379.76,376.07,379.40,4933681
11-Apr-13,377.60,378.70,374.10,376.40,5556170
10-Apr-13,375.00,380.42,374.07,378.10,7550206
9-Apr-13,370.30,374.01,369.92,373.60,5564439
8-Apr-13,375.00,375.00,368.00,369.80,8015135
5-Apr-13,372.10,376.50,372.09,374.10,6823623
4-Apr-13,378.90,379.00,370.50,371.50,6595402
3-Apr-13,374.20,377.50,373.20,375.60,5045770
2-Apr-13,369.20,375.32,368.36,373.80,5998117
28-Mar-13,368.60,373.26,366.50,367.70,7543162
27-Mar-13,368.70,369.00,362.94,367.00,10540437
26-Mar-13,363.80,366.90,360.00,366.80,11941027
25-Mar-13,359.20,363.70,356.64,362.10,7422190
22-Mar-13,353.00,359.30,351.80,357.60,8918359
21-Mar-13,352.60,354.36,350.00,352.50,8050591
20-Mar-13,354.50,355.70,350.20,352.60,10743385
19-Mar-13,349.80,355.43,348.32,355.00,11115517
18-Mar-13,348.80,352.00,340.50,350.00,10313843
15-Mar-13,356.40,356.40,351.10,352.00,16606982
14-Mar-13,357.70,358.20,354.90,355.60,10090668
13-Mar-13,356.00,357.00,352.40,355.50,11290572
12-Mar-13,351.90,354.90,350.70,353.10,8187778
11-Mar-13,352.20,354.00,351.10,352.20,8404803
8-Mar-13,352.00,354.06,349.70,352.10,13432960
7-Mar-13,356.40,359.64,354.90,356.00,6274555
6-Mar-13,363.60,363.60,355.50,356.50,8146241
5-Mar-13,361.70,363.76,358.40,360.50,8319850
4-Mar-13,365.00,365.80,359.38,361.40,9324834
1-Mar-13,353.70,355.80,350.90,355.10,5688210
28-Feb-13,350.90,354.00,347.50,352.10,9679532
27-Feb-13,348.00,349.00,339.50,347.80,7285715
26-Feb-13,351.30,351.30,344.20,349.10,6948043
25-Feb-13,351.20,352.10,345.50,349.20,7006800
22-Feb-13,350.20,353.83,348.20,350.10,5070429
21-Feb-13,352.90,352.90,348.40,349.00,4127033
20-Feb-13,352.00,354.20,349.70,354.00,5342098
19-Feb-13,348.30,353.03,348.20,351.80,6115880
18-Feb-13,348.40,350.37,347.60,349.10,5734614
15-Feb-13,343.90,350.40,341.00,348.90,9478125
14-Feb-13,344.00,346.00,342.40,344.50,5552593
13-Feb-13,342.70,345.70,341.20,344.20,4658674
12-Feb-13,341.70,343.35,340.30,342.30,4457030
11-Feb-13,341.00,344.15,338.40,342.00,5241507
8-Feb-13,341.50,342.95,339.70,340.10,7359880
7-Feb-13,343.70,346.00,339.10,340.40,6479550
6-Feb-13,342.90,347.09,341.40,343.70,6162368
5-Feb-13,348.00,351.26,344.64,345.10,10720215
4-Feb-13,353.40,359.20,347.70,349.00,8598841
1-Feb-13,351.40,354.08,349.10,353.10,5332075
31-Jan-13,350.10,354.00,349.30,350.20,8991241
30-Jan-13,352.40,353.28,348.70,349.80,5217910
29-Jan-13,345.70,352.30,345.70,351.50,6159367
28-Jan-13,348.40,349.30,345.10,345.60,6026524
25-Jan-13,346.30,348.84,346.09,346.90,5122786
24-Jan-13,346.60,349.50,343.30,347.00,7187474
23-Jan-13,341.70,345.40,340.90,344.90,6821885
22-Jan-13,342.60,344.70,338.00,342.10,4753112
21-Jan-13,340.30,344.30,338.80,342.80,3363361
18-Jan-13,338.00,340.20,336.90,338.60,6697836
17-Jan-13,337.80,340.86,335.40,338.40,5961951
16-Jan-13,334.20,338.10,334.20,337.30,6960681
15-Jan-13,332.70,335.20,329.89,335.20,7271536
14-Jan-13,337.20,337.20,332.50,332.90,5283002
11-Jan-13,337.60,339.20,333.90,335.90,5318443
10-Jan-13,336.80,337.90,335.00,335.90,4860100
9-Jan-13,335.80,337.50,331.60,337.20,7570303
8-Jan-13,333.80,336.80,333.20,335.90,5722890
7-Jan-13,339.00,339.10,332.30,333.90,9288616
4-Jan-13,337.10,341.00,336.60,341.00,5630285
3-Jan-13,341.10,344.10,334.80,336.80,7537689
2-Jan-13,340.10,342.20,336.80,340.80,5463770
