31-Dec-15,159.50,159.70,157.40,157.70,81598
30-Dec-15,158.10,160.50,156.60,158.40,426791
29-Dec-15,158.30,160.70,156.24,159.70,706242
24-Dec-15,155.70,159.90,154.80,158.40,317763
23-Dec-15,146.60,155.80,143.70,153.40,1737490
22-Dec-15,140.40,145.20,140.10,144.10,853085
21-Dec-15,136.60,141.90,136.11,138.50,458539
18-Dec-15,139.10,140.90,136.50,138.40,1088379
16-Dec-15,138.90,141.60,135.70,139.30,784531
15-Dec-15,134.00,138.80,134.00,137.20,588878
14-Dec-15,139.50,139.50,133.60,133.70,840509
11-Dec-15,143.70,143.70,137.90,138.50,1080604
10-Dec-15,139.70,144.30,139.60,142.60,1304360
9-Dec-15,138.90,143.20,137.70,140.00,1559844
8-Dec-15,140.60,142.70,137.40,138.00,1918231
7-Dec-15,141.00,142.90,138.40,139.40,758515
4-Dec-15,146.00,148.00,139.90,143.90,1496858
3-Dec-15,144.80,147.00,143.00,144.30,988327
2-Dec-15,146.00,146.00,142.60,144.80,646442
1-Dec-15,142.50,146.00,142.50,145.90,777681
30-Nov-15,143.90,145.93,141.60,143.50,638383
27-Nov-15,144.60,146.40,144.50,145.10,435200
26-Nov-15,145.40,146.60,143.80,146.10,603787
25-Nov-15,143.50,145.38,140.65,144.00,994367
24-Nov-15,142.80,142.80,139.60,141.60,1070823
23-Nov-15,143.00,144.60,140.10,142.70,531828
20-Nov-15,145.00,145.30,142.30,143.60,708287
19-Nov-15,150.10,150.90,145.45,146.80,714961
18-Nov-15,145.30,149.42,145.30,148.20,1095416
17-Nov-15,144.50,147.80,143.00,146.40,990355
16-Nov-15,140.10,146.00,140.10,142.20,595438
13-Nov-15,145.40,147.70,141.60,142.90,719752
12-Nov-15,151.00,151.60,145.94,146.70,821739
11-Nov-15,152.70,153.60,149.90,152.10,703121
10-Nov-15,152.00,152.80,147.30,151.70,1092489
9-Nov-15,154.70,158.30,153.90,154.40,861927
6-Nov-15,154.30,155.69,152.20,154.00,879045
5-Nov-15,159.90,159.90,153.00,155.10,1046720
4-Nov-15,158.80,162.30,158.20,158.30,1062015
3-Nov-15,153.00,158.00,153.00,156.90,1325002
2-Nov-15,148.90,152.40,148.90,151.40,723982
30-Oct-15,151.10,151.30,148.50,150.00,717754
29-Oct-15,151.80,151.90,148.40,150.00,673968
28-Oct-15,144.80,152.60,144.30,150.80,1276495
27-Oct-15,149.90,150.90,144.80,144.80,763098
26-Oct-15,152.00,152.60,150.10,151.70,1123545
23-Oct-15,153.90,156.00,152.10,154.10,448942
22-Oct-15,152.10,155.50,152.10,153.70,435326
21-Oct-15,152.50,155.00,150.70,153.00,792162
20-Oct-15,151.10,151.90,147.96,151.30,674551
19-Oct-15,156.80,156.80,150.20,151.40,890870
16-Oct-15,157.70,161.60,155.10,155.80,837475
15-Oct-15,156.30,160.10,156.30,157.30,713657
14-Oct-15,155.70,158.40,153.30,155.80,709096
13-Oct-15,159.70,159.70,154.80,155.90,1480062
12-Oct-15,163.10,164.10,158.70,159.70,894759
9-Oct-15,161.10,165.30,160.90,162.60,950934
8-Oct-15,161.20,161.60,157.90,158.40,1305716
7-Oct-15,159.20,165.00,159.20,160.00,1240562
6-Oct-15,155.80,159.10,153.40,157.90,1333878
5-Oct-15,150.40,154.90,145.45,154.10,1493209
2-Oct-15,144.60,147.50,143.10,147.10,1596040
1-Oct-15,142.50,144.90,142.00,142.80,1610954
30-Sep-15,144.00,144.00,138.60,140.00,938949
29-Sep-15,138.00,142.70,138.00,140.10,771882
28-Sep-15,141.90,143.50,140.00,140.00,670395
25-Sep-15,142.90,142.90,140.50,142.50,588065
24-Sep-15,140.20,140.60,138.90,140.20,524926
23-Sep-15,140.00,141.90,139.10,140.30,571315
22-Sep-15,138.90,140.02,137.90,139.20,651054
21-Sep-15,142.30,143.60,137.80,139.50,848639
18-Sep-15,146.00,147.20,143.40,143.80,1146406
17-Sep-15,142.90,147.00,142.80,145.80,842190
16-Sep-15,141.20,143.00,138.60,143.00,589080
15-Sep-15,137.80,140.10,135.20,139.40,586499
14-Sep-15,138.90,140.10,136.00,137.10,614455
11-Sep-15,138.40,140.40,137.20,138.00,805978
10-Sep-15,140.50,140.60,137.40,139.10,950593
9-Sep-15,143.70,143.70,141.40,142.70,1303833
8-Sep-15,136.80,141.20,136.60,140.50,890674
7-Sep-15,141.40,143.00,136.50,137.50,1030498
4-Sep-15,145.00,145.00,139.60,140.60,1486635
3-Sep-15,143.80,147.70,142.10,146.20,857810
2-Sep-15,144.30,146.20,141.60,142.30,2024261
1-Sep-15,150.00,151.20,144.80,145.20,3526972
28-Aug-15,149.30,154.40,148.00,151.60,1719278
27-Aug-15,141.00,149.20,141.00,148.90,1070764
26-Aug-15,137.40,142.70,137.28,139.40,1208857
25-Aug-15,139.20,145.02,139.20,139.60,1238351
24-Aug-15,139.60,142.68,138.00,138.20,1600638
21-Aug-15,144.40,147.02,143.80,145.50,832800
20-Aug-15,142.60,148.18,139.70,147.20,1862873
19-Aug-15,146.90,146.90,140.47,144.30,1817511
18-Aug-15,154.00,154.00,138.70,143.20,1867735
17-Aug-15,155.10,155.10,150.70,154.40,726482
14-Aug-15,154.10,154.20,152.00,153.40,667752
13-Aug-15,153.10,154.00,151.40,152.70,839548
12-Aug-15,151.10,155.09,149.70,152.00,1376138
11-Aug-15,156.70,159.80,152.80,153.10,1022568
10-Aug-15,157.30,157.30,153.20,156.20,641520
7-Aug-15,159.70,161.50,158.28,158.40,727454
6-Aug-15,160.40,160.40,155.00,157.40,817037
5-Aug-15,161.00,161.80,159.30,160.60,798899
4-Aug-15,162.30,163.50,160.00,161.40,1006271
3-Aug-15,160.20,165.00,157.70,162.20,1012640
31-Jul-15,164.00,164.30,158.00,161.40,931514
30-Jul-15,163.30,166.20,162.40,163.60,1455778
29-Jul-15,159.50,164.80,159.50,163.90,1079680
28-Jul-15,162.00,164.00,157.80,160.20,1434532
27-Jul-15,165.00,165.00,159.94,160.20,837282
24-Jul-15,165.50,169.90,165.00,166.10,1234660
23-Jul-15,169.30,170.15,162.40,164.00,1527514
22-Jul-15,172.60,173.80,169.72,170.20,901190
21-Jul-15,173.60,175.40,172.70,174.30,475400
20-Jul-15,173.20,175.10,172.30,173.60,398616
17-Jul-15,175.60,179.50,173.40,174.00,583420
16-Jul-15,169.70,179.00,169.10,176.00,1273227
15-Jul-15,170.10,171.28,165.60,169.00,858391
14-Jul-15,167.90,170.80,165.60,170.60,577712
13-Jul-15,169.70,169.70,166.20,168.20,549313
10-Jul-15,170.00,171.60,166.80,167.70,727034
9-Jul-15,167.30,169.60,165.00,169.10,707247
8-Jul-15,166.30,167.90,165.00,166.20,1146209
7-Jul-15,164.70,165.79,161.90,162.00,1094576
6-Jul-15,165.30,166.10,163.10,165.20,548799
3-Jul-15,171.60,171.60,168.00,168.60,412983
2-Jul-15,166.50,171.50,165.30,170.90,710637
1-Jul-15,170.00,172.80,166.50,166.50,1009944
30-Jun-15,169.20,171.50,167.10,169.80,889742
29-Jun-15,171.00,171.90,167.30,170.90,967418
26-Jun-15,176.30,177.10,172.40,172.40,1110529
25-Jun-15,177.50,181.20,175.50,177.80,1289723
24-Jun-15,179.40,180.50,177.30,179.80,788227
23-Jun-15,177.00,179.70,176.50,178.50,642995
22-Jun-15,178.00,178.10,175.33,177.40,518149
19-Jun-15,179.00,179.70,175.50,176.00,1430840
18-Jun-15,180.00,182.80,178.80,180.10,616281
17-Jun-15,183.30,183.80,179.70,181.20,669885
16-Jun-15,184.90,184.90,178.70,181.10,1022941
15-Jun-15,184.80,187.80,183.70,184.60,1003718
12-Jun-15,189.00,189.70,185.60,187.40,1032636
11-Jun-15,188.90,191.01,186.30,188.80,896394
10-Jun-15,186.10,190.30,183.60,185.10,1778713
9-Jun-15,182.30,185.80,180.10,181.70,909233
8-Jun-15,185.20,185.20,181.20,183.70,1067140
5-Jun-15,180.70,185.70,180.10,183.60,750276
4-Jun-15,182.00,184.50,180.50,183.20,1285987
3-Jun-15,179.60,182.50,175.00,182.00,1332182
2-Jun-15,177.10,183.10,176.00,178.90,1388656
1-Jun-15,173.60,175.50,171.60,172.00,859893
29-May-15,170.30,171.30,168.50,169.60,726775
28-May-15,169.40,172.10,166.90,170.20,639554
27-May-15,168.30,170.00,166.40,168.30,464662
26-May-15,170.50,177.73,167.70,169.70,766001
22-May-15,177.60,179.00,172.30,172.80,677460
21-May-15,174.70,177.60,174.60,175.70,547449
20-May-15,175.00,175.00,171.80,174.20,726882
19-May-15,178.40,179.40,172.80,173.80,756054
18-May-15,183.00,183.50,178.00,179.20,624027
15-May-15,185.90,186.90,183.40,183.50,1039350
14-May-15,186.50,188.40,183.90,186.10,570315
13-May-15,188.00,189.60,185.10,185.90,1041481
12-May-15,186.20,186.70,182.86,186.20,1458405
11-May-15,189.10,191.10,187.70,188.00,1746638
8-May-15,184.90,190.30,184.50,187.40,2271140
7-May-15,179.60,183.90,179.50,182.80,1133352
6-May-15,181.90,184.80,178.94,182.80,957010
5-May-15,183.90,184.82,180.40,180.40,848673
1-May-15,175.80,183.20,175.80,181.00,384846
30-Apr-15,178.50,183.40,176.18,178.40,1107338
29-Apr-15,178.10,179.60,176.10,178.50,751929
28-Apr-15,177.80,181.10,176.70,179.35,794298
27-Apr-15,181.70,181.70,174.90,179.80,978657
24-Apr-15,181.30,183.50,179.30,179.90,823488
23-Apr-15,177.50,180.90,174.60,179.70,974660
22-Apr-15,176.80,177.10,170.40,175.70,1008350
21-Apr-15,180.80,180.80,176.10,178.20,699406
20-Apr-15,177.30,179.80,176.70,179.10,833952
17-Apr-15,179.80,179.80,174.20,178.60,1072871
16-Apr-15,180.00,180.80,177.44,178.60,1351746
15-Apr-15,173.00,179.50,172.38,177.73,1413653
14-Apr-15,170.00,173.70,168.70,172.00,2275753
13-Apr-15,171.30,172.90,169.40,170.00,791331
10-Apr-15,169.60,170.10,167.22,170.00,1622947
9-Apr-15,171.10,171.10,166.30,168.40,1704484
8-Apr-15,172.40,174.30,167.30,169.40,2946317
7-Apr-15,158.60,171.40,158.60,170.00,1542878
2-Apr-15,159.10,160.90,157.01,159.40,766460
1-Apr-15,161.60,161.80,155.50,157.90,1932509
31-Mar-15,162.00,162.30,156.69,157.10,1067482
30-Mar-15,164.10,164.30,159.70,161.50,1107302
27-Mar-15,164.10,164.10,159.20,162.30,1171994
26-Mar-15,160.10,164.50,159.20,163.00,1715741
25-Mar-15,158.30,163.00,158.30,161.90,1198069
24-Mar-15,161.70,161.70,157.40,159.70,1622874
23-Mar-15,158.60,163.80,156.80,162.60,2704015
20-Mar-15,155.00,158.70,150.40,157.90,3409535
19-Mar-15,152.70,155.00,148.50,153.50,1462954
18-Mar-15,154.00,156.98,150.00,151.80,2358323
17-Mar-15,152.30,153.90,150.10,153.90,2547088
16-Mar-15,153.50,155.02,150.00,150.70,2509891
13-Mar-15,160.90,161.40,150.70,152.10,2239696
12-Mar-15,153.00,161.40,152.66,161.20,4041435
11-Mar-15,152.00,156.80,141.25,152.00,11679801
10-Mar-15,198.00,198.00,183.00,183.40,2553935
9-Mar-15,197.00,200.50,196.10,198.10,1072295
6-Mar-15,192.00,198.30,192.00,198.30,1303212
5-Mar-15,191.60,196.30,191.60,194.10,913915
4-Mar-15,194.90,202.10,189.70,191.90,1530023
3-Mar-15,194.10,197.50,193.40,195.80,1087285
2-Mar-15,200.90,203.10,194.10,195.20,1394542
27-Feb-15,200.00,204.60,197.10,203.50,1459153
26-Feb-15,206.90,207.50,199.60,200.40,1496959
25-Feb-15,209.50,210.00,203.30,206.50,1809293
24-Feb-15,199.40,207.00,199.40,205.30,1143493
23-Feb-15,209.00,209.00,199.10,201.00,1544530
20-Feb-15,200.10,208.60,200.10,207.60,2403920
19-Feb-15,203.50,204.70,197.10,197.70,1051057
18-Feb-15,201.60,206.44,200.00,203.60,1181985
17-Feb-15,204.90,205.30,199.50,202.50,1229896
16-Feb-15,201.70,205.60,198.38,203.80,859108
13-Feb-15,199.20,208.00,199.20,204.00,1795700
12-Feb-15,191.00,200.80,191.00,199.70,1321765
11-Feb-15,205.70,205.70,190.90,195.90,1711569
10-Feb-15,206.90,209.20,199.98,204.00,1167935
9-Feb-15,204.40,209.30,202.80,208.30,2007320
6-Feb-15,206.30,209.10,202.80,205.50,1971594
5-Feb-15,198.00,208.00,196.70,205.40,1890762
4-Feb-15,204.90,205.10,197.50,200.80,1178094
3-Feb-15,199.80,204.10,197.10,203.80,2314571
2-Feb-15,191.80,198.60,191.80,197.00,2336643
30-Jan-15,184.40,194.40,183.40,192.00,1852695
29-Jan-15,179.90,187.90,177.80,185.00,1550271
28-Jan-15,180.00,182.80,174.00,181.20,1676154
27-Jan-15,178.60,180.40,173.00,177.30,1322694
26-Jan-15,173.70,178.50,170.10,177.80,1237308
23-Jan-15,183.20,183.80,173.70,178.50,1131417
22-Jan-15,183.90,185.80,180.70,181.00,1102890
21-Jan-15,182.80,184.53,179.10,182.00,1187762
20-Jan-15,182.00,186.20,179.20,181.70,920749
19-Jan-15,179.90,183.80,173.70,182.70,1424424
16-Jan-15,169.40,179.70,169.30,178.50,1627567
15-Jan-15,166.50,172.10,165.10,170.70,1955264
14-Jan-15,160.00,167.50,160.00,163.60,1635757
13-Jan-15,158.80,166.80,157.60,164.70,2353526
12-Jan-15,167.40,169.64,159.00,160.60,1938872
9-Jan-15,170.40,171.50,166.00,167.80,1307638
8-Jan-15,171.00,172.80,169.20,171.50,2362149
7-Jan-15,173.90,176.00,168.10,169.70,2506339
6-Jan-15,175.90,177.90,170.40,173.90,1416098
5-Jan-15,181.30,185.30,174.40,175.50,1505349
31-Dec-14,178.10,180.10,177.40,178.50,268972
30-Dec-14,182.90,184.50,178.30,178.60,835060
29-Dec-14,184.50,185.00,179.50,183.70,777125
24-Dec-14,182.70,184.20,177.62,183.30,255075
23-Dec-14,175.80,181.40,174.50,179.90,920626
22-Dec-14,178.40,182.50,174.10,175.00,1430117
19-Dec-14,170.40,178.80,168.30,178.30,5367231
18-Dec-14,168.40,173.10,164.70,170.90,2693186
17-Dec-14,162.60,167.20,160.80,165.90,4166937
16-Dec-14,160.00,165.60,157.40,165.60,2966238
15-Dec-14,159.80,166.00,159.80,160.90,2413636
12-Dec-14,163.00,163.60,158.60,159.90,2577692
11-Dec-14,166.40,168.70,159.70,164.50,2468149
10-Dec-14,169.50,171.50,165.00,166.30,2353538
9-Dec-14,167.80,172.00,164.20,168.90,2712702
8-Dec-14,172.40,172.40,165.70,168.00,4512163
5-Dec-14,168.50,170.00,166.20,167.80,2429464
4-Dec-14,166.60,168.70,162.30,166.50,2207576
3-Dec-14,166.50,168.40,164.10,167.50,2129511
2-Dec-14,161.70,167.20,160.60,166.60,2086146
1-Dec-14,160.10,167.30,155.40,159.80,2873399
28-Nov-14,165.20,167.80,158.00,162.50,2552717
27-Nov-14,172.60,175.40,166.40,167.20,2703948
26-Nov-14,177.80,178.10,173.00,173.70,1623380
25-Nov-14,180.00,180.30,176.50,176.70,1303966
24-Nov-14,183.80,184.80,179.70,179.90,1326313
21-Nov-14,180.30,189.40,180.30,183.70,2481044
20-Nov-14,180.00,182.92,174.60,181.20,1546424
19-Nov-14,186.00,186.70,179.00,180.20,1961886
18-Nov-14,181.60,188.40,180.52,187.30,2453342
17-Nov-14,184.10,185.80,179.30,181.70,2234573
14-Nov-14,180.40,188.30,176.50,185.40,2360709
13-Nov-14,185.40,185.50,177.30,180.70,1782680
12-Nov-14,182.80,186.90,180.40,183.50,3076967
11-Nov-14,178.80,185.16,172.70,183.90,4973056
10-Nov-14,178.50,179.54,168.20,177.00,4894655
7-Nov-14,153.10,159.70,152.00,157.90,2507904
6-Nov-14,149.80,153.30,148.20,152.60,2057239
5-Nov-14,146.20,151.50,143.40,150.00,3163333
4-Nov-14,147.00,147.00,141.00,143.20,3063872
3-Nov-14,145.90,152.30,144.22,148.30,2352685
31-Oct-14,151.90,151.90,141.80,145.10,3123500
30-Oct-14,155.40,157.40,148.00,148.70,1945454
29-Oct-14,154.70,156.70,151.90,154.60,1792015
28-Oct-14,153.30,155.50,151.70,153.10,1330629
27-Oct-14,154.90,155.60,150.70,151.20,1799892
24-Oct-14,157.80,159.20,152.00,152.10,1321424
23-Oct-14,155.60,159.80,153.10,158.00,1996048
22-Oct-14,161.60,163.52,156.74,157.40,2203016
21-Oct-14,156.50,162.90,156.00,161.20,2545816
20-Oct-14,162.20,163.60,156.50,156.50,1694201
17-Oct-14,155.60,163.53,155.60,163.00,2172378
16-Oct-14,155.90,160.00,151.90,155.00,3485332
15-Oct-14,160.90,161.86,153.30,155.60,4049627
14-Oct-14,163.30,165.00,159.80,160.90,2534322
13-Oct-14,166.20,168.10,162.70,164.30,2039654
10-Oct-14,172.00,172.00,161.50,167.20,3089757
9-Oct-14,180.30,181.90,173.30,173.30,1825275
8-Oct-14,184.00,184.18,171.30,179.12,3196193
7-Oct-14,200.00,203.30,183.50,183.50,6248346
6-Oct-14,176.20,182.10,174.50,180.10,1642500
3-Oct-14,174.10,177.50,173.40,175.70,1385244
2-Oct-14,172.20,173.40,167.60,171.50,1933836
1-Oct-14,177.00,177.28,171.40,171.60,1169688
30-Sep-14,180.00,182.20,176.50,176.50,1534419
29-Sep-14,182.00,182.40,178.00,178.70,1121005
26-Sep-14,182.40,184.32,176.40,182.90,1432870
25-Sep-14,185.00,190.00,183.00,184.00,1720084
24-Sep-14,179.80,180.80,177.20,180.80,823886
23-Sep-14,179.50,179.70,177.10,179.40,993377
22-Sep-14,184.10,184.10,177.90,178.70,902414
19-Sep-14,184.60,188.80,182.30,185.90,1839925
18-Sep-14,185.50,185.50,180.60,183.90,1174339
17-Sep-14,179.80,185.70,178.30,184.50,1498345
16-Sep-14,175.50,178.00,174.30,178.00,904451
15-Sep-14,175.50,177.10,174.90,175.70,541182
12-Sep-14,176.20,177.60,174.90,176.20,702357
11-Sep-14,178.30,178.40,174.20,176.30,1733408
10-Sep-14,175.00,179.80,174.70,177.60,1166874
9-Sep-14,175.20,178.10,175.20,176.00,953537
8-Sep-14,175.50,177.06,173.90,175.10,898729
5-Sep-14,175.90,177.40,173.72,176.00,852806
4-Sep-14,177.30,177.50,175.00,176.30,963953
3-Sep-14,181.50,181.50,176.70,177.60,1006392
2-Sep-14,183.00,187.70,176.60,180.00,1988899
1-Sep-14,181.00,184.60,181.00,182.00,791487
29-Aug-14,183.30,183.30,177.20,179.60,1299606
28-Aug-14,189.50,190.24,181.40,181.40,1147773
27-Aug-14,190.10,192.90,187.50,190.50,861028
26-Aug-14,181.00,191.00,181.00,190.90,1176008
22-Aug-14,184.50,185.00,181.40,182.50,760235
21-Aug-14,183.10,185.40,181.90,183.40,872950
20-Aug-14,189.00,189.00,182.20,183.00,980048
19-Aug-14,186.50,188.02,178.40,187.30,1616768
18-Aug-14,181.60,187.60,180.40,187.40,1300558
15-Aug-14,178.80,183.00,178.20,179.60,853424
14-Aug-14,179.30,180.80,177.30,178.70,686642
13-Aug-14,178.10,179.20,175.50,178.60,592645
12-Aug-14,177.40,178.80,175.40,177.10,592759
11-Aug-14,177.50,179.00,175.40,176.30,669261
8-Aug-14,175.40,177.50,173.30,175.00,844333
7-Aug-14,185.00,185.80,177.00,177.00,1211159
6-Aug-14,172.00,183.90,171.46,183.20,1379692
5-Aug-14,172.90,175.40,172.20,172.60,464742
4-Aug-14,173.70,175.70,172.08,173.30,751292
1-Aug-14,176.10,177.30,173.20,173.90,906956
31-Jul-14,181.70,182.60,175.80,176.40,924471
30-Jul-14,178.40,184.20,178.20,181.10,902042
29-Jul-14,176.20,178.92,175.20,178.40,524426
28-Jul-14,177.40,178.34,175.10,176.90,635232
25-Jul-14,183.20,184.44,176.60,177.30,1066150
24-Jul-14,187.60,188.40,183.70,184.10,729921
23-Jul-14,187.00,189.10,186.80,188.80,878503
22-Jul-14,184.30,188.40,184.30,187.10,708768
21-Jul-14,188.00,188.00,182.20,183.70,699726
18-Jul-14,188.40,190.20,187.60,188.60,645326
17-Jul-14,190.50,193.00,188.40,189.70,641538
16-Jul-14,187.80,193.20,187.50,190.00,1133252
15-Jul-14,188.60,190.20,186.90,187.60,1506772
14-Jul-14,191.60,194.10,189.20,190.60,615029
11-Jul-14,191.00,192.00,185.00,190.50,2046830
10-Jul-14,202.90,205.90,189.24,191.00,3054240
9-Jul-14,193.40,203.00,191.80,202.90,1857528
8-Jul-14,199.00,200.40,193.60,193.70,1506115
7-Jul-14,203.30,203.30,199.70,199.90,536890
4-Jul-14,204.30,206.20,202.30,203.10,512717
3-Jul-14,204.80,206.72,203.72,204.30,869721
2-Jul-14,205.00,206.50,203.50,203.70,550554
1-Jul-14,201.00,205.00,199.50,204.70,1553908
30-Jun-14,197.50,200.30,196.30,200.00,1097937
27-Jun-14,199.90,203.00,195.10,196.60,1396068
26-Jun-14,203.10,203.90,198.10,200.30,1202846
25-Jun-14,203.40,203.40,199.30,203.10,916766
24-Jun-14,207.00,208.20,202.80,204.30,1104787
23-Jun-14,205.30,206.70,201.40,206.00,920680
20-Jun-14,205.50,209.90,204.60,205.60,1809031
19-Jun-14,206.60,208.60,204.30,205.22,1446391
18-Jun-14,205.60,206.06,203.40,204.75,1639872
17-Jun-14,204.50,204.60,200.02,202.06,1467167
16-Jun-14,204.90,208.20,203.10,203.30,1123655
13-Jun-14,200.20,205.00,200.20,204.90,1051244
12-Jun-14,201.20,202.50,196.90,201.50,1431202
11-Jun-14,203.40,203.60,198.50,200.10,842556
10-Jun-14,201.70,204.30,200.40,202.30,990232
9-Jun-14,203.00,206.00,201.10,202.90,599056
6-Jun-14,201.30,201.80,198.30,201.80,1232982
5-Jun-14,205.30,205.30,199.60,200.79,1839375
4-Jun-14,207.30,208.40,204.00,204.69,2492288
3-Jun-14,202.00,210.70,201.11,206.89,3097918
2-Jun-14,197.60,201.00,195.22,200.99,2405593
30-May-14,195.00,200.04,195.00,197.40,2228196
29-May-14,191.20,196.20,191.20,195.50,1542321
28-May-14,191.40,193.00,191.20,191.59,1924100
27-May-14,191.80,191.86,188.60,191.00,2008555
23-May-14,188.50,190.40,188.00,189.10,1163799
22-May-14,188.10,189.00,186.90,187.70,755156
21-May-14,186.50,189.22,186.50,188.00,1061648
20-May-14,188.00,188.00,183.60,186.90,2101029
19-May-14,181.30,188.80,181.30,188.00,1607400
16-May-14,180.00,182.00,178.30,181.10,1937740
15-May-14,182.80,184.20,176.40,179.20,2088030
14-May-14,183.00,183.72,180.70,181.50,614339
13-May-14,181.90,183.40,180.68,183.00,1087074
12-May-14,184.10,184.50,181.10,181.90,880672
9-May-14,186.70,186.70,180.20,183.20,1150657
8-May-14,187.40,189.00,186.10,187.00,1184800
7-May-14,186.70,188.70,183.27,186.30,1818423
6-May-14,186.40,189.60,184.30,188.50,2143344
2-May-14,178.10,187.82,174.60,186.20,1190890
1-May-14,185.90,187.80,181.56,183.40,1390024
30-Apr-14,181.30,186.80,181.30,184.30,3776159
29-Apr-14,177.30,182.00,174.10,180.20,2437484
28-Apr-14,169.00,177.40,168.90,175.90,2641216
25-Apr-14,168.50,172.48,168.50,170.90,1094401
24-Apr-14,170.10,173.40,168.80,171.30,1404850
23-Apr-14,168.10,170.30,168.10,170.00,2253599
22-Apr-14,165.40,169.32,165.20,169.32,2321025
17-Apr-14,164.80,165.80,162.20,165.40,1419455
16-Apr-14,166.00,166.00,161.30,163.40,2065324
15-Apr-14,171.50,171.50,163.60,164.02,1646178
14-Apr-14,165.10,166.70,163.30,166.60,1446957
11-Apr-14,166.40,167.50,162.10,165.70,1475375
10-Apr-14,167.00,169.70,165.60,167.50,2210063
9-Apr-14,163.70,171.60,163.70,169.90,2889923
8-Apr-14,167.60,168.28,162.30,163.30,2014050
7-Apr-14,165.80,168.50,165.56,167.60,1396010
4-Apr-14,167.00,168.30,165.49,166.50,1312084
3-Apr-14,166.80,169.00,166.30,166.80,1076704
2-Apr-14,164.40,167.10,162.70,167.00,1726027
1-Apr-14,167.70,168.50,164.00,164.77,2703649
31-Mar-14,168.90,170.90,163.90,166.90,2704810
28-Mar-14,173.00,174.78,167.90,169.80,2299208
27-Mar-14,171.00,174.60,168.30,173.30,4527461
26-Mar-14,161.40,168.30,161.40,167.10,5788283
25-Mar-14,151.60,164.00,151.54,160.90,5489445
24-Mar-14,157.60,158.50,149.70,151.30,6664056
21-Mar-14,162.60,164.60,154.20,158.60,11973742
20-Mar-14,162.10,166.60,162.10,164.00,3681851
19-Mar-14,168.90,169.00,163.00,166.10,4510333
18-Mar-14,191.90,192.00,167.20,168.20,7432919
17-Mar-14,193.90,198.70,189.91,196.50,2325291
14-Mar-14,193.90,197.20,193.00,196.90,1397424
13-Mar-14,198.00,198.00,193.30,195.30,1608033
12-Mar-14,198.30,199.20,194.50,196.40,1564739
11-Mar-14,200.50,202.70,198.30,198.70,1282034
10-Mar-14,202.70,203.70,199.90,200.50,1209884
7-Mar-14,204.30,206.80,202.00,202.70,2373571
6-Mar-14,193.50,204.40,192.60,204.40,2514053
5-Mar-14,196.70,197.60,192.70,193.00,1329825
4-Mar-14,195.00,199.10,194.60,197.50,1756023
3-Mar-14,196.50,197.30,192.30,193.88,2209239
28-Feb-14,191.90,198.90,191.40,198.80,3545464
27-Feb-14,190.80,192.80,189.50,192.10,2728788
26-Feb-14,191.70,194.90,191.50,191.60,1653073
25-Feb-14,196.00,196.00,191.20,192.10,1874291
24-Feb-14,191.90,196.30,191.40,195.42,2479305
21-Feb-14,192.60,192.70,189.70,192.60,1726087
20-Feb-14,190.00,190.90,188.50,189.40,1433309
19-Feb-14,191.10,192.90,188.90,191.00,1363705
18-Feb-14,194.40,194.90,189.30,190.30,1841005
17-Feb-14,192.00,194.70,191.30,194.60,1590219
14-Feb-14,192.00,194.00,190.80,191.10,2627099
13-Feb-14,200.10,200.70,191.30,192.20,3878112
12-Feb-14,206.80,208.70,198.70,199.60,1948962
11-Feb-14,205.40,209.00,205.00,206.70,1448477
10-Feb-14,201.20,204.20,201.20,204.20,1785764
7-Feb-14,202.50,203.30,199.20,200.40,3387131
6-Feb-14,201.90,205.50,200.10,202.20,3513288
5-Feb-14,212.30,213.00,201.20,201.50,4544822
4-Feb-14,210.50,214.10,208.90,211.90,3865043
3-Feb-14,206.10,216.40,206.10,210.10,3221251
31-Jan-14,215.40,221.30,209.50,215.60,3428104
30-Jan-14,214.60,219.20,214.60,216.90,2672578
29-Jan-14,227.10,228.40,207.20,213.70,8586127
28-Jan-14,237.80,238.90,225.70,226.40,4654580
27-Jan-14,243.00,243.40,230.00,237.10,2973518
24-Jan-14,255.00,257.80,245.90,247.50,3887172
23-Jan-14,265.30,266.20,262.10,262.10,1912078
22-Jan-14,263.70,269.50,263.00,265.40,2164934
21-Jan-14,266.80,268.00,261.40,263.50,1940739
20-Jan-14,268.50,269.40,266.70,266.70,888153
17-Jan-14,263.10,267.70,261.80,267.20,906571
16-Jan-14,257.40,265.80,257.40,265.00,1726197
15-Jan-14,269.10,269.10,263.80,264.30,1124515
14-Jan-14,269.00,269.40,267.30,268.00,1285460
13-Jan-14,271.40,274.10,271.00,271.70,1311918
10-Jan-14,267.90,273.90,267.80,271.50,1197641
9-Jan-14,270.10,270.10,266.40,268.20,709553
8-Jan-14,273.60,273.60,267.00,267.80,998782
7-Jan-14,272.40,274.90,271.60,274.00,834841
6-Jan-14,273.90,276.50,271.90,272.80,930760
3-Jan-14,272.80,274.70,271.90,273.20,649062
2-Jan-14,270.00,274.90,270.00,272.00,1392506
31-Dec-13,270.30,273.00,269.80,269.80,265164
30-Dec-13,273.30,273.30,270.40,271.30,609319
27-Dec-13,269.80,271.80,267.80,271.20,443294
24-Dec-13,266.30,268.90,265.60,267.90,113489
23-Dec-13,256.30,267.00,256.30,265.50,952164
20-Dec-13,265.70,267.20,257.60,264.00,2377565
19-Dec-13,262.10,266.20,261.00,266.20,1466371
18-Dec-13,260.10,262.20,259.60,259.80,1014896
17-Dec-13,261.20,262.70,260.40,260.40,974486
16-Dec-13,257.00,261.30,256.20,261.30,1085586
13-Dec-13,259.30,261.90,255.70,257.50,2034555
12-Dec-13,265.70,265.70,261.20,262.10,1002409
11-Dec-13,265.60,267.10,263.70,265.30,1326405
10-Dec-13,268.00,268.80,264.90,265.60,1169059
9-Dec-13,269.20,270.40,267.00,268.80,995581
6-Dec-13,273.60,275.00,268.30,269.00,1565887
5-Dec-13,269.50,274.50,269.50,273.80,1195691
4-Dec-13,270.30,273.60,269.30,271.30,1141827
3-Dec-13,271.70,272.40,269.70,271.40,1949636
2-Dec-13,273.90,276.60,271.80,273.10,1448834
29-Nov-13,274.00,277.20,273.60,274.70,1839451
28-Nov-13,274.70,275.80,272.60,274.30,2108082
27-Nov-13,267.40,270.10,267.40,268.00,1043190
26-Nov-13,267.10,270.70,266.70,267.10,1899165
25-Nov-13,271.00,271.10,266.70,267.50,1818450
22-Nov-13,266.50,268.80,266.40,268.20,1481602
21-Nov-13,268.90,269.60,265.00,265.00,1547721
20-Nov-13,269.00,270.10,267.90,269.20,907670
19-Nov-13,270.30,271.10,268.40,270.00,1148728
18-Nov-13,268.50,271.50,267.40,270.00,1422992
15-Nov-13,268.90,271.30,268.80,269.80,900057
14-Nov-13,269.50,271.40,267.50,269.50,1075742
13-Nov-13,272.80,273.40,269.00,269.10,1533770
12-Nov-13,275.40,275.60,272.10,273.90,2304029
11-Nov-13,274.50,275.60,274.50,275.00,1107036
8-Nov-13,276.10,277.00,273.40,274.40,2374004
7-Nov-13,279.00,280.00,276.90,277.30,2818669
6-Nov-13,281.90,282.40,278.20,279.00,2631337
5-Nov-13,285.40,286.60,279.90,280.90,2603073
4-Nov-13,284.00,286.30,283.20,285.20,1515763
1-Nov-13,284.20,285.10,283.40,284.00,1791882
31-Oct-13,281.80,284.00,279.70,282.80,2535989
30-Oct-13,281.00,284.10,280.30,282.50,1540526
29-Oct-13,279.80,282.60,278.10,280.00,2100493
28-Oct-13,281.40,281.70,278.60,278.90,992554
25-Oct-13,279.20,281.40,278.60,281.00,1563341
24-Oct-13,281.70,281.90,279.30,280.00,856858
23-Oct-13,284.00,-,280.20,281.10,1222659
22-Oct-13,288.50,288.50,282.10,285.30,1593186
21-Oct-13,285.80,288.30,283.50,287.00,1259848
18-Oct-13,290.40,290.40,284.80,285.30,1884206
17-Oct-13,278.20,289.80,278.10,289.40,5593791
16-Oct-13,275.40,277.70,272.00,276.00,1111063
15-Oct-13,272.50,274.90,268.90,274.00,1897885
14-Oct-13,265.00,268.00,265.00,268.00,740858
11-Oct-13,262.90,266.50,261.60,265.50,1301317
10-Oct-13,263.00,263.10,260.00,261.80,945149
9-Oct-13,260.00,263.70,259.80,262.30,2228570
8-Oct-13,263.70,265.00,260.00,260.40,1303842
7-Oct-13,260.10,260.60,258.60,260.50,760196
4-Oct-13,262.40,262.40,258.90,260.30,1184770
3-Oct-13,265.50,265.50,260.90,261.80,969882
2-Oct-13,266.70,266.70,263.20,264.10,1164059
1-Oct-13,263.10,263.70,259.50,262.50,959214
30-Sep-13,264.40,264.40,258.60,262.30,1998941
27-Sep-13,267.20,267.90,265.70,265.80,1387301
26-Sep-13,264.80,267.60,263.40,267.10,687316
25-Sep-13,265.00,267.00,259.40,265.20,2582483
24-Sep-13,262.00,262.30,255.90,259.40,1374087
20-Sep-13,267.70,267.80,261.10,267.80,1877895
19-Sep-13,267.60,271.00,265.80,267.20,931183
18-Sep-13,268.10,268.60,263.80,265.10,1011923
17-Sep-13,274.80,275.40,268.30,268.30,1193624
16-Sep-13,278.00,279.90,274.20,274.50,614050
13-Sep-13,275.50,278.50,275.50,276.20,1215101
12-Sep-13,275.80,277.00,274.90,276.10,739850
11-Sep-13,277.50,278.50,274.50,276.10,976171
10-Sep-13,276.90,278.50,276.70,278.20,843205
9-Sep-13,276.80,277.60,274.70,275.30,691607
6-Sep-13,275.10,279.20,274.90,276.70,953893
5-Sep-13,277.90,278.40,274.30,275.00,1057877
4-Sep-13,278.40,278.40,274.60,278.30,997910
3-Sep-13,277.10,277.90,274.70,276.00,1057623
2-Sep-13,273.80,278.00,273.80,276.30,716572
30-Aug-13,275.60,277.70,271.80,272.50,895842
29-Aug-13,279.40,280.00,273.80,275.50,1924763
28-Aug-13,277.50,280.60,277.20,279.10,2062799
27-Aug-13,272.10,278.30,272.10,278.10,1877312
23-Aug-13,269.70,273.60,269.60,272.80,1022256
22-Aug-13,272.30,272.30,268.20,270.50,1160352
21-Aug-13,278.10,278.20,272.20,272.80,1247724
20-Aug-13,277.30,280.00,275.00,278.00,1840856
19-Aug-13,276.50,277.40,274.30,277.00,984395
16-Aug-13,276.20,277.90,275.10,276.10,885226
15-Aug-13,282.50,282.50,276.50,277.50,929091
14-Aug-13,283.50,285.90,282.60,282.60,933953
13-Aug-13,279.80,284.10,279.20,283.50,1181748
12-Aug-13,274.80,279.80,271.20,279.80,957724
9-Aug-13,274.30,276.30,270.50,274.10,978054
8-Aug-13,267.60,274.60,267.40,274.60,1097542
7-Aug-13,265.70,267.90,263.00,266.90,1104590
6-Aug-13,270.00,270.80,264.70,265.60,1171541
5-Aug-13,271.40,272.70,268.80,270.60,603590
2-Aug-13,271.50,271.80,270.40,270.50,1353816
1-Aug-13,269.00,272.70,269.00,271.70,1366729
31-Jul-13,268.20,270.00,266.60,269.20,1147797
30-Jul-13,265.00,269.20,264.40,267.90,918659
29-Jul-13,265.90,266.90,263.80,264.00,671739
26-Jul-13,269.70,270.50,265.20,266.40,929987
25-Jul-13,270.10,271.20,268.40,269.70,882178
24-Jul-13,274.20,274.70,269.60,270.90,1041634
23-Jul-13,274.50,275.20,273.10,273.50,656494
22-Jul-13,274.20,275.20,272.20,273.40,966636
19-Jul-13,269.90,274.30,269.20,273.40,974757
18-Jul-13,270.00,271.80,269.40,270.60,574676
17-Jul-13,269.70,271.60,267.00,269.80,984529
16-Jul-13,270.90,271.80,268.90,269.60,441123
15-Jul-13,269.20,272.49,268.95,270.10,453144
12-Jul-13,271.70,271.90,268.40,268.40,612730
11-Jul-13,268.30,271.10,268.30,269.40,759785
10-Jul-13,265.00,266.95,262.10,264.60,811747
9-Jul-13,264.90,267.60,264.90,265.50,1091651
8-Jul-13,263.50,267.30,262.52,265.00,1234182
5-Jul-13,262.10,265.50,261.00,261.30,843463
4-Jul-13,256.30,261.90,255.00,261.60,596364
3-Jul-13,255.20,256.26,250.70,254.20,868719
2-Jul-13,257.00,258.30,254.10,256.40,889013
1-Jul-13,253.50,256.50,252.80,256.20,675745
28-Jun-13,256.90,259.60,251.20,253.10,1295909
27-Jun-13,254.80,257.80,251.30,256.80,964422
26-Jun-13,254.90,256.00,253.90,254.40,986618
25-Jun-13,253.10,258.80,252.02,254.40,1439878
24-Jun-13,254.90,256.80,250.80,251.80,1167703
21-Jun-13,257.30,260.40,254.60,254.70,2071468
20-Jun-13,258.40,259.60,254.75,256.90,1355464
19-Jun-13,262.50,263.90,260.90,261.10,1003361
18-Jun-13,264.50,266.60,262.40,262.50,1424499
17-Jun-13,264.00,266.00,262.90,264.80,1234809
14-Jun-13,259.10,266.90,259.10,264.90,2353097
13-Jun-13,253.60,258.00,251.86,258.00,2037039
12-Jun-13,261.50,262.90,253.80,256.70,1917743
11-Jun-13,265.00,265.54,259.40,261.30,1555819
10-Jun-13,267.60,269.20,263.00,265.40,1435062
7-Jun-13,262.70,267.90,261.30,267.30,1669342
6-Jun-13,265.20,266.90,261.80,261.80,1278296
5-Jun-13,272.90,272.90,265.30,265.50,2520089
4-Jun-13,273.80,277.50,273.80,274.50,1182596
3-Jun-13,271.80,275.00,271.30,272.90,1766196
31-May-13,278.20,278.20,273.00,273.10,2739648
30-May-13,278.20,281.90,277.30,277.80,1372977
29-May-13,281.60,285.00,279.10,279.40,1491357
28-May-13,282.40,283.96,279.35,282.80,1228814
24-May-13,282.20,284.80,280.00,280.60,1199005
23-May-13,284.70,284.75,280.10,281.30,1712029
22-May-13,292.00,292.00,285.90,288.20,1444635
21-May-13,286.90,292.60,286.45,291.90,1901250
20-May-13,287.70,290.90,286.20,287.20,1922504
17-May-13,282.30,288.60,281.95,286.50,2047813
16-May-13,274.80,284.20,274.80,281.60,2130248
15-May-13,274.90,277.70,272.70,276.30,1827825
14-May-13,279.90,280.00,274.80,276.10,1882348
13-May-13,280.30,281.60,277.10,279.60,1755052
10-May-13,282.60,287.40,279.50,280.60,1702835
9-May-13,278.50,284.20,277.50,282.90,1613834
8-May-13,281.80,283.60,278.10,279.00,2470949
7-May-13,288.80,288.80,279.70,281.50,1987139
3-May-13,289.30,290.60,287.90,289.10,2289460
2-May-13,291.10,293.80,285.80,288.20,1736363
1-May-13,289.30,296.60,283.50,291.90,1213945
30-Apr-13,288.10,288.60,283.10,288.60,1861708
29-Apr-13,289.00,290.10,283.60,287.40,1670976
26-Apr-13,285.90,290.80,284.20,289.00,2084128
25-Apr-13,285.00,288.60,283.90,287.10,1724252
24-Apr-13,281.40,286.00,281.10,285.00,1290353
23-Apr-13,279.30,282.10,277.40,281.40,1407516
22-Apr-13,285.80,288.01,278.40,279.30,1381606
19-Apr-13,284.40,285.60,282.80,284.90,1208980
18-Apr-13,283.30,286.73,281.80,282.90,1694386
17-Apr-13,288.80,289.50,281.50,283.20,1590026
16-Apr-13,288.40,290.00,284.00,288.00,1649268
15-Apr-13,293.40,295.20,287.50,289.90,2295826
12-Apr-13,300.00,309.60,291.40,293.60,3415291
11-Apr-13,293.90,296.70,290.10,296.10,2778061
10-Apr-13,291.90,297.40,289.20,293.30,2994955
9-Apr-13,285.10,292.05,284.10,291.50,3143321
8-Apr-13,276.40,283.80,276.00,282.00,3314434
5-Apr-13,276.40,276.90,271.00,273.00,2306200
4-Apr-13,277.10,281.20,273.40,275.00,3636414
3-Apr-13,272.00,277.50,270.38,275.70,2257492
2-Apr-13,274.00,277.90,269.90,270.90,2420954
28-Mar-13,274.30,275.50,270.50,273.50,2078720
27-Mar-13,279.90,280.30,271.89,275.00,2976190
26-Mar-13,281.30,285.10,278.70,279.90,3390248
25-Mar-13,280.20,284.60,279.60,280.50,4378206
22-Mar-13,283.40,284.63,274.70,278.50,2280539
21-Mar-13,280.30,282.50,275.70,280.80,1954408
20-Mar-13,280.10,284.40,279.40,280.30,2633429
19-Mar-13,290.00,291.80,272.60,278.40,2768245
18-Mar-13,288.20,292.06,286.30,289.20,1435130
15-Mar-13,290.90,292.90,289.50,291.90,3302447
14-Mar-13,290.20,291.50,287.70,289.30,1073113
13-Mar-13,294.60,297.00,288.10,289.90,1743364
12-Mar-13,290.60,297.60,290.60,294.20,1760263
11-Mar-13,292.20,295.50,289.80,292.10,1956742
8-Mar-13,287.00,296.30,287.00,292.50,2817771
7-Mar-13,285.10,287.30,284.70,286.30,863149
6-Mar-13,283.60,286.92,283.60,285.00,926271
5-Mar-13,276.70,283.50,276.05,283.40,1118227
4-Mar-13,271.00,276.00,270.50,275.70,936783
1-Mar-13,271.50,273.11,268.12,271.50,940714
28-Feb-13,274.50,275.20,271.00,271.70,891278
27-Feb-13,275.00,275.60,271.60,273.10,713733
26-Feb-13,272.00,276.00,272.00,274.20,797166
25-Feb-13,275.80,278.54,274.50,277.00,943636
22-Feb-13,278.20,280.80,273.20,274.90,984942
21-Feb-13,284.20,284.70,276.20,276.90,1266045
20-Feb-13,285.70,287.90,284.88,285.80,630195
19-Feb-13,284.80,285.70,282.21,285.40,661834
18-Feb-13,286.40,287.28,283.60,284.10,461888
15-Feb-13,286.20,287.90,284.70,287.00,529466
14-Feb-13,293.10,293.30,284.11,285.10,1219931
13-Feb-13,289.60,294.30,287.90,293.30,743367
12-Feb-13,288.80,290.20,287.35,289.30,591072
11-Feb-13,286.50,290.00,284.70,289.00,715343
8-Feb-13,287.40,288.50,284.80,286.20,930549
7-Feb-13,291.10,293.70,285.90,286.60,876466
6-Feb-13,291.50,294.10,288.70,290.50,1257827
5-Feb-13,286.20,298.10,286.20,291.90,1082241
4-Feb-13,290.80,291.20,285.53,287.00,893036
1-Feb-13,287.70,290.40,286.20,290.40,1382734
31-Jan-13,287.80,289.10,285.50,287.00,1558941
30-Jan-13,286.20,290.30,284.90,288.00,1511207
29-Jan-13,285.90,286.30,282.90,286.10,1076894
28-Jan-13,291.70,291.70,288.60,290.20,694886
25-Jan-13,294.60,295.80,290.90,291.70,890425
24-Jan-13,291.10,295.90,290.00,295.50,1060460
23-Jan-13,286.50,291.90,284.00,290.90,1146767
22-Jan-13,285.00,288.50,280.00,285.70,888681
21-Jan-13,281.40,284.55,280.10,284.00,650207
18-Jan-13,282.10,284.20,279.20,280.80,754393
17-Jan-13,280.90,282.70,279.90,281.30,424702
16-Jan-13,281.10,281.30,278.30,281.10,1144579
15-Jan-13,280.80,282.90,279.50,280.50,812230
14-Jan-13,284.00,284.00,281.40,281.80,778258
11-Jan-13,282.50,283.90,281.20,282.70,786708
10-Jan-13,282.70,282.72,281.10,282.10,1460396
9-Jan-13,277.40,286.80,276.30,282.30,1395017
8-Jan-13,279.80,282.60,276.80,276.80,1077008
7-Jan-13,280.00,285.70,279.40,280.10,1919908
4-Jan-13,276.90,280.00,276.50,280.00,1456549
3-Jan-13,270.00,278.60,269.60,277.60,1774774
2-Jan-13,265.00,269.73,264.00,269.70,2532167
