31-Dec-15,285.40,288.04,281.80,283.20,564841
30-Dec-15,285.60,288.10,285.60,287.07,1166141
29-Dec-15,282.30,286.80,280.60,286.20,1368517
24-Dec-15,281.00,281.00,277.50,281.00,240611
23-Dec-15,283.30,284.10,279.30,279.40,1312116
22-Dec-15,280.90,283.00,280.40,281.60,1097116
21-Dec-15,282.40,286.20,279.50,279.50,1160010
18-Dec-15,285.20,287.00,282.00,282.80,2872600
16-Dec-15,286.40,288.10,284.30,285.22,2640304
15-Dec-15,288.30,288.30,282.80,284.58,2286664
14-Dec-15,292.50,292.50,285.20,285.40,4434336
11-Dec-15,295.70,297.00,292.40,293.50,1989332
10-Dec-15,295.50,297.50,293.20,295.59,1506980
9-Dec-15,297.50,299.00,294.90,296.60,1885441
8-Dec-15,298.30,300.10,295.00,296.20,3070273
7-Dec-15,295.00,301.00,295.00,299.00,2258515
4-Dec-15,289.70,296.40,289.00,295.40,2642033
3-Dec-15,301.60,304.90,295.70,298.70,1770539
2-Dec-15,304.40,304.40,299.10,302.30,1172507
1-Dec-15,303.90,305.50,301.80,303.70,1761263
30-Nov-15,302.10,305.20,300.80,303.61,2325802
27-Nov-15,296.90,301.50,294.10,300.70,1632679
26-Nov-15,291.90,297.70,291.90,296.50,898186
25-Nov-15,290.80,296.50,290.80,292.50,2065512
24-Nov-15,292.90,292.90,288.50,291.80,1845840
23-Nov-15,289.90,295.50,289.90,293.74,1238106
20-Nov-15,291.80,292.80,287.60,291.80,1315900
19-Nov-15,286.50,293.73,286.50,291.22,1535861
18-Nov-15,281.40,287.00,280.30,286.20,1609633
17-Nov-15,278.60,283.60,278.50,282.79,1659826
16-Nov-15,267.70,275.60,267.00,274.15,1708169
13-Nov-15,272.70,272.80,268.30,270.20,1301271
12-Nov-15,276.00,276.00,268.40,271.71,2050846
11-Nov-15,274.00,276.70,271.80,274.16,1636555
10-Nov-15,276.20,276.22,267.94,270.04,1527694
9-Nov-15,273.50,276.90,273.00,274.77,2001686
6-Nov-15,282.90,282.90,274.40,275.20,2229417
5-Nov-15,279.20,284.30,276.29,281.00,2724017
4-Nov-15,284.30,286.90,283.90,285.40,1681674
3-Nov-15,283.10,283.80,281.90,282.70,1462240
2-Nov-15,276.60,284.90,275.66,283.37,1735151
30-Oct-15,275.20,279.20,274.40,277.49,2073426
29-Oct-15,278.50,280.00,274.40,275.20,1685456
28-Oct-15,285.00,285.00,277.20,278.70,3513281
27-Oct-15,296.90,297.70,290.30,290.70,1280275
26-Oct-15,295.70,298.40,293.90,297.70,917466
23-Oct-15,297.10,298.40,295.10,295.70,1494193
22-Oct-15,296.00,297.40,293.80,295.52,1166108
21-Oct-15,291.70,297.10,288.90,295.35,889268
20-Oct-15,290.40,291.20,288.30,290.09,969229
19-Oct-15,292.60,293.70,289.10,290.40,748789
16-Oct-15,294.10,295.40,290.00,291.90,1775432
15-Oct-15,294.10,294.20,290.20,292.40,1181339
14-Oct-15,293.00,293.80,290.70,292.00,1262007
13-Oct-15,294.70,296.90,291.20,293.80,2059191
12-Oct-15,307.30,307.30,294.60,295.80,1550121
9-Oct-15,307.40,309.10,304.90,306.40,1781132
8-Oct-15,302.70,305.59,299.20,305.50,2166046
7-Oct-15,308.00,308.70,303.50,306.31,1885529
6-Oct-15,306.00,306.70,301.60,306.40,1804091
5-Oct-15,299.30,304.30,297.70,304.10,1726392
2-Oct-15,294.40,297.60,291.10,294.79,2494159
1-Oct-15,288.50,297.00,288.50,292.60,2549815
30-Sep-15,281.00,285.70,280.60,285.70,2349187
29-Sep-15,278.40,281.00,276.90,277.00,1367928
28-Sep-15,281.80,282.90,279.20,281.03,1180609
25-Sep-15,279.00,283.90,276.40,281.92,1500902
24-Sep-15,279.20,280.30,274.40,275.00,1480140
23-Sep-15,277.30,280.60,276.70,279.39,1281598
22-Sep-15,284.80,284.80,277.00,278.08,1715842
21-Sep-15,286.00,287.30,283.30,284.30,1058703
18-Sep-15,287.40,288.00,284.40,286.00,2453218
17-Sep-15,288.70,289.20,284.80,287.30,1330969
16-Sep-15,286.70,288.40,283.50,287.90,1287724
15-Sep-15,286.60,286.80,281.60,286.10,1183046
14-Sep-15,289.10,290.30,285.90,285.90,1225310
11-Sep-15,288.30,290.50,286.00,288.80,1038504
10-Sep-15,286.60,289.60,286.50,288.38,1616158
9-Sep-15,290.90,290.90,288.10,288.70,1507810
8-Sep-15,285.50,289.40,285.50,286.70,1611961
7-Sep-15,286.30,286.30,282.60,285.00,1257587
4-Sep-15,285.70,286.80,282.00,283.80,3314704
3-Sep-15,288.80,291.90,286.70,287.80,2086086
2-Sep-15,286.20,288.40,284.30,286.50,3743869
1-Sep-15,279.30,288.40,279.30,279.30,3790483
28-Aug-15,274.40,281.60,272.60,277.73,2396185
27-Aug-15,271.10,275.60,271.10,274.80,2099158
26-Aug-15,268.70,273.00,266.20,266.40,3594365
25-Aug-15,272.50,274.52,271.20,272.23,3457058
24-Aug-15,273.80,276.10,264.80,269.10,2238359
21-Aug-15,281.80,285.50,278.80,278.80,1728641
20-Aug-15,289.10,292.70,285.50,286.50,1873708
19-Aug-15,290.80,293.70,289.80,291.40,2747975
18-Aug-15,288.40,293.50,288.00,292.50,2586116
17-Aug-15,289.40,290.70,288.30,289.60,1968123
14-Aug-15,285.00,289.00,285.00,287.60,2035186
13-Aug-15,288.00,289.10,282.50,285.49,2967944
12-Aug-15,287.70,288.15,282.40,285.90,3046662
11-Aug-15,289.50,290.00,285.60,288.30,3362977
10-Aug-15,287.00,288.10,283.30,286.70,3287009
7-Aug-15,286.90,287.80,282.10,284.20,3551947
6-Aug-15,271.00,285.60,270.80,279.70,6465955
5-Aug-15,259.90,263.00,258.70,262.52,1918211
4-Aug-15,261.90,261.90,259.20,260.14,1733892
3-Aug-15,261.00,262.90,260.50,260.70,1569093
31-Jul-15,259.70,261.80,258.90,261.30,2602435
30-Jul-15,255.30,258.30,254.60,258.30,2468781
29-Jul-15,254.50,255.20,251.80,255.20,1769405
28-Jul-15,252.10,253.70,250.60,250.82,2201109
27-Jul-15,254.10,254.80,250.50,251.10,1671029
24-Jul-15,257.70,259.60,254.30,254.30,1334180
23-Jul-15,256.10,259.40,254.50,258.00,2513514
22-Jul-15,261.90,261.90,254.30,255.50,2897065
21-Jul-15,267.90,267.90,261.90,262.60,2054857
20-Jul-15,272.00,272.00,266.60,266.60,1883371
17-Jul-15,273.90,274.20,270.40,271.00,2158500
16-Jul-15,272.50,273.40,270.40,272.34,1529683
15-Jul-15,270.40,271.80,268.90,270.60,1837978
14-Jul-15,271.20,274.90,269.00,270.30,3654285
13-Jul-15,269.20,271.70,268.40,271.00,2093060
10-Jul-15,267.40,270.00,263.90,268.60,3321975
9-Jul-15,261.40,264.00,261.10,263.50,2197300
8-Jul-15,258.70,262.20,256.80,261.20,3789343
7-Jul-15,259.70,261.80,256.70,256.70,2565742
6-Jul-15,262.40,262.40,258.60,260.00,2615056
3-Jul-15,268.30,268.48,263.20,263.60,3816836
2-Jul-15,265.20,265.20,261.80,262.20,2060753
1-Jul-15,264.10,265.80,262.90,263.70,1541333
30-Jun-15,266.40,266.60,263.00,263.00,2658117
29-Jun-15,266.10,270.00,265.90,267.25,2346553
26-Jun-15,276.60,276.60,272.30,272.70,1548343
25-Jun-15,278.00,279.40,276.90,276.90,2181854
24-Jun-15,283.60,283.60,279.80,279.80,2079548
23-Jun-15,284.50,285.50,282.20,282.70,1435279
22-Jun-15,284.30,285.00,281.10,282.20,1523684
19-Jun-15,278.00,282.10,276.14,281.00,3095016
18-Jun-15,279.00,279.80,277.30,277.90,2058524
17-Jun-15,283.00,283.20,279.20,280.50,1595850
16-Jun-15,282.40,282.40,278.70,281.70,1377228
15-Jun-15,287.10,288.30,281.90,282.60,1833471
12-Jun-15,292.00,292.70,289.00,290.71,2131217
11-Jun-15,290.70,295.70,290.00,294.30,2483445
10-Jun-15,290.00,290.70,288.60,290.30,1921091
9-Jun-15,290.60,293.40,288.90,289.80,1654160
8-Jun-15,292.20,292.20,289.60,290.90,1284703
5-Jun-15,295.40,295.60,289.93,291.50,1575891
4-Jun-15,296.60,297.30,292.00,296.50,2666413
3-Jun-15,297.80,299.20,296.10,296.70,1982930
2-Jun-15,297.30,298.20,293.10,296.80,1532905
1-Jun-15,295.80,298.00,295.00,296.20,797665
29-May-15,299.30,302.00,295.00,295.70,2597639
28-May-15,299.10,299.20,297.00,298.60,1680428
27-May-15,297.50,300.60,297.50,298.80,2215387
26-May-15,298.80,299.20,295.61,296.70,1402867
22-May-15,295.80,298.60,295.80,296.60,1669050
21-May-15,293.00,297.10,293.00,296.19,1450306
20-May-15,295.60,297.00,292.80,294.10,950623
19-May-15,293.20,297.80,293.00,296.50,1687549
18-May-15,294.00,295.10,291.80,293.20,1491807
15-May-15,293.60,294.10,291.60,293.00,1613171
14-May-15,292.40,293.10,290.00,291.60,1153968
13-May-15,294.10,294.50,291.40,292.40,1780261
12-May-15,296.80,297.00,290.00,292.00,2502518
11-May-15,299.20,301.30,297.80,298.80,1757101
8-May-15,297.50,304.80,290.14,300.70,3725478
7-May-15,290.10,290.40,284.80,289.10,2444721
6-May-15,291.00,293.30,290.00,291.05,2173163
5-May-15,292.40,296.10,291.40,291.90,2222903
1-May-15,289.90,297.90,289.90,291.60,1408237
30-Apr-15,295.10,297.00,292.60,297.00,3388661
29-Apr-15,301.50,305.10,300.50,302.40,3516180
28-Apr-15,305.00,305.00,298.90,301.50,1694536
27-Apr-15,305.50,305.57,300.70,303.61,1983368
24-Apr-15,309.00,309.00,301.90,303.00,2440538
23-Apr-15,299.10,301.94,295.30,300.00,3375347
22-Apr-15,299.90,301.70,298.00,299.70,2782765
21-Apr-15,299.20,303.20,298.90,300.04,2599307
20-Apr-15,301.50,302.50,298.70,300.49,1737803
17-Apr-15,304.60,305.00,297.30,299.30,2382533
16-Apr-15,306.30,306.40,302.00,304.20,2202738
15-Apr-15,306.50,307.90,305.20,305.50,2837722
14-Apr-15,308.00,308.50,305.28,305.30,1897526
13-Apr-15,308.60,309.76,306.00,307.30,1408069
10-Apr-15,309.00,310.20,307.80,309.30,1979255
9-Apr-15,308.80,310.00,306.60,308.48,1944344
8-Apr-15,310.80,312.20,308.10,308.80,2179019
7-Apr-15,309.70,311.70,308.80,311.40,1713781
2-Apr-15,307.70,311.50,307.70,309.00,1954760
1-Apr-15,303.60,306.60,303.00,305.42,1953080
31-Mar-15,303.60,306.90,303.10,304.20,2462510
30-Mar-15,303.40,306.90,303.36,304.61,1790888
27-Mar-15,304.20,306.30,303.40,304.47,1851815
26-Mar-15,305.80,307.70,302.10,304.50,3099847
25-Mar-15,308.60,311.00,306.90,307.30,2235393
24-Mar-15,316.30,317.50,307.80,310.90,3321519
23-Mar-15,317.30,318.70,316.00,318.50,1121753
20-Mar-15,321.70,322.60,318.08,318.80,2537325
19-Mar-15,323.40,326.00,320.00,322.50,2081766
18-Mar-15,322.50,326.80,321.50,323.17,1368818
17-Mar-15,323.40,326.60,320.00,322.60,1382517
16-Mar-15,318.40,324.70,318.40,323.90,1093444
13-Mar-15,320.70,321.68,319.60,320.40,1223900
12-Mar-15,317.10,321.40,317.00,320.30,1688258
11-Mar-15,314.50,318.20,314.50,317.31,1735078
10-Mar-15,315.40,320.50,314.80,315.10,2453933
9-Mar-15,320.40,320.40,313.90,317.70,2207913
6-Mar-15,321.70,322.60,317.50,320.22,2916293
5-Mar-15,332.00,333.00,321.70,321.82,3112208
4-Mar-15,339.60,339.60,331.00,332.24,1928051
3-Mar-15,338.00,340.90,337.20,337.20,1068302
2-Mar-15,342.70,343.00,337.40,338.50,1761623
27-Feb-15,342.80,343.80,340.50,341.30,1318618
26-Feb-15,340.60,341.90,339.80,341.00,1948231
25-Feb-15,342.10,344.30,340.51,341.12,1664939
24-Feb-15,344.20,345.30,340.60,342.00,1397047
23-Feb-15,343.00,349.10,342.70,345.10,1615162
20-Feb-15,341.70,342.30,339.00,341.30,1099077
19-Feb-15,336.00,342.40,335.80,341.00,941548
18-Feb-15,333.60,337.90,332.44,337.00,1003170
17-Feb-15,327.90,332.40,327.10,331.80,1092322
16-Feb-15,333.40,335.30,328.20,330.80,857651
13-Feb-15,336.00,337.60,332.40,334.50,1196971
12-Feb-15,331.50,336.70,330.70,336.00,1778951
11-Feb-15,332.00,337.00,326.20,330.90,2334875
10-Feb-15,334.10,337.20,332.70,337.20,1051111
9-Feb-15,335.70,335.70,330.30,332.70,1177206
6-Feb-15,337.30,338.00,334.20,336.00,1455923
5-Feb-15,333.90,339.40,332.70,336.50,1000810
4-Feb-15,335.40,335.40,329.40,334.40,1259149
3-Feb-15,321.10,336.00,321.10,334.00,2890449
2-Feb-15,326.00,328.20,319.40,320.10,2563643
30-Jan-15,344.00,344.00,326.60,326.70,3681899
29-Jan-15,343.80,344.80,340.20,343.30,1380086
28-Jan-15,344.90,345.10,340.80,344.39,937701
27-Jan-15,342.10,343.20,340.70,342.12,1527247
26-Jan-15,338.40,343.50,337.40,343.10,1302871
23-Jan-15,338.00,341.30,336.00,341.20,1059835
22-Jan-15,330.10,335.30,327.60,335.20,1352449
21-Jan-15,330.00,330.00,326.30,328.60,1533189
20-Jan-15,326.70,329.00,324.40,328.50,1125696
19-Jan-15,324.70,327.00,323.30,325.10,801560
16-Jan-15,320.70,323.40,317.40,322.70,1350467
15-Jan-15,318.60,320.90,315.20,320.90,2409597
14-Jan-15,313.20,315.80,310.60,315.80,3034036
13-Jan-15,328.10,328.10,313.50,317.50,4227295
12-Jan-15,327.40,334.40,325.85,331.00,2030759
9-Jan-15,331.50,334.90,329.40,334.00,1523561
8-Jan-15,326.00,332.40,325.50,330.90,1346558
7-Jan-15,323.60,325.40,320.50,323.90,1041724
6-Jan-15,323.60,324.00,318.90,321.90,1362336
5-Jan-15,320.00,325.20,320.00,321.30,1090371
31-Dec-14,322.90,326.20,322.90,323.90,420027
30-Dec-14,323.60,327.00,322.50,325.20,867630
29-Dec-14,320.00,328.10,320.00,326.40,507004
24-Dec-14,319.70,326.10,319.70,324.70,100109
23-Dec-14,325.00,327.30,324.40,327.30,630668
22-Dec-14,323.30,326.00,319.30,324.90,914867
19-Dec-14,325.90,326.30,319.30,320.80,4294851
18-Dec-14,320.00,323.10,313.70,322.60,2391376
17-Dec-14,318.90,319.24,314.20,315.47,1786070
16-Dec-14,309.10,320.20,305.00,316.88,2506241
15-Dec-14,307.60,311.50,307.50,309.00,2620583
12-Dec-14,306.60,310.60,304.90,306.40,4445254
11-Dec-14,309.20,311.90,308.40,310.00,2398284
10-Dec-14,308.50,313.20,307.00,310.00,1966797
9-Dec-14,301.60,306.60,301.60,306.20,2622410
8-Dec-14,302.70,305.70,302.20,305.00,1121794
5-Dec-14,301.30,304.60,300.30,303.90,1075064
4-Dec-14,301.60,302.80,299.40,299.80,974645
3-Dec-14,300.80,303.20,299.00,301.70,879073
2-Dec-14,298.90,302.00,296.30,301.50,1292205
1-Dec-14,299.50,301.20,296.30,296.80,998177
28-Nov-14,300.60,302.60,298.70,301.60,1273383
27-Nov-14,299.00,302.30,298.30,301.50,743815
26-Nov-14,296.60,300.50,295.64,298.10,1098439
25-Nov-14,290.90,296.70,290.70,296.70,1466342
24-Nov-14,294.50,295.20,290.00,291.30,2000491
21-Nov-14,291.20,297.20,290.11,294.70,1463094
20-Nov-14,291.80,292.20,287.10,290.10,1251358
19-Nov-14,292.10,292.10,289.20,291.50,1060943
18-Nov-14,291.60,293.10,289.50,290.10,1456764
17-Nov-14,289.20,292.20,289.10,292.00,1200797
14-Nov-14,293.10,293.10,289.80,291.30,1160661
13-Nov-14,290.60,293.50,288.80,292.00,858216
12-Nov-14,292.50,292.50,288.10,290.60,1209111
11-Nov-14,292.00,293.10,290.00,291.20,833581
10-Nov-14,289.10,290.20,287.20,290.20,1360275
7-Nov-14,294.70,294.70,288.60,290.20,1142229
6-Nov-14,289.50,293.70,287.57,293.60,1323183
5-Nov-14,286.10,290.20,285.10,289.50,1455701
4-Nov-14,286.10,287.80,285.00,286.00,1188730
3-Nov-14,289.00,291.70,285.30,287.00,1409395
31-Oct-14,290.80,291.50,288.20,290.25,2024657
30-Oct-14,284.50,287.30,283.90,287.30,1883900
29-Oct-14,278.50,284.80,278.50,284.00,1570100
28-Oct-14,276.60,278.81,276.00,277.40,831607
27-Oct-14,277.20,278.00,273.90,276.10,1261003
24-Oct-14,274.00,277.60,272.60,276.00,1112803
23-Oct-14,274.30,274.90,270.90,274.70,891960
22-Oct-14,275.70,278.20,273.70,274.30,1367173
21-Oct-14,268.90,275.40,267.50,275.00,1457072
20-Oct-14,270.60,271.80,267.20,269.30,1170558
17-Oct-14,266.00,273.23,265.00,271.00,1589675
16-Oct-14,266.10,269.20,258.30,265.01,2699458
15-Oct-14,267.50,270.50,261.40,263.70,1834562
14-Oct-14,263.60,267.50,261.00,266.11,1390408
13-Oct-14,266.50,267.80,263.70,265.70,1606487
10-Oct-14,264.80,271.60,261.27,268.50,2102625
9-Oct-14,272.40,274.60,266.48,267.00,1469295
8-Oct-14,274.20,274.20,270.00,271.40,1837765
7-Oct-14,281.40,281.40,273.80,274.70,1398214
6-Oct-14,282.80,283.70,280.40,281.40,1131062
3-Oct-14,279.30,281.20,278.30,281.00,1257965
2-Oct-14,282.10,283.69,277.10,278.23,2017143
1-Oct-14,290.20,290.70,282.50,283.45,1435116
30-Sep-14,290.90,292.80,289.19,291.10,1166343
29-Sep-14,292.60,293.80,287.40,289.60,1241209
26-Sep-14,287.50,293.10,283.60,291.80,1582343
25-Sep-14,288.80,289.00,285.70,288.00,1479624
24-Sep-14,288.10,288.10,285.40,286.31,1015680
23-Sep-14,291.60,291.60,286.00,286.90,1279682
22-Sep-14,292.20,294.40,289.60,290.90,1501545
19-Sep-14,294.00,300.40,293.86,294.26,4530650
18-Sep-14,289.80,292.90,288.80,292.00,1589122
17-Sep-14,293.00,297.00,289.80,289.80,1514724
16-Sep-14,292.10,292.38,289.30,291.01,938169
15-Sep-14,290.30,294.10,288.10,291.70,1211816
12-Sep-14,290.30,293.40,289.00,292.10,1169483
11-Sep-14,295.30,298.70,287.40,289.30,1419609
10-Sep-14,298.00,298.00,292.50,294.70,843523
9-Sep-14,296.70,298.60,293.30,296.90,971023
8-Sep-14,300.80,300.90,295.20,297.00,1171127
5-Sep-14,301.90,304.30,301.60,301.80,1516772
4-Sep-14,299.10,303.50,297.70,301.90,1369801
3-Sep-14,301.30,302.40,299.80,299.90,977645
2-Sep-14,304.10,304.10,299.50,301.00,1085576
1-Sep-14,299.00,306.20,299.00,302.20,1565461
29-Aug-14,298.30,298.50,293.20,297.10,1953225
28-Aug-14,299.10,300.39,295.10,297.40,1159522
27-Aug-14,300.50,301.70,298.80,300.30,832221
26-Aug-14,300.60,301.80,297.40,301.00,740479
22-Aug-14,301.50,302.10,297.30,299.30,971811
21-Aug-14,297.90,300.90,296.20,300.80,732151
20-Aug-14,301.00,301.55,295.00,296.80,1289588
19-Aug-14,297.70,304.00,297.00,300.10,1065192
18-Aug-14,297.40,297.50,294.99,295.80,673933
15-Aug-14,294.40,296.40,292.90,294.50,784630
14-Aug-14,292.70,296.60,291.40,292.40,1291139
13-Aug-14,294.30,294.30,288.60,293.50,1223079
12-Aug-14,295.70,297.10,292.20,292.90,1054355
11-Aug-14,292.10,296.70,291.76,296.10,1175936
8-Aug-14,292.70,293.60,287.20,289.50,2488366
7-Aug-14,288.50,301.20,288.50,293.15,2817625
6-Aug-14,286.30,288.50,283.60,287.00,2612059
5-Aug-14,290.90,294.00,283.50,287.40,2661238
4-Aug-14,292.80,292.90,289.00,290.50,1225194
1-Aug-14,292.80,293.30,286.90,291.10,1403676
31-Jul-14,295.00,296.35,289.10,292.50,2586367
30-Jul-14,295.70,299.40,294.60,295.00,1962768
29-Jul-14,301.70,301.70,294.50,294.70,1710174
28-Jul-14,300.20,302.10,298.80,299.80,843469
25-Jul-14,299.90,302.20,298.20,300.20,1081985
24-Jul-14,303.90,305.90,300.70,301.20,1137427
23-Jul-14,302.70,305.00,301.00,303.50,1982099
22-Jul-14,300.40,304.10,299.60,302.80,1128528
21-Jul-14,300.00,300.00,297.20,298.70,939311
18-Jul-14,300.60,301.30,297.70,299.40,1095394
17-Jul-14,304.80,305.10,300.90,301.60,1072825
16-Jul-14,301.30,307.00,301.30,305.53,1949667
15-Jul-14,302.50,305.00,298.10,298.40,1625321
14-Jul-14,304.20,307.30,302.60,302.60,1128163
11-Jul-14,307.00,311.20,302.40,304.00,1442520
10-Jul-14,304.70,308.90,301.90,306.58,1566830
9-Jul-14,304.50,305.30,299.86,304.20,1403886
8-Jul-14,315.10,316.70,304.20,304.80,2117066
7-Jul-14,315.50,317.10,313.80,315.20,958989
4-Jul-14,317.20,319.60,315.40,316.60,649455
3-Jul-14,319.40,319.80,316.20,317.30,1044184
2-Jul-14,318.10,320.30,315.40,318.70,1575720
1-Jul-14,313.50,318.60,311.50,317.80,1201346
30-Jun-14,313.80,315.90,311.60,312.30,1364702
27-Jun-14,311.80,313.90,310.61,313.20,868447
26-Jun-14,308.60,310.80,305.10,310.80,1777349
25-Jun-14,310.60,310.60,307.20,307.40,1922703
24-Jun-14,320.00,320.00,310.20,311.20,1607865
23-Jun-14,326.80,326.80,314.90,316.40,1111883
20-Jun-14,322.30,327.30,322.30,324.90,2348856
19-Jun-14,322.70,322.70,319.40,321.40,2189812
18-Jun-14,320.30,321.00,317.60,319.60,1317198
17-Jun-14,318.80,321.20,317.00,319.60,1986677
16-Jun-14,326.10,327.40,317.80,326.98,2336587
13-Jun-14,326.40,328.40,320.50,326.90,1770486
12-Jun-14,325.30,326.70,323.30,326.70,1358907
11-Jun-14,327.90,329.20,322.50,323.90,1977712
10-Jun-14,325.70,327.90,322.40,327.80,812973
9-Jun-14,327.20,327.60,324.10,326.10,682463
6-Jun-14,322.70,325.81,321.60,325.80,1246748
5-Jun-14,322.40,323.50,319.20,321.18,1230369
4-Jun-14,318.60,321.90,317.20,321.58,933932
3-Jun-14,322.80,323.50,317.80,319.28,876614
2-Jun-14,321.00,324.50,319.50,321.88,1338094
30-May-14,318.10,319.80,315.10,318.88,5073411
29-May-14,314.00,318.90,314.00,318.10,1121325
28-May-14,309.90,314.70,308.90,314.00,1738009
27-May-14,310.90,312.00,306.90,309.50,2148970
23-May-14,310.00,311.20,307.90,308.50,1397525
22-May-14,300.60,309.50,300.60,308.70,2062650
21-May-14,297.70,303.10,295.80,301.20,2399979
20-May-14,299.00,324.70,294.90,298.00,7303929
19-May-14,311.10,313.80,310.10,312.20,1558547
16-May-14,312.00,312.00,306.80,311.00,1700563
15-May-14,312.90,314.30,307.70,311.30,1182275
14-May-14,311.40,312.90,310.80,312.40,916086
13-May-14,309.60,310.90,306.70,310.20,944152
12-May-14,301.40,307.00,301.40,304.92,935277
9-May-14,305.30,305.30,301.50,301.80,948626
8-May-14,303.20,305.00,302.30,304.90,890889
7-May-14,303.60,305.20,301.00,303.60,1545964
6-May-14,307.20,309.00,303.10,304.70,1511135
2-May-14,308.70,308.90,304.60,306.30,1417142
1-May-14,310.60,313.60,305.60,307.50,675083
30-Apr-14,302.30,308.80,300.90,308.70,2269180
29-Apr-14,304.90,313.01,304.90,309.50,2313553
28-Apr-14,309.50,309.50,304.50,305.40,1518374
25-Apr-14,308.10,310.30,306.00,308.60,2295636
24-Apr-14,301.40,308.80,300.70,307.80,2108602
23-Apr-14,294.70,301.40,294.70,298.83,1572101
22-Apr-14,296.00,297.70,293.00,296.70,619340
17-Apr-14,291.00,294.30,290.20,293.70,554311
16-Apr-14,284.60,290.34,284.60,290.20,1123262
15-Apr-14,286.00,288.30,283.60,284.00,697652
14-Apr-14,288.20,289.30,282.80,286.70,997043
11-Apr-14,293.20,293.20,286.40,290.30,1009375
10-Apr-14,297.60,298.60,294.10,295.50,902605
9-Apr-14,292.60,298.70,292.60,297.11,1334990
8-Apr-14,298.80,299.00,289.70,292.40,1756980
7-Apr-14,300.20,303.00,298.20,298.70,1260808
4-Apr-14,303.00,303.30,300.20,301.51,1250269
3-Apr-14,299.10,303.00,298.70,301.90,1736292
2-Apr-14,306.30,306.80,298.00,299.40,1309339
1-Apr-14,299.30,306.60,297.90,305.80,1587191
31-Mar-14,301.80,304.10,297.10,299.00,2907237
28-Mar-14,302.20,304.30,298.70,301.40,1248504
27-Mar-14,306.30,307.00,300.80,301.50,1671679
26-Mar-14,307.10,310.70,305.20,306.30,1372335
25-Mar-14,299.60,304.10,299.60,304.00,1861832
24-Mar-14,303.90,305.00,299.10,299.70,1225634
21-Mar-14,308.40,308.80,303.80,304.40,3384738
20-Mar-14,298.90,308.40,298.90,307.80,1716048
19-Mar-14,299.20,302.00,297.60,300.00,1280734
18-Mar-14,297.00,298.90,293.60,298.20,1075137
17-Mar-14,293.30,297.50,292.90,297.10,977318
14-Mar-14,292.40,294.00,289.30,292.90,1587845
13-Mar-14,299.40,299.40,294.00,294.70,2292813
12-Mar-14,303.30,303.30,296.50,297.90,1601644
11-Mar-14,305.30,306.70,303.80,304.20,1354935
10-Mar-14,306.40,308.40,302.80,305.00,2370717
7-Mar-14,308.30,308.30,302.00,305.00,1993102
6-Mar-14,305.70,309.80,303.40,306.38,2475472
5-Mar-14,302.90,303.50,299.40,300.20,2239614
4-Mar-14,296.70,302.90,296.30,302.60,2020267
3-Mar-14,295.40,297.30,291.50,294.30,2318803
28-Feb-14,297.70,299.30,295.10,298.30,2603116
27-Feb-14,293.20,299.00,292.30,297.00,2916144
26-Feb-14,293.30,295.10,290.50,292.70,2598088
25-Feb-14,293.00,293.90,288.00,292.60,4044748
24-Feb-14,287.90,295.50,286.20,294.88,2820128
21-Feb-14,287.30,289.40,286.60,288.20,1774841
20-Feb-14,290.50,291.50,283.60,287.10,2722643
19-Feb-14,296.20,298.90,294.30,295.00,1622921
18-Feb-14,297.10,298.10,293.30,297.00,2412138
17-Feb-14,297.30,298.90,296.40,298.30,1320641
14-Feb-14,299.50,300.80,297.20,298.40,1653276
13-Feb-14,303.40,303.40,297.80,299.50,2876186
12-Feb-14,303.70,305.10,300.40,304.60,2625632
11-Feb-14,302.80,305.30,302.20,304.00,2378824
10-Feb-14,300.10,303.20,298.40,301.10,1259676
7-Feb-14,298.30,300.80,296.70,300.20,1685606
6-Feb-14,297.20,298.80,295.40,297.50,1315049
5-Feb-14,295.30,297.00,293.70,294.40,2264704
4-Feb-14,294.30,296.10,290.50,294.50,1633873
3-Feb-14,294.20,299.10,292.90,294.20,1837896
31-Jan-14,292.60,293.70,287.70,293.70,1954173
30-Jan-14,291.50,292.50,287.20,291.90,1523835
29-Jan-14,291.20,295.90,288.30,291.70,2639025
28-Jan-14,284.70,289.10,284.70,288.90,1572123
27-Jan-14,281.60,285.90,279.30,284.20,1494268
24-Jan-14,279.50,282.20,278.50,281.50,1864002
23-Jan-14,285.40,286.90,278.70,280.10,1732199
22-Jan-14,288.10,289.40,283.20,285.00,1527824
21-Jan-14,292.90,296.30,286.20,288.70,1594749
20-Jan-14,293.00,295.70,293.00,293.70,690500
17-Jan-14,291.60,295.30,291.60,294.90,1147683
16-Jan-14,293.60,295.20,290.40,292.60,1230787
15-Jan-14,295.30,296.30,291.90,294.50,1164348
14-Jan-14,290.50,295.70,290.00,294.50,1946495
13-Jan-14,289.00,290.00,287.10,288.90,1600174
10-Jan-14,281.30,295.00,281.20,293.50,2717557
9-Jan-14,278.30,280.50,276.30,280.00,1572616
8-Jan-14,277.10,279.20,276.70,278.00,1257412
7-Jan-14,274.20,280.30,273.80,278.06,1785860
6-Jan-14,275.10,275.90,271.20,271.70,899363
3-Jan-14,272.70,276.50,272.00,274.50,656319
2-Jan-14,275.70,276.00,272.90,273.50,703071
31-Dec-13,276.30,276.30,271.90,274.50,271854
30-Dec-13,272.30,277.40,272.30,273.50,879005
27-Dec-13,274.80,278.00,272.80,274.20,656621
24-Dec-13,274.70,278.00,273.20,276.90,139674
23-Dec-13,270.40,273.70,268.90,273.60,957332
20-Dec-13,267.30,270.20,265.60,269.90,3489926
19-Dec-13,268.60,271.90,266.50,267.90,1500269
18-Dec-13,266.10,266.60,264.10,266.00,1052412
17-Dec-13,266.80,267.70,263.90,264.60,1437201
16-Dec-13,267.00,267.00,264.40,266.70,1084617
13-Dec-13,260.00,266.30,260.00,265.90,1271982
12-Dec-13,266.30,266.30,258.80,260.00,2048065
11-Dec-13,260.00,267.50,260.00,265.50,2813075
10-Dec-13,261.70,263.60,258.50,260.37,1454226
9-Dec-13,263.20,264.90,261.00,261.80,1245059
6-Dec-13,259.30,262.50,258.50,262.50,1888154
5-Dec-13,255.30,258.00,254.50,258.00,2072089
4-Dec-13,261.20,261.20,254.00,254.90,2338753
3-Dec-13,261.80,262.00,259.00,259.90,2274396
2-Dec-13,265.10,265.10,260.00,261.60,1076501
29-Nov-13,265.50,266.00,264.30,264.30,889138
28-Nov-13,266.80,266.80,264.60,265.00,789131
27-Nov-13,264.50,266.80,264.50,265.20,1435988
26-Nov-13,264.80,266.00,263.80,265.00,2250115
25-Nov-13,265.60,266.70,263.50,264.40,1118289
22-Nov-13,261.30,266.20,260.30,263.90,1318037
21-Nov-13,263.60,265.70,261.40,261.90,1019729
20-Nov-13,263.20,267.30,263.20,264.15,1420014
19-Nov-13,269.40,271.10,267.00,269.14,1821110
18-Nov-13,269.60,271.10,267.20,270.18,1970241
15-Nov-13,272.30,275.60,270.00,270.40,1894248
14-Nov-13,269.90,273.60,264.90,270.60,2050298
13-Nov-13,266.20,269.80,265.10,268.40,2273086
12-Nov-13,268.60,269.60,264.90,267.10,2496405
11-Nov-13,274.00,276.50,261.20,270.10,3901989
8-Nov-13,278.90,284.40,277.20,284.40,1163587
7-Nov-13,284.10,284.20,279.00,279.40,1310220
6-Nov-13,284.00,285.30,279.90,283.60,1176379
5-Nov-13,286.50,287.10,282.60,284.00,786975
4-Nov-13,284.60,287.90,284.00,286.60,913654
1-Nov-13,286.40,291.00,281.80,283.80,928987
31-Oct-13,282.70,290.00,282.70,288.20,1743260
30-Oct-13,282.30,283.90,281.30,283.70,673482
29-Oct-13,282.10,284.30,280.60,281.03,665174
28-Oct-13,282.70,283.60,281.50,282.40,456168
25-Oct-13,283.80,284.40,280.20,282.90,688104
24-Oct-13,282.00,285.90,280.90,285.10,810614
23-Oct-13,281.40,283.90,-,282.00,799533
22-Oct-13,284.00,285.30,280.70,281.70,833377
21-Oct-13,281.50,285.10,281.00,283.60,674660
18-Oct-13,280.20,280.40,277.40,280.30,753178
17-Oct-13,276.00,279.20,275.20,278.80,1052306
16-Oct-13,278.80,280.00,274.20,276.00,2186953
15-Oct-13,287.80,287.80,279.80,280.00,1267151
14-Oct-13,278.90,287.10,277.00,286.00,1058131
11-Oct-13,282.30,282.30,272.00,280.30,1388208
10-Oct-13,273.40,286.30,273.40,283.70,1150472
9-Oct-13,275.80,277.00,272.40,273.00,1070583
8-Oct-13,282.60,283.90,277.80,277.80,1257084
7-Oct-13,283.50,284.10,280.10,282.70,720728
4-Oct-13,286.00,288.30,283.70,284.70,1368134
3-Oct-13,288.70,290.00,286.00,286.70,947199
2-Oct-13,289.90,291.50,287.60,288.60,837378
1-Oct-13,288.10,290.80,287.00,290.20,911942
30-Sep-13,289.80,290.70,285.20,286.75,1254337
27-Sep-13,291.10,295.60,290.90,293.61,891772
26-Sep-13,292.50,292.80,288.40,290.10,1089685
25-Sep-13,293.00,293.50,287.50,292.80,840056
24-Sep-13,286.00,294.70,286.00,293.40,1759778
20-Sep-13,284.00,287.90,284.00,286.80,2141868
19-Sep-13,289.80,290.30,285.30,286.10,2129194
18-Sep-13,287.70,288.50,284.40,287.70,1322445
17-Sep-13,294.40,294.40,286.50,286.90,1922082
16-Sep-13,302.50,302.50,291.90,294.10,1472916
13-Sep-13,299.60,305.70,299.50,301.30,938660
12-Sep-13,299.80,301.10,296.60,300.40,583927
11-Sep-13,299.80,301.70,298.50,300.80,710926
10-Sep-13,298.10,302.80,298.10,299.60,920033
9-Sep-13,297.70,298.60,295.60,297.20,655595
6-Sep-13,296.50,301.60,293.60,297.30,1294687
5-Sep-13,290.20,297.60,290.20,296.10,1163246
4-Sep-13,291.90,294.80,290.00,292.00,1576334
3-Sep-13,284.90,292.50,284.90,291.30,1955424
2-Sep-13,285.00,288.30,283.80,284.00,1913690
30-Aug-13,285.30,288.10,281.60,284.70,1958070
29-Aug-13,287.70,287.90,282.20,285.60,1973340
28-Aug-13,288.90,288.90,284.60,287.10,1423877
27-Aug-13,291.10,291.20,286.20,288.80,937620
23-Aug-13,290.20,292.20,288.50,290.12,650998
22-Aug-13,288.60,294.30,288.60,292.06,1142411
21-Aug-13,289.20,290.90,288.00,289.60,850176
20-Aug-13,287.00,289.70,284.70,287.23,1048753
19-Aug-13,287.20,289.60,286.50,287.62,1312318
16-Aug-13,287.90,289.90,284.90,286.80,1282792
15-Aug-13,291.90,292.80,286.30,287.60,1560362
14-Aug-13,293.40,298.10,291.00,291.80,1370808
13-Aug-13,294.30,301.90,292.60,293.70,1411431
12-Aug-13,295.00,300.90,294.10,296.20,1505836
9-Aug-13,301.20,301.20,294.20,294.80,1931178
8-Aug-13,301.80,305.40,289.00,295.60,2371739
7-Aug-13,304.80,304.80,299.00,299.50,1637523
6-Aug-13,306.70,309.80,301.70,303.30,1727845
5-Aug-13,305.00,312.60,305.00,307.70,1659822
2-Aug-13,292.10,306.50,291.80,306.00,3153814
1-Aug-13,289.70,292.10,288.30,291.90,1106726
31-Jul-13,285.90,289.20,285.50,287.60,1154547
30-Jul-13,285.00,287.30,283.80,287.00,1411859
29-Jul-13,282.00,285.00,281.90,285.00,1365572
26-Jul-13,280.10,284.70,280.00,282.70,1197004
25-Jul-13,279.00,280.50,275.40,279.70,1202870
24-Jul-13,278.60,280.30,276.30,278.89,1123711
23-Jul-13,279.10,280.30,277.50,278.00,986570
22-Jul-13,280.70,280.70,276.50,278.67,1294855
19-Jul-13,279.40,281.20,274.00,280.70,1558618
18-Jul-13,281.60,282.40,279.10,280.33,1891815
17-Jul-13,283.60,286.00,279.20,280.43,2215616
16-Jul-13,286.90,287.39,283.50,284.20,1005797
15-Jul-13,287.30,290.20,284.60,286.20,1439256
12-Jul-13,288.80,292.10,286.20,286.90,988159
11-Jul-13,289.90,290.70,285.00,288.30,1473907
10-Jul-13,279.80,286.70,277.50,286.70,1478058
9-Jul-13,284.80,285.90,279.10,281.60,1848477
8-Jul-13,284.90,287.00,282.10,284.00,1571755
5-Jul-13,278.30,284.80,278.30,283.40,1890637
4-Jul-13,270.60,278.90,270.50,278.90,910589
3-Jul-13,264.70,269.20,262.70,268.30,1127084
2-Jul-13,270.20,272.50,264.10,265.90,1539741
1-Jul-13,263.50,271.10,263.46,269.90,1039839
28-Jun-13,267.80,269.10,262.10,262.10,2379912
27-Jun-13,262.30,268.60,260.00,266.60,1086696
26-Jun-13,262.00,263.70,259.90,261.30,994340
25-Jun-13,260.10,263.30,258.80,261.12,1284200
24-Jun-13,259.80,261.20,257.10,258.00,1488166
21-Jun-13,263.30,272.10,260.00,260.00,2948171
20-Jun-13,266.30,268.10,262.00,263.00,1877197
19-Jun-13,268.30,270.40,264.30,269.90,1380214
18-Jun-13,263.40,269.00,263.40,267.50,1045466
17-Jun-13,264.40,267.40,263.60,263.90,807069
14-Jun-13,265.30,267.40,262.90,264.20,1116272
13-Jun-13,262.20,264.91,260.00,264.50,1470680
12-Jun-13,260.00,268.60,259.70,264.80,1157341
11-Jun-13,261.90,262.70,259.40,260.40,1668250
10-Jun-13,261.10,264.30,260.50,262.50,1272244
7-Jun-13,270.40,270.40,260.10,262.00,2861269
6-Jun-13,270.40,271.60,268.19,269.50,1616458
5-Jun-13,271.40,273.70,270.00,270.70,1575805
4-Jun-13,280.90,282.60,269.50,272.90,3434230
3-Jun-13,284.20,290.50,281.90,286.10,1338088
31-May-13,292.00,292.10,283.80,285.88,3453990
30-May-13,283.10,296.20,282.60,293.40,2802587
29-May-13,286.90,288.10,282.30,284.20,1095043
28-May-13,284.00,289.30,284.00,287.70,1361968
24-May-13,282.50,284.30,280.00,280.64,1412866
23-May-13,281.70,284.60,278.00,282.00,1780114
22-May-13,284.90,287.75,281.90,287.20,1445009
21-May-13,281.00,285.30,279.76,285.20,2366398
20-May-13,281.30,284.70,280.10,280.70,1715686
17-May-13,281.10,283.00,279.00,281.20,1346308
16-May-13,279.60,284.90,277.10,282.10,1265288
15-May-13,277.00,281.10,276.30,280.10,1299809
14-May-13,275.80,278.86,273.30,277.10,1721400
13-May-13,273.70,277.20,272.70,275.00,1727307
10-May-13,270.50,274.20,269.20,273.70,1686378
9-May-13,262.30,271.80,261.40,270.50,2489703
8-May-13,258.40,265.50,257.90,264.30,3121078
7-May-13,254.60,260.50,252.89,256.90,3420132
3-May-13,249.60,262.30,249.30,254.70,3529084
2-May-13,248.10,252.50,247.20,249.40,2391803
1-May-13,244.00,250.00,244.00,249.00,1537400
30-Apr-13,247.40,250.70,247.10,250.50,3471940
29-Apr-13,249.90,250.20,244.30,248.30,1961506
26-Apr-13,247.50,250.80,245.70,250.80,1756145
25-Apr-13,240.00,248.80,240.00,247.90,1536499
24-Apr-13,242.90,246.10,241.60,242.50,1949403
23-Apr-13,237.90,243.10,237.90,243.10,857500
22-Apr-13,240.40,242.60,237.80,237.90,1230653
19-Apr-13,239.00,240.50,236.50,239.70,1702964
18-Apr-13,235.50,239.40,235.50,236.90,1314114
17-Apr-13,237.40,238.90,231.80,235.30,1811500
16-Apr-13,238.80,239.50,234.30,234.70,1297929
15-Apr-13,240.00,240.50,235.80,239.90,1284988
12-Apr-13,238.00,243.10,238.00,240.10,1151830
11-Apr-13,239.10,242.50,239.10,241.10,1597645
10-Apr-13,236.00,241.50,235.20,239.10,1803826
9-Apr-13,236.00,237.00,234.54,236.30,1135568
8-Apr-13,238.60,239.60,235.40,236.30,1295165
5-Apr-13,243.50,244.60,235.40,237.00,1696653
4-Apr-13,245.10,245.80,240.60,242.60,1983681
3-Apr-13,245.60,247.70,242.50,243.20,1991672
2-Apr-13,244.00,248.10,243.00,247.20,1947778
28-Mar-13,239.20,243.80,239.20,243.00,1269397
27-Mar-13,243.40,243.40,238.10,239.80,1309401
26-Mar-13,244.70,246.30,241.50,242.40,1317412
25-Mar-13,245.10,248.00,240.50,244.29,1246571
22-Mar-13,244.00,248.40,244.00,245.10,1592658
21-Mar-13,247.20,247.40,243.50,245.10,1911802
20-Mar-13,248.90,249.34,246.70,248.10,2345452
19-Mar-13,240.30,248.20,239.10,247.30,3176144
18-Mar-13,233.70,240.60,233.70,240.30,1402992
15-Mar-13,239.40,239.80,235.10,237.30,3582991
14-Mar-13,236.60,239.90,235.70,239.40,2360381
13-Mar-13,237.70,238.20,234.80,235.60,1962020
12-Mar-13,238.70,241.00,237.40,238.30,1962828
11-Mar-13,235.00,239.80,234.50,238.80,1478212
8-Mar-13,233.50,237.80,233.50,235.10,1621253
7-Mar-13,228.90,239.70,228.90,234.70,3832929
6-Mar-13,234.50,234.50,229.20,229.20,2882026
5-Mar-13,232.70,234.50,232.10,233.60,3521634
4-Mar-13,231.50,234.30,231.20,231.90,1787166
1-Mar-13,230.70,233.80,230.30,232.00,2041507
28-Feb-13,232.30,233.10,229.50,231.47,3979738
27-Feb-13,230.00,232.70,225.50,232.10,2914366
26-Feb-13,229.90,233.40,229.10,229.70,1859436
25-Feb-13,231.80,234.80,230.34,233.40,2446966
22-Feb-13,228.40,231.70,227.80,231.40,1559349
21-Feb-13,228.70,228.70,224.20,227.50,1389747
20-Feb-13,226.10,231.60,224.70,229.90,1483438
19-Feb-13,220.20,228.20,218.83,225.90,2190407
18-Feb-13,220.40,221.49,217.80,219.80,886943
15-Feb-13,219.00,222.60,218.20,220.30,2275330
14-Feb-13,218.50,220.70,218.00,219.60,1137350
13-Feb-13,215.70,220.20,213.03,218.70,1544815
12-Feb-13,216.20,216.60,214.40,215.30,945854
11-Feb-13,214.20,217.00,213.00,216.80,965200
8-Feb-13,217.00,217.20,212.60,214.60,1592020
7-Feb-13,215.70,217.90,215.60,216.30,1172809
6-Feb-13,212.40,217.00,212.40,215.40,2069738
5-Feb-13,211.00,214.00,211.00,213.40,1316458
4-Feb-13,213.30,214.20,211.70,211.70,963015
1-Feb-13,211.60,215.00,211.00,214.00,1653557
31-Jan-13,211.50,213.60,210.10,211.70,2555193
30-Jan-13,212.20,212.20,209.00,211.20,1651964
29-Jan-13,214.10,214.10,210.60,212.30,1584355
28-Jan-13,215.60,215.60,213.08,213.80,2332652
25-Jan-13,219.30,219.30,216.00,216.50,2386202
24-Jan-13,218.90,220.10,216.70,219.20,2079572
23-Jan-13,221.70,222.90,217.10,219.60,1725567
22-Jan-13,221.30,223.20,219.90,222.60,1097067
21-Jan-13,224.00,224.32,217.80,221.10,1304055
18-Jan-13,222.90,224.30,221.90,222.90,914073
17-Jan-13,217.30,222.72,217.30,222.70,2111577
16-Jan-13,216.40,217.60,215.30,217.60,1445579
15-Jan-13,220.60,220.80,216.30,216.70,2215919
14-Jan-13,224.50,225.20,220.30,221.58,2413762
11-Jan-13,224.50,227.10,222.90,224.10,1346999
10-Jan-13,228.00,229.10,224.60,224.60,1056097
9-Jan-13,225.80,227.40,224.60,227.40,981019
8-Jan-13,226.40,226.40,224.40,225.00,940916
7-Jan-13,224.70,227.50,224.10,226.86,1110944
4-Jan-13,222.70,226.80,222.70,225.80,1018194
3-Jan-13,221.80,224.60,220.00,222.60,1121155
2-Jan-13,225.80,226.30,222.70,222.90,1306567
