31-Dec-15,102.00,103.25,100.83,103.00,282416
30-Dec-15,99.00,102.75,99.00,102.75,70794
29-Dec-15,100.00,100.25,99.00,99.50,696548
24-Dec-15,100.25,102.00,100.25,102.00,1748
23-Dec-15,98.00,102.12,98.00,100.50,89684
22-Dec-15,103.00,103.00,98.75,98.75,345691
21-Dec-15,104.00,104.00,98.00,99.52,61382
18-Dec-15,99.50,99.50,99.00,99.00,36760
16-Dec-15,97.00,100.00,94.00,99.00,256080
15-Dec-15,95.00,97.00,94.00,94.00,38155
14-Dec-15,96.00,97.75,94.75,95.00,25943
11-Dec-15,96.75,97.80,95.00,95.75,50883
10-Dec-15,96.50,99.44,94.50,97.25,112543
9-Dec-15,99.50,99.50,96.50,96.50,343659
8-Dec-15,99.00,99.00,96.50,98.75,85478
7-Dec-15,99.00,100.00,97.25,98.25,58011
4-Dec-15,98.00,101.50,97.50,98.75,29722
3-Dec-15,99.00,101.00,97.50,99.00,29079
2-Dec-15,98.00,101.75,98.00,98.25,91526
1-Dec-15,96.00,101.75,96.00,99.00,97090
30-Nov-15,95.50,99.50,95.50,99.50,14349
27-Nov-15,96.50,97.75,96.50,97.75,19919
26-Nov-15,97.50,97.50,96.50,97.50,15073
25-Nov-15,96.50,98.94,96.50,97.25,20322
24-Nov-15,102.00,102.00,95.72,97.50,179465
23-Nov-15,100.50,100.50,98.25,98.25,22366
20-Nov-15,102.00,102.00,97.00,98.00,326043
19-Nov-15,99.00,99.50,98.00,99.25,145239
18-Nov-15,104.00,104.00,98.00,99.00,248958
17-Nov-15,100.25,101.34,99.50,100.00,365633
16-Nov-15,108.00,108.00,99.00,99.00,206108
13-Nov-15,108.00,108.00,104.00,104.00,35254
12-Nov-15,108.50,108.50,106.75,106.75,63420
11-Nov-15,105.50,107.00,102.73,106.75,54984
10-Nov-15,105.50,105.50,102.25,105.00,201764
9-Nov-15,109.75,109.75,103.56,104.25,101531
6-Nov-15,105.75,112.00,105.75,108.00,937847
5-Nov-15,98.00,101.50,96.30,99.50,69635
4-Nov-15,97.75,99.00,97.75,97.75,46218
3-Nov-15,98.50,99.25,97.75,97.75,137315
2-Nov-15,98.00,99.38,98.00,99.00,56832
30-Oct-15,98.00,100.75,98.00,98.50,116438
29-Oct-15,95.50,99.00,95.50,99.00,121755
28-Oct-15,99.00,99.25,98.00,98.00,106066
27-Oct-15,98.75,98.75,97.50,98.00,126774
26-Oct-15,99.00,99.50,95.19,98.00,244926
23-Oct-15,99.25,100.62,99.25,100.00,234294
22-Oct-15,103.00,103.00,98.00,99.50,139832
21-Oct-15,102.00,104.00,101.50,101.50,229809
20-Oct-15,99.00,103.00,96.81,101.50,1175941
19-Oct-15,96.50,98.50,96.50,98.25,187763
16-Oct-15,96.75,98.75,95.50,97.50,287457
15-Oct-15,96.75,96.75,95.75,95.75,18064
14-Oct-15,96.00,96.00,94.75,96.00,20673
13-Oct-15,95.25,97.00,94.50,95.00,173787
12-Oct-15,96.75,98.06,95.00,95.00,292246
9-Oct-15,95.00,97.00,95.00,96.75,22570
8-Oct-15,95.00,96.50,95.00,96.00,173912
7-Oct-15,95.00,96.25,95.00,95.50,154660
6-Oct-15,91.50,95.50,91.50,95.50,1171708
5-Oct-15,92.00,96.50,92.00,94.00,435526
2-Oct-15,95.50,97.00,92.00,92.00,657878
1-Oct-15,96.00,101.00,95.00,95.50,1934868
30-Sep-15,93.00,97.00,92.50,96.50,6182792
29-Sep-15,78.25,81.15,78.25,81.00,86547
28-Sep-15,80.00,82.55,79.75,81.00,11879
25-Sep-15,80.00,82.00,80.00,81.00,21898
24-Sep-15,78.50,79.00,78.50,79.00,3678
23-Sep-15,78.75,81.50,78.75,81.50,1465
22-Sep-15,81.00,81.00,79.50,80.00,12213
21-Sep-15,81.00,81.24,78.50,79.00,39108
18-Sep-15,83.25,83.56,79.84,81.75,151861
17-Sep-15,79.00,83.75,78.10,83.75,56501
16-Sep-15,79.25,81.90,77.47,79.50,118012
15-Sep-15,77.00,79.55,77.00,77.25,30642
14-Sep-15,77.00,83.00,77.00,79.00,130441
11-Sep-15,78.00,81.50,77.00,79.00,69596
10-Sep-15,73.00,78.00,73.00,76.50,130961
9-Sep-15,74.50,75.00,73.50,74.50,30438
8-Sep-15,73.00,75.25,73.00,75.25,44461
7-Sep-15,73.00,74.84,73.00,73.50,18873
4-Sep-15,74.00,75.00,72.20,74.00,18754
3-Sep-15,74.00,74.75,72.00,72.00,44101
2-Sep-15,72.00,74.00,71.96,73.25,31633
1-Sep-15,70.00,73.00,70.00,73.00,110539
28-Aug-15,70.00,72.50,70.00,71.00,272471
27-Aug-15,71.00,71.50,70.12,71.50,42020
26-Aug-15,71.00,72.00,70.20,72.00,27810
25-Aug-15,70.00,72.00,70.00,70.50,116126
24-Aug-15,67.50,71.75,67.50,71.00,15892
21-Aug-15,68.00,72.00,68.00,72.00,72363
20-Aug-15,70.00,71.50,68.62,70.10,17860
19-Aug-15,72.00,72.00,68.91,70.25,6558
18-Aug-15,69.50,70.06,68.00,68.00,8968
17-Aug-15,68.50,71.75,68.09,69.25,18905
14-Aug-15,71.75,72.00,68.00,69.00,58378
13-Aug-15,71.50,72.00,68.59,71.75,32147
12-Aug-15,68.25,70.75,68.25,70.50,10378
11-Aug-15,68.75,72.00,68.50,71.00,5008
10-Aug-15,71.00,72.00,68.62,69.00,16376
7-Aug-15,72.75,72.75,70.00,71.00,62460
6-Aug-15,68.00,72.75,68.00,70.00,26530
5-Aug-15,71.50,71.50,68.95,70.00,165576
4-Aug-15,70.00,71.75,68.74,70.25,30811
3-Aug-15,69.65,71.00,-,68.00,368486
31-Jul-15,68.25,71.75,68.22,71.75,9517
30-Jul-15,72.25,72.25,68.76,69.75,282625
29-Jul-15,71.75,71.75,69.50,69.75,51616
28-Jul-15,71.00,71.25,69.00,70.25,362225
27-Jul-15,70.00,71.25,69.00,71.25,125658
24-Jul-15,73.00,73.00,68.73,70.00,315291
23-Jul-15,72.00,72.00,70.00,71.50,103433
22-Jul-15,72.75,72.75,69.50,71.25,185341
21-Jul-15,68.75,71.69,68.75,70.75,68111
20-Jul-15,71.50,72.01,69.56,71.50,81174
17-Jul-15,73.00,73.00,70.25,71.75,15302
16-Jul-15,72.75,72.75,70.25,70.25,8474
15-Jul-15,70.00,71.19,70.00,70.75,22721
14-Jul-15,71.00,71.50,70.25,71.00,15930
13-Jul-15,72.50,72.50,69.25,70.25,100368
10-Jul-15,72.00,72.00,69.20,70.50,29700
9-Jul-15,71.50,72.00,69.62,70.75,115051
8-Jul-15,68.00,70.75,68.00,70.25,209811
7-Jul-15,69.00,69.00,68.00,68.50,297474
6-Jul-15,69.00,70.75,68.50,68.50,29331
3-Jul-15,69.50,69.75,68.75,69.00,401840
2-Jul-15,70.25,70.25,68.25,69.25,227103
1-Jul-15,72.00,72.50,69.30,70.00,189229
30-Jun-15,-,-,69.00,71.00,11511
29-Jun-15,67.50,72.00,67.50,72.00,17069
26-Jun-15,73.00,73.00,71.00,71.50,45389
25-Jun-15,70.75,73.00,70.00,71.25,303284
24-Jun-15,70.00,70.75,69.25,70.75,57947
23-Jun-15,67.00,69.50,65.62,68.75,231018
22-Jun-15,65.50,67.50,63.25,65.90,444008
19-Jun-15,66.00,71.00,65.50,65.50,335083
18-Jun-15,71.00,74.00,67.00,68.00,124667
17-Jun-15,69.50,70.50,65.50,69.00,154661
16-Jun-15,70.00,71.00,68.00,69.00,59897
15-Jun-15,70.00,73.18,70.00,72.75,91290
12-Jun-15,70.00,73.00,70.00,72.00,236415
11-Jun-15,70.50,71.25,70.00,70.25,11989
10-Jun-15,73.00,73.00,70.75,72.00,10826
9-Jun-15,72.00,73.00,70.48,71.25,77307
8-Jun-15,70.00,72.62,69.50,71.50,66104
5-Jun-15,71.25,72.75,67.00,69.75,63134
4-Jun-15,70.50,73.00,70.25,70.75,38480
3-Jun-15,73.00,73.00,70.00,71.00,54490
2-Jun-15,75.25,75.25,70.25,72.50,13454
1-Jun-15,72.50,73.00,72.00,72.75,20733
29-May-15,73.00,75.00,72.00,73.00,408855
28-May-15,72.75,73.00,70.75,70.75,11799
27-May-15,72.50,74.25,70.50,72.50,301443
26-May-15,74.50,76.00,72.25,72.75,27402
22-May-15,74.00,76.75,73.00,74.00,1109130
21-May-15,74.00,77.00,73.25,73.75,32197
20-May-15,74.50,79.00,74.50,78.75,26592
19-May-15,76.00,77.75,73.00,77.00,41749
18-May-15,73.00,75.06,73.00,73.00,3033
15-May-15,72.00,75.00,69.75,74.00,44304
14-May-15,73.50,73.50,70.00,71.75,59865
13-May-15,71.00,75.00,70.75,73.00,118501
12-May-15,75.50,75.50,72.50,72.50,99716
11-May-15,76.00,76.00,74.15,75.50,32417
8-May-15,76.00,76.00,73.28,74.50,37592
7-May-15,74.00,75.50,73.00,74.50,66581
6-May-15,76.00,79.00,73.50,78.00,128947
5-May-15,74.50,76.75,74.50,74.50,67404
1-May-15,72.00,77.00,72.00,72.75,16167
30-Apr-15,75.00,75.50,74.50,75.00,48479
29-Apr-15,75.25,75.50,75.00,75.00,85112
28-Apr-15,75.25,76.25,75.25,75.25,23528
27-Apr-15,75.00,77.00,74.00,76.50,89275
24-Apr-15,73.00,75.00,71.81,74.75,74136
23-Apr-15,72.50,72.90,71.00,72.00,106589
22-Apr-15,72.75,72.75,71.32,72.25,6458
21-Apr-15,69.75,71.75,69.75,71.00,22546
20-Apr-15,71.00,71.00,68.75,70.00,56268
17-Apr-15,75.50,75.50,67.75,72.50,246085
16-Apr-15,76.00,77.00,72.72,73.25,72860
15-Apr-15,74.00,75.75,73.75,75.75,79231
14-Apr-15,73.75,74.00,72.50,73.50,62069
13-Apr-15,74.00,74.00,72.60,73.75,15847
10-Apr-15,71.00,74.25,69.65,71.50,128116
9-Apr-15,70.00,71.00,68.46,71.00,82025
8-Apr-15,70.00,70.00,68.42,69.25,102198
7-Apr-15,68.00,71.75,68.00,71.75,63515
2-Apr-15,66.00,70.00,66.00,69.25,136763
1-Apr-15,68.00,69.00,65.00,67.00,70625
31-Mar-15,66.00,69.00,65.00,65.50,409751
30-Mar-15,68.75,68.75,65.00,65.00,105187
27-Mar-15,67.00,68.25,66.00,66.50,140090
26-Mar-15,69.75,70.00,67.00,67.25,62906
25-Mar-15,70.00,70.25,68.02,69.75,83787
24-Mar-15,64.75,71.00,63.25,70.25,1594861
23-Mar-15,64.00,65.34,62.17,63.50,44019
20-Mar-15,66.00,67.00,62.50,64.75,3165681
19-Mar-15,65.50,66.75,62.52,66.75,126589
18-Mar-15,69.00,69.00,62.30,63.50,90141
17-Mar-15,68.00,68.25,67.00,67.00,68682
16-Mar-15,66.75,68.50,66.25,67.00,79819
13-Mar-15,69.25,69.50,66.75,66.75,106301
12-Mar-15,66.50,69.00,66.44,68.25,92319
11-Mar-15,67.00,69.00,65.00,68.00,117086
10-Mar-15,67.00,67.00,65.00,65.75,103991
9-Mar-15,67.00,67.00,64.75,66.00,53439
6-Mar-15,67.00,68.00,66.91,67.00,136793
5-Mar-15,69.00,69.00,64.75,66.00,144357
4-Mar-15,71.00,71.00,67.00,67.25,34546
3-Mar-15,66.25,71.00,65.25,68.50,85377
2-Mar-15,66.50,70.00,66.00,66.00,133863
27-Feb-15,65.25,69.50,65.25,67.75,33254
26-Feb-15,67.00,69.00,65.50,66.00,2977
25-Feb-15,68.75,69.00,65.50,67.00,198481
24-Feb-15,68.00,69.31,65.50,66.00,56729
23-Feb-15,70.00,70.00,66.25,67.00,27037
20-Feb-15,68.00,70.00,68.00,68.00,20856
19-Feb-15,70.00,70.00,68.00,68.00,13526
18-Feb-15,69.00,71.50,68.75,68.75,7071
17-Feb-15,70.00,72.75,68.00,69.00,70373
16-Feb-15,70.00,72.14,70.00,70.00,17348
13-Feb-15,70.00,73.25,69.00,70.00,62865
12-Feb-15,70.00,72.25,65.63,71.25,189596
11-Feb-15,72.50,73.25,71.00,71.25,218966
10-Feb-15,71.00,74.00,71.00,72.25,24106
9-Feb-15,71.00,74.75,71.00,72.75,9653
6-Feb-15,74.50,75.00,72.95,74.50,65926
5-Feb-15,72.00,75.00,72.00,74.25,49827
4-Feb-15,72.00,75.00,70.00,73.00,417716
3-Feb-15,70.00,71.75,67.62,71.00,83156
2-Feb-15,68.25,70.00,66.75,67.00,64703
30-Jan-15,67.00,70.00,67.00,67.75,202107
29-Jan-15,69.50,69.50,64.91,68.00,115950
28-Jan-15,65.00,68.00,65.00,65.50,102636
27-Jan-15,67.00,70.00,66.00,66.75,149529
26-Jan-15,67.00,69.75,67.00,68.00,23094
23-Jan-15,70.00,71.34,67.00,69.25,61834
22-Jan-15,69.25,69.89,66.50,66.50,16413
21-Jan-15,69.00,71.50,67.25,69.00,25821
20-Jan-15,67.75,69.50,67.00,67.00,115220
19-Jan-15,71.75,71.75,69.16,70.50,9982
16-Jan-15,69.00,70.25,68.50,68.50,13423
15-Jan-15,70.25,72.00,67.50,70.00,41721
14-Jan-15,70.00,72.00,69.75,70.00,10745
13-Jan-15,72.00,72.00,67.50,68.00,105950
12-Jan-15,70.25,71.31,68.00,69.00,8056
9-Jan-15,69.00,71.25,65.73,70.50,62295
8-Jan-15,69.25,69.50,66.67,67.00,33574
7-Jan-15,65.25,69.50,65.25,69.00,28555
6-Jan-15,70.00,70.00,65.41,68.75,9363
5-Jan-15,70.00,71.25,68.31,68.75,5423
31-Dec-14,68.50,71.50,68.50,68.50,17110
30-Dec-14,69.50,71.50,69.31,70.50,8424
29-Dec-14,69.25,72.00,68.75,68.75,20421
24-Dec-14,71.75,71.75,69.00,70.00,58837
23-Dec-14,71.00,73.00,70.00,73.00,72129
22-Dec-14,68.50,74.00,68.50,73.25,52224
19-Dec-14,69.00,73.00,69.00,70.00,156974
18-Dec-14,66.25,72.00,65.31,72.00,45695
17-Dec-14,66.00,68.00,65.00,65.25,21429
16-Dec-14,64.75,67.25,64.75,66.25,49323
15-Dec-14,66.00,67.00,64.50,66.00,173509
12-Dec-14,64.50,65.00,64.50,65.00,95008
11-Dec-14,63.00,65.50,62.00,64.50,65759
10-Dec-14,65.00,66.00,63.89,65.50,33886
9-Dec-14,66.00,67.14,65.50,65.50,25866
8-Dec-14,65.75,66.00,64.75,65.25,25768
5-Dec-14,64.25,66.00,64.00,65.00,38238
4-Dec-14,63.00,66.00,63.00,64.75,35025
3-Dec-14,64.25,65.48,63.00,63.25,25874
2-Dec-14,64.00,65.75,63.50,65.75,62958
1-Dec-14,66.50,67.61,62.25,62.25,107905
28-Nov-14,68.00,69.75,66.75,66.75,74726
27-Nov-14,73.50,73.50,68.00,68.00,7763
26-Nov-14,69.75,72.50,68.00,72.50,100320
25-Nov-14,68.00,71.50,68.00,71.00,27803
24-Nov-14,72.00,74.12,68.00,68.25,24156
21-Nov-14,67.50,73.56,67.50,72.50,137878
20-Nov-14,69.25,72.40,66.00,68.75,109170
19-Nov-14,70.50,71.00,68.25,70.00,51220
18-Nov-14,70.75,72.78,70.00,70.25,24583
17-Nov-14,71.25,73.00,70.00,70.00,29166
14-Nov-14,69.75,73.31,69.75,71.50,42258
13-Nov-14,72.00,73.31,68.25,70.00,74563
12-Nov-14,80.00,80.00,72.50,72.50,64064
11-Nov-14,79.75,80.00,76.00,76.25,46192
10-Nov-14,74.75,80.00,73.30,79.50,365049
7-Nov-14,75.25,75.75,73.00,74.25,64319
6-Nov-14,75.25,75.25,73.50,74.25,9507
5-Nov-14,77.50,77.50,73.00,76.00,27798
4-Nov-14,75.00,76.00,73.75,74.75,65435
3-Nov-14,73.25,77.00,73.25,75.75,35576
31-Oct-14,73.00,77.00,71.62,76.00,113471
30-Oct-14,75.00,75.00,72.00,74.75,15392
29-Oct-14,73.00,74.75,71.81,74.25,30559
28-Oct-14,74.25,76.25,73.00,73.50,34832
27-Oct-14,74.00,75.00,71.19,75.00,34604
24-Oct-14,71.00,75.00,70.00,74.75,50825
23-Oct-14,70.00,74.00,70.00,72.50,67508
22-Oct-14,73.25,73.75,70.75,71.75,50398
21-Oct-14,70.75,73.25,70.38,72.00,79759
20-Oct-14,74.00,75.31,71.00,73.00,197621
17-Oct-14,74.50,74.88,73.25,73.25,13189
16-Oct-14,75.75,76.00,73.94,75.25,28952
15-Oct-14,72.75,76.00,72.75,74.75,240071
14-Oct-14,76.00,76.00,73.00,73.00,115693
13-Oct-14,73.25,76.50,73.25,76.00,108239
10-Oct-14,75.00,76.88,73.25,76.25,140576
9-Oct-14,76.00,78.25,74.63,78.25,81979
8-Oct-14,78.25,79.75,74.25,76.25,279481
7-Oct-14,81.00,81.00,79.00,80.00,73495
6-Oct-14,81.00,82.25,80.00,81.50,82650
3-Oct-14,75.25,81.50,75.25,80.00,294629
2-Oct-14,75.00,76.75,73.00,76.00,70359
1-Oct-14,73.25,77.25,72.40,75.00,279590
30-Sep-14,72.50,74.75,72.50,74.25,116000
29-Sep-14,72.25,74.41,70.25,73.00,179581
26-Sep-14,74.75,75.40,72.25,73.50,151796
25-Sep-14,74.50,75.25,73.50,74.50,154158
24-Sep-14,74.25,75.25,73.50,74.75,47827
23-Sep-14,73.50,75.50,73.34,74.50,88114
22-Sep-14,74.50,77.75,73.50,74.00,79616
19-Sep-14,76.00,76.25,73.75,75.00,250368
18-Sep-14,73.75,75.50,73.50,75.50,47807
17-Sep-14,76.75,76.75,74.00,75.00,75493
16-Sep-14,79.75,79.75,75.50,75.50,104029
15-Sep-14,74.00,80.00,71.00,80.00,278692
12-Sep-14,75.00,78.13,74.00,74.50,228089
11-Sep-14,80.25,80.50,75.75,77.00,399703
10-Sep-14,80.00,85.10,79.25,84.25,126906
9-Sep-14,82.75,83.25,80.50,83.00,178201
8-Sep-14,80.25,82.78,80.25,82.50,70911
5-Sep-14,82.75,84.00,82.00,83.00,45038
4-Sep-14,83.00,83.00,80.25,82.50,64575
3-Sep-14,85.00,85.00,83.50,83.50,47656
2-Sep-14,85.00,85.00,82.00,84.50,55705
1-Sep-14,83.00,84.75,81.50,84.50,25208
29-Aug-14,82.75,83.50,80.00,83.25,95234
28-Aug-14,83.75,84.87,82.00,82.00,73406
27-Aug-14,82.25,83.50,80.89,82.25,82774
26-Aug-14,81.25,81.50,78.91,81.00,32463
22-Aug-14,82.00,82.00,79.75,80.50,26551
21-Aug-14,79.50,81.56,79.00,81.50,182570
20-Aug-14,78.25,80.50,78.25,80.00,97851
19-Aug-14,78.75,80.00,77.50,79.25,100301
18-Aug-14,74.00,78.75,74.00,77.75,109928
15-Aug-14,76.25,77.50,75.12,77.50,49610
14-Aug-14,77.25,77.25,73.60,76.00,72035
13-Aug-14,75.25,75.50,73.75,74.25,156302
12-Aug-14,72.75,76.50,72.75,76.25,227488
11-Aug-14,73.75,74.50,72.25,73.00,222711
8-Aug-14,74.75,75.25,73.00,73.00,139356
7-Aug-14,75.00,77.00,75.00,76.00,50204
6-Aug-14,75.75,76.50,75.50,76.25,148097
5-Aug-14,76.50,79.00,76.50,77.25,116686
4-Aug-14,82.00,82.00,76.50,77.50,140481
1-Aug-14,79.75,81.25,75.75,78.75,394711
31-Jul-14,81.75,81.75,79.00,79.50,125810
30-Jul-14,84.25,84.50,81.25,82.25,157251
29-Jul-14,82.25,84.50,81.00,83.25,196347
28-Jul-14,83.25,84.09,81.50,81.50,53438
25-Jul-14,82.75,85.00,80.88,84.25,147502
24-Jul-14,83.00,83.25,80.00,80.25,296840
23-Jul-14,84.50,85.00,83.25,83.25,91214
22-Jul-14,86.75,86.75,84.00,85.00,551767
21-Jul-14,85.00,85.75,83.25,84.00,112928
18-Jul-14,87.00,90.00,83.50,84.50,213581
17-Jul-14,87.00,89.25,87.00,87.25,203647
16-Jul-14,88.00,88.50,87.25,87.50,52010
15-Jul-14,90.75,90.75,88.00,88.25,31589
14-Jul-14,88.50,91.50,88.50,89.50,47416
11-Jul-14,92.75,92.75,88.00,89.00,112382
10-Jul-14,89.25,91.75,89.25,89.25,376301
9-Jul-14,92.75,93.00,88.25,88.50,192985
8-Jul-14,99.75,99.75,91.75,94.50,326297
7-Jul-14,98.00,98.00,95.50,95.50,66798
4-Jul-14,99.00,99.00,95.75,97.00,227319
3-Jul-14,98.75,98.75,95.25,96.50,64811
2-Jul-14,99.25,99.25,96.25,96.75,69709
1-Jul-14,98.25,98.75,97.00,97.75,119342
30-Jun-14,99.25,99.25,95.25,98.50,379484
27-Jun-14,98.25,102.00,95.50,96.75,519330
26-Jun-14,101.00,102.25,99.34,101.45,465532
25-Jun-14,99.50,103.19,98.00,100.50,235556
24-Jun-14,95.50,101.00,93.00,99.00,611475
23-Jun-14,95.00,98.25,90.50,97.00,347665
20-Jun-14,87.75,94.02,87.00,94.00,2351105
19-Jun-14,89.00,92.25,86.00,87.50,1044512
18-Jun-14,84.75,90.00,83.00,88.00,866771
17-Jun-14,87.75,87.75,84.00,84.25,471812
16-Jun-14,89.00,90.25,86.00,87.00,191898
13-Jun-14,87.25,90.25,87.25,88.50,488172
12-Jun-14,87.25,90.00,86.50,88.50,297440
11-Jun-14,90.75,90.75,87.75,88.00,326623
10-Jun-14,89.75,89.75,86.25,87.25,349459
9-Jun-14,88.00,89.40,87.00,88.00,370001
6-Jun-14,90.00,90.75,88.50,90.00,206235
5-Jun-14,88.00,90.75,87.00,88.00,419454
4-Jun-14,86.25,89.50,86.25,87.25,232244
3-Jun-14,91.50,91.50,86.00,87.50,219683
2-Jun-14,87.00,91.85,87.00,90.00,343677
30-May-14,86.00,91.50,84.25,86.25,5957669
29-May-14,90.50,94.25,84.00,89.25,692380
28-May-14,95.00,95.00,91.00,93.50,370718
27-May-14,90.00,96.25,90.00,93.50,232983
23-May-14,93.00,95.00,91.50,93.00,321091
22-May-14,95.00,101.50,86.25,91.50,509972
21-May-14,92.75,95.00,91.75,95.00,378349
20-May-14,97.50,97.50,91.50,92.75,264087
19-May-14,92.00,97.50,92.00,97.50,363018
16-May-14,99.50,101.75,93.50,97.00,142851
15-May-14,100.25,100.75,90.25,93.25,672187
14-May-14,107.00,107.00,101.09,102.75,85635
13-May-14,99.00,106.15,99.00,103.25,49527
12-May-14,103.25,103.75,99.50,103.50,233246
9-May-14,102.25,108.00,102.25,103.00,84424
8-May-14,100.00,109.75,100.00,107.00,137653
7-May-14,98.25,105.75,98.25,103.75,129747
6-May-14,101.00,105.50,101.00,103.75,94926
2-May-14,101.75,104.75,100.25,101.75,284249
1-May-14,102.75,104.75,100.00,103.00,82970
30-Apr-14,108.75,108.75,100.50,102.25,212580
29-Apr-14,106.50,107.28,104.25,105.00,195515
28-Apr-14,106.00,108.00,105.25,106.00,31780
25-Apr-14,101.75,107.00,101.75,106.75,23106
24-Apr-14,104.00,107.75,104.00,105.75,108263
23-Apr-14,105.00,105.00,104.00,104.25,144932
22-Apr-14,101.00,105.00,101.00,104.25,145247
17-Apr-14,108.50,108.50,102.00,105.00,101060
16-Apr-14,104.75,107.75,103.25,104.75,278549
15-Apr-14,102.25,107.00,102.25,104.00,118143
14-Apr-14,109.75,109.75,102.62,103.75,197465
11-Apr-14,109.25,112.25,102.25,105.50,195621
10-Apr-14,109.50,109.50,107.25,108.75,187816
9-Apr-14,105.25,109.75,103.18,108.75,173139
8-Apr-14,112.75,117.00,104.39,105.25,150469
7-Apr-14,114.50,115.00,111.00,112.00,119389
4-Apr-14,114.75,118.50,112.00,113.50,259462
3-Apr-14,114.50,119.00,111.75,113.25,136401
2-Apr-14,114.75,118.00,112.50,112.75,137114
1-Apr-14,120.00,120.75,114.34,114.75,185276
31-Mar-14,112.00,119.25,109.71,117.50,352687
28-Mar-14,107.25,110.25,106.50,108.25,372756
27-Mar-14,106.50,109.00,106.50,107.75,110802
26-Mar-14,108.50,110.53,106.50,107.00,179491
25-Mar-14,105.25,108.25,103.90,107.50,108465
24-Mar-14,104.25,105.25,100.37,104.75,304661
21-Mar-14,104.00,106.25,103.00,104.25,632666
20-Mar-14,102.75,104.50,99.88,103.25,882532
19-Mar-14,106.75,106.75,97.50,98.50,180768
18-Mar-14,102.25,106.00,100.00,101.75,280310
17-Mar-14,102.25,109.50,102.25,104.50,213423
14-Mar-14,107.50,109.75,103.25,103.50,66345
13-Mar-14,113.50,113.50,107.00,107.50,150991
12-Mar-14,113.75,114.00,110.25,110.25,230934
11-Mar-14,117.50,117.50,111.00,112.00,240792
10-Mar-14,120.00,120.00,112.25,113.75,107061
7-Mar-14,119.75,122.25,116.00,116.50,145730
6-Mar-14,118.00,121.50,116.75,118.00,356278
5-Mar-14,117.75,120.00,115.25,117.50,104437
4-Mar-14,112.75,118.00,110.00,118.00,262709
3-Mar-14,115.00,115.00,108.25,112.75,289049
28-Feb-14,117.00,120.25,114.00,116.00,486147
27-Feb-14,117.75,117.75,115.50,115.75,105018
26-Feb-14,120.50,124.00,116.75,117.00,202438
25-Feb-14,122.50,122.50,117.75,119.02,550710
24-Feb-14,123.25,123.25,120.00,121.75,105740
21-Feb-14,122.75,125.50,121.50,123.25,187789
20-Feb-14,127.00,127.00,123.25,123.25,100264
19-Feb-14,128.75,129.50,126.25,127.00,77370
18-Feb-14,130.25,131.75,127.50,128.25,154692
17-Feb-14,130.00,130.25,127.50,129.75,157120
14-Feb-14,126.25,131.75,126.25,129.75,174340
13-Feb-14,125.75,130.50,125.25,128.50,106851
12-Feb-14,127.75,131.00,126.75,128.00,175675
11-Feb-14,131.25,132.75,128.00,129.00,255450
10-Feb-14,132.75,133.00,130.25,132.00,201447
7-Feb-14,132.50,132.75,130.00,130.50,288198
6-Feb-14,133.00,133.00,125.00,129.50,1015454
5-Feb-14,128.00,130.50,126.25,127.25,252407
4-Feb-14,130.00,131.50,126.00,127.00,261043
3-Feb-14,132.00,133.00,130.25,130.50,300870
31-Jan-14,132.00,132.00,130.00,132.00,203854
30-Jan-14,130.50,132.00,128.50,132.00,275569
29-Jan-14,131.00,132.00,128.50,130.00,367331
28-Jan-14,129.75,131.00,127.00,130.50,386261
27-Jan-14,124.25,129.50,124.25,128.00,343582
24-Jan-14,125.75,129.75,125.00,128.25,373833
23-Jan-14,125.50,128.25,124.75,126.00,92062
22-Jan-14,122.75,127.75,122.75,127.00,185452
21-Jan-14,123.00,124.00,121.00,123.75,432877
20-Jan-14,122.75,123.00,121.25,123.00,150023
17-Jan-14,119.25,122.75,119.25,122.75,843934
16-Jan-14,120.25,121.00,119.00,119.00,443787
15-Jan-14,116.00,121.00,116.00,120.25,226736
14-Jan-14,119.25,119.25,116.00,116.50,147634
13-Jan-14,117.50,120.00,115.25,120.00,201494
10-Jan-14,115.00,115.25,113.25,115.25,192017
9-Jan-14,116.00,116.00,112.00,114.25,136029
8-Jan-14,117.50,117.50,115.00,117.00,85192
7-Jan-14,116.00,117.50,114.50,117.50,104675
6-Jan-14,115.25,117.50,115.25,116.25,61253
3-Jan-14,117.25,119.00,116.75,118.25,59531
2-Jan-14,114.50,119.00,114.50,117.50,227397
31-Dec-13,116.00,119.00,115.50,117.75,115733
30-Dec-13,111.75,115.50,108.00,114.50,169812
27-Dec-13,108.00,111.75,108.00,110.75,112445
24-Dec-13,108.00,109.75,107.00,109.25,56785
23-Dec-13,107.50,110.50,106.50,108.00,210472
20-Dec-13,106.00,108.50,105.75,106.75,339875
19-Dec-13,105.00,107.75,105.00,106.50,162227
18-Dec-13,105.00,110.00,104.25,105.00,1029297
17-Dec-13,98.50,102.75,97.50,101.50,330544
16-Dec-13,99.50,102.00,98.75,99.25,133197
13-Dec-13,98.75,101.50,97.00,100.00,329902
12-Dec-13,99.00,99.25,97.00,98.75,61020
11-Dec-13,97.50,99.25,96.25,98.50,130511
10-Dec-13,99.00,100.00,96.25,97.00,266295
9-Dec-13,97.00,102.00,96.50,98.25,264088
6-Dec-13,92.00,99.00,90.75,97.50,656317
5-Dec-13,87.25,93.00,87.25,90.00,1852175
4-Dec-13,88.00,89.00,87.25,87.25,42875
3-Dec-13,85.50,88.00,85.50,87.75,65861
2-Dec-13,89.75,89.75,85.50,85.50,31585
29-Nov-13,87.00,88.50,86.75,87.50,34584
28-Nov-13,85.50,87.00,85.50,86.75,63763
27-Nov-13,85.00,89.00,85.00,85.50,292256
26-Nov-13,88.50,89.50,85.50,85.50,238343
25-Nov-13,87.00,89.75,86.50,88.00,89106
22-Nov-13,85.25,86.50,85.00,86.00,134099
21-Nov-13,89.75,89.75,85.50,85.75,29075
20-Nov-13,86.25,87.75,85.25,86.25,55025
19-Nov-13,85.00,87.25,84.50,87.25,146044
18-Nov-13,87.75,90.00,86.25,87.50,61637
15-Nov-13,87.00,88.50,86.75,88.25,118715
14-Nov-13,89.75,90.00,88.00,88.00,216505
13-Nov-13,88.75,91.50,88.00,88.50,637272
12-Nov-13,88.25,90.50,87.25,89.50,116468
11-Nov-13,87.00,90.50,87.00,88.00,148052
8-Nov-13,87.00,87.25,84.00,87.25,252420
7-Nov-13,81.50,87.25,81.50,87.25,358313
6-Nov-13,83.25,83.75,81.75,82.25,98449
5-Nov-13,81.75,82.75,81.50,82.75,92917
4-Nov-13,83.00,83.00,82.00,82.00,253523
1-Nov-13,83.00,84.00,82.25,83.00,117100
31-Oct-13,83.00,84.00,81.25,82.50,384742
30-Oct-13,83.50,83.50,82.00,83.00,118869
29-Oct-13,82.25,83.75,82.25,83.25,188833
28-Oct-13,85.50,85.50,80.50,82.00,171264
25-Oct-13,83.00,84.00,82.50,84.00,535297
24-Oct-13,83.00,85.00,82.75,83.50,613967
23-Oct-13,79.62,82.75,80.75,82.00,165560
22-Oct-13,79.50,81.75,79.00,81.00,162713
21-Oct-13,75.50,80.00,75.50,80.00,165553
18-Oct-13,77.25,78.25,76.00,78.00,93605
17-Oct-13,73.00,78.50,73.00,77.50,155791
16-Oct-13,74.00,76.00,72.25,73.50,135651
15-Oct-13,74.25,76.50,73.25,75.00,103002
14-Oct-13,75.25,75.25,72.50,74.00,155694
11-Oct-13,70.50,74.50,69.00,74.50,219754
10-Oct-13,70.50,72.25,69.00,71.00,280323
9-Oct-13,69.25,71.50,68.50,69.50,136905
8-Oct-13,70.50,71.00,68.50,70.00,196873
7-Oct-13,69.75,71.50,69.75,71.00,87203
4-Oct-13,71.25,71.50,69.50,70.50,55020
3-Oct-13,71.00,73.00,69.25,71.25,382631
2-Oct-13,68.75,72.00,68.75,70.75,322443
1-Oct-13,69.75,69.75,68.50,69.50,71357
30-Sep-13,69.00,69.50,67.75,69.00,351579
27-Sep-13,70.25,70.25,67.75,70.00,456935
26-Sep-13,70.75,71.75,69.50,69.50,201904
25-Sep-13,70.00,71.25,70.00,71.00,59784
24-Sep-13,69.75,71.75,68.75,70.50,314899
20-Sep-13,70.25,70.75,68.00,68.00,878055
19-Sep-13,70.25,71.50,69.00,70.00,401236
18-Sep-13,73.25,73.50,68.00,69.75,480027
17-Sep-13,74.00,75.00,73.25,73.25,157377
16-Sep-13,74.50,76.00,73.75,76.50,200265
13-Sep-13,75.00,78.25,73.25,73.75,721502
12-Sep-13,76.75,80.00,73.50,75.00,251692
11-Sep-13,75.25,79.00,75.25,78.00,408800
10-Sep-13,79.75,80.50,77.00,77.00,322960
9-Sep-13,80.00,80.50,78.25,79.00,292314
6-Sep-13,79.50,80.00,78.25,80.00,186455
5-Sep-13,81.00,81.25,77.75,80.00,143643
4-Sep-13,80.00,80.50,77.50,79.25,147516
3-Sep-13,79.50,80.50,75.50,79.75,283775
2-Sep-13,81.50,82.00,79.50,79.50,255502
30-Aug-13,87.00,88.00,80.00,80.50,376194
29-Aug-13,88.00,90.25,86.00,87.00,218361
28-Aug-13,85.50,94.00,84.50,88.25,674254
27-Aug-13,82.25,85.50,81.00,85.50,452313
23-Aug-13,81.75,83.75,80.50,83.00,151946
22-Aug-13,79.00,83.00,79.00,82.25,261826
21-Aug-13,77.00,84.00,77.00,81.00,428792
20-Aug-13,74.50,81.00,74.50,80.25,255230
19-Aug-13,76.25,80.25,75.00,78.25,322247
16-Aug-13,75.00,77.00,73.00,76.50,102376
15-Aug-13,75.00,76.75,74.25,75.50,303212
14-Aug-13,81.25,81.25,75.00,75.00,314795
13-Aug-13,78.50,82.50,76.00,81.75,2290390
12-Aug-13,75.00,80.50,73.50,79.50,350494
9-Aug-13,77.50,77.50,73.00,75.25,1011806
8-Aug-13,74.75,76.75,72.00,75.00,211684
7-Aug-13,74.00,75.00,73.00,74.25,433580
6-Aug-13,77.25,77.25,74.25,74.50,295261
5-Aug-13,75.25,78.75,75.25,78.00,336605
2-Aug-13,76.25,79.00,75.25,75.75,349986
1-Aug-13,77.25,80.00,75.25,76.50,711413
31-Jul-13,79.25,81.00,77.25,77.50,802787
30-Jul-13,78.75,81.25,78.75,80.00,596729
29-Jul-13,79.75,80.25,78.00,79.00,564146
26-Jul-13,79.50,80.50,78.25,80.00,809667
25-Jul-13,78.50,81.00,78.50,80.00,350255
24-Jul-13,78.75,81.75,77.25,80.00,950600
23-Jul-13,78.75,79.00,76.50,78.00,195718
22-Jul-13,75.25,79.00,75.00,79.00,493243
19-Jul-13,74.50,76.00,74.09,75.00,482216
18-Jul-13,73.25,74.75,72.53,74.75,124294
17-Jul-13,71.00,75.00,69.50,74.25,310889
16-Jul-13,73.75,73.75,71.68,73.75,103617
15-Jul-13,73.50,75.00,73.50,74.00,612091
12-Jul-13,70.75,75.50,68.34,75.00,884285
11-Jul-13,70.25,70.25,67.50,70.00,295484
10-Jul-13,69.25,70.25,68.25,70.25,344827
9-Jul-13,71.00,71.81,68.50,71.00,362679
8-Jul-13,71.25,71.25,68.00,68.00,253483
5-Jul-13,66.75,71.75,66.66,70.00,780636
4-Jul-13,62.50,67.00,62.50,66.25,64034
3-Jul-13,63.75,65.15,62.44,64.50,107935
2-Jul-13,59.75,64.25,59.46,64.25,181690
1-Jul-13,59.00,62.00,57.38,59.50,367292
28-Jun-13,61.00,61.00,57.25,58.00,303001
27-Jun-13,59.75,61.25,58.50,60.75,317125
26-Jun-13,60.25,61.25,59.00,59.25,320431
25-Jun-13,59.50,61.75,58.50,59.75,455985
24-Jun-13,57.00,60.22,55.50,59.75,531614
21-Jun-13,61.25,62.37,54.50,54.50,1045081
20-Jun-13,62.00,63.25,60.25,60.50,340875
19-Jun-13,62.50,64.50,62.06,64.50,71600
18-Jun-13,63.25,65.91,62.25,62.50,161981
17-Jun-13,60.00,64.03,58.25,64.00,198775
14-Jun-13,62.75,62.75,58.75,59.00,348202
13-Jun-13,64.50,66.00,59.25,60.00,404024
12-Jun-13,65.50,66.00,63.50,66.00,151721
11-Jun-13,67.75,68.00,64.00,66.75,245422
10-Jun-13,66.25,68.75,64.81,67.25,161877
7-Jun-13,66.00,68.25,63.00,67.50,179833
6-Jun-13,64.50,65.75,61.75,63.00,122359
5-Jun-13,68.00,68.50,65.00,65.50,50621
4-Jun-13,64.50,68.75,64.25,68.00,94910
3-Jun-13,71.25,73.00,64.25,64.25,287318
31-May-13,71.75,74.78,71.25,71.25,422764
30-May-13,72.50,73.91,70.50,72.50,295552
29-May-13,70.00,73.50,70.00,72.00,161809
28-May-13,72.25,73.00,70.25,71.25,83645
24-May-13,68.00,72.19,68.00,70.50,130101
23-May-13,70.75,71.25,66.00,67.00,636592
22-May-13,70.00,80.11,70.00,72.00,934080
21-May-13,64.25,72.50,64.25,72.50,724502
20-May-13,60.50,67.00,60.00,66.50,618258
17-May-13,57.00,61.25,56.00,60.00,326352
16-May-13,52.50,58.75,52.50,57.25,579222
15-May-13,54.00,54.50,52.43,54.00,267122
14-May-13,51.50,53.75,51.50,52.00,121795
13-May-13,54.00,54.00,52.00,52.25,60842
10-May-13,51.25,52.50,51.00,52.50,198590
9-May-13,48.25,51.25,48.25,51.00,120332
8-May-13,49.75,51.25,48.50,50.25,78067
7-May-13,48.75,51.75,48.00,49.75,85681
3-May-13,49.00,51.25,47.25,51.25,190550
2-May-13,49.25,50.00,46.50,48.25,129433
1-May-13,49.75,50.50,48.75,50.50,5668
30-Apr-13,49.75,52.21,48.50,49.00,380540
29-Apr-13,47.50,51.00,47.25,49.75,180523
26-Apr-13,48.25,49.00,47.44,47.75,178610
25-Apr-13,50.25,50.25,48.25,49.75,64018
24-Apr-13,47.00,50.50,47.00,49.75,103517
23-Apr-13,48.00,50.00,48.00,49.00,412548
22-Apr-13,46.00,49.82,46.00,49.00,82679
19-Apr-13,47.25,49.75,46.25,48.00,189366
18-Apr-13,44.00,47.25,43.75,47.25,591517
17-Apr-13,46.00,46.66,45.50,45.75,170507
16-Apr-13,45.75,46.50,44.00,45.75,415200
15-Apr-13,44.75,47.00,44.36,46.25,114973
12-Apr-13,45.75,46.50,45.00,45.75,188987
11-Apr-13,43.50,47.00,43.50,46.25,265669
10-Apr-13,43.25,46.25,43.25,45.25,307782
9-Apr-13,45.00,46.00,44.00,45.25,309026
8-Apr-13,46.25,46.50,44.00,46.50,226699
5-Apr-13,49.00,49.00,44.50,45.75,738679
4-Apr-13,43.00,49.00,43.00,48.25,1193284
3-Apr-13,41.50,42.88,41.50,42.50,167140
2-Apr-13,41.00,44.31,41.00,42.75,214650
28-Mar-13,43.00,43.25,41.25,43.00,139276
27-Mar-13,42.50,44.75,42.50,43.50,172633
26-Mar-13,41.75,44.75,41.50,44.00,199260
25-Mar-13,42.50,42.68,40.59,42.50,152620
22-Mar-13,41.00,42.25,39.50,41.00,687647
21-Mar-13,42.50,43.00,41.00,41.50,362409
20-Mar-13,41.25,44.75,40.75,42.75,166563
19-Mar-13,41.00,43.50,41.00,41.75,297944
18-Mar-13,40.00,41.81,38.44,41.25,222420
15-Mar-13,39.00,41.25,37.00,40.00,1781276
14-Mar-13,41.00,41.75,38.75,39.00,233719
13-Mar-13,42.25,43.00,39.97,40.50,670151
12-Mar-13,44.75,45.25,42.50,43.00,682917
11-Mar-13,47.50,47.75,44.50,45.00,376237
8-Mar-13,49.00,49.00,46.00,48.50,117852
7-Mar-13,45.75,48.75,45.00,48.25,124971
6-Mar-13,45.00,48.25,45.00,46.50,257647
5-Mar-13,46.00,47.00,46.00,46.50,201749
4-Mar-13,45.25,47.12,44.75,45.50,275768
1-Mar-13,47.00,47.50,45.00,45.50,167965
28-Feb-13,47.75,48.50,47.00,47.00,413590
27-Feb-13,47.75,48.34,47.50,47.75,298147
26-Feb-13,45.50,48.00,45.50,47.50,176483
25-Feb-13,47.50,48.00,47.00,47.50,164426
22-Feb-13,48.00,48.25,47.04,47.50,120939
21-Feb-13,47.25,47.50,47.00,47.00,318077
20-Feb-13,47.00,48.00,46.75,47.75,385581
19-Feb-13,47.50,48.18,46.06,46.50,591737
18-Feb-13,47.00,48.25,46.75,46.75,341082
15-Feb-13,42.50,48.50,41.75,46.00,1072061
14-Feb-13,53.00,53.00,49.25,49.75,229792
13-Feb-13,51.50,51.91,50.50,51.50,219139
12-Feb-13,51.50,52.26,51.50,51.50,72483
11-Feb-13,52.00,52.50,51.50,51.75,106916
8-Feb-13,51.00,53.25,50.50,52.00,624924
7-Feb-13,51.75,53.75,51.00,51.25,478842
6-Feb-13,51.00,52.00,48.76,50.25,381688
5-Feb-13,54.00,54.75,49.50,50.75,379752
4-Feb-13,57.75,58.02,53.75,53.75,382797
1-Feb-13,63.75,63.75,57.25,58.50,477592
31-Jan-13,61.50,62.25,60.00,60.25,344018
30-Jan-13,61.50,64.00,61.50,61.50,396997
29-Jan-13,62.25,64.00,61.00,63.75,502651
28-Jan-13,63.50,64.00,62.25,63.00,385930
25-Jan-13,65.00,65.00,63.00,63.50,276520
24-Jan-13,61.50,64.50,61.00,63.75,702841
23-Jan-13,63.50,64.75,62.25,63.25,367318
22-Jan-13,64.50,65.25,64.50,64.75,272868
21-Jan-13,64.75,65.00,62.76,65.00,215572
18-Jan-13,63.25,65.00,62.50,64.25,254563
17-Jan-13,65.00,65.00,63.25,64.50,135996
16-Jan-13,65.00,65.00,63.25,64.50,260921
15-Jan-13,65.75,65.75,64.25,64.50,194708
14-Jan-13,65.00,65.50,63.25,65.00,134812
11-Jan-13,63.25,65.00,62.00,64.25,233118
10-Jan-13,63.00,64.00,61.75,62.25,309715
9-Jan-13,61.50,63.00,60.50,62.25,441042
8-Jan-13,62.00,63.00,61.00,62.50,468341
7-Jan-13,62.00,63.24,62.00,62.75,176460
4-Jan-13,61.00,63.00,61.00,61.75,315928
3-Jan-13,59.75,62.75,59.25,62.00,541726
2-Jan-13,58.00,60.50,56.46,59.25,401755
