31-Dec-15,174.50,175.90,174.12,175.50,464002
30-Dec-15,175.70,176.50,174.80,175.40,1695144
29-Dec-15,174.80,176.70,173.30,175.70,2259376
24-Dec-15,174.40,174.40,172.80,173.00,548048
23-Dec-15,171.20,174.10,170.00,172.60,2162082
22-Dec-15,170.00,170.70,168.50,169.40,2362064
21-Dec-15,170.00,171.40,168.30,168.50,2823419
18-Dec-15,168.60,172.30,167.50,170.00,9899120
16-Dec-15,160.20,160.70,158.60,160.50,4233469
15-Dec-15,155.40,160.00,152.90,159.20,5134539
14-Dec-15,154.80,161.20,154.10,154.20,5304089
11-Dec-15,159.00,159.00,152.80,153.40,4893927
10-Dec-15,163.00,164.40,158.40,159.60,4647060
9-Dec-15,162.10,167.50,162.10,163.30,8000558
8-Dec-15,167.30,167.30,161.60,161.70,4171316
7-Dec-15,167.50,170.00,164.10,167.40,6705293
4-Dec-15,164.00,165.40,160.20,163.00,4657798
3-Dec-15,167.00,171.20,163.60,163.70,6902946
2-Dec-15,165.00,167.60,164.20,166.70,2555163
1-Dec-15,164.20,165.90,163.10,165.00,3600516
30-Nov-15,162.70,164.60,161.30,163.20,3708394
27-Nov-15,160.10,163.40,160.00,162.50,1725486
26-Nov-15,159.90,162.70,159.60,161.60,1414263
25-Nov-15,159.20,161.50,158.54,160.30,3887576
24-Nov-15,162.90,162.90,157.90,159.10,2554341
23-Nov-15,166.10,166.20,162.20,163.00,2837140
20-Nov-15,165.60,167.03,164.30,166.40,1711122
19-Nov-15,166.00,167.90,165.13,166.00,2507474
18-Nov-15,163.30,165.20,161.80,164.00,2246048
17-Nov-15,162.10,164.30,162.10,164.00,2816760
16-Nov-15,159.00,161.50,157.30,161.00,2277362
13-Nov-15,161.20,162.80,159.10,160.00,2884011
12-Nov-15,164.00,164.90,160.90,161.40,4701553
11-Nov-15,165.00,169.30,164.40,167.40,3379504
10-Nov-15,165.60,166.30,162.50,164.50,2217009
9-Nov-15,167.50,169.30,164.69,164.70,2747015
6-Nov-15,164.00,168.50,163.40,167.20,4365747
5-Nov-15,163.00,164.60,162.00,163.50,4043294
4-Nov-15,164.50,165.60,160.80,162.80,4218535
3-Nov-15,165.00,165.93,162.70,164.30,1959474
2-Nov-15,166.00,166.80,164.60,164.90,2348525
30-Oct-15,165.80,168.00,165.30,167.10,3222246
29-Oct-15,166.40,168.00,165.10,165.90,2701310
28-Oct-15,162.80,167.10,162.80,166.60,3732076
27-Oct-15,164.50,166.49,162.97,163.30,2579200
26-Oct-15,166.50,167.00,163.80,164.10,2997632
23-Oct-15,163.70,166.63,162.67,166.40,5597954
22-Oct-15,156.30,160.10,154.10,159.50,2532088
21-Oct-15,157.10,159.30,153.80,157.70,3659274
20-Oct-15,156.70,158.60,155.80,156.90,2875869
19-Oct-15,157.30,158.70,156.20,156.80,2568251
16-Oct-15,159.90,160.40,156.60,157.50,3741779
15-Oct-15,154.60,160.00,154.10,159.00,6516439
14-Oct-15,150.70,153.07,149.40,151.20,4526172
13-Oct-15,154.40,155.20,150.40,152.50,4653829
12-Oct-15,150.90,156.10,150.90,154.90,6116008
9-Oct-15,157.60,159.10,150.50,150.50,7585073
8-Oct-15,156.10,158.17,155.50,157.00,3848722
7-Oct-15,164.90,165.40,155.60,155.80,6844077
6-Oct-15,162.30,165.46,161.10,164.00,4280423
5-Oct-15,156.00,162.10,155.80,161.20,6446132
2-Oct-15,153.10,157.20,151.80,153.10,3788949
1-Oct-15,155.00,156.50,151.00,151.80,3482284
30-Sep-15,152.20,153.50,148.47,153.20,4853807
29-Sep-15,153.10,154.00,148.26,148.60,6659856
28-Sep-15,159.50,159.70,154.30,155.50,5111526
25-Sep-15,156.70,161.10,156.10,160.20,6270788
24-Sep-15,155.50,158.60,152.70,153.60,6018010
23-Sep-15,153.70,159.18,152.80,155.40,4631628
22-Sep-15,159.80,160.00,153.60,154.20,4699229
21-Sep-15,158.00,161.50,157.70,160.00,3107666
18-Sep-15,164.90,165.20,158.00,159.00,11971961
17-Sep-15,165.50,166.13,164.30,164.90,3989422
16-Sep-15,165.00,166.20,163.30,165.70,3079196
15-Sep-15,164.60,164.60,160.30,163.30,3973361
14-Sep-15,163.00,166.60,162.58,164.00,4173442
11-Sep-15,164.50,165.10,161.30,161.40,5456826
10-Sep-15,164.90,166.31,164.00,164.60,4150702
9-Sep-15,165.50,168.50,165.20,166.00,6230859
8-Sep-15,159.50,163.90,159.50,161.20,4610057
7-Sep-15,159.50,161.60,158.20,158.20,6329357
4-Sep-15,159.20,160.70,157.30,157.70,9561830
3-Sep-15,153.40,160.80,151.60,160.30,7578083
2-Sep-15,151.40,152.30,147.60,149.50,9606519
1-Sep-15,158.80,159.10,149.20,150.20,13435775
28-Aug-15,162.10,162.40,159.60,160.11,7159738
27-Aug-15,164.80,164.80,159.90,161.50,8809141
26-Aug-15,150.00,164.83,149.00,160.10,13913491
25-Aug-15,149.40,154.23,148.65,152.80,8963750
24-Aug-15,147.10,149.40,139.50,146.10,17067097
21-Aug-15,159.00,159.10,151.80,152.20,8442569
20-Aug-15,162.30,163.50,160.60,161.10,4129917
19-Aug-15,162.70,165.20,161.60,163.90,6068360
18-Aug-15,163.20,164.50,162.10,164.10,4479232
17-Aug-15,165.10,165.60,160.60,163.00,5255845
14-Aug-15,164.10,165.00,161.20,162.80,4463942
13-Aug-15,158.60,163.90,158.60,163.80,6610011
12-Aug-15,165.30,167.01,157.50,159.20,9908073
11-Aug-15,169.00,169.00,165.90,166.20,5171544
10-Aug-15,169.20,170.30,167.10,169.40,5810061
7-Aug-15,172.00,173.06,167.60,167.60,7737171
6-Aug-15,173.20,175.00,172.40,172.50,6392160
5-Aug-15,173.30,174.50,168.64,174.10,7108144
4-Aug-15,167.20,173.90,165.60,172.60,12091864
3-Aug-15,162.50,166.70,161.80,166.70,6448708
31-Jul-15,161.90,163.20,160.66,162.90,7088143
30-Jul-15,164.70,164.70,159.40,160.50,8060065
29-Jul-15,155.00,165.00,155.00,162.40,15243915
28-Jul-15,148.50,151.60,148.42,151.00,6247896
27-Jul-15,151.60,152.02,148.20,148.90,5592496
24-Jul-15,154.50,155.80,151.70,152.70,4977279
23-Jul-15,156.00,158.00,154.30,155.60,7770076
22-Jul-15,153.90,156.10,151.40,152.60,5791793
21-Jul-15,158.40,160.18,153.96,154.50,7094901
20-Jul-15,152.40,159.30,152.40,158.10,5612664
17-Jul-15,153.30,154.00,150.60,152.10,4437939
16-Jul-15,152.20,153.10,150.24,152.60,4911487
15-Jul-15,151.40,153.17,149.50,151.90,3133981
14-Jul-15,157.70,157.90,149.50,151.00,6174043
13-Jul-15,156.00,158.30,154.20,157.70,7553391
10-Jul-15,150.80,153.37,148.80,152.40,7726620
9-Jul-15,140.60,155.30,140.20,148.10,11759323
8-Jul-15,141.00,142.20,138.60,139.80,8838309
7-Jul-15,147.40,147.90,140.30,140.60,5236016
6-Jul-15,150.30,150.70,145.05,147.00,4993810
3-Jul-15,152.80,153.20,152.00,152.30,4262079
2-Jul-15,158.20,158.20,153.04,153.20,5823556
1-Jul-15,158.00,160.60,156.88,158.20,4098226
30-Jun-15,157.30,159.10,155.04,156.90,5546363
29-Jun-15,159.80,160.70,157.00,158.60,7235123
26-Jun-15,167.20,167.80,164.60,164.90,4361253
25-Jun-15,169.20,170.40,167.30,168.50,4570685
24-Jun-15,170.80,171.22,168.60,169.70,5097643
23-Jun-15,169.10,172.30,169.10,170.70,4697715
22-Jun-15,165.70,169.30,164.30,168.40,5906636
19-Jun-15,163.00,164.70,161.20,162.20,9870774
18-Jun-15,162.50,164.40,159.70,163.70,5132113
17-Jun-15,165.80,166.60,161.80,162.90,5164970
16-Jun-15,160.30,165.67,158.60,164.80,9364745
15-Jun-15,163.90,164.20,160.20,161.00,8205502
12-Jun-15,169.00,169.50,164.60,165.50,7271576
11-Jun-15,168.70,170.61,167.70,169.40,5260372
10-Jun-15,168.20,169.30,166.40,169.30,7687984
9-Jun-15,170.20,171.70,167.12,168.10,6140330
8-Jun-15,175.00,176.50,169.60,170.00,8430372
5-Jun-15,177.50,177.53,173.80,176.20,5771511
4-Jun-15,182.20,182.67,177.30,178.20,9524852
3-Jun-15,181.60,184.80,180.90,182.60,9243149
2-Jun-15,184.80,184.80,180.40,181.50,9111832
1-Jun-15,178.90,184.60,178.00,183.20,6818900
29-May-15,179.90,181.10,176.80,178.50,6012635
28-May-15,177.20,179.90,176.99,179.60,4625139
27-May-15,176.80,179.60,176.80,178.40,6119927
26-May-15,180.00,180.30,176.90,177.50,6044823
22-May-15,179.40,181.95,178.56,180.31,5858822
21-May-15,179.10,182.82,177.98,179.40,7515411
20-May-15,176.40,178.90,174.60,178.40,4791772
19-May-15,176.70,177.70,174.60,177.10,7512167
18-May-15,175.30,176.50,173.30,175.40,4314990
15-May-15,174.60,178.22,173.01,175.70,7019911
14-May-15,168.40,174.20,166.52,174.00,8737922
13-May-15,176.50,177.70,168.68,169.50,12205744
12-May-15,180.00,181.10,173.49,176.30,11975145
11-May-15,177.50,185.40,177.50,182.60,13929878
8-May-15,182.00,187.03,169.30,177.70,22313169
7-May-15,172.80,182.40,171.40,179.00,14628634
6-May-15,182.90,183.28,171.60,172.90,16306093
5-May-15,195.10,197.70,183.50,183.50,16115291
1-May-15,192.50,194.76,190.50,194.20,5318183
30-Apr-15,204.40,205.10,192.07,192.80,12765675
29-Apr-15,208.10,211.30,204.20,204.40,8944454
28-Apr-15,209.90,211.60,203.00,204.00,8118262
27-Apr-15,207.90,212.70,206.59,211.10,5030668
24-Apr-15,213.00,215.70,208.30,208.70,6796919
23-Apr-15,209.70,213.20,208.20,213.20,5412502
22-Apr-15,212.70,215.50,211.00,213.60,5027655
21-Apr-15,212.80,215.40,211.30,214.30,4303335
20-Apr-15,208.50,212.20,208.50,211.60,4131700
17-Apr-15,210.20,210.70,204.20,208.50,6359121
16-Apr-15,212.00,212.00,208.50,209.60,5659963
15-Apr-15,212.80,213.50,210.80,211.60,4449360
14-Apr-15,215.40,216.30,210.20,211.80,6365636
13-Apr-15,217.40,217.46,214.50,215.80,3575793
10-Apr-15,214.80,217.80,213.41,217.60,4630364
9-Apr-15,209.60,214.90,209.60,214.20,6142695
8-Apr-15,208.00,210.40,205.60,209.40,8019718
7-Apr-15,208.40,210.20,205.97,208.20,4601065
2-Apr-15,204.70,208.00,203.60,208.00,3892909
1-Apr-15,204.20,206.90,201.80,204.00,4181034
31-Mar-15,204.30,208.20,202.30,203.80,7626668
30-Mar-15,204.70,206.60,202.47,204.40,5770166
27-Mar-15,201.40,206.70,201.40,203.60,7320204
26-Mar-15,207.00,207.00,199.09,201.10,11806426
25-Mar-15,212.20,215.20,208.10,208.50,6264415
24-Mar-15,208.90,213.10,207.30,211.60,6846792
23-Mar-15,205.50,210.40,204.00,208.10,8655694
20-Mar-15,205.40,209.70,203.60,204.90,21637632
19-Mar-15,200.00,206.60,199.80,205.30,10843812
18-Mar-15,196.90,199.90,196.10,198.70,8395883
17-Mar-15,197.50,198.49,191.74,197.20,10403432
16-Mar-15,195.70,198.80,195.40,197.80,4073211
13-Mar-15,197.00,197.30,194.10,194.90,3929918
12-Mar-15,193.70,197.10,192.69,196.80,6166963
11-Mar-15,189.70,194.00,188.80,193.20,8583669
10-Mar-15,190.00,194.00,189.00,189.70,6626053
9-Mar-15,194.70,194.80,189.10,189.90,6031696
6-Mar-15,194.60,196.40,193.40,194.50,3220589
5-Mar-15,192.40,196.20,190.73,194.00,8665642
4-Mar-15,191.50,192.10,188.50,191.30,7466055
3-Mar-15,192.50,194.50,189.40,190.20,8768220
2-Mar-15,191.70,201.00,191.70,193.00,8202027
27-Feb-15,187.90,192.90,187.70,191.60,5212783
26-Feb-15,190.50,191.35,186.20,188.20,4941300
25-Feb-15,194.00,196.60,187.00,189.10,8551730
24-Feb-15,188.70,192.94,188.20,190.50,5512556
23-Feb-15,188.20,193.20,187.70,189.80,5711748
20-Feb-15,181.10,188.59,180.63,187.90,4760443
19-Feb-15,183.30,187.20,181.10,183.70,8362078
18-Feb-15,178.10,183.00,177.90,179.60,5574518
17-Feb-15,174.40,179.00,171.68,177.70,5295057
16-Feb-15,172.90,173.90,171.50,172.30,2245280
13-Feb-15,173.30,175.40,172.60,173.50,6332957
12-Feb-15,174.00,175.60,172.35,172.90,6721052
11-Feb-15,173.20,175.30,172.10,173.80,4803432
10-Feb-15,168.90,173.30,168.76,172.70,7575446
9-Feb-15,175.10,175.40,167.90,168.00,8410409
6-Feb-15,176.50,176.80,174.40,175.50,4809012
5-Feb-15,179.00,180.00,175.00,175.50,6760344
4-Feb-15,181.00,183.44,178.80,179.70,6327093
3-Feb-15,178.30,181.30,177.79,180.40,5991497
2-Feb-15,179.60,181.00,175.97,177.50,5758587
30-Jan-15,181.70,183.18,179.00,179.20,5097924
29-Jan-15,179.20,181.90,176.10,181.60,5945563
28-Jan-15,178.00,181.00,177.60,179.80,3920570
27-Jan-15,179.80,182.61,176.70,177.80,5103684
26-Jan-15,173.80,179.90,173.08,179.50,5682953
23-Jan-15,171.80,177.40,171.80,175.30,7175730
22-Jan-15,171.70,173.10,168.20,171.70,8808878
21-Jan-15,161.90,172.60,161.80,172.10,12258039
20-Jan-15,161.00,163.50,158.60,161.50,6943486
19-Jan-15,161.90,164.50,159.50,161.20,6944539
16-Jan-15,157.60,162.30,156.70,161.30,7002797
15-Jan-15,163.20,163.35,152.50,158.20,10128355
14-Jan-15,161.50,163.90,159.70,161.50,5619848
13-Jan-15,162.00,163.90,160.60,162.00,5413777
12-Jan-15,162.30,164.80,160.77,161.70,3586591
9-Jan-15,162.40,165.80,160.10,161.40,6348266
8-Jan-15,161.30,164.93,161.30,163.00,7964418
7-Jan-15,161.00,164.00,159.50,160.20,6171346
6-Jan-15,165.00,165.80,160.30,160.50,8051761
5-Jan-15,160.60,166.54,159.70,165.40,10033193
31-Dec-14,157.20,162.80,157.00,160.50,2521097
30-Dec-14,157.50,159.64,157.00,157.60,2233195
29-Dec-14,158.30,158.50,155.05,158.10,3324221
24-Dec-14,158.00,159.10,155.70,158.50,498829
23-Dec-14,157.70,158.35,155.70,158.10,3021460
22-Dec-14,155.70,157.70,155.40,157.40,3066797
19-Dec-14,151.90,156.40,151.25,155.50,13188512
18-Dec-14,151.60,152.20,149.90,151.00,6454281
17-Dec-14,145.00,150.30,144.30,149.60,6322793
16-Dec-14,141.10,144.70,139.60,144.70,5323724
15-Dec-14,141.50,143.80,140.20,140.80,5081885
12-Dec-14,148.40,148.90,141.80,142.00,7042103
11-Dec-14,150.10,150.50,149.10,149.10,6090310
10-Dec-14,149.40,151.20,149.00,150.40,4198020
9-Dec-14,148.20,151.40,148.10,149.10,5818477
8-Dec-14,149.00,150.68,148.20,149.90,5211280
5-Dec-14,147.70,148.50,147.00,148.40,3170756
4-Dec-14,145.40,148.50,145.00,146.30,4267449
3-Dec-14,145.50,146.70,144.30,144.80,3264956
2-Dec-14,141.00,146.40,140.68,145.60,4646064
1-Dec-14,142.00,142.62,138.87,140.30,5167961
28-Nov-14,143.70,144.90,143.10,143.10,3339534
27-Nov-14,143.30,144.10,141.90,143.40,3499510
26-Nov-14,142.70,143.74,142.07,142.90,4927105
25-Nov-14,139.40,142.50,138.40,142.00,5787922
24-Nov-14,137.40,140.50,136.72,139.50,5467697
21-Nov-14,136.10,136.78,134.90,136.70,3874797
20-Nov-14,134.00,135.90,134.00,135.90,3281809
19-Nov-14,135.70,136.08,133.90,134.20,4843342
18-Nov-14,135.60,136.10,133.12,135.40,4600735
17-Nov-14,134.80,135.30,133.80,135.00,3872835
14-Nov-14,136.00,137.40,134.30,135.50,3640338
13-Nov-14,133.10,135.80,133.10,135.70,5643177
12-Nov-14,135.00,135.00,132.90,133.00,4733318
11-Nov-14,133.60,135.90,132.90,134.50,5588794
10-Nov-14,128.70,134.30,128.20,133.80,5391053
7-Nov-14,132.30,132.50,129.16,129.30,4530840
6-Nov-14,132.00,132.80,130.46,131.90,6409658
5-Nov-14,131.90,132.50,130.43,132.50,6802021
4-Nov-14,125.00,130.04,124.50,129.80,14737956
3-Nov-14,124.00,124.60,122.70,123.40,3075585
31-Oct-14,122.60,124.10,121.20,123.80,8703466
30-Oct-14,120.30,120.80,118.40,120.20,4647033
29-Oct-14,120.30,120.90,118.70,119.50,3756517
28-Oct-14,118.80,120.60,118.70,119.60,2428327
27-Oct-14,121.70,121.70,117.78,118.30,5239459
24-Oct-14,121.00,121.40,119.30,120.10,4887256
23-Oct-14,120.90,122.90,119.80,121.20,6640038
22-Oct-14,119.00,121.90,118.40,121.20,7494364
21-Oct-14,117.80,120.20,116.99,118.50,7297824
20-Oct-14,118.80,118.80,115.90,118.00,8398095
17-Oct-14,114.50,118.00,113.40,117.90,9132985
16-Oct-14,110.10,117.00,109.70,111.70,24290906
15-Oct-14,114.70,116.30,108.30,108.30,13095864
14-Oct-14,113.00,114.80,111.65,114.40,5594975
13-Oct-14,113.20,115.10,113.12,113.80,6477333
10-Oct-14,116.70,116.90,113.50,114.10,9086227
9-Oct-14,120.80,124.00,119.10,119.40,8447547
8-Oct-14,115.20,120.20,114.80,119.30,7644533
7-Oct-14,115.60,116.90,113.26,115.70,8033630
6-Oct-14,115.40,117.01,115.20,115.90,4338648
3-Oct-14,114.50,116.30,114.50,115.30,5108113
2-Oct-14,118.50,118.80,113.30,113.30,5917316
1-Oct-14,118.10,120.41,117.60,118.20,4240778
30-Sep-14,120.60,120.90,117.80,118.80,6057048
29-Sep-14,119.70,120.80,119.01,120.10,4069663
26-Sep-14,118.80,122.40,116.84,119.20,3003500
25-Sep-14,121.10,121.70,118.60,119.10,6693387
24-Sep-14,120.80,120.84,118.69,120.20,3752180
23-Sep-14,122.10,122.30,120.03,120.70,3743009
22-Sep-14,122.10,123.50,121.40,122.00,4212192
19-Sep-14,125.00,125.00,122.56,123.10,10384572
18-Sep-14,122.00,123.20,121.19,123.10,3453919
17-Sep-14,121.10,122.00,120.17,121.60,3477990
16-Sep-14,121.10,121.10,118.20,120.50,4813674
15-Sep-14,122.00,122.06,118.70,121.10,4643837
12-Sep-14,120.00,122.80,120.00,122.70,4924569
11-Sep-14,119.60,120.60,118.60,119.70,3314652
10-Sep-14,119.50,119.80,117.10,119.00,4991949
9-Sep-14,120.90,123.90,118.70,119.40,6592462
8-Sep-14,123.00,123.00,119.90,121.10,4189162
5-Sep-14,122.60,124.00,121.70,123.10,3277661
4-Sep-14,122.30,124.50,121.00,123.10,5493143
3-Sep-14,120.70,123.10,120.70,122.20,6083495
2-Sep-14,119.40,120.60,118.80,120.50,4092552
1-Sep-14,119.00,119.00,116.80,118.10,3905104
29-Aug-14,117.90,119.90,117.88,118.50,4366372
28-Aug-14,120.90,120.90,117.83,118.20,5360022
27-Aug-14,117.40,121.80,117.00,121.50,6802484
26-Aug-14,115.50,118.40,114.90,117.80,4096391
22-Aug-14,115.30,115.90,114.50,115.50,2700095
21-Aug-14,114.10,115.80,114.00,115.10,3425222
20-Aug-14,115.60,116.30,112.10,113.70,6215204
19-Aug-14,114.40,116.20,114.00,115.70,3161155
18-Aug-14,113.40,114.50,112.80,113.50,2782618
15-Aug-14,113.90,114.40,111.60,111.80,3270604
14-Aug-14,112.10,113.83,112.10,113.40,4556570
13-Aug-14,110.60,112.40,109.20,112.20,6040552
12-Aug-14,110.80,113.80,110.80,112.00,5102983
11-Aug-14,111.50,111.99,110.30,111.60,3615254
8-Aug-14,111.50,111.50,108.93,109.80,9320858
7-Aug-14,114.20,114.70,111.90,112.30,5804716
6-Aug-14,116.60,116.60,112.70,114.10,7365560
5-Aug-14,121.00,121.20,116.10,116.70,7349068
4-Aug-14,117.00,121.00,115.09,121.00,7240341
1-Aug-14,116.70,118.70,111.20,116.80,16095823
31-Jul-14,126.00,126.00,118.70,119.00,11075336
30-Jul-14,126.20,126.60,124.00,126.10,6226357
29-Jul-14,125.50,126.30,124.60,126.00,5673477
28-Jul-14,124.80,125.90,124.20,125.60,7856418
25-Jul-14,123.90,124.90,122.40,124.60,5232811
24-Jul-14,123.00,124.50,121.90,124.00,7331286
23-Jul-14,120.70,123.04,120.53,122.80,6258772
22-Jul-14,119.00,120.90,118.70,120.50,7754481
21-Jul-14,119.20,119.80,117.90,118.70,4874168
18-Jul-14,117.50,120.10,117.20,119.30,7320596
17-Jul-14,115.20,118.60,114.44,118.09,7173534
16-Jul-14,113.80,115.90,112.50,115.70,3795936
15-Jul-14,113.50,114.30,112.80,113.10,4129116
14-Jul-14,112.70,114.30,112.00,113.60,3533399
11-Jul-14,112.00,112.50,110.33,111.80,3846792
10-Jul-14,112.50,113.00,111.10,111.80,6041402
9-Jul-14,112.50,112.80,111.70,112.40,5022488
8-Jul-14,113.50,113.70,111.40,112.20,6637633
7-Jul-14,112.40,115.07,112.03,113.20,5018304
4-Jul-14,114.00,117.91,112.30,112.90,13574130
3-Jul-14,107.90,115.50,107.28,113.80,16439578
2-Jul-14,106.90,108.20,106.60,107.30,5386841
1-Jul-14,105.80,107.30,105.10,107.00,4823255
30-Jun-14,102.00,105.40,101.85,105.19,8418652
27-Jun-14,101.60,102.60,100.90,102.20,3975107
26-Jun-14,101.30,101.60,99.85,101.10,5100512
25-Jun-14,101.50,101.90,100.30,100.90,5567910
24-Jun-14,103.30,104.40,100.60,102.20,4423359
23-Jun-14,104.00,104.30,100.00,103.10,3191810
20-Jun-14,105.10,105.60,103.80,104.00,10013153
19-Jun-14,100.50,107.00,99.95,105.10,16177571
18-Jun-14,100.30,100.60,98.75,99.15,5107398
17-Jun-14,102.10,102.50,99.60,100.40,3983809
16-Jun-14,101.70,102.50,100.10,101.90,6353229
13-Jun-14,102.70,103.20,100.17,101.70,5617829
12-Jun-14,102.10,103.50,101.80,103.00,4677327
11-Jun-14,103.40,103.60,101.20,101.70,4390781
10-Jun-14,102.80,103.70,102.20,103.20,4172441
9-Jun-14,102.90,103.68,101.80,102.80,3492757
6-Jun-14,100.50,102.60,100.10,102.30,4015511
5-Jun-14,99.55,101.22,98.80,100.01,6192703
4-Jun-14,100.20,102.00,98.63,98.91,7861743
3-Jun-14,102.70,102.70,100.30,100.41,5672911
2-Jun-14,100.90,104.00,100.77,102.01,8601861
30-May-14,100.00,100.40,98.75,100.31,8914744
29-May-14,94.20,101.30,94.00,99.54,12485175
28-May-14,94.15,95.00,92.80,94.80,6751840
27-May-14,94.85,95.80,93.90,93.95,4416732
23-May-14,94.40,94.70,93.25,94.40,3836434
22-May-14,93.55,94.40,92.85,94.15,4977070
21-May-14,90.85,93.65,90.75,93.20,8451699
20-May-14,90.00,91.65,89.90,90.70,6066647
19-May-14,89.85,92.45,89.85,90.59,9212963
16-May-14,89.75,90.95,87.45,90.20,11853445
15-May-14,95.50,95.75,89.40,89.95,12942105
14-May-14,95.15,96.30,94.55,95.65,4500214
13-May-14,97.05,97.59,94.35,95.00,7012645
12-May-14,97.60,97.60,96.34,97.00,5671395
9-May-14,100.00,101.10,96.75,97.60,9495398
8-May-14,99.35,101.10,98.95,100.70,4644177
7-May-14,97.60,100.77,96.45,98.80,6851632
6-May-14,96.95,99.00,96.95,98.25,5912283
2-May-14,99.95,99.95,98.55,99.65,4675272
1-May-14,99.55,99.75,98.14,99.10,1419065
30-Apr-14,98.25,99.40,98.25,98.55,5981276
29-Apr-14,97.80,99.57,97.50,98.55,6318586
28-Apr-14,97.50,98.14,95.60,97.55,6556032
25-Apr-14,99.85,100.30,96.65,97.25,8084463
24-Apr-14,100.20,101.70,99.70,100.60,7608867
23-Apr-14,100.50,103.25,99.75,100.00,4273924
22-Apr-14,101.70,103.40,101.10,103.09,5156968
17-Apr-14,100.60,101.30,99.45,100.80,6647736
16-Apr-14,99.15,100.40,99.15,99.65,6491388
15-Apr-14,100.80,101.66,97.94,98.00,7119923
14-Apr-14,101.30,102.60,98.95,100.60,7240256
11-Apr-14,104.60,104.80,102.50,103.40,5271557
10-Apr-14,105.40,107.30,104.72,105.79,5332194
9-Apr-14,102.70,105.30,102.70,104.60,5329997
8-Apr-14,106.60,107.03,102.64,103.00,8122112
7-Apr-14,105.80,107.46,105.60,106.70,5607122
4-Apr-14,104.00,107.62,103.50,106.70,11458746
3-Apr-14,101.90,102.80,100.60,101.90,6032351
2-Apr-14,101.00,102.30,100.77,101.60,4481403
1-Apr-14,101.40,102.80,100.50,101.05,4627580
31-Mar-14,99.05,102.01,99.00,101.20,5494058
28-Mar-14,102.00,102.20,98.25,98.95,10307381
27-Mar-14,99.30,102.20,98.70,101.90,7800144
26-Mar-14,100.00,100.35,97.55,99.05,12546481
25-Mar-14,103.50,104.30,102.30,103.00,6868526
24-Mar-14,106.60,106.60,102.90,102.90,6841282
21-Mar-14,106.00,108.80,105.00,106.50,20422379
20-Mar-14,105.00,106.10,103.70,105.70,6561924
19-Mar-14,103.00,106.60,102.90,106.00,8665940
18-Mar-14,101.70,103.40,100.30,102.70,5107777
17-Mar-14,102.20,103.11,100.80,101.70,5161103
14-Mar-14,104.50,104.70,100.70,101.70,7451226
13-Mar-14,102.20,106.10,102.00,104.83,8628225
12-Mar-14,104.10,104.10,101.70,102.40,7210035
11-Mar-14,105.70,106.10,103.70,104.60,5077599
10-Mar-14,105.80,108.20,104.70,105.10,6989990
7-Mar-14,106.70,107.20,105.40,106.20,6727047
6-Mar-14,101.80,106.70,101.50,106.10,8816587
5-Mar-14,101.40,102.60,101.00,101.10,5976213
4-Mar-14,101.20,102.30,99.65,101.40,8933419
3-Mar-14,101.00,101.70,98.70,99.69,13486582
28-Feb-14,100.00,105.30,99.50,102.68,20786840
27-Feb-14,91.90,97.00,90.55,96.10,41420904
26-Feb-14,83.85,84.20,83.20,84.10,4575598
25-Feb-14,83.70,84.60,83.30,84.30,6042518
24-Feb-14,83.30,84.35,82.25,84.35,3303895
21-Feb-14,83.15,83.60,82.60,83.35,2669053
20-Feb-14,82.20,82.65,81.40,82.65,3288326
19-Feb-14,83.60,83.90,82.50,83.25,6270575
18-Feb-14,82.45,83.65,81.80,83.50,3346622
17-Feb-14,82.65,83.15,82.25,82.65,2163072
14-Feb-14,82.40,82.95,81.95,82.55,2800605
13-Feb-14,83.80,83.85,81.60,82.25,4631892
12-Feb-14,84.90,85.00,83.50,84.25,3643988
11-Feb-14,84.00,85.05,83.30,84.55,3558208
10-Feb-14,85.15,85.15,82.50,83.60,5962640
7-Feb-14,84.00,85.30,83.70,84.70,5152333
6-Feb-14,82.05,84.10,81.55,83.55,8253679
5-Feb-14,81.40,82.50,80.70,81.80,8170393
4-Feb-14,80.80,81.90,79.80,81.30,5254894
3-Feb-14,81.60,82.50,80.85,81.05,3832189
31-Jan-14,82.00,82.80,80.95,81.70,5160089
30-Jan-14,82.60,83.35,81.25,82.80,4727345
29-Jan-14,84.50,85.15,81.75,82.80,9193382
28-Jan-14,82.95,83.80,82.45,83.70,2966025
27-Jan-14,82.15,84.55,81.45,82.35,7015535
24-Jan-14,85.00,85.45,82.40,82.50,5454908
23-Jan-14,86.70,86.75,84.70,85.30,5115608
22-Jan-14,86.60,88.35,85.80,86.50,4355682
21-Jan-14,87.70,88.10,85.75,86.20,3407061
20-Jan-14,88.30,88.30,86.95,87.80,2412477
17-Jan-14,89.35,89.85,87.35,87.80,3839870
16-Jan-14,89.95,90.15,89.25,89.55,4126391
15-Jan-14,89.00,89.95,88.60,89.55,4265136
14-Jan-14,88.65,88.80,87.50,88.55,4651158
13-Jan-14,87.50,89.85,87.50,89.70,7840588
10-Jan-14,84.75,86.85,84.20,86.85,6539974
9-Jan-14,88.00,88.00,85.60,86.10,3297539
8-Jan-14,87.85,88.65,87.10,87.90,8045114
7-Jan-14,86.65,88.55,86.35,87.40,5898275
6-Jan-14,86.90,87.25,85.95,86.65,4024935
3-Jan-14,86.05,87.10,85.55,86.85,3458254
2-Jan-14,85.40,86.75,82.90,86.00,6325170
31-Dec-13,85.75,85.95,84.30,85.00,1215774
30-Dec-13,86.60,86.75,85.05,85.55,3395022
27-Dec-13,85.55,86.25,85.30,85.95,3335355
24-Dec-13,85.15,86.10,84.70,84.80,830502
23-Dec-13,83.05,84.55,82.40,84.50,3751565
20-Dec-13,81.75,83.30,80.95,82.70,4770079
19-Dec-13,82.00,82.85,81.15,81.55,2893998
18-Dec-13,80.80,81.65,80.10,81.10,3477863
17-Dec-13,81.80,81.85,80.15,80.45,3001675
16-Dec-13,80.80,82.25,80.25,82.00,2928228
13-Dec-13,80.70,81.20,80.30,80.95,2787319
12-Dec-13,82.30,82.50,80.00,80.45,6633443
11-Dec-13,83.75,84.05,82.25,82.50,6117992
10-Dec-13,83.55,85.10,83.30,83.80,4036958
9-Dec-13,86.20,86.20,83.15,84.35,3839790
6-Dec-13,85.10,85.65,84.30,85.40,3210096
5-Dec-13,85.00,86.00,84.65,84.90,4443927
4-Dec-13,85.70,86.10,84.90,85.80,3666415
3-Dec-13,86.70,86.95,85.65,85.70,6332072
2-Dec-13,87.95,88.25,86.80,87.00,4429388
29-Nov-13,88.70,89.65,88.45,88.70,2963966
28-Nov-13,87.50,89.00,87.00,88.80,5242384
27-Nov-13,86.10,88.05,85.95,87.55,4951895
26-Nov-13,85.65,86.30,85.20,86.10,3777648
25-Nov-13,84.95,86.25,84.50,86.05,3842599
22-Nov-13,83.25,85.00,82.80,84.40,4414011
21-Nov-13,83.00,83.60,82.75,83.15,2581704
20-Nov-13,83.95,84.70,82.80,83.50,4265007
19-Nov-13,84.30,85.45,83.60,83.90,3293846
18-Nov-13,83.00,85.80,82.80,84.80,6046197
15-Nov-13,83.75,84.20,82.65,83.10,4298884
14-Nov-13,84.50,84.65,83.30,83.55,3961363
13-Nov-13,84.80,84.80,82.50,83.30,6079560
12-Nov-13,87.15,87.40,84.50,85.00,5887444
11-Nov-13,85.95,87.40,85.95,87.00,2819706
8-Nov-13,86.15,86.30,84.00,86.05,4696212
7-Nov-13,87.60,88.75,86.50,86.80,4126206
6-Nov-13,87.10,88.55,86.70,87.50,3433923
5-Nov-13,88.95,88.95,85.75,86.40,3720008
4-Nov-13,89.35,89.75,88.50,88.60,3250170
1-Nov-13,89.35,89.80,88.25,88.80,4002288
31-Oct-13,89.80,90.15,88.35,89.00,7842091
30-Oct-13,91.45,91.90,89.75,90.30,6703970
29-Oct-13,88.60,92.30,87.60,91.00,9634327
28-Oct-13,90.95,91.05,88.95,89.00,4191439
25-Oct-13,90.50,91.30,90.15,90.30,8063192
24-Oct-13,88.75,91.65,88.20,90.45,10739882
23-Oct-13,88.65,-,-,88.10,5764533
22-Oct-13,87.80,90.65,87.45,89.55,8755211
21-Oct-13,88.15,88.80,87.30,87.65,14672915
18-Oct-13,86.65,87.10,84.80,86.90,7886675
17-Oct-13,85.00,87.50,84.15,85.85,19332835
16-Oct-13,83.70,83.85,81.70,82.90,7770046
15-Oct-13,79.75,84.20,79.75,83.70,20540196
14-Oct-13,78.60,79.00,78.20,78.70,6086514
11-Oct-13,79.00,79.50,78.00,78.75,8897410
10-Oct-13,79.60,81.50,78.80,79.00,6856236
9-Oct-13,78.35,80.10,78.00,78.90,5811192
8-Oct-13,80.20,80.50,78.25,78.35,6435329
7-Oct-13,80.15,80.65,76.35,80.10,9921758
4-Oct-13,80.90,81.65,79.75,81.35,5052048
3-Oct-13,81.40,82.20,80.30,80.30,5274081
2-Oct-13,82.85,82.95,79.80,81.10,9571852
1-Oct-13,84.10,84.15,82.60,83.10,6367503
30-Sep-13,84.75,85.20,83.30,83.90,5914751
27-Sep-13,87.50,87.50,85.45,86.25,4192629
26-Sep-13,83.50,87.55,83.50,87.25,8993150
25-Sep-13,85.15,85.35,83.00,83.55,7016291
24-Sep-13,86.30,86.40,84.50,85.20,8545440
20-Sep-13,89.50,89.65,87.85,87.85,18173625
19-Sep-13,91.15,91.30,89.40,89.55,4425668
18-Sep-13,89.80,90.60,88.75,89.35,4418509
17-Sep-13,89.75,90.30,88.50,89.75,5737224
16-Sep-13,88.75,90.00,88.05,89.35,5753858
13-Sep-13,87.90,88.05,87.20,87.75,2340735
12-Sep-13,88.95,89.15,87.55,88.00,4548640
11-Sep-13,88.30,89.70,87.70,88.60,5717470
10-Sep-13,89.80,90.00,87.95,88.70,7229047
9-Sep-13,87.00,89.40,86.55,89.05,7802660
6-Sep-13,85.75,88.00,84.65,87.00,10430178
5-Sep-13,85.25,86.10,83.15,85.45,7746094
4-Sep-13,84.00,85.70,82.45,85.35,7294301
3-Sep-13,83.95,84.40,82.40,83.75,5212143
2-Sep-13,81.85,84.00,81.70,83.75,7645965
30-Aug-13,83.35,83.35,81.45,81.45,6108757
29-Aug-13,83.30,84.05,81.40,82.95,7900127
28-Aug-13,82.65,83.85,81.80,82.80,6387361
27-Aug-13,86.30,86.50,83.00,83.20,7053424
23-Aug-13,84.85,87.85,84.40,86.40,7121916
22-Aug-13,81.50,85.85,81.50,84.70,7264463
21-Aug-13,83.90,84.80,81.30,81.50,9092601
20-Aug-13,83.85,84.85,82.50,83.75,6938830
19-Aug-13,85.75,86.50,84.10,84.85,3758847
16-Aug-13,84.65,86.75,83.90,85.40,10401548
15-Aug-13,87.40,88.05,84.45,84.85,8371247
14-Aug-13,85.85,88.60,85.85,87.85,5978729
13-Aug-13,88.85,89.90,86.80,87.00,6986736
12-Aug-13,92.60,92.60,88.25,88.65,9916627
9-Aug-13,92.00,93.45,91.00,92.45,5030628
8-Aug-13,91.00,92.55,91.00,92.05,4499354
7-Aug-13,91.55,92.15,90.10,90.60,8168859
6-Aug-13,94.55,95.80,91.30,91.80,9487814
5-Aug-13,91.90,94.90,90.50,94.85,10946304
2-Aug-13,91.00,92.40,87.15,91.50,30332208
1-Aug-13,80.30,84.85,80.30,82.55,12718349
31-Jul-13,80.25,81.30,79.70,80.30,8273693
30-Jul-13,82.00,82.10,79.65,80.06,11229017
29-Jul-13,83.50,83.55,79.50,82.70,11293936
26-Jul-13,86.50,87.15,83.20,83.65,8301661
25-Jul-13,87.50,87.55,85.10,86.00,6443584
24-Jul-13,88.70,88.85,85.40,87.30,7914630
23-Jul-13,89.20,89.60,87.85,87.85,4293747
22-Jul-13,89.10,89.15,87.60,88.35,4041770
19-Jul-13,87.60,88.85,86.11,88.60,5824870
18-Jul-13,88.00,88.48,85.80,87.70,9658014
17-Jul-13,89.50,90.40,88.25,89.15,7764372
16-Jul-13,88.40,89.55,85.60,89.00,9916377
15-Jul-13,92.55,92.55,87.55,88.25,15029182
12-Jul-13,92.35,93.00,91.40,91.95,5696227
11-Jul-13,92.00,94.05,90.63,92.10,5970281
10-Jul-13,89.90,90.80,88.70,90.55,6029529
9-Jul-13,89.50,90.80,88.80,89.95,7283127
8-Jul-13,85.75,88.20,84.85,87.45,5504352
5-Jul-13,85.25,87.70,84.05,84.65,6216650
4-Jul-13,84.60,85.00,81.55,84.70,9408236
3-Jul-13,83.80,84.39,81.50,83.30,12221616
2-Jul-13,86.20,86.20,84.50,85.20,8952367
1-Jul-13,84.05,86.10,82.48,85.70,10140499
28-Jun-13,82.15,84.35,81.50,83.20,8651941
27-Jun-13,85.20,85.51,79.10,82.00,16653930
26-Jun-13,82.55,84.95,81.95,84.65,12025652
25-Jun-13,82.00,82.95,81.00,82.30,11601387
24-Jun-13,79.15,82.85,78.35,81.05,20316509
21-Jun-13,80.45,83.27,78.55,78.80,16784980
20-Jun-13,85.00,85.84,77.55,78.65,24869858
19-Jun-13,89.15,89.85,86.25,87.40,8802647
18-Jun-13,89.60,90.44,88.70,89.55,5946128
17-Jun-13,88.65,90.18,88.25,89.85,8636073
14-Jun-13,89.00,90.44,87.95,88.25,9131313
13-Jun-13,85.00,89.35,83.70,88.00,15909144
12-Jun-13,86.40,96.34,86.15,87.95,20283707
11-Jun-13,91.90,92.77,84.25,85.63,38035759
10-Jun-13,95.05,99.50,92.75,92.85,12051430
7-Jun-13,94.70,97.90,92.10,94.90,16537386
6-Jun-13,96.55,101.00,94.05,94.10,15264500
5-Jun-13,109.92,110.00,97.05,103.58,33743535
4-Jun-13,114.90,119.00,113.90,116.50,8619937
3-Jun-13,115.00,115.48,113.27,113.60,6188463
31-May-13,122.00,122.00,115.00,115.50,11904929
30-May-13,121.00,122.80,120.80,122.10,4518037
29-May-13,124.60,125.20,122.47,122.60,5848285
28-May-13,124.40,126.20,123.30,125.40,5588973
24-May-13,125.00,126.25,121.01,124.10,6929291
23-May-13,127.50,128.00,122.30,124.90,11972663
22-May-13,134.40,136.00,132.40,133.50,7215983
21-May-13,132.00,135.21,131.06,134.40,6076368
20-May-13,132.20,133.25,130.60,131.90,4182390
17-May-13,126.50,132.05,120.00,131.50,11566927
16-May-13,126.00,127.00,124.70,126.50,5176743
15-May-13,121.80,125.47,119.50,124.90,6655970
14-May-13,124.70,125.00,121.30,121.60,8363525
13-May-13,125.70,126.60,123.20,124.60,4228208
10-May-13,123.90,126.40,123.30,125.70,5014266
9-May-13,123.00,124.51,121.60,124.10,6616855
8-May-13,126.00,127.70,120.30,123.80,11067278
7-May-13,120.10,125.50,120.10,125.00,15216906
3-May-13,105.00,121.80,105.00,120.00,38293082
2-May-13,105.50,107.30,105.10,106.30,10191049
1-May-13,104.10,106.00,103.98,105.77,7493956
30-Apr-13,104.00,105.40,101.90,102.20,10728703
29-Apr-13,104.70,105.20,102.06,103.10,6881198
26-Apr-13,105.50,112.59,103.10,104.50,4754713
25-Apr-13,105.00,107.60,103.70,105.50,8802258
24-Apr-13,99.47,113.06,99.45,104.00,11753257
23-Apr-13,106.40,108.60,97.84,108.10,9387077
22-Apr-13,107.50,108.30,105.90,106.10,5927319
19-Apr-13,105.50,107.50,105.10,106.70,7355460
18-Apr-13,106.20,107.57,105.10,105.30,6353825
17-Apr-13,107.50,107.50,104.50,105.62,10695452
16-Apr-13,106.40,107.50,104.90,106.50,7550185
15-Apr-13,104.70,107.28,103.73,106.20,9181532
12-Apr-13,103.60,105.30,102.40,104.66,9131477
11-Apr-13,104.10,107.00,102.15,104.36,21992363
10-Apr-13,94.90,98.30,94.05,97.70,14743533
9-Apr-13,89.00,94.29,88.90,93.70,12384786
8-Apr-13,87.95,89.60,86.62,88.10,6152764
5-Apr-13,90.10,90.25,82.62,89.88,7034844
4-Apr-13,90.60,91.67,88.80,89.35,5806340
3-Apr-13,88.75,92.25,88.66,90.21,7907631
2-Apr-13,89.25,90.38,87.80,88.13,7355238
28-Mar-13,90.50,92.10,88.80,89.15,7328187
27-Mar-13,93.50,94.60,90.50,91.19,9221957
26-Mar-13,93.85,94.50,92.65,94.16,6522933
25-Mar-13,95.15,95.65,93.35,93.40,9329684
22-Mar-13,95.35,95.50,93.85,94.20,4568336
21-Mar-13,96.75,96.75,94.95,95.83,8078427
20-Mar-13,98.10,98.90,96.35,96.55,5147305
19-Mar-13,100.00,100.00,97.80,98.10,4659966
18-Mar-13,98.50,101.00,97.00,100.50,3669735
15-Mar-13,104.20,104.82,100.30,100.30,19367369
14-Mar-13,103.40,103.97,101.60,103.80,9429483
13-Mar-13,99.80,103.20,99.80,102.16,12224053
12-Mar-13,97.35,99.50,96.95,98.59,4691277
11-Mar-13,99.30,99.40,96.04,97.25,6263961
8-Mar-13,100.00,100.00,97.58,99.50,6127470
7-Mar-13,99.72,100.72,98.90,99.45,5141087
6-Mar-13,98.45,100.50,98.45,99.75,9292516
5-Mar-13,95.00,98.76,95.00,97.97,8937837
4-Mar-13,95.45,97.00,94.52,96.10,9839536
1-Mar-13,99.00,100.40,94.90,96.16,14246633
28-Feb-13,101.00,108.20,96.64,106.15,21643470
27-Feb-13,102.60,103.20,100.97,103.00,7304828
26-Feb-13,103.60,104.00,101.40,101.90,7001194
25-Feb-13,107.50,108.20,104.83,105.91,7226526
22-Feb-13,106.00,108.34,105.20,105.20,4517501
21-Feb-13,106.40,106.40,102.11,104.97,6275575
20-Feb-13,110.00,110.00,106.20,106.60,5198504
19-Feb-13,109.90,110.00,106.80,108.81,7271628
18-Feb-13,108.20,112.00,108.00,109.60,5499391
15-Feb-13,111.20,111.61,106.28,108.60,6373956
14-Feb-13,108.10,115.30,107.90,109.52,11364002
13-Feb-13,105.40,109.88,96.20,105.72,9418848
12-Feb-13,100.90,105.44,100.90,105.10,10250945
11-Feb-13,97.90,101.30,97.90,100.80,6737546
8-Feb-13,96.50,99.10,96.50,97.90,7517677
7-Feb-13,95.30,97.95,95.25,96.20,7834288
6-Feb-13,93.00,96.10,93.00,95.10,16465040
5-Feb-13,88.55,91.30,87.12,90.75,5009279
4-Feb-13,90.35,90.58,88.90,88.90,7146847
1-Feb-13,88.60,91.65,88.60,90.50,8346552
31-Jan-13,89.85,89.95,87.30,88.26,8903801
30-Jan-13,92.00,92.30,89.10,89.80,6005355
29-Jan-13,93.65,93.78,91.35,92.11,4915641
28-Jan-13,94.80,96.50,92.91,93.34,5611077
25-Jan-13,95.45,95.85,93.85,95.00,4739792
24-Jan-13,93.00,96.65,92.70,95.00,7397278
23-Jan-13,96.55,97.00,92.55,93.20,8213293
22-Jan-13,97.40,98.61,94.70,96.40,6461182
21-Jan-13,96.55,98.15,96.55,97.30,5667218
18-Jan-13,96.60,97.87,95.30,96.40,7618760
17-Jan-13,93.40,97.25,93.25,96.05,11444589
16-Jan-13,92.85,93.80,91.25,93.45,6237920
15-Jan-13,93.00,93.54,91.85,92.85,5774583
14-Jan-13,92.00,93.65,90.90,93.15,8005472
11-Jan-13,91.65,93.08,91.40,92.80,8248131
10-Jan-13,90.70,92.40,90.25,91.10,8006773
9-Jan-13,90.50,92.00,89.65,90.50,9532246
8-Jan-13,87.55,91.70,87.15,89.55,16095176
7-Jan-13,86.25,87.96,86.09,87.70,6664946
4-Jan-13,86.80,87.95,84.70,85.29,8988872
3-Jan-13,84.50,88.35,84.41,86.63,10639790
2-Jan-13,84.90,86.44,84.20,84.66,7571537
