31-Dec-15,142.50,143.88,142.50,143.50,239195
30-Dec-15,143.00,167.00,142.70,143.00,81519
29-Dec-15,141.70,142.79,140.60,142.10,61416
24-Dec-15,141.90,142.90,140.75,141.10,19707
23-Dec-15,141.00,142.05,140.00,140.80,345561
22-Dec-15,140.40,141.50,139.56,140.50,365919
21-Dec-15,139.90,140.50,138.50,139.30,211765
18-Dec-15,137.70,140.00,137.50,139.00,335501
16-Dec-15,134.10,136.30,134.00,136.00,70672
15-Dec-15,135.00,136.49,133.00,135.30,114802
14-Dec-15,134.50,134.50,132.60,132.80,98107
11-Dec-15,134.00,135.30,132.00,132.70,344897
10-Dec-15,137.00,137.00,134.00,135.00,171691
9-Dec-15,136.00,137.33,135.00,135.50,139079
8-Dec-15,138.00,139.00,136.00,136.10,285364
7-Dec-15,138.10,139.70,137.60,139.70,87680
4-Dec-15,137.50,139.34,137.50,138.10,49985
3-Dec-15,137.50,140.21,137.50,139.11,162173
2-Dec-15,138.60,140.00,138.60,140.00,76887
1-Dec-15,135.00,137.60,135.00,137.30,93000
30-Nov-15,134.00,136.10,133.95,136.00,137465
27-Nov-15,135.50,136.50,134.15,136.50,101981
26-Nov-15,138.00,138.50,137.00,138.00,75704
25-Nov-15,136.00,137.86,135.60,137.80,226150
24-Nov-15,136.30,137.00,135.28,136.00,170835
23-Nov-15,136.90,138.00,135.21,137.00,151054
20-Nov-15,135.50,137.20,134.13,137.20,163447
19-Nov-15,134.00,135.40,133.10,134.20,94218
18-Nov-15,133.10,134.42,132.00,132.50,99159
17-Nov-15,134.50,135.28,133.14,133.30,304960
16-Nov-15,131.90,134.20,131.90,134.00,60898
13-Nov-15,137.00,138.00,134.00,134.80,243295
12-Nov-15,139.00,140.00,137.50,139.50,102679
11-Nov-15,139.40,139.98,137.60,138.00,160677
10-Nov-15,138.60,140.80,138.00,140.61,75485
9-Nov-15,137.80,141.10,137.80,140.00,135626
6-Nov-15,137.60,139.50,137.60,139.50,224186
5-Nov-15,138.70,139.00,137.00,139.00,50958
4-Nov-15,137.50,139.00,137.10,137.50,129308
3-Nov-15,134.10,135.20,133.94,134.00,110365
2-Nov-15,136.00,136.00,132.80,134.00,45344
30-Oct-15,136.00,136.00,134.32,134.60,218894
29-Oct-15,136.00,136.00,134.00,134.80,217887
28-Oct-15,135.00,136.00,133.50,134.00,201778
27-Oct-15,135.30,135.90,133.90,135.50,216527
26-Oct-15,135.30,135.30,133.50,135.10,399625
23-Oct-15,131.10,135.80,131.10,134.80,340851
22-Oct-15,129.80,131.50,129.60,131.20,308889
21-Oct-15,129.00,130.90,128.70,130.03,57283
20-Oct-15,131.00,131.80,130.10,130.87,20855
19-Oct-15,132.50,132.75,130.50,130.60,148110
16-Oct-15,130.20,132.20,129.58,130.70,185749
15-Oct-15,130.00,132.09,129.00,131.90,299781
14-Oct-15,127.60,128.98,127.20,128.35,55775
13-Oct-15,129.60,130.77,128.20,129.00,107226
12-Oct-15,129.70,131.00,128.76,130.00,350981
9-Oct-15,125.10,127.70,125.10,126.75,387054
8-Oct-15,126.50,127.00,125.00,125.50,372012
7-Oct-15,122.60,127.40,122.60,126.25,587173
6-Oct-15,121.50,124.00,121.50,123.10,44399
5-Oct-15,120.60,123.89,120.60,123.00,176542
2-Oct-15,121.00,121.00,118.00,118.10,348936
1-Oct-15,120.40,121.00,118.30,118.80,90558
30-Sep-15,117.00,120.00,116.29,119.40,196450
29-Sep-15,114.80,117.00,113.40,115.50,145014
28-Sep-15,119.00,119.00,116.00,117.00,275107
25-Sep-15,116.40,119.00,116.40,118.00,94374
24-Sep-15,118.50,118.50,116.80,117.00,116248
23-Sep-15,117.00,118.50,116.60,116.60,96208
22-Sep-15,118.60,120.52,117.00,118.10,107382
21-Sep-15,120.70,121.38,119.00,120.00,105833
18-Sep-15,122.00,122.00,117.70,118.00,712159
17-Sep-15,118.10,119.70,118.00,118.10,134942
16-Sep-15,118.90,122.80,116.10,118.60,204334
15-Sep-15,113.00,115.85,113.00,115.50,206523
14-Sep-15,113.10,116.50,113.10,115.50,69484
11-Sep-15,119.90,119.90,116.00,116.30,55742
10-Sep-15,118.50,119.68,116.10,117.00,146545
9-Sep-15,122.10,122.60,118.00,118.00,118719
8-Sep-15,115.50,119.10,115.50,117.12,85787
7-Sep-15,116.00,116.90,113.50,115.80,16861
4-Sep-15,116.10,116.10,112.40,113.00,386633
3-Sep-15,115.30,117.52,112.87,116.80,303186
2-Sep-15,117.10,117.55,112.60,114.20,108666
1-Sep-15,117.50,120.40,114.20,114.60,182635
28-Aug-15,122.50,125.00,121.00,121.30,153367
27-Aug-15,120.00,122.00,116.11,120.60,166697
26-Aug-15,115.10,118.32,112.60,113.10,375867
25-Aug-15,109.50,120.00,105.31,119.00,639049
24-Aug-15,110.70,112.00,105.06,111.90,1181275
21-Aug-15,119.80,119.80,114.00,115.50,390418
20-Aug-15,126.20,127.33,121.10,121.60,401052
19-Aug-15,127.50,129.00,126.70,127.50,234705
18-Aug-15,129.00,131.73,127.35,129.34,158721
17-Aug-15,135.90,135.90,133.38,133.70,45377
14-Aug-15,135.90,136.00,133.02,134.00,43681
13-Aug-15,135.00,135.00,132.20,134.20,152967
12-Aug-15,135.70,138.70,130.40,130.40,847542
11-Aug-15,137.00,141.28,137.00,137.60,210177
10-Aug-15,137.60,140.84,137.60,139.30,36026
7-Aug-15,135.40,136.50,134.85,136.10,315552
6-Aug-15,136.70,136.91,134.60,134.60,23431
5-Aug-15,136.00,136.99,134.80,135.90,42638
4-Aug-15,134.40,136.00,134.00,135.00,142838
3-Aug-15,132.00,135.70,132.00,132.60,226196
31-Jul-15,133.50,134.90,133.10,134.43,404344
30-Jul-15,134.50,137.00,132.85,133.51,630365
29-Jul-15,138.00,138.55,136.00,136.50,317800
28-Jul-15,135.00,136.96,134.92,135.00,141282
27-Jul-15,140.00,140.00,135.73,136.50,306701
24-Jul-15,147.00,147.80,145.14,147.10,974466
23-Jul-15,145.50,147.30,145.50,146.00,250000
22-Jul-15,144.10,146.40,144.00,145.75,227724
21-Jul-15,145.40,146.50,144.87,145.78,199600
20-Jul-15,143.90,146.50,142.99,145.40,344357
17-Jul-15,142.50,144.17,142.19,142.85,399418
16-Jul-15,141.70,141.88,139.10,140.50,1232919
15-Jul-15,139.90,139.90,137.48,138.00,398141
14-Jul-15,142.80,144.00,141.50,142.00,127724
13-Jul-15,145.50,145.50,142.50,143.54,266140
10-Jul-15,137.00,141.80,134.20,139.80,1067464
9-Jul-15,128.30,131.70,128.30,129.50,843103
8-Jul-15,129.90,129.90,121.03,125.00,796931
7-Jul-15,141.00,142.42,136.00,136.30,635395
6-Jul-15,144.60,144.60,140.50,142.40,372604
3-Jul-15,148.10,149.57,146.30,147.00,190383
2-Jul-15,148.00,153.00,148.00,152.00,270884
1-Jul-15,152.50,154.80,151.12,152.00,588073
30-Jun-15,152.83,154.20,151.80,152.20,431653
29-Jun-15,147.40,149.70,142.63,148.50,476193
26-Jun-15,156.00,156.00,148.50,151.50,1438837
25-Jun-15,161.60,162.44,160.50,161.00,253616
24-Jun-15,161.00,164.80,160.76,164.20,311905
23-Jun-15,160.10,161.48,158.52,161.00,340005
22-Jun-15,158.80,159.87,157.11,158.65,146108
19-Jun-15,156.70,158.50,155.66,158.10,675549
18-Jun-15,163.60,164.65,160.50,160.80,451215
17-Jun-15,165.60,166.62,164.45,166.00,225872
16-Jun-15,169.00,169.00,163.50,164.00,360897
15-Jun-15,170.50,171.07,167.50,168.50,406056
12-Jun-15,170.50,172.65,170.50,172.40,585893
11-Jun-15,167.70,170.80,166.73,169.50,337134
10-Jun-15,168.50,168.90,164.31,167.80,1102212
9-Jun-15,169.80,170.40,168.40,169.40,575927
8-Jun-15,170.50,172.20,170.50,172.00,241703
5-Jun-15,170.80,171.20,169.00,170.10,175995
4-Jun-15,172.00,173.10,170.50,170.90,150093
3-Jun-15,173.80,173.80,171.50,173.00,151593
2-Jun-15,171.70,174.24,171.10,173.60,486610
1-Jun-15,172.10,174.08,171.60,171.70,295381
29-May-15,168.00,171.00,166.91,170.75,456606
28-May-15,169.80,169.99,165.91,168.60,579725
27-May-15,177.40,177.40,173.00,174.20,1513131
26-May-15,175.70,179.78,175.70,179.78,984624
22-May-15,170.00,174.00,169.80,173.64,459881
21-May-15,169.70,170.06,168.80,169.10,151514
20-May-15,169.50,170.28,168.68,169.70,304933
19-May-15,166.50,169.00,164.62,168.20,397953
18-May-15,165.10,165.90,163.05,163.20,31988
15-May-15,164.00,165.00,163.40,163.40,262407
14-May-15,164.60,165.26,162.48,163.20,207326
13-May-15,164.60,165.50,162.70,163.40,143671
12-May-15,162.30,163.60,160.60,163.00,357015
11-May-15,165.40,166.50,163.54,164.00,706562
8-May-15,162.80,164.00,160.20,162.00,627338
7-May-15,162.00,163.30,154.01,159.50,902546
6-May-15,165.60,166.62,162.00,163.60,575602
5-May-15,167.50,168.77,165.09,165.90,403336
1-May-15,167.00,169.20,166.50,167.00,62259
30-Apr-15,168.50,169.40,167.50,167.50,970371
29-Apr-15,169.40,169.92,168.00,168.80,322219
28-Apr-15,171.40,171.71,169.00,169.25,365502
27-Apr-15,172.10,172.81,171.30,171.90,688870
24-Apr-15,170.50,170.80,169.50,170.30,566704
23-Apr-15,171.00,171.50,169.50,171.40,781345
22-Apr-15,169.60,171.40,168.93,170.90,1317061
21-Apr-15,166.40,168.50,165.06,167.50,355028
20-Apr-15,164.30,165.30,162.22,165.00,125620
17-Apr-15,166.20,168.60,161.37,162.30,1401366
16-Apr-15,167.90,168.20,165.42,166.20,446462
15-Apr-15,167.50,167.78,166.20,167.50,484038
14-Apr-15,169.00,169.00,166.00,167.70,688985
13-Apr-15,169.40,173.00,169.40,170.00,1195641
10-Apr-15,167.90,168.81,166.04,167.40,186758
9-Apr-15,159.90,164.70,158.90,162.40,522987
8-Apr-15,153.50,160.00,153.50,158.60,389812
7-Apr-15,148.50,152.40,148.50,150.90,380744
2-Apr-15,145.90,147.99,144.71,147.90,187038
1-Apr-15,143.70,146.00,143.34,143.34,382957
31-Mar-15,143.70,144.00,143.25,143.60,321265
30-Mar-15,142.80,144.81,141.50,144.02,461675
27-Mar-15,140.10,140.50,138.50,140.30,66670
26-Mar-15,140.00,140.77,137.50,139.00,144411
25-Mar-15,141.60,142.54,140.60,140.80,265406
24-Mar-15,143.30,143.50,141.60,141.97,390132
23-Mar-15,142.90,143.50,141.70,142.00,479467
20-Mar-15,141.50,142.88,140.80,141.70,756208
19-Mar-15,141.00,142.30,140.07,141.50,393453
18-Mar-15,139.00,140.66,138.60,140.00,252373
17-Mar-15,137.00,139.30,136.50,138.00,291555
16-Mar-15,134.50,137.00,134.50,136.90,188843
13-Mar-15,133.40,135.51,133.40,134.50,92425
12-Mar-15,132.00,133.50,132.00,133.40,9855
11-Mar-15,134.30,134.30,131.50,131.50,321109
10-Mar-15,132.70,134.25,131.50,133.45,181781
9-Mar-15,132.00,134.88,132.00,133.25,191420
6-Mar-15,133.00,133.91,132.40,132.80,251817
5-Mar-15,134.20,134.20,132.80,133.00,196062
4-Mar-15,132.20,133.65,132.20,133.00,220438
3-Mar-15,133.20,134.25,133.00,133.40,438518
2-Mar-15,133.90,134.98,133.00,134.50,123100
27-Feb-15,133.80,134.00,132.20,133.50,40436
26-Feb-15,132.30,132.82,131.84,132.30,209309
25-Feb-15,132.70,132.73,131.65,132.00,43873
24-Feb-15,134.50,134.50,132.00,132.50,194142
23-Feb-15,131.60,132.94,131.60,132.00,171098
20-Feb-15,134.40,134.40,131.50,131.80,304435
19-Feb-15,131.50,133.90,131.50,132.40,96465
18-Feb-15,132.20,133.59,131.80,132.10,182003
17-Feb-15,134.70,134.70,132.00,132.20,213950
16-Feb-15,134.50,134.50,131.70,132.00,179193
13-Feb-15,134.50,135.41,133.00,134.70,175628
12-Feb-15,135.00,135.00,133.00,133.80,69013
11-Feb-15,133.40,134.68,133.00,133.20,32563
10-Feb-15,133.10,134.00,133.00,133.40,173941
9-Feb-15,135.00,135.00,132.00,132.10,131007
6-Feb-15,134.50,136.20,133.40,134.03,216047
5-Feb-15,135.50,137.00,134.70,135.40,36225
4-Feb-15,137.00,138.10,135.10,137.40,280658
3-Feb-15,136.70,137.69,134.00,136.70,100660
2-Feb-15,134.50,135.49,133.50,134.30,410095
30-Jan-15,135.60,137.00,134.60,134.80,416491
29-Jan-15,139.00,139.00,135.86,136.70,231332
28-Jan-15,139.00,140.00,137.59,139.00,245103
27-Jan-15,140.00,141.90,138.08,138.10,70770
26-Jan-15,141.20,142.00,140.43,141.40,59433
23-Jan-15,141.10,142.68,140.20,141.80,139010
22-Jan-15,141.20,141.40,138.00,139.70,481389
21-Jan-15,140.00,141.30,138.00,139.20,265755
20-Jan-15,136.00,138.04,136.00,137.00,214717
19-Jan-15,134.50,136.00,132.00,135.00,250346
16-Jan-15,142.00,142.40,140.40,141.30,261711
15-Jan-15,141.10,142.40,141.10,141.90,56112
14-Jan-15,140.30,141.50,140.10,140.60,361384
13-Jan-15,141.50,142.50,140.34,142.44,97769
12-Jan-15,141.00,142.19,140.33,140.60,336924
9-Jan-15,140.20,141.90,140.20,140.40,210167
8-Jan-15,140.00,141.80,139.00,139.00,296279
7-Jan-15,137.00,139.80,137.00,139.10,175655
6-Jan-15,137.10,137.60,136.60,137.00,669740
5-Jan-15,136.30,137.93,136.30,136.50,411144
31-Dec-14,133.90,133.99,133.22,133.80,38242
30-Dec-14,132.00,133.40,132.00,132.10,146432
29-Dec-14,132.60,133.64,132.00,132.00,134482
24-Dec-14,-,-,-,131.60,0
23-Dec-14,130.50,131.60,130.29,131.60,116684
22-Dec-14,129.60,132.00,129.15,131.80,84159
19-Dec-14,130.00,130.00,128.50,129.90,490684
18-Dec-14,128.50,129.00,127.50,128.50,294539
17-Dec-14,126.50,128.24,126.07,126.40,150067
16-Dec-14,127.00,127.78,126.10,126.50,202556
15-Dec-14,128.00,129.50,126.03,126.80,280886
12-Dec-14,129.70,130.00,128.00,128.00,197010
11-Dec-14,130.00,130.00,128.20,129.80,440311
10-Dec-14,130.10,130.80,129.10,130.50,157796
9-Dec-14,130.90,130.90,128.24,129.70,394388
8-Dec-14,134.10,137.99,134.10,136.30,448249
5-Dec-14,133.50,134.50,132.59,134.10,85152
4-Dec-14,132.50,133.00,131.40,133.00,129385
3-Dec-14,131.30,131.30,129.17,130.60,27227
2-Dec-14,131.40,131.40,129.44,131.26,271518
1-Dec-14,130.00,130.40,128.50,128.90,130305
28-Nov-14,131.20,132.48,131.00,131.70,73718
27-Nov-14,131.00,131.70,130.10,130.50,162267
26-Nov-14,129.80,132.00,129.80,132.00,157566
25-Nov-14,131.50,131.50,128.70,129.60,356279
24-Nov-14,129.30,130.66,128.56,129.20,776962
21-Nov-14,124.70,128.44,124.70,128.00,1044988
20-Nov-14,126.00,126.42,124.70,125.30,48698
19-Nov-14,126.80,127.10,125.41,125.90,81290
18-Nov-14,126.00,126.61,125.60,126.30,306147
17-Nov-14,126.50,126.96,126.10,126.50,606091
14-Nov-14,126.70,128.00,126.19,127.00,432112
13-Nov-14,125.50,126.80,124.62,126.38,247381
12-Nov-14,124.40,125.00,123.38,124.00,134829
11-Nov-14,123.70,124.20,123.00,123.30,51000
10-Nov-14,123.50,123.50,122.50,122.80,182447
7-Nov-14,121.40,122.40,121.00,121.60,71192
6-Nov-14,122.20,122.40,120.68,122.40,99480
5-Nov-14,122.40,122.40,120.90,121.70,151157
4-Nov-14,121.00,122.00,121.00,121.30,150596
3-Nov-14,120.80,121.60,120.26,121.10,277349
31-Oct-14,120.40,121.50,120.05,120.50,407639
30-Oct-14,119.90,119.90,118.50,119.10,68576
29-Oct-14,118.90,119.30,118.12,118.80,185454
28-Oct-14,117.50,118.30,117.30,118.10,379209
27-Oct-14,115.30,116.90,115.27,115.80,269603
24-Oct-14,116.60,116.90,115.78,116.50,226278
23-Oct-14,116.90,116.90,115.50,116.10,283525
22-Oct-14,116.00,117.06,115.06,116.90,387540
21-Oct-14,115.30,116.00,114.00,116.00,210016
20-Oct-14,116.00,116.00,114.10,114.80,148624
17-Oct-14,112.80,115.40,112.10,115.40,280494
16-Oct-14,113.00,113.32,111.00,111.90,525503
15-Oct-14,115.30,115.60,112.00,113.00,466351
14-Oct-14,115.40,115.40,113.50,114.60,430332
13-Oct-14,116.20,117.00,114.37,114.60,395114
10-Oct-14,116.70,118.41,115.80,116.90,79998
9-Oct-14,119.30,119.50,117.26,117.45,309552
8-Oct-14,119.40,120.16,118.30,118.50,247837
7-Oct-14,119.70,120.76,119.00,119.50,192804
6-Oct-14,119.00,120.50,119.00,120.30,414709
3-Oct-14,116.60,118.80,116.60,118.40,1424817
2-Oct-14,116.00,117.24,115.00,115.50,265050
1-Oct-14,117.00,117.60,116.00,116.70,281389
30-Sep-14,117.50,117.86,116.70,117.10,232998
29-Sep-14,117.80,118.30,117.00,117.00,135253
26-Sep-14,117.10,119.00,117.10,119.00,83714
25-Sep-14,120.00,120.95,116.00,117.70,604377
24-Sep-14,121.90,121.90,119.32,120.00,425666
23-Sep-14,121.90,121.90,119.00,119.00,176220
22-Sep-14,121.00,121.50,118.36,119.50,1403288
19-Sep-14,120.00,122.40,120.00,121.50,789647
18-Sep-14,122.40,122.40,120.41,121.15,343207
17-Sep-14,122.50,123.00,121.50,122.50,142618
16-Sep-14,122.80,122.80,120.50,121.85,849259
15-Sep-14,122.00,123.50,122.00,122.00,562616
12-Sep-14,123.20,123.23,122.00,122.90,214307
11-Sep-14,122.00,123.22,121.55,123.00,710302
10-Sep-14,121.50,122.49,121.50,121.80,825363
9-Sep-14,121.70,122.63,121.23,121.90,203577
8-Sep-14,118.80,121.20,118.69,121.00,351933
5-Sep-14,117.90,118.70,117.70,118.50,106658
4-Sep-14,117.50,118.30,117.50,117.90,74357
3-Sep-14,117.00,118.00,115.80,117.50,240287
2-Sep-14,115.60,116.40,115.50,115.50,33558
1-Sep-14,115.00,116.40,114.50,115.80,204428
29-Aug-14,114.80,116.00,114.50,114.80,117384
28-Aug-14,115.40,115.80,114.30,114.30,81389
27-Aug-14,115.70,115.80,114.90,115.60,38392
26-Aug-14,116.00,116.00,114.50,115.40,78237
22-Aug-14,115.30,115.96,115.09,115.32,13325
21-Aug-14,115.40,116.59,115.30,115.70,96641
20-Aug-14,116.30,117.00,115.30,115.50,476658
19-Aug-14,115.10,116.80,115.10,116.40,163563
18-Aug-14,114.80,115.38,114.70,115.10,100974
15-Aug-14,115.20,115.50,114.65,115.50,41273
14-Aug-14,116.00,116.00,113.28,113.28,142037
13-Aug-14,113.00,116.00,112.30,116.00,218933
12-Aug-14,111.50,113.00,111.50,113.00,96137
11-Aug-14,111.00,113.00,110.00,111.90,468818
8-Aug-14,110.00,111.00,110.00,110.80,230858
7-Aug-14,110.60,110.60,110.00,110.40,185420
6-Aug-14,110.00,110.60,110.00,110.10,143487
5-Aug-14,110.50,111.00,110.31,110.50,189383
4-Aug-14,110.00,111.00,109.62,110.50,104110
1-Aug-14,109.50,110.38,109.20,109.90,816778
31-Jul-14,109.70,110.48,109.00,109.50,124411
30-Jul-14,109.80,110.54,109.70,110.00,363199
29-Jul-14,109.70,111.00,109.60,110.75,289315
28-Jul-14,110.40,111.19,109.80,110.40,262450
25-Jul-14,108.20,110.30,107.40,109.70,2900126
24-Jul-14,105.70,108.24,104.70,104.70,648815
23-Jul-14,105.60,106.52,105.30,105.80,252059
22-Jul-14,103.80,105.74,103.80,104.90,538722
21-Jul-14,103.00,103.70,103.00,103.20,87657
18-Jul-14,103.30,104.00,103.00,104.00,559517
17-Jul-14,103.50,104.00,103.50,103.50,35417
16-Jul-14,103.50,104.80,103.50,104.20,912033
15-Jul-14,103.00,103.95,103.00,103.80,188092
14-Jul-14,103.20,103.90,102.37,103.90,90534
11-Jul-14,102.70,103.40,102.20,102.80,228348
10-Jul-14,102.90,102.95,101.60,102.00,391784
9-Jul-14,104.30,104.30,102.80,102.80,661158
8-Jul-14,105.10,106.12,105.00,105.76,372905
7-Jul-14,105.30,105.92,105.00,105.20,306750
4-Jul-14,105.10,105.79,105.00,105.30,302938
3-Jul-14,104.40,105.67,104.40,105.30,357255
2-Jul-14,105.00,105.20,104.00,104.55,379054
1-Jul-14,102.50,104.00,102.50,103.80,358536
30-Jun-14,103.30,103.90,102.70,103.00,697230
27-Jun-14,103.00,103.70,102.55,103.20,582432
26-Jun-14,102.00,103.60,101.91,102.80,231447
25-Jun-14,102.00,102.00,101.30,101.50,160586
24-Jun-14,102.30,103.14,100.40,101.90,792696
23-Jun-14,102.50,103.75,102.30,102.50,510895
20-Jun-14,102.30,103.75,102.30,103.70,539628
19-Jun-14,102.50,103.30,102.40,103.30,151460
18-Jun-14,103.80,103.80,102.40,102.70,643780
17-Jun-14,102.70,103.00,102.22,102.50,473660
16-Jun-14,103.80,103.80,102.20,102.40,565862
13-Jun-14,102.60,103.50,102.20,102.50,379282
12-Jun-14,102.50,103.50,102.50,102.80,147448
11-Jun-14,102.80,104.51,102.26,104.51,448277
10-Jun-14,102.00,103.40,101.74,102.00,507634
9-Jun-14,101.50,101.90,100.50,101.70,163103
6-Jun-14,100.20,101.90,100.20,101.90,130363
5-Jun-14,100.80,101.20,100.00,100.80,272304
4-Jun-14,101.00,101.20,100.20,100.35,261605
3-Jun-14,101.00,101.90,100.73,100.73,251496
2-Jun-14,101.40,101.90,100.80,101.30,189785
30-May-14,101.10,102.00,100.00,100.00,212991
29-May-14,100.80,101.30,100.50,101.00,227052
28-May-14,100.50,101.10,100.06,100.80,225314
27-May-14,99.20,99.95,98.56,99.50,247083
23-May-14,98.75,99.40,98.26,98.95,110883
22-May-14,98.05,99.20,98.05,98.60,212303
21-May-14,98.40,98.90,97.86,98.50,220827
20-May-14,99.25,99.25,97.84,98.00,244490
19-May-14,98.80,99.42,97.60,98.35,565226
16-May-14,99.95,100.00,98.10,98.45,293167
15-May-14,100.20,100.77,98.20,99.50,410358
14-May-14,99.40,101.04,99.40,101.04,198641
13-May-14,99.55,99.60,98.24,99.00,104404
12-May-14,98.05,100.00,97.60,98.10,219188
9-May-14,98.75,99.84,97.20,97.25,361826
8-May-14,98.20,99.75,98.20,98.70,227526
7-May-14,98.20,98.70,98.00,98.25,249972
6-May-14,99.10,100.40,98.50,98.65,403665
2-May-14,99.25,100.50,99.25,100.00,283292
1-May-14,100.80,100.80,98.80,99.75,149608
30-Apr-14,100.50,100.80,99.50,100.00,452292
29-Apr-14,101.60,101.60,100.50,101.20,329567
28-Apr-14,100.50,101.00,100.30,100.60,249632
25-Apr-14,101.40,102.40,99.60,100.50,1141606
24-Apr-14,100.60,101.60,100.40,101.00,298318
23-Apr-14,100.00,101.00,99.50,100.60,387115
22-Apr-14,100.20,101.00,99.82,101.00,319861
17-Apr-14,99.80,100.90,99.62,100.20,273384
16-Apr-14,99.35,100.00,98.41,99.85,463730
15-Apr-14,99.50,100.30,98.50,98.50,335698
14-Apr-14,101.50,101.50,99.70,100.30,804153
11-Apr-14,102.50,102.60,100.99,101.40,584827
10-Apr-14,103.50,105.00,102.90,103.17,652559
9-Apr-14,103.90,104.10,102.50,103.50,153355
8-Apr-14,103.50,104.50,103.00,103.20,571363
7-Apr-14,103.80,104.06,103.14,103.50,635918
4-Apr-14,104.10,105.50,103.50,104.30,216498
3-Apr-14,103.50,104.80,103.50,104.00,160003
2-Apr-14,104.00,105.00,103.73,104.50,125020
1-Apr-14,104.60,104.60,102.94,103.50,296656
31-Mar-14,101.90,103.80,100.80,101.04,786266
28-Mar-14,101.10,101.40,100.00,101.00,145786
27-Mar-14,101.50,101.90,99.70,100.30,337202
26-Mar-14,102.90,103.10,101.50,102.40,188692
25-Mar-14,103.60,103.60,102.00,102.00,249644
24-Mar-14,104.00,105.59,103.52,103.70,269969
21-Mar-14,101.70,104.50,101.70,102.90,1040165
20-Mar-14,100.30,102.40,100.00,102.00,627722
19-Mar-14,102.00,102.70,101.26,102.00,447824
18-Mar-14,102.00,102.50,100.70,102.40,644847
17-Mar-14,101.30,101.30,100.20,101.00,431334
14-Mar-14,101.00,101.80,100.30,100.39,524172
13-Mar-14,103.10,104.00,102.20,103.40,334250
12-Mar-14,103.10,104.90,103.10,103.30,194122
11-Mar-14,104.60,105.90,104.50,105.20,440834
10-Mar-14,105.00,105.90,104.60,104.80,282886
7-Mar-14,105.30,106.50,105.10,106.40,1155664
6-Mar-14,104.60,106.40,104.30,104.50,871511
5-Mar-14,103.00,104.30,103.00,104.36,369836
4-Mar-14,103.00,104.00,103.00,103.80,1314717
3-Mar-14,103.10,103.90,102.30,102.90,683365
28-Feb-14,105.60,106.00,105.00,105.01,536822
27-Feb-14,107.00,107.00,105.50,105.50,407472
26-Feb-14,105.70,105.90,104.60,105.80,287339
25-Feb-14,106.00,106.00,104.50,105.00,415047
24-Feb-14,105.30,107.00,104.70,107.00,1065146
21-Feb-14,106.10,107.00,106.00,106.80,502148
20-Feb-14,105.50,106.20,104.60,106.20,455526
19-Feb-14,104.20,106.00,104.20,105.15,386634
18-Feb-14,105.10,105.80,104.20,105.10,582493
17-Feb-14,105.90,106.00,104.80,106.00,143561
14-Feb-14,104.50,105.80,104.50,105.80,111013
13-Feb-14,105.60,105.60,103.80,104.60,235524
12-Feb-14,106.30,106.80,105.00,105.90,290622
11-Feb-14,105.00,105.80,104.90,105.80,175711
10-Feb-14,102.80,103.40,102.40,103.20,474783
7-Feb-14,103.00,103.70,102.20,103.00,397037
6-Feb-14,101.90,102.70,101.50,102.50,324032
5-Feb-14,101.50,102.50,100.50,101.05,656132
4-Feb-14,101.50,102.60,100.50,102.50,579302
3-Feb-14,102.10,103.30,102.00,103.30,581761
31-Jan-14,103.50,103.50,102.60,103.50,229633
30-Jan-14,102.90,103.50,102.00,102.00,311315
29-Jan-14,101.90,102.90,101.00,102.00,1229383
28-Jan-14,98.35,101.40,98.35,101.00,819425
27-Jan-14,103.00,103.90,98.50,101.34,729841
24-Jan-14,106.00,106.10,103.00,103.40,804433
23-Jan-14,108.30,108.30,106.00,106.30,341472
22-Jan-14,109.00,109.50,108.30,108.80,123729
21-Jan-14,108.50,108.90,108.30,108.60,259645
20-Jan-14,108.20,108.60,107.50,108.50,207873
17-Jan-14,107.20,108.50,107.20,107.90,607226
16-Jan-14,108.80,108.80,107.20,108.00,600093
15-Jan-14,108.00,108.80,107.50,108.00,303982
14-Jan-14,107.40,108.00,107.30,108.00,647533
13-Jan-14,106.10,107.50,106.10,107.20,147043
10-Jan-14,105.60,107.00,105.50,105.85,971915
9-Jan-14,105.50,106.40,104.80,105.90,1072476
8-Jan-14,105.10,106.30,105.10,105.80,785139
7-Jan-14,103.80,105.50,103.80,105.50,184918
6-Jan-14,105.00,105.00,103.50,104.40,258159
3-Jan-14,105.00,105.90,105.00,105.60,199406
2-Jan-14,106.10,106.40,105.40,106.00,394453
31-Dec-13,105.20,106.20,105.20,105.50,323423
30-Dec-13,104.60,105.30,104.10,105.20,379997
27-Dec-13,104.50,105.20,104.00,104.85,454451
24-Dec-13,103.50,104.50,103.50,103.50,108780
23-Dec-13,102.50,103.40,102.30,103.40,277726
20-Dec-13,101.50,102.50,101.50,102.30,681436
19-Dec-13,103.20,103.20,102.00,102.50,453111
18-Dec-13,102.10,103.00,102.10,102.20,232771
17-Dec-13,103.00,103.30,102.20,102.20,362434
16-Dec-13,103.00,103.70,102.00,103.50,692171
13-Dec-13,103.90,103.90,103.00,103.20,152531
12-Dec-13,104.50,104.50,103.30,103.86,409535
11-Dec-13,105.00,105.00,104.70,104.90,242615
10-Dec-13,105.60,105.90,105.10,105.70,453929
9-Dec-13,106.10,106.10,105.50,105.70,78075
6-Dec-13,106.00,106.00,105.00,105.80,252861
5-Dec-13,105.30,106.00,105.30,105.40,263832
4-Dec-13,105.00,106.00,105.00,105.80,508478
3-Dec-13,105.10,106.30,104.40,104.60,757804
2-Dec-13,106.50,106.50,105.50,106.00,388214
29-Nov-13,105.80,106.40,105.80,106.40,67966
28-Nov-13,105.80,106.40,105.80,106.30,180787
27-Nov-13,105.90,106.00,105.60,105.70,188223
26-Nov-13,104.50,105.80,104.50,105.50,572439
25-Nov-13,104.40,105.70,104.40,105.34,187545
22-Nov-13,104.90,104.90,104.00,104.60,205780
21-Nov-13,104.50,105.00,104.50,104.90,259730
20-Nov-13,104.70,105.70,104.70,105.50,482371
19-Nov-13,105.00,106.00,104.60,105.80,2862862
18-Nov-13,104.50,105.90,104.50,105.60,2386790
15-Nov-13,102.00,103.40,102.00,103.40,4067546
14-Nov-13,101.10,101.50,100.70,101.20,487986
13-Nov-13,100.20,100.80,99.10,100.00,264664
12-Nov-13,100.50,101.50,100.50,101.20,688511
11-Nov-13,100.10,101.00,99.60,100.00,349276
8-Nov-13,100.00,100.00,99.00,99.70,203574
7-Nov-13,102.50,103.00,101.00,102.50,407087
6-Nov-13,103.00,103.30,102.50,103.20,254955
5-Nov-13,103.00,103.20,102.60,103.20,285459
4-Nov-13,101.50,103.60,101.50,103.00,273683
1-Nov-13,102.00,102.20,101.40,102.20,82848
31-Oct-13,101.50,101.90,101.10,101.70,106508
30-Oct-13,102.00,102.80,101.80,102.00,243394
29-Oct-13,101.90,102.60,101.00,101.40,651781
28-Oct-13,102.10,103.00,101.40,102.30,579620
25-Oct-13,103.60,103.60,102.00,102.50,81562
24-Oct-13,103.10,104.00,102.70,103.10,318166
23-Oct-13,105.60,-,103.40,103.70,629212
22-Oct-13,106.00,106.00,104.00,104.80,2076753
21-Oct-13,104.00,105.40,103.50,104.90,361345
18-Oct-13,103.50,103.60,102.20,103.90,101389
17-Oct-13,102.50,103.00,101.40,102.80,1172784
16-Oct-13,103.00,103.00,101.40,102.90,321393
15-Oct-13,102.40,103.00,101.70,102.90,1177252
14-Oct-13,102.00,102.60,101.70,102.50,788137
11-Oct-13,101.00,102.90,101.00,102.50,366709
10-Oct-13,100.10,101.50,99.75,101.40,648011
9-Oct-13,100.30,101.00,99.80,100.10,482829
8-Oct-13,99.50,101.00,99.40,101.00,815810
7-Oct-13,99.00,99.50,97.80,99.40,1592582
4-Oct-13,99.25,99.30,98.60,99.00,1155221
3-Oct-13,98.00,99.70,98.00,98.55,378535
2-Oct-13,98.15,98.20,97.25,96.40,125786
1-Oct-13,97.35,98.00,96.50,96.04,255506
30-Sep-13,96.60,96.70,96.15,96.30,116486
27-Sep-13,97.20,97.30,96.50,97.25,519943
26-Sep-13,98.15,98.15,96.75,96.75,98056
25-Sep-13,97.65,97.75,97.00,98.00,393089
24-Sep-13,97.80,98.05,97.25,97.40,281363
20-Sep-13,97.50,98.00,97.50,96.25,1357418
19-Sep-13,97.35,98.45,97.05,95.40,936155
18-Sep-13,96.30,96.35,95.40,96.20,329313
17-Sep-13,96.50,96.50,94.25,95.25,598266
16-Sep-13,97.50,97.50,96.50,96.75,329585
13-Sep-13,96.55,96.80,95.50,96.75,1080536
12-Sep-13,97.50,97.50,95.75,96.95,941081
11-Sep-13,97.50,97.50,96.75,96.95,266899
10-Sep-13,96.65,97.25,96.60,95.00,290842
9-Sep-13,95.55,96.65,95.55,96.00,527331
6-Sep-13,94.25,95.00,93.45,94.03,1313838
5-Sep-13,94.50,95.00,94.00,94.03,1110844
4-Sep-13,94.00,94.50,93.45,94.00,343709
3-Sep-13,94.00,94.50,93.90,94.05,275725
2-Sep-13,92.00,93.95,92.00,92.26,447701
30-Aug-13,92.95,92.95,91.65,91.81,984785
29-Aug-13,92.50,93.00,91.25,92.39,362431
28-Aug-13,92.00,92.75,91.70,92.00,767161
27-Aug-13,92.25,93.10,92.00,92.50,322427
23-Aug-13,93.00,93.00,92.00,92.50,112853
22-Aug-13,93.00,93.60,92.40,92.50,525477
21-Aug-13,95.05,95.05,92.75,92.70,490246
20-Aug-13,94.50,94.50,93.50,95.65,560693
19-Aug-13,95.95,95.95,94.60,96.60,193040
16-Aug-13,95.25,96.00,94.80,96.60,307886
15-Aug-13,96.50,96.55,95.25,96.50,2572841
14-Aug-13,96.50,97.15,95.25,96.50,280918
13-Aug-13,97.15,97.15,96.50,93.55,787810
12-Aug-13,95.10,96.70,95.10,93.55,2084883
9-Aug-13,93.00,94.00,93.00,93.25,339090
8-Aug-13,94.00,94.00,93.00,93.00,353693
7-Aug-13,94.00,94.00,92.80,96.35,495850
6-Aug-13,95.10,95.25,94.25,95.60,214669
5-Aug-13,96.00,96.00,95.20,93.07,171313
2-Aug-13,94.05,96.45,94.05,93.50,1263088
1-Aug-13,91.50,94.00,91.50,90.55,618069
31-Jul-13,90.80,92.00,89.90,92.00,1296000
30-Jul-13,90.60,91.00,90.25,90.50,797658
29-Jul-13,91.25,91.25,90.00,90.15,207608
26-Jul-13,90.40,91.50,90.40,90.25,135618
25-Jul-13,90.70,90.70,90.40,90.50,775170
24-Jul-13,91.45,91.50,90.50,90.80,295999
23-Jul-13,91.00,92.30,90.05,90.25,370022
22-Jul-13,88.75,90.50,88.75,90.00,293396
19-Jul-13,89.25,89.30,87.50,88.90,440880
18-Jul-13,89.75,91.00,89.15,89.75,233787
17-Jul-13,90.45,90.50,90.00,90.50,561478
16-Jul-13,90.50,91.25,89.55,91.25,495440
15-Jul-13,87.50,90.25,87.50,90.25,770285
12-Jul-13,89.00,89.00,86.75,88.00,385968
11-Jul-13,90.50,91.00,88.00,89.00,372381
10-Jul-13,86.60,88.50,85.65,88.50,821875
9-Jul-13,83.75,86.91,83.75,86.40,1235979
8-Jul-13,85.00,85.50,83.75,85.50,1067120
5-Jul-13,86.45,86.72,85.05,86.40,599200
4-Jul-13,85.25,86.50,84.50,85.80,962821
3-Jul-13,85.00,85.50,83.87,85.50,1086007
2-Jul-13,86.00,86.50,86.00,86.30,413630
1-Jul-13,85.00,86.26,84.65,86.25,645353
28-Jun-13,83.90,85.78,83.26,85.75,466937
27-Jun-13,82.50,83.78,82.50,83.70,212325
26-Jun-13,81.65,83.25,81.25,83.10,513997
25-Jun-13,80.10,82.00,80.10,82.00,496480
24-Jun-13,82.00,82.38,79.41,81.00,1522852
21-Jun-13,83.25,85.50,82.58,85.50,1546771
20-Jun-13,85.75,86.00,83.13,83.70,482936
19-Jun-13,86.25,87.40,86.00,87.20,1228104
18-Jun-13,86.25,86.67,85.78,86.35,341701
17-Jun-13,86.45,86.82,83.45,86.75,635102
14-Jun-13,84.80,85.90,83.90,85.90,242162
13-Jun-13,83.60,84.98,82.62,84.20,627883
12-Jun-13,87.30,88.71,85.45,85.45,447679
11-Jun-13,89.75,89.75,87.00,87.00,604658
10-Jun-13,90.25,90.85,89.80,90.35,79874
7-Jun-13,90.50,91.00,89.00,91.00,416313
6-Jun-13,91.50,91.50,90.44,90.90,172954
5-Jun-13,94.00,94.02,91.75,91.75,439556
4-Jun-13,95.00,95.00,94.02,94.30,90231
3-Jun-13,94.00,94.75,93.82,94.50,251755
31-May-13,95.50,95.50,94.00,94.10,238918
30-May-13,94.00,95.40,93.82,94.90,555414
29-May-13,94.50,95.56,94.26,94.75,755539
28-May-13,93.30,95.30,93.30,95.30,451884
24-May-13,93.75,94.24,92.46,93.00,312597
23-May-13,95.00,95.00,93.00,94.00,586105
22-May-13,96.00,97.65,96.00,96.75,387492
21-May-13,95.50,96.75,95.00,96.70,367802
20-May-13,94.35,95.95,94.30,95.85,329980
17-May-13,94.00,95.05,92.50,94.20,676752
16-May-13,92.75,93.92,92.73,93.55,130792
15-May-13,93.30,93.85,92.75,93.50,238268
14-May-13,92.00,93.25,92.00,93.25,125568
13-May-13,93.45,93.45,91.00,92.50,524536
10-May-13,91.75,93.45,91.30,93.45,327858
9-May-13,92.25,92.55,91.18,92.55,451190
8-May-13,90.70,92.52,90.55,92.45,395949
7-May-13,89.70,90.80,89.60,90.65,655988
3-May-13,89.70,90.00,89.25,89.95,377411
2-May-13,89.50,89.65,88.50,88.80,234414
1-May-13,89.05,90.15,88.75,89.60,142467
30-Apr-13,89.60,90.24,88.75,89.30,196990
29-Apr-13,89.34,89.50,88.60,89.45,130449
26-Apr-13,89.50,90.00,89.05,89.40,109290
25-Apr-13,89.95,90.30,88.74,89.90,207201
24-Apr-13,88.90,90.00,88.61,89.90,344972
23-Apr-13,88.70,88.70,87.60,88.50,189239
22-Apr-13,89.30,89.92,88.54,89.00,194711
19-Apr-13,87.55,89.30,87.55,89.25,552805
18-Apr-13,87.00,87.72,85.82,87.00,727963
17-Apr-13,87.00,87.25,86.11,86.75,561360
16-Apr-13,86.00,87.25,85.55,87.00,392994
15-Apr-13,87.50,87.50,85.60,86.00,230917
12-Apr-13,88.75,89.05,87.90,88.00,156630
11-Apr-13,89.00,89.50,88.68,89.20,334682
10-Apr-13,87.75,89.30,86.99,89.30,207778
9-Apr-13,86.90,87.90,86.90,87.70,261462
8-Apr-13,86.25,87.25,85.80,86.75,251253
5-Apr-13,87.75,87.85,85.45,86.60,485547
4-Apr-13,89.25,90.00,88.00,88.75,389141
3-Apr-13,91.00,91.25,89.45,89.45,322241
2-Apr-13,90.65,91.86,90.50,91.05,220536
28-Mar-13,91.50,92.51,89.17,92.00,1712414
27-Mar-13,92.00,92.75,90.55,91.80,730940
26-Mar-13,92.00,92.00,91.32,92.00,265433
25-Mar-13,92.15,92.15,91.35,92.00,186946
22-Mar-13,91.00,92.30,90.50,91.95,242059
21-Mar-13,91.80,93.62,91.00,91.25,354100
20-Mar-13,92.40,93.18,91.62,92.70,340529
19-Mar-13,94.00,94.00,91.50,91.50,161286
18-Mar-13,93.05,94.00,91.18,94.00,258648
15-Mar-13,93.50,94.50,93.00,94.15,695007
14-Mar-13,93.00,93.70,92.84,93.25,473271
13-Mar-13,96.00,96.02,92.00,92.70,325692
12-Mar-13,96.00,96.25,96.00,96.00,1010029
11-Mar-13,95.15,96.65,95.15,96.00,376488
8-Mar-13,96.00,96.41,95.00,96.00,195437
7-Mar-13,94.00,95.50,93.59,95.50,402336
6-Mar-13,94.00,94.82,93.39,94.40,193693
5-Mar-13,91.90,93.20,91.90,93.20,452481
4-Mar-13,92.50,92.50,89.39,91.35,370398
1-Mar-13,92.65,93.70,92.65,93.70,627975
28-Feb-13,92.50,93.50,92.50,93.35,218228
27-Feb-13,92.00,92.48,91.50,92.25,205219
26-Feb-13,91.50,93.02,90.50,91.75,201845
25-Feb-13,93.00,93.69,92.43,93.50,871650
22-Feb-13,92.25,93.92,91.74,93.00,269338
21-Feb-13,94.05,94.05,91.58,91.85,437754
20-Feb-13,94.75,96.00,94.75,95.40,165200
19-Feb-13,95.00,95.00,94.00,95.00,260914
18-Feb-13,95.40,95.80,94.70,95.00,185413
15-Feb-13,94.50,96.10,94.25,96.00,277777
14-Feb-13,95.00,95.61,94.70,95.20,196793
13-Feb-13,94.45,95.00,93.88,94.85,270026
12-Feb-13,93.90,94.50,93.48,94.50,127695
11-Feb-13,93.10,94.00,92.79,94.00,204989
8-Feb-13,93.05,93.85,93.05,93.85,201808
7-Feb-13,94.10,94.22,93.05,93.10,261718
6-Feb-13,95.25,95.25,93.25,93.95,224234
5-Feb-13,94.65,95.25,94.45,95.00,419166
4-Feb-13,96.40,96.46,94.55,95.00,404017
1-Feb-13,96.45,96.45,94.55,95.40,52173
31-Jan-13,97.25,97.64,94.96,95.75,419089
30-Jan-13,98.95,99.27,97.25,97.50,548337
29-Jan-13,98.20,99.00,97.61,99.00,653426
28-Jan-13,96.30,98.15,95.96,98.15,529194
25-Jan-13,94.50,96.20,94.20,96.20,352738
24-Jan-13,93.60,95.00,93.60,94.25,285448
23-Jan-13,93.05,93.90,93.05,93.90,285510
22-Jan-13,93.85,93.95,93.39,93.90,250912
21-Jan-13,94.00,94.72,93.45,93.90,978991
18-Jan-13,92.95,94.00,92.40,94.00,111734
17-Jan-13,91.30,92.25,91.11,92.20,132222
16-Jan-13,91.70,92.25,90.90,92.00,165986
15-Jan-13,91.90,92.80,91.55,92.00,226429
14-Jan-13,90.45,92.00,90.45,91.90,253531
11-Jan-13,88.90,90.37,88.90,90.25,262158
10-Jan-13,88.75,90.25,88.63,90.00,732790
9-Jan-13,88.00,88.75,87.75,88.75,606091
8-Jan-13,88.30,88.30,86.56,88.25,341310
7-Jan-13,87.75,88.60,87.42,88.60,484967
4-Jan-13,87.25,87.89,87.25,87.85,71247
3-Jan-13,86.95,88.00,86.25,88.00,227605
2-Jan-13,84.00,87.00,84.00,87.00,670833
