31-Dec-15,1990.00,2014.00,1982.00,2003.00,3747
30-Dec-15,2030.00,2061.00,1962.00,1999.00,5903
29-Dec-15,2005.00,2058.00,2001.00,2045.00,5392
24-Dec-15,1998.00,2076.00,1975.00,2030.00,2900
23-Dec-15,2026.00,2029.00,1957.00,2029.00,8649
22-Dec-15,1978.00,2035.00,1968.00,1972.00,7223
21-Dec-15,1999.00,2021.00,1979.00,2005.00,11945
18-Dec-15,1949.00,1990.00,1926.00,1989.00,43256
16-Dec-15,1979.00,1979.00,1926.00,1935.00,15769
15-Dec-15,1931.00,1979.00,1875.00,1930.00,21267
14-Dec-15,1950.00,1950.00,1873.00,1879.00,9642
11-Dec-15,1882.00,1948.00,1882.00,1931.00,11859
10-Dec-15,1898.00,1898.00,1832.00,1876.00,11102
9-Dec-15,1945.00,1945.00,1847.00,1849.00,7914
8-Dec-15,1974.00,1974.00,1886.00,1887.00,15605
7-Dec-15,1972.00,1972.00,1922.00,1922.00,10037
4-Dec-15,1961.00,1973.00,1935.00,1955.00,5554
3-Dec-15,1902.00,1975.00,1902.00,1961.00,10266
2-Dec-15,1870.00,1951.00,1870.00,1937.00,8986
1-Dec-15,1900.00,1920.00,1900.00,1909.00,7742
30-Nov-15,1960.00,1960.00,1915.00,1923.00,8521
27-Nov-15,1960.00,1960.00,1926.00,1938.00,4564
26-Nov-15,1919.00,1943.00,1872.00,1937.00,4555
25-Nov-15,1875.00,1935.00,1875.00,1920.00,4679
24-Nov-15,1965.00,1965.00,1878.00,1900.00,10519
23-Nov-15,1908.00,1934.00,1900.00,1910.00,7133
20-Nov-15,1964.00,1964.00,1911.00,1930.00,15330
19-Nov-15,1905.00,1942.00,1905.00,1914.00,14220
18-Nov-15,1983.00,1983.00,1924.00,1940.00,7397
17-Nov-15,1906.00,1948.72,1906.00,1940.00,14029
16-Nov-15,1956.00,1970.26,1944.00,1951.00,9772
13-Nov-15,1908.00,1958.00,1908.00,1954.00,15970
12-Nov-15,1950.00,1962.00,1911.78,1945.00,16156
11-Nov-15,1925.00,1944.00,1906.00,1937.00,45094
10-Nov-15,1990.00,1994.00,1958.00,1975.00,9382
9-Nov-15,2010.00,2010.00,1987.00,1995.00,13608
6-Nov-15,1967.00,2000.00,1957.66,1997.00,13153
5-Nov-15,2020.00,2020.00,1959.00,1986.00,17357
4-Nov-15,2016.00,2016.00,1988.00,2005.00,21040
3-Nov-15,1939.00,2000.00,1939.00,1999.00,14528
2-Nov-15,2003.00,2003.00,1978.00,1991.00,23660
30-Oct-15,1996.00,1996.00,1956.00,1959.00,16745
29-Oct-15,1931.00,2003.00,1931.00,1979.00,17810
28-Oct-15,1950.00,1990.00,1940.00,1986.00,17716
27-Oct-15,1905.00,1950.43,1905.00,1931.86,18141
26-Oct-15,1921.00,1942.00,1907.00,1923.00,22387
23-Oct-15,1926.00,1926.00,1900.00,1926.00,34827
22-Oct-15,1934.00,1935.00,1905.00,1930.00,25754
21-Oct-15,1900.00,1992.00,1892.00,1949.00,39792
20-Oct-15,1860.00,1864.00,1849.00,1860.00,10491
19-Oct-15,1859.00,1859.00,1829.00,1851.00,18581
16-Oct-15,1870.00,1870.00,1827.00,1841.00,24760
15-Oct-15,1911.00,1911.00,1850.00,1856.00,27615
14-Oct-15,1862.00,1875.00,1841.00,1862.00,29358
13-Oct-15,1846.00,1881.00,1824.00,1852.00,52895
12-Oct-15,1834.00,1837.00,1797.00,1837.00,16343
9-Oct-15,1799.00,1814.00,1781.00,1805.00,34852
8-Oct-15,1859.00,1859.00,1776.00,1823.50,27017
7-Oct-15,1862.00,1863.00,1813.00,1824.00,40046
6-Oct-15,1816.00,1832.60,1810.00,1828.00,27298
5-Oct-15,1800.00,1811.00,1792.00,1801.00,38469
2-Oct-15,1750.00,1783.00,1746.00,1778.00,54834
1-Oct-15,1787.00,1801.80,1758.00,1758.00,11431
30-Sep-15,1834.00,1834.00,1789.00,1794.00,14521
29-Sep-15,1818.00,1820.00,1778.00,1792.00,13281
28-Sep-15,1821.00,1831.00,1804.00,1818.20,14135
25-Sep-15,1813.00,1830.00,1792.00,1823.00,10690
24-Sep-15,1788.00,1806.00,1784.00,1784.00,30205
23-Sep-15,1778.00,1803.00,1778.00,1785.00,16931
22-Sep-15,1805.00,1805.00,1775.00,1788.00,17434
21-Sep-15,1788.00,1825.78,1785.00,1801.00,7527
18-Sep-15,1815.00,1842.00,1801.00,1811.00,49958
17-Sep-15,1835.00,1835.00,1802.00,1814.00,26350
16-Sep-15,1840.00,1840.00,1790.00,1830.00,38078
15-Sep-15,1808.00,1825.00,1787.35,1802.50,31291
14-Sep-15,1811.00,1830.00,1798.00,1811.00,30220
11-Sep-15,1811.00,1856.00,1811.00,1816.00,35263
10-Sep-15,1825.00,1883.00,1825.00,1845.00,14087
9-Sep-15,1865.00,1899.00,1852.00,1873.00,31181
8-Sep-15,1825.00,1870.00,1825.00,1865.00,15096
7-Sep-15,1868.00,1899.00,1868.00,1872.00,16192
4-Sep-15,1885.00,1893.00,1862.00,1890.00,31172
3-Sep-15,1828.00,1913.00,1828.00,1901.00,20358
2-Sep-15,1825.00,1910.00,1825.00,1910.00,17582
1-Sep-15,1803.00,1908.00,1803.00,1900.00,31889
28-Aug-15,1874.00,1889.00,1843.00,1878.00,23804
27-Aug-15,1825.00,1937.00,1825.00,1888.00,26398
26-Aug-15,1855.00,1890.00,1852.00,1871.00,13244
25-Aug-15,1842.00,1901.57,1842.00,1880.00,14423
24-Aug-15,1833.00,1900.00,1833.00,1887.00,22461
21-Aug-15,1895.00,1925.00,1865.00,1908.00,12651
20-Aug-15,1836.00,1940.00,1836.00,1912.00,20956
19-Aug-15,1900.00,1935.00,1900.00,1930.00,13255
18-Aug-15,1903.00,1938.00,1898.05,1931.00,17204
17-Aug-15,1915.00,1963.00,1914.00,1930.00,18654
14-Aug-15,1897.00,1978.00,1892.30,1966.00,9462
13-Aug-15,1858.00,1993.00,1858.00,1980.00,36504
12-Aug-15,1942.00,1950.00,1881.00,1916.00,30727
11-Aug-15,1952.00,1978.12,1952.00,1967.00,14638
10-Aug-15,1964.00,1990.00,1947.00,1990.00,17696
7-Aug-15,1980.00,1995.00,1962.00,1980.00,25819
6-Aug-15,1953.00,1998.79,1938.80,1991.00,32583
5-Aug-15,2010.00,2018.00,1950.00,2014.00,34315
4-Aug-15,2044.00,2044.00,1997.00,2013.00,54822
3-Aug-15,2269.00,2269.00,2005.00,2005.00,68289
31-Jul-15,2360.00,2403.00,2346.00,2400.00,14756
30-Jul-15,2332.00,2364.00,2332.00,2351.00,7422
29-Jul-15,2365.00,2366.00,2345.00,2352.00,11595
28-Jul-15,2350.00,2379.00,2341.00,2366.00,9636
27-Jul-15,2370.00,2373.00,2350.00,2350.00,10523
24-Jul-15,2360.00,2389.00,2337.00,2386.00,15091
23-Jul-15,2370.00,2376.00,2345.00,2365.00,7131
22-Jul-15,2304.00,2372.00,2304.00,2371.00,16932
21-Jul-15,2320.00,2351.00,2320.00,2338.00,10594
20-Jul-15,2275.00,2368.00,2258.60,2355.00,25132
17-Jul-15,2300.00,2330.00,2286.00,2296.00,16998
16-Jul-15,2324.00,2325.00,2258.00,2305.31,16707
15-Jul-15,2151.00,2260.00,2151.00,2234.00,20213
14-Jul-15,2207.00,2278.68,2198.49,2235.00,12994
13-Jul-15,2213.00,2232.00,2213.00,2226.00,10267
10-Jul-15,2235.00,2239.00,2208.00,2216.00,6259
9-Jul-15,2195.00,2243.00,2186.00,2228.00,6107
8-Jul-15,2220.00,2220.00,2192.00,2200.00,13242
7-Jul-15,2243.00,2257.00,2197.00,2207.00,14950
6-Jul-15,2210.00,2246.00,2210.00,2246.00,10658
3-Jul-15,2200.00,2279.00,2200.00,2226.00,16073
2-Jul-15,2200.00,2281.00,2200.00,2281.00,22363
1-Jul-15,2212.00,2280.00,2212.00,2257.00,10059
30-Jun-15,2230.00,2311.00,2215.54,2275.00,20933
29-Jun-15,2167.00,2248.00,2167.00,2230.00,16799
26-Jun-15,2203.00,2258.00,2203.00,2258.00,23196
25-Jun-15,2256.00,2271.00,2232.00,2252.00,18257
24-Jun-15,2229.00,2274.00,2215.52,2264.00,23465
23-Jun-15,2183.00,2236.00,2183.00,2206.00,17233
22-Jun-15,2220.00,2247.00,2200.00,2228.00,19539
19-Jun-15,2203.00,2220.00,2195.00,2205.00,62609
18-Jun-15,2210.00,2210.00,2166.00,2202.00,12920
17-Jun-15,2222.00,2247.00,2190.01,2200.00,19758
16-Jun-15,2210.00,2265.00,2190.00,2255.00,18535
15-Jun-15,2149.00,2222.00,2149.00,2205.00,36727
12-Jun-15,2257.00,2264.00,2196.92,2233.00,6934
11-Jun-15,2255.00,2276.00,2245.00,2257.00,13500
10-Jun-15,2254.00,2270.00,2230.00,2249.00,14501
9-Jun-15,2289.00,2291.00,2241.00,2260.00,11402
8-Jun-15,2313.00,2329.76,2264.00,2288.00,9262
5-Jun-15,2293.00,2314.00,2250.00,2300.00,28844
4-Jun-15,2287.00,2312.00,2260.00,2312.00,26200
3-Jun-15,2359.00,2359.00,2275.00,2280.00,32120
2-Jun-15,2278.00,2300.00,2257.00,2280.00,22747
1-Jun-15,2300.00,2300.00,2235.00,2270.00,26086
29-May-15,2219.00,2270.00,2212.00,2230.00,426319
28-May-15,2209.00,2295.00,2209.00,2279.00,28472
27-May-15,2177.00,2288.00,2170.88,2245.00,24199
26-May-15,2205.00,2235.65,2169.00,2192.00,31174
22-May-15,2200.00,2285.00,2200.00,2258.00,17353
21-May-15,2204.00,2288.00,2204.00,2252.00,25649
20-May-15,2279.00,2299.00,2248.00,2280.00,15965
19-May-15,2260.00,2300.00,2238.00,2300.00,18009
18-May-15,2286.00,2314.00,2256.00,2257.00,18830
15-May-15,2340.00,2358.00,2308.00,2336.00,23069
14-May-15,2303.00,2356.00,2273.00,2333.00,29801
13-May-15,2369.00,2387.00,2351.00,2374.00,28494
12-May-15,2398.00,2398.00,2290.00,2360.00,19112
11-May-15,2302.00,2400.00,2302.00,2398.00,13915
8-May-15,2295.00,2399.00,2284.00,2399.00,39971
7-May-15,2228.00,2291.00,2207.00,2274.00,21936
6-May-15,2242.00,2250.00,2200.00,2229.00,16036
5-May-15,2254.00,2307.00,2237.00,2237.00,19484
1-May-15,2236.00,2260.00,2206.00,2250.00,13005
30-Apr-15,2265.00,2289.06,2234.00,2234.00,20587
29-Apr-15,2340.00,2340.00,2212.00,2310.00,12680
28-Apr-15,2333.00,2340.00,2307.00,2319.00,9860
27-Apr-15,2325.00,2349.00,2314.05,2339.00,7010
24-Apr-15,2309.00,2362.00,2291.00,2333.00,11007
23-Apr-15,2250.00,2317.00,2231.68,2309.00,6726
22-Apr-15,2290.00,2307.48,2288.99,2300.00,10110
21-Apr-15,2285.00,2310.00,2261.41,2300.00,24381
20-Apr-15,2285.00,2319.00,2276.63,2289.00,6493
17-Apr-15,2302.00,2345.00,2287.00,2331.00,19499
16-Apr-15,2255.00,2303.00,2238.80,2300.00,29718
15-Apr-15,2309.00,2310.00,2279.00,2283.00,14574
14-Apr-15,2298.00,2354.00,2262.00,2307.00,12815
13-Apr-15,2241.00,2357.48,2241.00,2299.00,10185
10-Apr-15,2381.00,2381.00,2290.00,2337.00,11495
9-Apr-15,2350.00,2350.00,2246.00,2280.00,17414
8-Apr-15,2331.00,2331.00,2251.00,2262.00,8661
7-Apr-15,2280.00,2280.00,2214.54,2253.00,16888
2-Apr-15,2277.00,2277.00,2210.00,2262.00,16310
1-Apr-15,2186.00,2227.43,2103.68,2193.00,11266
31-Mar-15,2250.00,2257.00,2195.00,2206.00,9895
30-Mar-15,2260.00,2269.00,2235.00,2259.00,21532
27-Mar-15,2239.00,2272.00,2217.00,2252.00,18562
26-Mar-15,2215.00,2256.00,2215.00,2256.00,10708
25-Mar-15,2290.00,2300.00,2241.50,2283.00,9546
24-Mar-15,2210.00,2324.00,2209.77,2290.00,10179
23-Mar-15,2228.00,2267.00,2213.01,2261.00,16849
20-Mar-15,2260.00,2276.00,2239.00,2267.00,38168
19-Mar-15,2216.00,2266.00,2216.00,2253.00,13707
18-Mar-15,2280.00,2304.00,2251.00,2270.00,10989
17-Mar-15,2243.00,2283.00,2238.00,2277.00,8320
16-Mar-15,2228.00,2266.00,2228.00,2266.00,8787
13-Mar-15,2200.00,2298.00,2189.00,2247.00,26830
12-Mar-15,2154.00,2229.00,2154.00,2201.00,22535
11-Mar-15,2103.00,2185.00,2093.48,2185.00,38412
10-Mar-15,2170.00,2171.00,2122.00,2122.00,10412
9-Mar-15,2179.00,2187.00,2095.48,2166.00,12957
6-Mar-15,2209.00,2250.00,2188.00,2193.00,23077
5-Mar-15,2255.00,2274.00,2226.00,2260.00,11618
4-Mar-15,2250.00,2279.00,2214.00,2250.00,23521
3-Mar-15,2300.00,2320.00,2259.00,2265.00,15979
2-Mar-15,2320.00,2335.00,2314.00,2318.00,13209
27-Feb-15,2323.00,2329.00,2294.57,2325.00,24883
26-Feb-15,2330.00,2349.00,2302.00,2320.00,23718
25-Feb-15,2340.00,2340.00,2278.00,2330.00,28937
24-Feb-15,2324.00,2340.00,2298.00,2329.00,15487
23-Feb-15,2285.00,2368.00,2222.00,2345.00,18407
20-Feb-15,2360.00,2373.00,2319.00,2338.00,24354
19-Feb-15,2360.00,2379.00,2324.00,2369.00,19647
18-Feb-15,2382.00,2390.91,2350.00,2370.00,35288
17-Feb-15,2360.00,2418.00,2360.00,2401.00,47041
16-Feb-15,2373.00,2420.00,2321.23,2405.00,26553
13-Feb-15,2456.00,2514.00,2422.00,2470.00,20812
12-Feb-15,2479.00,2484.00,2467.00,2477.00,9979
11-Feb-15,2415.00,2485.40,2415.00,2478.00,7674
10-Feb-15,2435.00,2498.00,2400.00,2475.00,22174
9-Feb-15,2407.00,2431.63,2356.40,2423.00,8323
6-Feb-15,2420.00,2440.00,2331.70,2440.00,24392
5-Feb-15,2410.00,2420.00,2346.00,2420.00,25649
4-Feb-15,2386.00,2410.00,2369.84,2410.00,13221
3-Feb-15,2354.00,2400.00,2341.91,2390.00,14359
2-Feb-15,2390.00,2401.96,2357.00,2380.00,6518
30-Jan-15,2353.00,2420.00,2325.54,2400.00,21921
29-Jan-15,2330.00,2400.00,2329.00,2365.00,10645
28-Jan-15,2341.00,2365.00,2340.00,2351.00,7075
27-Jan-15,2390.00,2390.00,2323.68,2370.00,19217
26-Jan-15,2386.00,2392.00,2338.00,2390.00,11340
23-Jan-15,2410.00,2414.00,2369.00,2404.00,15969
22-Jan-15,2425.00,2425.00,2389.00,2410.00,12416
21-Jan-15,2330.00,2461.00,2330.00,2425.00,15083
20-Jan-15,2437.00,2475.00,2407.52,2445.00,16799
19-Jan-15,2428.00,2485.00,2428.00,2452.00,13806
16-Jan-15,2444.00,2486.00,2429.00,2445.00,13828
15-Jan-15,2453.00,2485.35,2417.00,2450.00,17318
14-Jan-15,2445.00,2492.00,2424.32,2480.00,12034
13-Jan-15,2465.00,2532.00,2450.00,2508.00,15360
12-Jan-15,2459.00,2479.00,2442.00,2472.00,12408
9-Jan-15,2479.00,2517.00,2425.12,2470.00,16172
8-Jan-15,2456.00,2502.00,2434.00,2488.00,13153
7-Jan-15,2401.00,2444.00,2391.00,2436.00,10331
6-Jan-15,2441.00,2455.00,2412.00,2412.00,8895
5-Jan-15,2438.00,2465.00,2395.60,2434.96,17602
31-Dec-14,2390.00,2394.00,2380.00,2390.00,3386
30-Dec-14,2356.00,2400.00,2356.00,2388.00,8243
29-Dec-14,2345.00,2385.00,2327.00,2385.00,10712
24-Dec-14,2392.00,2392.00,2353.00,2370.00,1678
23-Dec-14,2370.00,2392.00,2300.00,2350.00,12683
22-Dec-14,2372.00,2383.00,2309.92,2352.00,10173
19-Dec-14,2384.00,2408.00,2340.00,2371.00,80000
18-Dec-14,2375.00,2407.00,2353.00,2392.00,13198
17-Dec-14,2345.00,2391.00,2318.00,2375.00,10760
16-Dec-14,2325.00,2390.00,2276.00,2390.00,22494
15-Dec-14,2320.00,2390.00,2300.00,2338.00,9762
12-Dec-14,2344.00,2349.52,2313.00,2327.00,10717
11-Dec-14,2352.00,2367.00,2302.00,2355.00,11435
10-Dec-14,2360.00,2390.00,2346.00,2370.00,23673
9-Dec-14,2350.00,2385.00,2302.00,2360.00,22703
8-Dec-14,2350.00,2365.00,2331.00,2358.00,8148
5-Dec-14,2296.00,2460.00,2296.00,2360.00,18555
4-Dec-14,2314.00,2374.00,2311.01,2360.00,21234
3-Dec-14,2350.00,2380.00,2349.00,2364.00,7208
2-Dec-14,2351.00,2375.00,2340.00,2360.00,12024
1-Dec-14,2383.00,2453.00,2321.00,2360.00,17533
28-Nov-14,2385.00,2440.00,2359.00,2384.00,17068
27-Nov-14,2283.00,2402.00,2283.00,2399.00,10231
26-Nov-14,2374.00,2399.00,2350.00,2378.00,12595
25-Nov-14,2380.00,2380.00,2335.00,2369.00,11188
24-Nov-14,2351.00,2400.00,2351.00,2379.00,10107
21-Nov-14,2328.00,2377.00,2328.00,2375.00,7980
20-Nov-14,2338.00,2365.00,2313.00,2364.00,8264
19-Nov-14,2378.00,2400.00,2340.00,2351.00,12106
18-Nov-14,2401.00,2402.00,2337.93,2375.00,8684
17-Nov-14,2349.00,2398.00,2329.00,2364.00,12056
14-Nov-14,2391.00,2398.00,2355.75,2385.00,8873
13-Nov-14,2360.00,2374.00,2334.00,2374.00,5787
12-Nov-14,2328.00,2340.00,2295.00,2340.00,7899
11-Nov-14,2321.00,2349.00,2306.00,2325.00,12027
10-Nov-14,2350.00,2353.00,2295.00,2324.00,12925
7-Nov-14,2348.00,2389.00,2336.00,2341.00,10953
6-Nov-14,2355.00,2399.00,2325.00,2377.00,23332
5-Nov-14,2352.00,2395.00,2288.00,2395.00,17431
4-Nov-14,2328.00,2352.00,2302.00,2350.00,10872
3-Nov-14,2285.00,2402.00,2251.32,2330.00,18268
31-Oct-14,2195.00,2341.00,2195.00,2320.00,23562
30-Oct-14,2241.00,2283.00,2192.00,2240.00,9458
29-Oct-14,2176.00,2245.00,2176.00,2245.00,6344
28-Oct-14,2220.00,2250.00,2210.00,2225.00,7770
27-Oct-14,2243.00,2253.00,2200.00,2215.00,9609
24-Oct-14,2244.00,2300.00,2232.00,2255.00,12872
23-Oct-14,2326.00,2326.00,2250.00,2292.00,8530
22-Oct-14,2250.00,2344.00,2236.00,2308.00,26587
21-Oct-14,2166.00,2247.00,2166.00,2247.00,16606
20-Oct-14,-,2240.00,2197.00,2220.00,16182
17-Oct-14,2157.00,2201.00,2157.00,2187.00,12110
16-Oct-14,2167.00,2193.00,2091.00,2188.00,31112
15-Oct-14,2147.00,2260.00,2100.00,2111.00,13349
14-Oct-14,2130.00,2237.00,2130.00,2184.00,19448
13-Oct-14,2178.00,2232.00,2175.00,2180.00,12322
10-Oct-14,2184.00,2233.00,2175.00,2194.00,7940
9-Oct-14,2301.00,2301.00,2233.50,2242.00,12871
8-Oct-14,2239.00,2333.00,2234.00,2257.00,8559
7-Oct-14,2345.00,2345.00,2236.00,2284.00,9351
6-Oct-14,2352.00,2352.00,2288.00,2310.00,9216
3-Oct-14,2335.00,2352.00,2305.28,2350.00,11444
2-Oct-14,2271.00,2311.00,2249.00,2281.00,9785
1-Oct-14,2261.00,2261.08,2196.00,2239.00,13778
30-Sep-14,2314.00,2351.00,2272.00,2291.00,15822
29-Sep-14,2351.00,2351.00,2243.00,2290.00,11836
26-Sep-14,2243.00,2350.00,2243.00,2303.00,8389
25-Sep-14,2360.00,2360.00,2234.00,2236.00,8986
24-Sep-14,2298.00,2352.00,2253.00,2308.00,18010
23-Sep-14,2165.00,2300.00,2165.00,2262.00,12878
22-Sep-14,2292.00,2334.00,2221.00,2228.00,13968
19-Sep-14,2367.00,2401.00,2285.00,2350.00,40622
18-Sep-14,2242.00,2350.00,2222.00,2323.00,11890
17-Sep-14,2262.00,2351.00,2237.00,2241.00,19379
16-Sep-14,2222.00,2262.00,2206.00,2262.00,10065
15-Sep-14,2194.00,2252.00,2194.00,2207.00,16145
12-Sep-14,2245.00,2251.00,2210.00,2248.00,9137
11-Sep-14,2239.00,2249.00,2176.00,2229.00,18828
10-Sep-14,2257.00,2275.00,2099.00,2187.00,19825
9-Sep-14,2336.00,2340.00,2240.00,2295.00,13312
8-Sep-14,2306.00,2307.00,2216.00,2290.00,8895
5-Sep-14,2202.00,2352.47,2202.00,2314.00,8891
4-Sep-14,2213.00,2289.00,2201.15,2240.00,6516
3-Sep-14,2254.00,2330.00,2239.90,2265.00,7803
2-Sep-14,2264.00,2270.00,2184.00,2245.00,8651
1-Sep-14,2282.00,2292.00,2225.00,2255.00,5996
29-Aug-14,2199.00,2290.00,2183.00,2288.00,13253
28-Aug-14,2268.00,2331.96,2238.00,2269.00,6745
27-Aug-14,2347.00,2373.00,2219.00,2260.00,6857
26-Aug-14,2328.00,2328.00,2262.00,2267.00,7548
22-Aug-14,2309.00,2338.00,2250.00,2338.00,5738
21-Aug-14,2198.00,2250.00,2198.00,2250.00,8070
20-Aug-14,2190.00,2251.00,2144.00,2232.00,13087
19-Aug-14,2285.00,2336.00,2243.00,2250.00,9828
18-Aug-14,2365.00,2365.00,2244.00,2277.00,6374
15-Aug-14,2231.00,2378.00,2212.00,2310.00,4856
14-Aug-14,2230.00,2358.00,2230.00,2281.00,13806
13-Aug-14,2216.00,2295.00,2210.00,2295.00,15426
12-Aug-14,2166.00,2234.00,2158.00,2224.00,7925
11-Aug-14,2140.00,2276.00,2127.00,2206.00,11267
8-Aug-14,2071.00,2239.00,2059.00,2195.00,12418
7-Aug-14,2012.00,2109.85,2012.00,2075.00,12987
6-Aug-14,2041.00,2078.00,2025.00,2063.00,9341
5-Aug-14,2093.00,2128.00,2029.00,2049.00,9597
4-Aug-14,1994.00,2087.00,1994.00,2045.00,12109
1-Aug-14,2085.00,2085.00,2006.00,2056.00,9244
31-Jul-14,2029.00,2100.00,2008.80,2085.00,5597
30-Jul-14,2069.00,2069.00,2002.27,2024.00,6758
29-Jul-14,2054.00,2083.00,2024.00,2061.00,8030
28-Jul-14,2106.00,2108.00,2033.00,2055.00,14241
25-Jul-14,2121.00,2171.00,2058.00,2127.00,8540
24-Jul-14,2179.00,2187.00,2104.00,2129.00,11283
23-Jul-14,2100.00,2186.00,2037.00,2156.00,9907
22-Jul-14,2100.00,2151.00,2040.00,2100.00,14378
21-Jul-14,2067.00,2139.00,2033.36,2121.00,9034
18-Jul-14,2102.00,2148.00,2100.00,2130.00,19895
17-Jul-14,2152.00,2195.00,2127.51,2131.00,9004
16-Jul-14,2113.00,2261.65,2113.00,2165.00,9702
15-Jul-14,2180.00,2238.01,2075.59,2112.00,16865
14-Jul-14,2168.00,2217.00,2168.00,2188.00,4610
11-Jul-14,2132.00,2183.00,2126.00,2155.00,20370
10-Jul-14,2167.00,2175.00,2136.00,2145.00,16343
9-Jul-14,2124.00,2198.00,2124.00,2160.00,12334
8-Jul-14,2219.00,2219.00,2160.00,2207.00,22882
7-Jul-14,2302.00,2312.00,2188.00,2252.00,15841
4-Jul-14,2278.00,2316.00,2254.20,2310.00,14950
3-Jul-14,2214.00,2270.00,2124.76,2243.00,17937
2-Jul-14,2138.00,2197.00,2138.00,2160.00,72752
1-Jul-14,2170.00,2226.00,2160.00,2165.00,25558
30-Jun-14,2198.00,2231.00,2173.00,2214.00,16917
27-Jun-14,2185.00,2214.00,2160.00,2191.00,9818
26-Jun-14,2214.00,2225.00,2146.00,2181.00,24156
25-Jun-14,2218.00,2219.00,2165.00,2186.00,18420
24-Jun-14,2333.00,2333.00,2112.50,2165.00,39659
23-Jun-14,2289.00,2345.00,2255.00,2287.00,16286
20-Jun-14,2394.00,2394.00,2311.00,2350.00,96264
19-Jun-14,2358.00,2420.00,2344.00,2356.00,42677
18-Jun-14,2417.00,2424.00,2336.00,2406.00,21656
17-Jun-14,2351.00,2396.80,2350.00,2363.00,24152
16-Jun-14,2473.00,2473.00,2311.00,2382.00,23931
13-Jun-14,2357.00,2425.00,2265.00,2404.00,20603
12-Jun-14,2355.00,2431.00,2333.00,2400.00,17642
11-Jun-14,2365.00,2395.92,2307.80,2344.00,10667
10-Jun-14,2415.00,2429.00,2318.30,2398.00,11455
9-Jun-14,2424.00,2424.00,2345.00,2398.00,8642
6-Jun-14,2383.00,2433.00,2365.00,2413.00,7072
5-Jun-14,2357.00,2431.00,2340.00,2374.00,13191
4-Jun-14,2356.00,2394.00,2320.00,2368.00,8235
3-Jun-14,2357.00,2357.00,2294.00,2325.00,10307
2-Jun-14,2350.00,2358.00,2294.00,2301.00,12116
30-May-14,2326.00,2338.00,2274.40,2315.00,18303
29-May-14,2307.00,2318.00,2264.00,2294.00,7439
28-May-14,2305.00,2387.00,2231.00,2253.00,13028
27-May-14,2176.00,2317.00,2150.00,2292.00,29949
23-May-14,2231.00,2231.00,2167.00,2180.00,13277
22-May-14,2173.00,2242.00,2173.00,2196.00,12323
21-May-14,2205.00,2237.00,2194.00,2216.00,7383
20-May-14,2233.00,2256.00,2182.00,2197.00,13771
19-May-14,2228.00,2268.00,2180.59,2190.00,27209
16-May-14,2243.00,2346.00,2135.00,2213.00,32299
15-May-14,2235.00,2331.00,2235.00,2282.00,22880
14-May-14,2317.00,2317.00,2260.00,2287.00,12521
13-May-14,2346.00,2387.81,2283.00,2345.00,7748
12-May-14,2351.00,2403.97,2289.00,2335.00,13604
9-May-14,2302.00,2335.00,2261.00,2305.00,14437
8-May-14,2340.00,2367.00,2276.00,2318.00,15612
7-May-14,2323.00,2337.00,2261.00,2325.00,25446
6-May-14,2273.00,2393.75,2235.00,2345.00,14470
2-May-14,2189.00,2279.00,2189.00,2249.00,21160
1-May-14,2250.00,2288.00,2190.00,2190.00,18799
30-Apr-14,2314.00,2328.00,2139.00,2242.00,24226
29-Apr-14,2388.00,2421.00,2263.00,2295.00,24384
28-Apr-14,2453.00,2463.00,2342.56,2379.00,16999
25-Apr-14,2574.00,2574.00,2452.95,2457.00,14088
24-Apr-14,2551.00,2551.00,2464.00,2501.00,17707
23-Apr-14,2586.00,2587.00,2503.00,2528.00,11325
22-Apr-14,2466.00,2568.00,2466.00,2528.00,17278
17-Apr-14,2518.00,2561.00,2489.00,2517.00,7621
16-Apr-14,2552.00,2552.00,2465.00,2521.00,26589
15-Apr-14,2626.00,2673.00,2451.00,2500.00,15515
14-Apr-14,2606.00,2606.00,2456.33,2547.00,6229
11-Apr-14,2523.00,2591.21,2502.00,2538.00,8555
10-Apr-14,2630.00,2636.00,2539.00,2582.00,12124
9-Apr-14,2630.00,2636.00,2553.00,2580.00,10325
8-Apr-14,2676.00,2676.00,2540.00,2575.00,17022
7-Apr-14,2643.00,2700.00,2575.00,2601.00,15425
4-Apr-14,2584.00,2685.74,2561.00,2589.00,11158
3-Apr-14,2491.00,2609.00,2491.00,2568.00,7534
2-Apr-14,2527.00,2606.00,2506.00,2542.00,12700
1-Apr-14,2546.00,2638.00,2500.00,2575.00,15207
31-Mar-14,2588.00,2625.00,2510.00,2537.00,15045
28-Mar-14,2631.00,2631.00,2460.00,2515.00,9211
27-Mar-14,2555.00,2609.00,2550.00,2560.00,5017
26-Mar-14,2627.00,2650.00,2555.00,2555.00,10363
25-Mar-14,2590.00,2590.00,2540.00,2570.00,10446
24-Mar-14,2473.00,2617.00,2473.00,2540.00,13849
21-Mar-14,2602.00,2683.00,2504.00,2504.00,40743
20-Mar-14,2631.00,2725.24,2535.00,2615.00,21102
19-Mar-14,2529.00,2619.00,2504.00,2596.00,12192
18-Mar-14,2486.00,2515.80,2481.00,2491.00,5295
17-Mar-14,2455.00,2571.00,2455.00,2491.00,12070
14-Mar-14,2423.00,2566.00,2423.00,2497.00,12852
13-Mar-14,2496.00,2511.00,2418.00,2465.00,6639
12-Mar-14,2499.00,2524.00,2444.00,2463.00,12803
11-Mar-14,2447.00,2511.00,2444.00,2495.00,5638
10-Mar-14,2457.00,2529.00,2391.00,2457.00,18225
7-Mar-14,2478.00,2546.00,2403.00,2504.06,15977
6-Mar-14,2505.00,2610.00,2504.00,2543.00,10044
5-Mar-14,2444.00,2555.00,2430.00,2529.00,16371
4-Mar-14,2484.00,2507.00,2468.00,2507.00,11862
3-Mar-14,2497.00,2501.00,2438.00,2447.00,17616
28-Feb-14,2463.00,2566.00,2455.00,2566.00,22025
27-Feb-14,2442.00,2487.00,2422.00,2464.00,16505
26-Feb-14,2425.00,2505.00,2420.00,2504.00,14519
25-Feb-14,2428.00,2495.00,2348.00,2440.00,27998
24-Feb-14,2543.00,2550.00,2408.00,2450.00,23730
21-Feb-14,2473.00,2550.00,2400.00,2534.00,20021
20-Feb-14,2360.00,2461.00,2358.00,2461.00,12363
19-Feb-14,2355.00,2410.00,2355.00,2391.00,15558
18-Feb-14,2310.00,2463.00,2310.00,2411.00,13390
17-Feb-14,2303.00,2394.00,2300.00,2301.00,11547
14-Feb-14,2386.00,2437.00,2240.00,2320.00,19341
13-Feb-14,2310.00,2364.00,2310.00,2330.00,10054
12-Feb-14,2317.00,2391.00,2317.00,2354.00,5793
11-Feb-14,2330.00,2405.00,2330.00,2398.00,4172
10-Feb-14,2337.00,2428.00,2337.00,2390.00,4726
7-Feb-14,2345.00,2410.00,2294.00,2375.00,15685
6-Feb-14,2353.00,2353.00,2277.00,2290.00,13295
5-Feb-14,2255.00,2350.00,2255.00,2296.00,11414
4-Feb-14,2231.00,2357.00,2231.00,2300.00,22708
3-Feb-14,2269.00,2340.00,2269.00,2280.00,11249
31-Jan-14,2364.00,2365.00,2300.00,2313.00,16635
30-Jan-14,2302.00,2357.00,2289.00,2340.00,5819
29-Jan-14,2312.00,2367.00,2236.00,2311.00,9961
28-Jan-14,2359.00,2380.00,2322.00,2330.00,6736
27-Jan-14,2451.00,2451.00,2336.00,2336.00,7465
24-Jan-14,2387.00,2469.00,2360.00,2392.00,8815
23-Jan-14,2459.00,2510.00,2432.00,2445.00,8972
22-Jan-14,2423.00,2541.00,2423.00,2520.00,7285
21-Jan-14,2377.00,2493.00,2377.00,2478.00,8349
20-Jan-14,2487.00,2517.00,2480.00,2500.00,7816
17-Jan-14,2422.00,2508.00,2422.00,2487.00,23271
16-Jan-14,2469.00,2477.00,2446.00,2463.00,17596
15-Jan-14,2450.00,2469.00,2444.00,2458.00,10379
14-Jan-14,2459.00,2468.00,2418.00,2450.00,15451
13-Jan-14,2413.00,2474.00,2379.00,2463.00,11734
10-Jan-14,2283.00,2399.00,2274.00,2293.00,13717
9-Jan-14,2261.00,2297.00,2261.00,2285.00,11674
8-Jan-14,2336.00,2337.00,2265.00,2265.00,8131
7-Jan-14,2304.00,2344.00,2285.00,2320.00,9519
6-Jan-14,2274.00,2325.00,2274.00,2293.00,15814
3-Jan-14,2229.00,2286.00,2229.00,2286.00,5923
2-Jan-14,2245.00,2274.00,2229.00,2239.00,5082
31-Dec-13,2219.00,2269.00,2213.00,2253.00,5171
30-Dec-13,2293.00,2299.00,2275.00,2284.00,7399
27-Dec-13,2320.00,2320.00,2238.00,2294.00,9343
24-Dec-13,2286.00,2311.00,2281.00,2300.00,2283
23-Dec-13,2199.00,2270.00,2199.00,2243.00,10117
20-Dec-13,2240.00,2280.00,2240.00,2266.00,27306
19-Dec-13,2276.00,2300.00,2225.00,2250.00,20122
18-Dec-13,2306.00,2333.00,2275.00,2275.00,8648
17-Dec-13,2322.00,2382.00,2300.00,2300.00,22330
16-Dec-13,2319.00,2319.00,2267.00,2288.00,8315
13-Dec-13,2258.00,2284.00,2212.00,2275.00,10502
12-Dec-13,2215.00,2215.00,2185.00,2200.00,17549
11-Dec-13,2197.00,2210.00,2169.00,2195.00,28792
10-Dec-13,2182.00,2206.00,2182.00,2206.00,8316
9-Dec-13,2167.00,2180.00,2164.00,2177.00,6073
6-Dec-13,2140.00,2165.00,2140.00,2160.00,10049
5-Dec-13,2146.00,2165.00,2112.00,2140.00,11057
4-Dec-13,2132.00,2158.00,2100.00,2158.00,16262
3-Dec-13,2075.00,2144.00,2075.00,2136.00,14143
2-Dec-13,2110.00,2110.00,2080.00,2096.00,10986
29-Nov-13,2127.00,2127.00,2110.00,2113.00,9176
28-Nov-13,2154.00,2154.00,2116.00,2146.00,3406
27-Nov-13,2082.00,2100.00,2072.00,2085.00,4581
26-Nov-13,2085.00,2100.00,2073.00,2073.00,14857
25-Nov-13,2094.00,2097.00,2071.00,2078.00,5429
22-Nov-13,2056.00,2080.00,2028.00,2080.00,12160
21-Nov-13,2103.00,2103.00,2029.00,2035.00,13577
20-Nov-13,2008.00,2077.00,2008.00,2054.00,11542
19-Nov-13,2112.00,2112.00,2090.00,2090.00,5827
18-Nov-13,2124.00,2145.00,2109.00,2124.00,13947
15-Nov-13,2125.00,2128.00,2085.00,2121.00,17004
14-Nov-13,2104.00,2136.00,2104.00,2105.00,15980
13-Nov-13,2159.00,2159.00,2103.00,2120.00,26876
12-Nov-13,2135.00,2173.00,2116.00,2119.00,11073
11-Nov-13,2066.00,2167.00,2052.00,2053.00,19941
8-Nov-13,2011.00,2051.00,1993.00,2034.00,16099
7-Nov-13,1983.00,2037.00,1948.00,2022.00,18942
6-Nov-13,2000.00,2026.00,1954.00,2001.00,23662
5-Nov-13,2016.00,2031.00,1991.00,2021.00,9113
4-Nov-13,2050.00,2058.00,2002.00,2020.00,23742
1-Nov-13,2028.00,2035.00,2001.00,2030.00,12648
31-Oct-13,2031.00,2031.00,2001.00,2025.00,22735
30-Oct-13,2046.00,2066.00,2030.00,2040.00,9669
29-Oct-13,2041.00,2062.00,2033.00,2050.00,23393
28-Oct-13,2000.00,2055.00,1956.00,2050.00,24508
25-Oct-13,2002.00,2027.00,2002.00,2018.00,24333
24-Oct-13,2015.00,2021.00,1996.00,2013.00,12272
23-Oct-13,2035.00,2037.00,2005.00,2019.00,11850
22-Oct-13,2000.00,2023.00,1973.00,2019.00,14253
21-Oct-13,1997.00,2039.00,1969.00,1985.00,15192
18-Oct-13,1909.00,2000.00,1909.00,1999.00,22583
17-Oct-13,1955.00,1955.00,1867.00,1898.00,16837
16-Oct-13,1961.00,1964.00,1894.00,1951.00,17014
15-Oct-13,1958.00,1992.00,1947.00,1960.00,21301
14-Oct-13,1952.00,1975.00,1928.00,1957.00,16511
11-Oct-13,1953.00,1978.00,1919.00,1959.00,19900
10-Oct-13,1883.00,1939.00,1882.00,1920.00,11666
9-Oct-13,1901.00,1913.00,1867.00,1895.00,38747
8-Oct-13,1918.00,1945.00,1901.00,1901.00,6770
7-Oct-13,1914.00,1923.00,1844.00,1908.00,22553
4-Oct-13,1928.00,1946.00,1912.00,1912.00,21820
3-Oct-13,1957.00,1973.00,1894.00,1901.00,29996
2-Oct-13,1992.00,2005.00,1941.00,1950.00,15394
1-Oct-13,2000.00,2016.00,1992.00,2008.00,34235
30-Sep-13,1987.00,2025.00,1958.00,1988.00,29140
27-Sep-13,1992.00,2012.00,1931.00,2012.00,11661
26-Sep-13,1997.00,2000.00,1977.00,1983.00,14664
25-Sep-13,2009.00,2016.00,1980.00,2000.00,16885
24-Sep-13,2019.00,2064.00,1991.00,2009.00,25155
20-Sep-13,2089.00,2110.00,2050.00,2095.00,99642
19-Sep-13,2193.00,2193.00,2080.00,2100.00,30317
18-Sep-13,2171.00,2202.00,2132.00,2166.00,10866
17-Sep-13,2171.00,2208.00,2137.00,2160.00,26234
16-Sep-13,2137.00,2185.00,2122.00,2173.00,24641
13-Sep-13,2144.00,2159.00,2117.00,2117.00,12288
12-Sep-13,2113.00,2179.00,2113.00,2145.00,11807
11-Sep-13,2226.00,2226.00,2143.00,2173.00,8079
10-Sep-13,2223.00,2228.00,2153.00,2190.00,17854
9-Sep-13,2107.00,2168.00,2092.00,2162.00,10052
6-Sep-13,2103.00,2155.00,2096.00,2146.00,10764
5-Sep-13,2127.00,2146.00,2087.00,2140.00,10178
4-Sep-13,2099.00,2172.00,2071.00,2158.00,11038
3-Sep-13,2144.00,2147.00,2078.00,2138.00,16115
2-Sep-13,2191.00,2206.00,2122.00,2148.00,14610
30-Aug-13,2203.00,2203.00,2122.00,2132.00,22104
29-Aug-13,2098.00,2200.00,2098.00,2190.00,21592
28-Aug-13,2111.00,2145.00,2100.00,2112.00,18960
27-Aug-13,2118.00,2132.00,2084.00,2123.00,23745
23-Aug-13,2199.00,2199.00,2127.00,2130.00,9406
22-Aug-13,2175.00,2191.00,2110.00,2130.00,13000
21-Aug-13,2097.00,2137.00,2078.00,2100.00,23910
20-Aug-13,2070.00,2120.00,2045.00,2097.00,63440
19-Aug-13,2122.00,2149.00,2040.00,2100.00,21296
16-Aug-13,2076.00,2125.00,2060.00,2105.00,7463
15-Aug-13,2110.00,2110.00,2020.00,2044.00,18992
14-Aug-13,2077.00,2140.00,2025.00,2100.00,12513
13-Aug-13,2100.00,2143.00,2052.00,2108.00,7813
12-Aug-13,2160.00,2206.00,2036.00,2129.00,11595
9-Aug-13,2209.00,2209.00,2067.00,2140.99,29313
8-Aug-13,2081.00,2190.00,2049.00,2100.00,18011
7-Aug-13,2093.00,2104.00,2050.00,2081.00,18192
6-Aug-13,2084.00,2109.00,2054.00,2085.00,11159
5-Aug-13,1992.00,2107.00,1992.00,2090.00,25037
2-Aug-13,2000.00,2010.00,1987.00,2010.00,26646
1-Aug-13,2079.00,2079.00,2000.00,2003.00,9970
31-Jul-13,2033.00,2033.00,1990.00,2005.00,10681
30-Jul-13,2011.00,2021.00,1981.00,2000.00,16140
29-Jul-13,2022.00,2055.00,1901.00,2000.00,31105
26-Jul-13,2109.00,2109.00,2047.00,2070.00,7620
25-Jul-13,2050.00,2058.00,2030.00,2050.00,4544
24-Jul-13,2089.00,2089.00,2052.00,2065.00,8560
23-Jul-13,2101.00,2101.00,2054.00,2070.00,11177
22-Jul-13,2069.00,2103.00,2061.00,2091.00,10205
19-Jul-13,2047.00,2080.00,2047.00,2070.00,19112
18-Jul-13,2094.00,2096.50,2072.00,2080.00,17107
17-Jul-13,2089.00,2093.00,2064.00,2070.00,13409
16-Jul-13,2094.00,2094.00,2039.22,2085.00,12996
15-Jul-13,2100.00,2123.00,2084.00,2100.00,6985
12-Jul-13,2116.00,2129.00,2094.00,2110.00,8311
11-Jul-13,2135.00,2145.00,2066.74,2137.00,5667
10-Jul-13,2112.00,2115.00,2075.00,2099.00,30560
9-Jul-13,2055.00,2121.00,2044.00,2121.00,32279
8-Jul-13,2010.00,2068.00,1999.00,2047.00,15469
5-Jul-13,2044.13,2084.00,1991.00,1991.00,21872
4-Jul-13,1936.00,2049.00,1915.00,2035.00,12953
3-Jul-13,1850.00,1911.00,1825.00,1898.00,11885
2-Jul-13,1911.00,1918.00,1867.00,1872.00,9082
1-Jul-13,1913.00,1933.00,1908.00,1918.00,17447
28-Jun-13,1905.00,1928.00,1900.00,1928.00,20450
27-Jun-13,1873.00,1900.00,1845.00,1900.00,12671
26-Jun-13,1868.00,1873.00,1852.00,1868.00,19361
25-Jun-13,1831.00,1858.00,1821.00,1836.00,14261
24-Jun-13,1850.00,1850.00,1818.00,1818.00,14921
21-Jun-13,1860.00,1878.00,1834.00,1860.00,63001
20-Jun-13,1869.00,1871.61,1841.00,1855.00,23506
19-Jun-13,1858.00,1878.00,1857.00,1866.00,27730
18-Jun-13,1850.00,1874.00,1829.00,1873.00,21376
17-Jun-13,1910.00,1916.00,1884.00,1888.00,14421
14-Jun-13,1905.00,1913.00,1878.00,1901.00,25508
13-Jun-13,1875.00,1918.00,1875.00,1899.00,24060
12-Jun-13,1895.00,1900.00,1877.00,1889.00,15787
11-Jun-13,1882.00,1900.76,1879.00,1884.00,28827
10-Jun-13,1875.00,1908.50,1875.00,1899.00,7778
7-Jun-13,1870.00,1893.00,1866.00,1889.00,8445
6-Jun-13,1910.00,1921.00,1883.00,1883.00,12487
5-Jun-13,1917.00,1948.00,1905.00,1924.00,21730
4-Jun-13,1949.00,1973.00,1920.00,1925.00,9272
3-Jun-13,1947.00,1951.00,1913.00,1923.00,13004
31-May-13,1951.00,1955.00,1914.00,1951.00,17459
30-May-13,1914.00,1951.00,1914.00,1925.00,12492
29-May-13,1927.00,1942.00,1867.00,1926.00,29416
28-May-13,1905.00,1933.00,1897.00,1932.00,14750
24-May-13,1917.00,1953.00,1870.00,1883.00,24965
23-May-13,1899.00,1939.00,1878.60,1924.00,19047
22-May-13,2050.00,2050.00,1970.00,1970.00,17572
21-May-13,2030.00,2047.00,2000.92,2047.00,43863
20-May-13,1988.00,2039.00,1924.40,2004.00,22564
17-May-13,1921.00,1949.00,1906.00,1949.00,9075
16-May-13,1939.00,1939.00,1885.00,1905.00,10368
15-May-13,1949.00,1954.00,1914.00,1922.00,9746
14-May-13,1920.00,1935.00,1910.00,1925.00,17828
13-May-13,1915.00,1915.00,1882.00,1901.00,25462
10-May-13,1885.00,1916.00,1859.00,1889.00,32479
9-May-13,1860.00,1864.00,1824.00,1846.00,14480
8-May-13,1860.00,1862.00,1801.00,1823.00,30808
7-May-13,1854.00,1879.48,1830.22,1870.00,26812
3-May-13,1805.00,1862.00,1800.00,1838.00,14046
2-May-13,1797.00,1804.04,1771.00,1800.00,102414
1-May-13,1800.00,1800.00,1767.00,1798.00,12419
30-Apr-13,1798.00,1808.00,1785.00,1795.00,24084
29-Apr-13,1808.00,1808.00,1781.00,1798.00,19256
26-Apr-13,1798.00,1801.00,1779.00,1792.00,8512
25-Apr-13,1805.00,1819.00,1781.00,1815.00,14139
24-Apr-13,1798.00,1822.00,1780.22,1817.00,16717
23-Apr-13,1801.00,1819.00,1800.00,1810.00,20195
22-Apr-13,1785.00,1819.00,1785.00,1801.00,27017
19-Apr-13,1784.00,1879.12,1764.00,1776.00,26012
18-Apr-13,1786.00,1803.00,1752.60,1759.00,22193
17-Apr-13,1798.00,1821.00,1774.00,1774.00,24720
16-Apr-13,1770.00,1805.00,1752.00,1781.00,43235
15-Apr-13,1878.00,1889.00,1695.03,1776.00,47480
12-Apr-13,1933.00,1933.00,1877.00,1888.00,17914
11-Apr-13,1963.00,1963.00,1891.00,1900.00,18309
10-Apr-13,1880.00,1902.00,1867.85,1897.00,14690
9-Apr-13,1880.00,1892.00,1869.00,1880.00,22234
8-Apr-13,1910.00,1910.00,1861.00,1866.00,30457
5-Apr-13,1888.00,1888.00,1865.00,1870.00,24263
4-Apr-13,1914.00,1922.00,1829.00,1845.00,50578
3-Apr-13,1994.00,1994.00,1934.00,1944.00,19262
2-Apr-13,1957.00,1972.00,1944.00,1945.00,26258
28-Mar-13,1934.00,1952.00,1918.00,1945.00,21309
27-Mar-13,1974.00,1974.00,1908.00,1908.00,27718
26-Mar-13,1969.00,1969.00,1920.00,1920.00,44200
25-Mar-13,1925.00,1970.00,1925.00,1940.00,44766
22-Mar-13,1910.00,1919.00,1890.00,1900.00,32869
21-Mar-13,1920.00,1920.00,1888.00,1912.00,32218
20-Mar-13,1910.00,1915.00,1893.00,1896.00,15126
19-Mar-13,1910.00,1910.00,1887.00,1894.00,36151
18-Mar-13,1930.00,1931.00,1896.00,1906.00,39014
15-Mar-13,1940.00,1945.00,1915.00,1939.00,90666
14-Mar-13,1934.00,1950.00,1934.00,1940.00,45571
13-Mar-13,1941.00,1957.00,1936.00,1940.00,12966
12-Mar-13,1947.00,1968.00,1947.00,1955.00,10034
11-Mar-13,1972.00,1972.00,1955.00,1958.00,16053
8-Mar-13,1976.00,1976.00,1959.00,1966.00,23145
7-Mar-13,1975.00,2003.30,1957.00,1965.00,41927
6-Mar-13,1950.00,1961.00,1940.00,1961.00,20026
5-Mar-13,1912.00,1949.00,1905.11,1949.00,32666
4-Mar-13,1901.00,1919.00,1886.00,1919.00,31021
1-Mar-13,1885.00,1922.00,1882.90,1920.00,32245
28-Feb-13,1860.00,1876.00,1853.00,1876.00,45190
27-Feb-13,1830.00,1868.00,1809.65,1860.00,61628
26-Feb-13,1882.00,1882.00,1825.00,1835.00,71362
25-Feb-13,1921.00,1921.00,1880.00,1913.49,24639
22-Feb-13,1925.00,1926.00,1908.00,1910.15,19943
21-Feb-13,1952.00,1952.00,1892.00,1905.00,41557
20-Feb-13,1956.00,1986.00,1943.00,1957.00,20873
19-Feb-13,1875.00,1979.00,1857.50,1941.59,45923
18-Feb-13,1826.00,1865.00,1826.00,1858.00,14001
15-Feb-13,1820.00,1876.00,1811.91,1861.00,33679
14-Feb-13,1782.00,1826.00,1781.00,1820.00,38552
13-Feb-13,1669.00,1816.02,1669.00,1800.00,70776
12-Feb-13,1603.00,1670.00,1578.04,1655.00,65598
11-Feb-13,1520.00,1616.00,1517.04,1577.00,34384
8-Feb-13,1565.00,1571.00,1507.00,1527.00,22650
7-Feb-13,1557.00,1560.00,1512.00,1544.00,22072
6-Feb-13,1546.00,1600.00,1546.00,1550.00,30651
5-Feb-13,1544.00,1560.00,1524.00,1547.00,15627
4-Feb-13,1530.00,1550.00,1525.00,1540.00,33030
1-Feb-13,1530.00,1584.00,1523.00,1526.00,28190
31-Jan-13,1545.00,1559.00,1508.00,1539.00,81275
30-Jan-13,1599.00,1599.00,1523.00,1551.00,24405
29-Jan-13,1595.00,1607.00,1579.00,1590.00,6605
28-Jan-13,1581.00,1600.00,1570.00,1588.00,24018
25-Jan-13,1575.00,1589.00,1563.00,1570.00,12047
24-Jan-13,1553.00,1594.00,1553.00,1575.00,31424
23-Jan-13,1592.00,1592.00,1546.00,1553.00,12338
22-Jan-13,1580.00,1587.00,1549.00,1565.00,14509
21-Jan-13,1581.00,1611.00,1550.99,1611.00,10844
18-Jan-13,1615.00,1619.00,1570.00,1600.00,11306
17-Jan-13,1580.00,1580.00,1527.00,1561.00,21311
16-Jan-13,1560.00,1564.68,1526.00,1560.00,11156
15-Jan-13,1558.00,1582.00,1515.77,1564.37,16828
14-Jan-13,1613.00,1613.00,1531.00,1531.00,11342
11-Jan-13,1578.00,1629.50,1565.00,1566.00,14405
10-Jan-13,1550.00,1590.00,1539.95,1562.00,9370
9-Jan-13,1516.00,1560.00,1516.00,1544.00,13660
8-Jan-13,1572.00,1572.00,1493.00,1519.00,15411
7-Jan-13,1556.00,1615.00,1537.00,1560.00,36085
4-Jan-13,1506.00,1558.00,1476.20,1537.00,8141
3-Jan-13,1529.00,1584.42,1507.00,1507.00,9690
2-Jan-13,1539.00,1582.00,1517.00,1525.00,17163
