31-Dec-15,174.00,175.25,173.00,174.00,31420
30-Dec-15,176.90,176.90,173.80,175.25,70232
29-Dec-15,172.10,176.02,172.10,176.00,157506
24-Dec-15,172.00,174.00,172.00,173.40,23657
23-Dec-15,172.30,173.50,170.70,173.50,63682
22-Dec-15,172.00,172.08,170.00,170.50,91024
21-Dec-15,170.50,171.32,170.00,170.70,214140
18-Dec-15,170.90,171.00,169.60,169.70,146657
16-Dec-15,169.00,170.00,167.83,168.70,85236
15-Dec-15,167.90,168.70,167.10,168.00,95699
14-Dec-15,166.90,167.00,163.90,166.90,135094
11-Dec-15,168.90,169.00,165.00,166.90,237059
10-Dec-15,168.00,169.80,167.60,168.30,55809
9-Dec-15,169.90,170.62,168.00,169.00,117772
8-Dec-15,170.90,171.00,168.50,169.00,117164
7-Dec-15,168.50,171.10,167.10,170.75,175165
4-Dec-15,167.40,167.90,165.90,167.80,7237
3-Dec-15,169.40,170.50,167.50,168.50,207265
2-Dec-15,167.30,169.38,167.20,168.80,52071
1-Dec-15,168.00,169.70,167.10,168.40,34027
30-Nov-15,167.70,168.90,165.50,168.00,37194
27-Nov-15,167.10,167.60,166.10,167.50,16932
26-Nov-15,166.10,167.77,166.00,166.90,80958
25-Nov-15,164.20,167.50,164.20,167.30,26178
24-Nov-15,164.80,166.70,162.20,163.40,160441
23-Nov-15,167.20,167.30,165.25,166.50,20888
20-Nov-15,167.00,168.00,165.00,167.50,87198
19-Nov-15,163.10,167.85,163.00,166.00,115510
18-Nov-15,162.50,164.40,162.50,162.70,27445
17-Nov-15,165.90,166.00,163.10,163.50,65766
16-Nov-15,162.50,164.00,161.62,163.90,27364
13-Nov-15,163.40,165.00,161.00,165.00,50100
12-Nov-15,167.40,167.70,162.50,163.50,78888
11-Nov-15,166.90,167.90,165.50,166.10,23178
10-Nov-15,167.60,167.90,165.00,165.90,11542
9-Nov-15,168.90,170.10,165.50,166.20,237773
6-Nov-15,169.00,169.00,166.60,168.40,57656
5-Nov-15,167.80,169.00,166.50,168.30,120353
4-Nov-15,169.00,169.00,166.00,166.70,69720
3-Nov-15,166.40,167.92,165.70,166.50,34938
2-Nov-15,166.80,168.00,166.50,166.70,309438
30-Oct-15,169.50,169.50,166.80,167.30,93155
29-Oct-15,171.20,171.20,166.50,167.30,127064
28-Oct-15,169.40,171.60,169.40,170.68,64602
27-Oct-15,168.00,170.92,168.00,168.20,35320
26-Oct-15,169.40,170.90,168.00,168.65,62562
23-Oct-15,167.50,171.79,167.50,170.50,51402
22-Oct-15,164.10,168.00,164.10,167.50,86074
21-Oct-15,165.70,167.30,164.80,165.10,59323
20-Oct-15,165.40,166.40,164.50,165.50,11216
19-Oct-15,166.30,167.75,164.10,164.10,100549
16-Oct-15,168.50,168.90,166.00,166.00,103520
15-Oct-15,166.20,167.80,165.50,166.20,116887
14-Oct-15,165.00,166.20,165.00,165.38,18683
13-Oct-15,169.40,169.40,166.00,166.50,178823
12-Oct-15,167.50,170.60,167.00,167.40,54399
9-Oct-15,167.50,169.59,166.50,169.10,89075
8-Oct-15,168.60,170.78,166.30,167.20,164040
7-Oct-15,170.60,171.98,167.00,169.60,188965
6-Oct-15,169.20,170.50,168.70,170.40,27794
5-Oct-15,165.10,169.90,165.10,168.20,84319
2-Oct-15,161.50,164.80,161.46,164.30,76492
1-Oct-15,164.80,165.90,161.80,163.80,90554
30-Sep-15,162.50,163.79,161.70,162.60,46363
29-Sep-15,160.00,161.40,158.70,160.20,92185
28-Sep-15,163.50,163.50,160.14,160.70,25830
25-Sep-15,163.50,164.90,163.40,163.43,32753
24-Sep-15,163.70,163.70,160.00,160.60,114029
23-Sep-15,161.40,163.50,160.10,163.50,290962
22-Sep-15,165.50,166.00,160.00,165.50,94461
21-Sep-15,166.00,166.43,164.18,165.20,78085
18-Sep-15,170.40,170.40,165.00,166.20,308298
17-Sep-15,168.80,170.50,168.60,168.80,70181
16-Sep-15,170.30,171.00,168.10,170.00,44323
15-Sep-15,168.20,169.81,168.00,169.50,94434
14-Sep-15,169.70,170.73,168.00,168.80,50624
11-Sep-15,169.50,171.10,168.20,168.60,132927
10-Sep-15,170.00,172.90,169.40,170.00,96757
9-Sep-15,172.00,173.50,169.00,170.80,52939
8-Sep-15,170.00,171.50,169.30,169.50,28923
7-Sep-15,170.10,170.50,168.00,168.00,52407
4-Sep-15,168.00,170.80,167.50,168.00,72421
3-Sep-15,169.90,172.30,169.80,171.20,209532
2-Sep-15,167.90,170.00,167.88,168.70,123809
1-Sep-15,169.50,169.50,166.70,168.00,379568
28-Aug-15,171.40,173.00,171.40,171.70,80120
27-Aug-15,171.60,172.90,171.10,171.80,90566
26-Aug-15,168.00,169.00,166.90,168.00,140410
25-Aug-15,162.60,172.00,162.60,170.30,530066
24-Aug-15,164.00,165.15,160.00,162.60,385812
21-Aug-15,170.90,172.31,168.65,170.50,136366
20-Aug-15,175.00,175.00,172.20,173.50,85484
19-Aug-15,177.00,177.00,174.10,174.10,124349
18-Aug-15,177.00,177.00,175.00,176.10,39180
17-Aug-15,179.00,179.50,175.00,176.00,118464
14-Aug-15,178.80,178.90,176.90,177.50,36793
13-Aug-15,178.00,178.78,177.10,178.60,113368
12-Aug-15,180.00,180.34,175.00,176.80,162801
11-Aug-15,181.40,182.06,180.00,181.24,49177
10-Aug-15,183.70,183.83,181.10,181.50,65390
7-Aug-15,182.70,182.70,181.00,182.02,95429
6-Aug-15,181.40,182.00,181.00,181.50,54671
5-Aug-15,179.50,181.40,179.50,181.00,36685
4-Aug-15,180.60,181.80,179.50,180.50,60149
3-Aug-15,179.50,180.20,179.50,180.00,34961
31-Jul-15,178.50,179.80,178.15,179.00,176877
30-Jul-15,179.30,180.62,177.50,179.50,152034
29-Jul-15,180.10,180.98,178.00,179.00,125548
28-Jul-15,180.00,180.40,178.40,178.80,90968
27-Jul-15,181.00,182.40,177.60,178.60,119603
24-Jul-15,183.70,184.00,181.00,181.00,49213
23-Jul-15,182.00,183.50,182.00,182.40,119542
22-Jul-15,182.00,182.71,181.00,182.60,104350
21-Jul-15,183.60,184.38,182.10,182.75,76195
20-Jul-15,182.00,184.50,182.00,183.00,69609
17-Jul-15,182.40,182.80,180.10,182.80,130677
16-Jul-15,183.90,183.90,181.00,182.90,113087
15-Jul-15,181.50,182.68,180.08,181.40,118748
14-Jul-15,182.00,183.70,180.00,181.40,148779
13-Jul-15,183.00,184.26,180.50,183.00,183256
10-Jul-15,180.00,183.18,179.80,182.00,223325
9-Jul-15,173.30,176.00,173.20,176.00,51480
8-Jul-15,171.90,173.30,170.10,173.30,156177
7-Jul-15,175.00,175.00,170.50,171.00,87584
6-Jul-15,174.50,176.50,173.90,174.10,109256
3-Jul-15,177.00,177.98,176.20,177.00,26240
2-Jul-15,176.20,178.31,176.20,177.90,104082
1-Jul-15,175.00,179.83,175.00,177.00,202233
30-Jun-15,176.00,177.00,173.59,175.00,126376
29-Jun-15,173.80,177.22,171.20,176.00,256053
26-Jun-15,180.10,180.79,178.40,179.80,289988
25-Jun-15,181.00,182.70,179.80,180.60,123328
24-Jun-15,182.50,182.60,180.60,180.80,423595
23-Jun-15,180.40,182.68,180.00,181.80,344473
22-Jun-15,179.30,181.80,178.50,179.70,250702
19-Jun-15,175.20,177.00,174.40,176.50,590016
18-Jun-15,175.20,176.22,173.10,175.30,282481
17-Jun-15,176.10,177.14,175.40,175.60,93557
16-Jun-15,178.00,178.10,175.90,176.40,171818
15-Jun-15,180.50,181.20,178.30,179.70,242842
12-Jun-15,183.50,183.72,181.00,181.50,314146
11-Jun-15,183.50,184.30,182.60,183.50,74564
10-Jun-15,181.20,183.50,181.00,183.00,79669
9-Jun-15,182.10,182.50,180.90,181.00,86662
8-Jun-15,183.00,183.96,181.00,181.80,108340
5-Jun-15,186.00,187.00,183.20,184.50,110706
4-Jun-15,186.80,187.50,184.50,184.60,97036
3-Jun-15,185.90,187.00,185.43,186.70,170519
2-Jun-15,185.50,186.70,184.90,186.00,339914
1-Jun-15,185.60,186.60,185.20,186.00,62021
29-May-15,186.50,187.04,184.60,185.85,156803
28-May-15,186.40,186.50,185.00,186.10,28085
27-May-15,184.60,186.50,184.22,184.50,372101
26-May-15,186.50,186.70,184.01,184.75,129036
22-May-15,186.00,186.50,185.08,186.25,1764079
21-May-15,185.10,185.90,184.50,184.50,247558
20-May-15,185.90,185.90,183.60,185.00,173985
19-May-15,183.50,186.00,183.50,185.70,78261
18-May-15,185.00,185.50,182.50,185.14,62121
15-May-15,184.00,185.40,182.50,184.00,113504
14-May-15,182.70,183.00,181.00,182.42,99311
13-May-15,182.90,183.46,181.00,182.50,56724
12-May-15,182.40,182.45,180.20,182.00,177996
11-May-15,184.00,185.09,181.60,183.00,235873
8-May-15,182.50,184.00,180.00,183.50,363940
7-May-15,180.00,181.40,178.00,179.00,173706
6-May-15,180.50,182.50,179.50,181.10,158248
5-May-15,180.00,182.70,179.60,180.10,314904
1-May-15,176.50,179.00,176.50,178.41,44251
30-Apr-15,177.10,178.50,176.00,176.80,106590
29-Apr-15,180.90,181.83,176.50,180.00,227431
28-Apr-15,182.90,182.94,179.10,180.50,100646
27-Apr-15,180.00,183.90,179.75,183.00,132649
24-Apr-15,181.30,182.72,179.30,180.50,39756
23-Apr-15,180.20,181.92,179.00,179.80,49537
22-Apr-15,181.40,182.48,180.00,180.60,105195
21-Apr-15,181.00,183.98,180.06,182.00,77047
20-Apr-15,180.90,181.08,177.10,180.30,47857
17-Apr-15,182.50,183.86,177.40,177.60,72670
16-Apr-15,184.30,185.87,181.00,181.30,164231
15-Apr-15,183.30,186.70,183.30,185.00,41174
14-Apr-15,183.50,185.77,183.10,185.65,34117
13-Apr-15,185.90,185.90,183.10,185.00,59692
10-Apr-15,184.70,186.00,182.70,185.30,108189
9-Apr-15,182.50,184.41,181.60,183.20,173626
8-Apr-15,184.00,184.90,181.40,181.40,135860
7-Apr-15,179.90,183.60,178.92,182.40,88499
2-Apr-15,179.70,180.44,177.50,178.93,47607
1-Apr-15,175.50,179.20,175.00,176.50,172590
31-Mar-15,180.90,181.40,176.00,176.10,150825
30-Mar-15,179.90,181.70,178.39,179.40,294442
27-Mar-15,179.70,182.03,177.40,178.00,100604
26-Mar-15,181.60,181.85,179.00,179.50,19633
25-Mar-15,187.50,187.50,184.10,184.90,90870
24-Mar-15,183.80,187.00,183.80,186.00,163279
23-Mar-15,184.20,186.00,183.22,185.00,81761
20-Mar-15,184.00,184.00,181.40,184.00,257738
19-Mar-15,181.60,182.31,180.70,181.70,47527
18-Mar-15,180.10,182.50,179.64,179.64,51589
17-Mar-15,179.40,181.00,179.00,179.50,75625
16-Mar-15,176.00,179.20,174.22,176.75,64001
13-Mar-15,173.60,175.40,172.10,173.60,124535
12-Mar-15,172.70,173.76,172.00,173.50,23193
11-Mar-15,172.60,174.10,169.10,172.20,164687
10-Mar-15,174.20,174.51,170.00,170.20,90255
9-Mar-15,175.20,176.40,174.20,175.00,78849
6-Mar-15,175.40,177.91,173.85,175.95,118712
5-Mar-15,175.10,176.50,172.69,174.40,49830
4-Mar-15,172.50,174.17,171.60,173.10,115423
3-Mar-15,173.60,176.20,173.50,175.00,212706
2-Mar-15,171.80,174.88,171.80,174.10,62384
27-Feb-15,173.30,175.00,172.30,172.80,40624
26-Feb-15,172.60,173.49,170.60,172.22,49375
25-Feb-15,172.90,174.16,171.50,172.50,116034
24-Feb-15,171.00,174.00,170.40,172.10,34518
23-Feb-15,172.90,173.00,170.60,172.50,56318
20-Feb-15,170.00,171.17,169.50,169.50,126322
19-Feb-15,171.40,171.50,168.00,171.00,62742
18-Feb-15,166.50,171.50,166.30,170.50,91301
17-Feb-15,169.60,170.70,166.50,168.30,173760
16-Feb-15,169.10,171.77,168.50,169.50,113641
13-Feb-15,170.90,172.50,168.70,170.20,245958
12-Feb-15,168.30,171.00,168.18,170.50,111328
11-Feb-15,169.20,170.40,167.20,167.50,71673
10-Feb-15,171.80,171.80,168.20,171.32,378074
9-Feb-15,169.30,172.90,168.50,169.70,41885
6-Feb-15,170.50,172.48,169.90,172.20,30956
5-Feb-15,172.90,173.46,170.10,171.80,42756
4-Feb-15,173.50,174.08,170.70,173.90,128761
3-Feb-15,168.00,173.40,168.00,173.30,54792
2-Feb-15,170.00,170.07,167.20,168.70,248821
30-Jan-15,170.00,171.00,168.50,169.50,133219
29-Jan-15,168.60,170.50,166.96,170.50,113793
28-Jan-15,169.10,170.60,167.93,168.90,46920
27-Jan-15,170.00,172.90,169.10,169.20,93155
26-Jan-15,170.20,173.00,170.20,170.40,66083
23-Jan-15,171.40,172.00,169.60,172.00,60471
22-Jan-15,168.30,173.00,167.17,170.05,305859
21-Jan-15,167.10,168.28,165.51,167.70,43021
20-Jan-15,165.50,169.20,165.22,166.00,107085
19-Jan-15,160.60,165.00,160.60,164.60,240855
16-Jan-15,158.30,160.40,156.90,160.00,54569
15-Jan-15,160.60,162.00,155.91,158.00,335308
14-Jan-15,158.60,160.00,158.01,158.70,74439
13-Jan-15,162.00,162.10,160.00,160.30,317898
12-Jan-15,161.70,162.00,159.00,160.00,44626
9-Jan-15,161.60,162.98,159.50,159.50,19726
8-Jan-15,162.40,162.50,159.70,162.50,49604
7-Jan-15,158.50,160.25,157.99,158.75,25635
6-Jan-15,158.00,160.40,157.50,158.50,97232
5-Jan-15,160.80,162.20,158.00,159.00,50867
31-Dec-14,161.50,163.30,161.50,163.00,1964
30-Dec-14,164.30,164.30,160.90,162.20,55993
29-Dec-14,163.50,164.74,163.30,163.40,28789
24-Dec-14,165.00,165.00,163.20,164.70,3360
23-Dec-14,162.50,164.80,162.50,163.30,84295
22-Dec-14,162.30,164.60,162.14,163.23,90531
19-Dec-14,163.00,163.10,161.20,161.50,351004
18-Dec-14,157.90,162.40,157.90,161.60,172359
17-Dec-14,155.60,157.00,154.10,156.60,120747
16-Dec-14,157.80,157.80,153.00,155.80,166403
15-Dec-14,157.00,158.92,156.50,156.70,309416
12-Dec-14,158.00,160.00,157.50,157.50,77230
11-Dec-14,160.40,161.00,159.12,160.50,112829
10-Dec-14,161.60,162.00,160.30,160.40,22250
9-Dec-14,159.60,161.50,159.00,159.70,126224
8-Dec-14,162.20,162.48,160.80,161.80,28658
5-Dec-14,162.10,162.50,160.65,160.65,36246
4-Dec-14,160.90,161.88,160.10,160.40,117768
3-Dec-14,161.90,161.90,160.10,160.90,41293
2-Dec-14,160.40,161.60,160.10,160.85,18485
1-Dec-14,162.90,162.90,160.00,160.10,66736
28-Nov-14,162.00,162.78,161.40,162.50,32472
27-Nov-14,161.60,162.79,160.80,160.80,108853
26-Nov-14,162.90,162.90,160.30,161.50,128726
25-Nov-14,162.00,162.00,160.10,161.80,116227
24-Nov-14,162.90,163.35,160.40,160.40,167250
21-Nov-14,157.10,163.00,157.10,161.50,106603
20-Nov-14,158.50,158.50,157.57,158.50,13725
19-Nov-14,159.00,159.50,157.72,159.30,59913
18-Nov-14,157.70,159.50,156.10,159.20,193033
17-Nov-14,156.30,157.90,154.69,157.50,62609
14-Nov-14,156.20,156.40,155.10,156.40,121429
13-Nov-14,157.00,157.00,155.29,155.50,91950
12-Nov-14,156.50,157.30,154.70,155.10,93015
11-Nov-14,156.50,158.10,156.00,156.60,158783
10-Nov-14,158.50,158.50,156.50,157.70,164495
7-Nov-14,158.00,159.40,156.50,157.20,159075
6-Nov-14,157.70,159.80,157.00,159.00,92931
5-Nov-14,155.00,157.90,155.00,157.30,120731
4-Nov-14,155.20,155.80,153.50,154.40,260149
3-Nov-14,155.30,155.50,153.75,155.30,106833
31-Oct-14,154.90,155.70,152.70,154.20,325111
30-Oct-14,152.00,154.50,151.20,153.00,179009
29-Oct-14,152.00,154.00,151.68,153.50,102322
28-Oct-14,150.80,152.50,149.49,152.00,33134
27-Oct-14,149.20,150.80,149.20,150.80,84563
24-Oct-14,147.50,149.50,147.50,149.30,66805
23-Oct-14,149.00,149.40,147.50,148.50,150911
22-Oct-14,147.00,149.00,146.50,149.00,68764
21-Oct-14,144.50,147.30,144.50,147.30,86683
20-Oct-14,145.00,145.00,143.00,144.40,105579
17-Oct-14,141.00,145.00,140.78,144.40,380158
16-Oct-14,142.70,142.89,137.40,138.15,602261
15-Oct-14,144.50,144.50,141.00,144.00,246645
14-Oct-14,142.50,144.50,141.70,144.00,263537
13-Oct-14,142.30,143.50,141.04,143.20,281054
10-Oct-14,146.80,146.80,142.00,142.90,272531
9-Oct-14,147.50,150.00,146.00,147.60,213921
8-Oct-14,146.50,147.20,146.00,146.70,74593
7-Oct-14,149.40,149.68,147.00,147.25,295089
6-Oct-14,150.50,152.16,149.60,149.70,101918
3-Oct-14,151.00,151.00,149.32,150.50,84798
2-Oct-14,150.80,151.41,148.00,148.00,65484
1-Oct-14,152.50,152.50,150.40,150.50,111604
30-Sep-14,154.00,154.00,151.00,151.60,82810
29-Sep-14,152.50,153.67,152.22,153.50,22078
26-Sep-14,153.00,154.80,153.00,153.00,38294
25-Sep-14,158.00,158.00,153.50,153.80,80484
24-Sep-14,158.00,158.00,156.09,156.60,18989
23-Sep-14,158.40,158.97,156.00,156.00,83873
22-Sep-14,159.80,160.00,157.90,157.90,144456
19-Sep-14,157.00,159.64,156.50,159.30,393299
18-Sep-14,155.00,156.90,154.50,156.70,205897
17-Sep-14,155.50,156.60,154.70,155.16,118459
16-Sep-14,154.50,155.60,154.16,155.50,100562
15-Sep-14,153.50,155.40,153.50,154.54,70918
12-Sep-14,154.00,155.52,153.10,155.00,147901
11-Sep-14,154.40,154.90,153.00,153.90,99053
10-Sep-14,155.10,155.10,153.00,153.50,214974
9-Sep-14,154.90,155.60,154.00,154.00,70750
8-Sep-14,155.00,155.90,154.00,154.60,143430
5-Sep-14,154.90,155.00,153.50,154.50,46348
4-Sep-14,153.80,154.90,153.80,154.90,32449
3-Sep-14,152.60,154.60,152.60,153.80,62265
2-Sep-14,152.30,153.40,151.50,151.60,112538
1-Sep-14,152.70,153.41,151.40,151.50,136600
29-Aug-14,152.10,152.80,150.50,152.50,126516
28-Aug-14,152.00,153.90,151.50,152.30,48741
27-Aug-14,152.80,153.50,152.40,152.40,72796
26-Aug-14,151.00,153.00,151.00,153.00,178213
22-Aug-14,149.70,151.06,149.00,149.00,1088595
21-Aug-14,149.00,150.50,149.00,149.50,21786
20-Aug-14,150.50,150.50,148.50,148.80,108786
19-Aug-14,150.00,152.00,149.60,150.00,101497
18-Aug-14,151.00,151.00,148.20,149.90,94986
15-Aug-14,149.70,151.40,149.00,149.50,53871
14-Aug-14,149.90,150.00,148.30,148.70,108506
13-Aug-14,148.00,149.80,147.20,149.80,101644
12-Aug-14,146.40,148.30,145.40,147.20,186808
11-Aug-14,146.90,148.30,146.40,147.50,98575
8-Aug-14,143.40,145.70,141.50,145.50,314129
7-Aug-14,145.00,146.50,144.00,144.00,77619
6-Aug-14,146.00,146.50,144.38,144.81,82335
5-Aug-14,147.40,147.65,146.00,146.10,98170
4-Aug-14,146.10,147.68,145.50,146.50,81399
1-Aug-14,147.50,147.80,144.68,145.50,233440
31-Jul-14,149.10,149.65,147.50,147.50,107580
30-Jul-14,150.40,150.90,149.00,149.00,33747
29-Jul-14,150.00,150.90,148.80,149.50,90168
28-Jul-14,149.10,150.39,148.20,149.00,60188
25-Jul-14,150.50,152.20,149.00,151.50,160820
24-Jul-14,150.50,151.50,150.27,151.00,177270
23-Jul-14,151.40,152.40,150.40,150.40,121631
22-Jul-14,150.50,151.86,149.90,151.38,304664
21-Jul-14,150.50,150.50,148.60,149.40,92261
18-Jul-14,150.00,150.50,149.00,149.80,159133
17-Jul-14,151.60,151.80,150.30,150.30,57000
16-Jul-14,149.90,152.40,149.52,152.20,877494
15-Jul-14,152.10,153.70,149.40,149.50,284804
14-Jul-14,153.20,153.50,152.11,152.50,239417
11-Jul-14,152.20,152.50,151.00,152.30,216112
10-Jul-14,154.30,154.30,150.00,152.00,357218
9-Jul-14,154.10,154.62,153.30,154.00,68596
8-Jul-14,155.50,155.60,154.00,155.00,86476
7-Jul-14,158.20,158.20,155.40,155.40,109003
4-Jul-14,158.90,158.90,157.19,157.50,14882
3-Jul-14,157.50,158.80,157.20,158.10,79654
2-Jul-14,158.50,158.50,157.20,157.50,54693
1-Jul-14,158.00,158.50,157.80,158.10,136878
30-Jun-14,156.10,158.00,156.10,158.00,74913
27-Jun-14,156.40,157.40,156.35,157.30,40798
26-Jun-14,157.00,157.60,156.10,157.10,104795
25-Jun-14,158.50,158.50,156.10,157.50,130308
24-Jun-14,159.60,159.60,157.50,158.00,167292
23-Jun-14,159.00,161.00,158.70,159.00,78934
20-Jun-14,160.70,161.00,159.00,159.85,565592
19-Jun-14,159.00,161.18,158.78,159.90,147242
18-Jun-14,157.80,159.00,156.60,158.50,233577
17-Jun-14,156.00,158.80,155.38,157.70,369722
16-Jun-14,157.00,157.00,153.70,154.00,320234
13-Jun-14,157.00,157.50,154.37,155.50,328090
12-Jun-14,159.00,159.00,157.00,158.80,39851
11-Jun-14,158.60,160.14,157.30,157.90,67057
10-Jun-14,160.90,161.00,158.50,158.50,189124
9-Jun-14,159.50,160.59,159.00,159.00,63954
6-Jun-14,158.10,160.89,157.60,160.14,78213
5-Jun-14,157.60,159.00,157.00,157.00,140307
4-Jun-14,158.00,159.90,157.50,157.70,125561
3-Jun-14,159.10,160.90,158.00,158.20,109460
2-Jun-14,158.00,161.00,157.10,158.70,124875
30-May-14,1571.00,1577.00,1562.00,1570.00,14454
29-May-14,1567.00,1580.00,1562.00,1574.00,5967
28-May-14,1576.00,1578.00,1562.00,1576.00,4662
27-May-14,1568.00,1576.75,1562.00,1570.00,12311
23-May-14,1560.00,1572.00,1558.00,1564.11,189601
22-May-14,1535.00,1555.00,1534.00,1553.00,16171
21-May-14,1530.00,1541.00,1525.00,1541.00,41183
20-May-14,1534.00,1538.00,1526.00,1538.00,17285
19-May-14,1523.00,1536.00,1519.00,1523.00,22469
16-May-14,1536.00,1536.00,1520.00,1523.00,14196
15-May-14,1549.00,1550.00,1524.00,1544.00,20465
14-May-14,1540.00,1548.00,1539.00,1543.00,2389
13-May-14,1540.00,1550.00,1538.00,1543.00,9865
12-May-14,1534.00,1536.50,1522.00,1533.00,8964
9-May-14,1519.00,1531.00,1519.00,1528.00,22790
8-May-14,1525.00,1532.89,1521.00,1528.00,15006
7-May-14,1530.00,1530.00,1517.51,1524.00,3772
6-May-14,1529.00,1535.00,1518.11,1518.11,13949
2-May-14,1518.00,1540.04,1518.00,1523.00,13302
1-May-14,1521.00,1525.12,1515.00,1524.00,5854
30-Apr-14,1523.00,1531.89,1511.00,1522.00,25688
29-Apr-14,1530.00,1534.00,1521.00,1522.00,8771
28-Apr-14,1524.00,1534.00,1518.00,1519.00,6466
25-Apr-14,1532.00,1532.00,1510.00,1512.00,9972
24-Apr-14,1524.00,1533.89,1524.00,1529.00,16767
23-Apr-14,1525.00,1531.00,1522.00,1523.00,6668
22-Apr-14,1523.00,1530.00,1523.00,1524.00,5138
17-Apr-14,1529.00,1529.00,1522.11,1523.00,3174
16-Apr-14,1526.00,1530.00,1520.00,1522.00,8973
15-Apr-14,1522.00,1522.00,1511.00,1511.00,7699
14-Apr-14,1533.00,1533.00,1513.00,1518.00,17966
11-Apr-14,1539.00,1543.00,1535.00,1539.00,12531
10-Apr-14,1545.00,1566.00,1537.40,1560.00,41944
9-Apr-14,1536.00,1538.00,1525.30,1536.00,14110
8-Apr-14,1537.00,1538.40,1521.00,1527.50,31504
7-Apr-14,1549.00,1549.00,1535.00,1537.00,19416
4-Apr-14,1547.00,1551.98,1542.11,1548.00,20868
3-Apr-14,1546.00,1554.00,1546.00,1551.75,5843
2-Apr-14,1547.00,1559.89,1545.00,1546.00,16393
1-Apr-14,1558.00,1558.00,1548.00,1553.00,15777
31-Mar-14,1534.00,1556.00,1534.00,1551.79,45115
28-Mar-14,1545.00,1546.31,1535.00,1535.00,23472
27-Mar-14,1533.00,1544.00,1530.09,1536.00,8146
26-Mar-14,1530.00,1542.00,1530.00,1534.00,23128
25-Mar-14,1520.00,1532.00,1519.00,1530.00,48307
24-Mar-14,1523.00,1523.00,1506.00,1507.00,7702
21-Mar-14,1500.00,1523.00,1500.00,1518.00,39775
20-Mar-14,1504.00,1511.00,1490.00,1500.00,48091
19-Mar-14,1500.00,1511.10,1495.01,1509.00,38866
18-Mar-14,1517.00,1528.00,1509.00,1516.00,40978
17-Mar-14,1508.00,1518.89,1498.11,1508.00,9913
14-Mar-14,1498.00,1510.00,1493.00,1498.00,9403
13-Mar-14,1516.00,1525.00,1512.00,1516.50,43097
12-Mar-14,1518.00,1525.00,1513.00,1513.00,5697
11-Mar-14,1507.00,1529.00,1506.00,1529.00,30572
10-Mar-14,1505.00,1517.00,1501.00,1512.00,19664
7-Mar-14,1523.00,1523.00,1495.00,1518.00,9721
6-Mar-14,1518.00,1525.00,1510.00,1520.00,14000
5-Mar-14,1505.00,1517.00,1505.00,1511.89,7031
4-Mar-14,1493.00,1516.00,1493.00,1516.00,13608
3-Mar-14,1499.00,1499.00,1479.00,1479.00,21540
28-Feb-14,1517.00,1530.00,1506.00,1516.00,23606
27-Feb-14,1512.00,1516.00,1502.00,1514.00,16952
26-Feb-14,1520.00,1529.00,1518.00,1519.00,5831
25-Feb-14,1530.00,1530.00,1515.00,1515.00,39651
24-Feb-14,1520.00,1529.00,1516.00,1521.00,20852
21-Feb-14,1524.00,1530.00,1516.00,1523.00,14664
20-Feb-14,1515.00,1522.00,1505.00,1512.00,20571
19-Feb-14,1516.00,1525.00,1511.00,1518.00,11698
18-Feb-14,1516.00,1530.00,1516.00,1530.00,29177
17-Feb-14,1510.00,1525.00,1510.00,1517.00,11623
14-Feb-14,1518.00,1523.00,1512.00,1517.00,6546
13-Feb-14,1510.00,1523.00,1505.00,1520.00,18806
12-Feb-14,1527.00,1532.00,1514.00,1523.00,8603
11-Feb-14,1506.00,1524.00,1506.00,1524.00,6345
10-Feb-14,1501.00,1513.00,1500.00,1503.00,7594
7-Feb-14,1499.00,1512.00,1498.00,1510.00,9861
6-Feb-14,1473.00,1494.00,1473.00,1494.00,14697
5-Feb-14,1468.00,1469.00,1459.00,1468.00,8179
4-Feb-14,1443.00,1462.00,1443.00,1455.00,5275
3-Feb-14,1455.00,1470.00,1455.00,1465.00,19218
31-Jan-14,1469.00,1473.00,1452.00,1467.00,40182
30-Jan-14,1461.00,1467.00,1459.00,1467.00,23279
29-Jan-14,1495.00,1501.00,1459.00,1462.00,24893
28-Jan-14,1495.00,1497.00,1477.00,1482.00,11886
27-Jan-14,1493.00,1495.00,1477.00,1480.00,28092
24-Jan-14,1525.00,1527.00,1496.00,1496.00,13380
23-Jan-14,1537.00,1545.00,1518.00,1518.00,15531
22-Jan-14,1547.00,1557.00,1537.00,1537.00,11950
21-Jan-14,1560.00,1561.00,1542.00,1544.00,10263
20-Jan-14,1560.00,1560.00,1545.00,1545.00,10564
17-Jan-14,1556.00,1563.00,1545.00,1547.00,15743
16-Jan-14,1561.00,1561.00,1549.00,1554.00,10744
15-Jan-14,1550.00,1560.00,1547.00,1545.00,15660
14-Jan-14,1544.00,1549.00,1538.00,1547.00,10856
13-Jan-14,1535.00,1550.00,1529.00,1550.00,9046
10-Jan-14,1524.00,1535.00,1513.00,1535.00,14159
9-Jan-14,1534.00,1540.00,1508.00,1508.00,18287
8-Jan-14,1534.00,1536.00,1530.00,1530.00,1430
7-Jan-14,1534.00,1539.00,1525.00,1533.18,5815
6-Jan-14,1536.00,1536.00,1522.00,1527.00,9239
3-Jan-14,1522.00,1530.00,1520.00,1529.89,4544
2-Jan-14,1532.00,1532.00,1522.00,1526.00,2108
31-Dec-13,1530.00,1536.00,1525.00,1525.00,1856
30-Dec-13,1533.00,1537.00,1527.00,1533.00,7473
27-Dec-13,1518.00,1534.00,1518.00,1534.00,2742
24-Dec-13,1520.00,1521.00,1520.00,1527.00,493
23-Dec-13,1531.00,1532.00,1518.00,1522.00,24692
20-Dec-13,1528.00,1528.00,1514.00,1526.00,28389
19-Dec-13,1527.00,1527.00,1515.00,1521.00,38584
18-Dec-13,1501.00,1513.00,1501.00,1513.00,5504
17-Dec-13,1510.00,1518.00,1501.00,1501.00,13444
16-Dec-13,1505.00,1514.00,1493.00,1505.00,11853
13-Dec-13,1496.00,1505.00,1493.00,1495.00,1855
12-Dec-13,1495.00,1508.00,1492.00,1492.00,5468
11-Dec-13,1500.00,1510.00,1496.00,1502.00,8475
10-Dec-13,1515.00,1516.00,1502.00,1516.00,4601
9-Dec-13,1507.00,1515.00,1501.00,1501.00,9319
6-Dec-13,1498.00,1503.00,1490.00,1502.00,21278
5-Dec-13,1499.00,1499.00,1480.00,1480.00,11703
4-Dec-13,1499.00,1505.00,1485.00,1498.00,14414
3-Dec-13,1516.00,1516.00,1489.00,1493.00,25408
2-Dec-13,1535.00,1535.00,1515.00,1520.00,13947
29-Nov-13,1535.00,1535.00,1521.00,1526.11,5433
28-Nov-13,1530.00,1530.00,1520.00,1520.00,4462
27-Nov-13,1532.00,1532.00,1517.00,1517.00,4216
26-Nov-13,1526.00,1535.00,1518.00,1522.00,7464
25-Nov-13,1535.00,1535.00,1519.00,1529.49,4955
22-Nov-13,1521.00,1524.00,1516.00,1516.00,11242
21-Nov-13,1520.00,1529.00,1518.00,1520.00,20540
20-Nov-13,1534.00,1534.00,1520.00,1520.00,24639
19-Nov-13,1535.00,1537.00,1533.00,1535.00,4467
18-Nov-13,1541.00,1542.00,1533.00,1536.00,24512
15-Nov-13,1541.00,1541.00,1525.00,1530.00,10355
14-Nov-13,1535.00,1535.00,1526.00,1534.99,383
13-Nov-13,1536.00,1540.00,1514.00,1540.00,20029
12-Nov-13,1538.00,1544.00,1537.00,1537.00,8103
11-Nov-13,1550.00,1550.00,1538.00,1538.00,1566
8-Nov-13,1536.00,1542.00,1536.00,1536.00,4604
7-Nov-13,1546.00,1549.00,1536.00,1547.00,14498
6-Nov-13,1551.00,1551.00,1544.00,1542.00,3307
5-Nov-13,1559.00,1559.00,1534.00,1545.00,17109
4-Nov-13,1556.00,1556.00,1546.00,1548.00,4038
1-Nov-13,1545.00,1545.00,1536.00,1540.00,12208
31-Oct-13,1554.00,1562.00,1545.00,1545.00,8420
30-Oct-13,1560.00,1572.00,1557.00,1571.00,11987
29-Oct-13,1534.00,1567.00,1534.00,1566.16,19321
28-Oct-13,1532.00,1544.00,1532.00,1537.95,8749
25-Oct-13,1547.00,1549.00,1537.00,1540.00,2779
24-Oct-13,1544.00,1550.00,1534.00,1534.00,7538
23-Oct-13,1545.40,1544.00,1532.00,1534.00,18615
22-Oct-13,1550.00,1550.00,1542.00,1547.00,23088
21-Oct-13,1530.00,1550.00,1530.00,1542.00,11097
18-Oct-13,1534.00,1540.00,1530.00,1532.00,5647
17-Oct-13,1530.00,1532.00,1519.00,1532.00,20561
16-Oct-13,1506.00,1533.00,1505.00,1527.00,18801
15-Oct-13,1522.00,1524.00,1509.00,1515.00,14128
14-Oct-13,1517.00,1520.00,1504.00,1519.08,11101
11-Oct-13,1500.00,1519.00,1500.00,1519.00,10796
10-Oct-13,1486.00,1514.00,1486.00,1503.00,15170
9-Oct-13,1496.00,1500.00,1486.00,1489.00,29865
8-Oct-13,1507.00,1507.00,1492.00,1492.00,4227
7-Oct-13,1510.00,1510.00,1492.00,1501.00,8583
4-Oct-13,1488.00,1505.00,1487.00,1499.00,12353
3-Oct-13,1490.00,1502.00,1488.00,1492.00,3741
2-Oct-13,1497.00,1497.00,1489.00,1490.00,21704
1-Oct-13,1497.00,1499.00,1485.00,1494.00,2028
30-Sep-13,1493.00,1497.00,1485.00,1495.00,3419
27-Sep-13,1504.00,1513.00,1500.00,1497.00,7918
26-Sep-13,1507.00,1510.00,1500.00,1509.00,4917
25-Sep-13,1488.00,1514.00,1488.00,1501.00,42032
24-Sep-13,1493.00,1500.00,1493.00,1500.00,36265
20-Sep-13,1496.00,1505.00,1485.00,1485.00,36601
19-Sep-13,1504.00,1510.00,1493.00,1506.00,20523
18-Sep-13,1484.00,1488.00,1472.00,1485.00,3075
17-Sep-13,1475.00,1484.00,1475.00,1485.00,11739
16-Sep-13,1484.00,1493.00,1483.00,1493.00,9309
13-Sep-13,1474.00,1476.00,1466.00,1471.50,11633
12-Sep-13,1465.00,1478.00,1465.00,1446.00,7885
11-Sep-13,1463.00,1474.00,1463.00,1471.50,10632
10-Sep-13,1458.00,1470.00,1451.00,1470.00,6517
9-Sep-13,1453.00,1455.00,1442.00,1455.00,4962
6-Sep-13,1453.00,1461.00,1447.00,1452.00,6735
5-Sep-13,1463.00,1463.00,1451.00,1452.00,1609
4-Sep-13,1453.00,1459.00,1448.00,1453.00,6467
3-Sep-13,1465.00,1465.00,1448.00,1453.15,6163
2-Sep-13,1461.00,1464.00,1450.00,1453.00,13594
30-Aug-13,1460.00,1465.00,1445.00,1445.00,10852
29-Aug-13,1455.00,1464.00,1455.00,1456.45,13645
28-Aug-13,1451.00,1463.00,1450.00,1480.00,12893
27-Aug-13,1472.00,1477.00,1457.00,1480.00,45049
23-Aug-13,1478.00,1485.00,1471.00,1480.00,22604
22-Aug-13,1458.00,1479.00,1458.00,1475.00,14111
21-Aug-13,1462.00,1462.00,1453.00,1465.00,7519
20-Aug-13,1452.00,1477.00,1448.00,1466.00,11337
19-Aug-13,1477.00,1488.00,1468.00,1468.00,14721
16-Aug-13,1479.00,1488.00,1473.00,1468.27,17380
15-Aug-13,1497.00,1504.00,1480.00,1506.00,11993
14-Aug-13,1496.00,1507.00,1496.00,1498.00,29426
13-Aug-13,1501.00,1505.00,1497.00,1505.00,21094
12-Aug-13,1501.00,1501.00,1490.00,1490.00,8487
9-Aug-13,1491.00,1505.00,1491.00,1492.00,8291
8-Aug-13,1490.00,1499.00,1490.00,1499.00,16613
7-Aug-13,1500.00,1501.00,1479.00,1480.00,27362
6-Aug-13,1508.00,1508.00,1490.00,1495.00,44772
5-Aug-13,1513.00,1513.00,1496.00,1500.00,11979
2-Aug-13,1514.00,1514.00,1496.00,1499.00,11073
1-Aug-13,1486.00,1505.00,1486.00,1482.00,22272
31-Jul-13,1489.00,1490.00,1480.00,1485.00,36010
30-Jul-13,1485.00,1490.00,1482.00,1482.50,15517
29-Jul-13,1480.00,1490.00,1476.00,1480.00,1734
26-Jul-13,1496.00,1500.00,1481.00,1482.00,8990
25-Jul-13,1483.00,1493.00,1483.00,1495.00,5941
24-Jul-13,1491.00,1502.00,1484.00,1495.00,14015
23-Jul-13,1502.00,1505.00,1490.00,1495.00,13229
22-Jul-13,1491.00,1500.00,1489.00,1491.00,16378
19-Jul-13,1495.00,1502.40,1488.00,1495.00,14703
18-Jul-13,1476.00,1504.00,1471.88,1502.00,48437
17-Jul-13,1469.00,1480.00,1466.00,1480.00,9483
16-Jul-13,1472.00,1480.00,1462.00,1478.00,13631
15-Jul-13,1480.00,1480.00,1465.00,1466.00,6237
12-Jul-13,1480.00,1483.60,1466.00,1467.00,3153
11-Jul-13,1488.00,1489.00,1475.00,1475.00,20025
10-Jul-13,1461.00,1475.50,1450.00,1467.00,6938
9-Jul-13,1461.00,1478.00,1460.00,1474.00,24086
8-Jul-13,1435.00,1457.00,1435.00,1454.00,30763
5-Jul-13,1430.00,1455.79,1430.00,1435.00,24251
4-Jul-13,1396.00,1444.00,1389.00,1444.00,35318
3-Jul-13,1381.00,1394.00,1361.00,1394.00,25649
2-Jul-13,1395.00,1400.12,1385.00,1398.00,16368
1-Jul-13,1389.00,1398.89,1382.00,1398.00,46790
28-Jun-13,1404.00,1405.00,1385.00,1385.00,11542
27-Jun-13,1395.00,1402.89,1395.00,1397.00,29780
26-Jun-13,1373.00,1396.99,1373.00,1393.00,17444
25-Jun-13,1375.00,1380.00,1367.00,1367.00,9528
24-Jun-13,1404.00,1406.89,1371.00,1371.00,10216
21-Jun-13,1393.00,1414.00,1393.00,1413.00,54921
20-Jun-13,1417.00,1418.00,1393.89,1404.00,13995
19-Jun-13,1430.00,1438.00,1426.00,1436.00,31748
18-Jun-13,1435.00,1440.00,1427.00,1437.00,10103
17-Jun-13,1424.00,1437.00,1418.00,1437.00,85561
14-Jun-13,1412.00,1419.89,1408.00,1413.00,7206
13-Jun-13,1417.00,1419.00,1398.82,1408.00,36046
12-Jun-13,1440.00,1440.00,1429.00,1437.00,4009
11-Jun-13,1439.00,1450.00,1429.00,1442.00,20610
10-Jun-13,1449.00,1454.89,1439.80,1449.00,12174
7-Jun-13,1434.00,1445.00,1431.06,1438.00,6594
6-Jun-13,1441.48,1453.00,1430.00,1430.00,10759
5-Jun-13,1464.00,1474.00,1445.00,1445.00,17163
4-Jun-13,1479.00,1484.00,1473.00,1475.00,4417
3-Jun-13,1470.00,1483.76,1460.00,1472.00,14167
31-May-13,1487.00,1490.00,1471.45,1482.00,10193
30-May-13,1501.00,1505.00,1493.00,1496.00,10210
29-May-13,1505.00,1516.56,1491.00,1499.00,5158
28-May-13,1494.00,1523.00,1494.00,1515.00,26267
24-May-13,1473.00,1493.00,1471.40,1487.00,183948
23-May-13,1480.00,1484.00,1466.00,1474.00,15297
22-May-13,1498.00,1510.00,1498.00,1504.00,126193
21-May-13,1499.00,1504.00,1499.00,1501.00,18835
20-May-13,1505.00,1508.00,1500.00,1500.00,6191
17-May-13,1496.00,1504.99,1496.00,1503.00,14255
16-May-13,1501.00,1506.67,1498.00,1498.00,3825
15-May-13,1498.00,1508.50,1495.00,1496.00,17369
14-May-13,1501.00,1505.54,1494.00,1498.00,38641
13-May-13,1496.00,1503.00,1493.00,1495.00,18642
10-May-13,1493.00,1501.62,1493.00,1500.00,14157
9-May-13,1500.00,1503.00,1493.51,1499.00,25143
8-May-13,1477.00,1500.00,1477.00,1500.00,6925
7-May-13,1481.00,1490.00,1467.26,1477.00,10802
3-May-13,1453.00,1476.00,1443.00,1476.00,79542
2-May-13,1450.00,1453.00,1442.00,1443.00,15004
1-May-13,1449.00,1451.00,1439.00,1451.00,23093
30-Apr-13,1443.00,1448.00,1440.00,1448.00,32654
29-Apr-13,1430.00,1441.00,1420.00,1435.00,18082
26-Apr-13,1438.00,1438.00,1428.01,1432.00,2670
25-Apr-13,1449.00,1449.00,1429.00,1438.00,22708
24-Apr-13,1417.00,1449.00,1417.00,1449.00,12465
23-Apr-13,1376.00,1414.00,1370.00,1413.00,25127
22-Apr-13,1391.00,1397.80,1376.00,1377.00,16959
19-Apr-13,1370.00,1391.00,1360.90,1390.00,56894
18-Apr-13,1368.00,1369.49,1356.00,1368.00,54713
17-Apr-13,1386.00,1390.00,1361.00,1361.00,22628
16-Apr-13,1380.00,1396.00,1375.00,1389.00,20925
15-Apr-13,1402.00,1402.00,1382.00,1385.00,15006
12-Apr-13,1407.00,1407.00,1387.00,1387.00,17957
11-Apr-13,1386.00,1410.00,1385.60,1409.00,49514
10-Apr-13,1370.00,1394.00,1364.66,1394.00,59920
9-Apr-13,1343.00,1364.00,1343.00,1364.00,111981
8-Apr-13,1350.00,1354.00,1340.00,1343.00,39324
5-Apr-13,1377.00,1377.00,1342.00,1350.00,40116
4-Apr-13,1388.00,1392.00,1369.82,1370.00,37987
3-Apr-13,1390.00,1395.00,1376.00,1376.00,37488
2-Apr-13,1375.00,1395.00,1369.66,1395.00,34096
28-Mar-13,1356.00,1380.00,1355.00,1375.00,78856
27-Mar-13,1374.00,1380.00,1348.94,1357.00,43542
26-Mar-13,1395.00,1395.00,1372.00,1372.00,43648
25-Mar-13,1398.00,1408.00,1380.00,1380.00,23393
22-Mar-13,1380.00,1400.00,1380.00,1398.00,32961
21-Mar-13,1400.00,1403.84,1383.00,1397.00,85606
20-Mar-13,1398.00,1408.70,1395.90,1405.00,15208
19-Mar-13,1412.00,1413.40,1386.68,1389.00,28440
18-Mar-13,1409.00,1414.00,1393.60,1408.00,22583
15-Mar-13,1435.00,1437.40,1425.00,1434.00,70379
14-Mar-13,1421.00,1441.00,1421.00,1437.00,43176
13-Mar-13,1434.00,1434.00,1422.00,1422.00,9858
12-Mar-13,1467.00,1468.00,1457.00,1460.00,19849
11-Mar-13,1460.00,1467.00,1459.00,1460.00,15839
8-Mar-13,1453.00,1469.00,1445.99,1466.00,28461
7-Mar-13,1445.00,1454.00,1431.01,1454.00,92192
6-Mar-13,1438.00,1442.00,1430.60,1436.00,4867
5-Mar-13,1409.00,1434.00,1405.00,1426.00,27972
4-Mar-13,1410.00,1411.00,1397.00,1408.00,22895
1-Mar-13,1417.00,1417.00,1395.43,1412.00,50090
28-Feb-13,1424.00,1424.00,1412.00,1414.00,11572
27-Feb-13,1405.00,1418.00,1400.00,1418.00,18496
26-Feb-13,1419.00,1419.00,1396.00,1396.00,12140
25-Feb-13,1415.00,1447.92,1414.01,1438.00,38893
22-Feb-13,1410.00,1424.00,1405.51,1416.00,4723
21-Feb-13,1420.00,1420.00,1407.51,1415.00,85588
20-Feb-13,1404.00,1437.00,1403.01,1425.00,65396
19-Feb-13,1392.00,1406.00,1384.60,1406.00,15382
18-Feb-13,1388.00,1390.00,1380.00,1390.00,5230
15-Feb-13,1375.00,1389.00,1371.00,1389.00,37802
14-Feb-13,1390.00,1396.40,1375.00,1376.00,28952
13-Feb-13,1379.00,1395.00,1378.43,1395.00,20349
12-Feb-13,1376.00,1387.00,1372.01,1387.00,52518
11-Feb-13,1378.00,1378.68,1370.00,1377.00,54473
8-Feb-13,1376.00,1400.00,1370.00,1370.00,26834
7-Feb-13,1390.00,1396.80,1375.00,1375.00,8317
6-Feb-13,1406.00,1408.00,1385.00,1392.00,58444
5-Feb-13,1407.00,1416.00,1401.00,1406.00,15326
4-Feb-13,1427.00,1435.00,1406.00,1413.00,16986
1-Feb-13,1418.00,1430.00,1414.25,1430.00,6556
31-Jan-13,1419.00,1424.48,1405.00,1405.00,13994
30-Jan-13,1434.00,1440.37,1419.00,1420.00,25693
29-Jan-13,1431.00,1438.99,1429.00,1431.00,12850
28-Jan-13,1410.00,1434.99,1410.00,1433.00,17378
25-Jan-13,1395.00,1410.00,1393.99,1410.00,19817
24-Jan-13,1365.00,1393.00,1364.96,1393.00,17231
23-Jan-13,1372.00,1374.70,1363.00,1365.00,4204
22-Jan-13,1373.00,1374.00,1362.00,1371.00,15051
21-Jan-13,1347.00,1366.00,1346.00,1366.00,11891
18-Jan-13,1336.00,1345.00,1332.97,1345.00,3964
17-Jan-13,1330.00,1330.00,1323.80,1330.00,17023
16-Jan-13,1324.00,1332.00,1320.00,1325.00,8727
15-Jan-13,1337.00,1337.00,1323.00,1323.00,5262
14-Jan-13,1334.00,1342.82,1323.00,1327.00,23409
11-Jan-13,1316.00,1335.00,1313.58,1332.00,18724
10-Jan-13,1316.00,1319.16,1310.00,1311.00,27771
9-Jan-13,1314.00,1314.00,1302.00,1310.00,3398
8-Jan-13,1305.00,1312.75,1305.00,1306.00,5915
7-Jan-13,1306.00,1315.00,1301.00,1315.00,7980
4-Jan-13,1309.00,1309.43,1301.00,1308.00,6587
3-Jan-13,1307.00,1308.14,1297.00,1300.00,9239
2-Jan-13,1289.00,1308.00,1289.00,1301.00,14227
