31-Dec-15,121.10,121.10,120.10,120.10,56399
30-Dec-15,121.00,121.25,120.80,121.10,124232
29-Dec-15,121.30,121.40,121.00,121.13,33705
24-Dec-15,120.80,121.40,120.80,121.40,8356
23-Dec-15,121.50,121.50,120.80,121.40,91001
22-Dec-15,121.00,121.40,120.80,120.90,42253
21-Dec-15,120.10,121.10,120.10,120.70,73755
18-Dec-15,121.00,121.00,120.30,121.00,312217
16-Dec-15,120.10,120.40,120.00,120.00,61456
15-Dec-15,120.50,120.70,119.51,119.80,172524
14-Dec-15,120.20,120.44,119.61,120.00,141509
11-Dec-15,119.60,119.90,118.86,119.80,62883
10-Dec-15,119.80,119.90,118.00,119.32,30630
9-Dec-15,119.70,120.08,118.60,119.87,92560
8-Dec-15,120.50,120.50,118.38,119.87,219797
7-Dec-15,120.50,120.70,118.90,118.90,214862
4-Dec-15,120.00,120.25,118.50,119.50,152105
3-Dec-15,120.40,120.40,119.00,119.00,233728
2-Dec-15,119.60,120.60,118.90,119.80,179423
1-Dec-15,118.60,119.30,118.50,118.60,447773
30-Nov-15,121.00,121.00,118.50,119.50,1440987
27-Nov-15,122.80,122.80,121.00,121.00,202146
26-Nov-15,122.80,123.08,122.20,122.53,191234
25-Nov-15,122.70,123.32,122.68,123.32,220610
24-Nov-15,122.90,123.24,122.60,122.60,115759
23-Nov-15,122.70,123.70,122.70,123.60,128193
20-Nov-15,122.30,123.30,122.30,123.30,298797
19-Nov-15,122.60,123.19,122.00,122.30,144036
18-Nov-15,122.30,123.49,122.30,123.20,133727
17-Nov-15,123.80,124.09,122.60,122.90,207659
16-Nov-15,123.20,124.30,123.20,123.75,10551
13-Nov-15,124.10,124.26,123.09,123.32,114146
12-Nov-15,123.90,124.08,123.20,123.30,27090
11-Nov-15,123.20,123.90,123.20,123.80,18097
10-Nov-15,123.90,123.90,123.50,123.70,35677
9-Nov-15,123.60,123.90,123.00,123.90,99510
6-Nov-15,123.70,123.70,122.90,123.40,49499
5-Nov-15,122.30,123.61,122.12,123.54,243192
4-Nov-15,122.20,122.30,121.50,122.30,81561
3-Nov-15,121.40,122.20,121.40,122.12,60671
2-Nov-15,122.00,122.10,121.10,121.70,70852
30-Oct-15,121.00,122.00,121.00,121.30,78703
29-Oct-15,121.50,122.00,120.80,121.50,158252
28-Oct-15,119.70,121.40,119.70,121.40,274580
27-Oct-15,119.90,120.50,119.23,120.40,179839
26-Oct-15,120.30,120.85,119.20,119.70,542671
23-Oct-15,119.60,120.88,119.60,119.83,536430
22-Oct-15,120.00,120.80,119.60,120.40,44718
21-Oct-15,122.50,122.50,121.92,122.00,175216
20-Oct-15,121.50,122.50,121.50,122.40,16570
19-Oct-15,121.50,122.57,121.50,121.80,154634
16-Oct-15,122.60,122.60,121.50,121.70,166278
15-Oct-15,121.80,122.60,121.50,121.95,441823
14-Oct-15,121.30,121.80,121.30,121.50,324444
13-Oct-15,121.20,121.50,121.20,121.30,115538
12-Oct-15,121.20,121.70,121.10,121.30,210083
9-Oct-15,121.80,121.80,121.10,121.50,148064
8-Oct-15,121.30,121.90,121.20,121.30,132802
7-Oct-15,121.00,121.99,121.00,121.60,278315
6-Oct-15,121.80,121.93,121.10,121.55,85050
5-Oct-15,121.40,122.00,121.22,121.80,38459
2-Oct-15,120.70,121.60,120.63,121.40,75911
1-Oct-15,120.90,121.60,120.40,121.60,96189
30-Sep-15,120.50,121.40,120.06,121.30,132044
29-Sep-15,120.50,120.71,119.87,120.51,344064
28-Sep-15,121.00,121.00,119.80,120.24,158498
25-Sep-15,121.20,121.20,120.45,121.00,129766
24-Sep-15,121.00,121.20,120.00,120.60,126906
23-Sep-15,120.10,121.00,119.75,121.00,58295
22-Sep-15,120.50,121.00,119.60,119.80,207246
21-Sep-15,120.20,121.30,120.19,120.80,751696
18-Sep-15,120.00,121.50,119.50,121.50,789074
17-Sep-15,118.90,120.00,118.90,119.70,169395
16-Sep-15,119.00,119.99,118.90,119.10,162075
15-Sep-15,119.50,119.83,119.20,119.20,35281
14-Sep-15,119.50,120.30,119.32,119.40,141412
11-Sep-15,119.90,120.30,119.20,120.17,125743
10-Sep-15,120.50,120.50,119.60,119.70,41736
9-Sep-15,119.03,120.50,119.03,120.20,122275
8-Sep-15,119.00,120.00,118.10,120.00,311774
7-Sep-15,118.70,118.80,117.60,118.56,161863
4-Sep-15,118.00,118.70,117.80,118.00,30179
3-Sep-15,118.50,118.50,117.70,118.30,79450
2-Sep-15,118.50,118.50,117.60,118.20,79362
1-Sep-15,117.90,119.00,117.90,118.50,76406
28-Aug-15,118.40,118.90,117.60,118.70,243049
27-Aug-15,117.50,118.47,117.50,118.20,82465
26-Aug-15,117.30,118.50,117.00,118.00,299221
25-Aug-15,117.00,118.30,116.90,118.20,191467
24-Aug-15,118.00,118.50,116.66,116.80,295838
21-Aug-15,119.10,119.20,118.00,118.00,79675
20-Aug-15,119.00,119.50,118.60,119.00,43780
19-Aug-15,119.60,119.60,118.50,119.20,213118
18-Aug-15,119.20,119.70,119.10,119.70,269868
17-Aug-15,118.70,119.40,118.46,119.00,159752
14-Aug-15,118.20,119.28,118.20,119.10,145302
13-Aug-15,118.50,118.70,118.30,118.60,81161
12-Aug-15,118.00,118.50,117.60,118.00,565386
11-Aug-15,118.00,118.00,117.50,117.60,17207
10-Aug-15,117.70,118.00,117.30,118.00,117793
7-Aug-15,117.20,117.90,117.10,117.50,130793
6-Aug-15,117.70,117.90,117.40,117.80,73059
5-Aug-15,117.80,117.80,117.30,117.70,111524
4-Aug-15,117.00,117.60,117.00,117.60,33837
3-Aug-15,117.40,117.80,117.20,117.70,124272
31-Jul-15,117.30,117.76,115.99,117.30,157845
30-Jul-15,117.00,117.80,116.60,117.50,243427
29-Jul-15,117.00,117.80,117.00,117.20,124660
28-Jul-15,116.40,117.80,116.21,117.50,278190
27-Jul-15,116.10,116.40,115.60,116.10,102966
24-Jul-15,116.10,116.10,115.50,115.70,35510
23-Jul-15,116.50,116.50,115.50,115.90,46257
22-Jul-15,116.80,117.90,116.72,117.60,198301
21-Jul-15,116.90,117.46,116.80,116.80,111064
20-Jul-15,117.70,117.70,116.90,116.90,54971
17-Jul-15,117.30,117.74,116.91,117.40,68271
16-Jul-15,116.30,118.00,116.26,117.70,468096
15-Jul-15,116.00,116.30,115.50,115.70,216617
14-Jul-15,116.20,116.20,115.70,115.90,55263
13-Jul-15,115.10,116.10,115.00,116.10,160013
10-Jul-15,114.90,115.60,114.80,115.22,94146
9-Jul-15,115.20,115.50,114.80,115.00,50305
8-Jul-15,115.70,115.75,114.99,115.00,283985
7-Jul-15,116.00,116.00,115.36,115.69,131264
6-Jul-15,115.90,116.22,115.20,115.80,227890
3-Jul-15,116.50,116.50,115.70,116.30,548110
2-Jul-15,115.50,116.50,114.98,116.50,4601034
1-Jul-15,115.25,115.25,114.50,115.25,788738
30-Jun-15,114.87,114.87,114.62,114.87,152287
29-Jun-15,115.00,115.25,114.50,114.75,284380
26-Jun-15,114.75,115.00,114.50,114.75,39216
25-Jun-15,115.00,115.03,114.50,114.50,63143
24-Jun-15,115.25,115.25,114.50,114.50,58363
23-Jun-15,115.25,115.50,114.75,114.75,89746
22-Jun-15,115.00,115.25,114.75,115.00,15247
19-Jun-15,115.00,115.50,114.75,114.92,410918
18-Jun-15,115.25,115.95,115.00,115.00,377775
17-Jun-15,115.75,115.75,115.00,115.50,147478
16-Jun-15,116.00,116.00,115.18,115.62,57713
15-Jun-15,116.25,116.25,115.03,115.84,324734
12-Jun-15,115.50,116.25,115.50,115.80,193914
11-Jun-15,116.25,116.40,114.75,116.00,302120
10-Jun-15,117.00,117.40,114.75,115.75,359912
9-Jun-15,116.25,116.81,115.75,116.75,182654
8-Jun-15,116.75,116.89,116.00,116.25,117593
5-Jun-15,116.75,117.00,115.88,116.75,8658
4-Jun-15,116.50,117.21,115.50,116.52,407879
3-Jun-15,117.25,117.50,116.50,116.75,228801
2-Jun-15,117.75,119.25,117.25,117.50,13219
1-Jun-15,119.75,120.00,118.25,119.25,62187
29-May-15,119.50,119.64,118.00,118.25,163609
28-May-15,120.00,120.25,119.18,119.75,3890
27-May-15,120.00,120.25,119.51,120.25,29616
26-May-15,119.50,119.74,119.00,119.00,26316
22-May-15,119.75,120.00,119.25,119.79,211851
21-May-15,119.25,119.99,119.00,119.99,32579
20-May-15,118.00,119.75,118.00,119.75,90297
19-May-15,118.25,119.50,118.25,119.25,103490
18-May-15,118.00,119.00,117.50,119.00,155189
15-May-15,117.25,118.50,116.94,118.00,183135
14-May-15,115.25,117.50,115.00,117.50,323525
13-May-15,113.50,115.25,113.33,115.00,193524
12-May-15,113.25,114.13,112.50,112.90,204191
11-May-15,114.25,114.75,113.25,113.25,103870
8-May-15,116.00,116.00,113.75,114.00,579411
7-May-15,115.00,116.00,114.75,115.50,39127
6-May-15,115.00,116.25,115.00,115.80,90411
5-May-15,115.50,116.00,114.80,115.75,102089
1-May-15,114.25,115.75,114.00,114.75,38530
30-Apr-15,115.75,116.90,114.51,115.00,304711
29-Apr-15,117.75,117.75,115.75,116.00,141565
28-Apr-15,117.00,118.25,116.25,117.00,347951
27-Apr-15,119.00,119.00,117.50,117.75,50383
24-Apr-15,117.75,118.50,117.50,117.61,4880
23-Apr-15,117.50,118.00,117.50,117.64,964
22-Apr-15,117.50,118.78,117.50,117.50,35996
21-Apr-15,117.50,118.92,117.50,118.70,47340
20-Apr-15,119.00,119.00,117.65,117.94,21149
17-Apr-15,119.00,119.00,117.66,118.75,1402
16-Apr-15,118.00,118.50,117.50,117.50,64196
15-Apr-15,119.00,120.49,119.00,120.00,162681
14-Apr-15,118.00,120.00,118.00,119.50,136312
13-Apr-15,119.25,119.25,118.45,118.50,38260
10-Apr-15,118.50,118.94,118.00,118.00,110687
9-Apr-15,118.25,119.17,118.25,118.50,107249
8-Apr-15,118.00,119.50,118.00,118.35,409600
7-Apr-15,117.50,118.75,117.50,118.50,89177
2-Apr-15,118.00,118.40,117.00,118.25,157510
1-Apr-15,118.00,118.00,117.25,117.88,239036
31-Mar-15,117.75,118.25,117.00,117.50,395407
30-Mar-15,118.50,118.75,117.75,118.50,35711
27-Mar-15,118.25,118.50,117.26,118.00,171085
26-Mar-15,118.50,118.50,117.25,117.58,120206
25-Mar-15,119.25,119.25,117.00,117.00,261514
24-Mar-15,118.75,119.25,118.56,119.25,3910
23-Mar-15,119.25,119.25,118.50,118.75,233968
20-Mar-15,118.75,119.25,118.50,119.25,236398
19-Mar-15,118.75,119.25,118.50,118.97,114148
18-Mar-15,118.50,119.00,118.50,118.50,45934
17-Mar-15,118.00,119.00,118.00,119.00,24038
16-Mar-15,119.00,119.00,118.00,119.00,32866
13-Mar-15,118.00,118.75,117.88,118.50,152631
12-Mar-15,118.00,119.00,118.00,118.25,54704
11-Mar-15,118.50,118.94,118.01,118.50,365871
10-Mar-15,118.50,119.00,118.50,118.50,76066
9-Mar-15,118.50,119.00,118.50,118.68,99577
6-Mar-15,117.00,119.00,117.00,118.50,276977
5-Mar-15,117.00,117.25,116.75,117.00,371131
4-Mar-15,116.50,117.00,116.50,116.75,114011
3-Mar-15,116.50,117.00,116.50,116.75,129417
2-Mar-15,116.75,117.25,116.50,116.75,73948
27-Feb-15,116.50,117.00,116.50,116.50,78439
26-Feb-15,116.50,117.00,116.50,116.82,3026
25-Feb-15,117.00,117.00,116.66,116.88,65792
24-Feb-15,117.75,117.75,116.50,117.00,135844
23-Feb-15,118.00,118.00,117.00,117.10,248950
20-Feb-15,117.00,117.92,117.00,117.50,79344
19-Feb-15,117.75,117.75,117.00,117.60,19013
18-Feb-15,117.50,117.89,116.15,117.00,176549
17-Feb-15,118.50,118.50,117.01,117.50,112137
16-Feb-15,119.25,119.25,117.50,117.75,332383
13-Feb-15,118.50,119.00,118.25,118.25,129361
12-Feb-15,118.75,119.50,118.50,118.75,280094
11-Feb-15,118.75,119.25,118.62,119.25,5922
10-Feb-15,119.00,119.75,118.75,118.75,46763
9-Feb-15,119.00,119.50,119.00,119.04,885
6-Feb-15,118.75,119.75,118.75,119.15,30892
5-Feb-15,120.00,120.00,118.75,119.00,41306
4-Feb-15,119.75,119.75,118.87,119.75,25219
3-Feb-15,119.25,119.75,118.74,118.80,229205
2-Feb-15,119.00,120.00,119.00,119.25,23562
30-Jan-15,119.00,119.75,119.00,119.50,1755
29-Jan-15,120.00,120.00,119.25,119.25,170
28-Jan-15,119.50,120.24,119.00,119.75,99443
27-Jan-15,119.50,120.25,119.50,119.70,136877
26-Jan-15,119.50,120.50,119.50,120.00,209539
23-Jan-15,119.25,120.50,118.00,120.50,200859
22-Jan-15,119.00,119.18,118.25,118.25,12775
21-Jan-15,120.00,121.56,120.00,120.50,31219
20-Jan-15,120.00,121.75,120.00,121.75,14360
19-Jan-15,120.00,121.50,120.00,121.00,298017
16-Jan-15,118.00,121.36,118.00,120.75,371061
15-Jan-15,119.00,119.50,118.10,118.60,107350
14-Jan-15,119.00,119.18,117.50,117.50,565205
13-Jan-15,119.50,119.50,118.50,118.50,161039
12-Jan-15,121.25,121.25,118.50,118.50,284479
9-Jan-15,122.00,122.00,120.50,120.75,528360
8-Jan-15,121.00,122.00,121.00,122.00,65570
7-Jan-15,121.00,122.00,120.98,121.50,130027
6-Jan-15,121.00,122.00,121.00,121.75,46872
5-Jan-15,121.00,122.25,121.00,122.25,60140
31-Dec-14,121.00,122.25,120.75,122.25,21914
30-Dec-14,122.00,122.00,121.00,121.75,46504
29-Dec-14,121.75,122.00,121.75,122.00,88660
24-Dec-14,122.00,122.00,121.54,121.75,74433
23-Dec-14,121.75,122.25,121.21,121.75,454278
22-Dec-14,122.00,122.00,121.15,121.75,308664
19-Dec-14,120.00,122.50,120.00,122.50,2895964
18-Dec-14,119.50,120.75,119.50,120.62,338448
17-Dec-14,120.50,120.50,119.50,120.50,248547
16-Dec-14,120.25,120.50,120.00,120.50,60830
15-Dec-14,120.50,121.50,120.25,120.25,84282
12-Dec-14,121.75,122.25,120.94,121.00,47196
11-Dec-14,121.00,122.50,120.49,122.00,721897
10-Dec-14,120.75,121.00,120.36,120.50,59664
9-Dec-14,119.75,121.00,119.75,120.50,35949
8-Dec-14,119.75,120.75,119.75,120.75,27226
5-Dec-14,119.50,120.75,119.50,120.75,490269
4-Dec-14,118.25,120.00,117.50,120.00,436108
3-Dec-14,117.00,118.24,117.00,117.25,8284
2-Dec-14,117.25,118.36,117.25,118.18,48794
1-Dec-14,117.25,118.33,117.25,117.50,57169
28-Nov-14,117.50,118.24,117.50,117.83,5868
27-Nov-14,117.50,118.25,117.50,118.00,111445
26-Nov-14,117.50,118.25,116.00,117.82,172848
25-Nov-14,116.50,118.25,111.75,118.20,467849
24-Nov-14,116.25,117.50,116.25,117.25,353418
21-Nov-14,115.00,117.25,113.25,117.12,1138458
20-Nov-14,114.00,114.00,113.00,113.25,312970
19-Nov-14,114.50,114.50,113.25,113.25,572738
18-Nov-14,114.25,114.25,113.50,113.75,32166
17-Nov-14,115.75,115.75,113.25,113.75,223524
14-Nov-14,116.25,116.28,115.32,116.25,60123
13-Nov-14,115.00,116.30,115.00,115.00,91418
12-Nov-14,115.00,116.50,115.00,115.83,92038
11-Nov-14,115.00,116.50,115.00,116.25,45271
10-Nov-14,114.75,116.25,114.75,116.25,168745
7-Nov-14,115.00,116.00,115.00,115.00,21514
6-Nov-14,114.75,115.75,114.75,115.00,9716
5-Nov-14,114.50,115.50,114.50,115.00,7982
4-Nov-14,113.75,115.25,113.75,115.00,64471
3-Nov-14,114.75,114.90,114.00,114.25,57938
31-Oct-14,114.50,114.75,114.00,114.00,95115
30-Oct-14,113.00,114.00,113.00,113.75,224882
29-Oct-14,114.00,114.22,113.34,114.20,45900
28-Oct-14,112.50,113.75,112.50,113.00,40147
27-Oct-14,113.75,113.75,112.25,112.50,82893
24-Oct-14,114.00,114.00,112.25,112.25,170390
23-Oct-14,114.00,114.00,113.00,113.75,222145
22-Oct-14,114.50,115.45,114.50,114.50,855
21-Oct-14,116.00,116.00,114.49,114.75,5739
20-Oct-14,114.25,115.50,114.25,114.50,158029
17-Oct-14,114.25,115.50,114.25,115.50,30152
16-Oct-14,115.25,116.00,114.25,114.25,104443
15-Oct-14,116.00,116.90,115.00,115.25,221276
14-Oct-14,116.25,117.39,116.25,116.25,171990
13-Oct-14,116.75,117.84,116.75,117.25,307737
10-Oct-14,116.50,117.60,116.50,116.75,11660
9-Oct-14,117.00,118.25,117.00,118.25,58300
8-Oct-14,118.75,118.75,117.25,118.25,1105
7-Oct-14,118.50,118.75,117.50,118.25,778678
6-Oct-14,118.25,118.49,117.50,118.12,61515
3-Oct-14,118.75,118.75,117.75,117.75,108691
2-Oct-14,117.00,118.99,117.00,118.00,160131
1-Oct-14,118.25,118.25,117.70,118.25,42857
30-Sep-14,117.75,118.00,117.00,117.75,516
29-Sep-14,117.50,117.92,116.50,117.92,47056
26-Sep-14,116.75,117.98,116.75,117.75,3467
25-Sep-14,117.25,117.99,116.69,117.75,142661
24-Sep-14,115.50,117.25,115.50,116.81,88583
23-Sep-14,115.25,116.75,115.25,116.75,60809
22-Sep-14,115.50,116.50,115.25,116.50,60687
19-Sep-14,114.25,116.00,112.00,116.00,342345
18-Sep-14,113.75,114.75,113.72,114.50,237255
17-Sep-14,114.25,114.72,113.30,113.75,371838
16-Sep-14,115.00,115.75,114.25,114.47,183383
15-Sep-14,115.75,116.00,115.00,115.00,11751
12-Sep-14,114.50,115.75,114.47,115.08,6408
11-Sep-14,114.75,115.75,114.50,114.50,64743
10-Sep-14,116.00,116.00,114.75,115.00,96195
9-Sep-14,116.75,116.75,115.25,115.25,92567
8-Sep-14,117.00,117.00,115.64,115.64,123419
5-Sep-14,117.50,117.50,116.75,117.00,116055
4-Sep-14,117.00,117.50,116.75,117.25,88919
3-Sep-14,117.50,117.50,116.64,116.75,5958
2-Sep-14,117.50,117.50,116.50,117.25,55568
1-Sep-14,116.75,117.13,116.63,117.00,6431
29-Aug-14,116.25,116.88,116.06,116.75,29125
28-Aug-14,116.00,116.25,115.25,116.25,12155
27-Aug-14,116.00,116.00,115.00,115.50,58412
26-Aug-14,115.00,115.75,114.39,115.75,149199
22-Aug-14,113.75,115.00,113.75,114.61,191074
21-Aug-14,114.50,114.50,113.82,114.50,15893
20-Aug-14,114.50,114.50,113.75,114.50,87088
19-Aug-14,114.50,114.50,113.25,114.25,121915
18-Aug-14,114.50,114.50,114.06,114.25,3214
15-Aug-14,114.50,114.50,113.50,113.50,322650
14-Aug-14,114.50,114.50,114.06,114.50,54527
13-Aug-14,114.50,114.50,113.83,114.50,64751
12-Aug-14,114.50,114.56,113.56,114.00,84569
11-Aug-14,114.00,115.00,113.44,114.50,221216
8-Aug-14,113.00,114.00,113.00,113.25,21768
7-Aug-14,113.00,114.25,113.00,114.25,150
6-Aug-14,113.00,114.50,113.00,114.42,10988
5-Aug-14,113.50,114.33,113.25,113.25,11340
4-Aug-14,113.75,114.30,113.50,113.88,94780
1-Aug-14,113.75,114.25,113.75,114.00,28938
31-Jul-14,114.00,114.25,113.75,114.00,111338
30-Jul-14,113.75,114.25,113.75,114.25,29002
29-Jul-14,112.50,114.25,112.50,114.00,251785
28-Jul-14,112.50,113.75,112.50,113.25,10093
25-Jul-14,113.50,113.50,112.50,112.75,4186
24-Jul-14,113.75,113.75,112.25,112.25,3331
23-Jul-14,112.50,113.25,112.22,112.50,66530
22-Jul-14,113.25,115.00,113.25,115.00,10549
21-Jul-14,113.25,114.29,113.25,113.75,68584
18-Jul-14,113.50,114.50,113.25,113.25,36156
17-Jul-14,113.00,114.50,113.00,114.50,34514
16-Jul-14,111.75,114.00,111.75,114.00,274630
15-Jul-14,113.00,113.00,112.00,112.50,73367
14-Jul-14,114.00,114.00,111.75,111.75,281147
11-Jul-14,113.00,113.32,112.50,112.50,158089
10-Jul-14,113.50,114.05,113.23,113.50,178930
9-Jul-14,113.75,114.75,113.50,113.75,123722
8-Jul-14,114.75,114.75,113.75,114.15,61065
7-Jul-14,115.50,115.50,113.75,114.50,316586
4-Jul-14,114.50,115.25,114.50,114.50,64903
3-Jul-14,116.00,116.00,114.50,115.50,11180
2-Jul-14,114.50,116.00,114.50,115.64,85439
1-Jul-14,116.00,116.00,115.00,116.00,85247
30-Jun-14,114.50,115.52,114.50,114.50,5236
27-Jun-14,116.25,116.25,114.85,115.50,8526
26-Jun-14,114.50,116.00,114.50,115.75,73376
25-Jun-14,115.00,116.25,115.00,116.25,15762
24-Jun-14,114.50,116.25,114.50,116.00,123371
23-Jun-14,114.50,116.25,114.50,116.00,62534
20-Jun-14,115.00,117.50,114.75,117.50,457137
19-Jun-14,114.75,115.00,114.69,114.75,131395
18-Jun-14,114.50,114.75,114.00,114.75,33783
17-Jun-14,113.00,114.50,113.00,114.00,106565
16-Jun-14,114.50,114.50,113.52,114.25,5239
13-Jun-14,113.50,114.10,113.25,113.50,30502
12-Jun-14,113.75,115.00,113.75,114.00,28311
11-Jun-14,115.00,115.00,114.00,115.00,16062
10-Jun-14,114.50,114.75,114.00,114.50,10996
9-Jun-14,114.50,114.59,113.50,114.50,26982
6-Jun-14,114.50,114.75,113.50,114.50,59070
5-Jun-14,115.25,115.25,113.50,114.25,17167
4-Jun-14,115.25,115.25,113.75,114.09,662783
3-Jun-14,115.75,115.75,113.86,113.86,15398
2-Jun-14,116.50,116.50,114.58,115.00,113215
30-May-14,116.75,116.75,115.61,116.00,112536
29-May-14,116.75,116.75,116.00,116.17,104234
28-May-14,117.25,117.25,116.25,116.75,50673
27-May-14,117.00,117.00,116.52,117.00,27369
23-May-14,117.50,117.50,116.75,117.06,32729
22-May-14,117.00,117.25,116.10,117.25,2236
21-May-14,116.00,117.00,115.60,117.00,193643
20-May-14,115.75,116.00,115.38,116.00,15753
19-May-14,115.00,116.00,115.00,116.00,2577
16-May-14,115.75,116.00,115.25,115.75,57688
15-May-14,115.75,115.75,115.28,115.62,118001
14-May-14,115.75,115.75,114.87,115.75,158828
13-May-14,115.25,115.74,114.88,115.25,388869
12-May-14,114.25,115.25,114.25,115.25,194894
9-May-14,114.00,114.75,114.00,114.51,53808
8-May-14,113.25,114.75,113.25,114.62,169386
7-May-14,112.50,114.00,112.50,114.00,117269
6-May-14,112.50,113.25,112.50,113.25,1461
2-May-14,112.50,113.25,112.50,113.25,864
1-May-14,113.25,113.25,112.50,113.25,50666
30-Apr-14,112.25,113.25,112.25,112.72,83108
29-Apr-14,112.50,113.25,112.25,113.25,10569
28-Apr-14,113.00,113.00,112.00,113.00,80191
25-Apr-14,112.25,112.75,112.25,112.75,5084
24-Apr-14,112.75,112.75,112.25,112.75,49159
23-Apr-14,112.50,112.54,111.80,112.50,93907
22-Apr-14,113.25,113.75,113.00,113.75,555
17-Apr-14,113.50,113.50,112.83,113.50,3
16-Apr-14,113.00,113.25,112.47,113.25,289343
15-Apr-14,113.00,113.00,112.25,112.50,1379
14-Apr-14,112.00,112.25,111.90,112.25,159946
11-Apr-14,111.75,112.00,111.75,112.00,202872
10-Apr-14,111.50,112.00,111.25,112.00,42499
9-Apr-14,111.00,111.75,111.00,111.25,248134
8-Apr-14,111.50,111.75,111.25,111.38,30080
7-Apr-14,111.00,111.50,110.94,111.50,105528
4-Apr-14,110.50,111.00,110.22,111.00,26400
3-Apr-14,110.00,110.50,109.83,110.50,116701
2-Apr-14,110.00,110.50,109.50,110.00,87290
1-Apr-14,110.25,110.50,109.25,110.25,35103
31-Mar-14,110.25,110.25,109.25,109.58,4273
28-Mar-14,110.25,110.25,109.52,110.18,6781
27-Mar-14,109.25,110.25,109.25,110.25,3740
26-Mar-14,109.25,110.25,109.25,110.00,8429
25-Mar-14,109.25,110.25,109.25,110.25,38973
24-Mar-14,109.25,110.00,109.25,109.86,54936
21-Mar-14,109.75,110.25,109.25,110.00,67693
20-Mar-14,109.75,110.25,109.75,110.25,37615
19-Mar-14,110.25,110.25,109.45,110.25,9994
18-Mar-14,109.00,110.25,109.00,110.00,60648
17-Mar-14,109.00,110.25,109.00,110.00,50739
14-Mar-14,110.25,110.25,110.25,110.25,15909
13-Mar-14,109.00,109.25,109.00,109.00,127208
12-Mar-14,110.25,110.25,109.00,109.08,52037
11-Mar-14,110.25,110.25,109.00,109.00,66317
10-Mar-14,109.75,110.00,109.50,110.00,29591
7-Mar-14,110.00,110.00,109.50,109.50,79657
6-Mar-14,110.00,110.50,110.00,110.25,41826
5-Mar-14,110.00,110.50,110.00,110.50,40397
4-Mar-14,109.75,110.75,109.75,110.75,12898
3-Mar-14,110.75,110.75,110.75,110.75,29
28-Feb-14,110.75,110.75,110.50,110.75,25256
27-Feb-14,110.00,110.50,110.00,110.25,110738
26-Feb-14,110.75,110.75,110.50,110.50,9473
25-Feb-14,110.00,111.00,110.00,111.00,541877
24-Feb-14,110.25,110.50,110.25,110.50,60022
21-Feb-14,110.50,110.50,110.50,110.50,102012
20-Feb-14,110.50,110.50,109.75,109.75,57372
19-Feb-14,110.50,110.50,110.25,110.25,54629
18-Feb-14,109.75,110.75,109.50,110.25,793980
17-Feb-14,109.25,109.75,109.25,109.50,7525
14-Feb-14,109.00,109.75,109.00,109.50,18945
13-Feb-14,108.50,109.50,108.50,109.50,18759
12-Feb-14,109.00,109.25,109.00,109.00,108003
11-Feb-14,109.50,109.50,109.50,109.50,9112
10-Feb-14,109.75,109.75,109.75,109.10,27262
7-Feb-14,109.00,109.00,109.00,109.64,8
6-Feb-14,109.75,109.75,109.00,109.57,95115
5-Feb-14,109.00,109.00,109.00,109.39,9
4-Feb-14,108.50,108.50,108.50,108.50,19
3-Feb-14,108.50,108.50,108.50,108.50,24
31-Jan-14,109.25,109.50,108.75,108.75,18995
30-Jan-14,109.50,109.50,109.50,109.50,13658
29-Jan-14,108.50,109.50,108.50,109.50,9856
28-Jan-14,108.50,108.50,108.50,108.50,917
27-Jan-14,108.25,108.50,108.25,108.50,28011
24-Jan-14,109.00,109.00,108.25,108.56,51789
23-Jan-14,110.00,110.00,108.25,108.88,140855
22-Jan-14,110.00,110.00,109.25,109.25,25669
21-Jan-14,111.50,111.50,111.25,111.25,5065
20-Jan-14,113.50,114.00,111.00,111.50,348365
17-Jan-14,114.00,114.00,113.50,113.50,7382
16-Jan-14,113.75,114.00,113.50,114.00,141858
15-Jan-14,114.50,114.50,114.50,114.50,24323
14-Jan-14,114.50,114.50,114.00,114.50,33306
13-Jan-14,113.75,113.75,113.75,114.00,5
10-Jan-14,114.25,114.75,113.75,113.75,82841
9-Jan-14,113.50,113.50,113.50,113.50,32
8-Jan-14,114.00,114.00,113.50,113.50,16798
7-Jan-14,113.50,113.50,113.50,113.75,194
6-Jan-14,114.50,114.50,113.25,113.25,111216
3-Jan-14,114.00,114.00,113.00,113.50,100098
2-Jan-14,114.00,114.00,113.00,113.00,51958
31-Dec-13,113.50,113.50,112.75,112.75,1319
30-Dec-13,113.50,113.50,113.00,113.00,9155
27-Dec-13,113.50,113.50,113.00,113.00,8432
24-Dec-13,113.50,113.50,113.00,113.00,8708
23-Dec-13,112.75,113.50,112.75,113.50,32061
20-Dec-13,113.00,113.50,112.50,112.50,227809
19-Dec-13,112.50,113.00,112.00,112.15,80938
18-Dec-13,112.75,113.50,112.50,113.50,55252
17-Dec-13,112.75,113.25,112.25,113.00,152571
16-Dec-13,112.75,112.75,112.00,112.00,8136
13-Dec-13,111.75,112.75,110.75,112.75,154273
12-Dec-13,111.25,112.00,111.25,111.75,42178
11-Dec-13,111.50,111.50,111.25,111.50,26928
10-Dec-13,111.50,111.50,110.75,110.75,242109
9-Dec-13,111.00,111.25,111.00,111.25,90580
6-Dec-13,109.00,110.75,109.00,110.75,64885
5-Dec-13,109.00,109.75,109.00,109.75,10098
4-Dec-13,109.00,109.00,109.00,109.00,1130
3-Dec-13,108.75,109.25,108.75,109.00,152954
2-Dec-13,108.75,108.75,108.00,108.00,6222
29-Nov-13,108.25,108.75,108.25,108.50,189454
28-Nov-13,108.50,108.50,108.00,108.00,56583
27-Nov-13,108.75,108.75,108.00,108.38,100850
26-Nov-13,111.00,111.00,110.75,111.00,62254
25-Nov-13,111.75,111.75,111.25,111.25,26874
22-Nov-13,111.50,111.50,111.25,111.86,413
21-Nov-13,111.50,112.00,111.50,111.50,17608
20-Nov-13,111.50,111.75,111.25,111.25,1544
19-Nov-13,111.00,112.00,111.00,111.25,204053
18-Nov-13,111.25,111.25,111.00,111.00,65657
15-Nov-13,110.75,111.25,110.75,110.75,136018
14-Nov-13,111.25,111.25,110.75,111.00,191504
13-Nov-13,111.50,111.50,110.75,110.75,218405
12-Nov-13,112.00,112.00,111.50,111.50,66081
11-Nov-13,111.50,112.00,111.50,112.00,118683
8-Nov-13,111.50,112.00,111.50,111.75,45543
7-Nov-13,111.50,112.25,111.25,112.25,136058
6-Nov-13,111.50,111.50,110.75,111.00,27341
5-Nov-13,111.28,110.75,110.75,110.75,283
4-Nov-13,110.75,111.00,110.75,111.00,90096
1-Nov-13,111.25,111.25,110.75,111.00,66858
31-Oct-13,110.75,111.00,110.75,110.78,372
30-Oct-13,110.50,111.00,110.50,111.00,340217
29-Oct-13,110.62,110.50,110.50,110.50,349
28-Oct-13,110.00,110.75,110.00,110.50,7690
25-Oct-13,110.50,110.75,110.50,110.75,46144
24-Oct-13,110.25,110.00,110.00,110.00,9103
23-Oct-13,110.00,-,-,110.00,272631
22-Oct-13,110.50,110.50,110.25,110.60,8362
21-Oct-13,111.00,111.00,110.25,110.25,6149
18-Oct-13,111.00,111.00,110.25,110.25,106516
17-Oct-13,110.25,110.75,110.25,110.25,35565
16-Oct-13,110.25,111.00,110.25,111.00,14631
15-Oct-13,110.50,110.50,110.25,110.25,32956
14-Oct-13,110.50,110.75,110.50,110.50,4528
11-Oct-13,111.00,111.00,110.25,110.25,37482
10-Oct-13,110.75,110.75,110.25,110.50,15136
9-Oct-13,110.36,-,-,110.65,0
8-Oct-13,110.50,110.50,110.25,110.25,1358
7-Oct-13,111.00,111.00,110.50,110.50,14711
4-Oct-13,110.25,110.25,110.00,110.25,287608
3-Oct-13,110.25,110.25,110.00,110.00,56687
2-Oct-13,110.25,110.25,110.00,110.00,59603
1-Oct-13,109.50,110.25,109.50,109.75,19638
30-Sep-13,109.25,109.75,109.25,109.25,49482
27-Sep-13,109.25,110.00,109.25,109.15,117165
26-Sep-13,109.75,109.75,109.25,108.75,40257
25-Sep-13,109.00,109.25,108.50,109.00,46639
24-Sep-13,109.50,109.50,108.50,108.50,22042
20-Sep-13,109.50,111.00,109.50,111.00,122286
19-Sep-13,110.50,110.50,109.75,111.75,23972
18-Sep-13,111.50,111.50,109.50,110.00,277023
17-Sep-13,112.00,112.00,111.75,111.94,6184
16-Sep-13,111.50,112.25,111.50,111.00,17871
13-Sep-13,112.00,112.25,111.50,112.00,71784
12-Sep-13,111.25,112.25,111.25,111.50,71534
11-Sep-13,111.50,111.75,111.50,111.75,2936
10-Sep-13,111.00,111.50,111.00,112.00,90681
9-Sep-13,111.25,111.25,110.25,110.25,4227
6-Sep-13,111.75,111.75,111.00,111.50,111712
5-Sep-13,113.00,113.00,111.75,111.00,182147
4-Sep-13,110.50,113.50,110.50,112.75,600233
3-Sep-13,111.00,111.00,110.75,110.75,30600
2-Sep-13,111.25,111.25,110.75,110.75,1054
30-Aug-13,111.25,110.75,110.75,110.75,4950
29-Aug-13,110.75,111.00,110.75,110.75,36909
28-Aug-13,111.25,111.25,110.75,110.75,10722
27-Aug-13,111.25,111.50,110.75,111.50,58638
23-Aug-13,111.25,111.25,111.00,111.00,5593
22-Aug-13,111.00,111.50,111.00,111.50,8763
21-Aug-13,111.25,111.25,111.00,111.00,8988
20-Aug-13,110.50,111.25,110.50,111.25,24664
19-Aug-13,111.25,111.50,111.00,111.00,198541
16-Aug-13,111.25,111.25,111.00,110.75,196974
15-Aug-13,111.25,111.25,110.75,110.75,40608
14-Aug-13,111.00,111.25,110.75,111.25,162154
13-Aug-13,111.00,111.25,111.00,111.00,7362
12-Aug-13,111.50,111.50,111.00,111.25,8554
9-Aug-13,111.00,111.25,110.75,110.50,169442
8-Aug-13,110.50,110.75,110.00,110.75,49869
7-Aug-13,110.25,110.50,110.00,110.00,39164
6-Aug-13,110.75,110.75,110.00,110.25,17566
5-Aug-13,110.75,110.75,110.00,110.00,9435
2-Aug-13,110.75,110.75,110.00,110.50,7815
1-Aug-13,111.00,111.00,110.00,110.00,22414
31-Jul-13,111.00,111.00,110.00,110.00,31075
30-Jul-13,111.00,111.00,110.00,110.50,7124
29-Jul-13,110.00,111.25,110.00,110.75,65609
26-Jul-13,111.50,111.50,110.00,111.50,51868
25-Jul-13,111.50,111.50,110.50,111.00,76
24-Jul-13,111.50,111.50,110.75,110.75,7010
23-Jul-13,111.50,111.50,110.75,110.75,21414
22-Jul-13,111.50,111.50,110.50,110.50,5101
19-Jul-13,111.50,111.50,110.50,110.50,52919
18-Jul-13,111.50,111.50,110.50,111.00,23280
17-Jul-13,112.00,112.00,110.50,110.50,167509
16-Jul-13,112.00,112.00,111.05,112.00,10161
15-Jul-13,112.25,112.25,111.00,111.00,23189
12-Jul-13,112.25,112.25,111.05,112.25,29950
11-Jul-13,112.50,112.50,111.00,112.25,124523
10-Jul-13,112.50,112.50,111.30,112.50,13326
9-Jul-13,111.00,112.50,111.00,112.50,79342
8-Jul-13,110.75,112.00,110.62,112.00,165528
5-Jul-13,110.00,111.00,109.99,111.00,702089
4-Jul-13,110.00,110.00,109.50,110.00,41282
3-Jul-13,109.75,109.99,109.20,109.50,87461
2-Jul-13,109.00,109.50,108.60,109.50,77994
1-Jul-13,108.50,108.88,108.00,108.25,67254
28-Jun-13,108.50,108.69,108.01,108.50,27740
27-Jun-13,109.00,109.50,108.01,109.50,391
26-Jun-13,109.25,109.25,108.50,108.50,5614
25-Jun-13,108.50,109.25,108.25,108.25,8974
24-Jun-13,109.00,109.50,107.91,108.25,59601
21-Jun-13,107.75,109.50,107.75,109.50,256197
20-Jun-13,109.00,109.00,107.75,108.00,68512
19-Jun-13,109.00,109.00,107.75,108.00,93915
18-Jun-13,108.00,108.53,108.00,108.00,20862
17-Jun-13,109.00,109.00,107.88,108.25,44470
14-Jun-13,109.00,109.00,108.00,108.00,10226
13-Jun-13,109.00,109.00,107.85,108.00,30310
12-Jun-13,108.50,108.75,107.75,107.75,202046
11-Jun-13,108.00,108.25,107.75,107.75,67829
10-Jun-13,107.25,108.00,107.11,107.50,20904
7-Jun-13,107.25,107.50,107.00,107.00,58232
6-Jun-13,107.25,107.25,106.75,106.75,224166
5-Jun-13,107.25,107.25,106.50,106.50,33940
4-Jun-13,107.25,107.25,106.65,107.25,83102
3-Jun-13,107.25,107.25,106.69,107.25,24657
31-May-13,107.00,107.35,106.56,106.75,38048
30-May-13,107.50,107.50,106.25,107.00,81206
29-May-13,107.00,107.19,106.05,107.00,216378
28-May-13,110.25,110.25,109.75,109.75,83477
24-May-13,110.25,110.25,109.75,109.75,55204
23-May-13,110.00,110.00,109.00,109.52,50
22-May-13,110.50,110.60,109.75,109.75,159763
21-May-13,110.25,110.38,109.88,110.00,319387
20-May-13,110.25,110.25,109.75,110.25,90845
17-May-13,109.75,110.25,109.36,109.75,29129
16-May-13,109.36,109.58,109.25,109.58,0
15-May-13,109.25,109.75,109.25,109.25,7501
14-May-13,110.25,110.25,109.25,109.25,119005
13-May-13,110.25,110.25,109.69,110.00,36
10-May-13,109.50,110.50,109.50,110.50,71
9-May-13,110.75,110.86,109.50,110.50,108322
8-May-13,112.00,112.00,110.25,110.75,234934
7-May-13,112.25,112.25,111.83,112.25,527767
3-May-13,112.25,112.25,111.50,112.00,167890
2-May-13,112.00,112.25,111.75,112.25,498249
1-May-13,112.25,112.25,111.50,112.25,23685
30-Apr-13,112.00,112.25,111.82,112.25,123788
29-Apr-13,112.00,112.25,111.54,112.25,94202
26-Apr-13,112.00,112.25,112.00,112.25,295770
25-Apr-13,112.00,112.25,111.25,111.75,324165
24-Apr-13,112.75,112.75,112.00,112.25,1594397
23-Apr-13,112.25,113.00,112.25,113.00,570814
22-Apr-13,113.50,113.50,112.30,113.00,116251
19-Apr-13,113.75,113.75,112.75,113.25,686771
18-Apr-13,114.25,114.25,113.25,113.49,6568
17-Apr-13,114.25,114.25,113.56,114.00,24001
16-Apr-13,113.50,114.24,113.50,113.74,2634
15-Apr-13,114.25,114.25,113.75,114.00,6838
12-Apr-13,114.25,114.26,113.99,114.00,77556
11-Apr-13,114.25,114.25,113.50,113.87,210474
10-Apr-13,114.25,114.25,113.75,114.00,45663
9-Apr-13,114.25,114.25,113.50,114.25,99069
8-Apr-13,114.25,114.25,113.75,114.25,25794
5-Apr-13,114.50,114.50,113.88,114.00,77583
4-Apr-13,114.25,114.40,113.51,113.99,114465
3-Apr-13,114.74,114.74,114.19,114.42,0
2-Apr-13,114.50,114.75,113.90,114.19,50000
28-Mar-13,114.00,114.25,113.75,114.25,70449
27-Mar-13,113.00,113.50,113.00,113.50,63432
26-Mar-13,112.25,112.92,112.10,112.92,163620
25-Mar-13,112.50,112.50,111.50,112.20,134469
22-Mar-13,112.50,112.50,111.50,112.25,25437
21-Mar-13,112.23,112.50,111.75,112.12,121707
20-Mar-13,112.25,112.50,111.56,112.50,77200
19-Mar-13,112.00,112.25,111.25,112.25,16600
18-Mar-13,112.00,112.00,111.55,112.00,5413
15-Mar-13,112.25,112.50,111.55,112.00,28900
14-Mar-13,112.25,112.25,111.50,111.50,33861
13-Mar-13,111.00,112.25,111.00,111.00,117529
12-Mar-13,112.25,112.25,111.00,111.00,134275
11-Mar-13,112.25,112.25,111.25,112.25,18810
8-Mar-13,112.25,112.25,111.88,112.25,22444
7-Mar-13,112.25,112.25,111.50,111.50,9324
6-Mar-13,111.50,112.25,111.50,112.00,15017
5-Mar-13,112.00,112.00,111.68,112.00,36036
4-Mar-13,112.25,112.25,112.25,112.25,9237
1-Mar-13,111.25,112.24,111.25,111.50,285
28-Feb-13,112.25,112.25,111.45,112.24,8908
27-Feb-13,112.00,112.25,111.52,112.25,58071
26-Feb-13,111.25,111.75,110.87,111.74,75000
25-Feb-13,111.25,111.25,110.50,110.50,8024
22-Feb-13,111.25,111.25,111.00,111.00,34202
21-Feb-13,110.25,111.12,110.25,111.00,280342
20-Feb-13,110.50,110.50,110.05,110.50,7652
19-Feb-13,110.50,110.50,110.05,110.05,7275
18-Feb-13,110.00,110.45,110.00,110.25,37109
15-Feb-13,110.25,110.45,110.05,110.45,81841
14-Feb-13,110.10,110.25,110.05,110.05,-
13-Feb-13,110.10,110.25,109.75,110.25,71
12-Feb-13,110.25,110.25,109.83,110.25,31436
11-Feb-13,110.25,110.25,110.12,110.20,5400
8-Feb-13,110.25,110.25,109.68,110.25,38426
7-Feb-13,109.50,110.25,109.50,110.00,24392
6-Feb-13,109.50,109.90,109.17,109.90,29318
5-Feb-13,109.50,109.50,108.94,109.50,7432
4-Feb-13,108.55,109.39,108.55,109.33,-
1-Feb-13,108.85,109.20,108.85,109.20,-
31-Jan-13,108.50,109.12,108.25,109.00,33572
30-Jan-13,109.15,109.15,108.55,108.90,83637
29-Jan-13,109.25,109.25,108.50,109.00,18302
28-Jan-13,109.25,109.25,108.50,109.00,2778
25-Jan-13,109.00,109.00,108.32,108.90,10
24-Jan-13,108.50,108.75,108.25,108.65,6391
23-Jan-13,108.50,108.50,108.05,108.50,12167
22-Jan-13,108.50,108.55,108.05,108.50,37089
21-Jan-13,108.55,108.70,108.08,108.55,-
18-Jan-13,108.50,108.50,108.12,108.50,30318
17-Jan-13,108.25,108.50,108.20,108.50,76309
16-Jan-13,108.13,108.50,108.00,108.25,60364
15-Jan-13,108.25,108.50,108.13,108.25,110421
14-Jan-13,108.25,108.25,107.50,108.10,540
11-Jan-13,108.25,108.25,107.88,108.00,47403
10-Jan-13,108.25,108.25,107.80,108.25,40191
9-Jan-13,108.00,108.25,107.90,108.00,115138
8-Jan-13,108.25,108.25,107.75,108.25,11157
7-Jan-13,108.00,108.25,108.00,108.14,45128
4-Jan-13,108.25,108.25,107.81,108.25,12872
3-Jan-13,108.25,108.50,107.86,108.44,27920
2-Jan-13,107.85,107.99,107.85,107.95,-
