31-Dec-15,307.10,309.10,306.20,308.40,917637
30-Dec-15,308.20,309.50,307.20,309.20,1516906
29-Dec-15,308.20,309.90,303.80,309.40,1880827
24-Dec-15,309.90,309.90,305.20,305.20,580498
23-Dec-15,297.10,308.08,297.10,307.90,2850721
22-Dec-15,298.70,298.70,292.70,294.70,2156989
21-Dec-15,295.10,302.90,295.10,295.60,2488860
18-Dec-15,298.10,300.50,294.00,296.20,4533505
16-Dec-15,293.00,299.60,291.90,297.90,3452939
15-Dec-15,282.80,294.20,282.80,293.00,3906641
14-Dec-15,286.20,289.00,279.10,280.40,3941724
11-Dec-15,293.10,293.35,283.00,284.30,3883704
10-Dec-15,291.90,296.80,291.90,295.00,4054012
9-Dec-15,292.10,297.00,288.90,295.30,3987938
8-Dec-15,297.20,297.20,288.15,292.20,4230821
7-Dec-15,299.00,299.93,295.70,297.00,3503496
4-Dec-15,292.80,296.70,289.60,296.30,5274370
3-Dec-15,299.30,301.40,291.90,292.10,4190245
2-Dec-15,302.20,302.20,296.10,299.00,2853088
1-Dec-15,302.80,304.20,300.30,301.10,3663454
30-Nov-15,299.00,301.30,296.90,300.50,7396848
27-Nov-15,301.00,301.00,295.50,298.40,3953856
26-Nov-15,298.90,303.90,297.20,302.10,2699933
25-Nov-15,294.50,298.30,291.40,298.00,2928773
24-Nov-15,299.70,300.60,289.10,293.00,3792769
23-Nov-15,297.50,301.20,293.30,300.70,2932516
20-Nov-15,302.90,303.30,298.00,299.40,3413155
19-Nov-15,298.20,303.60,298.20,301.80,3766786
18-Nov-15,291.30,297.70,288.60,296.70,3730183
17-Nov-15,286.90,293.20,286.70,292.30,3123595
16-Nov-15,284.40,285.50,280.00,283.40,3233339
13-Nov-15,279.90,284.60,277.50,282.00,4061081
12-Nov-15,290.20,290.20,274.85,279.90,4889248
11-Nov-15,288.40,293.70,285.60,288.65,3860298
10-Nov-15,293.80,293.82,285.70,287.30,2807200
9-Nov-15,297.20,298.90,291.20,291.50,2422133
6-Nov-15,290.50,299.70,287.70,297.20,3062124
5-Nov-15,291.90,293.30,287.90,290.70,2146763
4-Nov-15,293.40,294.60,287.90,292.00,3836750
3-Nov-15,292.30,294.20,287.96,293.90,2774963
2-Nov-15,285.60,292.30,285.10,292.30,2663088
30-Oct-15,286.60,288.50,285.50,287.20,3305156
29-Oct-15,285.30,286.80,281.90,285.60,3458768
28-Oct-15,285.20,287.70,281.90,284.50,5232083
27-Oct-15,290.00,291.15,284.90,285.40,2007185
26-Oct-15,293.60,293.60,289.40,290.30,2567329
23-Oct-15,288.50,298.60,288.50,293.50,5983344
22-Oct-15,276.00,287.50,271.70,287.50,5732055
21-Oct-15,273.30,278.50,269.50,277.90,4457989
20-Oct-15,271.70,273.70,266.60,272.80,3233890
19-Oct-15,270.50,273.50,267.70,271.00,2971227
16-Oct-15,281.50,281.80,269.30,270.30,5324443
15-Oct-15,285.10,288.10,279.00,280.50,4500118
14-Oct-15,284.10,287.30,281.80,283.30,2914006
13-Oct-15,292.80,292.80,282.90,285.90,3650493
12-Oct-15,294.20,297.80,290.90,291.70,2484825
9-Oct-15,293.60,296.60,291.90,294.50,3376772
8-Oct-15,287.40,291.40,286.00,291.10,3766975
7-Oct-15,282.50,292.40,281.92,286.90,5834416
6-Oct-15,282.50,285.60,279.80,281.00,4344796
5-Oct-15,279.40,281.80,274.70,281.10,3715541
2-Oct-15,272.00,278.00,269.90,274.10,4384468
1-Oct-15,272.00,276.04,268.69,270.10,5327982
30-Sep-15,262.00,269.00,261.01,268.00,5848944
29-Sep-15,253.10,259.60,252.00,255.50,6374621
28-Sep-15,261.70,261.90,254.70,256.90,5288925
25-Sep-15,261.10,265.90,260.90,263.20,5939465
24-Sep-15,260.50,265.50,254.90,255.80,7130253
23-Sep-15,254.10,264.60,248.56,260.80,7474259
22-Sep-15,272.60,272.60,254.00,254.60,11480319
21-Sep-15,273.80,276.30,269.30,272.30,6894600
18-Sep-15,283.60,283.60,272.80,273.80,9670924
17-Sep-15,285.10,286.50,282.07,285.00,5269104
16-Sep-15,280.50,283.30,280.40,281.70,4239557
15-Sep-15,274.80,279.60,271.30,278.80,3943850
14-Sep-15,278.00,279.70,272.00,274.60,3241745
11-Sep-15,281.20,281.20,276.30,277.70,3441288
10-Sep-15,279.30,283.10,277.50,279.80,4494685
9-Sep-15,283.50,286.20,280.30,280.90,5237975
8-Sep-15,270.80,277.00,270.80,276.70,5079093
7-Sep-15,272.80,273.10,268.24,269.50,2432207
4-Sep-15,278.30,278.39,269.40,270.20,6695492
3-Sep-15,283.90,284.19,279.80,281.30,5332161
2-Sep-15,280.40,284.60,279.00,281.60,3341588
1-Sep-15,285.00,286.03,276.20,280.20,4966890
28-Aug-15,292.20,293.30,288.24,291.70,3160131
27-Aug-15,286.90,293.10,286.00,292.10,5633944
26-Aug-15,283.10,285.70,278.82,280.40,4649635
25-Aug-15,281.80,289.90,279.80,286.00,7273457
24-Aug-15,277.60,283.00,272.30,277.80,10018772
21-Aug-15,285.00,293.10,283.10,285.90,6804100
20-Aug-15,287.00,293.60,285.70,290.00,5818791
19-Aug-15,294.00,294.00,288.40,289.40,4826502
18-Aug-15,299.50,300.00,294.90,294.90,2716565
17-Aug-15,305.30,306.16,295.80,299.90,3593532
14-Aug-15,305.70,307.10,300.20,302.30,2736606
13-Aug-15,306.00,308.60,302.30,304.90,4950996
12-Aug-15,306.00,312.51,299.43,302.60,7398116
11-Aug-15,319.60,320.58,309.40,309.40,4424795
10-Aug-15,322.50,324.20,317.50,321.30,3101190
7-Aug-15,322.80,322.80,319.80,321.00,2997196
6-Aug-15,319.40,322.70,318.80,321.50,3548159
5-Aug-15,322.40,325.00,318.70,320.00,6318645
4-Aug-15,315.90,321.90,315.40,321.70,3938370
3-Aug-15,317.20,318.00,313.70,316.30,4636535
31-Jul-15,317.00,318.60,314.50,318.50,5407217
30-Jul-15,325.00,325.40,314.30,315.90,8621337
29-Jul-15,317.20,322.80,314.00,321.60,10993426
28-Jul-15,309.70,318.20,304.30,316.60,12345650
27-Jul-15,296.80,302.30,293.20,295.00,5003374
24-Jul-15,301.00,306.00,297.90,298.20,5329493
23-Jul-15,305.80,308.90,300.90,301.30,4243268
22-Jul-15,307.50,308.84,301.30,304.10,5070338
21-Jul-15,309.90,312.55,307.60,309.10,5309414
20-Jul-15,311.90,311.90,306.20,308.50,4983742
17-Jul-15,314.70,314.70,310.00,310.30,4351117
16-Jul-15,312.10,315.46,309.20,312.40,7157485
15-Jul-15,318.90,321.73,309.20,309.60,6347452
14-Jul-15,324.50,324.50,316.00,318.50,5048856
13-Jul-15,327.10,327.78,323.20,324.50,4397150
10-Jul-15,324.60,324.70,319.80,322.80,3781516
9-Jul-15,318.20,323.40,317.62,319.60,4336704
8-Jul-15,316.30,319.40,310.90,316.60,4693742
7-Jul-15,326.90,327.17,316.50,317.10,4655651
6-Jul-15,329.70,332.20,324.50,325.70,6851426
3-Jul-15,334.80,336.40,332.80,332.80,2156820
2-Jul-15,339.20,340.90,335.50,336.20,2341826
1-Jul-15,337.50,342.30,336.40,339.80,5700502
30-Jun-15,335.40,338.90,331.70,334.50,4827372
29-Jun-15,338.30,340.30,335.07,337.10,4962961
26-Jun-15,346.60,349.20,342.90,347.20,3581235
25-Jun-15,350.70,351.62,346.80,348.40,4147150
24-Jun-15,357.80,358.76,350.50,352.30,3723172
23-Jun-15,360.00,360.52,357.00,358.70,4319627
22-Jun-15,357.30,359.10,353.90,356.60,3596330
19-Jun-15,347.70,353.80,347.70,351.30,4494530
18-Jun-15,347.70,349.44,342.70,347.10,4306426
17-Jun-15,355.80,356.30,349.70,350.00,4988867
16-Jun-15,354.70,356.94,351.50,355.10,3713535
15-Jun-15,362.00,362.42,356.00,356.30,2844412
12-Jun-15,368.20,370.80,363.10,365.30,3265390
11-Jun-15,367.50,373.00,366.72,370.20,4073124
10-Jun-15,363.20,369.70,360.30,368.90,6113149
9-Jun-15,356.70,363.00,355.90,362.20,5934255
8-Jun-15,365.10,365.10,357.60,357.80,4353979
5-Jun-15,365.60,368.60,363.70,366.90,3814278
4-Jun-15,369.00,371.60,367.20,368.50,3859870
3-Jun-15,367.80,374.90,367.29,372.00,3617835
2-Jun-15,369.30,370.00,363.60,368.40,3838219
1-Jun-15,365.80,370.00,365.20,367.00,3655323
29-May-15,368.50,372.00,365.70,366.60,5840097
28-May-15,368.60,369.90,366.70,368.70,3126899
27-May-15,366.50,371.10,365.80,369.40,4645019
26-May-15,371.10,372.90,366.40,367.00,4676253
22-May-15,368.20,371.10,366.30,369.20,3694076
21-May-15,366.60,368.00,365.70,366.90,4428295
20-May-15,372.00,374.10,365.80,367.10,5269928
19-May-15,359.20,366.50,358.90,366.30,3750547
18-May-15,354.60,360.40,354.28,357.40,3428008
15-May-15,359.70,361.20,353.30,353.80,4020686
14-May-15,353.10,358.80,350.50,358.10,2731884
13-May-15,353.20,356.23,351.90,354.50,4379330
12-May-15,353.30,356.20,348.40,351.60,5425420
11-May-15,357.90,359.00,353.60,355.00,3299686
8-May-15,353.30,358.20,352.80,358.20,4641763
7-May-15,348.30,349.70,341.00,347.40,6037450
6-May-15,351.00,355.30,348.00,349.90,7662095
5-May-15,351.00,357.10,347.40,348.00,5898783
1-May-15,347.90,351.90,345.30,348.60,1807466
30-Apr-15,349.60,351.80,345.71,351.30,6739879
29-Apr-15,361.40,362.40,349.60,358.90,5623948
28-Apr-15,366.50,368.50,356.14,359.90,4008032
27-Apr-15,363.60,369.20,359.90,367.40,3050388
24-Apr-15,365.80,368.90,361.90,363.00,3482740
23-Apr-15,366.20,368.80,359.50,362.80,5371316
22-Apr-15,367.40,370.70,360.40,364.30,5370423
21-Apr-15,368.30,373.30,363.40,364.60,5073335
20-Apr-15,363.40,367.20,362.88,366.00,3826549
17-Apr-15,365.10,370.60,360.10,361.30,6945858
16-Apr-15,368.60,375.40,368.50,370.60,6654643
15-Apr-15,357.00,365.40,356.30,364.10,4786083
14-Apr-15,355.20,358.30,355.00,356.60,3887465
13-Apr-15,360.70,361.58,355.60,355.90,2311899
10-Apr-15,359.50,363.70,357.00,361.20,3772925
9-Apr-15,353.90,365.00,352.00,358.40,3808290
8-Apr-15,361.50,361.61,356.40,357.30,3176167
7-Apr-15,362.00,365.88,360.20,362.50,2640041
2-Apr-15,358.50,361.00,356.30,360.70,2871042
1-Apr-15,359.10,362.10,357.20,358.80,3576751
31-Mar-15,364.60,365.90,357.70,358.60,5931570
30-Mar-15,363.70,368.20,360.90,364.40,2826944
27-Mar-15,362.90,368.80,358.90,360.10,6089029
26-Mar-15,366.60,368.20,359.30,361.60,8682118
25-Mar-15,371.10,375.00,367.50,370.00,5607166
24-Mar-15,365.50,373.10,365.10,372.10,6251980
23-Mar-15,374.00,374.81,366.30,367.30,3340101
20-Mar-15,376.40,376.80,372.80,375.60,4341008
19-Mar-15,370.00,375.60,368.20,375.10,5109346
18-Mar-15,368.30,372.20,364.40,368.70,5693271
17-Mar-15,374.00,375.50,367.10,368.80,4934351
16-Mar-15,368.30,375.13,368.20,374.20,4007396
13-Mar-15,362.50,369.50,362.50,368.70,5875864
12-Mar-15,358.80,362.60,355.60,362.00,6398629
11-Mar-15,351.60,359.70,351.55,357.80,5212961
10-Mar-15,358.20,361.70,352.00,352.00,4732485
9-Mar-15,359.10,361.20,356.90,358.80,3562146
6-Mar-15,361.90,363.50,358.90,361.40,3926742
5-Mar-15,356.80,367.20,355.63,363.90,4632878
4-Mar-15,354.90,359.10,350.70,355.40,4470049
3-Mar-15,364.30,367.30,355.16,355.20,3060812
2-Mar-15,364.00,368.00,361.60,363.30,3936630
27-Feb-15,367.50,371.10,361.60,365.20,5483800
26-Feb-15,365.10,368.80,363.40,368.20,3041139
25-Feb-15,368.90,369.30,359.78,365.70,6022149
24-Feb-15,389.00,389.00,371.40,375.18,6527842
23-Feb-15,384.60,388.40,381.12,386.00,3416654
20-Feb-15,380.20,384.60,379.40,383.00,4975291
19-Feb-15,376.80,381.60,376.80,380.20,3010779
18-Feb-15,379.20,382.80,376.90,378.20,3109637
17-Feb-15,372.50,376.90,369.54,375.50,2602648
16-Feb-15,376.40,379.50,375.10,375.50,2442378
13-Feb-15,377.30,380.50,376.70,379.00,3170972
12-Feb-15,373.40,380.30,373.40,376.90,3577113
11-Feb-15,365.70,374.70,365.00,374.60,3586324
10-Feb-15,370.20,376.50,368.50,376.50,3275031
9-Feb-15,377.50,377.50,369.80,371.10,3446238
6-Feb-15,380.90,381.90,378.50,379.70,3273077
5-Feb-15,373.30,382.90,372.30,382.60,5350525
4-Feb-15,375.20,375.50,369.20,375.10,3542165
3-Feb-15,371.80,377.90,370.10,375.60,3764952
2-Feb-15,370.40,372.50,367.20,371.50,2671702
30-Jan-15,371.00,373.30,367.40,368.60,3621111
29-Jan-15,366.90,370.02,362.10,369.50,5658336
28-Jan-15,370.90,373.90,365.30,369.10,4172285
27-Jan-15,378.60,379.40,366.40,369.00,4006381
26-Jan-15,373.60,379.90,373.04,377.90,2906029
23-Jan-15,379.80,384.60,373.30,375.30,5352299
22-Jan-15,375.20,379.01,371.30,378.60,4160833
21-Jan-15,367.20,373.50,365.90,373.40,4057146
20-Jan-15,366.30,368.50,364.70,367.50,3706682
19-Jan-15,356.90,366.50,356.48,365.50,2858822
16-Jan-15,352.60,356.20,351.60,355.90,5502865
15-Jan-15,350.20,355.60,343.30,355.60,7009183
14-Jan-15,353.00,354.30,342.90,348.00,5153092
13-Jan-15,346.70,358.30,345.90,356.80,3182078
12-Jan-15,338.40,350.54,338.30,348.50,3326098
9-Jan-15,339.90,345.10,335.80,337.80,3258928
8-Jan-15,338.20,341.90,337.20,341.50,4205282
7-Jan-15,334.30,337.50,331.30,334.60,3379069
6-Jan-15,333.40,338.20,328.50,332.30,4140131
5-Jan-15,342.50,347.20,333.10,334.00,4925944
31-Dec-14,346.00,348.70,342.70,344.00,892360
30-Dec-14,349.60,353.10,344.90,345.68,1994407
29-Dec-14,346.70,350.70,345.30,350.70,1840560
24-Dec-14,348.40,350.50,346.10,348.10,417544
23-Dec-14,344.20,349.10,343.00,348.80,2572404
22-Dec-14,345.50,348.20,343.90,346.00,1428517
19-Dec-14,343.20,345.30,339.10,343.50,4874801
18-Dec-14,333.00,341.67,333.00,341.10,4158124
17-Dec-14,328.10,331.60,326.30,329.30,2728117
16-Dec-14,323.60,332.00,321.00,332.00,5104994
15-Dec-14,323.50,332.70,323.00,323.10,5550772
12-Dec-14,333.60,333.60,324.50,324.70,3272589
11-Dec-14,334.80,336.91,332.84,335.70,3970297
10-Dec-14,341.70,344.00,334.70,335.00,5705423
9-Dec-14,350.10,352.30,341.50,341.50,5206554
8-Dec-14,355.90,357.80,349.40,353.90,2432083
5-Dec-14,349.20,357.80,348.60,356.70,2940734
4-Dec-14,347.70,350.40,341.60,345.50,3429086
3-Dec-14,344.10,347.40,342.70,346.40,3977813
2-Dec-14,345.00,347.80,343.40,345.40,2846375
1-Dec-14,344.00,345.70,341.20,343.50,2940272
28-Nov-14,341.20,345.70,340.10,345.30,5486899
27-Nov-14,337.80,342.27,336.40,341.50,2301120
26-Nov-14,340.90,341.90,335.50,336.90,2849168
25-Nov-14,335.80,340.30,334.10,340.30,5020837
24-Nov-14,334.30,337.30,332.49,335.10,3414691
21-Nov-14,327.80,334.37,327.20,333.80,3908477
20-Nov-14,326.30,326.80,323.00,326.80,2336752
19-Nov-14,326.90,327.40,324.30,326.50,3094955
18-Nov-14,323.00,326.30,321.39,326.10,3057287
17-Nov-14,320.00,321.60,317.10,321.30,2051649
14-Nov-14,319.40,322.40,317.10,321.50,3173640
13-Nov-14,319.20,321.10,316.46,318.30,4265228
12-Nov-14,322.10,323.30,318.10,318.70,3804104
11-Nov-14,324.00,325.10,320.00,323.00,2575478
10-Nov-14,321.50,324.57,318.50,324.40,2700899
7-Nov-14,324.70,326.48,320.30,320.80,3383397
6-Nov-14,318.00,326.00,318.00,323.50,5257557
5-Nov-14,316.90,320.60,316.60,319.60,3189152
4-Nov-14,315.60,320.11,314.20,315.20,3604503
3-Nov-14,317.30,320.00,315.00,316.10,2953444
31-Oct-14,319.70,320.80,315.70,318.00,5896393
30-Oct-14,316.80,319.90,310.50,314.20,6195187
29-Oct-14,310.90,315.90,309.80,313.23,4400670
28-Oct-14,306.60,310.57,306.30,309.30,3795066
27-Oct-14,309.40,310.90,299.69,304.40,4939421
24-Oct-14,310.00,313.20,307.10,307.60,3938872
23-Oct-14,309.80,313.20,305.20,310.50,5315892
22-Oct-14,315.00,316.80,309.00,312.10,6413372
21-Oct-14,305.00,313.00,302.10,313.00,10770164
20-Oct-14,304.80,307.00,297.00,302.00,8326719
17-Oct-14,299.90,309.30,298.90,305.80,9477986
16-Oct-14,292.40,300.60,281.10,299.60,11809986
15-Oct-14,293.60,297.24,285.90,287.60,9898766
14-Oct-14,286.60,293.60,285.50,292.40,7715504
13-Oct-14,285.20,293.80,283.60,290.00,7352942
10-Oct-14,286.20,289.50,282.50,286.50,5790886
9-Oct-14,298.50,299.15,289.10,289.30,6677676
8-Oct-14,295.00,296.04,288.00,294.70,9886121
7-Oct-14,311.90,312.34,305.40,305.40,5661606
6-Oct-14,313.80,318.80,311.80,313.10,4863353
3-Oct-14,309.00,313.24,308.56,313.20,4171997
2-Oct-14,311.00,313.80,305.30,305.30,6989595
1-Oct-14,319.70,321.30,311.50,311.50,5747763
30-Sep-14,324.70,325.00,318.50,319.20,5602342
29-Sep-14,327.40,329.10,323.40,326.10,2688946
26-Sep-14,328.90,329.90,325.17,328.00,3355113
25-Sep-14,331.40,335.90,326.20,328.60,5197011
24-Sep-14,330.00,332.29,325.55,331.60,4098652
23-Sep-14,341.70,341.70,330.20,330.30,4349146
22-Sep-14,344.70,347.20,341.70,342.10,2702733
19-Sep-14,350.50,352.90,346.50,346.50,7918028
18-Sep-14,341.60,346.90,340.70,346.90,5544508
17-Sep-14,345.30,346.20,338.40,340.20,5794834
16-Sep-14,339.60,345.50,336.10,342.80,5637396
15-Sep-14,347.10,347.91,339.30,340.50,4564168
12-Sep-14,354.00,354.00,346.00,347.80,4367206
11-Sep-14,350.70,351.40,343.20,344.80,5086224
10-Sep-14,351.20,352.00,347.40,348.10,4804931
9-Sep-14,353.40,357.30,351.80,353.30,2179701
8-Sep-14,355.90,358.30,351.50,354.30,2287535
5-Sep-14,355.80,361.80,354.70,357.40,3299808
4-Sep-14,356.10,358.90,352.90,356.20,3404423
3-Sep-14,354.30,360.20,354.30,356.40,3669976
2-Sep-14,355.30,357.20,352.60,353.10,3663372
1-Sep-14,350.50,356.10,349.60,354.00,4216693
29-Aug-14,352.70,354.70,347.00,350.90,3720266
28-Aug-14,356.20,356.46,350.30,352.00,2573763
27-Aug-14,359.10,359.40,355.40,356.80,2875963
26-Aug-14,354.80,360.50,353.10,359.60,2938203
22-Aug-14,354.10,356.90,351.60,353.20,3897734
21-Aug-14,351.70,354.80,349.70,354.60,2212224
20-Aug-14,350.60,351.40,348.10,350.80,3167238
19-Aug-14,345.00,352.01,344.90,351.00,3761807
18-Aug-14,342.20,344.40,338.30,343.60,3242793
15-Aug-14,341.60,346.10,338.40,338.60,4433157
14-Aug-14,336.40,341.80,335.00,340.00,4699544
13-Aug-14,340.70,341.40,336.60,337.80,3914427
12-Aug-14,343.60,345.70,339.80,341.70,2680998
11-Aug-14,346.80,348.80,343.16,344.80,5718963
8-Aug-14,337.90,345.90,334.40,342.40,4199540
7-Aug-14,345.50,350.40,341.90,342.30,3645727
6-Aug-14,347.10,348.40,340.20,345.90,4072487
5-Aug-14,348.10,350.80,345.80,349.60,6977247
4-Aug-14,345.40,347.94,341.30,344.80,4334075
1-Aug-14,341.60,344.60,332.10,343.90,8900875
31-Jul-14,351.10,351.70,340.00,342.40,5633219
30-Jul-14,365.10,366.74,351.00,351.30,5755467
29-Jul-14,350.00,377.30,350.00,366.00,8694408
28-Jul-14,345.30,348.60,341.20,343.10,2886754
25-Jul-14,349.40,351.29,343.30,344.20,2296322
24-Jul-14,352.20,353.59,349.00,351.20,2391596
23-Jul-14,346.90,355.80,346.26,351.80,3372139
22-Jul-14,348.20,350.20,345.80,347.40,4124074
21-Jul-14,349.30,349.30,342.90,345.50,1949596
18-Jul-14,352.50,352.50,344.60,348.60,4883475
17-Jul-14,357.90,358.22,352.84,354.30,2945985
16-Jul-14,354.80,360.60,354.10,359.70,3344933
15-Jul-14,356.20,358.50,353.70,353.90,3719356
14-Jul-14,353.50,358.10,353.10,356.70,2559080
11-Jul-14,351.90,354.40,350.30,351.70,4009663
10-Jul-14,353.30,354.90,344.20,350.30,6978323
9-Jul-14,353.00,356.20,349.00,352.80,3638165
8-Jul-14,366.40,367.20,351.50,352.40,4334862
7-Jul-14,368.20,372.50,364.70,365.60,2489818
4-Jul-14,372.40,374.70,368.60,368.80,1757340
3-Jul-14,369.30,374.00,368.20,372.70,3461543
2-Jul-14,368.30,372.50,367.70,369.80,3786196
1-Jul-14,364.80,369.41,362.10,368.60,3276240
30-Jun-14,367.40,369.20,361.30,363.10,3502208
27-Jun-14,369.70,370.00,365.93,367.00,2816932
26-Jun-14,363.30,370.60,363.00,369.40,4558312
25-Jun-14,360.30,363.10,357.20,361.40,3096037
24-Jun-14,368.80,369.10,360.40,361.50,3276678
23-Jun-14,372.80,372.80,366.00,367.30,1989287
20-Jun-14,366.70,373.40,366.70,372.20,5551108
19-Jun-14,373.60,374.65,367.60,367.60,2492891
18-Jun-14,369.70,374.30,368.50,369.50,3288106
17-Jun-14,372.30,375.40,367.00,369.80,2593480
16-Jun-14,374.00,378.90,369.10,369.70,3152941
13-Jun-14,382.50,382.60,370.20,375.00,3348592
12-Jun-14,385.70,385.70,381.10,383.90,2728354
11-Jun-14,388.10,388.50,383.60,384.90,2583309
10-Jun-14,391.00,391.30,387.00,389.20,3219783
9-Jun-14,395.00,397.60,390.60,392.00,1724732
6-Jun-14,389.00,395.60,387.30,395.00,2138280
5-Jun-14,388.50,392.70,383.60,388.02,4672620
4-Jun-14,387.00,389.70,383.50,388.34,2431606
3-Jun-14,392.30,392.30,384.70,386.20,3104969
2-Jun-14,395.00,396.30,390.70,392.22,2121266
30-May-14,391.00,395.56,390.90,392.62,2880684
29-May-14,393.10,396.00,390.80,391.60,1739336
28-May-14,393.80,395.60,392.90,394.02,2325652
27-May-14,389.90,397.50,389.80,393.42,2264252
23-May-14,385.20,388.50,383.10,388.30,1632691
22-May-14,383.50,385.90,381.80,384.00,2383853
21-May-14,375.20,383.20,373.10,383.00,2554950
20-May-14,371.80,377.20,369.90,375.52,2701833
19-May-14,366.30,371.40,361.00,370.80,3097092
16-May-14,372.00,374.30,357.50,365.22,6125006
15-May-14,385.50,388.90,371.20,372.30,4250995
14-May-14,385.80,386.40,382.20,384.80,2541618
13-May-14,379.00,385.30,377.30,384.60,3860626
12-May-14,377.60,380.40,376.40,377.12,1826718
9-May-14,377.50,378.59,374.30,377.20,4704968
8-May-14,375.00,378.10,372.30,378.00,4047380
7-May-14,374.60,378.90,373.18,373.92,4327851
6-May-14,383.80,384.80,372.90,376.82,4470103
2-May-14,387.10,387.10,381.70,382.90,2947658
1-May-14,384.00,468.00,380.13,387.00,1055103
30-Apr-14,380.00,384.30,378.80,384.00,3494510
29-Apr-14,379.30,383.70,378.80,382.00,2878111
28-Apr-14,381.70,383.68,377.40,378.30,2401200
25-Apr-14,386.50,388.44,378.60,381.62,3184626
24-Apr-14,391.90,392.00,383.40,388.06,3336623
23-Apr-14,396.10,396.96,386.70,388.76,2706723
22-Apr-14,392.50,399.50,390.70,396.80,3528960
17-Apr-14,385.20,392.50,385.00,391.00,3814349
16-Apr-14,379.00,388.00,377.60,386.20,4316820
15-Apr-14,381.10,387.10,373.80,374.00,6198203
14-Apr-14,375.40,376.70,364.40,374.00,4871651
11-Apr-14,381.00,381.90,374.63,377.64,4068039
10-Apr-14,390.50,392.70,383.80,384.20,2684905
9-Apr-14,377.00,389.10,376.46,388.52,3741024
8-Apr-14,389.50,391.20,375.80,378.40,5471542
7-Apr-14,402.70,403.40,389.70,389.70,5003845
4-Apr-14,400.50,408.60,398.50,406.10,3329617
3-Apr-14,402.80,404.10,399.30,399.70,3253569
2-Apr-14,401.00,406.80,400.40,402.00,3240897
1-Apr-14,392.20,402.20,390.30,399.80,3132981
31-Mar-14,395.20,397.80,390.00,390.30,3739738
28-Mar-14,390.30,395.50,390.20,394.20,2514006
27-Mar-14,388.70,389.90,386.50,388.70,3015225
26-Mar-14,384.90,389.50,383.40,389.30,3936797
25-Mar-14,380.00,384.80,378.20,383.00,3776495
24-Mar-14,383.10,384.30,379.30,379.30,4116081
21-Mar-14,385.20,387.55,383.53,384.00,3513690
20-Mar-14,383.60,385.80,380.00,384.20,3362558
19-Mar-14,386.90,390.06,383.10,386.80,3116239
18-Mar-14,381.20,388.50,380.40,386.00,4173530
17-Mar-14,373.30,382.10,372.60,381.80,3585130
14-Mar-14,368.30,374.40,364.40,373.40,5217730
13-Mar-14,381.10,381.20,370.20,371.50,5741947
12-Mar-14,382.40,384.40,375.80,379.80,5327165
11-Mar-14,385.30,387.60,383.10,384.60,4979866
10-Mar-14,389.70,393.40,383.50,384.00,5365138
7-Mar-14,398.60,398.90,389.60,389.80,3575694
6-Mar-14,403.80,404.70,397.40,397.80,4323790
5-Mar-14,402.80,407.10,401.10,401.10,4450419
4-Mar-14,396.90,403.30,394.60,402.80,4362546
3-Mar-14,396.00,398.10,390.90,393.00,6774020
28-Feb-14,407.70,409.70,404.30,405.70,5193058
27-Feb-14,412.70,412.70,402.00,408.20,4478496
26-Feb-14,411.30,416.00,409.60,412.30,7809760
25-Feb-14,408.00,413.80,391.20,410.70,11485995
24-Feb-14,411.30,417.80,410.30,414.90,4998365
21-Feb-14,410.50,413.60,408.30,413.00,5536152
20-Feb-14,410.00,410.00,404.60,408.30,5188108
19-Feb-14,412.50,415.40,409.40,413.70,3167698
18-Feb-14,415.00,415.00,409.00,412.90,4255758
17-Feb-14,413.00,416.10,411.90,413.90,3161812
14-Feb-14,411.70,413.50,409.50,412.00,3826686
13-Feb-14,408.20,411.50,404.10,411.10,6223243
12-Feb-14,409.00,411.80,406.60,411.10,4948127
11-Feb-14,399.00,408.70,397.00,407.90,6108578
10-Feb-14,404.80,406.10,401.40,405.40,3376001
7-Feb-14,401.20,405.30,400.50,403.40,3543053
6-Feb-14,392.50,399.80,389.50,398.90,6456353
5-Feb-14,389.80,393.80,387.40,388.10,4357986
4-Feb-14,390.00,391.30,384.20,388.80,4097688
3-Feb-14,393.10,398.60,391.70,393.10,5314579
31-Jan-14,397.30,397.30,385.50,394.30,3603500
30-Jan-14,393.50,398.50,385.30,397.80,2823758
29-Jan-14,396.20,400.10,383.30,392.50,4302883
28-Jan-14,385.50,395.00,385.50,392.70,3460920
27-Jan-14,387.50,388.40,381.80,383.60,4331910
24-Jan-14,396.60,400.30,385.20,387.60,5445618
23-Jan-14,398.50,403.30,393.60,395.80,2918176
22-Jan-14,400.00,403.30,398.60,399.00,2779481
21-Jan-14,406.10,408.00,398.00,400.00,4055029
20-Jan-14,407.30,407.50,403.70,405.60,2156934
17-Jan-14,403.80,409.70,403.40,407.20,5074130
16-Jan-14,405.40,406.00,397.10,403.00,5169120
15-Jan-14,394.10,403.60,392.50,403.60,6292535
14-Jan-14,386.00,391.20,384.80,391.20,3499230
13-Jan-14,385.20,394.30,384.90,389.70,3137816
10-Jan-14,380.00,386.60,380.00,384.50,3654254
9-Jan-14,380.00,382.80,375.30,377.60,3081329
8-Jan-14,380.30,382.70,378.20,378.70,3764374
7-Jan-14,380.30,382.50,377.90,380.50,3169106
6-Jan-14,373.70,379.40,372.10,379.00,3160523
3-Jan-14,372.50,376.40,370.50,374.20,1835505
2-Jan-14,374.90,375.30,371.00,373.10,2862893
31-Dec-13,371.40,373.40,370.70,373.30,817733
30-Dec-13,373.20,376.00,369.80,369.80,1939244
27-Dec-13,375.10,375.60,371.70,374.50,1020750
24-Dec-13,371.70,373.30,371.70,372.90,347997
23-Dec-13,366.30,371.90,365.40,370.90,1005889
20-Dec-13,367.40,372.00,364.10,368.00,4598047
19-Dec-13,367.00,369.60,363.10,366.00,2588096
18-Dec-13,363.10,365.00,359.90,362.30,2258198
17-Dec-13,360.40,363.00,359.30,361.60,2233185
16-Dec-13,354.00,362.40,352.40,360.00,2667578
13-Dec-13,355.10,358.90,353.30,355.30,2507163
12-Dec-13,357.40,358.70,353.30,356.90,3190280
11-Dec-13,358.90,362.80,358.40,359.10,2338025
10-Dec-13,363.20,365.60,358.70,358.80,2309658
9-Dec-13,365.90,367.00,362.80,364.00,2320589
6-Dec-13,362.70,366.60,361.40,364.40,2779855
5-Dec-13,362.60,366.50,361.90,363.00,2960624
4-Dec-13,367.40,368.60,360.20,364.40,3730067
3-Dec-13,375.20,376.20,367.00,367.00,2861797
2-Dec-13,379.80,381.30,375.50,375.50,1968090
29-Nov-13,379.20,380.40,376.80,379.10,2454983
28-Nov-13,384.70,388.90,379.40,379.50,2082512
27-Nov-13,376.80,384.00,375.30,383.60,2626826
26-Nov-13,376.10,378.50,375.70,375.80,2336027
25-Nov-13,375.40,378.20,374.60,376.30,2169441
22-Nov-13,367.80,374.30,366.50,372.70,2273216
21-Nov-13,365.50,368.50,362.90,367.30,2067012
20-Nov-13,370.00,371.00,366.70,368.10,2408779
19-Nov-13,370.90,375.60,368.90,371.00,3536974
18-Nov-13,366.50,373.60,366.40,372.80,2498883
15-Nov-13,368.10,370.40,366.20,367.70,2154033
14-Nov-13,366.80,369.40,363.40,367.30,3085490
13-Nov-13,364.00,365.60,356.80,362.60,2940548
12-Nov-13,366.20,366.30,363.40,365.00,3431865
11-Nov-13,370.50,371.20,365.30,365.30,2747067
8-Nov-13,371.60,372.20,367.10,368.70,3004379
7-Nov-13,371.30,378.50,369.70,374.50,4264686
6-Nov-13,366.80,373.10,366.10,371.70,2899668
5-Nov-13,367.40,367.80,362.00,364.70,2605659
4-Nov-13,371.70,371.80,366.10,366.90,1952347
1-Nov-13,368.40,371.20,366.20,369.80,2267508
31-Oct-13,365.40,369.20,363.30,367.90,3468564
30-Oct-13,363.00,372.30,363.00,365.20,3200135
29-Oct-13,363.90,365.80,361.20,363.40,3172352
28-Oct-13,373.30,374.10,362.90,364.10,3415911
25-Oct-13,374.80,376.70,371.00,372.20,2876752
24-Oct-13,371.70,377.40,369.30,376.20,3173243
23-Oct-13,368.40,371.50,-,370.40,3197371
22-Oct-13,367.80,372.10,363.00,368.80,6989969
21-Oct-13,371.60,371.70,360.20,362.50,4108410
18-Oct-13,367.00,370.70,364.80,370.70,3166056
17-Oct-13,365.30,370.00,362.60,364.20,3230684
16-Oct-13,365.80,370.70,362.10,367.70,3776319
15-Oct-13,363.50,370.50,362.80,367.90,2795441
14-Oct-13,359.40,360.70,356.80,360.60,4261670
11-Oct-13,359.50,363.60,358.90,362.30,3658159
10-Oct-13,345.10,358.70,345.10,358.20,4898521
9-Oct-13,342.80,345.00,341.30,343.20,3703369
8-Oct-13,349.10,350.00,343.70,343.70,3243117
7-Oct-13,350.90,351.00,347.10,350.10,2250522
4-Oct-13,343.30,354.30,340.70,352.90,4568697
3-Oct-13,343.50,346.60,341.80,344.50,1960337
2-Oct-13,347.70,349.30,341.00,343.90,3484362
1-Oct-13,343.00,349.50,340.90,349.50,3358027
30-Sep-13,347.50,347.50,341.40,342.00,3194556
27-Sep-13,350.90,354.00,348.50,352.10,2540030
26-Sep-13,350.80,352.90,346.90,349.20,2111537
25-Sep-13,347.50,350.30,346.40,349.00,4136682
24-Sep-13,351.40,353.80,347.20,347.60,6075162
20-Sep-13,360.90,364.90,356.60,360.70,4866103
19-Sep-13,351.00,355.70,350.20,355.70,4016998
18-Sep-13,355.70,356.00,345.70,348.90,3576765
17-Sep-13,359.60,359.60,354.30,354.30,4080376
16-Sep-13,358.70,359.20,353.20,358.60,3004512
13-Sep-13,353.60,354.20,351.00,353.40,1837526
12-Sep-13,352.40,353.80,350.40,353.20,3216361
11-Sep-13,352.10,352.80,349.40,352.50,3623233
10-Sep-13,351.10,356.80,350.30,352.30,3461058
9-Sep-13,347.60,349.80,346.30,347.70,2483096
6-Sep-13,345.60,348.10,341.40,347.40,3066579
5-Sep-13,338.90,346.60,337.90,346.60,3121126
4-Sep-13,333.80,337.80,328.50,337.50,3590497
3-Sep-13,336.30,338.20,329.20,334.90,3335396
2-Sep-13,333.30,337.10,332.90,336.20,1953868
30-Aug-13,335.80,337.60,328.00,328.00,6018626
29-Aug-13,324.80,338.00,324.60,335.80,6737709
28-Aug-13,329.70,330.60,322.40,324.10,5465464
27-Aug-13,344.30,346.00,331.30,331.40,4175788
23-Aug-13,344.30,349.20,340.50,346.10,3090279
22-Aug-13,336.80,347.10,335.70,345.30,4339429
21-Aug-13,336.40,338.80,334.10,336.80,3271835
20-Aug-13,336.70,336.70,330.30,336.30,2570575
19-Aug-13,341.60,342.90,337.60,339.70,1955063
16-Aug-13,343.00,343.00,336.60,342.30,2602191
15-Aug-13,348.60,348.60,338.10,339.60,2491315
14-Aug-13,350.50,353.60,347.00,348.50,2295644
13-Aug-13,347.80,354.70,347.50,353.20,3128971
12-Aug-13,351.30,352.00,343.50,346.10,2027115
9-Aug-13,354.20,355.90,348.20,350.00,2327645
8-Aug-13,346.80,354.00,346.10,350.70,2874342
7-Aug-13,348.20,350.30,345.00,346.40,4089090
6-Aug-13,354.40,356.50,347.20,349.50,2497105
5-Aug-13,352.70,356.20,350.70,354.00,2060475
2-Aug-13,354.30,355.40,346.80,351.50,3144411
1-Aug-13,350.90,358.00,350.90,352.60,3845302
31-Jul-13,350.70,359.60,348.20,350.10,5243019
30-Jul-13,334.50,354.40,334.50,348.50,5953309
29-Jul-13,325.90,331.40,324.60,327.10,3221436
26-Jul-13,329.80,332.10,323.30,324.10,3800755
25-Jul-13,338.20,338.20,321.00,326.80,6043885
24-Jul-13,340.40,343.30,338.40,341.10,2404078
23-Jul-13,342.20,343.60,336.80,339.80,3415353
22-Jul-13,343.00,343.10,337.10,339.30,2060774
19-Jul-13,337.50,342.60,335.90,341.90,4171904
18-Jul-13,332.20,339.50,332.20,339.20,3143580
17-Jul-13,334.80,336.90,331.60,333.90,3521210
16-Jul-13,337.30,338.40,333.90,333.90,3808058
15-Jul-13,335.90,340.40,333.30,335.60,3413997
12-Jul-13,327.00,335.70,326.90,334.90,3081473
11-Jul-13,333.10,334.20,324.70,326.70,3140120
10-Jul-13,330.90,332.70,323.50,329.00,4724897
9-Jul-13,325.00,333.40,323.70,332.40,4059987
8-Jul-13,323.00,326.60,320.00,322.60,2086139
5-Jul-13,323.30,328.20,317.40,319.30,4899320
4-Jul-13,311.50,323.09,310.10,322.10,4185279
3-Jul-13,299.20,309.90,297.60,307.80,4187574
2-Jul-13,305.10,306.10,301.73,302.00,4366236
1-Jul-13,303.20,305.60,295.90,305.20,3839628
28-Jun-13,303.20,307.00,300.50,301.30,3789107
27-Jun-13,294.70,304.10,294.70,302.70,2451202
26-Jun-13,292.20,296.40,291.30,294.50,3072443
25-Jun-13,285.00,293.80,282.20,292.40,3332648
24-Jun-13,289.89,293.70,282.10,282.10,3830751
21-Jun-13,296.90,303.00,290.00,290.00,5994653
20-Jun-13,301.60,303.20,294.30,295.80,3861494
19-Jun-13,308.10,308.50,302.90,306.50,2970433
18-Jun-13,302.70,308.57,301.40,307.50,3860260
17-Jun-13,303.00,305.70,301.70,303.20,2148849
14-Jun-13,303.10,305.90,300.80,302.00,2281896
13-Jun-13,296.30,300.37,290.80,299.50,3048169
12-Jun-13,303.20,305.30,299.00,300.00,2348120
11-Jun-13,308.00,308.00,299.94,304.40,3404886
10-Jun-13,309.20,311.96,306.10,308.80,1975206
7-Jun-13,305.60,311.20,302.50,309.00,3765788
6-Jun-13,305.20,310.00,303.60,303.60,3003260
5-Jun-13,311.10,313.60,303.80,305.50,4886659
4-Jun-13,301.00,316.74,301.00,313.40,6861596
3-Jun-13,297.30,302.40,294.70,298.30,2841144
31-May-13,302.80,302.80,296.77,298.90,4092239
30-May-13,299.50,304.00,299.20,303.10,3424497
29-May-13,302.70,303.30,299.30,300.30,3043403
28-May-13,300.20,307.20,300.20,303.70,3726521
24-May-13,301.10,301.90,295.70,296.40,3870248
23-May-13,303.20,304.19,293.80,299.20,4791536
22-May-13,308.40,314.90,307.20,311.90,2998945
21-May-13,307.90,310.00,302.30,309.30,3884348
20-May-13,305.70,314.70,305.20,309.30,4640284
17-May-13,296.70,306.30,295.71,305.80,4537113
16-May-13,292.70,297.00,292.40,296.50,2011655
15-May-13,292.30,294.65,291.70,292.40,2410334
14-May-13,288.60,292.70,287.90,292.30,2497326
13-May-13,290.50,291.50,285.30,287.80,2217763
10-May-13,290.50,293.50,287.20,290.80,2670458
9-May-13,288.90,291.56,285.10,290.10,2100651
8-May-13,283.90,289.90,283.90,289.60,2470353
7-May-13,280.30,286.40,279.26,284.20,3483070
3-May-13,276.30,283.10,276.30,279.80,4811277
2-May-13,275.50,276.70,270.70,276.20,4216804
1-May-13,276.80,282.42,272.67,276.90,1523964
30-Apr-13,275.40,276.90,271.70,274.80,4126926
29-Apr-13,271.50,274.70,271.00,274.70,2520084
26-Apr-13,272.30,274.48,265.80,270.90,5458319
25-Apr-13,270.10,274.50,269.78,273.40,4957092
24-Apr-13,264.20,271.20,262.80,270.40,6428026
23-Apr-13,253.30,264.00,252.00,263.80,6039281
22-Apr-13,256.90,260.10,252.80,254.50,3585553
19-Apr-13,253.00,258.88,247.31,256.20,5690155
18-Apr-13,246.70,255.20,245.00,252.00,6443007
17-Apr-13,252.00,253.20,245.70,245.70,6046252
16-Apr-13,252.60,255.00,248.01,250.80,3713909
15-Apr-13,261.70,262.20,253.90,255.90,3081972
12-Apr-13,265.80,266.30,260.50,262.10,2396931
11-Apr-13,263.10,270.40,263.10,266.00,2521640
10-Apr-13,253.50,268.30,252.16,264.40,5344595
9-Apr-13,257.70,259.80,256.30,257.20,4010547
8-Apr-13,256.80,257.86,255.00,257.20,4284782
5-Apr-13,262.40,263.52,254.00,255.30,4573855
4-Apr-13,268.90,270.54,261.10,261.80,4816815
3-Apr-13,266.80,272.30,265.92,269.40,3581477
2-Apr-13,263.50,266.90,262.80,266.70,5475836
28-Mar-13,263.90,265.10,262.50,264.50,6828676
27-Mar-13,267.00,267.30,263.30,263.80,3141299
26-Mar-13,266.20,267.44,265.20,266.10,4211713
25-Mar-13,268.60,269.04,264.00,265.20,5020226
22-Mar-13,269.80,270.00,265.80,266.00,3606502
21-Mar-13,273.20,273.32,268.70,270.80,3957696
20-Mar-13,279.40,279.90,273.53,274.50,3997349
19-Mar-13,274.90,275.20,271.00,272.30,3223641
18-Mar-13,269.10,275.70,267.68,274.80,3642072
15-Mar-13,274.80,276.27,270.70,274.50,6809824
14-Mar-13,278.50,279.10,272.72,275.10,4026263
13-Mar-13,278.20,278.80,274.40,277.80,3525959
12-Mar-13,278.90,280.90,276.70,278.50,4662794
11-Mar-13,282.70,284.10,274.79,279.00,5231189
8-Mar-13,283.30,285.30,282.10,282.90,3270624
7-Mar-13,285.00,287.70,281.00,281.70,4575236
6-Mar-13,286.00,291.30,284.80,285.00,5300938
5-Mar-13,277.40,286.90,277.40,285.00,6051673
4-Mar-13,279.90,279.90,267.50,275.90,6308007
1-Mar-13,272.90,274.02,264.37,269.40,4401195
28-Feb-13,265.90,276.20,264.30,273.00,6813960
27-Feb-13,260.00,265.10,259.40,264.20,6627168
26-Feb-13,238.61,265.20,236.63,261.30,11531691
25-Feb-13,252.70,254.90,249.84,252.30,5442736
22-Feb-13,257.00,258.90,251.10,252.10,4422387
21-Feb-13,261.30,261.30,254.10,255.40,4452684
20-Feb-13,262.00,267.00,261.50,263.20,4589695
19-Feb-13,256.70,264.46,256.00,261.90,4029897
18-Feb-13,256.60,257.50,256.60,257.30,2052541
15-Feb-13,256.50,258.40,255.66,257.30,3310148
14-Feb-13,260.30,261.60,256.50,256.70,3093594
13-Feb-13,254.40,261.70,254.00,260.40,3386955
12-Feb-13,256.90,257.10,252.20,254.80,3329273
11-Feb-13,255.10,257.93,252.20,257.90,4149469
8-Feb-13,247.60,255.50,246.80,255.50,5539511
7-Feb-13,248.80,249.83,243.70,245.90,3874962
6-Feb-13,247.30,249.70,245.70,248.80,3968681
5-Feb-13,247.00,250.00,245.60,246.60,3453552
4-Feb-13,249.20,250.20,246.20,247.30,4962788
1-Feb-13,241.20,249.74,240.90,249.30,4032017
31-Jan-13,243.30,245.90,239.58,240.80,4531682
30-Jan-13,244.90,247.50,242.70,243.50,3260300
29-Jan-13,241.90,245.30,241.08,244.90,2947258
28-Jan-13,246.40,248.64,241.20,241.50,4613374
25-Jan-13,244.90,247.70,244.60,246.60,2389704
24-Jan-13,246.10,246.70,243.60,245.70,2990611
23-Jan-13,244.30,246.40,242.10,246.00,2814627
22-Jan-13,247.20,248.30,243.70,244.50,2797227
21-Jan-13,245.00,248.40,243.20,248.10,3038831
18-Jan-13,242.50,244.80,241.60,243.30,3520184
17-Jan-13,239.00,242.00,238.55,241.80,3445005
16-Jan-13,243.00,244.50,239.40,239.90,4009073
15-Jan-13,241.00,245.39,240.65,244.20,4348025
14-Jan-13,239.50,243.80,238.50,241.10,4136306
11-Jan-13,240.00,241.00,235.25,239.30,3789373
10-Jan-13,235.90,240.20,235.15,240.00,4771409
9-Jan-13,234.90,236.10,231.00,235.30,5788034
8-Jan-13,233.90,236.29,231.00,231.30,3602841
7-Jan-13,236.00,236.89,233.90,234.70,2362530
4-Jan-13,236.00,236.30,233.10,235.90,4112503
3-Jan-13,235.50,237.11,234.60,236.40,2704883
2-Jan-13,233.30,236.80,232.90,235.20,3333598
