31-Dec-15,334.50,338.00,334.50,335.40,53050
30-Dec-15,336.10,338.19,331.72,336.50,272062
29-Dec-15,328.20,339.70,328.20,338.80,338779
24-Dec-15,327.90,338.60,326.27,335.60,47936
23-Dec-15,330.70,333.50,326.20,332.60,231013
22-Dec-15,336.40,336.40,323.30,325.80,469590
21-Dec-15,318.70,335.00,318.50,334.20,711070
18-Dec-15,326.40,326.40,317.80,322.00,796783
16-Dec-15,336.30,338.53,333.70,337.70,336746
15-Dec-15,344.60,346.82,329.70,336.30,650197
14-Dec-15,339.90,350.21,337.70,343.20,779667
11-Dec-15,345.10,346.90,336.80,336.80,593244
10-Dec-15,345.40,347.38,343.15,347.30,395672
9-Dec-15,357.30,357.30,345.40,345.40,445866
8-Dec-15,364.00,366.14,351.90,353.00,634784
7-Dec-15,376.30,376.30,364.80,366.00,390534
4-Dec-15,374.10,376.40,373.40,373.40,380347
3-Dec-15,373.90,378.80,372.00,377.70,494435
2-Dec-15,374.70,375.10,368.80,372.10,394809
1-Dec-15,372.70,375.00,371.00,371.60,686387
30-Nov-15,372.40,372.83,369.50,372.80,554618
27-Nov-15,358.60,372.10,355.40,371.65,449420
26-Nov-15,360.60,360.60,355.00,359.70,418844
25-Nov-15,364.00,365.33,360.00,360.40,586878
24-Nov-15,377.70,379.20,362.30,363.90,541949
23-Nov-15,381.50,383.60,377.15,378.90,349200
20-Nov-15,384.30,387.80,380.10,381.70,391111
19-Nov-15,387.60,387.60,381.90,384.58,402961
18-Nov-15,393.00,393.94,383.70,386.77,412057
17-Nov-15,388.40,394.60,385.10,390.54,507255
16-Nov-15,398.00,398.00,382.10,385.30,887825
13-Nov-15,403.30,403.30,385.47,390.00,919656
12-Nov-15,395.00,399.25,382.00,395.00,2089129
11-Nov-15,437.00,437.00,427.00,430.00,620412
10-Nov-15,436.80,436.80,423.70,428.70,357025
9-Nov-15,432.60,432.70,425.60,430.90,485032
6-Nov-15,434.60,434.60,427.90,431.10,466150
5-Nov-15,433.70,435.10,430.70,433.00,422419
4-Nov-15,438.00,438.00,430.00,433.50,466195
3-Nov-15,434.50,434.70,430.00,431.90,474663
2-Nov-15,432.40,435.20,431.82,433.40,346057
30-Oct-15,438.70,438.80,434.90,434.90,313869
29-Oct-15,441.80,443.02,434.80,436.50,323575
28-Oct-15,430.50,442.10,429.00,439.50,660224
27-Oct-15,429.10,436.70,427.50,430.64,335754
26-Oct-15,436.60,441.00,435.10,439.10,403025
23-Oct-15,436.40,437.90,430.50,436.00,373355
22-Oct-15,437.40,438.60,432.70,435.60,408650
21-Oct-15,434.00,438.50,429.98,437.00,475733
20-Oct-15,433.00,433.30,426.20,432.50,434404
19-Oct-15,430.50,434.40,429.40,431.50,455796
16-Oct-15,438.40,439.40,430.40,430.40,437554
15-Oct-15,439.10,441.13,425.79,435.80,330275
14-Oct-15,441.60,444.60,437.34,439.00,184605
13-Oct-15,442.00,443.00,439.00,441.20,325639
12-Oct-15,445.80,448.00,441.90,442.10,314072
9-Oct-15,447.10,448.42,442.80,445.70,266213
8-Oct-15,451.80,451.80,443.70,446.25,357423
7-Oct-15,462.40,462.40,448.90,448.90,382649
6-Oct-15,460.00,461.64,456.60,458.90,315948
5-Oct-15,455.30,459.90,454.70,458.50,538493
2-Oct-15,461.00,461.00,447.70,449.40,405272
1-Oct-15,465.90,466.40,456.10,458.70,333447
30-Sep-15,459.90,465.10,459.90,461.80,399725
29-Sep-15,453.90,457.50,450.82,455.70,401454
28-Sep-15,453.50,459.50,451.80,456.40,326574
25-Sep-15,450.10,455.80,447.40,453.40,233743
24-Sep-15,449.70,456.70,442.40,443.00,315136
23-Sep-15,449.30,453.50,448.20,453.00,243056
22-Sep-15,450.70,458.00,444.30,450.00,409520
21-Sep-15,450.70,457.40,450.00,452.00,265244
18-Sep-15,461.80,462.00,451.70,456.10,440250
17-Sep-15,460.60,465.50,455.20,461.80,356745
16-Sep-15,451.40,459.70,444.00,457.90,554167
15-Sep-15,451.50,454.80,450.80,452.50,365122
14-Sep-15,450.70,454.30,450.00,452.30,386252
11-Sep-15,451.70,452.00,448.30,451.50,228250
10-Sep-15,455.10,457.30,450.00,454.20,263364
9-Sep-15,464.80,466.95,456.00,458.60,392454
8-Sep-15,458.10,461.80,453.90,460.00,266049
7-Sep-15,463.90,472.32,453.40,458.10,388310
4-Sep-15,460.00,466.10,459.10,460.30,459855
3-Sep-15,465.00,473.65,461.40,466.50,904887
2-Sep-15,465.00,474.00,455.70,466.20,1982953
1-Sep-15,526.50,529.50,503.50,510.00,327338
28-Aug-15,517.00,521.00,513.00,521.00,255754
27-Aug-15,514.00,521.00,512.50,520.50,241329
26-Aug-15,523.50,525.00,505.00,507.50,225517
25-Aug-15,501.50,519.00,498.20,510.00,349721
24-Aug-15,507.50,507.75,488.40,507.75,432557
21-Aug-15,506.00,518.50,504.90,510.50,236548
20-Aug-15,516.00,521.50,513.00,514.50,169031
19-Aug-15,529.50,529.50,519.00,521.50,246342
18-Aug-15,529.50,531.00,526.00,530.50,146923
17-Aug-15,534.50,535.80,525.50,530.50,124722
14-Aug-15,530.00,536.50,530.00,533.50,61227
13-Aug-15,533.50,537.00,527.50,531.00,200472
12-Aug-15,531.50,534.56,526.00,529.50,232807
11-Aug-15,537.50,543.50,534.50,537.50,188253
10-Aug-15,541.50,543.00,530.50,543.00,224731
7-Aug-15,545.00,545.73,535.00,535.50,366890
6-Aug-15,547.00,552.00,544.00,549.00,332542
5-Aug-15,559.00,563.51,551.50,560.00,363169
4-Aug-15,551.00,562.50,546.50,561.00,458621
3-Aug-15,538.50,550.50,537.00,550.00,336522
31-Jul-15,529.00,544.00,529.00,544.00,321153
30-Jul-15,529.00,534.00,526.50,532.50,262667
29-Jul-15,532.00,537.00,525.50,531.50,286519
28-Jul-15,532.50,537.50,528.50,532.50,321618
27-Jul-15,532.00,536.00,523.18,534.50,326016
24-Jul-15,535.50,540.61,529.50,531.50,237130
23-Jul-15,545.50,547.50,538.00,539.50,240942
22-Jul-15,534.00,548.92,534.00,544.50,740528
21-Jul-15,533.00,539.50,531.00,537.50,390217
20-Jul-15,532.50,538.50,530.50,532.50,364032
17-Jul-15,544.00,545.00,532.50,535.00,496596
16-Jul-15,541.50,550.00,541.50,548.50,471784
15-Jul-15,545.00,547.50,534.00,541.00,604764
14-Jul-15,552.00,553.00,543.50,550.00,435532
13-Jul-15,552.00,559.00,548.00,550.50,267347
10-Jul-15,542.50,548.00,535.50,548.00,400043
9-Jul-15,529.50,535.50,528.82,535.50,431823
8-Jul-15,538.50,538.50,526.00,528.00,506889
7-Jul-15,536.00,542.00,534.00,535.50,552191
6-Jul-15,535.00,535.00,528.50,533.50,306308
3-Jul-15,539.00,542.00,535.00,536.50,250089
2-Jul-15,536.00,540.00,529.50,537.50,586492
1-Jul-15,527.50,537.50,527.50,536.00,401304
30-Jun-15,527.00,532.50,525.00,528.00,646675
29-Jun-15,527.00,534.64,522.50,529.00,471007
26-Jun-15,537.00,537.00,530.50,534.00,311913
25-Jun-15,535.00,541.55,533.00,536.50,424725
24-Jun-15,544.50,544.50,531.50,533.00,481507
23-Jun-15,536.50,543.50,530.00,542.50,482810
22-Jun-15,526.50,535.00,520.50,533.00,648915
19-Jun-15,511.00,524.00,511.00,522.50,698987
18-Jun-15,511.00,515.00,508.00,514.50,361268
17-Jun-15,514.00,515.10,506.00,512.50,302133
16-Jun-15,507.50,515.00,503.50,513.50,353544
15-Jun-15,511.00,515.50,507.50,510.00,350498
12-Jun-15,516.00,517.50,509.00,511.50,378352
11-Jun-15,509.00,516.50,507.50,515.00,587948
10-Jun-15,502.00,509.00,494.40,506.75,643824
9-Jun-15,503.00,504.50,495.20,500.50,426422
8-Jun-15,497.80,504.50,489.30,499.80,908374
5-Jun-15,495.00,497.10,484.70,489.00,1195688
4-Jun-15,489.30,490.06,483.30,484.50,297627
3-Jun-15,490.30,493.10,485.30,487.00,477642
2-Jun-15,491.50,491.70,482.70,486.00,297914
1-Jun-15,485.10,489.08,484.50,486.00,443197
29-May-15,486.60,488.52,481.60,481.60,405935
28-May-15,483.50,488.40,481.50,484.70,170700
27-May-15,485.40,490.10,475.40,486.00,182966
26-May-15,490.30,490.30,478.10,483.70,351434
22-May-15,482.50,492.70,467.94,488.50,386358
21-May-15,473.80,478.00,463.80,477.00,444483
20-May-15,476.20,476.43,469.10,474.20,272360
19-May-15,481.60,481.60,472.20,474.90,266353
18-May-15,476.60,481.80,474.00,474.30,285365
15-May-15,472.40,480.18,472.00,479.00,513996
14-May-15,460.60,471.40,457.80,469.60,236536
13-May-15,456.00,465.90,455.50,464.00,208430
12-May-15,457.10,460.30,446.40,454.50,411545
11-May-15,465.00,465.00,456.50,461.90,229316
8-May-15,461.00,478.80,459.40,461.50,525510
7-May-15,448.00,453.70,444.50,452.40,218630
6-May-15,458.10,463.33,449.90,452.10,236404
5-May-15,455.50,462.50,454.40,460.40,251134
1-May-15,452.40,458.70,450.60,455.40,137434
30-Apr-15,454.90,456.40,445.70,454.80,222673
29-Apr-15,453.90,463.20,451.50,452.50,214899
28-Apr-15,457.60,465.00,449.40,455.10,258340
27-Apr-15,456.10,464.00,455.30,460.50,237398
24-Apr-15,454.10,459.50,452.50,458.60,292308
23-Apr-15,452.30,452.30,446.20,451.90,246876
22-Apr-15,450.70,455.40,444.30,449.60,360604
21-Apr-15,451.20,454.50,444.20,448.80,285683
20-Apr-15,450.90,454.80,445.20,448.60,295198
17-Apr-15,452.20,456.16,446.70,449.90,266162
16-Apr-15,462.40,466.25,451.00,454.70,520468
15-Apr-15,462.00,466.60,460.90,462.70,165389
14-Apr-15,464.10,466.70,460.60,466.70,207505
13-Apr-15,467.80,470.26,458.50,463.00,295624
10-Apr-15,470.40,476.74,469.10,471.00,362826
9-Apr-15,462.50,475.00,457.30,474.10,350500
8-Apr-15,469.50,473.40,462.10,463.70,465137
7-Apr-15,460.10,470.40,460.06,470.00,327014
2-Apr-15,454.40,460.00,450.36,457.10,209099
1-Apr-15,462.10,464.00,451.10,452.50,409794
31-Mar-15,458.20,464.00,457.40,460.80,283251
30-Mar-15,458.40,466.00,458.40,459.60,346487
27-Mar-15,460.20,464.20,457.50,459.60,568834
26-Mar-15,461.50,465.50,455.70,460.60,508931
25-Mar-15,458.30,466.90,458.30,465.00,507757
24-Mar-15,455.10,464.20,444.94,460.00,372177
23-Mar-15,445.80,454.98,445.80,452.20,217350
20-Mar-15,458.10,459.60,451.10,453.50,406463
19-Mar-15,464.50,464.50,453.00,456.90,305816
18-Mar-15,443.70,455.40,441.80,454.00,434875
17-Mar-15,448.50,448.50,437.60,441.30,262794
16-Mar-15,450.90,460.30,444.00,445.60,275145
13-Mar-15,446.80,455.10,446.18,451.70,337990
12-Mar-15,446.40,450.80,442.20,444.00,219751
11-Mar-15,452.20,452.40,441.00,448.80,256047
10-Mar-15,454.00,456.20,448.30,449.00,250393
9-Mar-15,457.30,463.50,452.50,452.50,226157
6-Mar-15,442.80,462.02,442.80,451.96,349469
5-Mar-15,438.70,458.70,437.60,456.16,448613
4-Mar-15,434.50,439.90,429.10,436.00,449140
3-Mar-15,438.30,444.28,434.96,437.00,325879
2-Mar-15,440.60,445.80,439.64,441.00,240902
27-Feb-15,444.70,449.20,443.40,445.00,232710
26-Feb-15,452.80,455.80,446.19,447.20,255371
25-Feb-15,454.40,457.60,452.80,456.00,200187
24-Feb-15,459.30,459.30,453.10,455.70,155744
23-Feb-15,465.70,468.20,453.68,456.50,282649
20-Feb-15,456.50,463.80,452.99,462.00,305232
19-Feb-15,453.00,458.40,443.70,457.00,472746
18-Feb-15,443.90,452.80,442.90,452.80,332500
17-Feb-15,450.50,450.50,438.80,442.30,379676
16-Feb-15,448.40,450.10,443.74,448.70,249023
13-Feb-15,446.10,448.60,439.90,446.60,536428
12-Feb-15,438.90,443.80,435.40,441.60,307931
11-Feb-15,456.20,456.20,434.00,436.30,287993
10-Feb-15,456.50,456.90,449.08,453.00,240453
9-Feb-15,455.40,455.40,450.60,452.00,213346
6-Feb-15,464.00,464.00,453.80,455.00,389688
5-Feb-15,452.80,462.90,450.80,460.00,220064
4-Feb-15,453.90,458.70,448.40,457.60,185983
3-Feb-15,449.10,453.90,447.00,450.40,212286
2-Feb-15,449.10,449.60,439.30,445.00,293396
30-Jan-15,442.00,447.30,439.16,444.00,486909
29-Jan-15,438.30,438.50,431.70,437.00,281998
28-Jan-15,446.00,446.00,438.30,439.40,292605
27-Jan-15,450.00,450.00,439.60,442.00,312717
26-Jan-15,455.70,455.70,445.70,446.90,315290
23-Jan-15,462.70,462.70,452.80,453.80,363341
22-Jan-15,446.60,469.10,434.25,457.20,657963
21-Jan-15,448.20,455.00,435.40,443.20,1105551
20-Jan-15,438.60,443.15,432.80,440.30,407406
19-Jan-15,433.50,437.70,429.50,434.00,431038
16-Jan-15,427.20,433.00,420.40,431.70,378332
15-Jan-15,433.50,433.50,417.10,426.60,319350
14-Jan-15,425.90,431.53,418.07,428.80,311318
13-Jan-15,430.90,431.75,424.10,427.30,358172
12-Jan-15,434.20,436.10,425.50,430.00,412175
9-Jan-15,428.20,434.60,424.60,431.10,1009651
8-Jan-15,450.00,454.17,422.50,423.30,1706164
7-Jan-15,459.40,465.30,454.10,462.50,184059
6-Jan-15,472.30,472.30,458.20,458.20,244232
5-Jan-15,463.80,470.16,460.20,464.30,187320
31-Dec-14,456.10,469.60,456.10,469.60,89986
30-Dec-14,463.00,470.20,461.40,463.70,122144
29-Dec-14,473.60,473.80,459.93,465.30,193661
24-Dec-14,457.50,472.50,457.50,468.20,85776
23-Dec-14,474.00,474.00,463.80,469.80,102535
22-Dec-14,467.00,470.40,463.30,469.60,150050
19-Dec-14,454.60,467.50,454.60,461.10,319263
18-Dec-14,454.60,472.40,453.60,464.10,158579
17-Dec-14,467.10,468.80,459.62,463.30,109159
16-Dec-14,459.10,468.70,453.20,467.20,293021
15-Dec-14,462.20,466.62,457.46,458.30,241988
12-Dec-14,469.50,471.50,463.40,463.40,230328
11-Dec-14,468.10,476.80,465.80,473.80,195450
10-Dec-14,478.10,479.90,469.20,471.60,192940
9-Dec-14,478.40,484.80,471.87,473.30,189486
8-Dec-14,483.40,486.50,478.30,482.50,167827
5-Dec-14,482.90,483.30,476.10,481.60,147742
4-Dec-14,472.20,479.61,471.10,476.00,190010
3-Dec-14,473.60,475.50,467.00,473.30,259126
2-Dec-14,472.20,481.50,472.20,473.00,277928
1-Dec-14,472.70,480.67,471.10,473.80,242816
28-Nov-14,481.20,481.60,472.70,478.00,294841
27-Nov-14,476.50,483.10,476.50,478.00,258555
26-Nov-14,478.00,484.50,474.69,477.20,297025
25-Nov-14,470.30,479.36,469.80,478.00,302660
24-Nov-14,473.00,478.70,469.20,475.30,246599
21-Nov-14,475.40,492.10,470.20,476.10,351510
20-Nov-14,472.40,478.70,470.30,475.00,353324
19-Nov-14,482.60,484.20,476.10,481.50,208415
18-Nov-14,480.70,492.90,480.70,481.40,201318
17-Nov-14,474.50,487.20,474.40,481.80,156788
14-Nov-14,475.60,480.00,472.10,478.00,145745
13-Nov-14,473.30,478.60,470.10,470.10,263090
12-Nov-14,469.00,477.90,469.00,476.20,169424
11-Nov-14,483.90,494.30,472.83,476.60,334844
10-Nov-14,482.90,486.40,477.30,486.40,185594
7-Nov-14,488.90,493.00,480.60,485.20,341206
6-Nov-14,494.30,497.60,473.50,486.20,523858
5-Nov-14,498.00,503.00,487.30,503.00,296132
4-Nov-14,491.30,492.90,486.60,488.80,369973
3-Nov-14,501.00,501.00,489.70,490.00,275304
31-Oct-14,489.90,503.00,485.50,495.70,357208
30-Oct-14,478.00,485.50,474.40,484.90,312659
29-Oct-14,468.90,478.40,467.00,475.90,199060
28-Oct-14,458.70,468.00,458.70,466.10,160220
27-Oct-14,465.60,465.60,455.50,458.30,167447
24-Oct-14,461.90,468.30,459.70,462.40,114844
23-Oct-14,463.40,468.80,457.30,464.70,153241
22-Oct-14,464.60,467.90,460.80,463.80,205927
21-Oct-14,440.20,469.80,440.20,461.80,380713
20-Oct-14,446.90,449.70,436.60,443.00,223929
17-Oct-14,441.50,452.50,436.05,449.70,319202
16-Oct-14,437.30,449.00,426.80,443.90,384440
15-Oct-14,453.80,458.90,436.40,440.00,349979
14-Oct-14,435.30,453.90,435.30,452.50,310193
13-Oct-14,440.30,447.00,435.81,440.80,211496
10-Oct-14,443.90,451.90,436.70,443.40,203057
9-Oct-14,464.00,466.70,450.30,452.20,250105
8-Oct-14,465.00,465.00,456.40,458.50,397879
7-Oct-14,465.00,470.10,453.30,468.00,310700
6-Oct-14,462.00,470.00,461.20,465.00,334586
3-Oct-14,458.40,462.90,455.90,459.00,284595
2-Oct-14,463.40,464.30,453.00,453.90,245624
1-Oct-14,473.10,475.00,461.30,461.30,219031
30-Sep-14,476.10,478.23,473.40,474.50,152135
29-Sep-14,466.20,476.19,466.20,476.10,111720
26-Sep-14,470.50,473.75,464.90,470.10,141119
25-Sep-14,470.50,478.11,469.50,472.20,110808
24-Sep-14,477.00,477.00,469.00,471.20,154643
23-Sep-14,479.10,479.60,469.40,473.60,200407
22-Sep-14,481.00,481.30,475.00,476.30,166086
19-Sep-14,478.00,486.70,475.00,483.70,353488
18-Sep-14,465.20,471.20,465.20,470.60,177014
17-Sep-14,468.70,469.90,460.68,465.40,135328
16-Sep-14,464.30,466.10,459.50,465.00,140571
15-Sep-14,462.40,470.75,462.40,466.00,130744
12-Sep-14,464.80,469.60,464.70,466.00,165200
11-Sep-14,474.00,474.00,462.60,466.10,165727
10-Sep-14,467.40,469.40,464.10,466.00,206316
9-Sep-14,469.60,472.40,463.10,470.00,247016
8-Sep-14,476.00,479.71,463.30,470.00,294292
5-Sep-14,470.70,477.30,470.70,476.10,177252
4-Sep-14,475.20,476.00,471.60,475.30,277687
3-Sep-14,476.00,480.70,474.20,477.80,206539
2-Sep-14,480.00,481.66,473.80,476.00,148630
1-Sep-14,479.70,481.00,475.40,480.60,144668
29-Aug-14,478.20,483.32,473.60,476.09,295273
28-Aug-14,483.40,484.60,471.97,479.30,183031
27-Aug-14,485.00,491.80,478.40,481.00,290258
26-Aug-14,490.00,490.00,483.20,485.80,277326
22-Aug-14,482.20,489.50,480.80,488.50,372852
21-Aug-14,494.70,498.49,492.90,495.70,92483
20-Aug-14,495.20,501.50,492.10,495.50,158079
19-Aug-14,495.00,499.90,495.00,497.50,208801
18-Aug-14,492.90,496.40,486.40,495.20,141719
15-Aug-14,489.00,501.50,485.10,487.60,242266
14-Aug-14,483.20,492.10,482.60,488.60,477472
13-Aug-14,482.50,487.31,477.80,485.30,138159
12-Aug-14,478.10,486.26,477.44,481.20,187724
11-Aug-14,475.00,484.90,472.43,479.00,179113
8-Aug-14,465.50,471.57,461.10,469.20,168084
7-Aug-14,468.80,474.30,468.50,469.00,133228
6-Aug-14,472.70,474.50,461.80,474.50,338896
5-Aug-14,471.50,474.10,468.10,471.90,249504
4-Aug-14,475.60,477.67,466.20,471.00,221668
1-Aug-14,477.20,487.00,472.04,475.90,424394
31-Jul-14,481.60,483.00,475.60,480.00,624086
30-Jul-14,482.00,484.50,479.60,480.50,180541
29-Jul-14,478.30,488.50,478.30,482.80,260532
28-Jul-14,481.10,488.46,473.00,479.60,226089
25-Jul-14,482.50,486.60,478.03,482.30,127479
24-Jul-14,489.90,490.90,479.20,482.50,205557
23-Jul-14,483.00,497.80,482.70,489.20,295326
22-Jul-14,482.20,486.00,478.30,482.60,160153
21-Jul-14,488.80,489.90,479.70,482.50,253089
18-Jul-14,479.90,489.40,475.10,486.50,265167
17-Jul-14,487.00,489.34,482.33,483.00,147200
16-Jul-14,481.00,489.60,476.60,487.10,189510
15-Jul-14,487.70,492.52,477.60,480.00,234017
14-Jul-14,485.00,495.80,485.00,491.00,398311
11-Jul-14,485.50,488.10,477.10,478.90,271392
10-Jul-14,495.10,503.26,471.30,479.80,473963
9-Jul-14,494.10,504.00,487.80,491.90,540207
8-Jul-14,501.50,505.83,490.30,494.80,488535
7-Jul-14,499.00,509.09,497.60,499.00,541961
4-Jul-14,501.00,502.50,497.30,501.00,364915
3-Jul-14,481.60,500.00,476.50,500.00,492941
2-Jul-14,477.80,482.10,474.20,476.20,387029
1-Jul-14,477.80,487.00,473.20,484.40,340442
30-Jun-14,477.50,482.13,470.20,472.80,302437
27-Jun-14,482.20,487.93,473.10,478.00,275250
26-Jun-14,467.90,488.90,467.90,483.70,458458
25-Jun-14,467.60,472.90,464.00,468.40,242401
24-Jun-14,472.80,476.73,466.30,469.70,364116
23-Jun-14,477.10,481.10,468.50,474.40,382481
20-Jun-14,470.00,481.60,470.00,477.70,854192
19-Jun-14,467.90,478.60,466.00,471.30,486302
18-Jun-14,463.60,468.00,460.40,464.70,273595
17-Jun-14,463.90,470.40,456.50,461.70,379932
16-Jun-14,473.70,477.70,462.80,464.20,384445
13-Jun-14,480.00,483.65,467.30,473.10,502808
12-Jun-14,490.40,498.21,482.20,484.50,476030
11-Jun-14,514.00,514.00,484.70,492.80,519516
10-Jun-14,509.00,515.00,503.50,511.50,178935
9-Jun-14,503.50,513.00,503.50,508.00,201203
6-Jun-14,495.00,508.00,495.00,507.00,299951
5-Jun-14,494.90,497.00,485.02,495.00,418017
4-Jun-14,496.90,498.80,489.80,496.20,311152
3-Jun-14,497.00,498.20,484.00,497.00,298240
2-Jun-14,494.00,498.80,486.32,494.90,236690
30-May-14,495.40,495.98,485.00,486.90,345304
29-May-14,492.50,499.36,488.08,493.20,320526
28-May-14,497.90,508.16,490.30,495.90,480249
27-May-14,484.90,496.30,481.45,494.00,422092
23-May-14,487.30,488.32,470.60,480.00,408928
22-May-14,452.00,491.50,450.00,488.00,1139229
21-May-14,423.80,441.43,423.40,441.40,274363
20-May-14,424.40,431.30,424.40,428.00,216103
19-May-14,426.30,434.75,420.40,427.20,231690
16-May-14,436.20,440.88,423.30,430.80,301578
15-May-14,446.20,446.20,435.60,437.10,288705
14-May-14,448.50,448.50,438.90,444.00,260508
13-May-14,451.50,452.10,440.80,444.10,187310
12-May-14,448.20,455.89,440.30,449.30,459595
9-May-14,435.30,442.20,435.30,437.10,173256
8-May-14,445.10,449.57,436.60,439.90,240977
7-May-14,443.60,449.80,437.40,442.00,179662
6-May-14,450.00,451.13,439.55,442.00,155795
2-May-14,447.80,449.80,439.80,449.50,115697
1-May-14,445.00,461.00,440.00,445.60,100886
30-Apr-14,446.60,450.00,440.90,442.70,212840
29-Apr-14,442.30,449.07,442.00,444.00,158877
28-Apr-14,452.50,461.00,442.90,443.20,258760
25-Apr-14,450.80,463.30,447.29,451.60,258485
24-Apr-14,451.20,457.70,450.00,454.10,169083
23-Apr-14,454.70,458.30,446.40,448.50,140666
22-Apr-14,455.50,459.50,449.50,458.00,104914
17-Apr-14,445.90,452.00,444.20,452.00,170917
16-Apr-14,434.10,445.50,429.42,443.20,293889
15-Apr-14,438.60,443.90,427.80,430.20,226206
14-Apr-14,457.10,464.80,436.30,440.70,327761
11-Apr-14,467.40,467.40,451.60,462.30,271808
10-Apr-14,469.70,478.54,466.35,472.30,184288
9-Apr-14,461.10,472.80,460.50,469.60,235620
8-Apr-14,475.40,475.40,452.00,458.00,205215
7-Apr-14,479.90,479.90,467.80,474.40,209478
4-Apr-14,481.60,484.92,477.37,479.40,179901
3-Apr-14,475.20,485.50,475.20,483.40,367205
2-Apr-14,479.10,482.90,474.66,476.20,211958
1-Apr-14,462.00,481.40,461.80,477.15,303445
31-Mar-14,463.80,464.71,453.50,461.80,183968
28-Mar-14,463.20,467.00,456.00,461.10,233905
27-Mar-14,467.10,469.24,457.46,461.30,128646
26-Mar-14,455.50,467.10,455.50,465.80,258365
25-Mar-14,448.80,456.70,446.80,453.10,439312
24-Mar-14,458.40,463.90,444.47,450.00,565704
21-Mar-14,462.80,464.50,457.90,462.00,494931
20-Mar-14,469.10,469.10,454.85,459.80,236591
19-Mar-14,469.10,476.70,467.10,468.30,147915
18-Mar-14,469.00,469.20,462.90,466.70,167364
17-Mar-14,459.50,476.40,459.50,470.00,375442
14-Mar-14,454.80,461.40,450.40,457.90,347971
13-Mar-14,460.00,461.90,455.60,456.80,393476
12-Mar-14,467.60,471.20,460.70,461.00,384802
11-Mar-14,455.30,468.60,455.30,466.20,230595
10-Mar-14,463.10,468.50,458.40,459.90,178989
7-Mar-14,463.50,468.70,460.30,463.60,389356
6-Mar-14,464.50,469.50,461.60,465.40,173893
5-Mar-14,476.00,482.60,463.70,466.30,278210
4-Mar-14,473.60,482.20,472.50,480.30,381678
3-Mar-14,464.10,467.70,461.20,466.00,376789
28-Feb-14,467.20,473.60,462.40,471.10,206212
27-Feb-14,464.00,469.60,461.30,469.50,210589
26-Feb-14,464.00,473.30,460.00,467.60,448734
25-Feb-14,458.10,464.50,453.50,462.90,352791
24-Feb-14,454.00,458.80,449.90,457.00,176424
21-Feb-14,453.10,459.70,450.00,452.40,232191
20-Feb-14,440.50,452.50,440.50,452.30,240036
19-Feb-14,447.70,454.00,446.80,447.00,202715
18-Feb-14,446.40,451.30,442.50,450.10,210512
17-Feb-14,449.40,450.00,444.80,447.70,144817
14-Feb-14,450.30,450.60,442.80,446.40,166146
13-Feb-14,449.30,453.60,444.80,446.90,208964
12-Feb-14,457.20,461.20,452.10,454.10,198853
11-Feb-14,452.80,462.60,447.90,457.00,356976
10-Feb-14,442.90,453.80,442.90,452.10,608518
7-Feb-14,446.90,448.40,442.10,445.10,409440
6-Feb-14,445.60,445.70,440.20,445.00,426762
5-Feb-14,440.70,450.30,440.70,442.00,244153
4-Feb-14,449.60,455.30,443.90,444.30,291260
3-Feb-14,460.00,464.30,451.60,452.40,287138
31-Jan-14,458.40,461.80,447.90,458.50,273499
30-Jan-14,464.00,464.20,454.10,459.00,298119
29-Jan-14,458.60,473.40,454.10,463.30,613730
28-Jan-14,456.00,458.40,447.50,450.00,271965
27-Jan-14,450.80,454.60,441.90,450.00,357229
24-Jan-14,469.50,472.70,448.00,448.10,374658
23-Jan-14,474.60,480.60,468.50,470.80,335284
22-Jan-14,482.10,490.00,472.00,479.20,270398
21-Jan-14,478.30,487.10,478.30,483.50,331168
20-Jan-14,477.30,488.00,475.50,480.50,326544
17-Jan-14,492.20,492.40,476.70,481.50,534169
16-Jan-14,466.00,499.00,466.00,492.50,1820203
15-Jan-14,460.70,465.00,457.80,461.00,798815
14-Jan-14,457.20,460.70,454.70,460.00,622681
13-Jan-14,462.00,467.20,453.30,460.00,625349
10-Jan-14,459.00,463.10,454.30,460.70,313941
9-Jan-14,460.60,465.40,457.70,460.00,363485
8-Jan-14,457.30,462.20,456.60,459.10,421242
7-Jan-14,459.20,459.20,452.30,458.30,155349
6-Jan-14,447.20,457.50,442.30,457.40,397220
3-Jan-14,439.80,448.30,439.80,446.10,256697
2-Jan-14,445.20,449.20,435.00,441.60,372257
31-Dec-13,442.70,446.00,431.80,446.00,215119
30-Dec-13,456.90,461.80,443.60,443.60,181532
27-Dec-13,453.30,462.30,442.30,460.00,288501
24-Dec-13,452.00,459.00,447.00,449.40,51103
23-Dec-13,438.70,458.20,437.80,452.60,374616
20-Dec-13,443.40,452.60,435.30,435.70,2755760
19-Dec-13,446.10,453.10,441.20,447.70,328881
18-Dec-13,441.30,448.70,439.30,439.30,304814
17-Dec-13,446.10,454.20,443.40,444.20,442599
16-Dec-13,443.30,448.90,436.20,445.90,360021
13-Dec-13,444.00,452.70,439.40,440.90,521926
12-Dec-13,460.30,462.10,447.50,447.50,426331
11-Dec-13,468.00,476.10,463.80,465.00,337366
10-Dec-13,479.40,479.40,465.10,467.90,300276
9-Dec-13,486.60,486.60,474.90,477.00,162449
6-Dec-13,486.90,492.70,476.90,481.00,435699
5-Dec-13,479.20,493.30,470.00,488.70,654676
4-Dec-13,468.10,481.10,468.10,476.60,379996
3-Dec-13,466.80,474.00,461.90,469.60,556655
2-Dec-13,480.00,483.00,465.10,469.00,379358
29-Nov-13,490.00,493.00,488.40,488.40,219746
28-Nov-13,495.60,495.60,486.50,491.20,115191
27-Nov-13,490.80,496.10,487.30,493.30,364206
26-Nov-13,484.60,491.20,483.00,487.80,290650
25-Nov-13,483.10,490.50,478.50,483.50,352295
22-Nov-13,476.10,483.20,469.50,477.30,346305
21-Nov-13,475.30,479.20,471.30,473.70,372240
20-Nov-13,475.00,481.10,472.10,476.20,212653
19-Nov-13,477.00,481.20,472.80,475.00,371364
18-Nov-13,482.40,483.50,475.30,478.10,541432
15-Nov-13,476.50,486.90,476.50,479.90,487928
14-Nov-13,472.70,482.20,472.70,475.40,649845
13-Nov-13,479.90,480.00,471.80,472.60,576981
12-Nov-13,487.00,487.00,477.00,477.00,483575
11-Nov-13,478.00,489.80,476.70,486.40,830060
8-Nov-13,475.00,478.80,471.10,476.50,681340
7-Nov-13,435.20,481.90,435.20,478.00,2194830
6-Nov-13,419.20,423.30,417.00,418.70,261544
5-Nov-13,420.50,422.90,414.80,418.00,173133
4-Nov-13,422.50,425.80,417.60,418.90,342952
1-Nov-13,423.30,425.70,417.40,417.60,320456
31-Oct-13,413.30,423.50,413.30,423.50,509144
30-Oct-13,411.80,423.10,411.80,415.40,357446
29-Oct-13,406.50,413.30,405.50,412.80,219617
28-Oct-13,412.00,412.00,404.70,408.00,216315
25-Oct-13,408.00,411.40,403.80,407.90,175697
24-Oct-13,405.50,409.30,402.90,408.00,126184
23-Oct-13,405.30,411.40,405.20,406.70,139445
22-Oct-13,410.00,411.00,403.70,408.00,195698
21-Oct-13,404.90,410.00,402.70,409.20,226747
18-Oct-13,401.40,404.00,397.90,404.00,387039
17-Oct-13,397.40,398.00,387.50,394.50,191700
16-Oct-13,387.70,390.60,382.60,390.30,148506
15-Oct-13,388.20,393.40,388.20,390.00,171576
14-Oct-13,379.00,387.70,379.00,387.00,296632
11-Oct-13,377.40,382.30,377.40,381.10,309843
10-Oct-13,372.20,380.30,371.30,377.80,343319
9-Oct-13,377.90,379.00,369.80,370.50,392927
8-Oct-13,380.70,383.90,378.20,379.50,448899
7-Oct-13,387.20,387.20,378.10,383.90,377297
4-Oct-13,394.60,394.60,387.40,389.60,283513
3-Oct-13,395.40,401.00,393.60,394.40,145692
2-Oct-13,396.70,404.00,392.10,398.33,277597
1-Oct-13,393.30,398.30,390.80,398.30,429185
30-Sep-13,391.30,395.60,388.20,393.60,412143
27-Sep-13,401.90,401.90,391.30,394.50,258338
26-Sep-13,398.10,400.90,396.30,397.70,131872
25-Sep-13,397.00,402.10,394.40,397.90,383267
24-Sep-13,396.50,397.50,391.30,397.00,296955
20-Sep-13,403.40,408.70,399.00,399.50,862365
19-Sep-13,399.50,400.60,394.50,398.70,278750
18-Sep-13,395.00,402.30,392.60,394.60,339105
17-Sep-13,396.00,401.30,393.50,394.10,473717
16-Sep-13,409.10,412.70,396.90,396.90,522633
13-Sep-13,403.30,409.40,399.00,406.00,396283
12-Sep-13,403.70,409.00,401.40,402.30,365302
11-Sep-13,407.40,408.40,402.80,404.40,341523
10-Sep-13,396.60,409.00,395.00,405.00,600443
9-Sep-13,380.80,394.60,380.70,393.70,371118
6-Sep-13,381.40,384.30,376.90,382.09,298248
5-Sep-13,367.90,383.20,367.90,381.00,359283
4-Sep-13,363.60,369.20,363.60,366.30,182976
3-Sep-13,363.50,368.30,358.50,363.00,464401
2-Sep-13,362.80,368.60,361.60,362.50,383493
30-Aug-13,364.60,369.40,361.20,362.00,461813
29-Aug-13,366.30,370.00,363.40,366.00,586096
28-Aug-13,383.90,383.90,363.30,365.14,441789
27-Aug-13,381.10,388.60,376.70,385.80,514100
23-Aug-13,376.70,388.50,376.70,382.80,261581
22-Aug-13,369.10,379.90,369.10,377.00,325389
21-Aug-13,365.90,369.90,362.20,366.83,359083
20-Aug-13,368.40,372.90,361.50,367.32,331930
19-Aug-13,359.20,373.90,357.50,360.40,409669
16-Aug-13,354.60,358.30,350.80,357.00,397574
15-Aug-13,371.90,371.90,350.20,351.70,643087
14-Aug-13,365.10,370.50,362.80,369.84,285457
13-Aug-13,367.60,372.20,365.20,365.20,237174
12-Aug-13,366.10,370.00,362.60,368.20,361076
9-Aug-13,375.40,375.40,363.30,364.60,338362
8-Aug-13,367.70,372.70,367.30,372.00,264791
7-Aug-13,374.80,374.80,365.00,366.10,334788
6-Aug-13,371.40,381.80,371.40,374.40,510640
5-Aug-13,373.20,377.60,369.40,376.00,383565
2-Aug-13,374.50,374.50,368.20,370.90,411127
1-Aug-13,371.00,375.10,369.50,369.90,368368
31-Jul-13,370.00,371.40,367.10,368.70,513433
30-Jul-13,367.60,371.80,365.20,370.81,334801
29-Jul-13,374.40,374.40,363.80,364.20,287039
26-Jul-13,370.60,371.40,364.90,369.00,265256
25-Jul-13,369.20,369.30,362.70,367.03,267585
24-Jul-13,366.10,369.40,363.20,368.70,508639
23-Jul-13,370.30,372.30,364.10,364.60,518479
22-Jul-13,373.40,374.60,368.00,370.00,453420
19-Jul-13,371.80,377.00,369.80,373.64,246858
18-Jul-13,367.50,380.40,367.00,374.67,616119
17-Jul-13,360.50,367.00,357.10,364.30,775686
16-Jul-13,357.40,365.50,357.31,363.20,644752
15-Jul-13,356.20,365.50,353.70,359.70,527373
12-Jul-13,360.90,362.40,355.00,356.10,674060
11-Jul-13,358.20,363.23,354.64,359.50,737367
10-Jul-13,343.90,359.50,340.40,354.50,2093742
9-Jul-13,318.40,321.80,316.50,318.20,639070
8-Jul-13,315.00,320.00,311.44,317.50,1079694
5-Jul-13,307.00,317.10,307.00,312.40,646859
4-Jul-13,320.20,320.20,310.40,310.40,756015
3-Jul-13,308.80,316.50,301.90,314.50,472593
2-Jul-13,323.70,325.76,316.00,316.90,284138
1-Jul-13,318.80,322.30,313.70,322.30,503222
28-Jun-13,316.70,319.60,311.10,317.30,381486
27-Jun-13,312.40,316.19,310.80,313.91,263535
26-Jun-13,307.60,314.10,307.20,311.80,607975
25-Jun-13,303.70,310.50,299.50,307.90,555069
24-Jun-13,301.50,307.30,296.50,299.00,741080
21-Jun-13,315.90,316.70,302.00,307.02,769887
20-Jun-13,312.50,314.10,307.28,311.50,471124
19-Jun-13,317.90,319.30,313.80,316.70,449252
18-Jun-13,315.40,321.10,312.90,318.80,475152
17-Jun-13,321.70,322.00,313.50,317.10,559306
14-Jun-13,311.50,322.50,309.35,319.20,598236
13-Jun-13,306.80,314.80,300.30,307.40,636579
12-Jun-13,313.60,318.30,308.80,309.90,242983
11-Jun-13,316.30,320.90,308.80,315.40,689643
10-Jun-13,315.60,320.70,314.70,318.40,418417
7-Jun-13,313.10,324.00,307.60,316.90,552457
6-Jun-13,312.70,319.20,312.10,312.40,560987
5-Jun-13,319.80,321.60,311.70,313.20,541989
4-Jun-13,319.00,323.80,314.35,321.71,754912
3-Jun-13,327.40,327.40,315.00,317.80,1388005
31-May-13,321.40,336.99,310.16,328.90,1948250
30-May-13,301.40,310.00,300.95,310.00,1152868
29-May-13,306.30,311.50,297.07,300.00,1492720
28-May-13,302.10,314.90,302.10,308.10,1526396
24-May-13,329.80,329.80,300.00,304.76,3181329
23-May-13,337.16,365.00,320.00,333.30,5788797
22-May-13,397.00,401.80,393.70,397.35,725078
21-May-13,396.90,402.23,395.50,398.00,459180
20-May-13,396.70,401.80,396.02,401.70,609694
17-May-13,403.50,405.84,398.40,400.35,826105
16-May-13,394.60,408.00,394.60,405.20,591368
15-May-13,401.20,402.99,397.80,402.00,386246
14-May-13,398.40,403.00,396.16,400.10,787821
13-May-13,394.50,396.40,389.30,396.20,337599
10-May-13,390.60,396.00,390.20,395.20,504212
9-May-13,386.00,393.30,383.60,390.00,542524
8-May-13,377.00,398.40,377.00,385.70,1184069
7-May-13,364.10,369.50,363.78,369.00,636788
3-May-13,354.70,364.23,353.10,361.10,612462
2-May-13,348.40,356.10,348.40,354.60,568464
1-May-13,346.20,353.10,345.20,352.50,322611
30-Apr-13,343.40,345.30,340.12,344.80,373633
29-Apr-13,341.00,343.26,340.00,342.00,252467
26-Apr-13,337.40,341.57,336.40,340.40,257793
25-Apr-13,335.60,338.70,332.40,338.40,637233
24-Apr-13,336.00,337.30,333.50,335.00,682699
23-Apr-13,332.60,336.00,331.80,335.00,508508
22-Apr-13,326.90,333.79,326.40,332.20,310629
19-Apr-13,329.80,329.80,323.90,325.30,410090
18-Apr-13,332.90,333.80,325.00,326.00,630661
17-Apr-13,336.20,338.70,330.10,331.80,227961
16-Apr-13,335.70,338.10,332.00,334.70,312814
15-Apr-13,336.50,337.40,328.60,335.50,337324
12-Apr-13,332.10,337.20,326.05,335.90,524791
11-Apr-13,331.60,339.20,330.49,334.50,918947
10-Apr-13,315.00,333.80,307.00,319.32,1979550
9-Apr-13,312.70,317.50,311.17,316.10,679373
8-Apr-13,307.80,312.10,304.10,311.80,417975
5-Apr-13,318.30,319.70,305.05,307.30,585421
4-Apr-13,321.30,321.94,315.70,318.10,312825
3-Apr-13,324.00,326.22,319.40,321.20,279951
2-Apr-13,321.30,326.00,320.65,324.50,543670
28-Mar-13,320.70,324.00,318.40,322.70,226953
27-Mar-13,319.30,323.90,319.30,320.10,455155
26-Mar-13,321.50,324.90,321.00,322.30,371641
25-Mar-13,319.30,322.40,318.46,321.90,507840
22-Mar-13,316.00,318.50,316.00,317.60,220340
21-Mar-13,318.40,318.76,315.30,316.40,242435
20-Mar-13,320.90,320.90,316.90,318.20,173010
19-Mar-13,318.50,321.10,317.10,318.00,425787
18-Mar-13,317.80,324.30,316.00,319.50,335157
15-Mar-13,321.00,324.40,318.50,321.20,572961
14-Mar-13,314.00,320.50,314.00,320.30,364630
13-Mar-13,314.40,316.00,312.00,314.00,423321
12-Mar-13,313.40,320.00,312.75,314.00,421295
11-Mar-13,316.10,316.20,311.70,313.50,229646
8-Mar-13,313.30,316.70,311.90,313.60,416985
7-Mar-13,311.80,314.00,310.70,312.30,273311
6-Mar-13,316.80,318.40,309.20,310.50,414758
5-Mar-13,312.00,317.40,312.00,316.00,364567
4-Mar-13,315.00,316.94,310.11,311.80,229745
1-Mar-13,315.50,317.00,313.60,315.70,255909
28-Feb-13,316.50,318.90,313.60,315.10,372637
27-Feb-13,308.50,316.29,306.00,316.29,557386
26-Feb-13,307.70,308.57,301.75,308.57,437882
25-Feb-13,310.90,316.64,307.70,310.70,322733
22-Feb-13,322.80,322.90,312.30,315.30,441297
21-Feb-13,326.10,326.10,318.60,321.30,314382
20-Feb-13,331.00,332.90,326.50,327.00,210633
19-Feb-13,334.20,337.30,331.40,331.80,251385
18-Feb-13,328.90,333.20,328.16,332.70,234596
15-Feb-13,330.60,333.30,327.80,329.20,267101
14-Feb-13,340.50,341.30,329.90,330.20,223897
13-Feb-13,338.70,342.30,337.40,341.00,390880
12-Feb-13,340.00,340.10,334.62,338.70,269016
11-Feb-13,344.10,345.80,337.30,340.40,275172
8-Feb-13,344.40,344.80,341.50,344.80,258526
7-Feb-13,342.00,345.00,341.10,342.00,681593
6-Feb-13,341.40,343.70,337.45,342.30,573185
5-Feb-13,342.80,344.80,340.60,341.40,197779
4-Feb-13,345.60,346.70,342.50,343.50,238598
1-Feb-13,341.60,346.10,337.94,346.10,491236
31-Jan-13,344.20,347.00,337.80,340.60,500563
30-Jan-13,341.60,344.10,341.40,342.80,582925
29-Jan-13,348.60,349.60,336.20,340.80,512260
28-Jan-13,352.40,356.90,343.80,348.00,858120
25-Jan-13,352.00,357.07,346.60,352.40,707386
24-Jan-13,353.60,355.40,351.00,353.50,568283
23-Jan-13,354.60,355.50,347.00,350.60,589702
22-Jan-13,348.70,356.41,348.44,354.40,661976
21-Jan-13,345.10,350.60,344.03,349.60,174437
18-Jan-13,336.70,346.58,335.60,345.30,329603
17-Jan-13,334.10,336.80,332.70,335.82,905683
16-Jan-13,335.10,336.00,333.02,334.00,702128
15-Jan-13,331.00,336.40,330.00,334.00,803834
14-Jan-13,330.70,335.70,328.30,328.50,199795
11-Jan-13,329.90,332.60,327.20,329.00,184233
10-Jan-13,328.80,330.70,327.00,329.70,461397
9-Jan-13,327.40,330.00,319.00,329.40,610461
8-Jan-13,329.20,331.36,325.58,327.20,410209
7-Jan-13,335.90,336.74,327.10,329.80,468724
4-Jan-13,335.60,337.00,333.20,336.00,264714
3-Jan-13,337.00,339.10,333.36,336.00,291271
2-Jan-13,334.30,338.90,334.30,336.40,305597
