31-Dec-15,864.50,875.00,863.00,865.00,42001
30-Dec-15,882.50,886.50,864.00,882.50,303673
29-Dec-15,871.50,885.00,865.00,882.50,363513
24-Dec-15,874.00,876.50,867.06,869.50,38358
23-Dec-15,871.50,874.00,859.50,874.00,356706
22-Dec-15,864.00,866.00,853.00,863.00,335909
21-Dec-15,862.00,872.00,859.50,861.50,283067
18-Dec-15,861.50,870.14,860.00,860.50,628185
16-Dec-15,858.50,864.00,848.50,854.50,859253
15-Dec-15,840.00,863.00,835.02,861.50,639906
14-Dec-15,844.00,850.00,830.00,830.00,636234
11-Dec-15,858.50,861.00,844.00,844.00,588061
10-Dec-15,853.00,860.00,848.00,854.50,590340
9-Dec-15,858.50,864.50,853.00,858.00,836757
8-Dec-15,852.00,857.50,850.50,855.50,785983
7-Dec-15,852.50,859.50,851.00,858.00,433056
4-Dec-15,847.50,858.00,847.50,847.50,601445
3-Dec-15,857.00,863.50,847.50,851.00,957210
2-Dec-15,858.00,862.50,854.00,858.50,525514
1-Dec-15,869.50,874.00,850.50,853.50,736756
30-Nov-15,848.50,864.01,844.50,862.50,712494
27-Nov-15,848.50,854.50,847.45,851.50,398697
26-Nov-15,851.00,853.50,843.68,850.00,256108
25-Nov-15,833.50,853.00,829.25,848.00,515226
24-Nov-15,830.00,830.00,822.00,830.00,641521
23-Nov-15,834.00,839.08,825.00,831.50,520543
20-Nov-15,830.50,838.50,821.00,834.00,589574
19-Nov-15,813.00,832.00,811.95,823.50,907224
18-Nov-15,811.50,816.00,805.50,808.27,980629
17-Nov-15,773.00,820.50,764.00,813.00,1239768
16-Nov-15,765.50,765.50,754.00,756.00,728149
13-Nov-15,773.00,773.00,757.00,757.00,616435
12-Nov-15,790.50,790.50,769.00,773.50,759291
11-Nov-15,789.00,794.50,758.00,788.36,574389
10-Nov-15,787.50,788.50,780.00,785.50,428143
9-Nov-15,784.00,789.00,782.00,784.00,468607
6-Nov-15,785.50,793.50,773.12,786.00,359523
5-Nov-15,784.00,787.00,781.00,785.50,298644
4-Nov-15,778.00,783.00,775.00,780.00,388718
3-Nov-15,769.50,775.82,766.00,771.50,348157
2-Nov-15,758.50,771.50,758.50,770.00,307170
30-Oct-15,758.00,771.50,758.00,763.50,472766
29-Oct-15,759.50,764.00,757.00,762.00,447276
28-Oct-15,763.00,765.50,751.48,756.50,375586
27-Oct-15,753.00,762.50,752.50,760.50,435233
26-Oct-15,752.00,760.50,752.00,756.50,370804
23-Oct-15,741.50,757.00,741.00,757.00,398981
22-Oct-15,740.50,740.50,726.00,739.00,589699
21-Oct-15,738.00,743.00,732.50,740.00,308515
20-Oct-15,732.00,737.50,732.00,734.00,375476
19-Oct-15,731.50,739.00,728.50,732.00,471484
16-Oct-15,734.50,747.50,728.00,728.00,587272
15-Oct-15,727.50,734.00,707.61,733.00,379046
14-Oct-15,732.50,734.55,724.50,726.50,378074
13-Oct-15,735.50,743.00,732.00,734.00,311940
12-Oct-15,735.00,741.50,730.72,733.00,459888
9-Oct-15,735.50,739.00,733.50,734.00,338639
8-Oct-15,727.50,735.00,723.50,729.00,407759
7-Oct-15,737.00,738.00,728.50,730.00,310355
6-Oct-15,733.50,745.00,730.50,732.00,527056
5-Oct-15,724.50,730.00,724.50,730.00,476037
2-Oct-15,725.00,729.00,714.00,716.00,493707
1-Oct-15,727.50,732.50,719.50,724.50,390487
30-Sep-15,727.50,728.50,716.00,718.83,687945
29-Sep-15,720.50,724.50,716.50,721.85,359734
28-Sep-15,729.00,732.50,725.00,727.50,302254
25-Sep-15,722.00,731.00,720.50,730.00,480462
24-Sep-15,715.50,722.00,707.75,713.00,406475
23-Sep-15,715.00,721.00,712.50,720.50,406830
22-Sep-15,731.00,733.50,710.50,715.00,546996
21-Sep-15,738.00,742.00,731.50,734.50,403519
18-Sep-15,741.50,744.00,736.00,742.00,691715
17-Sep-15,746.50,756.14,742.50,746.00,308472
16-Sep-15,747.50,751.00,745.00,748.50,298481
15-Sep-15,736.50,742.50,731.50,742.00,282000
14-Sep-15,742.00,744.50,732.52,738.00,228047
11-Sep-15,744.00,745.50,737.00,740.50,224237
10-Sep-15,739.00,747.00,736.50,746.00,355411
9-Sep-15,760.00,760.00,745.00,746.00,314170
8-Sep-15,747.50,750.78,741.01,746.00,230621
7-Sep-15,752.00,752.00,738.20,741.50,199767
4-Sep-15,741.00,746.50,735.34,742.00,362417
3-Sep-15,755.00,758.50,749.50,749.50,275659
2-Sep-15,742.00,749.50,739.00,744.00,450475
1-Sep-15,743.50,748.42,739.96,740.50,693839
28-Aug-15,753.00,755.00,745.50,755.00,473175
27-Aug-15,744.50,752.50,741.50,750.00,445303
26-Aug-15,730.50,747.50,722.50,735.00,448103
25-Aug-15,727.50,744.43,727.50,739.00,566521
24-Aug-15,728.00,733.00,708.00,721.50,704576
21-Aug-15,750.00,751.50,742.50,742.50,510208
20-Aug-15,767.50,767.57,753.50,755.00,327739
19-Aug-15,782.50,785.00,770.00,770.00,473785
18-Aug-15,778.00,784.67,778.00,784.00,349902
17-Aug-15,781.00,786.50,772.50,776.50,267353
14-Aug-15,774.00,781.50,774.00,777.50,323835
13-Aug-15,761.00,774.50,750.50,772.50,372226
12-Aug-15,770.50,773.92,753.50,757.00,262386
11-Aug-15,772.00,777.50,770.00,774.00,340485
10-Aug-15,764.00,771.50,757.50,770.50,388192
7-Aug-15,760.00,761.50,756.50,759.00,214472
6-Aug-15,761.00,766.50,759.50,763.00,275470
5-Aug-15,766.50,766.50,757.50,761.00,236308
4-Aug-15,758.00,765.00,754.50,764.00,270965
3-Aug-15,756.00,760.50,755.00,757.00,298710
31-Jul-15,751.00,758.50,751.00,757.00,590305
30-Jul-15,748.50,754.00,746.00,751.00,401120
29-Jul-15,741.00,745.75,737.60,743.00,464963
28-Jul-15,741.50,745.00,735.50,741.00,385248
27-Jul-15,747.00,750.28,739.00,739.00,364346
24-Jul-15,753.00,761.00,750.00,752.00,421606
23-Jul-15,758.00,765.88,755.00,757.50,491968
22-Jul-15,757.00,768.50,752.50,756.50,456401
21-Jul-15,765.00,765.50,762.00,763.50,577136
20-Jul-15,754.50,765.50,754.50,765.00,378723
17-Jul-15,764.00,767.88,762.50,764.00,337017
16-Jul-15,768.00,768.00,764.00,766.00,537459
15-Jul-15,765.00,773.00,760.50,769.50,422001
14-Jul-15,776.00,776.50,765.00,767.50,322415
13-Jul-15,759.50,778.50,759.50,776.00,528506
10-Jul-15,765.50,768.50,759.50,768.00,343332
9-Jul-15,753.00,757.00,748.00,755.00,332153
8-Jul-15,751.50,754.50,747.50,748.00,432986
7-Jul-15,761.00,761.00,749.00,749.50,520586
6-Jul-15,759.00,761.80,755.50,755.50,338832
3-Jul-15,774.50,774.50,762.00,764.00,332976
2-Jul-15,771.00,778.00,770.00,772.00,305768
1-Jul-15,767.50,775.00,765.50,767.12,398140
30-Jun-15,770.00,773.50,762.50,762.00,763647
29-Jun-15,760.00,775.50,757.50,763.50,542406
26-Jun-15,777.00,781.50,773.00,778.50,404621
25-Jun-15,779.50,784.00,777.60,782.50,472823
24-Jun-15,781.00,785.30,778.50,781.00,439784
23-Jun-15,779.00,784.00,776.50,783.00,517179
22-Jun-15,772.50,776.00,769.50,774.50,463764
19-Jun-15,758.50,769.00,758.50,763.00,1168940
18-Jun-15,753.00,757.00,746.00,755.50,417485
17-Jun-15,760.00,765.00,752.50,753.50,332746
16-Jun-15,754.50,762.90,748.50,757.50,527258
15-Jun-15,754.00,763.50,749.50,753.50,648002
12-Jun-15,763.00,767.50,757.00,759.50,798471
11-Jun-15,761.50,771.05,756.44,760.50,443893
10-Jun-15,749.50,758.00,745.50,757.00,635641
9-Jun-15,753.00,757.00,746.31,749.50,409643
8-Jun-15,760.00,760.00,751.50,753.50,358428
5-Jun-15,771.50,772.00,752.00,757.00,671940
4-Jun-15,771.50,774.63,768.50,772.50,381686
3-Jun-15,775.50,785.50,771.00,774.50,555540
2-Jun-15,776.50,777.50,768.36,772.00,351881
1-Jun-15,768.00,773.00,765.00,772.00,330418
29-May-15,775.00,775.00,762.00,763.50,517812
28-May-15,769.00,784.00,765.50,773.00,495517
27-May-15,759.50,772.00,758.00,770.00,331468
26-May-15,752.00,759.50,752.00,754.50,211267
22-May-15,753.50,761.00,753.50,757.50,360465
21-May-15,764.00,765.00,754.50,756.00,426290
20-May-15,757.50,765.50,752.50,763.00,603032
19-May-15,744.50,760.00,744.50,755.00,420903
18-May-15,740.00,742.50,736.00,742.00,427598
15-May-15,743.00,751.23,739.00,741.12,493025
14-May-15,744.00,747.50,736.50,743.00,352775
13-May-15,730.00,742.50,729.50,740.00,393177
12-May-15,727.50,732.00,717.50,730.00,414722
11-May-15,747.50,747.50,732.00,733.50,265837
8-May-15,738.00,760.00,732.50,743.00,723239
7-May-15,709.50,723.00,700.50,720.00,455861
6-May-15,712.00,718.00,710.00,714.50,487630
5-May-15,719.50,724.50,711.50,711.50,620492
1-May-15,715.00,715.00,701.24,711.00,117321
30-Apr-15,710.00,714.50,703.00,712.50,444891
29-Apr-15,723.50,723.50,710.00,711.00,326591
28-Apr-15,724.00,731.00,710.50,719.50,644332
27-Apr-15,720.50,725.38,712.00,721.50,329823
24-Apr-15,723.50,730.00,718.00,719.00,318064
23-Apr-15,722.00,728.50,719.18,726.50,418838
22-Apr-15,724.50,733.50,717.50,726.00,439053
21-Apr-15,719.00,731.00,717.72,726.00,492645
20-Apr-15,717.50,725.50,715.00,719.50,376428
17-Apr-15,723.00,728.50,710.50,719.50,676044
16-Apr-15,723.50,724.50,715.00,719.00,453450
15-Apr-15,717.00,730.00,717.00,721.50,299698
14-Apr-15,724.50,729.13,720.50,722.00,368181
13-Apr-15,726.00,728.50,719.00,725.50,248398
10-Apr-15,714.50,727.00,714.50,723.50,308530
9-Apr-15,713.00,716.50,708.00,716.50,324136
8-Apr-15,713.50,715.00,706.00,709.50,258634
7-Apr-15,704.00,714.00,704.00,711.50,234690
2-Apr-15,702.00,706.50,696.00,703.50,227840
1-Apr-15,694.50,701.50,693.00,698.50,501073
31-Mar-15,702.00,716.00,697.50,699.50,316565
30-Mar-15,701.00,712.00,701.00,705.00,306028
27-Mar-15,705.00,705.46,698.00,701.00,452645
26-Mar-15,713.50,713.50,695.50,702.00,448281
25-Mar-15,726.00,727.50,713.50,715.00,481633
24-Mar-15,723.00,727.50,718.50,723.50,324142
23-Mar-15,728.00,728.00,717.00,720.50,361626
20-Mar-15,723.00,726.50,717.50,723.50,671896
19-Mar-15,725.50,732.05,722.00,723.50,331776
18-Mar-15,716.00,728.00,711.60,726.00,524054
17-Mar-15,713.50,717.00,710.00,716.00,455451
16-Mar-15,720.00,720.00,712.50,716.50,409808
13-Mar-15,708.50,715.50,705.38,713.00,413907
12-Mar-15,698.00,706.00,695.25,706.00,441288
11-Mar-15,683.00,695.50,679.50,695.00,588135
10-Mar-15,686.50,692.00,679.00,680.00,447398
9-Mar-15,702.00,704.50,689.50,690.50,506761
6-Mar-15,714.00,715.50,704.00,705.50,238446
5-Mar-15,708.50,713.00,704.50,711.00,261899
4-Mar-15,703.00,706.50,694.00,706.00,620783
3-Mar-15,713.00,715.00,694.00,698.00,678556
2-Mar-15,709.00,719.50,708.50,713.00,442464
27-Feb-15,715.00,720.50,711.50,712.50,326208
26-Feb-15,712.50,718.50,709.00,716.50,241815
25-Feb-15,714.00,719.50,710.00,715.50,278452
24-Feb-15,712.50,716.00,707.00,714.00,465471
23-Feb-15,713.00,713.00,707.50,711.00,278871
20-Feb-15,710.50,710.50,700.00,707.50,221186
19-Feb-15,701.00,707.50,700.00,707.50,346607
18-Feb-15,698.50,708.50,698.50,704.00,391424
17-Feb-15,697.50,700.50,693.00,697.50,429511
16-Feb-15,702.50,705.50,693.50,696.50,490453
13-Feb-15,704.00,709.00,703.50,705.00,474188
12-Feb-15,696.50,706.50,696.50,703.00,568569
11-Feb-15,690.00,697.50,687.00,695.50,662143
10-Feb-15,677.00,698.00,674.00,689.50,972084
9-Feb-15,689.50,693.50,663.50,678.50,1029658
6-Feb-15,697.50,708.00,697.50,706.00,424812
5-Feb-15,692.00,706.50,692.00,702.50,438226
4-Feb-15,696.50,699.00,690.00,699.00,448931
3-Feb-15,689.50,694.00,684.50,693.00,511092
2-Feb-15,699.50,699.50,679.04,686.50,455259
30-Jan-15,702.00,704.00,689.46,696.50,535577
29-Jan-15,705.50,706.50,695.00,699.00,532656
28-Jan-15,702.00,708.00,697.00,706.00,634802
27-Jan-15,702.50,704.50,689.50,697.00,479143
26-Jan-15,697.00,704.50,692.48,702.50,336175
23-Jan-15,698.00,702.50,693.50,697.00,639540
22-Jan-15,701.50,701.50,691.50,696.50,488976
21-Jan-15,697.00,704.44,690.14,697.50,520905
20-Jan-15,688.50,706.00,688.50,702.64,644373
19-Jan-15,672.50,687.50,671.50,687.50,388804
16-Jan-15,679.50,679.50,659.50,669.00,737756
15-Jan-15,691.50,699.00,676.50,678.50,704433
14-Jan-15,686.00,686.00,670.39,676.50,387108
13-Jan-15,676.00,692.00,676.00,687.50,523781
12-Jan-15,695.00,696.00,675.50,680.00,465221
9-Jan-15,683.00,693.50,680.50,691.00,477193
8-Jan-15,674.50,683.50,667.50,683.00,337791
7-Jan-15,661.50,675.50,661.50,668.00,386192
6-Jan-15,674.50,674.50,662.50,663.00,486404
5-Jan-15,660.00,675.50,658.00,672.50,411553
31-Dec-14,678.00,691.00,678.00,687.50,234159
30-Dec-14,671.50,677.50,671.50,674.50,194031
29-Dec-14,681.50,683.50,672.00,674.00,212298
24-Dec-14,694.00,694.00,681.50,682.00,57579
23-Dec-14,678.50,686.50,678.50,682.00,257634
22-Dec-14,681.00,682.50,677.00,681.00,327524
19-Dec-14,684.50,686.50,671.50,676.50,930971
18-Dec-14,670.00,682.00,662.50,682.00,535702
17-Dec-14,666.50,667.50,659.50,662.50,485449
16-Dec-14,651.50,670.00,642.50,668.50,703006
15-Dec-14,651.50,658.50,646.50,646.50,271938
12-Dec-14,659.00,664.52,650.50,652.00,477466
11-Dec-14,672.50,672.50,657.00,666.00,405005
10-Dec-14,668.00,674.50,666.47,668.50,329482
9-Dec-14,669.00,678.00,665.50,665.50,344881
8-Dec-14,675.50,677.00,672.50,672.50,234933
5-Dec-14,675.50,683.05,674.85,679.50,253559
4-Dec-14,670.50,681.00,670.50,674.00,385137
3-Dec-14,678.50,678.50,670.00,674.00,376102
2-Dec-14,673.00,677.00,670.00,675.50,319645
1-Dec-14,664.50,672.50,662.18,669.00,333182
28-Nov-14,668.50,671.94,666.50,670.00,260941
27-Nov-14,669.00,676.00,667.00,674.50,217503
26-Nov-14,676.00,679.00,666.50,666.50,462090
25-Nov-14,672.50,679.50,669.00,669.50,482222
24-Nov-14,669.00,674.00,664.65,672.50,558660
21-Nov-14,665.50,672.50,665.00,667.00,450287
20-Nov-14,653.50,669.00,648.50,669.00,445987
19-Nov-14,657.00,657.00,647.00,650.00,408563
18-Nov-14,640.50,658.50,637.50,652.50,657003
17-Nov-14,625.50,633.50,615.55,633.50,321401
14-Nov-14,643.00,643.00,627.00,627.50,366171
13-Nov-14,636.00,646.50,634.54,638.00,380793
12-Nov-14,630.00,633.00,627.00,633.00,367718
11-Nov-14,638.00,638.00,629.22,630.00,364493
10-Nov-14,622.50,634.50,622.50,632.50,363614
7-Nov-14,638.00,638.00,621.16,627.00,536279
6-Nov-14,635.00,635.50,627.50,635.50,287447
5-Nov-14,625.50,632.00,621.50,632.00,493012
4-Nov-14,619.00,625.50,616.50,621.00,548819
3-Nov-14,619.00,627.50,618.50,621.00,344647
31-Oct-14,615.50,626.50,614.50,623.00,573340
30-Oct-14,609.50,614.50,605.86,610.50,430721
29-Oct-14,599.00,612.00,593.10,608.50,373569
28-Oct-14,595.50,602.79,594.50,596.00,327221
27-Oct-14,598.00,598.00,590.50,594.50,353984
24-Oct-14,595.50,599.00,590.50,594.50,332462
23-Oct-14,603.00,603.00,591.00,595.00,756700
22-Oct-14,593.00,603.00,592.00,603.00,637320
21-Oct-14,578.00,590.50,575.50,590.50,350545
20-Oct-14,583.00,588.00,574.00,578.00,471403
17-Oct-14,582.00,592.00,577.50,584.50,601458
16-Oct-14,570.50,578.50,557.50,577.50,693820
15-Oct-14,582.50,587.50,562.50,568.50,583010
14-Oct-14,568.00,581.00,567.50,580.00,300339
13-Oct-14,569.00,576.00,567.50,574.00,335763
10-Oct-14,575.00,583.00,566.00,576.50,369307
9-Oct-14,588.00,589.96,577.00,580.00,526231
8-Oct-14,594.00,594.00,579.00,582.00,418525
7-Oct-14,598.50,598.50,591.50,595.00,399913
6-Oct-14,608.00,608.00,595.50,600.50,511614
3-Oct-14,597.50,601.50,589.50,595.00,424915
2-Oct-14,598.50,599.50,589.50,591.00,408790
1-Oct-14,610.00,612.50,598.50,598.50,561529
30-Sep-14,617.00,617.00,607.00,612.00,627464
29-Sep-14,615.50,618.00,605.00,615.00,357655
26-Sep-14,610.00,613.50,604.50,613.50,348079
25-Sep-14,617.50,617.55,607.50,611.00,194502
24-Sep-14,617.00,617.00,607.50,614.50,395413
23-Sep-14,626.50,627.00,610.50,616.50,312824
22-Sep-14,631.00,631.80,621.50,622.00,340282
19-Sep-14,627.50,636.50,625.50,634.50,777926
18-Sep-14,618.50,626.00,613.50,623.00,439114
17-Sep-14,625.00,631.50,619.50,619.50,409264
16-Sep-14,630.50,630.50,623.50,625.50,248855
15-Sep-14,621.00,632.50,618.50,630.50,242122
12-Sep-14,617.50,626.00,617.50,625.00,196755
11-Sep-14,618.50,623.00,615.00,620.00,244237
10-Sep-14,631.00,631.00,617.50,618.50,390805
9-Sep-14,625.00,635.00,624.50,626.50,433888
8-Sep-14,628.00,628.00,612.50,625.50,311037
5-Sep-14,629.50,629.50,624.00,627.00,165484
4-Sep-14,633.50,635.50,625.00,630.00,212963
3-Sep-14,627.00,644.50,625.50,636.50,470979
2-Sep-14,630.50,633.00,622.00,627.00,423265
1-Sep-14,621.00,627.00,618.00,627.00,152882
29-Aug-14,625.00,626.00,614.55,618.00,222566
28-Aug-14,634.00,634.00,622.00,622.50,196803
27-Aug-14,630.50,638.61,630.50,632.00,413141
26-Aug-14,630.50,633.30,622.50,632.50,465219
22-Aug-14,627.00,630.50,625.50,629.00,212350
21-Aug-14,624.00,628.00,619.50,626.50,246572
20-Aug-14,621.50,625.50,617.50,622.00,326996
19-Aug-14,616.50,627.00,616.50,624.00,319929
18-Aug-14,615.00,616.50,610.50,616.00,271681
15-Aug-14,607.50,612.50,605.00,609.00,403624
14-Aug-14,601.00,608.50,598.50,606.50,365579
13-Aug-14,594.50,599.50,585.00,599.00,402815
12-Aug-14,582.00,590.50,581.28,588.50,442970
11-Aug-14,576.00,585.00,569.50,582.00,455983
8-Aug-14,569.00,571.50,564.50,569.50,214197
7-Aug-14,561.50,575.00,561.50,571.00,335214
6-Aug-14,563.00,564.00,557.50,563.00,302279
5-Aug-14,559.00,567.00,559.00,564.00,192829
4-Aug-14,563.50,566.50,558.50,558.50,224864
1-Aug-14,560.00,565.27,552.50,564.50,358399
31-Jul-14,566.50,568.50,556.00,563.00,240467
30-Jul-14,574.00,574.00,565.00,567.00,188756
29-Jul-14,565.50,573.50,565.50,572.50,248960
28-Jul-14,573.50,573.70,559.50,566.50,280106
25-Jul-14,573.50,575.50,569.00,570.50,242823
24-Jul-14,564.50,577.00,564.50,575.00,292146
23-Jul-14,563.50,570.00,562.62,566.00,316998
22-Jul-14,562.00,566.80,559.00,563.00,136710
21-Jul-14,565.00,565.00,559.18,561.50,192898
18-Jul-14,561.50,568.50,561.50,566.50,318184
17-Jul-14,564.00,571.50,558.00,566.00,243751
16-Jul-14,557.50,567.00,557.50,564.00,273295
15-Jul-14,574.00,576.50,563.00,563.00,339870
14-Jul-14,579.50,580.00,574.00,577.00,271244
11-Jul-14,570.50,578.50,570.50,576.00,209658
10-Jul-14,579.00,580.00,568.50,572.50,300798
9-Jul-14,585.50,596.50,574.00,577.50,254594
8-Jul-14,585.50,588.00,581.00,583.00,565580
7-Jul-14,589.00,589.00,577.00,583.00,230509
4-Jul-14,588.00,595.00,588.00,588.50,187273
3-Jul-14,593.00,593.70,588.50,591.00,294159
2-Jul-14,587.50,594.50,587.00,590.50,450431
1-Jul-14,592.50,592.50,581.50,589.00,520224
30-Jun-14,589.50,590.50,583.97,589.50,340743
27-Jun-14,584.50,588.50,582.00,587.00,529266
26-Jun-14,579.50,587.00,574.00,583.50,326282
25-Jun-14,590.00,590.00,579.00,579.50,550835
24-Jun-14,603.50,603.50,584.90,588.50,471096
23-Jun-14,602.00,604.50,596.00,599.00,245126
20-Jun-14,602.00,610.50,600.10,602.00,668855
19-Jun-14,609.50,611.50,599.00,599.50,229861
18-Jun-14,602.50,605.50,595.00,601.50,404121
17-Jun-14,604.00,609.00,597.00,601.00,442877
16-Jun-14,607.00,613.00,600.50,601.50,449839
13-Jun-14,617.50,618.06,603.00,608.00,511454
12-Jun-14,587.00,619.50,587.00,614.50,737815
11-Jun-14,603.50,603.50,587.00,591.00,449832
10-Jun-14,599.50,602.50,593.00,600.00,378736
9-Jun-14,602.00,602.50,594.00,599.00,220714
6-Jun-14,595.00,604.50,590.50,599.00,918109
5-Jun-14,603.00,608.50,591.50,593.97,548214
4-Jun-14,601.00,606.50,598.50,604.97,285873
3-Jun-14,599.00,606.00,588.50,601.97,579885
2-Jun-14,589.50,606.00,588.14,593.97,474486
30-May-14,579.00,592.00,573.32,592.00,423747
29-May-14,583.50,587.00,577.36,582.50,164376
28-May-14,572.00,583.50,572.00,581.97,368812
27-May-14,575.50,577.50,569.50,575.00,296084
23-May-14,564.50,571.50,564.50,570.00,228606
22-May-14,568.00,572.50,566.50,568.50,198445
21-May-14,563.50,570.00,558.50,568.00,188596
20-May-14,563.00,569.19,561.00,562.50,302114
19-May-14,563.50,567.42,556.00,561.00,344105
16-May-14,580.50,583.50,554.00,562.00,476238
15-May-14,584.50,589.50,575.00,575.00,303796
14-May-14,586.50,589.00,580.50,586.00,207374
13-May-14,586.50,589.00,580.50,584.00,152461
12-May-14,577.00,583.50,570.50,583.00,187726
9-May-14,571.00,577.00,565.00,571.50,236258
8-May-14,575.00,580.00,571.00,574.50,254665
7-May-14,568.50,575.50,564.00,571.50,342590
6-May-14,569.00,574.00,562.00,570.50,329165
2-May-14,557.00,569.00,557.00,567.00,259207
1-May-14,558.00,566.00,555.00,560.50,63675
30-Apr-14,559.50,564.00,555.00,561.50,436497
29-Apr-14,566.50,571.00,562.00,562.00,205730
28-Apr-14,575.00,580.26,561.00,564.00,177954
25-Apr-14,577.50,583.00,567.02,575.00,246067
24-Apr-14,579.50,585.50,574.50,576.00,283804
23-Apr-14,581.50,584.00,578.50,579.00,224799
22-Apr-14,572.00,582.00,570.00,580.00,265237
17-Apr-14,568.00,573.00,563.50,571.00,322179
16-Apr-14,567.50,569.00,563.00,564.50,394047
15-Apr-14,566.00,572.50,560.00,561.00,221743
14-Apr-14,576.50,576.50,564.50,568.50,563629
11-Apr-14,578.00,579.00,566.14,577.50,304543
10-Apr-14,593.50,596.50,582.50,584.00,264531
9-Apr-14,581.50,593.00,581.50,590.00,225369
8-Apr-14,587.00,590.50,571.00,577.50,272362
7-Apr-14,592.00,599.00,588.00,588.50,326652
4-Apr-14,593.50,599.50,591.00,596.50,210511
3-Apr-14,587.50,595.00,587.50,593.50,295968
2-Apr-14,587.50,596.45,584.50,590.00,328517
1-Apr-14,577.50,586.00,575.00,585.50,293387
31-Mar-14,584.50,584.50,573.00,576.00,449116
28-Mar-14,583.00,586.70,577.50,578.50,274826
27-Mar-14,587.50,589.50,580.32,583.50,228615
26-Mar-14,584.00,589.70,579.39,589.00,244804
25-Mar-14,578.50,591.00,578.50,585.00,137887
24-Mar-14,588.00,592.50,576.00,579.00,212227
21-Mar-14,583.50,592.00,582.50,589.00,453184
20-Mar-14,580.00,584.00,577.00,584.00,321037
19-Mar-14,589.00,590.99,585.50,587.00,239916
18-Mar-14,587.50,592.00,581.00,588.50,375787
17-Mar-14,589.50,592.00,585.00,590.00,223576
14-Mar-14,587.50,591.00,581.00,586.00,237319
13-Mar-14,590.00,594.50,580.00,591.00,431062
12-Mar-14,592.50,592.50,585.00,585.00,380680
11-Mar-14,587.50,593.00,581.00,591.50,189267
10-Mar-14,590.50,600.00,585.00,588.00,211264
7-Mar-14,596.00,601.00,587.50,590.00,281030
6-Mar-14,598.00,601.50,592.50,598.00,247752
5-Mar-14,604.00,610.00,597.00,598.00,241139
4-Mar-14,597.00,610.50,595.00,606.50,322276
3-Mar-14,602.50,602.50,588.00,591.00,452775
28-Feb-14,599.50,614.50,599.00,610.00,412919
27-Feb-14,594.50,602.50,591.00,601.00,433323
26-Feb-14,595.50,597.00,591.00,596.50,272587
25-Feb-14,589.00,597.50,586.50,596.00,669485
24-Feb-14,580.00,589.00,573.50,587.45,452039
21-Feb-14,574.50,580.50,566.50,572.21,553319
20-Feb-14,572.50,579.00,572.50,574.50,566810
19-Feb-14,576.50,582.00,574.00,579.50,327130
18-Feb-14,583.00,583.00,574.00,578.50,430079
17-Feb-14,578.00,584.50,578.00,584.50,310597
14-Feb-14,580.00,586.00,576.00,580.00,371833
13-Feb-14,579.50,579.50,572.00,578.00,494295
12-Feb-14,581.50,584.00,576.50,582.00,456664
11-Feb-14,590.00,595.50,571.00,581.50,748835
10-Feb-14,594.50,597.00,591.50,593.50,289747
7-Feb-14,600.00,600.00,594.50,595.50,297791
6-Feb-14,596.00,600.00,590.50,600.00,291218
5-Feb-14,597.00,600.00,590.00,592.00,325679
4-Feb-14,588.50,597.50,582.50,597.50,442112
3-Feb-14,595.50,602.00,586.50,589.00,532114
31-Jan-14,605.50,609.50,594.00,598.50,358738
30-Jan-14,610.50,611.50,601.00,606.00,270574
29-Jan-14,618.00,621.00,603.50,607.00,348955
28-Jan-14,609.00,616.00,603.00,611.00,212488
27-Jan-14,615.00,615.00,603.00,605.00,340275
24-Jan-14,617.00,621.50,605.50,614.50,399103
23-Jan-14,619.50,629.50,618.50,620.50,408878
22-Jan-14,617.50,623.50,615.00,622.00,273850
21-Jan-14,618.50,622.50,616.50,617.50,204034
20-Jan-14,622.50,625.50,618.50,619.50,117999
17-Jan-14,624.00,624.50,619.00,622.00,639778
16-Jan-14,624.50,626.50,619.00,620.00,660950
15-Jan-14,616.00,625.50,612.50,623.00,1460131
14-Jan-14,612.50,615.00,609.50,612.50,760471
13-Jan-14,617.00,619.00,611.50,617.50,219425
10-Jan-14,603.50,617.50,603.50,616.00,428023
9-Jan-14,615.50,617.50,601.00,604.50,182700
8-Jan-14,619.50,620.00,613.00,613.50,280926
7-Jan-14,618.50,624.00,616.00,620.00,306588
6-Jan-14,622.00,624.50,613.00,616.50,193402
3-Jan-14,611.00,618.50,607.00,617.00,230261
2-Jan-14,612.50,614.50,602.00,613.50,275834
31-Dec-13,614.50,614.50,600.00,603.50,73251
30-Dec-13,615.00,617.50,609.50,611.50,196279
27-Dec-13,606.00,612.50,606.00,611.50,121760
24-Dec-13,599.50,608.00,599.50,606.00,39456
23-Dec-13,597.50,603.50,597.50,602.50,193135
20-Dec-13,584.50,599.50,584.00,599.50,632400
19-Dec-13,580.00,594.50,580.00,586.50,251943
18-Dec-13,575.00,579.50,574.50,577.00,464099
17-Dec-13,567.50,577.00,565.50,576.50,302088
16-Dec-13,566.00,578.50,563.50,569.50,261803
13-Dec-13,562.00,566.00,562.00,564.50,128539
12-Dec-13,564.00,567.00,559.00,560.00,335302
11-Dec-13,564.50,573.50,561.50,563.50,335430
10-Dec-13,566.50,571.00,563.00,569.00,212340
9-Dec-13,574.00,575.00,568.00,571.00,224431
6-Dec-13,565.00,573.00,562.00,573.00,228908
5-Dec-13,567.00,576.50,555.50,568.50,445152
4-Dec-13,579.00,583.50,567.00,570.00,314463
3-Dec-13,587.00,587.00,577.00,580.00,288221
2-Dec-13,585.50,588.00,579.00,583.00,276511
29-Nov-13,590.00,594.00,587.00,587.00,243877
28-Nov-13,591.00,594.00,588.50,591.50,167650
27-Nov-13,591.00,595.00,585.00,590.00,153970
26-Nov-13,596.00,599.00,586.50,586.50,356750
25-Nov-13,593.00,596.00,588.00,594.50,274248
22-Nov-13,590.00,594.50,588.50,588.50,268655
21-Nov-13,589.50,594.00,587.00,589.00,467801
20-Nov-13,578.00,593.00,576.50,592.00,451310
19-Nov-13,570.00,587.50,568.50,584.00,302003
18-Nov-13,570.50,573.50,562.50,571.00,258261
15-Nov-13,573.00,575.00,569.50,569.50,258063
14-Nov-13,571.50,577.00,571.50,573.50,205182
13-Nov-13,571.00,574.50,566.00,566.00,481603
12-Nov-13,568.50,575.50,565.50,572.50,361473
11-Nov-13,557.50,575.00,557.50,567.50,366478
8-Nov-13,558.00,561.50,554.50,555.00,421255
7-Nov-13,553.50,564.50,552.50,561.50,352469
6-Nov-13,554.00,557.50,552.00,555.50,376684
5-Nov-13,553.00,553.00,548.50,549.50,281831
4-Nov-13,543.00,554.50,543.00,553.50,341488
1-Nov-13,550.50,550.50,542.50,543.50,309492
31-Oct-13,556.50,558.00,548.50,548.50,430613
30-Oct-13,552.00,559.50,551.50,559.00,328759
29-Oct-13,553.00,556.00,548.50,552.00,237464
28-Oct-13,552.00,553.50,549.50,553.50,298047
25-Oct-13,550.50,555.50,547.50,553.00,217526
24-Oct-13,551.50,556.50,550.00,553.50,249221
23-Oct-13,547.00,556.50,-,551.00,266552
22-Oct-13,550.50,550.50,545.00,548.00,197694
21-Oct-13,550.00,552.00,547.00,550.50,213734
18-Oct-13,542.00,548.50,539.50,547.50,343136
17-Oct-13,537.00,540.50,533.00,538.50,282410
16-Oct-13,531.00,541.50,528.50,540.00,273145
15-Oct-13,534.50,535.50,529.50,534.50,449142
14-Oct-13,535.50,537.50,533.00,534.00,256701
11-Oct-13,540.00,540.00,531.00,536.00,301819
10-Oct-13,529.50,539.00,528.50,538.00,562741
9-Oct-13,543.50,543.50,525.00,528.00,396806
8-Oct-13,550.50,554.00,546.50,546.50,127202
7-Oct-13,553.00,553.00,545.50,550.00,198637
4-Oct-13,561.00,562.00,550.00,554.00,435834
3-Oct-13,563.50,567.50,560.00,561.50,155108
2-Oct-13,564.00,570.50,563.50,563.50,279842
1-Oct-13,566.50,568.00,562.50,567.50,278698
30-Sep-13,549.50,566.50,549.00,566.50,562156
27-Sep-13,553.50,558.50,552.50,556.00,222088
26-Sep-13,563.00,563.00,552.50,554.50,286614
25-Sep-13,560.50,565.00,555.50,561.00,377332
24-Sep-13,551.50,562.50,551.50,560.50,374335
20-Sep-13,561.00,565.50,556.00,556.00,762065
19-Sep-13,574.00,580.00,560.00,560.00,360772
18-Sep-13,561.00,566.50,560.00,566.00,248120
17-Sep-13,570.00,570.00,561.00,561.00,273868
16-Sep-13,575.50,576.50,569.50,571.50,294621
13-Sep-13,570.00,577.50,567.50,570.00,202352
12-Sep-13,575.00,575.00,566.00,570.00,188608
11-Sep-13,577.50,584.00,572.50,574.00,261237
10-Sep-13,576.50,586.50,571.50,575.50,357528
9-Sep-13,570.00,573.50,568.00,573.50,257612
6-Sep-13,570.50,571.50,560.50,569.00,372246
5-Sep-13,562.50,570.50,562.00,570.50,198058
4-Sep-13,564.00,566.50,556.00,562.00,271601
3-Sep-13,564.50,569.50,561.00,562.50,258088
2-Sep-13,553.00,569.50,552.00,562.00,403442
30-Aug-13,546.50,550.00,541.50,546.50,296213
29-Aug-13,543.00,550.00,542.50,547.50,275625
28-Aug-13,546.00,546.00,537.00,539.50,351522
27-Aug-13,551.00,558.00,542.50,547.50,626188
23-Aug-13,553.00,560.00,551.50,552.00,503382
22-Aug-13,559.00,560.50,553.50,556.50,342495
21-Aug-13,560.50,562.50,555.00,556.00,321871
20-Aug-13,562.50,567.50,554.00,559.50,480866
19-Aug-13,565.00,574.00,563.50,568.00,451180
16-Aug-13,560.50,574.50,551.50,574.50,557547
15-Aug-13,577.00,577.00,560.50,560.50,396679
14-Aug-13,572.50,578.00,571.00,576.00,425333
13-Aug-13,577.50,579.00,572.00,572.50,241007
12-Aug-13,577.00,582.50,573.50,575.50,337599
9-Aug-13,573.50,579.00,571.00,578.00,217245
8-Aug-13,569.50,576.00,567.00,571.00,234918
7-Aug-13,568.50,570.00,560.00,567.00,289601
6-Aug-13,564.50,579.50,564.50,568.50,497357
5-Aug-13,558.00,564.00,558.00,564.00,255213
2-Aug-13,559.00,563.00,554.00,559.00,332936
1-Aug-13,557.00,562.00,555.00,558.00,291163
31-Jul-13,548.50,559.50,546.50,556.00,427123
30-Jul-13,547.00,552.50,544.50,551.00,278666
29-Jul-13,541.50,546.00,538.50,545.50,252455
26-Jul-13,537.00,543.00,537.00,539.00,408813
25-Jul-13,536.00,540.50,528.50,536.50,473470
24-Jul-13,526.50,532.50,522.50,522.50,270558
23-Jul-13,533.50,535.00,527.00,527.50,284838
22-Jul-13,533.00,534.50,528.00,532.00,261818
19-Jul-13,524.50,533.50,523.15,531.50,263415
18-Jul-13,527.50,532.50,521.00,525.00,299493
17-Jul-13,524.00,532.50,522.00,530.00,278908
16-Jul-13,535.50,537.99,527.00,528.00,182514
15-Jul-13,534.00,541.00,530.31,534.50,204133
12-Jul-13,532.00,535.00,530.00,532.50,144533
11-Jul-13,530.00,532.64,527.00,530.00,265987
10-Jul-13,534.50,537.00,521.72,526.50,476515
9-Jul-13,537.00,541.00,536.50,537.50,310883
8-Jul-13,527.00,539.00,513.00,534.50,433011
5-Jul-13,522.50,528.50,519.00,524.50,289798
4-Jul-13,513.00,527.50,510.50,525.00,299181
3-Jul-13,505.50,515.50,502.00,511.00,408296
2-Jul-13,513.00,517.00,508.50,509.50,436376
1-Jul-13,504.00,514.50,502.00,512.00,293747
28-Jun-13,514.00,517.00,501.86,503.50,516539
27-Jun-13,506.00,513.00,489.55,512.50,383206
26-Jun-13,498.50,505.00,496.80,504.50,536995
25-Jun-13,488.10,498.00,487.20,496.60,430145
24-Jun-13,493.90,515.00,477.10,484.20,612936
21-Jun-13,500.50,506.50,488.30,489.60,1355630
20-Jun-13,509.50,510.00,500.00,500.50,483366
19-Jun-13,514.50,518.50,509.00,516.00,700493
18-Jun-13,506.00,513.00,505.00,513.00,323287
17-Jun-13,514.00,514.00,505.50,506.00,266160
14-Jun-13,507.00,515.50,504.50,507.00,369798
13-Jun-13,500.00,511.50,496.50,504.50,402445
12-Jun-13,500.50,508.00,499.30,502.50,217380
11-Jun-13,508.00,508.50,496.10,501.50,296056
10-Jun-13,510.50,512.50,504.50,508.50,234510
7-Jun-13,500.50,510.00,499.50,508.00,281151
6-Jun-13,503.50,509.00,497.93,501.00,297166
5-Jun-13,509.00,516.00,500.50,503.50,465833
4-Jun-13,515.50,520.00,506.50,513.00,318563
3-Jun-13,515.00,518.49,509.00,513.50,302534
31-May-13,530.50,532.00,516.85,517.00,456898
30-May-13,519.50,534.50,518.00,531.50,426592
29-May-13,528.00,530.50,518.50,525.00,384460
28-May-13,524.50,534.00,524.50,528.00,516662
24-May-13,529.50,534.44,516.00,519.00,410724
23-May-13,529.50,531.00,519.00,529.00,401568
22-May-13,540.50,542.50,532.50,537.00,410240
21-May-13,531.50,539.50,530.00,538.50,500086
20-May-13,532.00,534.50,528.52,529.50,212273
17-May-13,526.50,531.00,523.51,529.00,336983
16-May-13,528.00,529.00,524.00,525.50,267156
15-May-13,531.00,531.50,524.50,525.50,301225
14-May-13,540.50,540.50,524.00,531.00,421308
13-May-13,521.50,526.50,516.00,526.50,293953
10-May-13,522.00,524.50,518.00,521.50,196632
9-May-13,517.00,522.00,514.50,520.00,281340
8-May-13,512.50,518.00,512.50,516.50,218742
7-May-13,512.50,515.00,509.00,512.00,245198
3-May-13,505.00,516.00,502.50,512.50,250456
2-May-13,507.50,509.49,495.50,504.50,366781
1-May-13,503.50,516.00,502.00,511.00,285365
30-Apr-13,496.60,502.50,495.50,500.50,561667
29-Apr-13,494.70,496.80,490.00,496.50,307375
26-Apr-13,491.40,494.00,487.80,493.90,430343
25-Apr-13,483.80,493.30,483.80,490.90,712544
24-Apr-13,484.20,486.10,477.70,486.10,334169
23-Apr-13,470.20,485.80,470.20,483.90,535720
22-Apr-13,474.50,480.00,469.05,470.60,352092
19-Apr-13,484.40,484.94,472.20,473.50,470924
18-Apr-13,480.30,487.30,479.40,480.70,341838
17-Apr-13,487.70,490.50,479.40,480.00,321549
16-Apr-13,494.10,496.10,484.20,486.50,475488
15-Apr-13,506.50,506.50,489.00,498.20,565130
12-Apr-13,507.50,512.50,503.50,506.50,268370
11-Apr-13,500.00,511.50,499.90,510.50,272619
10-Apr-13,502.00,503.27,494.50,499.70,593121
9-Apr-13,501.50,501.50,491.80,499.20,547043
8-Apr-13,488.50,501.50,486.58,496.60,593148
5-Apr-13,501.50,503.68,490.40,491.90,561559
4-Apr-13,511.00,511.50,497.50,500.00,534638
3-Apr-13,523.00,525.00,509.00,510.00,758460
2-Apr-13,520.00,533.00,517.00,522.00,474070
28-Mar-13,514.50,519.50,512.00,518.00,278707
27-Mar-13,522.50,522.50,513.00,513.50,289793
26-Mar-13,518.00,523.00,516.56,522.16,365784
25-Mar-13,513.50,536.50,512.09,516.50,523040
22-Mar-13,515.00,519.50,509.00,511.00,347657
21-Mar-13,517.50,519.00,508.00,515.50,311348
20-Mar-13,516.50,523.00,516.50,519.00,336871
19-Mar-13,525.50,527.00,517.00,518.00,463919
18-Mar-13,530.00,530.00,519.94,526.50,405271
15-Mar-13,520.50,537.50,520.50,531.50,889981
14-Mar-13,517.50,523.00,517.00,517.50,468697
13-Mar-13,518.00,520.50,514.00,516.50,318369
12-Mar-13,516.50,524.00,516.00,518.00,343371
11-Mar-13,516.00,517.00,511.50,516.50,414445
8-Mar-13,504.50,518.00,503.50,514.00,416958
7-Mar-13,497.40,502.50,493.40,497.60,303524
6-Mar-13,496.20,499.90,494.50,497.10,554066
5-Mar-13,497.50,503.50,493.60,495.50,550488
4-Mar-13,494.30,495.50,488.00,495.50,305166
1-Mar-13,493.10,495.40,488.60,494.60,307448
28-Feb-13,498.20,498.20,491.10,492.60,403253
27-Feb-13,492.00,498.50,489.30,496.60,367739
26-Feb-13,490.30,492.40,485.71,490.40,426348
25-Feb-13,499.50,499.89,494.40,496.20,423974
22-Feb-13,489.20,500.50,489.20,497.80,300829
21-Feb-13,491.10,492.90,479.00,487.40,324597
20-Feb-13,487.60,495.30,485.74,493.50,529711
19-Feb-13,482.20,487.40,479.00,487.40,227275
18-Feb-13,485.90,487.18,478.40,480.00,291366
15-Feb-13,480.00,487.70,477.30,485.50,543299
14-Feb-13,477.60,485.00,476.70,480.48,638867
13-Feb-13,465.00,477.65,463.20,477.60,415237
12-Feb-13,462.90,465.00,461.20,464.50,555518
11-Feb-13,464.50,465.70,460.98,463.20,283991
8-Feb-13,470.20,470.20,464.00,464.70,284930
7-Feb-13,472.50,472.90,466.70,468.80,323351
6-Feb-13,472.80,477.60,470.30,472.00,393460
5-Feb-13,472.00,473.10,467.65,472.10,347888
4-Feb-13,470.30,472.80,467.60,468.80,506456
1-Feb-13,461.70,471.40,461.00,468.90,642170
31-Jan-13,460.60,463.60,459.70,460.40,351663
30-Jan-13,463.70,463.70,458.60,461.30,337896
29-Jan-13,465.70,466.60,461.40,463.40,330807
28-Jan-13,469.10,470.20,464.50,466.10,278179
25-Jan-13,465.00,470.20,463.60,469.10,266700
24-Jan-13,461.80,468.40,458.50,464.90,361670
23-Jan-13,457.70,460.40,453.60,459.90,371990
22-Jan-13,456.40,456.60,453.40,455.80,242159
21-Jan-13,457.00,457.10,447.10,455.90,383981
18-Jan-13,453.60,456.80,451.30,456.00,237514
17-Jan-13,447.50,452.50,446.00,452.40,250417
16-Jan-13,442.60,448.40,442.00,447.20,326629
15-Jan-13,446.90,447.80,442.90,443.30,356106
14-Jan-13,450.80,452.80,444.60,447.00,379522
11-Jan-13,453.10,456.40,450.40,450.40,348190
10-Jan-13,453.10,454.10,450.90,452.00,269013
9-Jan-13,452.60,455.00,451.02,453.40,482007
8-Jan-13,455.50,458.20,451.60,451.60,617170
7-Jan-13,463.80,463.80,456.30,456.90,391864
4-Jan-13,456.90,461.30,456.30,460.00,277507
3-Jan-13,458.90,462.90,457.00,457.00,551024
2-Jan-13,464.20,466.20,458.20,459.00,476023
