31-Dec-15,796.00,805.00,792.10,802.50,244780
30-Dec-15,802.00,804.50,790.10,800.00,209117
29-Dec-15,790.50,807.00,783.00,802.50,281531
24-Dec-15,790.00,792.00,782.00,785.50,33381
23-Dec-15,786.00,790.00,779.50,782.17,197978
22-Dec-15,781.00,788.50,774.00,783.00,244276
21-Dec-15,781.50,784.50,775.00,775.50,263675
18-Dec-15,781.00,785.00,775.50,781.98,531880
16-Dec-15,776.50,781.50,772.00,773.50,302041
15-Dec-15,765.50,776.50,757.50,772.27,301818
14-Dec-15,759.50,775.00,757.50,760.00,367765
11-Dec-15,770.00,771.00,759.00,761.55,355919
10-Dec-15,771.00,776.50,759.00,767.66,260807
9-Dec-15,772.50,780.00,769.50,775.37,287622
8-Dec-15,778.00,781.95,766.50,773.50,269809
7-Dec-15,777.00,785.00,777.00,780.00,188555
4-Dec-15,769.50,779.00,763.00,777.00,369999
3-Dec-15,773.00,782.00,766.50,774.00,402277
2-Dec-15,781.00,783.50,773.50,775.00,431664
1-Dec-15,772.50,783.50,771.50,782.00,259896
30-Nov-15,756.50,785.00,756.50,774.00,354230
27-Nov-15,765.50,776.50,765.50,773.46,284560
26-Nov-15,767.00,770.00,760.00,768.00,184247
25-Nov-15,765.00,773.00,760.50,768.58,174488
24-Nov-15,776.00,776.00,740.95,761.50,274482
23-Nov-15,769.00,774.00,764.00,771.50,208565
20-Nov-15,761.00,775.50,761.00,770.00,309373
19-Nov-15,772.50,775.00,758.00,765.26,396453
18-Nov-15,772.00,775.00,768.00,771.37,214171
17-Nov-15,778.00,783.50,772.50,776.00,331132
16-Nov-15,762.00,773.00,757.50,773.00,280437
13-Nov-15,762.50,773.00,762.00,765.00,330923
12-Nov-15,767.00,770.00,762.50,767.50,328872
11-Nov-15,753.50,768.00,751.50,764.00,335094
10-Nov-15,763.00,763.00,748.50,752.00,273047
9-Nov-15,758.00,758.50,749.50,754.92,266849
6-Nov-15,751.50,756.50,746.00,752.00,302998
5-Nov-15,749.50,754.50,745.50,750.69,235938
4-Nov-15,758.00,761.00,744.00,747.37,242295
3-Nov-15,763.00,763.50,751.50,753.87,160169
2-Nov-15,754.00,761.00,751.00,757.87,290945
30-Oct-15,755.00,759.50,749.36,754.03,440956
29-Oct-15,749.00,755.50,745.00,754.00,487541
28-Oct-15,742.50,747.00,737.00,744.50,258055
27-Oct-15,742.50,743.00,734.50,740.67,192854
26-Oct-15,729.50,740.00,729.50,737.08,270911
23-Oct-15,725.00,732.50,723.50,730.90,450442
22-Oct-15,726.00,727.50,716.00,722.24,374661
21-Oct-15,732.00,732.00,722.00,729.68,388304
20-Oct-15,734.00,739.00,726.50,726.94,294895
19-Oct-15,726.50,736.00,720.61,732.95,280429
16-Oct-15,736.00,741.50,725.00,729.00,365361
15-Oct-15,723.50,738.50,720.00,734.00,388098
14-Oct-15,726.50,749.66,721.50,721.50,615011
13-Oct-15,737.50,740.50,730.00,734.36,456038
12-Oct-15,742.00,743.00,732.50,737.77,430541
9-Oct-15,756.00,759.00,740.00,747.93,364960
8-Oct-15,752.50,757.50,751.00,754.57,486618
7-Oct-15,752.50,774.79,749.50,755.00,510977
6-Oct-15,765.50,783.72,756.50,783.72,327819
5-Oct-15,759.50,761.50,753.50,760.50,331085
2-Oct-15,754.50,759.00,743.50,748.47,438175
1-Oct-15,756.00,762.50,746.00,753.00,467048
30-Sep-15,772.00,775.00,766.50,769.50,490217
29-Sep-15,771.00,772.00,758.50,761.50,578301
28-Sep-15,788.00,789.50,772.00,776.00,714955
25-Sep-15,783.50,789.50,780.50,786.05,491134
24-Sep-15,763.00,772.50,756.00,772.09,642943
23-Sep-15,755.00,762.50,742.50,761.49,420186
22-Sep-15,745.00,787.00,745.00,753.20,1077774
21-Sep-15,727.50,742.50,727.50,734.50,237148
18-Sep-15,737.50,740.50,726.00,734.00,839531
17-Sep-15,735.00,740.00,735.00,737.50,446961
16-Sep-15,739.50,741.14,733.00,736.00,346191
15-Sep-15,734.50,736.00,723.50,733.48,235611
14-Sep-15,737.50,742.50,731.50,731.50,255805
11-Sep-15,743.00,743.00,733.00,736.00,273919
10-Sep-15,736.50,745.00,730.50,739.44,477413
9-Sep-15,744.50,748.50,738.00,739.50,673982
8-Sep-15,727.00,740.00,727.00,734.00,357493
7-Sep-15,732.50,733.00,721.00,728.00,315639
4-Sep-15,728.50,732.50,724.50,726.50,364814
3-Sep-15,730.50,736.50,727.50,732.50,635389
2-Sep-15,727.00,730.50,712.50,727.00,698301
1-Sep-15,721.50,728.00,715.00,723.93,877416
28-Aug-15,727.50,730.88,716.00,722.58,639455
27-Aug-15,723.00,734.50,717.00,728.50,718603
26-Aug-15,705.00,712.63,700.50,705.92,621400
25-Aug-15,697.50,719.00,694.00,717.06,476146
24-Aug-15,695.00,700.50,678.50,690.00,892191
21-Aug-15,710.50,713.50,706.98,707.00,624982
20-Aug-15,708.50,718.50,707.50,717.50,515523
19-Aug-15,727.50,727.50,712.50,712.50,577675
18-Aug-15,723.50,731.50,723.00,727.64,407117
17-Aug-15,732.50,732.50,720.50,726.00,238381
14-Aug-15,729.00,735.50,726.50,729.42,341153
13-Aug-15,715.00,729.50,714.80,725.97,469429
12-Aug-15,706.50,711.50,698.00,711.50,553591
11-Aug-15,718.50,718.50,708.50,714.69,557648
10-Aug-15,727.00,727.00,706.57,719.70,779257
7-Aug-15,733.50,733.50,722.00,724.73,509642
6-Aug-15,741.00,744.50,731.50,739.50,523510
5-Aug-15,749.50,751.00,742.00,746.00,437889
4-Aug-15,753.50,764.00,752.00,753.00,386853
3-Aug-15,747.00,764.10,747.00,756.00,520097
31-Jul-15,742.50,752.50,740.50,748.50,455969
30-Jul-15,740.50,745.50,733.50,736.00,471756
29-Jul-15,747.00,748.64,739.50,745.87,473809
28-Jul-15,733.00,740.50,729.50,739.94,740958
27-Jul-15,735.00,738.50,728.83,729.64,566679
24-Jul-15,742.00,745.00,735.50,738.00,515782
23-Jul-15,736.50,744.00,735.00,740.24,770549
22-Jul-15,743.00,748.50,724.50,728.95,1300389
21-Jul-15,789.00,789.00,743.00,752.00,1276892
20-Jul-15,808.00,813.50,800.50,807.00,499706
17-Jul-15,802.50,806.50,799.00,804.50,350811
16-Jul-15,794.00,804.00,792.50,802.50,445765
15-Jul-15,781.50,789.00,778.00,789.00,396049
14-Jul-15,784.50,785.00,774.00,779.12,529290
13-Jul-15,787.00,792.00,782.50,785.00,637800
10-Jul-15,776.50,783.00,773.00,783.00,453703
9-Jul-15,757.00,771.50,757.00,766.00,423428
8-Jul-15,749.50,756.50,746.00,756.00,511660
7-Jul-15,752.50,754.50,746.50,749.00,447613
6-Jul-15,751.00,751.00,743.82,748.00,304470
3-Jul-15,754.50,758.00,748.50,755.00,438687
2-Jul-15,756.00,760.00,750.00,752.00,380922
1-Jul-15,754.00,758.00,749.00,757.00,483231
30-Jun-15,742.00,752.00,737.50,746.50,822510
29-Jun-15,738.00,755.50,735.50,743.00,559493
26-Jun-15,757.50,761.00,753.00,756.00,439839
25-Jun-15,756.50,760.00,751.00,757.50,420578
24-Jun-15,760.00,760.00,751.50,755.50,219992
23-Jun-15,761.00,765.00,757.00,760.00,287703
22-Jun-15,762.00,764.42,749.50,757.50,408540
19-Jun-15,752.00,754.50,741.00,750.50,787738
18-Jun-15,746.00,749.50,737.50,749.50,442048
17-Jun-15,758.50,758.50,745.40,746.00,467454
16-Jun-15,755.50,756.00,741.50,755.00,473589
15-Jun-15,758.00,764.00,753.00,753.00,507269
12-Jun-15,767.50,771.00,760.00,764.00,498973
11-Jun-15,768.50,779.50,766.00,771.00,318158
10-Jun-15,757.50,770.00,757.00,768.00,883857
9-Jun-15,762.50,768.50,759.00,760.50,375140
8-Jun-15,765.00,774.50,764.00,767.00,500236
5-Jun-15,785.00,785.00,766.00,767.20,681149
4-Jun-15,785.00,791.50,784.50,787.00,523765
3-Jun-15,791.00,793.00,788.00,790.00,334726
2-Jun-15,795.50,797.20,786.50,788.50,453201
1-Jun-15,787.00,795.50,779.50,791.50,430225
29-May-15,786.50,792.00,779.30,781.50,594409
28-May-15,780.50,787.00,779.50,784.00,521509
27-May-15,780.00,791.00,780.00,787.19,705023
26-May-15,795.00,795.00,781.00,782.50,419982
22-May-15,788.00,801.00,786.50,794.50,653223
21-May-15,772.00,786.00,766.50,786.00,580209
20-May-15,770.50,782.00,770.50,777.00,528682
19-May-15,773.00,774.50,768.00,771.42,459979
18-May-15,757.00,772.00,755.50,770.00,446614
15-May-15,760.50,767.50,759.00,760.00,379888
14-May-15,747.50,763.50,747.50,761.50,282486
13-May-15,757.50,760.58,752.00,754.50,398359
12-May-15,756.50,761.00,743.00,752.50,654186
11-May-15,774.00,774.00,758.00,762.00,398719
8-May-15,756.50,790.50,749.81,769.45,1410264
7-May-15,735.50,741.50,721.00,737.50,673940
6-May-15,725.50,739.00,725.50,736.50,652808
5-May-15,737.00,743.00,728.20,737.50,655206
1-May-15,737.50,740.00,729.00,735.49,267888
30-Apr-15,739.50,740.00,730.50,737.00,569963
29-Apr-15,739.00,741.00,729.00,734.50,411490
28-Apr-15,744.00,754.50,728.00,738.00,455991
27-Apr-15,730.00,746.50,725.00,743.50,579839
24-Apr-15,730.00,735.00,722.50,732.50,532118
23-Apr-15,735.00,739.00,726.00,726.50,564902
22-Apr-15,737.00,740.00,723.00,734.14,596709
21-Apr-15,728.50,737.50,727.00,733.00,602011
20-Apr-15,719.00,725.00,714.50,724.50,489542
17-Apr-15,721.50,724.00,712.00,715.03,448932
16-Apr-15,723.00,723.66,711.00,722.00,567050
15-Apr-15,728.00,728.00,715.30,720.68,531201
14-Apr-15,729.50,729.50,719.00,723.50,523494
13-Apr-15,730.00,730.00,722.04,727.10,254387
10-Apr-15,729.00,730.00,722.50,726.69,452543
9-Apr-15,725.00,728.50,720.50,726.50,371665
8-Apr-15,721.00,726.00,717.50,722.00,390247
7-Apr-15,727.50,727.50,719.50,720.00,403909
2-Apr-15,710.00,720.50,709.10,719.00,461581
1-Apr-15,706.00,715.00,704.50,707.00,533027
31-Mar-15,721.00,729.00,706.00,709.00,631445
30-Mar-15,718.00,727.50,717.50,722.17,457817
27-Mar-15,725.00,733.50,714.50,717.00,476642
26-Mar-15,730.50,731.64,722.50,727.50,759963
25-Mar-15,742.50,745.00,730.50,733.00,432291
24-Mar-15,746.00,753.00,741.50,745.00,354655
23-Mar-15,751.00,751.30,741.00,746.50,613059
20-Mar-15,746.50,758.50,746.50,749.00,1288080
19-Mar-15,751.00,757.00,746.00,747.50,466748
18-Mar-15,734.00,752.00,728.86,734.00,724727
17-Mar-15,738.50,738.50,727.00,731.50,671692
16-Mar-15,737.00,749.00,727.60,741.00,430719
13-Mar-15,730.00,732.50,726.00,731.50,211649
12-Mar-15,731.50,736.50,719.00,726.00,543775
11-Mar-15,716.50,730.50,711.50,719.89,408944
10-Mar-15,722.50,737.50,716.00,716.50,523874
9-Mar-15,733.00,734.00,724.00,728.50,290696
6-Mar-15,746.50,747.00,719.50,724.24,545524
5-Mar-15,738.00,746.00,735.00,740.35,403534
4-Mar-15,726.00,735.00,726.00,734.00,370511
3-Mar-15,738.00,740.50,725.50,729.50,555028
2-Mar-15,729.50,739.00,729.50,734.50,490772
27-Feb-15,728.50,732.00,724.00,731.00,364373
26-Feb-15,732.00,733.00,719.74,724.08,428739
25-Feb-15,724.50,731.00,724.50,729.50,347377
24-Feb-15,728.00,730.54,720.50,728.36,332368
23-Feb-15,718.00,726.50,717.00,726.50,392810
20-Feb-15,713.00,717.50,708.00,716.00,291306
19-Feb-15,712.50,717.00,708.00,710.50,340752
18-Feb-15,704.00,714.50,703.00,712.00,608855
17-Feb-15,708.50,709.00,690.50,698.00,450210
16-Feb-15,712.50,712.50,698.50,704.50,328686
13-Feb-15,710.00,718.50,705.50,710.00,464303
12-Feb-15,707.50,713.00,701.95,713.00,425181
11-Feb-15,701.00,708.50,701.00,706.00,397880
10-Feb-15,699.00,710.50,699.00,704.50,378682
9-Feb-15,706.00,706.00,695.50,702.00,602413
6-Feb-15,710.00,716.00,703.00,705.49,514020
5-Feb-15,716.00,720.50,704.00,710.50,525754
4-Feb-15,711.50,718.50,707.50,718.50,666340
3-Feb-15,717.00,718.50,707.00,712.90,740301
2-Feb-15,726.50,729.50,711.00,716.50,976446
30-Jan-15,731.50,736.50,720.00,725.93,850905
29-Jan-15,743.00,750.00,720.00,725.00,1160741
28-Jan-15,755.00,757.00,749.00,757.00,760359
27-Jan-15,754.00,757.50,751.00,753.00,458074
26-Jan-15,743.50,758.00,736.00,757.00,583952
23-Jan-15,746.50,757.50,745.50,748.00,642099
22-Jan-15,737.00,748.50,727.50,744.50,1039309
21-Jan-15,719.50,751.50,718.58,742.00,1466094
20-Jan-15,724.00,752.50,711.00,741.80,2218678
19-Jan-15,703.50,718.00,700.00,717.00,1012416
16-Jan-15,704.50,716.00,697.50,705.54,1259671
15-Jan-15,746.50,746.50,691.50,709.50,2165712
14-Jan-15,742.50,748.00,737.50,742.00,591962
13-Jan-15,729.00,752.00,729.00,750.50,943220
12-Jan-15,756.50,767.28,724.50,729.00,880587
9-Jan-15,737.50,769.00,735.88,760.50,1375322
8-Jan-15,720.00,740.00,720.00,739.50,446256
7-Jan-15,705.00,715.50,700.99,713.00,918221
6-Jan-15,715.50,715.50,705.50,706.50,733631
5-Jan-15,721.00,728.50,712.00,713.00,431201
31-Dec-14,716.00,721.00,714.50,719.00,80171
30-Dec-14,719.00,719.00,707.50,713.50,117508
29-Dec-14,724.50,724.50,713.50,714.50,323370
24-Dec-14,714.50,718.50,712.00,715.50,78361
23-Dec-14,708.00,716.50,703.50,714.00,296019
22-Dec-14,694.00,709.00,687.76,709.00,481081
19-Dec-14,678.50,699.00,678.50,690.50,1190902
18-Dec-14,685.50,685.50,676.50,677.00,1066883
17-Dec-14,675.50,681.50,671.05,678.00,497146
16-Dec-14,654.00,679.00,654.00,664.75,807003
15-Dec-14,657.50,661.50,654.00,654.50,619378
12-Dec-14,676.00,676.00,659.50,659.50,288536
11-Dec-14,676.00,677.50,664.50,674.00,301225
10-Dec-14,665.50,683.50,664.00,675.50,476256
9-Dec-14,669.00,670.50,660.50,660.50,490550
8-Dec-14,663.50,671.00,659.50,669.00,316157
5-Dec-14,664.00,670.50,663.50,666.50,462004
4-Dec-14,665.50,672.50,662.00,666.01,545591
3-Dec-14,675.00,675.50,662.50,665.00,877362
2-Dec-14,675.50,684.00,674.50,679.00,332704
1-Dec-14,673.00,678.00,671.50,675.50,572971
28-Nov-14,673.50,681.50,673.50,677.50,495303
27-Nov-14,668.50,681.00,668.50,677.00,361626
26-Nov-14,666.50,674.00,664.68,667.00,649113
25-Nov-14,649.50,678.50,644.82,668.50,1123105
24-Nov-14,647.00,651.00,643.00,647.50,397767
21-Nov-14,641.00,647.50,641.00,643.50,657922
20-Nov-14,622.00,642.00,619.00,641.00,533564
19-Nov-14,631.50,632.00,622.00,625.00,438682
18-Nov-14,628.00,634.50,626.50,630.00,357574
17-Nov-14,617.50,628.50,616.00,627.00,354385
14-Nov-14,628.00,631.50,619.50,622.86,603287
13-Nov-14,628.00,631.00,625.00,630.00,472349
12-Nov-14,625.50,627.00,621.00,625.00,572864
11-Nov-14,620.50,624.50,617.00,623.50,392840
10-Nov-14,616.50,617.50,610.50,616.12,320277
7-Nov-14,617.00,619.50,613.50,613.50,408558
6-Nov-14,614.00,616.50,607.00,614.50,457053
5-Nov-14,613.50,618.50,610.50,612.50,478800
4-Nov-14,604.00,616.00,601.15,610.50,860463
3-Nov-14,601.00,604.50,600.00,602.50,532431
31-Oct-14,603.50,605.50,598.00,601.00,836651
30-Oct-14,603.00,606.00,595.00,600.75,717544
29-Oct-14,595.50,606.50,594.00,604.00,494581
28-Oct-14,599.00,600.38,591.50,598.30,522688
27-Oct-14,604.00,605.00,591.00,592.50,488918
24-Oct-14,595.00,598.00,593.00,595.08,458548
23-Oct-14,602.50,603.50,591.50,594.50,833503
22-Oct-14,610.50,624.00,609.50,618.00,830491
21-Oct-14,609.00,610.50,601.00,608.50,1109837
20-Oct-14,611.50,612.10,603.50,609.50,948213
17-Oct-14,610.00,627.00,607.50,611.64,1185499
16-Oct-14,601.00,612.50,593.72,597.95,1852974
15-Oct-14,606.50,609.50,594.00,594.50,669903
14-Oct-14,596.50,606.50,589.00,606.00,443698
13-Oct-14,604.50,605.50,597.50,598.00,497463
10-Oct-14,599.00,606.50,592.32,605.00,863339
9-Oct-14,614.00,616.00,599.00,601.50,514487
8-Oct-14,604.00,612.50,599.00,611.00,611808
7-Oct-14,612.00,613.00,598.00,602.66,422924
6-Oct-14,608.00,611.00,601.00,608.00,476909
3-Oct-14,598.50,606.00,595.00,601.50,476650
2-Oct-14,595.50,601.00,586.50,595.63,623465
1-Oct-14,592.50,595.00,589.26,591.50,412603
30-Sep-14,602.00,603.50,590.00,594.50,522733
29-Sep-14,596.50,602.50,596.50,601.00,426203
26-Sep-14,597.50,600.00,591.50,598.00,309802
25-Sep-14,604.50,604.50,594.50,598.89,542994
24-Sep-14,611.50,611.50,599.50,603.87,708488
23-Sep-14,620.00,620.00,609.00,610.00,805113
22-Sep-14,615.50,624.50,612.00,619.24,540982
19-Sep-14,600.50,629.00,600.00,618.00,1654069
18-Sep-14,600.00,612.00,594.50,596.00,938390
17-Sep-14,580.00,599.00,570.00,598.00,1988323
16-Sep-14,598.00,605.50,591.50,603.50,683013
15-Sep-14,597.00,603.00,593.00,595.00,308201
12-Sep-14,593.00,602.00,590.00,599.00,337684
11-Sep-14,600.00,603.50,588.50,594.00,592264
10-Sep-14,599.50,602.50,596.00,600.50,272254
9-Sep-14,596.50,605.00,590.00,603.50,514934
8-Sep-14,598.50,600.50,595.00,598.00,534792
5-Sep-14,605.00,606.00,598.50,601.87,270543
4-Sep-14,607.00,608.00,604.00,605.50,504587
3-Sep-14,611.50,613.50,606.00,608.00,302408
2-Sep-14,608.50,610.00,604.00,608.50,300425
1-Sep-14,609.00,610.50,603.00,604.50,182050
29-Aug-14,600.00,609.50,600.00,607.00,517631
28-Aug-14,600.50,602.50,597.00,601.00,375868
27-Aug-14,601.00,608.50,600.00,600.50,464932
26-Aug-14,598.00,604.00,597.00,602.00,496915
22-Aug-14,615.00,615.00,595.50,598.00,964814
21-Aug-14,622.50,622.50,614.50,618.50,467680
20-Aug-14,635.00,635.50,620.50,622.20,558665
19-Aug-14,639.00,640.50,633.00,633.50,296887
18-Aug-14,639.00,640.26,635.50,638.00,253350
15-Aug-14,640.00,642.00,632.50,634.00,520721
14-Aug-14,628.50,638.50,628.50,638.50,481901
13-Aug-14,628.50,633.72,625.00,630.50,454252
12-Aug-14,624.00,631.00,620.50,630.00,278320
11-Aug-14,625.50,627.50,621.00,623.00,369087
8-Aug-14,614.00,629.00,613.00,625.76,584356
7-Aug-14,617.00,622.88,615.00,620.95,337443
6-Aug-14,613.00,619.50,613.00,615.92,741091
5-Aug-14,616.50,620.00,611.50,618.50,386250
4-Aug-14,626.00,627.26,614.86,617.50,434513
1-Aug-14,614.50,627.00,607.00,626.00,921840
31-Jul-14,613.50,614.00,610.00,610.00,603786
30-Jul-14,611.50,615.50,609.00,611.00,395147
29-Jul-14,599.50,614.00,599.50,611.00,386287
28-Jul-14,607.50,614.00,598.00,601.50,489978
25-Jul-14,598.00,608.00,598.00,606.00,431137
24-Jul-14,598.00,600.00,590.50,600.00,574601
23-Jul-14,619.00,620.00,595.00,596.50,1040899
22-Jul-14,591.00,629.00,587.50,617.31,1150813
21-Jul-14,580.00,581.64,571.00,575.00,507797
18-Jul-14,582.50,583.92,574.00,581.50,325697
17-Jul-14,578.50,587.00,575.50,585.50,508380
16-Jul-14,580.00,581.50,575.00,576.36,405996
15-Jul-14,579.50,581.50,575.50,579.50,388892
14-Jul-14,573.00,583.00,573.00,582.50,309561
11-Jul-14,566.50,573.00,563.00,573.00,348348
10-Jul-14,577.00,577.50,562.50,566.31,435626
9-Jul-14,580.00,581.50,570.00,575.50,423028
8-Jul-14,580.50,582.00,573.00,580.50,628386
7-Jul-14,588.50,588.50,575.50,579.50,318971
4-Jul-14,591.50,592.50,586.50,588.50,270469
3-Jul-14,590.00,596.00,587.00,590.00,386660
2-Jul-14,587.00,591.50,583.00,588.00,782583
1-Jul-14,587.00,589.20,579.00,585.00,356446
30-Jun-14,577.00,589.50,572.87,587.50,641527
27-Jun-14,576.00,577.00,569.50,575.00,388099
26-Jun-14,565.00,573.50,564.00,573.00,475280
25-Jun-14,564.50,570.50,561.24,563.50,593802
24-Jun-14,570.50,571.00,562.50,564.50,839153
23-Jun-14,570.00,574.00,565.00,567.74,787928
20-Jun-14,563.00,573.00,563.00,568.50,878682
19-Jun-14,572.00,578.00,563.50,571.17,415140
18-Jun-14,568.00,573.00,566.50,569.83,599237
17-Jun-14,575.00,576.50,565.00,566.50,433994
16-Jun-14,579.50,579.50,568.50,571.03,539696
13-Jun-14,578.00,580.50,567.50,578.00,573539
12-Jun-14,574.00,582.50,573.00,575.00,729611
11-Jun-14,585.00,585.00,572.00,574.00,585512
10-Jun-14,588.00,588.00,581.50,584.00,393126
9-Jun-14,597.50,597.50,586.00,587.00,501871
6-Jun-14,588.50,593.00,587.30,592.00,711083
5-Jun-14,595.00,595.00,586.50,588.53,569877
4-Jun-14,597.00,600.00,590.50,594.03,471444
3-Jun-14,603.00,604.20,597.50,602.04,353388
2-Jun-14,605.50,609.50,600.50,601.53,331967
30-May-14,601.00,603.50,598.50,601.53,509813
29-May-14,602.50,603.00,598.00,599.00,330546
28-May-14,593.50,603.00,593.00,601.53,574699
27-May-14,591.00,597.00,589.00,592.03,406409
23-May-14,593.00,595.50,586.50,591.53,540683
22-May-14,600.00,600.00,583.00,592.53,1114712
21-May-14,604.00,604.00,595.00,603.53,788221
20-May-14,609.00,611.00,595.65,603.53,591462
19-May-14,613.50,615.76,604.00,607.53,599319
16-May-14,616.50,621.50,611.00,612.50,594593
15-May-14,624.00,629.50,617.50,619.50,443262
14-May-14,641.00,644.50,624.50,625.50,568707
13-May-14,642.50,642.50,634.50,641.50,367691
12-May-14,639.00,642.50,637.00,639.85,355374
9-May-14,647.50,647.50,636.00,639.51,288819
8-May-14,631.50,649.50,631.50,646.50,500657
7-May-14,630.00,636.50,624.00,636.00,713471
6-May-14,627.00,633.00,622.00,633.00,472560
2-May-14,637.00,642.00,628.00,630.00,517710
1-May-14,640.00,642.50,637.59,640.00,141953
30-Apr-14,633.50,638.50,631.50,636.00,309407
29-Apr-14,629.00,638.00,629.00,635.50,381280
28-Apr-14,629.00,638.50,626.00,631.50,249661
25-Apr-14,626.00,632.50,624.50,629.47,317901
24-Apr-14,623.00,627.50,619.50,626.50,302527
23-Apr-14,628.50,628.50,616.65,620.50,228347
22-Apr-14,626.50,631.50,622.00,625.50,228567
17-Apr-14,615.00,629.00,615.00,621.00,261237
16-Apr-14,617.50,622.00,611.00,615.50,363765
15-Apr-14,614.00,619.50,607.00,615.50,371658
14-Apr-14,621.50,625.13,608.50,612.00,448778
11-Apr-14,632.50,641.00,622.00,625.94,501386
10-Apr-14,645.00,648.00,638.00,639.44,520503
9-Apr-14,633.50,643.00,631.50,641.00,331185
8-Apr-14,635.50,638.00,627.50,630.50,507072
7-Apr-14,635.00,645.50,634.35,637.00,448329
4-Apr-14,635.00,643.50,635.00,640.50,279644
3-Apr-14,637.00,643.50,637.00,640.00,247476
2-Apr-14,635.50,640.00,633.00,638.00,374084
1-Apr-14,626.50,638.00,626.50,636.50,374473
31-Mar-14,629.00,636.96,624.50,627.50,696501
28-Mar-14,634.50,637.50,627.50,629.50,336536
27-Mar-14,645.50,645.50,632.50,635.50,346235
26-Mar-14,637.00,648.26,637.00,644.00,681635
25-Mar-14,638.00,640.50,630.00,637.50,511287
24-Mar-14,639.00,639.00,624.73,636.00,476015
21-Mar-14,639.50,641.24,635.00,635.00,692912
20-Mar-14,637.50,641.00,632.00,640.00,470345
19-Mar-14,633.50,640.00,629.50,639.50,551709
18-Mar-14,636.00,654.50,628.50,631.50,612728
17-Mar-14,620.50,630.50,619.35,630.00,387783
14-Mar-14,614.50,618.50,613.00,618.00,271800
13-Mar-14,625.00,625.00,615.00,619.00,465588
12-Mar-14,617.00,624.50,615.50,621.00,486242
11-Mar-14,614.50,618.50,612.00,617.00,333495
10-Mar-14,614.50,616.00,610.00,613.00,479772
7-Mar-14,618.00,625.00,613.00,615.00,482962
6-Mar-14,621.50,626.00,618.50,621.50,373153
5-Mar-14,625.00,625.00,612.00,618.50,583404
4-Mar-14,622.00,627.50,615.50,624.50,619748
3-Mar-14,625.00,625.50,615.00,618.50,634910
28-Feb-14,633.00,633.50,623.50,633.00,575607
27-Feb-14,634.50,635.50,624.00,630.56,550335
26-Feb-14,650.50,651.00,634.00,635.00,556956
25-Feb-14,649.00,653.50,644.00,652.50,773676
24-Feb-14,650.50,652.50,644.00,651.00,375477
21-Feb-14,651.00,656.00,647.00,649.16,320782
20-Feb-14,645.50,651.00,641.50,650.00,314034
19-Feb-14,645.50,656.00,645.50,651.50,448543
18-Feb-14,635.00,651.00,635.00,647.00,571356
17-Feb-14,626.50,636.00,623.00,636.00,316669
14-Feb-14,621.00,625.00,620.50,623.00,418426
13-Feb-14,619.50,622.00,617.00,622.00,406043
12-Feb-14,620.00,621.50,615.50,621.50,694319
11-Feb-14,605.50,623.50,605.50,621.00,415777
10-Feb-14,617.50,619.00,611.00,616.50,260281
7-Feb-14,620.50,620.50,615.50,617.50,380848
6-Feb-14,619.50,622.00,607.00,618.00,808549
5-Feb-14,616.50,626.50,614.00,615.00,444260
4-Feb-14,617.50,621.50,610.00,619.00,473522
3-Feb-14,627.00,630.00,617.00,617.50,449861
31-Jan-14,633.50,633.50,618.50,626.50,678972
30-Jan-14,625.50,626.00,619.50,624.50,454039
29-Jan-14,626.00,627.50,620.50,624.00,607016
28-Jan-14,618.50,624.50,616.50,622.00,510251
27-Jan-14,614.50,622.50,610.00,618.00,751123
24-Jan-14,618.50,622.00,615.00,621.50,706115
23-Jan-14,616.00,625.00,616.00,621.00,424815
22-Jan-14,629.50,630.00,622.00,625.00,345530
21-Jan-14,631.50,636.50,628.50,630.50,330958
20-Jan-14,633.00,639.00,629.00,632.50,378352
17-Jan-14,626.50,635.00,626.00,633.50,403296
16-Jan-14,630.50,631.00,622.50,629.00,510478
15-Jan-14,637.50,637.50,626.00,629.50,436521
14-Jan-14,625.00,639.00,615.00,634.00,805638
13-Jan-14,633.00,633.00,619.00,627.00,305390
10-Jan-14,622.00,631.00,619.50,630.00,444897
9-Jan-14,621.00,624.00,617.50,621.50,296145
8-Jan-14,619.50,623.00,616.50,618.50,197267
7-Jan-14,622.50,624.50,617.00,621.50,230794
6-Jan-14,618.50,625.50,618.00,624.00,275337
3-Jan-14,623.50,630.00,620.00,622.50,429146
2-Jan-14,615.00,622.50,608.50,622.00,394044
31-Dec-13,614.50,616.00,608.50,616.00,104612
30-Dec-13,614.50,616.50,610.50,615.50,279821
27-Dec-13,611.50,615.00,608.00,614.50,309048
24-Dec-13,615.50,615.50,606.50,608.00,80969
23-Dec-13,605.50,616.50,602.00,616.50,355804
20-Dec-13,589.00,602.50,589.00,602.50,972673
19-Dec-13,576.50,589.50,576.50,588.50,397623
18-Dec-13,576.00,586.00,575.50,575.50,455573
17-Dec-13,579.50,583.50,575.00,580.00,886262
16-Dec-13,559.50,578.50,559.50,578.00,272697
13-Dec-13,566.00,568.00,557.00,560.50,347138
12-Dec-13,572.00,572.50,565.50,566.50,219202
11-Dec-13,568.00,576.00,568.00,572.50,296042
10-Dec-13,574.50,577.00,570.00,573.00,217125
9-Dec-13,574.00,575.00,569.50,573.50,346621
6-Dec-13,579.50,579.50,567.00,571.50,484859
5-Dec-13,566.00,582.50,565.00,575.50,542205
4-Dec-13,575.00,578.00,568.50,570.00,407493
3-Dec-13,583.50,586.50,573.50,575.00,626272
2-Dec-13,581.50,596.50,581.50,583.50,422055
29-Nov-13,584.00,587.50,583.00,585.00,714949
28-Nov-13,599.00,599.00,581.00,584.00,918848
27-Nov-13,601.50,609.00,599.00,608.00,617919
26-Nov-13,600.00,601.50,597.50,600.09,454343
25-Nov-13,601.00,601.50,598.00,600.00,383394
22-Nov-13,592.50,597.50,588.50,595.00,350634
21-Nov-13,593.50,601.50,589.50,593.00,464748
20-Nov-13,600.50,601.50,589.50,593.50,613567
19-Nov-13,608.00,608.50,591.00,599.50,1000920
18-Nov-13,622.00,626.00,614.50,614.50,835326
15-Nov-13,612.50,622.50,612.50,621.50,411333
14-Nov-13,629.50,632.00,612.50,613.50,683561
13-Nov-13,626.00,629.00,622.00,624.00,484237
12-Nov-13,627.50,627.50,620.50,626.50,277010
11-Nov-13,616.00,626.50,613.50,626.00,465072
8-Nov-13,613.50,615.00,604.50,611.00,536009
7-Nov-13,609.00,619.50,602.50,615.00,575111
6-Nov-13,607.50,619.50,607.50,611.00,378058
5-Nov-13,609.50,609.50,600.50,607.00,327233
4-Nov-13,610.00,615.50,606.50,607.50,226382
1-Nov-13,615.50,616.00,604.00,607.50,526765
31-Oct-13,610.00,615.00,608.00,613.50,407529
30-Oct-13,623.50,623.50,612.50,613.00,408019
29-Oct-13,617.00,618.00,610.00,616.50,413092
28-Oct-13,621.50,624.00,616.00,616.00,310846
25-Oct-13,612.50,619.00,611.00,619.00,490347
24-Oct-13,625.00,625.00,615.00,615.00,577629
23-Oct-13,616.00,624.00,613.00,622.50,445957
22-Oct-13,605.00,617.50,600.50,617.50,371609
21-Oct-13,610.50,612.00,602.50,605.50,400227
18-Oct-13,606.00,612.00,602.50,609.00,484749
17-Oct-13,610.00,611.00,602.00,605.00,617017
16-Oct-13,604.00,614.00,601.50,610.50,382554
15-Oct-13,595.00,604.50,592.00,604.50,438102
14-Oct-13,583.50,590.00,582.50,590.00,173556
11-Oct-13,587.50,588.50,584.00,584.00,294252
10-Oct-13,573.00,592.00,572.00,585.50,393752
9-Oct-13,570.00,572.50,569.00,571.50,407119
8-Oct-13,567.00,573.50,566.50,571.00,272073
7-Oct-13,568.50,572.50,566.00,569.26,320504
4-Oct-13,575.50,577.00,570.50,571.00,433109
3-Oct-13,570.00,576.00,569.00,574.00,252603
2-Oct-13,579.50,579.50,570.00,574.06,307151
1-Oct-13,578.00,583.00,577.50,580.00,476170
30-Sep-13,573.00,579.00,572.50,579.00,385571
27-Sep-13,584.50,585.00,570.00,578.50,321114
26-Sep-13,587.00,587.00,580.00,582.50,306512
25-Sep-13,588.50,592.50,583.00,584.50,300461
24-Sep-13,587.50,594.50,585.00,591.00,393512
20-Sep-13,585.50,590.50,581.50,588.00,805682
19-Sep-13,593.00,600.50,583.00,583.00,977037
18-Sep-13,589.50,597.50,583.00,588.50,562250
17-Sep-13,603.50,606.00,589.50,604.50,1054756
16-Sep-13,596.00,597.50,592.00,594.50,339550
13-Sep-13,591.00,593.50,586.50,591.00,240150
12-Sep-13,598.00,598.00,587.00,591.50,400809
11-Sep-13,589.50,593.00,586.00,592.00,386647
10-Sep-13,588.00,595.00,586.50,589.00,359880
9-Sep-13,590.50,590.50,584.00,586.50,294606
6-Sep-13,580.00,590.50,574.50,590.00,401306
5-Sep-13,577.50,583.50,577.50,580.50,954944
4-Sep-13,573.00,580.50,566.50,577.00,447027
3-Sep-13,572.50,578.50,569.50,572.50,480160
2-Sep-13,568.50,574.50,567.50,572.00,372481
30-Aug-13,568.50,571.50,560.50,565.69,573770
29-Aug-13,559.50,570.50,559.50,568.00,595209
28-Aug-13,555.00,566.50,551.50,559.00,675542
27-Aug-13,563.00,566.00,551.50,555.00,261401
23-Aug-13,554.50,570.50,554.00,563.50,295236
22-Aug-13,553.00,566.00,553.00,555.00,381649
21-Aug-13,560.50,560.50,549.00,553.50,330366
20-Aug-13,565.50,568.00,555.00,561.50,259768
19-Aug-13,561.00,567.00,558.50,562.78,408125
16-Aug-13,547.50,561.00,545.50,560.50,558795
15-Aug-13,564.00,573.00,548.00,548.00,420545
14-Aug-13,572.00,573.50,566.00,568.82,393050
13-Aug-13,578.00,582.50,571.50,572.50,288332
12-Aug-13,588.00,588.00,577.50,578.50,223452
9-Aug-13,587.50,598.50,586.00,587.50,304219
8-Aug-13,584.00,594.00,584.00,587.00,323300
7-Aug-13,595.50,596.00,583.50,583.50,413848
6-Aug-13,598.00,607.50,592.00,596.00,553221
5-Aug-13,592.50,605.00,592.50,598.50,411931
2-Aug-13,591.00,597.50,587.50,592.00,415495
1-Aug-13,577.00,593.50,577.00,584.95,668882
31-Jul-13,577.50,580.50,572.50,577.50,670057
30-Jul-13,578.50,580.00,575.50,578.00,346122
29-Jul-13,577.50,579.00,573.00,578.00,314403
26-Jul-13,580.50,587.50,574.00,577.28,596595
25-Jul-13,566.50,580.00,564.50,572.60,544927
24-Jul-13,583.50,587.00,561.00,579.19,1128128
23-Jul-13,604.00,604.00,562.50,582.00,958955
22-Jul-13,592.50,603.00,589.50,597.81,624840
19-Jul-13,593.50,597.00,591.00,593.52,338266
18-Jul-13,603.00,604.00,592.00,594.07,610851
17-Jul-13,602.50,606.00,592.50,602.41,381717
16-Jul-13,613.00,614.00,599.41,602.00,426004
15-Jul-13,603.50,615.00,603.50,613.50,360132
12-Jul-13,605.00,606.50,594.50,603.00,461881
11-Jul-13,607.00,609.00,602.50,608.00,306657
10-Jul-13,605.50,605.73,590.50,601.00,360260
9-Jul-13,597.00,609.50,597.00,605.00,681330
8-Jul-13,589.50,601.50,588.50,596.50,388285
5-Jul-13,595.50,600.50,586.50,589.00,440970
4-Jul-13,584.50,596.50,582.00,595.00,495752
3-Jul-13,575.00,585.00,569.00,584.00,523226
2-Jul-13,589.00,589.00,577.50,578.00,851611
1-Jul-13,580.50,593.50,577.00,588.50,427467
28-Jun-13,578.00,583.73,573.50,580.00,482026
27-Jun-13,581.00,581.00,561.50,573.51,785414
26-Jun-13,573.50,583.00,568.50,580.53,796499
25-Jun-13,559.00,570.50,557.00,567.58,826018
24-Jun-13,562.00,566.00,552.50,555.00,815403
21-Jun-13,559.50,575.00,555.00,563.77,1064840
20-Jun-13,570.00,570.00,553.50,558.00,672516
19-Jun-13,575.00,578.00,566.00,575.50,607558
18-Jun-13,567.50,578.50,567.50,573.91,617303
17-Jun-13,568.00,576.00,567.00,569.41,562835
14-Jun-13,574.50,575.00,564.50,566.00,590712
13-Jun-13,569.50,573.50,566.50,569.58,674065
12-Jun-13,578.50,587.50,572.82,575.50,917020
11-Jun-13,605.00,605.50,558.22,600.94,1625467
10-Jun-13,588.50,593.50,584.00,590.00,600666
7-Jun-13,585.00,587.50,575.00,585.00,798357
6-Jun-13,591.50,599.00,583.00,583.00,581455
5-Jun-13,595.00,601.50,584.50,586.50,1139680
4-Jun-13,581.50,605.00,581.50,599.10,1150659
3-Jun-13,575.00,592.00,571.50,581.00,922636
31-May-13,577.50,585.50,569.86,579.17,1014827
30-May-13,563.00,578.00,561.00,577.00,784317
29-May-13,570.00,574.00,561.50,565.00,444099
28-May-13,575.50,577.00,572.50,574.50,774282
24-May-13,575.50,580.00,569.00,571.45,423863
23-May-13,580.00,580.00,569.37,576.50,426766
22-May-13,591.00,591.50,581.00,589.00,620119
21-May-13,586.00,593.00,584.50,589.82,423614
20-May-13,585.00,588.00,581.00,586.33,536822
17-May-13,571.00,582.00,571.00,580.96,650666
16-May-13,564.00,580.00,563.00,572.00,766416
15-May-13,552.50,562.50,550.00,555.11,1064387
14-May-13,548.00,552.00,545.00,551.10,354121
13-May-13,550.00,552.00,545.50,547.50,314083
10-May-13,549.50,554.00,544.50,549.00,469925
9-May-13,545.00,556.00,542.50,549.50,737407
8-May-13,536.00,547.50,535.50,543.50,732477
7-May-13,546.50,548.00,531.50,537.00,708206
3-May-13,541.00,547.50,537.50,541.50,379763
2-May-13,541.00,542.50,534.00,540.00,472285
1-May-13,542.00,542.50,535.00,540.50,227318
30-Apr-13,547.50,550.50,536.50,538.50,717223
29-Apr-13,547.50,552.00,541.00,546.00,344138
26-Apr-13,544.50,547.00,539.00,546.50,400004
25-Apr-13,546.00,549.00,542.50,545.50,391029
24-Apr-13,549.50,553.00,547.00,548.00,614681
23-Apr-13,535.00,551.00,534.50,549.50,508672
22-Apr-13,540.00,542.50,529.50,533.50,613095
19-Apr-13,536.00,538.00,532.50,537.00,523477
18-Apr-13,530.00,536.00,526.00,532.00,455232
17-Apr-13,538.50,540.00,526.00,528.00,350872
16-Apr-13,535.00,539.00,531.00,535.00,348053
15-Apr-13,540.00,540.00,528.86,538.00,382110
12-Apr-13,543.50,546.00,538.50,540.00,519629
11-Apr-13,533.00,544.00,533.00,542.50,675234
10-Apr-13,532.00,542.50,532.00,536.00,881009
9-Apr-13,535.00,538.00,531.50,535.00,674495
8-Apr-13,523.50,531.50,523.50,531.50,530588
5-Apr-13,532.50,534.50,520.00,522.00,545341
4-Apr-13,537.50,542.00,530.00,531.50,445929
3-Apr-13,538.50,542.50,537.00,537.50,680148
2-Apr-13,533.50,545.00,531.75,541.00,979242
28-Mar-13,531.50,541.00,531.50,534.00,1293402
27-Mar-13,537.00,539.00,528.00,532.00,989141
26-Mar-13,535.00,542.00,533.50,539.00,1161345
25-Mar-13,543.50,545.00,535.00,538.50,845795
22-Mar-13,542.00,547.50,535.50,540.00,707744
21-Mar-13,548.50,551.00,542.00,545.00,519672
20-Mar-13,559.00,559.00,548.50,550.00,449622
19-Mar-13,560.00,564.00,552.50,558.00,502812
18-Mar-13,554.00,563.00,554.00,560.00,640771
15-Mar-13,560.50,572.00,559.50,562.00,948773
14-Mar-13,556.00,562.50,555.00,558.00,1151539
13-Mar-13,557.50,559.00,552.50,555.00,740087
12-Mar-13,545.00,572.00,542.00,561.50,2246563
11-Mar-13,513.50,524.50,510.00,522.00,695194
8-Mar-13,515.50,519.00,509.00,517.00,427015
7-Mar-13,509.00,514.50,509.00,512.00,449779
6-Mar-13,514.00,514.50,507.78,508.00,607989
5-Mar-13,499.50,515.50,498.82,512.50,906269
4-Mar-13,495.00,496.70,491.00,495.80,384882
1-Mar-13,492.90,497.80,491.70,497.00,575380
28-Feb-13,493.00,496.50,489.00,493.04,586919
27-Feb-13,493.20,494.40,487.80,492.80,542349
26-Feb-13,488.60,497.00,487.60,493.00,805628
25-Feb-13,494.10,501.00,493.50,495.50,871069
22-Feb-13,483.60,497.50,483.60,493.80,737955
21-Feb-13,488.90,489.86,478.28,483.30,547556
20-Feb-13,485.60,496.10,485.60,491.40,939192
19-Feb-13,478.70,489.90,478.50,486.30,968220
18-Feb-13,487.70,489.85,475.90,476.60,700536
15-Feb-13,503.00,505.00,488.10,488.10,766497
14-Feb-13,501.00,504.00,496.00,499.40,412048
13-Feb-13,498.80,503.50,495.00,502.00,536695
12-Feb-13,491.40,499.08,488.80,497.25,708839
11-Feb-13,490.50,493.80,488.40,491.90,514598
8-Feb-13,489.80,493.10,485.00,489.80,873728
7-Feb-13,497.20,497.20,487.50,487.50,1500459
6-Feb-13,469.40,505.50,465.60,485.92,2201800
5-Feb-13,454.10,469.00,454.10,466.75,933814
4-Feb-13,456.40,460.60,452.90,455.10,1300722
1-Feb-13,445.30,458.00,445.30,457.00,1015158
31-Jan-13,456.70,459.00,441.60,447.01,1127831
30-Jan-13,465.80,468.00,455.30,456.50,702253
29-Jan-13,460.30,464.00,457.50,462.10,714395
28-Jan-13,462.10,463.10,459.10,460.10,661663
25-Jan-13,457.60,462.80,455.20,461.80,546886
24-Jan-13,457.90,462.40,453.60,457.50,965638
23-Jan-13,462.90,465.60,455.60,458.90,1033895
22-Jan-13,471.10,471.10,463.50,467.40,1025007
21-Jan-13,463.80,469.80,463.80,469.40,453345
18-Jan-13,464.40,469.60,462.30,466.10,677268
17-Jan-13,461.80,465.00,455.50,459.17,1150802
16-Jan-13,462.10,465.80,460.00,462.64,1098291
15-Jan-13,461.00,463.40,443.00,456.47,1903148
14-Jan-13,469.80,469.82,465.30,467.80,460719
11-Jan-13,469.50,470.00,466.90,467.50,989062
10-Jan-13,475.20,476.40,467.00,467.00,1000914
9-Jan-13,474.60,479.80,474.60,476.00,776545
8-Jan-13,475.10,478.90,473.60,473.60,675511
7-Jan-13,472.40,476.90,470.85,476.00,1231357
4-Jan-13,469.40,471.70,467.10,471.50,902578
3-Jan-13,456.70,471.30,454.70,470.20,636052
2-Jan-13,455.00,460.30,453.00,458.00,529086
