31-Dec-15,359.80,360.00,351.90,354.90,27699
30-Dec-15,353.50,359.40,351.60,359.40,285294
29-Dec-15,348.50,352.80,342.52,352.00,198436
24-Dec-15,335.00,343.00,335.00,341.50,148703
23-Dec-15,344.00,347.20,343.00,343.00,800007
22-Dec-15,344.00,347.90,342.70,344.50,731333
21-Dec-15,340.00,348.20,339.40,344.00,758447
18-Dec-15,335.00,342.70,333.92,338.70,590964
16-Dec-15,342.10,346.40,336.50,340.00,359469
15-Dec-15,341.00,343.90,330.50,339.90,473254
14-Dec-15,350.00,353.50,339.40,339.40,288110
11-Dec-15,356.00,364.80,349.55,350.50,238194
10-Dec-15,361.70,365.20,359.50,363.80,188474
9-Dec-15,368.50,369.20,362.70,363.40,187576
8-Dec-15,375.00,375.00,367.70,369.10,178718
7-Dec-15,376.00,378.70,370.00,373.00,176583
4-Dec-15,374.90,382.40,374.90,378.50,335252
3-Dec-15,363.60,380.97,363.60,377.70,350497
2-Dec-15,360.60,368.00,360.56,366.50,255504
1-Dec-15,347.40,364.60,347.40,364.60,230894
30-Nov-15,344.80,357.00,341.86,357.00,219320
27-Nov-15,339.40,350.60,339.40,349.40,89875
26-Nov-15,341.40,343.20,338.40,343.20,88742
25-Nov-15,343.60,346.30,339.60,339.80,111521
24-Nov-15,351.80,351.80,337.30,340.20,144214
23-Nov-15,344.20,345.00,340.84,343.60,164990
20-Nov-15,345.70,348.10,343.69,347.00,258936
19-Nov-15,343.40,348.90,341.47,346.80,299920
18-Nov-15,350.00,350.79,343.60,344.50,175354
17-Nov-15,347.00,349.80,345.10,347.50,139269
16-Nov-15,343.10,346.20,337.10,345.00,333787
13-Nov-15,347.00,347.00,343.83,346.60,316058
12-Nov-15,349.10,349.10,345.00,345.00,328672
11-Nov-15,345.70,348.20,345.00,345.00,269232
10-Nov-15,354.20,354.20,343.90,347.00,276458
9-Nov-15,345.50,353.30,345.50,347.20,258835
6-Nov-15,349.10,355.10,346.08,352.50,290477
5-Nov-15,348.60,350.50,345.00,347.70,284523
4-Nov-15,350.60,356.40,347.40,354.90,324121
3-Nov-15,344.10,354.80,341.30,354.60,327703
2-Nov-15,333.00,345.00,333.00,342.50,303311
30-Oct-15,332.50,341.30,332.50,338.90,580590
29-Oct-15,350.30,352.86,333.71,337.62,549493
28-Oct-15,354.90,358.60,349.50,350.00,220145
27-Oct-15,361.40,362.12,354.00,354.00,177933
26-Oct-15,360.60,368.04,359.80,362.20,148705
23-Oct-15,366.80,369.41,361.80,367.00,228365
22-Oct-15,352.50,369.96,352.50,369.50,208319
21-Oct-15,354.30,363.69,350.21,362.50,227299
20-Oct-15,352.70,353.60,345.72,353.60,150082
19-Oct-15,346.70,351.30,341.10,351.30,352249
16-Oct-15,356.80,357.10,345.00,347.10,243002
15-Oct-15,349.50,358.10,349.50,351.50,162106
14-Oct-15,369.00,369.00,354.80,356.20,142061
13-Oct-15,372.50,372.70,367.40,368.95,161379
12-Oct-15,370.90,375.63,370.30,371.50,152919
9-Oct-15,378.70,385.90,372.20,372.50,182861
8-Oct-15,377.00,383.40,377.00,379.40,156830
7-Oct-15,380.10,383.00,377.70,379.00,149242
6-Oct-15,378.50,381.20,371.05,379.40,103048
5-Oct-15,378.80,381.00,375.60,379.30,102487
2-Oct-15,373.90,381.10,368.70,373.00,155947
1-Oct-15,368.50,381.70,368.50,377.90,174729
30-Sep-15,373.80,377.80,371.60,376.50,269458
29-Sep-15,360.50,370.10,359.03,369.00,210014
28-Sep-15,365.00,368.50,361.00,363.04,147878
25-Sep-15,364.50,371.40,361.00,371.40,137250
24-Sep-15,360.70,364.00,358.20,359.90,150430
23-Sep-15,361.30,367.10,356.90,360.00,192276
22-Sep-15,368.10,369.20,356.60,358.70,168647
21-Sep-15,365.60,373.20,365.60,369.50,121898
18-Sep-15,373.90,375.70,369.90,375.20,313592
17-Sep-15,375.90,375.90,369.70,375.00,181239
16-Sep-15,375.40,378.32,369.40,372.20,99172
15-Sep-15,371.80,376.20,365.42,374.45,103677
14-Sep-15,370.50,373.40,364.50,367.48,181977
11-Sep-15,375.60,376.50,369.20,372.50,162873
10-Sep-15,376.20,377.98,370.80,373.40,166304
9-Sep-15,380.00,384.30,377.40,378.50,174394
8-Sep-15,378.40,378.40,349.49,375.70,143998
7-Sep-15,373.10,374.40,367.10,373.70,131921
4-Sep-15,392.30,392.30,368.80,370.50,121821
3-Sep-15,376.90,377.57,370.08,376.20,153984
2-Sep-15,380.90,382.90,370.10,374.30,212318
1-Sep-15,374.60,379.00,371.80,376.90,176746
28-Aug-15,382.90,393.64,373.50,381.20,230008
27-Aug-15,385.50,388.46,374.10,381.70,339417
26-Aug-15,372.00,382.30,369.60,372.10,399252
25-Aug-15,361.30,381.10,357.60,362.88,491794
24-Aug-15,359.00,369.20,348.30,354.50,394344
21-Aug-15,383.40,390.30,374.80,374.90,334045
20-Aug-15,397.60,401.80,388.30,391.40,335025
19-Aug-15,401.10,401.40,397.00,400.40,238584
18-Aug-15,395.80,405.90,395.80,403.90,238847
17-Aug-15,403.00,403.00,393.10,400.20,173552
14-Aug-15,395.50,400.70,392.90,397.00,236141
13-Aug-15,394.00,397.00,389.63,395.40,238830
12-Aug-15,395.60,398.68,389.70,391.70,200159
11-Aug-15,399.40,407.03,399.20,399.20,189732
10-Aug-15,401.80,410.46,398.50,404.90,276087
7-Aug-15,397.80,409.50,396.00,397.00,304715
6-Aug-15,401.30,404.10,397.20,399.96,337494
5-Aug-15,398.20,402.50,396.50,399.50,422775
4-Aug-15,397.60,397.60,391.90,395.24,192200
3-Aug-15,397.90,399.40,392.60,396.80,264776
31-Jul-15,400.90,404.45,392.10,394.10,556119
30-Jul-15,369.60,406.00,361.40,376.20,912670
29-Jul-15,356.10,358.10,347.60,349.80,244530
28-Jul-15,358.10,364.89,350.90,354.00,249077
27-Jul-15,364.50,364.80,354.50,354.50,181510
24-Jul-15,360.10,366.40,360.10,363.30,185869
23-Jul-15,365.00,366.00,360.80,362.70,256208
22-Jul-15,368.20,368.20,360.70,362.00,295332
21-Jul-15,376.70,379.91,370.20,372.70,137129
20-Jul-15,375.10,380.80,375.10,379.60,94708
17-Jul-15,375.80,378.80,375.20,376.90,109714
16-Jul-15,365.60,379.50,365.60,378.70,244133
15-Jul-15,368.00,378.70,367.30,375.60,424695
14-Jul-15,360.00,380.00,360.00,368.70,287263
13-Jul-15,360.80,362.00,356.45,361.10,149453
10-Jul-15,353.10,365.50,353.10,360.50,283692
9-Jul-15,352.40,356.00,348.00,353.00,283126
8-Jul-15,351.40,357.60,339.10,350.60,202409
7-Jul-15,360.10,360.70,348.30,349.80,365344
6-Jul-15,372.10,372.10,360.00,360.50,224057
3-Jul-15,362.80,364.80,359.38,362.70,130392
2-Jul-15,367.90,371.50,359.50,362.00,245930
1-Jul-15,366.80,373.60,360.00,371.00,213777
30-Jun-15,367.40,370.80,366.00,367.70,199378
29-Jun-15,376.60,376.60,364.59,371.20,201975
26-Jun-15,379.50,382.40,376.15,380.10,203046
25-Jun-15,379.40,385.10,375.90,380.70,271165
24-Jun-15,383.00,383.00,376.00,377.20,175031
23-Jun-15,376.90,382.80,376.90,378.40,218289
22-Jun-15,384.40,384.40,374.50,379.70,147706
19-Jun-15,382.10,382.30,374.20,375.00,725390
18-Jun-15,381.20,381.40,375.40,380.00,190987
17-Jun-15,381.70,388.90,375.10,380.00,211137
16-Jun-15,383.50,385.00,376.80,384.30,185180
15-Jun-15,382.20,385.20,380.50,382.50,168654
12-Jun-15,386.10,388.00,385.00,386.50,233556
11-Jun-15,389.90,392.90,386.25,388.00,157553
10-Jun-15,387.50,389.42,384.40,389.00,139871
9-Jun-15,394.00,395.30,384.10,387.40,260466
8-Jun-15,390.10,394.70,387.20,389.50,236550
5-Jun-15,394.60,398.60,390.39,397.20,414556
4-Jun-15,399.80,401.00,388.90,395.00,780793
3-Jun-15,405.10,413.30,399.84,409.50,775046
2-Jun-15,391.10,402.80,389.35,400.70,577632
1-Jun-15,388.00,389.85,385.03,388.60,251874
29-May-15,382.60,387.30,382.60,386.20,603246
28-May-15,379.70,385.00,379.70,384.80,208055
27-May-15,376.50,383.90,376.50,382.60,310735
26-May-15,378.90,380.00,373.60,379.60,319710
22-May-15,378.30,379.82,372.40,374.20,162910
21-May-15,378.30,381.70,376.50,379.40,186282
20-May-15,382.80,382.80,376.80,378.80,172287
19-May-15,382.30,382.30,377.70,380.00,445308
18-May-15,369.10,378.70,365.30,375.10,527644
15-May-15,382.30,382.30,377.10,379.00,398448
14-May-15,381.50,382.60,375.00,377.90,419078
13-May-15,385.00,385.00,379.50,381.10,266447
12-May-15,385.20,386.53,379.68,383.00,412625
11-May-15,394.60,394.60,384.10,385.90,356052
8-May-15,376.60,395.25,373.34,388.90,1059052
7-May-15,362.60,363.08,351.90,357.20,232156
6-May-15,361.00,364.50,354.80,362.00,550713
5-May-15,357.80,364.00,357.70,361.00,550860
1-May-15,359.80,362.50,357.90,357.90,83712
30-Apr-15,355.00,366.60,354.20,359.60,264872
29-Apr-15,358.40,360.20,356.60,357.40,196391
28-Apr-15,357.00,363.44,355.00,360.40,239674
27-Apr-15,355.60,356.28,351.60,354.90,150608
24-Apr-15,357.50,360.00,350.50,357.20,212818
23-Apr-15,355.10,356.20,345.80,348.60,226065
22-Apr-15,360.70,362.80,353.40,356.80,211327
21-Apr-15,351.80,359.50,345.58,357.40,250949
20-Apr-15,354.40,357.00,348.70,351.30,203341
17-Apr-15,355.80,358.21,351.10,352.50,364663
16-Apr-15,356.00,356.00,343.40,347.00,342715
15-Apr-15,350.00,364.40,350.00,354.00,187409
14-Apr-15,357.10,359.10,345.33,355.10,167833
13-Apr-15,356.10,357.03,353.60,354.30,190177
10-Apr-15,351.10,355.60,347.93,354.90,199592
9-Apr-15,349.70,350.00,340.90,345.10,254984
8-Apr-15,351.50,353.70,345.30,347.80,165053
7-Apr-15,343.10,345.60,332.70,344.30,149853
2-Apr-15,336.00,343.26,334.90,339.00,176048
1-Apr-15,335.30,341.00,328.86,335.89,198501
31-Mar-15,341.30,341.30,333.20,335.90,174682
30-Mar-15,339.50,344.90,336.30,338.10,182110
27-Mar-15,334.10,342.50,334.10,336.90,207027
26-Mar-15,342.30,342.30,332.50,335.54,186915
25-Mar-15,348.20,350.87,342.70,344.60,262871
24-Mar-15,345.00,355.60,345.00,350.50,113308
23-Mar-15,352.80,355.22,345.00,348.70,228614
20-Mar-15,357.90,359.00,353.30,356.00,275656
19-Mar-15,355.00,359.40,352.30,355.60,154398
18-Mar-15,349.50,357.20,347.52,352.10,325789
17-Mar-15,350.00,351.30,342.85,347.20,162123
16-Mar-15,343.30,350.00,343.30,348.20,193809
13-Mar-15,342.00,346.10,342.00,344.70,175163
12-Mar-15,342.60,342.60,336.00,339.90,213942
11-Mar-15,335.70,341.80,330.89,338.00,390483
10-Mar-15,341.40,341.40,332.10,333.10,257416
9-Mar-15,342.10,342.10,336.30,338.80,219284
6-Mar-15,345.90,349.80,340.00,340.00,327169
5-Mar-15,333.00,345.90,333.00,344.30,397940
4-Mar-15,345.50,352.70,333.60,338.00,551719
3-Mar-15,347.50,355.40,337.08,353.50,726773
2-Mar-15,347.60,351.40,341.28,344.90,179882
27-Feb-15,342.10,351.50,339.76,350.50,390883
26-Feb-15,339.30,345.80,334.06,345.80,140165
25-Feb-15,339.90,345.00,331.56,344.20,196419
24-Feb-15,343.80,343.80,335.28,342.00,159378
23-Feb-15,341.10,344.00,329.96,342.10,235648
20-Feb-15,336.40,341.10,334.60,340.80,203649
19-Feb-15,328.00,341.44,327.52,339.00,163184
18-Feb-15,331.50,340.70,331.50,339.00,248019
17-Feb-15,333.70,337.84,331.48,334.00,323369
16-Feb-15,334.50,335.00,329.04,333.00,238654
13-Feb-15,325.20,334.20,325.20,331.30,232875
12-Feb-15,321.50,328.60,314.70,326.80,216588
11-Feb-15,328.60,328.60,324.00,324.00,210423
10-Feb-15,322.10,329.00,321.70,327.60,206653
9-Feb-15,320.30,327.28,320.25,323.20,153662
6-Feb-15,320.80,328.20,320.44,324.80,125186
5-Feb-15,315.30,324.00,315.30,321.60,164471
4-Feb-15,320.70,324.10,317.90,320.40,127613
3-Feb-15,317.00,324.90,315.90,323.70,108578
2-Feb-15,319.30,320.00,314.90,318.40,201534
30-Jan-15,322.50,322.50,314.20,318.80,306669
29-Jan-15,320.60,323.20,318.74,321.70,208266
28-Jan-15,316.10,322.40,316.10,320.00,222883
27-Jan-15,317.10,317.70,313.40,316.10,161127
26-Jan-15,316.00,317.00,310.00,313.50,144751
23-Jan-15,320.00,320.00,312.80,313.30,189926
22-Jan-15,320.00,320.00,314.50,315.10,152243
21-Jan-15,316.90,320.00,314.20,318.90,181601
20-Jan-15,307.00,317.02,306.22,316.90,320975
19-Jan-15,309.50,309.50,302.90,304.00,169300
16-Jan-15,307.50,310.20,300.60,306.80,318956
15-Jan-15,313.40,313.40,303.20,306.50,375653
14-Jan-15,310.30,315.00,307.50,309.20,292656
13-Jan-15,316.90,318.06,306.50,311.10,371849
12-Jan-15,305.70,317.40,305.00,317.40,516856
9-Jan-15,325.00,330.00,299.20,325.00,748192
8-Jan-15,320.10,334.60,318.90,331.70,295772
7-Jan-15,311.20,323.00,311.20,318.00,358548
6-Jan-15,310.80,316.25,309.30,313.60,272037
5-Jan-15,307.10,311.40,304.10,309.90,268833
31-Dec-14,310.40,311.00,301.43,311.00,28214
30-Dec-14,308.60,312.10,306.00,307.50,102034
29-Dec-14,302.90,311.50,301.58,307.50,208763
24-Dec-14,311.00,312.10,309.50,312.00,45971
23-Dec-14,306.10,308.10,303.50,307.70,121942
22-Dec-14,301.80,308.90,300.00,308.10,127346
19-Dec-14,302.20,302.20,296.00,298.30,384197
18-Dec-14,297.60,302.70,295.10,298.95,197277
17-Dec-14,289.60,294.40,289.10,291.10,188455
16-Dec-14,300.10,300.40,289.15,294.60,195535
15-Dec-14,305.20,305.20,295.10,302.80,183340
12-Dec-14,318.60,318.60,301.70,301.70,215122
11-Dec-14,305.00,316.40,305.00,311.20,328710
10-Dec-14,309.70,310.30,302.70,303.20,105988
9-Dec-14,307.30,309.50,301.20,302.40,112125
8-Dec-14,309.20,310.90,299.90,308.90,108566
5-Dec-14,308.00,310.53,304.60,306.50,106427
4-Dec-14,303.30,309.70,302.40,306.80,159953
3-Dec-14,302.00,305.80,300.60,300.60,132115
2-Dec-14,299.70,305.80,299.10,301.70,198948
1-Dec-14,299.90,302.03,297.40,299.10,148018
28-Nov-14,301.90,304.20,296.82,303.40,73239
27-Nov-14,300.40,306.60,299.00,304.30,131009
26-Nov-14,299.00,303.30,297.80,297.90,168080
25-Nov-14,300.80,305.20,299.90,300.30,123645
24-Nov-14,302.00,303.80,301.60,302.70,142008
21-Nov-14,301.70,305.40,301.20,303.00,138917
20-Nov-14,298.10,301.80,294.10,299.20,290242
19-Nov-14,301.60,301.60,297.32,300.10,186407
18-Nov-14,311.00,311.00,298.80,300.40,129765
17-Nov-14,301.30,302.90,296.70,301.00,98561
14-Nov-14,311.00,311.00,302.10,303.50,251743
13-Nov-14,305.00,307.60,301.50,303.40,315572
12-Nov-14,303.40,304.75,299.40,302.70,119648
11-Nov-14,311.10,311.10,300.30,302.80,145992
10-Nov-14,307.60,307.60,301.60,305.20,151042
7-Nov-14,307.20,307.30,299.20,300.80,158271
6-Nov-14,300.90,305.50,300.90,303.80,169358
5-Nov-14,310.00,310.30,306.80,309.00,143733
4-Nov-14,311.80,311.80,304.60,307.70,360070
3-Nov-14,317.10,317.10,308.50,312.50,207288
31-Oct-14,319.10,319.10,309.60,313.90,286218
30-Oct-14,317.80,317.80,312.50,314.10,211839
29-Oct-14,318.80,318.80,312.00,314.20,205214
28-Oct-14,310.60,316.70,310.60,315.70,187746
27-Oct-14,313.40,315.18,308.50,311.60,228482
24-Oct-14,312.10,315.80,311.34,313.70,360262
23-Oct-14,310.40,314.39,305.50,312.00,447924
22-Oct-14,297.40,311.10,297.40,310.00,309435
21-Oct-14,291.30,296.07,289.10,294.70,318121
20-Oct-14,295.30,295.30,288.80,290.90,212548
17-Oct-14,289.80,299.10,289.80,295.70,239964
16-Oct-14,282.90,289.10,281.80,288.30,399788
15-Oct-14,293.10,294.90,282.00,283.20,395499
14-Oct-14,283.30,294.00,282.60,292.90,331285
13-Oct-14,292.50,298.61,281.50,283.50,383717
10-Oct-14,306.00,307.85,290.60,294.20,397835
9-Oct-14,311.60,311.60,304.90,307.60,293123
8-Oct-14,308.00,309.50,305.00,307.50,341290
7-Oct-14,308.00,310.80,305.40,308.60,254455
6-Oct-14,308.90,312.40,306.20,308.70,175481
3-Oct-14,303.80,308.50,299.70,306.60,184039
2-Oct-14,307.20,307.64,299.40,300.00,255212
1-Oct-14,308.00,311.70,305.50,306.70,236132
30-Sep-14,314.90,315.30,309.30,309.70,247953
29-Sep-14,309.80,313.20,307.00,312.50,213421
26-Sep-14,315.00,316.50,309.04,309.10,283651
25-Sep-14,306.00,316.30,304.10,315.00,462672
24-Sep-14,300.00,305.90,298.60,305.20,217623
23-Sep-14,298.00,303.20,297.00,300.00,326598
22-Sep-14,303.70,305.00,298.40,302.90,283309
19-Sep-14,297.70,315.00,297.70,309.60,627280
18-Sep-14,292.00,299.98,292.00,295.80,201356
17-Sep-14,291.50,293.30,289.80,293.00,263740
16-Sep-14,294.80,295.20,291.00,291.40,226191
15-Sep-14,292.60,299.80,292.60,295.60,121822
12-Sep-14,293.10,295.30,291.70,294.30,258033
11-Sep-14,298.80,302.30,293.00,294.60,198727
10-Sep-14,303.60,303.60,294.40,297.80,157931
9-Sep-14,299.00,303.50,295.90,301.00,219615
8-Sep-14,299.90,301.63,296.20,300.00,300080
5-Sep-14,303.30,303.30,298.40,300.10,104312
4-Sep-14,300.50,304.70,299.90,303.00,230564
3-Sep-14,294.80,301.40,294.10,299.69,210445
2-Sep-14,297.10,297.20,293.00,296.00,106058
1-Sep-14,290.90,295.70,290.90,295.00,99965
29-Aug-14,298.50,298.50,290.20,291.40,268372
28-Aug-14,301.00,301.00,295.50,297.10,134395
27-Aug-14,300.50,302.40,298.80,300.40,224029
26-Aug-14,305.00,305.00,299.60,300.90,188202
22-Aug-14,302.60,302.90,300.40,302.05,314401
21-Aug-14,304.70,304.90,299.90,301.80,336196
20-Aug-14,305.70,305.70,302.20,303.00,334957
19-Aug-14,304.20,307.74,303.10,304.77,391121
18-Aug-14,303.00,304.70,302.90,303.50,169833
15-Aug-14,300.10,304.30,299.80,301.20,147569
14-Aug-14,298.00,302.80,292.70,300.20,180192
13-Aug-14,293.70,298.00,290.70,298.00,190885
12-Aug-14,294.40,300.12,293.90,294.00,169926
11-Aug-14,291.00,297.02,290.50,294.00,366793
8-Aug-14,279.80,294.60,279.80,292.00,422569
7-Aug-14,280.40,287.30,280.40,283.60,368124
6-Aug-14,279.00,282.50,276.70,281.00,284189
5-Aug-14,283.00,285.90,280.10,280.80,289661
4-Aug-14,283.30,285.30,279.00,282.20,331258
1-Aug-14,287.10,289.28,281.80,283.40,356643
31-Jul-14,273.00,290.50,272.10,289.00,600378
30-Jul-14,267.00,270.65,265.90,267.70,196114
29-Jul-14,265.60,269.95,264.60,266.00,130609
28-Jul-14,268.00,268.30,264.50,266.00,190081
25-Jul-14,268.00,268.20,264.30,267.50,258176
24-Jul-14,266.40,268.00,264.70,268.00,201646
23-Jul-14,264.50,268.20,262.70,266.40,311220
22-Jul-14,263.50,265.60,261.60,263.50,269009
21-Jul-14,265.50,265.50,260.80,262.50,170020
18-Jul-14,263.70,264.20,261.50,262.80,244710
17-Jul-14,262.70,264.30,260.50,262.50,234553
16-Jul-14,264.20,266.00,262.00,263.00,191133
15-Jul-14,266.00,268.70,259.45,262.90,214706
14-Jul-14,267.70,268.04,264.88,266.30,191943
11-Jul-14,268.00,269.20,264.10,265.00,236348
10-Jul-14,275.00,278.30,263.11,266.70,320758
9-Jul-14,279.50,279.50,275.30,275.50,178060
8-Jul-14,286.00,288.90,278.00,280.00,331822
7-Jul-14,287.10,292.50,286.10,290.25,124824
4-Jul-14,289.80,293.40,287.86,288.90,87967
3-Jul-14,288.80,288.80,285.20,287.20,93312
2-Jul-14,285.90,288.50,284.20,285.70,154104
1-Jul-14,282.20,289.10,282.20,285.40,291216
30-Jun-14,286.30,289.30,281.80,283.80,156461
27-Jun-14,288.20,295.75,285.80,288.00,159461
26-Jun-14,282.30,291.70,281.94,289.70,203410
25-Jun-14,296.00,296.00,281.40,283.00,190314
24-Jun-14,291.50,297.40,287.10,288.40,336617
23-Jun-14,285.90,299.35,285.90,292.00,133629
20-Jun-14,286.80,301.90,286.50,294.00,453681
19-Jun-14,299.70,303.46,285.70,286.35,456696
18-Jun-14,295.20,302.85,291.20,295.60,198950
17-Jun-14,298.00,305.90,291.30,297.60,374868
16-Jun-14,294.70,302.86,289.70,295.90,252947
13-Jun-14,296.80,307.33,286.90,294.30,218692
12-Jun-14,305.80,306.73,294.00,298.60,216574
11-Jun-14,300.00,303.37,292.20,294.00,127481
10-Jun-14,295.90,303.11,293.40,295.00,100579
9-Jun-14,298.00,302.52,291.73,295.00,102833
6-Jun-14,299.70,305.49,293.70,297.40,103831
5-Jun-14,298.90,302.65,291.60,294.50,218381
4-Jun-14,291.30,295.00,289.46,294.20,159721
3-Jun-14,301.50,303.75,297.96,300.50,233170
2-Jun-14,302.50,302.80,297.90,300.50,208323
30-May-14,296.00,305.00,296.00,300.30,556334
29-May-14,295.60,304.50,295.60,300.60,233155
28-May-14,285.90,298.19,285.90,296.00,230255
27-May-14,285.80,289.00,283.70,285.30,193084
23-May-14,283.40,285.50,280.10,283.70,117946
22-May-14,276.20,285.30,276.20,284.25,137381
21-May-14,276.70,285.00,275.86,283.25,253389
20-May-14,279.40,287.60,275.20,276.10,159449
19-May-14,279.90,285.34,277.86,281.20,193125
16-May-14,279.20,288.67,277.80,281.00,358140
15-May-14,284.90,290.10,284.90,289.80,307092
14-May-14,287.00,287.00,279.90,281.32,195776
13-May-14,286.80,292.70,283.50,285.60,163298
12-May-14,276.10,286.10,276.10,283.50,241361
9-May-14,286.60,290.00,283.20,286.00,203907
8-May-14,279.50,285.80,277.00,285.80,227273
7-May-14,274.90,278.40,272.94,275.35,170100
6-May-14,278.10,282.11,275.10,278.70,89717
2-May-14,289.50,289.50,273.40,277.90,238135
1-May-14,287.80,289.40,276.00,279.60,120791
30-Apr-14,281.20,285.50,277.20,277.60,269722
29-Apr-14,280.30,286.84,280.30,282.30,105229
28-Apr-14,285.00,288.96,280.20,281.50,129509
25-Apr-14,292.50,293.70,283.60,285.20,179196
24-Apr-14,288.00,295.90,288.00,295.20,217493
23-Apr-14,292.20,292.20,284.84,287.50,105360
22-Apr-14,286.90,294.90,286.90,291.10,185255
17-Apr-14,292.40,292.40,283.60,286.20,186916
16-Apr-14,286.80,292.50,285.70,289.80,293936
15-Apr-14,286.10,295.20,282.60,284.10,191748
14-Apr-14,297.50,299.50,285.60,289.80,162308
11-Apr-14,295.00,303.10,290.60,299.80,199241
10-Apr-14,323.60,323.70,302.90,305.00,195237
9-Apr-14,314.20,321.20,304.50,306.30,138528
8-Apr-14,319.60,329.18,311.00,314.45,315963
7-Apr-14,314.50,324.10,310.83,323.00,178835
4-Apr-14,304.60,319.50,304.60,316.70,207227
3-Apr-14,299.80,311.40,299.80,304.80,77059
2-Apr-14,304.30,311.20,304.30,306.80,103496
1-Apr-14,300.10,312.62,300.10,306.81,134037
31-Mar-14,299.50,306.50,299.50,300.30,103420
28-Mar-14,302.00,306.20,299.00,299.00,101750
27-Mar-14,294.90,305.30,294.90,304.80,138605
26-Mar-14,298.70,303.10,298.40,298.40,132351
25-Mar-14,294.00,299.70,290.30,298.50,197527
24-Mar-14,291.10,294.95,288.10,291.10,116263
21-Mar-14,297.60,301.40,292.70,292.70,399798
20-Mar-14,299.20,305.30,296.34,298.90,162419
19-Mar-14,298.10,300.50,296.40,299.40,188811
18-Mar-14,296.20,299.50,295.60,297.20,99217
17-Mar-14,296.70,301.50,295.50,297.30,110951
14-Mar-14,295.20,301.00,291.00,294.90,227760
13-Mar-14,297.70,299.60,295.40,295.90,148876
12-Mar-14,304.50,304.50,296.50,302.11,246732
11-Mar-14,302.00,305.90,301.30,302.35,151080
10-Mar-14,303.30,308.40,299.80,302.80,193385
7-Mar-14,308.70,309.60,302.00,303.30,176625
6-Mar-14,310.00,310.00,305.20,308.50,182604
5-Mar-14,304.70,314.10,304.70,308.20,314250
4-Mar-14,305.00,310.60,305.00,307.90,248085
3-Mar-14,314.50,318.80,302.00,304.00,373992
28-Feb-14,328.10,328.10,305.60,314.50,386743
27-Feb-14,326.50,329.90,316.40,329.00,223412
26-Feb-14,335.00,335.00,325.30,329.60,82649
25-Feb-14,329.50,331.40,325.80,330.00,259455
24-Feb-14,325.70,329.50,322.60,327.60,146535
21-Feb-14,325.30,332.10,325.30,327.52,168737
20-Feb-14,319.00,323.10,317.70,322.60,107910
19-Feb-14,320.00,328.70,319.00,322.10,104967
18-Feb-14,318.90,325.10,318.90,323.00,251011
17-Feb-14,315.40,322.30,315.40,321.80,170345
14-Feb-14,309.20,316.60,308.10,316.10,169216
13-Feb-14,307.50,311.20,305.40,310.10,112117
12-Feb-14,304.40,313.40,304.30,311.80,236229
11-Feb-14,311.20,313.30,303.80,312.90,300271
10-Feb-14,312.60,315.40,310.30,312.20,132953
7-Feb-14,320.60,320.60,312.20,315.10,155595
6-Feb-14,317.00,318.40,313.20,316.25,229247
5-Feb-14,309.40,317.20,309.40,312.60,226621
4-Feb-14,313.80,319.80,309.50,314.00,298985
3-Feb-14,319.50,332.40,317.40,319.90,193929
31-Jan-14,325.80,326.30,321.00,323.90,209231
30-Jan-14,323.90,325.10,320.50,324.20,225794
29-Jan-14,309.80,325.00,309.80,325.00,428816
28-Jan-14,299.10,309.90,298.20,308.90,218725
27-Jan-14,302.50,302.50,294.10,300.56,296762
24-Jan-14,307.60,307.60,298.60,301.60,224894
23-Jan-14,306.80,311.70,302.90,304.40,171942
22-Jan-14,318.50,318.50,307.00,310.00,259288
21-Jan-14,315.00,316.20,306.00,306.60,268059
20-Jan-14,314.20,317.60,311.10,316.00,169883
17-Jan-14,316.70,317.00,310.40,310.70,140568
16-Jan-14,318.20,318.20,310.10,317.00,377683
15-Jan-14,314.90,318.00,311.90,313.50,426857
14-Jan-14,314.00,320.00,312.70,316.00,308435
13-Jan-14,312.00,318.60,307.00,316.00,551561
10-Jan-14,315.70,325.60,308.00,316.00,771957
9-Jan-14,284.00,319.90,284.00,314.94,727534
8-Jan-14,278.70,284.60,278.70,282.80,100326
7-Jan-14,273.50,280.00,272.00,280.00,251176
6-Jan-14,274.00,275.80,270.00,273.70,157000
3-Jan-14,277.90,277.90,272.80,273.50,135691
2-Jan-14,278.60,278.60,275.90,277.70,120652
31-Dec-13,278.70,279.00,277.20,277.20,86609
30-Dec-13,278.00,281.30,275.80,277.90,113103
27-Dec-13,271.30,274.40,270.20,274.40,48869
24-Dec-13,266.70,271.00,265.40,271.00,17776
23-Dec-13,266.80,267.60,263.80,265.60,117401
20-Dec-13,270.50,276.70,264.10,266.80,365863
19-Dec-13,268.90,275.70,268.50,271.00,227813
18-Dec-13,261.60,270.00,261.10,265.00,151441
17-Dec-13,257.80,261.40,257.00,260.00,162842
16-Dec-13,255.10,258.20,253.40,258.20,64764
13-Dec-13,252.00,256.40,252.00,256.00,51111
12-Dec-13,259.20,260.90,252.00,252.60,239089
11-Dec-13,254.50,262.00,254.50,260.60,274192
10-Dec-13,261.20,261.20,256.00,257.50,69388
9-Dec-13,259.10,261.30,258.70,260.00,222991
6-Dec-13,252.50,259.10,252.50,258.80,91500
5-Dec-13,249.90,254.70,248.70,253.00,150422
4-Dec-13,241.20,251.80,241.20,251.30,148866
3-Dec-13,254.00,254.00,245.70,247.00,184287
2-Dec-13,260.70,262.40,251.90,251.90,148372
29-Nov-13,260.10,262.00,260.00,261.50,115587
28-Nov-13,257.00,262.00,257.00,261.00,94266
27-Nov-13,251.50,257.10,251.40,257.10,75873
26-Nov-13,260.80,260.80,252.70,252.70,264539
25-Nov-13,257.80,263.10,257.80,260.30,105243
22-Nov-13,257.10,260.20,253.80,257.00,92070
21-Nov-13,261.60,261.60,254.00,255.50,188762
20-Nov-13,250.50,256.10,249.20,256.10,208695
19-Nov-13,252.80,253.30,250.30,250.30,155300
18-Nov-13,249.20,258.10,248.80,253.40,220397
15-Nov-13,248.60,253.70,248.60,249.10,135884
14-Nov-13,249.30,252.40,248.60,252.20,110229
13-Nov-13,252.80,252.80,246.10,247.10,283242
12-Nov-13,251.60,252.50,248.90,250.50,221572
11-Nov-13,247.30,251.70,247.30,251.10,145250
8-Nov-13,248.90,248.90,245.50,247.50,192903
7-Nov-13,247.00,251.40,245.40,251.00,221866
6-Nov-13,243.80,248.60,243.80,246.50,173197
5-Nov-13,253.70,254.00,244.50,247.40,209733
4-Nov-13,250.20,255.40,250.20,253.70,224569
1-Nov-13,251.70,251.70,247.70,250.30,177900
31-Oct-13,253.10,254.50,248.80,250.00,190859
30-Oct-13,247.10,253.40,247.10,252.50,315170
29-Oct-13,244.40,247.70,243.00,247.50,157430
28-Oct-13,246.10,246.10,242.40,245.40,132521
25-Oct-13,242.10,246.40,242.10,246.00,244070
24-Oct-13,244.00,245.00,242.40,242.90,487062
23-Oct-13,230.00,244.90,226.50,243.90,857644
22-Oct-13,225.00,225.80,224.20,225.70,178552
21-Oct-13,223.00,225.80,222.70,225.25,228565
18-Oct-13,224.20,224.20,219.80,223.00,223826
17-Oct-13,225.10,225.10,222.10,223.50,91014
16-Oct-13,222.40,225.10,220.00,224.40,237080
15-Oct-13,223.80,224.00,220.90,222.00,130627
14-Oct-13,221.80,222.40,220.00,221.10,184948
11-Oct-13,221.00,221.90,219.60,221.80,92625
10-Oct-13,218.00,221.70,218.00,220.00,194143
9-Oct-13,220.40,222.20,216.40,217.00,332955
8-Oct-13,222.10,222.50,220.90,222.30,238867
7-Oct-13,222.20,222.90,220.00,222.00,131402
4-Oct-13,222.30,222.60,220.90,222.40,252973
3-Oct-13,223.00,223.00,220.50,221.60,103097
2-Oct-13,219.70,223.00,219.70,222.50,140675
1-Oct-13,220.90,223.00,219.70,220.40,289337
30-Sep-13,222.10,222.10,218.10,220.40,293772
27-Sep-13,223.70,224.50,222.90,223.40,116489
26-Sep-13,224.20,225.00,222.10,224.00,117020
25-Sep-13,226.30,226.50,224.10,224.40,179565
24-Sep-13,221.70,226.70,220.00,224.40,352774
20-Sep-13,235.00,235.00,226.80,226.80,286830
19-Sep-13,234.00,235.80,229.70,229.80,211087
18-Sep-13,234.10,234.10,231.80,233.60,292278
17-Sep-13,237.00,237.00,233.70,234.30,289818
16-Sep-13,237.20,238.40,235.60,237.00,201671
13-Sep-13,238.20,239.10,233.10,235.30,195656
12-Sep-13,237.70,238.50,235.30,238.00,197493
11-Sep-13,234.50,238.90,234.00,237.50,360562
10-Sep-13,225.50,237.90,225.50,234.70,417409
9-Sep-13,223.50,226.70,222.00,223.60,211431
6-Sep-13,220.00,228.10,220.00,224.00,374881
5-Sep-13,220.50,222.00,219.30,220.60,191191
4-Sep-13,217.80,219.00,217.30,217.00,259851
3-Sep-13,218.00,219.20,216.40,218.00,210306
2-Sep-13,218.30,218.70,216.40,217.90,230509
30-Aug-13,217.00,219.00,215.00,215.20,133986
29-Aug-13,215.90,217.00,215.30,216.00,253187
28-Aug-13,216.60,216.60,214.20,215.40,329597
27-Aug-13,216.30,218.00,215.00,217.50,299662
23-Aug-13,216.30,217.90,215.20,216.40,111155
22-Aug-13,212.70,216.90,212.70,214.10,170583
21-Aug-13,214.00,215.50,211.80,214.90,214550
20-Aug-13,214.00,214.00,212.30,213.50,524573
19-Aug-13,215.00,215.00,213.10,214.00,623294
16-Aug-13,210.80,215.00,207.80,214.20,539831
15-Aug-13,216.00,218.50,211.00,213.00,469876
14-Aug-13,215.90,218.30,215.70,216.00,471705
13-Aug-13,210.80,214.50,210.80,212.40,599516
12-Aug-13,214.50,219.00,211.00,212.90,502645
9-Aug-13,212.20,214.70,209.70,213.90,525097
8-Aug-13,208.80,211.10,208.70,208.80,161177
7-Aug-13,207.70,210.70,207.70,208.00,264669
6-Aug-13,208.30,214.60,207.40,210.00,303567
5-Aug-13,205.00,209.00,202.90,208.20,334924
2-Aug-13,195.40,205.80,193.70,204.00,470771
1-Aug-13,195.00,195.00,188.00,194.00,918732
31-Jul-13,190.30,195.00,190.30,193.00,179319
30-Jul-13,190.50,191.00,189.20,190.00,79858
29-Jul-13,191.60,191.60,188.40,188.90,117674
26-Jul-13,191.00,191.00,189.50,190.50,107679
25-Jul-13,189.20,190.00,189.20,190.00,132184
24-Jul-13,190.00,191.90,189.30,190.00,458270
23-Jul-13,191.20,191.20,188.20,189.50,166366
22-Jul-13,188.00,190.40,187.00,188.50,88356
19-Jul-13,189.70,190.72,188.10,188.40,80099
18-Jul-13,188.70,190.70,186.90,190.70,54708
17-Jul-13,191.10,191.10,188.10,189.50,190347
16-Jul-13,192.90,193.66,189.10,190.30,61190
15-Jul-13,193.50,194.50,190.90,192.60,183832
12-Jul-13,187.40,193.80,185.30,192.50,334346
11-Jul-13,184.80,187.80,184.50,187.80,116328
10-Jul-13,185.40,185.80,180.80,183.10,194282
9-Jul-13,185.40,186.50,184.40,186.00,190665
8-Jul-13,180.10,186.40,179.70,185.20,156022
5-Jul-13,179.70,183.00,178.70,179.00,160367
4-Jul-13,177.40,180.00,175.12,180.00,157471
3-Jul-13,172.20,175.30,170.53,175.00,151274
2-Jul-13,176.10,177.40,172.30,173.60,110644
1-Jul-13,178.60,178.60,175.90,176.50,253498
28-Jun-13,187.00,187.00,175.49,177.50,261536
27-Jun-13,186.40,186.40,176.00,178.50,161350
26-Jun-13,174.40,181.14,174.40,179.30,193640
25-Jun-13,171.80,175.60,171.80,175.00,167284
24-Jun-13,180.00,180.00,169.90,171.10,286420
21-Jun-13,174.90,177.48,173.09,173.90,434145
20-Jun-13,184.00,184.00,175.00,175.80,118598
19-Jun-13,184.00,185.96,183.80,183.80,174825
18-Jun-13,193.50,193.50,184.50,185.00,262837
17-Jun-13,189.50,190.30,187.10,187.10,104812
14-Jun-13,186.00,189.70,186.00,187.50,114418
13-Jun-13,183.50,184.50,179.20,184.20,140002
12-Jun-13,187.30,188.30,183.20,183.40,178977
11-Jun-13,194.60,194.60,186.00,186.10,146009
10-Jun-13,194.50,194.80,191.50,193.00,109614
7-Jun-13,194.90,195.70,191.90,192.00,274786
6-Jun-13,199.10,199.44,193.00,194.00,113642
5-Jun-13,205.20,209.00,197.00,197.90,220182
4-Jun-13,208.80,209.90,204.76,206.70,118186
3-Jun-13,212.20,212.70,206.90,207.70,106253
31-May-13,215.30,216.16,209.60,210.60,126039
30-May-13,219.70,219.70,212.30,212.90,164833
29-May-13,208.40,212.10,206.10,211.50,304386
28-May-13,209.50,212.28,206.70,208.70,186035
24-May-13,209.00,210.02,202.30,204.20,197433
23-May-13,212.50,212.50,205.00,208.40,295238
22-May-13,213.60,213.60,210.99,212.00,88646
21-May-13,207.70,213.70,206.80,213.60,203376
20-May-13,209.60,210.30,207.91,208.60,123475
17-May-13,203.40,208.44,203.40,206.98,167141
16-May-13,205.40,208.60,205.00,206.58,153719
15-May-13,205.50,208.08,205.50,206.69,222616
14-May-13,205.10,206.14,201.30,204.90,244259
13-May-13,209.90,209.90,203.20,204.10,304871
10-May-13,204.30,210.00,204.20,207.35,352585
9-May-13,202.00,204.10,201.30,203.50,467914
8-May-13,202.50,204.66,200.50,201.81,343650
7-May-13,200.00,212.02,200.00,208.40,349745
3-May-13,209.30,213.73,200.00,208.71,419197
2-May-13,218.60,221.49,214.50,216.20,382758
1-May-13,216.70,220.60,216.50,220.60,135863
30-Apr-13,215.60,217.90,214.00,217.10,210626
29-Apr-13,215.10,215.40,211.10,214.90,228015
26-Apr-13,214.70,215.86,211.70,214.20,228752
25-Apr-13,211.80,217.30,211.80,214.60,239853
24-Apr-13,204.40,214.10,202.31,212.80,425326
23-Apr-13,200.20,205.40,198.30,203.10,234424
22-Apr-13,198.60,201.50,198.20,199.90,275806
19-Apr-13,207.00,210.00,196.37,201.60,448748
18-Apr-13,213.50,215.24,209.40,211.14,234213
17-Apr-13,208.80,214.00,207.70,213.80,241704
16-Apr-13,212.10,213.52,199.50,207.50,291525
15-Apr-13,214.40,215.82,207.90,209.30,139752
12-Apr-13,214.50,217.52,214.50,215.60,154958
11-Apr-13,217.60,218.50,216.60,217.40,211324
10-Apr-13,219.50,219.60,214.90,216.80,219195
9-Apr-13,208.50,219.20,204.06,218.90,202149
8-Apr-13,215.10,215.10,208.40,208.50,179317
5-Apr-13,215.10,215.40,212.00,212.00,327463
4-Apr-13,218.90,219.44,213.70,213.70,163511
3-Apr-13,220.20,224.00,218.20,218.80,124142
2-Apr-13,217.30,221.10,215.39,221.00,180862
28-Mar-13,220.20,220.80,215.80,217.30,195177
27-Mar-13,224.60,224.60,218.80,219.50,105716
26-Mar-13,227.60,230.10,224.00,224.50,252303
25-Mar-13,230.70,231.36,226.60,227.80,281234
22-Mar-13,224.90,229.00,224.90,228.60,137129
21-Mar-13,226.80,227.10,224.40,227.10,118292
20-Mar-13,227.20,229.91,227.20,227.70,68928
19-Mar-13,226.60,230.00,226.60,229.50,127416
18-Mar-13,222.20,230.75,222.20,230.00,243192
15-Mar-13,231.30,232.00,222.60,229.30,595973
14-Mar-13,231.00,232.60,230.90,232.00,330181
13-Mar-13,232.50,233.30,230.90,231.00,335354
12-Mar-13,235.70,235.70,232.90,233.00,191821
11-Mar-13,236.40,237.20,234.60,235.30,137040
8-Mar-13,236.10,241.90,234.80,237.40,193171
7-Mar-13,236.50,241.60,236.50,241.50,86046
6-Mar-13,242.10,242.30,239.48,241.00,116617
5-Mar-13,238.40,243.40,237.10,242.00,280710
4-Mar-13,248.00,248.00,242.90,244.40,381278
1-Mar-13,248.00,250.00,244.58,248.50,144342
28-Feb-13,249.30,250.00,241.08,247.90,268251
27-Feb-13,245.00,249.90,244.20,249.30,39705
26-Feb-13,243.20,245.80,240.80,244.90,148914
25-Feb-13,249.50,249.50,240.83,245.00,114910
22-Feb-13,243.60,248.12,241.80,247.10,88907
21-Feb-13,242.70,245.50,240.32,244.60,132669
20-Feb-13,248.60,249.40,245.50,245.50,89735
19-Feb-13,244.20,247.90,242.40,247.30,105615
18-Feb-13,253.40,253.40,241.30,242.80,136219
15-Feb-13,242.40,245.10,240.00,245.10,189025
14-Feb-13,235.40,242.77,235.40,239.10,74714
13-Feb-13,234.00,242.80,230.44,242.70,212249
12-Feb-13,232.00,235.70,231.01,235.30,127475
11-Feb-13,227.20,231.90,227.20,231.40,200659
8-Feb-13,226.40,230.40,226.40,230.00,165461
7-Feb-13,230.90,230.90,225.90,227.00,147321
6-Feb-13,228.20,232.80,227.70,230.00,201987
5-Feb-13,226.60,227.50,224.20,227.00,293008
4-Feb-13,234.00,234.50,225.40,226.60,323817
1-Feb-13,224.30,233.80,223.90,233.80,123443
31-Jan-13,227.60,228.70,221.55,223.40,263742
30-Jan-13,228.50,230.30,225.70,227.50,201393
29-Jan-13,231.20,231.90,229.56,229.90,70434
28-Jan-13,225.20,232.60,225.00,231.80,182636
25-Jan-13,222.80,224.20,217.80,224.00,631436
24-Jan-13,230.60,230.60,219.58,223.40,468375
23-Jan-13,230.60,235.44,230.60,231.60,141430
22-Jan-13,234.90,236.00,233.50,234.50,60995
21-Jan-13,232.80,235.90,231.60,235.60,83798
18-Jan-13,234.50,238.00,233.20,235.80,207082
17-Jan-13,233.50,239.50,233.50,235.00,99676
16-Jan-13,235.00,235.20,231.13,235.00,156255
15-Jan-13,242.90,242.90,233.00,236.30,166857
14-Jan-13,241.20,241.20,233.20,234.50,334136
11-Jan-13,232.30,240.70,230.15,239.70,453825
10-Jan-13,231.60,234.60,231.00,232.00,155663
9-Jan-13,231.00,231.60,230.00,230.50,97858
8-Jan-13,230.00,231.50,228.30,230.50,258673
7-Jan-13,224.10,230.02,218.30,230.00,267901
4-Jan-13,215.90,224.30,214.41,222.10,471673
3-Jan-13,212.10,215.30,212.10,214.60,256314
2-Jan-13,209.30,215.70,209.30,212.30,131455
