31-Dec-15,456.50,456.50,450.40,452.40,840181
30-Dec-15,453.90,457.90,452.00,456.60,3074540
29-Dec-15,452.80,456.60,450.50,455.10,5124521
24-Dec-15,446.90,453.40,445.40,453.40,1013484
23-Dec-15,446.00,453.43,444.10,447.00,4631397
22-Dec-15,449.60,449.60,438.10,442.90,4450619
21-Dec-15,449.80,455.10,447.60,447.60,3626374
18-Dec-15,452.80,456.20,447.30,451.40,7476152
16-Dec-15,463.00,463.90,454.50,460.20,4824969
15-Dec-15,458.60,465.00,455.60,462.60,3768158
14-Dec-15,464.10,467.90,455.70,455.70,5768048
11-Dec-15,472.70,473.30,463.80,465.10,4722788
10-Dec-15,480.60,481.10,473.60,474.80,4194920
9-Dec-15,486.00,488.20,481.10,482.50,3031628
8-Dec-15,492.30,493.85,483.50,485.50,3448226
7-Dec-15,499.00,504.50,493.20,494.80,4085986
4-Dec-15,499.00,501.50,496.02,497.30,3795979
3-Dec-15,510.00,515.00,501.00,501.00,5295466
2-Dec-15,508.00,515.00,508.00,513.00,3561011
1-Dec-15,505.00,511.50,504.00,507.50,3592235
30-Nov-15,500.50,505.50,498.80,502.50,5879503
27-Nov-15,500.50,503.00,494.20,500.00,4840155
26-Nov-15,502.50,503.00,499.20,501.50,3687643
25-Nov-15,497.30,503.00,496.30,500.50,4910981
24-Nov-15,506.00,506.55,493.50,496.00,6693969
23-Nov-15,510.50,514.50,507.00,508.50,4186700
20-Nov-15,519.50,521.50,512.50,514.50,3874019
19-Nov-15,519.00,522.62,514.50,519.50,4156091
18-Nov-15,516.50,516.58,510.50,515.00,3485329
17-Nov-15,515.00,519.00,513.50,518.00,3784691
16-Nov-15,508.00,512.50,505.50,509.00,4039491
13-Nov-15,512.00,515.40,508.00,512.00,4219092
12-Nov-15,520.00,522.90,511.50,514.50,4560855
11-Nov-15,534.50,536.51,523.96,526.00,4702767
10-Nov-15,537.00,537.04,525.00,532.50,3685160
9-Nov-15,543.00,543.74,535.00,537.00,3920695
6-Nov-15,542.50,550.00,538.00,542.50,4155718
5-Nov-15,539.50,549.50,536.32,540.00,4370730
4-Nov-15,539.50,542.50,532.00,535.00,6035894
3-Nov-15,519.00,521.50,514.90,520.50,3492809
2-Nov-15,510.50,522.50,508.50,520.00,4365906
30-Oct-15,511.00,514.50,508.50,513.00,3111023
29-Oct-15,512.00,514.00,507.00,511.50,2677210
28-Oct-15,510.00,513.00,505.36,511.00,3817829
27-Oct-15,516.50,518.00,511.50,512.00,3036744
26-Oct-15,516.00,517.42,512.00,515.50,2418323
23-Oct-15,504.00,518.00,504.00,517.50,6547515
22-Oct-15,493.00,505.00,492.60,502.50,3977647
21-Oct-15,493.20,496.00,489.50,493.50,4126812
20-Oct-15,490.90,493.00,490.50,491.10,3582577
19-Oct-15,490.80,494.00,488.10,490.90,2350306
16-Oct-15,492.90,493.40,490.00,491.00,4000708
15-Oct-15,486.20,493.30,484.30,489.90,3537267
14-Oct-15,488.00,489.50,482.90,485.20,5034621
13-Oct-15,495.40,497.30,487.00,490.90,3936655
12-Oct-15,492.40,494.20,490.00,493.70,2521892
9-Oct-15,495.00,496.00,490.70,492.30,3880355
8-Oct-15,497.00,497.50,486.70,491.90,6689989
7-Oct-15,515.00,515.00,498.10,499.10,7231924
6-Oct-15,517.50,522.00,514.00,519.50,3537009
5-Oct-15,514.00,516.50,512.00,515.00,3828498
2-Oct-15,505.00,509.00,499.90,506.50,3787626
1-Oct-15,506.50,508.50,500.50,501.00,3220513
30-Sep-15,497.60,501.15,496.20,501.00,4400197
29-Sep-15,487.50,494.70,486.00,488.40,3652564
28-Sep-15,500.00,501.00,491.20,491.90,3869937
25-Sep-15,492.10,505.00,484.82,501.00,5514541
24-Sep-15,489.30,496.00,483.10,484.30,5661463
23-Sep-15,475.60,490.60,474.45,488.40,5675715
22-Sep-15,493.20,495.45,475.20,476.00,4256607
21-Sep-15,490.30,498.40,489.10,492.90,2854375
18-Sep-15,493.40,496.50,483.10,491.10,5749454
17-Sep-15,494.50,500.40,491.30,495.10,4400173
16-Sep-15,491.40,494.90,488.41,492.60,3561763
15-Sep-15,493.10,495.20,483.90,488.80,5918958
14-Sep-15,505.50,509.00,491.80,492.80,4492016
11-Sep-15,511.00,512.50,501.00,505.00,3390441
10-Sep-15,504.00,515.00,503.50,511.00,3995952
9-Sep-15,517.00,517.00,506.00,507.50,4329596
8-Sep-15,507.50,512.68,505.50,506.50,3620111
7-Sep-15,506.00,508.00,501.87,505.00,1331705
4-Sep-15,508.00,510.50,502.00,502.50,3769110
3-Sep-15,510.00,520.50,509.50,513.50,3527466
2-Sep-15,506.00,511.00,498.40,505.50,4017878
1-Sep-15,514.00,517.50,502.00,505.50,4048840
28-Aug-15,523.00,524.50,511.00,521.50,3925212
27-Aug-15,511.50,524.50,507.00,523.50,6283525
26-Aug-15,495.90,508.00,489.80,500.50,5888771
25-Aug-15,498.10,504.00,493.50,502.00,7420202
24-Aug-15,498.00,503.00,482.10,492.60,7235993
21-Aug-15,512.00,518.00,511.00,511.50,4495527
20-Aug-15,519.00,525.50,518.00,519.00,2873671
19-Aug-15,532.00,532.00,522.50,523.50,3383828
18-Aug-15,534.00,536.00,532.00,533.00,3051348
17-Aug-15,535.50,537.50,529.50,534.00,2990003
14-Aug-15,539.50,540.00,532.00,532.50,2466794
13-Aug-15,537.00,542.50,534.68,538.00,2808505
12-Aug-15,543.00,543.00,527.50,531.00,4451687
11-Aug-15,549.50,552.00,544.50,546.50,3141906
10-Aug-15,550.00,554.50,544.00,550.00,2988307
7-Aug-15,550.00,550.50,541.82,546.00,3113766
6-Aug-15,550.50,551.50,542.68,550.50,2651759
5-Aug-15,545.00,552.00,543.50,549.50,3525533
4-Aug-15,544.00,545.68,540.00,544.00,2500298
3-Aug-15,541.00,544.50,540.00,544.00,2754305
31-Jul-15,536.50,544.00,534.50,544.00,3777956
30-Jul-15,533.50,535.00,527.00,533.00,3130861
29-Jul-15,527.00,531.50,524.50,531.00,3814660
28-Jul-15,520.50,527.50,519.00,523.00,3307892
27-Jul-15,522.00,526.00,517.50,518.50,2619111
24-Jul-15,526.50,535.00,523.00,525.00,2940402
23-Jul-15,540.00,540.00,527.00,527.00,2676517
22-Jul-15,528.00,536.00,525.50,535.00,5213375
21-Jul-15,535.00,535.99,528.00,531.50,3794944
20-Jul-15,538.00,540.50,532.50,534.00,4606553
17-Jul-15,546.00,546.00,538.00,539.50,3518095
16-Jul-15,549.00,549.78,542.50,546.00,3641127
15-Jul-15,546.00,547.50,541.50,547.00,1837080
14-Jul-15,549.50,549.50,539.00,544.50,3351393
13-Jul-15,546.50,549.50,541.50,547.50,4889633
10-Jul-15,525.00,539.50,524.00,538.00,5776324
9-Jul-15,523.50,525.00,519.00,520.50,5372440
8-Jul-15,535.00,538.50,518.00,521.50,6806425
7-Jul-15,557.00,557.88,534.50,535.00,6947730
6-Jul-15,535.00,550.50,531.02,547.00,5054355
3-Jul-15,546.50,547.50,536.50,538.50,2538604
2-Jul-15,545.00,549.00,543.50,547.00,3445235
1-Jul-15,541.50,547.50,540.37,545.00,4654700
30-Jun-15,548.50,549.00,536.00,536.00,6365698
29-Jun-15,549.00,559.50,545.50,551.00,3737746
26-Jun-15,563.50,564.00,556.50,560.50,4062936
25-Jun-15,568.00,570.18,562.50,564.50,4670398
24-Jun-15,565.50,571.50,562.00,569.50,5560891
23-Jun-15,550.50,564.11,550.50,564.00,7722364
22-Jun-15,552.50,554.00,546.00,549.00,4351170
19-Jun-15,546.00,551.00,543.00,543.50,5229616
18-Jun-15,542.00,546.50,541.50,544.00,4132059
17-Jun-15,548.50,548.50,534.50,542.00,4796361
16-Jun-15,550.50,552.50,543.82,547.00,4048715
15-Jun-15,555.50,555.50,549.50,551.00,3418197
12-Jun-15,553.50,559.50,553.50,557.50,3748281
11-Jun-15,552.50,558.50,552.50,555.50,5031254
10-Jun-15,555.00,556.50,551.00,553.50,5300484
9-Jun-15,558.00,558.50,552.00,555.00,2774767
8-Jun-15,560.00,563.00,557.00,557.00,3273319
5-Jun-15,575.00,577.00,559.00,560.00,5883045
4-Jun-15,579.50,585.32,573.00,578.50,3455917
3-Jun-15,576.00,583.50,576.00,581.00,3891955
2-Jun-15,585.00,585.50,573.00,576.00,3715721
1-Jun-15,582.00,587.00,576.50,582.00,2858511
29-May-15,586.00,597.60,580.50,583.00,4482818
28-May-15,583.00,599.35,582.89,587.00,3465337
27-May-15,593.00,600.00,592.50,596.50,3707580
26-May-15,593.50,595.00,587.00,591.50,4437323
22-May-15,595.00,599.50,592.00,597.25,4346855
21-May-15,586.00,595.00,584.50,593.50,5537139
20-May-15,580.00,597.00,576.00,583.50,9195888
19-May-15,585.00,588.00,580.50,585.50,5227238
18-May-15,571.00,581.50,571.00,581.00,5255058
15-May-15,568.50,571.50,563.00,568.00,4372815
14-May-15,565.50,569.50,560.00,565.50,3228127
13-May-15,565.50,575.00,562.50,564.50,5292039
12-May-15,562.50,564.50,557.50,560.50,4182265
11-May-15,561.00,570.00,560.80,564.00,2943271
8-May-15,561.50,569.50,558.00,563.50,8112390
7-May-15,545.50,550.11,537.00,545.50,5324586
6-May-15,545.00,552.50,542.00,547.00,3521551
5-May-15,554.50,556.15,547.00,548.00,4134954
1-May-15,551.00,553.00,546.50,548.50,1586712
30-Apr-15,554.50,558.50,548.50,553.50,4760741
29-Apr-15,558.00,569.15,552.15,554.50,4711457
28-Apr-15,547.50,555.50,539.00,555.00,6166186
27-Apr-15,557.00,557.00,545.00,547.50,6066381
24-Apr-15,557.00,558.00,551.68,554.50,3652938
23-Apr-15,557.50,561.50,549.50,557.00,3641763
22-Apr-15,559.00,564.00,550.00,556.00,3869176
21-Apr-15,566.00,568.50,555.85,558.00,5003313
20-Apr-15,567.50,570.00,563.00,563.50,2665080
17-Apr-15,569.50,569.82,557.86,564.00,3774442
16-Apr-15,573.50,574.50,567.00,568.00,2452315
15-Apr-15,570.00,575.50,567.00,570.50,2827567
14-Apr-15,565.50,572.50,564.68,568.00,3080397
13-Apr-15,577.00,577.00,562.50,567.00,2415385
10-Apr-15,567.50,577.50,566.00,575.50,5286489
9-Apr-15,555.00,566.00,550.50,565.50,5206097
8-Apr-15,560.00,561.00,553.00,554.50,5470017
7-Apr-15,565.00,573.00,556.50,561.00,5882551
2-Apr-15,552.00,565.00,548.50,554.00,9642643
1-Apr-15,534.00,537.50,529.00,530.50,3561735
31-Mar-15,538.00,549.50,534.50,543.51,5766223
30-Mar-15,539.00,541.50,534.50,538.00,3426698
27-Mar-15,534.00,539.00,528.00,530.00,3258929
26-Mar-15,536.00,538.05,527.50,532.50,4715527
25-Mar-15,544.00,548.50,539.00,539.50,3159831
24-Mar-15,536.00,543.50,531.50,542.00,3697643
23-Mar-15,537.00,537.50,530.00,536.00,2711614
20-Mar-15,533.00,537.50,524.08,537.50,7516189
19-Mar-15,517.00,535.00,512.50,531.50,6491203
18-Mar-15,505.50,517.00,505.50,515.50,4034935
17-Mar-15,507.00,507.50,500.05,505.00,2395389
16-Mar-15,496.00,506.00,493.70,506.00,4697412
13-Mar-15,494.00,495.80,490.20,493.60,2566463
12-Mar-15,499.40,501.50,493.00,494.10,3255320
11-Mar-15,495.50,498.42,488.20,496.90,3088999
10-Mar-15,502.50,508.50,494.30,495.50,3920099
9-Mar-15,508.00,509.32,501.50,504.50,2293906
6-Mar-15,505.50,512.50,504.50,511.00,2546367
5-Mar-15,505.50,509.50,501.04,506.50,2590067
4-Mar-15,508.00,509.50,500.50,505.50,2065530
3-Mar-15,511.50,513.50,504.40,508.00,3190025
2-Mar-15,504.00,511.55,503.50,510.00,2679142
27-Feb-15,501.50,507.00,500.50,504.50,2381196
26-Feb-15,504.00,506.50,501.50,503.50,3156706
25-Feb-15,504.00,505.00,499.90,504.50,2514346
24-Feb-15,498.90,504.50,498.56,504.00,2641430
23-Feb-15,500.00,501.00,497.00,499.40,2018856
20-Feb-15,495.20,498.30,494.10,497.70,3060505
19-Feb-15,494.10,497.77,491.20,497.30,3278599
18-Feb-15,491.50,496.55,490.54,494.70,4117181
17-Feb-15,490.50,493.00,487.60,489.10,3580947
16-Feb-15,492.40,496.17,489.50,493.50,2113615
13-Feb-15,491.10,498.80,490.00,494.00,2888114
12-Feb-15,492.70,497.60,489.20,491.50,4897166
11-Feb-15,498.90,499.40,491.10,493.40,3949560
10-Feb-15,481.50,499.60,479.60,498.70,9694034
9-Feb-15,479.90,482.83,473.90,475.50,3103341
6-Feb-15,480.00,484.00,478.80,481.30,3304765
5-Feb-15,478.00,485.20,477.36,481.60,3648274
4-Feb-15,476.60,481.60,474.81,480.40,4732685
3-Feb-15,477.60,482.50,474.60,477.10,4206634
2-Feb-15,485.90,488.50,475.40,478.00,3962497
30-Jan-15,488.50,491.20,480.37,484.40,4907540
29-Jan-15,475.20,488.80,475.20,487.80,5580945
28-Jan-15,477.80,478.60,471.38,477.60,3847146
27-Jan-15,476.00,476.80,472.40,474.70,2659729
26-Jan-15,476.10,478.00,472.60,476.00,2248735
23-Jan-15,471.40,476.03,469.70,475.50,3850616
22-Jan-15,472.40,474.80,463.16,469.60,5736012
21-Jan-15,467.90,472.90,465.50,472.90,4214819
20-Jan-15,465.00,469.00,462.51,467.60,4105379
19-Jan-15,455.40,464.00,454.00,463.30,3505699
16-Jan-15,454.10,456.00,450.20,454.10,4102818
15-Jan-15,453.30,456.80,441.00,456.80,6579831
14-Jan-15,459.00,461.50,448.70,451.30,5201668
13-Jan-15,447.60,463.50,446.30,463.00,6642031
12-Jan-15,448.20,450.20,444.78,448.30,3992368
9-Jan-15,446.80,459.40,444.70,448.00,7038392
8-Jan-15,449.90,453.69,440.10,446.90,13111593
7-Jan-15,457.70,471.30,457.70,463.20,6467591
6-Jan-15,456.50,460.30,446.30,454.40,6205461
5-Jan-15,470.80,472.00,455.90,456.80,7222393
31-Dec-14,479.40,481.80,477.00,478.80,416236
30-Dec-14,483.00,487.40,476.10,477.50,2195474
29-Dec-14,485.60,487.00,481.80,483.20,2226994
24-Dec-14,483.70,487.20,483.00,483.90,563493
23-Dec-14,481.80,485.30,478.00,484.00,2155615
22-Dec-14,477.40,483.80,474.70,480.80,3757089
19-Dec-14,466.90,477.70,461.40,476.00,9525415
18-Dec-14,462.70,464.00,456.30,462.50,6642181
17-Dec-14,456.50,459.70,453.70,457.80,3244207
16-Dec-14,460.00,462.10,449.60,461.30,8340867
15-Dec-14,466.90,469.00,459.60,459.80,4824839
12-Dec-14,475.60,477.00,467.60,467.70,5220406
11-Dec-14,474.80,479.80,474.37,477.50,4299674
10-Dec-14,475.00,479.00,472.70,475.00,3580604
9-Dec-14,476.40,481.90,469.00,476.80,5620863
8-Dec-14,494.00,494.00,479.60,483.50,6629573
5-Dec-14,493.30,496.90,487.10,496.90,6338878
4-Dec-14,493.00,493.70,489.80,491.50,3019017
3-Dec-14,489.60,493.00,488.78,490.90,3250071
2-Dec-14,491.30,493.80,488.60,491.80,3175342
1-Dec-14,487.80,495.00,487.80,489.70,5610706
28-Nov-14,483.20,490.10,482.40,488.50,5557480
27-Nov-14,481.50,483.50,476.30,482.00,4736561
26-Nov-14,483.80,490.70,479.20,480.50,5501850
25-Nov-14,476.10,486.10,476.10,480.90,9394027
24-Nov-14,474.50,477.00,470.80,476.10,3345754
21-Nov-14,475.60,476.40,471.60,474.20,4443809
20-Nov-14,475.90,477.70,471.50,474.10,3624170
19-Nov-14,477.70,477.80,470.40,475.70,5142979
18-Nov-14,475.00,477.50,471.50,476.60,3877000
17-Nov-14,467.60,480.00,466.30,473.00,3608331
14-Nov-14,474.00,477.30,466.64,469.00,5900641
13-Nov-14,468.70,477.40,466.42,472.50,5407647
12-Nov-14,476.60,476.60,469.20,472.50,4797319
11-Nov-14,479.00,482.90,473.07,476.20,5070357
10-Nov-14,467.00,477.10,464.90,477.10,6081861
7-Nov-14,472.20,475.40,464.90,466.20,8880871
6-Nov-14,457.50,472.40,454.50,470.40,17671960
5-Nov-14,435.00,444.80,429.40,444.10,21156723
4-Nov-14,403.40,412.70,401.80,404.70,6904210
3-Nov-14,407.10,407.18,403.40,403.90,6725914
31-Oct-14,408.40,408.90,403.40,406.70,5268136
30-Oct-14,406.00,406.00,399.00,404.90,3808027
29-Oct-14,400.00,407.86,398.60,404.00,6470971
28-Oct-14,409.10,412.50,405.80,406.60,5431811
27-Oct-14,417.60,417.60,406.00,407.90,5994897
24-Oct-14,418.00,418.00,413.40,414.20,6369268
23-Oct-14,416.80,422.10,412.20,419.10,5443029
22-Oct-14,418.90,422.00,416.90,420.00,6143515
21-Oct-14,406.40,419.70,404.47,417.90,6655741
20-Oct-14,406.30,409.20,401.80,407.20,6215938
17-Oct-14,406.10,410.60,400.40,407.90,10330442
16-Oct-14,393.20,406.50,381.10,405.50,11875559
15-Oct-14,393.00,396.30,385.70,389.70,6887608
14-Oct-14,382.00,392.50,381.50,391.30,5011528
13-Oct-14,382.40,389.20,380.80,383.90,4078177
10-Oct-14,390.40,396.60,387.10,387.10,6281150
9-Oct-14,406.40,406.62,392.90,394.10,5045150
8-Oct-14,404.60,406.10,401.30,402.60,4166627
7-Oct-14,405.20,406.40,401.60,404.20,5855893
6-Oct-14,401.80,405.90,399.76,405.90,7235000
3-Oct-14,391.20,401.30,389.00,400.50,8529989
2-Oct-14,399.70,400.50,388.80,388.80,6320052
1-Oct-14,405.00,407.10,396.60,398.90,5958767
30-Sep-14,402.90,411.00,397.10,404.60,9510822
29-Sep-14,419.80,423.20,412.07,415.40,3918429
26-Sep-14,422.20,423.10,417.30,421.70,2759617
25-Sep-14,426.80,433.40,422.30,422.70,4641364
24-Sep-14,420.00,428.50,419.80,428.20,3423085
23-Sep-14,432.30,432.90,420.50,420.80,3538289
22-Sep-14,432.00,436.30,430.10,433.60,3887489
19-Sep-14,430.00,436.80,427.60,435.30,8147159
18-Sep-14,422.70,425.80,421.40,425.80,4309223
17-Sep-14,425.20,426.40,421.30,422.40,2292702
16-Sep-14,426.40,426.40,419.00,423.90,3706330
15-Sep-14,423.00,427.60,422.70,426.00,2090325
12-Sep-14,425.30,428.90,422.80,425.00,2673287
11-Sep-14,432.40,433.60,423.81,425.70,4021898
10-Sep-14,431.50,432.10,427.30,431.00,2623354
9-Sep-14,429.00,436.54,428.80,433.80,3551090
8-Sep-14,434.80,436.10,425.90,428.10,3141151
5-Sep-14,440.70,443.50,434.10,435.80,3412932
4-Sep-14,440.20,443.00,439.50,441.10,2770370
3-Sep-14,436.90,444.40,436.90,441.30,2919138
2-Sep-14,442.60,442.60,436.10,436.50,3179745
1-Sep-14,430.00,441.10,426.90,441.00,3849583
29-Aug-14,436.50,439.90,422.40,429.90,7195942
28-Aug-14,438.80,440.44,435.20,438.10,2529504
27-Aug-14,441.90,445.40,438.70,439.80,2284656
26-Aug-14,438.60,442.40,437.46,442.40,1716005
22-Aug-14,437.00,438.00,434.00,436.40,1973068
21-Aug-14,434.50,437.80,433.70,437.30,1805198
20-Aug-14,434.90,435.90,432.90,434.70,2016614
19-Aug-14,431.90,436.50,431.26,435.00,2952701
18-Aug-14,429.60,431.70,429.14,431.20,1897541
15-Aug-14,429.00,432.20,425.80,427.10,3241911
14-Aug-14,425.60,429.60,425.39,428.00,1748853
13-Aug-14,424.70,428.60,424.50,427.40,2082952
12-Aug-14,422.50,425.50,421.30,423.80,1143879
11-Aug-14,420.10,424.20,419.40,422.90,1738607
8-Aug-14,415.10,419.80,413.80,418.60,2415003
7-Aug-14,421.80,423.20,417.20,418.80,2775660
6-Aug-14,422.90,424.00,416.20,422.90,2757440
5-Aug-14,424.60,426.20,420.30,424.60,2576791
4-Aug-14,428.30,428.85,422.50,422.70,2325211
1-Aug-14,430.20,430.55,424.93,427.50,2811872
31-Jul-14,435.00,435.54,427.80,430.20,2981600
30-Jul-14,437.80,438.30,432.20,434.30,2344709
29-Jul-14,437.10,440.80,434.50,438.00,2919515
28-Jul-14,439.50,442.10,434.10,437.10,2465286
25-Jul-14,444.50,445.00,437.40,438.80,3173860
24-Jul-14,449.90,449.90,444.20,445.70,3338654
23-Jul-14,442.60,453.10,440.72,449.30,3800344
22-Jul-14,441.00,443.80,438.80,442.60,2482432
21-Jul-14,436.40,440.90,430.62,439.10,2469003
18-Jul-14,432.50,436.30,427.60,435.70,2440116
17-Jul-14,436.90,438.20,432.70,433.16,1877629
16-Jul-14,428.50,438.50,428.50,438.00,3105380
15-Jul-14,433.80,438.10,426.00,427.10,4587123
14-Jul-14,427.50,436.90,426.00,435.40,3610603
11-Jul-14,424.40,429.80,422.40,426.70,3818888
10-Jul-14,417.20,423.80,413.30,423.00,5995795
9-Jul-14,427.40,428.07,415.70,418.00,4250256
8-Jul-14,436.00,439.90,425.10,427.40,5922686
7-Jul-14,436.40,436.60,431.40,433.20,2702185
4-Jul-14,434.40,437.63,433.30,436.30,1786373
3-Jul-14,432.20,437.60,431.90,434.00,2847558
2-Jul-14,427.60,433.90,427.00,432.00,2945009
1-Jul-14,425.70,427.57,422.10,427.00,3638540
30-Jun-14,433.80,434.10,424.10,425.20,3705275
27-Jun-14,425.20,438.57,425.11,431.90,2393340
26-Jun-14,427.80,429.30,422.80,426.10,2841275
25-Jun-14,433.10,434.20,425.10,426.20,3757963
24-Jun-14,433.20,434.20,428.70,433.80,3521511
23-Jun-14,432.60,433.60,427.10,432.60,3288509
20-Jun-14,439.00,442.29,432.00,433.70,6599145
19-Jun-14,441.50,443.70,437.80,439.50,2547772
18-Jun-14,435.70,438.80,435.70,438.50,2450199
17-Jun-14,440.00,440.00,431.50,435.30,3019254
16-Jun-14,441.90,444.90,437.10,437.90,2620823
13-Jun-14,451.50,453.32,436.00,442.10,3664737
12-Jun-14,458.50,458.80,452.00,453.20,2488761
11-Jun-14,455.50,461.00,454.50,458.00,3693064
10-Jun-14,453.00,456.60,451.80,455.70,2163565
9-Jun-14,450.80,454.80,449.70,454.10,2271900
6-Jun-14,453.20,455.57,445.20,451.00,3777080
5-Jun-14,450.90,455.70,445.10,452.60,4719753
4-Jun-14,446.30,450.25,443.80,450.25,3198413
3-Jun-14,450.10,451.50,445.20,446.50,3004508
2-Jun-14,450.60,454.71,448.90,450.30,2289608
30-May-14,442.30,455.50,441.80,449.20,3997224
29-May-14,442.00,456.80,441.60,442.80,2645494
28-May-14,440.70,458.00,438.20,443.60,3639635
27-May-14,444.00,453.50,443.80,450.70,3045229
23-May-14,446.70,447.81,440.50,443.20,3165177
22-May-14,451.40,452.98,445.60,447.80,3991229
21-May-14,441.60,453.50,439.60,446.50,5816098
20-May-14,445.00,448.70,434.10,446.00,6602650
19-May-14,456.00,460.78,447.50,451.05,5280612
16-May-14,460.50,461.90,450.00,455.48,4748922
15-May-14,465.90,471.40,460.00,460.98,5497903
14-May-14,468.10,468.10,463.20,464.88,2261706
13-May-14,458.60,468.20,456.90,468.20,4492941
12-May-14,459.20,459.50,452.30,458.48,2866487
9-May-14,450.70,460.00,450.14,458.00,4110214
8-May-14,438.40,450.20,436.70,449.00,2935710
7-May-14,435.10,440.40,433.90,436.90,2566946
6-May-14,441.40,446.30,435.30,437.00,1879185
2-May-14,444.00,444.00,439.80,440.80,2269631
1-May-14,443.20,447.30,439.20,444.00,1947254
30-Apr-14,440.30,442.60,439.00,441.10,4398728
29-Apr-14,433.50,440.00,432.70,439.30,2459419
28-Apr-14,438.30,440.42,433.40,433.40,2746337
25-Apr-14,438.20,440.10,434.20,437.70,2792233
24-Apr-14,440.40,442.40,435.50,437.50,2840591
23-Apr-14,443.70,444.30,439.10,440.20,2646609
22-Apr-14,435.70,442.80,435.40,442.34,3812638
17-Apr-14,427.70,439.50,427.40,434.50,5428130
16-Apr-14,420.00,427.70,419.30,427.70,5399770
15-Apr-14,429.00,431.80,415.90,416.60,4458407
14-Apr-14,433.40,435.40,425.50,426.70,5089114
11-Apr-14,437.70,440.00,431.60,435.50,5505511
10-Apr-14,469.80,471.00,438.10,442.00,13144316
9-Apr-14,454.60,460.08,452.90,456.00,4430845
8-Apr-14,451.10,453.90,441.60,453.30,8247715
7-Apr-14,458.60,460.41,359.20,452.90,3613077
4-Apr-14,463.60,473.00,460.80,461.90,4670692
3-Apr-14,469.90,475.10,469.90,471.60,3302648
2-Apr-14,460.10,472.48,460.10,469.90,4761917
1-Apr-14,452.00,460.90,452.00,458.79,4405232
31-Mar-14,455.90,455.90,450.20,451.50,4978882
28-Mar-14,457.20,461.40,453.10,453.70,2379340
27-Mar-14,457.40,459.00,453.80,455.10,2225670
26-Mar-14,455.70,461.10,455.50,459.20,3173126
25-Mar-14,454.00,458.60,451.80,455.30,5498253
24-Mar-14,459.00,461.90,453.30,454.00,3210298
21-Mar-14,471.80,472.14,459.70,459.70,7245411
20-Mar-14,469.90,475.80,465.30,471.20,5788555
19-Mar-14,469.10,475.70,466.90,472.60,3821563
18-Mar-14,461.00,472.70,458.90,467.40,5410750
17-Mar-14,460.80,471.00,458.80,466.30,4219984
14-Mar-14,455.60,464.80,455.60,461.30,3524911
13-Mar-14,467.80,468.80,458.50,458.80,7396849
12-Mar-14,477.60,482.90,472.00,473.60,4615805
11-Mar-14,481.90,482.40,476.00,480.00,3647259
10-Mar-14,487.90,488.60,479.40,481.50,3816728
7-Mar-14,496.40,496.40,486.50,488.40,4682025
6-Mar-14,503.50,505.00,496.70,496.80,3481580
5-Mar-14,503.00,508.50,502.50,503.00,2299141
4-Mar-14,502.00,505.50,501.00,504.00,3437814
3-Mar-14,496.20,501.00,494.20,499.90,2517959
28-Feb-14,502.50,505.00,499.30,503.50,2636103
27-Feb-14,500.00,504.00,493.50,502.50,2808102
26-Feb-14,510.50,512.00,500.50,502.00,2843483
25-Feb-14,506.50,512.00,502.50,511.00,4785177
24-Feb-14,500.50,509.50,497.90,505.50,3743870
21-Feb-14,506.00,507.50,498.50,501.00,4167868
20-Feb-14,498.60,504.50,498.00,500.92,2984038
19-Feb-14,501.50,508.00,499.70,501.25,4122456
18-Feb-14,495.40,496.80,492.10,496.30,2178585
17-Feb-14,489.90,496.00,489.90,494.40,2152797
14-Feb-14,485.00,490.00,483.90,490.00,2644142
13-Feb-14,489.60,490.80,481.10,484.90,2966887
12-Feb-14,488.00,492.90,486.40,489.40,4661004
11-Feb-14,473.00,486.90,473.00,485.60,4614305
10-Feb-14,472.80,475.70,469.50,470.30,1883114
7-Feb-14,472.40,475.50,470.30,472.50,2130354
6-Feb-14,463.10,473.90,462.10,472.70,2644134
5-Feb-14,463.00,465.80,460.20,462.20,2885560
4-Feb-14,465.00,469.70,462.90,464.00,2633649
3-Feb-14,469.70,473.80,467.10,467.90,1843389
31-Jan-14,472.90,473.50,462.40,470.90,4051260
30-Jan-14,474.00,475.30,470.40,474.90,3031988
29-Jan-14,476.80,480.00,468.50,474.30,3179498
28-Jan-14,476.40,481.90,472.80,473.50,4542713
27-Jan-14,479.30,482.00,472.30,472.50,3772525
24-Jan-14,493.80,495.40,478.10,479.30,4610507
23-Jan-14,492.00,498.00,490.00,493.20,7773746
22-Jan-14,482.80,488.30,479.60,480.90,2568079
21-Jan-14,482.60,485.90,480.60,482.00,3143814
20-Jan-14,484.80,487.50,482.40,482.50,2918800
17-Jan-14,478.00,490.80,477.90,486.50,5992122
16-Jan-14,479.70,481.20,476.20,478.00,3234527
15-Jan-14,476.90,482.10,476.40,480.20,3938666
14-Jan-14,470.70,475.70,469.20,475.60,2811707
13-Jan-14,469.20,476.00,469.20,474.40,4593571
10-Jan-14,464.10,474.60,462.40,468.80,6298678
9-Jan-14,440.00,473.00,437.00,460.90,14320205
8-Jan-14,441.00,446.50,441.00,444.90,4603991
7-Jan-14,441.40,448.70,440.20,441.10,4608648
6-Jan-14,433.00,442.20,431.50,440.30,5488711
3-Jan-14,438.00,449.80,431.60,435.88,7236523
2-Jan-14,434.50,436.50,427.30,427.30,5163977
31-Dec-13,443.00,449.50,430.40,432.60,3784005
30-Dec-13,448.50,449.70,441.80,442.70,1935697
27-Dec-13,452.00,452.00,445.20,450.20,1292983
24-Dec-13,448.40,452.00,445.00,445.50,310152
23-Dec-13,445.20,449.00,440.00,447.10,2836322
20-Dec-13,444.90,455.20,444.40,445.00,5481080
19-Dec-13,444.20,446.50,440.80,444.20,3526314
18-Dec-13,449.50,449.70,431.00,441.50,7359213
17-Dec-13,456.70,456.70,450.40,452.30,4326942
16-Dec-13,456.90,460.10,456.80,458.00,2152808
13-Dec-13,457.30,459.40,456.40,458.00,2434583
12-Dec-13,463.50,464.80,456.80,458.30,2645718
11-Dec-13,459.00,467.70,459.00,465.60,3699672
10-Dec-13,460.50,462.70,455.00,458.60,3276282
9-Dec-13,471.80,472.90,459.50,461.00,3803698
6-Dec-13,475.50,475.80,466.80,470.70,3152130
5-Dec-13,474.40,475.50,467.10,474.30,3279071
4-Dec-13,473.50,478.30,472.80,475.20,1994861
3-Dec-13,478.50,481.20,471.20,472.30,3318348
2-Dec-13,486.50,487.60,477.10,480.10,2459420
29-Nov-13,483.50,491.10,483.50,487.00,2405149
28-Nov-13,489.20,490.10,483.50,485.60,1800777
27-Nov-13,490.60,493.00,489.00,489.60,1952544
26-Nov-13,500.00,501.50,489.70,490.80,4494860
25-Nov-13,497.00,501.50,496.90,498.90,1826033
22-Nov-13,490.80,497.00,487.20,496.00,2697496
21-Nov-13,491.50,493.20,489.00,489.20,1949367
20-Nov-13,494.50,496.40,489.70,492.70,1915784
19-Nov-13,501.50,501.50,492.80,495.10,2369235
18-Nov-13,497.90,506.00,495.90,503.50,2813311
15-Nov-13,497.40,502.00,494.40,498.50,2725369
14-Nov-13,493.20,497.80,492.20,497.30,3022201
13-Nov-13,491.10,496.00,487.40,489.20,4184608
12-Nov-13,497.60,502.00,496.20,498.10,2492181
11-Nov-13,502.50,503.50,499.30,499.30,1902171
8-Nov-13,506.50,507.00,497.00,500.00,2589747
7-Nov-13,500.50,515.00,497.00,508.50,3070614
6-Nov-13,511.00,513.00,497.30,499.40,4779613
5-Nov-13,495.70,511.00,488.00,509.00,4787712
4-Nov-13,496.00,500.50,487.10,487.10,2995327
1-Nov-13,505.00,505.00,494.50,494.70,2805482
31-Oct-13,492.90,509.50,488.60,503.50,6008903
30-Oct-13,488.00,497.20,487.80,493.20,3780235
29-Oct-13,475.90,486.50,474.40,485.60,2685918
28-Oct-13,477.40,480.00,475.00,475.00,2035458
25-Oct-13,476.40,479.10,473.00,475.80,2238759
24-Oct-13,485.00,487.70,475.10,476.70,2796284
23-Oct-13,489.30,-,484.90,485.40,2100876
22-Oct-13,486.30,490.90,485.10,488.60,2612433
21-Oct-13,495.00,495.10,482.20,487.10,2609369
18-Oct-13,491.00,495.80,489.60,495.10,2663008
17-Oct-13,483.70,488.30,480.60,487.90,1810488
16-Oct-13,481.20,487.80,478.70,485.80,2802542
15-Oct-13,478.00,484.20,476.70,483.40,2689567
14-Oct-13,476.90,479.60,475.30,475.60,2042271
11-Oct-13,474.30,479.10,472.20,477.70,2884538
10-Oct-13,470.10,474.20,467.70,473.00,3301183
9-Oct-13,463.00,468.80,460.30,468.70,3674345
8-Oct-13,470.00,472.60,462.40,463.80,8434077
7-Oct-13,490.50,491.30,476.50,480.30,6319128
4-Oct-13,496.70,498.60,493.90,494.00,2097985
3-Oct-13,498.20,501.50,497.00,499.20,1940742
2-Oct-13,498.90,502.00,496.40,499.20,2714411
1-Oct-13,498.40,504.00,497.30,501.00,3495604
30-Sep-13,490.60,497.00,490.60,496.60,2491369
27-Sep-13,498.30,501.50,493.60,496.30,1486833
26-Sep-13,495.10,498.80,493.60,497.00,1983318
25-Sep-13,501.50,503.50,495.30,495.30,2950950
24-Sep-13,500.00,507.50,500.00,503.50,1649376
20-Sep-13,508.50,512.50,502.50,503.50,3750863
19-Sep-13,508.50,514.00,507.00,512.11,3035570
18-Sep-13,508.50,510.50,501.00,504.00,2746291
17-Sep-13,514.00,518.00,509.00,509.00,3521548
16-Sep-13,517.50,520.50,512.50,513.50,3044176
13-Sep-13,505.50,511.50,503.50,511.50,2233811
12-Sep-13,509.00,513.00,503.50,506.00,2683346
11-Sep-13,510.50,512.50,505.00,509.00,2672754
10-Sep-13,503.00,515.50,502.00,510.50,3051739
9-Sep-13,497.60,500.50,494.80,500.50,3059957
6-Sep-13,493.60,502.00,493.60,498.70,5894268
5-Sep-13,485.00,495.90,484.50,494.90,5340473
4-Sep-13,480.50,481.70,476.50,478.70,1993504
3-Sep-13,482.10,484.90,477.80,480.00,1938122
2-Sep-13,473.60,485.80,473.60,482.50,2534544
30-Aug-13,477.50,483.70,471.50,471.70,3149545
29-Aug-13,476.00,479.20,475.20,477.00,3162826
28-Aug-13,476.70,477.00,473.10,475.00,4699775
27-Aug-13,478.70,487.00,476.90,484.46,6819536
23-Aug-13,458.90,473.10,458.30,470.81,2883335
22-Aug-13,457.40,464.10,456.40,459.30,3163291
21-Aug-13,460.40,464.60,456.70,460.81,2541953
20-Aug-13,456.80,463.00,455.40,459.90,2867080
19-Aug-13,453.40,463.00,453.40,459.50,3265541
16-Aug-13,454.00,457.40,450.30,453.30,2923314
15-Aug-13,467.00,468.50,451.50,454.20,3498334
14-Aug-13,472.10,474.70,466.30,467.30,3226608
13-Aug-13,471.40,477.60,469.90,472.60,2152687
12-Aug-13,477.30,477.60,469.00,470.70,1811010
9-Aug-13,487.70,487.90,472.80,476.40,3107831
8-Aug-13,483.70,487.70,482.90,486.10,2235093
7-Aug-13,483.30,490.40,481.20,482.10,2424823
6-Aug-13,482.30,488.60,480.80,483.60,2082961
5-Aug-13,489.60,491.70,482.60,483.40,2034236
2-Aug-13,486.00,490.10,481.60,488.80,2158562
1-Aug-13,483.10,487.60,481.30,485.10,2658616
31-Jul-13,477.40,483.00,476.50,481.50,3598573
30-Jul-13,476.00,480.40,476.00,476.40,2281822
29-Jul-13,471.90,477.50,470.30,472.60,2042547
26-Jul-13,480.40,482.20,469.30,469.80,3205567
25-Jul-13,483.00,484.80,476.10,478.60,3038908
24-Jul-13,481.80,486.50,481.20,485.40,2091834
23-Jul-13,486.20,487.00,477.50,481.70,2682079
22-Jul-13,485.90,485.90,482.20,482.50,1741426
19-Jul-13,480.90,485.30,476.80,484.10,3457212
18-Jul-13,473.00,485.10,471.76,482.40,5602757
17-Jul-13,462.60,474.50,456.83,473.60,5152814
16-Jul-13,470.60,471.20,459.20,460.50,3135886
15-Jul-13,465.10,472.20,464.60,469.00,2865465
12-Jul-13,464.40,468.30,464.40,466.10,3905807
11-Jul-13,458.90,463.90,453.70,463.90,4450519
10-Jul-13,452.10,455.00,446.80,452.80,4119169
9-Jul-13,460.50,464.80,448.20,453.20,10351969
8-Jul-13,466.60,470.10,458.80,459.70,3193719
5-Jul-13,459.10,468.90,456.60,462.70,4595141
4-Jul-13,444.30,461.50,442.38,459.80,4310527
3-Jul-13,435.80,443.40,434.12,441.30,2527028
2-Jul-13,443.40,443.50,434.30,439.60,2172544
1-Jul-13,434.90,442.50,433.00,442.10,2559857
28-Jun-13,431.80,434.60,428.60,430.70,3643232
27-Jun-13,427.20,435.30,425.30,432.70,2721535
26-Jun-13,426.70,435.60,426.30,427.70,3152593
25-Jun-13,419.30,426.20,418.40,426.00,3187387
24-Jun-13,417.90,420.10,414.70,417.80,3525270
21-Jun-13,432.50,432.50,418.16,418.20,7784093
20-Jun-13,437.70,438.40,429.87,430.00,4103679
19-Jun-13,446.40,447.70,438.20,442.30,3901788
18-Jun-13,448.80,450.30,444.20,445.40,3640020
17-Jun-13,448.50,457.63,448.30,449.40,3439784
14-Jun-13,445.10,453.30,441.90,448.40,3458355
13-Jun-13,433.70,443.80,431.00,442.80,3417374
12-Jun-13,445.60,446.30,438.20,439.60,2996710
11-Jun-13,450.70,453.80,440.90,445.70,3679098
10-Jun-13,451.50,456.30,448.97,451.40,3284526
7-Jun-13,443.30,455.30,438.00,452.40,4148606
6-Jun-13,453.10,456.07,441.90,442.10,5151659
5-Jun-13,462.80,462.90,451.71,453.40,4765181
4-Jun-13,468.50,469.40,462.40,466.30,2969826
3-Jun-13,470.40,471.50,466.00,466.80,3085514
31-May-13,474.60,479.70,467.90,470.90,3940392
30-May-13,470.80,482.40,467.40,475.70,3366958
29-May-13,472.90,480.90,467.98,472.00,4848839
28-May-13,484.50,491.14,481.67,485.00,5903414
24-May-13,479.70,482.70,474.13,475.00,6589556
23-May-13,468.70,473.60,464.60,472.10,4275533
22-May-13,470.00,479.72,466.40,475.20,6377754
21-May-13,439.00,471.90,438.21,467.90,9839337
20-May-13,451.40,451.60,439.70,440.50,4864122
17-May-13,439.40,452.60,439.40,451.00,4034295
16-May-13,436.60,442.20,436.15,440.70,4108416
15-May-13,421.50,437.80,420.55,436.00,7570601
14-May-13,423.90,424.61,416.95,420.60,2127401
13-May-13,419.80,424.00,418.40,423.60,3106776
10-May-13,422.50,424.50,419.90,420.20,4724313
9-May-13,415.60,422.90,415.60,421.60,4312666
8-May-13,411.00,417.90,411.00,416.70,2408063
7-May-13,417.40,417.40,408.85,410.70,2559010
3-May-13,407.50,415.90,407.20,414.80,2314865
2-May-13,411.70,413.10,405.40,407.50,3601025
1-May-13,410.60,415.20,408.20,413.40,1270541
30-Apr-13,414.80,417.20,407.50,408.60,3652505
29-Apr-13,416.80,417.77,411.20,413.20,1900131
26-Apr-13,412.10,418.50,411.15,415.30,3307790
25-Apr-13,410.30,415.00,407.47,414.50,2469977
24-Apr-13,410.10,414.20,408.20,410.00,4284197
23-Apr-13,400.50,411.00,399.70,410.70,3333262
22-Apr-13,399.00,402.70,397.24,400.10,3082376
19-Apr-13,391.60,398.75,389.40,398.20,4220698
18-Apr-13,396.00,396.55,388.10,390.00,2742968
17-Apr-13,393.30,396.70,388.00,395.00,3872651
16-Apr-13,393.50,395.73,390.25,391.50,2677076
15-Apr-13,399.60,401.40,393.40,397.50,2440073
12-Apr-13,400.40,400.90,393.00,399.60,4553161
11-Apr-13,395.00,404.40,393.55,400.40,10679556
10-Apr-13,378.10,386.10,377.30,383.80,3277649
9-Apr-13,376.70,379.70,374.10,378.90,3093387
8-Apr-13,370.00,375.50,368.00,375.30,4032292
5-Apr-13,387.50,387.75,375.60,376.80,3634791
4-Apr-13,391.30,392.00,385.35,386.80,2962905
3-Apr-13,394.20,395.90,391.70,392.00,4367352
2-Apr-13,388.20,395.08,386.77,393.50,3040546
28-Mar-13,390.30,392.94,388.36,390.00,3382584
27-Mar-13,395.30,395.60,387.50,390.40,2371448
26-Mar-13,394.10,395.40,392.30,394.40,1754333
25-Mar-13,397.60,398.72,390.90,392.40,2925407
22-Mar-13,389.90,400.38,388.00,397.60,5209397
21-Mar-13,391.50,391.50,386.90,390.00,3568735
20-Mar-13,398.30,399.07,391.35,392.40,3846542
19-Mar-13,393.50,399.90,389.20,398.10,6494909
18-Mar-13,397.42,407.70,382.00,398.10,24248451
15-Mar-13,372.50,378.00,367.28,372.50,8072726
14-Mar-13,359.60,371.70,358.50,371.60,9517181
13-Mar-13,360.00,360.10,355.00,359.00,4800935
12-Mar-13,361.90,362.70,359.50,360.20,3474905
11-Mar-13,361.70,362.60,360.50,362.40,3461635
8-Mar-13,366.00,366.10,361.80,362.40,4160962
7-Mar-13,365.90,368.18,364.19,366.20,1988852
6-Mar-13,369.40,371.70,364.20,364.90,2557881
5-Mar-13,364.80,371.10,364.50,369.80,4064260
4-Mar-13,364.00,364.30,360.70,362.80,5153178
1-Mar-13,370.90,372.93,365.00,369.50,3148496
28-Feb-13,371.00,372.80,369.80,371.30,4410214
27-Feb-13,362.70,369.50,361.75,369.50,4574713
26-Feb-13,362.40,367.80,360.90,362.00,5053980
25-Feb-13,376.80,377.40,365.97,367.90,5674151
22-Feb-13,377.30,379.80,376.20,377.60,3267345
21-Feb-13,384.40,385.90,376.50,377.00,3364820
20-Feb-13,385.70,388.50,383.80,385.90,3082108
19-Feb-13,382.70,386.30,382.70,386.10,2610580
18-Feb-13,386.20,387.69,382.50,383.60,1992606
15-Feb-13,389.80,391.00,383.84,387.10,3164579
14-Feb-13,389.10,390.40,384.40,389.50,2890097
13-Feb-13,386.60,392.00,384.10,389.10,2568028
12-Feb-13,382.30,387.00,380.20,387.00,2281082
11-Feb-13,381.70,383.50,380.50,382.80,2134489
8-Feb-13,379.70,382.20,378.50,382.00,2802093
7-Feb-13,375.80,379.60,375.30,378.00,4594441
6-Feb-13,377.10,379.19,374.40,375.80,1872318
5-Feb-13,375.80,377.81,374.50,376.20,2650917
4-Feb-13,382.20,383.70,375.60,375.90,3314764
1-Feb-13,380.10,383.70,380.10,382.30,3275688
31-Jan-13,383.40,383.40,376.03,379.70,4748426
30-Jan-13,383.00,386.52,381.15,383.10,4139627
29-Jan-13,380.60,383.20,379.50,382.50,3158473
28-Jan-13,385.00,385.00,380.50,381.60,3640849
25-Jan-13,379.50,385.30,378.46,384.20,4183422
24-Jan-13,379.60,380.00,373.90,379.70,3819897
23-Jan-13,370.00,379.60,368.10,379.10,8428178
22-Jan-13,367.00,371.08,365.70,369.70,4030636
21-Jan-13,367.10,368.90,364.30,366.50,2053654
18-Jan-13,362.40,369.70,362.00,365.90,4559954
17-Jan-13,361.30,363.20,359.60,362.80,3577940
16-Jan-13,365.30,366.80,360.68,361.00,4288287
15-Jan-13,367.60,369.40,364.10,365.20,3714214
14-Jan-13,372.60,372.90,365.80,367.20,3274969
11-Jan-13,369.70,372.54,361.40,372.50,6835370
10-Jan-13,356.60,369.80,351.60,368.80,16665515
9-Jan-13,369.50,373.80,365.00,371.00,6249939
8-Jan-13,371.20,371.80,367.26,369.60,4772620
7-Jan-13,375.70,376.54,371.30,372.00,3396174
4-Jan-13,385.00,385.00,374.80,376.40,6066623
3-Jan-13,386.70,388.50,383.60,388.40,3758573
2-Jan-13,387.60,389.70,382.10,382.70,4589223
