31-Dec-15,865.00,865.00,840.00,840.50,19568
30-Dec-15,901.50,909.22,857.50,857.50,21126
29-Dec-15,880.00,914.50,880.00,885.50,33879
24-Dec-15,880.00,900.00,880.00,898.44,19977
23-Dec-15,904.00,904.00,886.00,886.00,16129
22-Dec-15,880.50,894.96,880.00,890.00,19434
21-Dec-15,900.00,902.42,890.00,890.00,58892
18-Dec-15,880.00,900.00,880.00,900.00,65082
16-Dec-15,900.00,900.00,881.40,883.00,13646
15-Dec-15,900.50,905.00,899.50,900.00,31565
14-Dec-15,908.00,915.00,904.50,911.50,14160
11-Dec-15,900.00,909.00,900.00,907.00,21352
10-Dec-15,906.50,916.74,905.00,907.00,16057
9-Dec-15,915.00,919.00,904.50,904.50,20952
8-Dec-15,934.00,934.00,908.24,920.00,66616
7-Dec-15,926.50,934.50,913.00,925.50,21489
4-Dec-15,900.00,927.00,890.50,927.00,38383
3-Dec-15,900.00,908.50,890.50,891.50,32953
2-Dec-15,895.00,900.00,890.00,900.00,18997
1-Dec-15,875.00,893.50,875.00,890.50,30306
30-Nov-15,898.50,899.00,872.70,896.00,31462
27-Nov-15,868.00,899.00,865.00,880.00,23937
26-Nov-15,892.50,897.32,865.00,871.00,39247
25-Nov-15,812.00,897.00,812.00,860.00,91480
24-Nov-15,783.50,814.00,768.87,810.00,81337
23-Nov-15,781.50,781.50,760.00,763.50,15762
20-Nov-15,782.50,782.50,760.50,761.00,30396
19-Nov-15,767.00,770.00,755.00,762.50,41597
18-Nov-15,784.50,784.50,764.50,767.00,29322
17-Nov-15,787.00,787.00,764.00,764.00,29486
16-Nov-15,760.00,774.90,755.11,762.50,14603
13-Nov-15,763.50,766.00,755.00,759.00,8709
12-Nov-15,764.00,764.00,755.00,755.00,41585
11-Nov-15,767.00,774.44,755.00,755.00,7791
10-Nov-15,770.00,770.00,755.50,755.50,6406
9-Nov-15,751.00,773.00,748.58,755.00,21611
6-Nov-15,745.00,773.50,745.00,765.87,18208
5-Nov-15,746.00,779.50,746.00,755.50,23759
4-Nov-15,780.00,780.00,767.00,770.50,41492
3-Nov-15,780.00,780.00,765.00,769.50,34796
2-Nov-15,760.00,769.51,758.85,765.00,52115
30-Oct-15,770.00,770.00,762.00,762.00,23892
29-Oct-15,783.50,783.50,732.25,761.00,109278
28-Oct-15,800.00,800.00,775.50,775.50,20147
27-Oct-15,800.50,800.50,775.00,778.00,11112
26-Oct-15,780.50,793.86,775.00,778.50,45485
23-Oct-15,775.00,782.00,770.00,775.00,73859
22-Oct-15,775.00,801.00,775.00,775.00,34518
21-Oct-15,780.50,801.50,780.00,780.50,24101
20-Oct-15,793.00,801.50,781.50,781.50,31767
19-Oct-15,735.00,783.56,735.00,770.00,73832
16-Oct-15,810.00,814.50,731.00,731.00,44981
15-Oct-15,779.50,812.50,779.50,812.50,24754
14-Oct-15,842.50,842.50,795.00,796.00,22891
13-Oct-15,820.00,824.00,804.00,808.50,12797
12-Oct-15,794.00,823.00,794.00,813.50,38674
9-Oct-15,854.50,854.50,801.00,806.50,39461
8-Oct-15,845.00,865.00,831.00,831.00,44263
7-Oct-15,864.50,895.00,827.00,830.00,781779
6-Oct-15,865.00,865.00,845.00,860.00,20557
5-Oct-15,828.50,865.00,828.50,857.50,31715
2-Oct-15,855.00,855.00,825.50,842.00,13905
1-Oct-15,844.50,853.80,838.50,850.00,17259
30-Sep-15,835.00,839.52,819.50,833.00,45647
29-Sep-15,800.00,830.00,800.00,827.50,14037
28-Sep-15,820.00,841.62,810.50,819.50,18853
25-Sep-15,816.50,835.50,815.96,835.50,11663
24-Sep-15,840.00,840.00,800.08,819.00,18507
23-Sep-15,795.00,834.00,795.00,821.00,25687
22-Sep-15,810.00,821.00,794.00,820.00,26679
21-Sep-15,780.00,808.00,768.00,792.00,35884
18-Sep-15,780.00,780.00,757.50,766.50,48001
17-Sep-15,772.00,773.50,760.00,762.00,17951
16-Sep-15,760.00,770.00,752.00,765.00,32536
15-Sep-15,759.50,763.00,750.50,760.00,25784
14-Sep-15,740.00,764.50,740.00,759.50,21215
11-Sep-15,761.00,763.50,736.95,760.00,28285
10-Sep-15,753.00,764.00,742.00,760.00,22102
9-Sep-15,750.00,775.00,750.00,775.00,25167
8-Sep-15,780.00,780.00,753.50,766.00,25656
7-Sep-15,776.50,776.50,753.50,760.50,23059
4-Sep-15,760.00,766.50,746.50,759.50,13807
3-Sep-15,725.00,755.12,725.00,745.50,45240
2-Sep-15,769.50,769.50,727.00,740.00,47699
1-Sep-15,745.00,765.52,745.00,750.00,40947
28-Aug-15,755.50,760.00,750.00,757.00,45670
27-Aug-15,745.00,773.50,735.00,758.50,106234
26-Aug-15,724.50,738.56,717.92,728.00,57451
25-Aug-15,695.50,747.00,695.50,724.00,85566
24-Aug-15,739.00,746.00,693.30,700.00,85078
21-Aug-15,750.50,779.00,745.00,759.00,38877
20-Aug-15,794.50,795.00,754.50,764.00,39330
19-Aug-15,760.00,785.89,760.00,760.00,14958
18-Aug-15,765.50,782.00,753.70,768.50,50207
17-Aug-15,800.00,800.00,756.67,757.50,20203
14-Aug-15,844.00,846.13,759.34,786.50,48767
13-Aug-15,820.00,838.63,820.00,823.50,11997
12-Aug-15,857.00,870.00,810.52,830.00,34686
11-Aug-15,846.00,880.00,843.50,877.00,17092
10-Aug-15,830.00,868.00,830.00,868.00,5302
7-Aug-15,862.50,866.56,843.00,853.00,23086
6-Aug-15,880.00,889.50,844.63,889.50,54755
5-Aug-15,898.00,898.00,872.50,881.50,24012
4-Aug-15,870.00,888.90,870.00,882.00,13773
3-Aug-15,870.00,876.00,870.00,877.00,6905
31-Jul-15,891.00,909.50,879.00,879.00,23435
30-Jul-15,889.00,906.50,862.45,881.50,118268
29-Jul-15,873.00,909.33,871.50,889.00,78680
28-Jul-15,854.50,883.26,847.50,871.00,67656
27-Jul-15,815.00,844.65,815.00,833.00,17218
24-Jul-15,848.00,850.50,829.50,833.00,14746
23-Jul-15,850.00,860.00,846.66,848.00,15399
22-Jul-15,860.00,860.00,829.50,841.50,37812
21-Jul-15,835.00,883.00,829.96,855.16,62644
20-Jul-15,799.00,849.00,799.00,825.00,49012
17-Jul-15,801.00,802.50,799.50,801.00,23190
16-Jul-15,797.50,801.00,797.50,800.50,87957
15-Jul-15,780.00,804.00,780.00,796.00,19932
14-Jul-15,815.00,815.00,800.00,800.00,9377
13-Jul-15,815.00,815.00,787.80,800.00,18927
10-Jul-15,802.00,812.50,794.00,800.00,39722
9-Jul-15,800.00,801.00,798.50,799.00,8699
8-Jul-15,807.50,807.50,797.50,799.00,19668
7-Jul-15,815.00,815.00,799.50,800.00,21613
6-Jul-15,830.50,830.50,793.45,795.00,91587
3-Jul-15,813.00,822.38,810.00,813.00,5846
2-Jul-15,782.00,827.50,782.00,814.00,46447
1-Jul-15,780.00,813.50,780.00,801.50,20629
30-Jun-15,780.00,795.00,780.00,795.00,49807
29-Jun-15,782.50,795.00,782.50,795.00,34022
26-Jun-15,795.00,795.00,792.50,795.00,25800
25-Jun-15,785.00,798.50,785.00,790.00,48837
24-Jun-15,809.00,809.00,789.50,800.00,37533
23-Jun-15,815.00,815.00,791.50,808.00,44495
22-Jun-15,833.50,833.50,804.00,815.00,28473
19-Jun-15,837.50,838.66,808.50,815.00,168475
18-Jun-15,797.50,829.50,795.00,829.50,138233
17-Jun-15,808.50,815.00,793.00,800.00,254540
16-Jun-15,782.00,800.00,781.00,790.00,43513
15-Jun-15,790.00,802.50,780.00,780.00,89487
12-Jun-15,787.50,794.60,770.50,780.50,16041
11-Jun-15,776.50,785.00,772.20,785.00,8819
10-Jun-15,789.00,796.63,775.50,778.50,36718
9-Jun-15,767.00,793.10,765.00,786.00,15464
8-Jun-15,781.50,789.00,771.50,781.50,8793
5-Jun-15,781.00,792.50,772.80,780.00,23448
4-Jun-15,800.00,800.00,780.00,780.00,17149
3-Jun-15,800.00,800.00,784.00,790.00,72849
2-Jun-15,787.00,797.28,760.00,790.00,53370
1-Jun-15,762.50,775.00,762.50,768.50,12608
29-May-15,800.00,800.00,760.50,760.50,48971
28-May-15,796.50,805.50,790.00,795.00,25963
27-May-15,840.00,840.00,804.80,811.50,18261
26-May-15,839.50,840.00,825.50,827.00,21985
22-May-15,851.00,851.00,826.05,839.50,7467
21-May-15,825.00,855.00,825.00,830.50,21033
20-May-15,860.00,860.00,825.67,826.45,40694
19-May-15,852.50,860.00,843.30,847.00,51255
18-May-15,875.00,875.00,849.88,854.00,18546
15-May-15,858.50,879.36,858.50,874.00,28467
14-May-15,865.00,880.07,858.00,871.50,69995
13-May-15,827.50,880.00,827.50,875.00,37743
12-May-15,856.00,860.50,813.87,844.50,78094
11-May-15,820.00,869.50,815.00,860.00,77737
8-May-15,777.00,818.50,765.50,817.00,93092
7-May-15,750.00,774.00,750.00,761.00,38397
6-May-15,779.50,780.00,756.00,760.00,27670
5-May-15,780.00,780.00,752.68,777.50,54367
1-May-15,771.50,771.50,750.50,767.00,3723
30-Apr-15,718.00,765.00,704.00,762.00,26860
29-Apr-15,678.00,710.50,676.50,710.50,55968
28-Apr-15,685.00,685.00,632.88,658.50,32311
27-Apr-15,659.50,681.50,657.00,676.00,34450
24-Apr-15,658.50,678.50,658.50,674.50,12292
23-Apr-15,658.00,680.77,658.00,677.00,21254
22-Apr-15,675.00,680.00,659.25,675.00,34087
21-Apr-15,665.00,681.77,665.00,669.50,43457
20-Apr-15,689.00,689.00,675.00,679.50,61251
17-Apr-15,715.00,723.00,673.78,689.00,29338
16-Apr-15,700.00,747.00,699.50,726.00,80605
15-Apr-15,690.00,718.00,670.62,705.50,58910
14-Apr-15,704.50,704.50,669.50,688.00,49758
13-Apr-15,685.00,692.00,672.00,691.00,58285
10-Apr-15,665.00,680.13,665.00,676.00,28818
9-Apr-15,685.00,698.35,656.19,674.50,85694
8-Apr-15,667.00,698.00,661.00,695.50,54269
7-Apr-15,653.00,671.00,647.00,665.00,60766
2-Apr-15,655.00,655.00,635.00,651.00,21800
1-Apr-15,666.00,666.00,632.89,638.00,37650
31-Mar-15,674.00,674.00,653.00,664.50,19667
30-Mar-15,660.00,676.00,633.45,675.00,65261
27-Mar-15,640.00,649.00,637.90,644.50,9830
26-Mar-15,645.50,650.00,640.50,648.00,26298
25-Mar-15,662.00,662.00,649.00,650.00,51433
24-Mar-15,656.50,661.61,650.50,655.00,44740
23-Mar-15,653.00,653.00,645.49,649.50,31743
20-Mar-15,656.50,656.50,643.00,646.00,49853
19-Mar-15,652.50,652.50,642.08,648.00,9858
18-Mar-15,650.50,664.00,649.50,650.00,25931
17-Mar-15,642.00,647.00,639.50,643.50,12521
16-Mar-15,642.00,654.50,635.00,643.00,61404
13-Mar-15,650.00,670.00,636.00,642.50,34066
12-Mar-15,625.00,650.00,625.00,648.00,20665
11-Mar-15,632.50,640.75,632.25,640.00,23067
10-Mar-15,640.00,662.35,625.00,645.50,52500
9-Mar-15,600.00,636.00,598.50,630.00,52745
6-Mar-15,604.00,612.50,603.00,612.50,21828
5-Mar-15,604.50,612.50,589.00,607.50,31409
4-Mar-15,580.50,603.45,580.50,593.00,60190
3-Mar-15,590.00,596.00,581.34,592.50,34523
2-Mar-15,584.50,586.50,576.00,585.50,30853
27-Feb-15,570.50,588.00,560.78,582.15,43477
26-Feb-15,568.00,571.56,545.00,571.00,64930
25-Feb-15,515.00,575.00,515.00,557.00,106066
24-Feb-15,496.30,533.00,496.30,520.00,88404
23-Feb-15,511.50,511.50,506.00,508.00,27949
20-Feb-15,507.00,512.00,498.14,509.50,7954
19-Feb-15,508.00,512.00,507.00,512.00,36735
18-Feb-15,500.50,508.00,500.50,508.00,65557
17-Feb-15,510.00,512.50,500.00,508.00,33784
16-Feb-15,508.00,522.00,504.50,508.00,159529
13-Feb-15,507.00,508.00,500.50,505.00,24106
12-Feb-15,508.00,508.00,500.00,505.00,37480
11-Feb-15,485.50,509.00,475.00,478.45,48328
10-Feb-15,508.00,520.69,505.52,511.00,45637
9-Feb-15,510.00,513.00,504.00,511.00,7673
6-Feb-15,505.50,510.00,500.00,510.00,5505
5-Feb-15,495.00,508.00,495.00,508.00,19544
4-Feb-15,495.00,504.00,495.00,500.00,14669
3-Feb-15,500.00,507.50,496.10,503.00,29440
2-Feb-15,508.00,515.00,501.00,508.00,90232
30-Jan-15,498.00,510.00,498.00,507.50,37699
29-Jan-15,513.00,514.50,506.50,509.50,76728
28-Jan-15,496.00,510.50,496.00,510.50,13277
27-Jan-15,490.00,502.00,485.00,500.00,32147
26-Jan-15,495.10,496.75,476.00,479.00,22286
23-Jan-15,500.00,506.00,489.60,494.80,19823
22-Jan-15,485.00,508.00,476.82,508.00,29843
21-Jan-15,470.00,480.54,462.10,475.00,6354
20-Jan-15,474.40,490.00,455.50,465.00,22586
19-Jan-15,472.20,485.00,470.00,471.90,13163
16-Jan-15,490.00,499.80,470.00,470.00,38079
15-Jan-15,500.00,501.00,490.00,490.00,39637
14-Jan-15,496.00,512.68,496.00,502.00,16770
13-Jan-15,503.00,510.52,496.00,499.00,27691
12-Jan-15,490.00,501.00,490.00,500.00,19136
9-Jan-15,495.00,503.00,485.10,487.20,7074
8-Jan-15,479.70,503.00,474.06,503.00,16812
7-Jan-15,460.00,479.80,457.40,471.50,15159
6-Jan-15,460.00,460.00,449.00,460.00,18560
5-Jan-15,457.00,460.00,453.00,459.90,14571
31-Dec-14,450.00,465.00,447.10,460.00,4680
30-Dec-14,455.00,461.00,455.00,460.00,15466
29-Dec-14,469.30,474.70,458.10,462.80,8814
24-Dec-14,489.10,489.10,465.00,465.00,4941
23-Dec-14,480.00,486.34,476.30,479.50,7006
22-Dec-14,473.10,489.70,473.10,475.10,13650
19-Dec-14,467.80,484.10,467.79,475.00,63088
18-Dec-14,457.90,473.30,452.40,469.00,35024
17-Dec-14,457.10,461.30,438.27,445.50,10134
16-Dec-14,470.00,475.90,460.00,470.00,109836
15-Dec-14,471.30,479.71,468.00,468.00,5571
12-Dec-14,480.00,482.70,475.00,475.00,5861
11-Dec-14,475.40,485.00,475.00,485.00,5386
10-Dec-14,490.00,490.00,473.20,475.80,75298
9-Dec-14,482.00,489.90,475.00,486.00,21355
8-Dec-14,483.60,487.10,470.20,485.00,14351
5-Dec-14,483.20,488.60,471.10,488.60,2433
4-Dec-14,467.00,485.10,467.00,470.00,21627
3-Dec-14,488.00,488.00,468.00,470.00,23087
2-Dec-14,474.80,477.90,471.52,474.50,62192
1-Dec-14,478.00,478.00,467.30,472.00,24905
28-Nov-14,467.00,488.10,467.00,474.50,43415
27-Nov-14,470.20,480.40,470.20,478.00,35345
26-Nov-14,474.90,475.00,468.16,471.20,14538
25-Nov-14,474.30,478.60,457.10,471.40,47170
24-Nov-14,464.00,469.10,459.65,461.60,19586
21-Nov-14,460.30,468.50,460.30,466.00,14164
20-Nov-14,470.00,471.09,461.80,463.50,14969
19-Nov-14,480.30,480.30,471.00,472.00,17388
18-Nov-14,474.80,480.00,470.00,480.00,18003
17-Nov-14,470.00,479.20,470.00,474.80,12417
14-Nov-14,470.10,475.50,470.10,475.40,10561
13-Nov-14,470.10,486.10,470.10,477.00,9211
12-Nov-14,490.00,497.38,462.00,477.00,27542
11-Nov-14,490.00,502.00,485.00,490.00,21875
10-Nov-14,495.20,503.97,490.00,491.40,3910
7-Nov-14,498.00,505.00,490.00,490.00,13803
6-Nov-14,499.80,507.50,490.00,490.00,340585
5-Nov-14,500.00,509.72,485.60,500.00,32821
4-Nov-14,495.00,518.00,495.00,514.50,28009
3-Nov-14,503.00,510.00,487.30,487.30,29568
31-Oct-14,489.80,495.00,489.80,495.00,25524
30-Oct-14,480.00,495.00,480.00,495.00,17166
29-Oct-14,495.00,495.00,480.42,487.90,14978
28-Oct-14,482.00,497.80,481.98,494.90,8584
27-Oct-14,485.00,492.90,481.90,481.90,30433
24-Oct-14,479.00,488.90,475.00,488.90,11338
23-Oct-14,485.00,485.90,470.16,475.00,40476
22-Oct-14,482.00,485.00,474.10,485.00,20964
21-Oct-14,474.70,488.14,471.00,479.20,16631
20-Oct-14,473.70,473.70,473.20,480.00,19615
17-Oct-14,468.30,490.00,468.30,490.00,19552
16-Oct-14,500.00,500.00,467.00,476.00,36626
15-Oct-14,490.00,497.60,477.76,491.00,29436
14-Oct-14,489.70,489.90,467.00,485.20,31218
13-Oct-14,480.00,483.50,470.50,473.60,23053
10-Oct-14,487.00,499.50,470.00,479.00,70595
9-Oct-14,487.20,498.90,487.20,496.00,12499
8-Oct-14,495.00,507.50,486.57,501.00,10805
7-Oct-14,490.00,499.50,485.00,499.50,35631
6-Oct-14,480.00,491.50,477.68,490.00,8896
3-Oct-14,474.00,480.00,471.10,480.00,29968
2-Oct-14,480.00,480.00,464.40,473.00,59824
1-Oct-14,473.80,475.90,471.46,473.20,38582
30-Sep-14,479.10,479.10,464.60,477.00,22502
29-Sep-14,460.20,479.90,460.20,466.50,28309
26-Sep-14,461.00,478.30,461.00,470.40,11568
25-Sep-14,462.60,477.90,462.60,470.40,9025
24-Sep-14,488.80,488.80,468.20,474.60,13667
23-Sep-14,480.00,481.90,475.20,477.70,10634
22-Sep-14,483.00,490.68,477.90,483.00,18059
19-Sep-14,463.20,485.00,463.20,480.70,65833
18-Sep-14,473.10,479.90,470.90,472.80,20929
17-Sep-14,480.00,480.00,470.00,471.00,15884
16-Sep-14,460.00,475.00,455.00,471.10,13346
15-Sep-14,456.80,470.00,456.23,460.00,28415
12-Sep-14,460.00,479.00,459.61,479.00,35400
11-Sep-14,467.90,470.00,459.70,461.50,15186
10-Sep-14,459.60,466.80,452.50,459.30,27590
9-Sep-14,464.90,469.10,453.42,457.73,33800
8-Sep-14,482.00,482.00,452.00,455.50,34657
5-Sep-14,475.00,481.20,468.10,470.00,23385
4-Sep-14,480.00,480.00,472.00,475.00,14222
3-Sep-14,495.00,504.50,472.00,480.00,36121
2-Sep-14,490.10,498.63,489.57,496.30,7012
1-Sep-14,485.10,499.60,485.10,497.90,3349
29-Aug-14,497.00,499.10,495.00,499.10,41565
28-Aug-14,490.00,500.66,490.00,496.00,19942
27-Aug-14,485.00,508.00,485.00,496.00,52584
26-Aug-14,482.00,502.48,477.83,490.00,49911
22-Aug-14,482.00,483.50,474.14,480.06,26921
21-Aug-14,471.60,482.90,471.60,479.69,27263
20-Aug-14,478.20,484.70,472.45,481.50,19700
19-Aug-14,480.00,490.00,474.20,479.08,61920
18-Aug-14,480.00,480.00,474.10,480.00,10172
15-Aug-14,475.00,480.00,475.00,480.00,22094
14-Aug-14,478.00,488.40,477.00,480.00,17810
13-Aug-14,475.00,480.00,473.00,477.50,50398
12-Aug-14,476.50,477.30,471.00,474.00,2731
11-Aug-14,475.00,475.30,468.80,471.00,23270
8-Aug-14,467.70,477.26,462.00,475.00,17970
7-Aug-14,467.30,481.00,467.30,479.00,18969
6-Aug-14,475.00,480.00,475.00,479.00,32527
5-Aug-14,480.00,480.90,478.00,479.00,22533
4-Aug-14,463.00,480.00,461.90,465.23,33185
1-Aug-14,470.10,473.79,453.40,461.00,34718
31-Jul-14,469.60,473.91,468.50,470.00,31558
30-Jul-14,472.80,473.20,468.50,469.00,3940
29-Jul-14,456.00,483.11,456.00,470.40,25653
28-Jul-14,460.00,467.82,454.50,455.00,36867
25-Jul-14,474.90,474.90,460.00,460.30,6706
24-Jul-14,459.00,468.40,455.00,461.10,13660
23-Jul-14,453.10,466.30,453.00,458.50,19812
22-Jul-14,450.40,456.30,447.90,450.22,22619
21-Jul-14,440.00,453.85,440.00,451.93,20919
18-Jul-14,441.00,445.60,440.00,441.80,33438
17-Jul-14,456.00,466.20,449.40,450.68,20842
16-Jul-14,470.00,470.00,453.00,455.00,56113
15-Jul-14,453.30,466.60,453.00,453.23,19684
14-Jul-14,464.40,469.34,459.51,462.00,5468
11-Jul-14,447.50,459.60,441.42,456.70,17561
10-Jul-14,453.00,457.00,441.00,441.00,22689
9-Jul-14,463.60,465.10,451.00,452.10,27564
8-Jul-14,464.30,466.60,461.00,464.00,25773
7-Jul-14,470.10,472.60,453.00,465.00,23163
4-Jul-14,475.00,476.30,467.20,467.50,19052
3-Jul-14,490.10,490.10,475.00,475.00,18652
2-Jul-14,488.10,491.20,477.96,478.00,18582
1-Jul-14,492.40,499.90,484.80,487.30,43243
30-Jun-14,489.10,511.17,479.70,500.00,90024
27-Jun-14,485.90,505.50,461.90,480.00,27047
26-Jun-14,466.80,489.80,464.00,477.90,26646
25-Jun-14,450.00,466.20,444.43,459.50,26098
24-Jun-14,465.00,465.52,439.90,445.60,123631
23-Jun-14,467.10,478.50,460.00,460.00,45813
20-Jun-14,471.30,485.00,459.10,478.00,119762
19-Jun-14,456.00,481.00,456.00,465.00,131030
18-Jun-14,450.40,469.30,447.20,465.00,35728
17-Jun-14,445.00,451.90,441.00,445.60,31995
16-Jun-14,453.00,453.00,441.00,441.00,60854
13-Jun-14,452.50,457.50,437.65,441.80,30870
12-Jun-14,463.70,471.30,459.40,459.70,29788
11-Jun-14,480.00,480.63,463.50,465.00,46367
10-Jun-14,475.00,489.90,462.00,475.00,54862
9-Jun-14,481.60,493.90,479.80,480.00,32026
6-Jun-14,485.90,489.30,480.74,485.00,14273
5-Jun-14,492.60,494.90,470.90,480.00,43651
4-Jun-14,490.00,493.80,487.50,489.00,16170
3-Jun-14,499.90,504.88,489.00,489.00,83071
2-Jun-14,488.00,505.00,488.00,500.00,24426
30-May-14,490.00,490.00,473.80,485.00,64647
29-May-14,490.40,496.76,480.00,488.00,60621
28-May-14,483.00,492.80,475.60,490.00,18666
27-May-14,481.20,485.00,472.00,480.00,24667
23-May-14,475.00,479.80,470.00,474.20,23846
22-May-14,470.00,495.00,470.00,476.00,47875
21-May-14,463.00,475.00,460.00,475.00,53116
20-May-14,448.30,471.20,448.30,459.00,69842
19-May-14,450.50,460.60,415.10,441.00,89897
16-May-14,466.70,470.00,450.60,453.00,43223
15-May-14,486.20,486.20,458.80,469.00,58360
14-May-14,464.10,482.40,464.10,472.40,16543
13-May-14,462.00,472.75,461.10,464.00,13660
12-May-14,455.10,471.90,455.10,460.90,26843
9-May-14,460.00,464.10,450.00,454.00,17663
8-May-14,453.70,469.90,453.00,460.00,30452
7-May-14,452.50,458.00,450.00,453.60,17972
6-May-14,445.10,451.80,437.10,450.00,101420
2-May-14,448.90,462.60,443.60,445.20,18191
1-May-14,449.60,451.70,442.32,448.00,31687
30-Apr-14,445.90,449.91,435.00,440.00,69764
29-Apr-14,464.60,476.37,424.41,452.00,92142
28-Apr-14,469.70,470.00,450.00,452.00,136070
25-Apr-14,482.00,482.00,464.20,464.20,39291
24-Apr-14,483.00,489.90,473.80,477.30,21877
23-Apr-14,502.00,502.00,473.00,480.00,15649
22-Apr-14,514.00,514.00,485.70,498.70,31770
17-Apr-14,511.00,511.00,499.10,499.10,9786
16-Apr-14,510.00,516.50,499.20,500.50,8370
15-Apr-14,514.00,514.00,499.10,499.10,14740
14-Apr-14,503.50,512.82,499.10,499.10,91403
11-Apr-14,500.00,514.50,466.38,512.50,34831
10-Apr-14,518.50,520.00,508.00,510.00,27766
9-Apr-14,520.00,520.00,510.00,519.00,25948
8-Apr-14,514.00,520.00,514.00,514.50,50965
7-Apr-14,511.00,519.00,507.00,511.00,17876
4-Apr-14,512.50,519.00,506.50,519.00,29495
3-Apr-14,505.50,518.00,504.00,504.00,17393
2-Apr-14,521.00,522.50,514.00,519.50,27822
1-Apr-14,495.00,520.00,492.50,520.00,99304
31-Mar-14,525.00,528.50,499.50,504.50,54919
28-Mar-14,518.50,519.58,507.62,515.00,13601
27-Mar-14,510.00,522.88,503.50,513.00,16564
26-Mar-14,520.00,533.50,487.09,505.00,174550
25-Mar-14,538.00,538.50,525.00,530.00,21223
24-Mar-14,540.00,540.00,523.50,536.00,45427
21-Mar-14,535.00,545.00,525.00,534.50,451000
20-Mar-14,530.00,530.00,522.76,530.00,52133
19-Mar-14,530.00,530.00,521.50,530.00,36938
18-Mar-14,526.00,530.00,524.14,525.00,60616
17-Mar-14,515.00,530.00,515.00,526.00,62511
14-Mar-14,525.00,530.00,511.50,524.00,68990
13-Mar-14,536.50,539.50,521.50,534.50,22846
12-Mar-14,540.00,540.00,525.00,538.00,100101
11-Mar-14,532.50,542.00,532.50,540.00,52952
10-Mar-14,540.00,543.50,529.50,538.00,71410
7-Mar-14,510.50,546.50,510.50,534.00,137688
6-Mar-14,517.00,529.00,500.00,529.00,101879
5-Mar-14,485.00,521.00,485.00,502.00,49285
4-Mar-14,479.00,495.00,470.80,495.00,97681
3-Mar-14,460.00,478.50,460.00,478.50,48897
28-Feb-14,455.00,466.30,452.40,465.00,70420
27-Feb-14,453.60,457.10,447.60,455.00,38339
26-Feb-14,457.00,460.00,450.00,455.00,68123
25-Feb-14,457.00,460.00,451.00,457.00,117275
24-Feb-14,457.00,458.70,440.90,447.30,52291
21-Feb-14,457.40,460.70,457.00,457.00,31925
20-Feb-14,457.20,464.00,455.30,457.10,33798
19-Feb-14,463.00,463.00,456.50,457.40,104184
18-Feb-14,458.30,470.00,458.30,462.00,27616
17-Feb-14,458.80,470.40,458.80,470.10,25148
14-Feb-14,475.00,475.00,465.40,471.00,58093
13-Feb-14,451.50,472.30,451.50,472.30,56254
12-Feb-14,446.90,464.50,446.90,464.50,58764
11-Feb-14,467.00,470.00,446.70,460.90,12341
10-Feb-14,470.60,470.90,467.00,470.00,8713
7-Feb-14,479.00,480.00,467.80,475.70,30352
6-Feb-14,479.00,479.10,473.20,479.00,28187
5-Feb-14,467.00,479.10,467.00,473.70,16209
4-Feb-14,472.00,480.00,472.00,479.00,23430
3-Feb-14,494.00,494.00,475.00,480.00,62452
31-Jan-14,483.00,493.80,478.00,488.10,52697
30-Jan-14,478.50,478.50,472.30,476.00,31900
29-Jan-14,477.80,480.60,469.10,475.00,34810
28-Jan-14,477.05,480.00,465.00,480.00,55513
27-Jan-14,459.80,480.90,459.80,472.40,76925
24-Jan-14,480.00,480.00,456.10,459.00,32710
23-Jan-14,480.00,482.80,466.80,480.00,15246
22-Jan-14,490.50,490.50,468.40,477.00,62075
21-Jan-14,494.00,494.00,485.20,488.00,26062
20-Jan-14,465.00,505.50,465.00,497.90,62965
17-Jan-14,455.00,470.00,455.00,468.10,13445
16-Jan-14,450.00,465.00,450.00,456.90,17378
15-Jan-14,450.00,458.00,450.00,458.00,13123
14-Jan-14,443.00,460.00,443.00,455.00,78447
13-Jan-14,449.90,455.00,449.90,455.00,101348
10-Jan-14,437.90,450.00,437.90,449.40,33985
9-Jan-14,440.00,450.00,440.00,449.00,33925
8-Jan-14,443.50,446.80,435.30,443.00,52904
7-Jan-14,443.00,448.40,435.00,443.50,47982
6-Jan-14,436.50,442.80,414.60,436.50,62099
3-Jan-14,440.00,449.90,436.40,440.00,30960
2-Jan-14,440.00,450.00,439.60,448.90,47951
31-Dec-13,450.00,450.00,436.40,438.10,48512
30-Dec-13,450.00,450.00,442.00,450.00,35338
27-Dec-13,450.00,450.00,441.70,450.00,46420
24-Dec-13,450.00,450.00,445.00,445.70,29707
23-Dec-13,445.00,450.00,440.50,449.50,44837
20-Dec-13,442.00,450.00,435.40,442.00,135698
19-Dec-13,445.00,445.00,438.20,442.00,85534
18-Dec-13,430.00,445.00,430.00,445.00,116960
17-Dec-13,440.00,440.00,430.00,440.00,64882
16-Dec-13,440.00,440.00,433.70,440.00,38073
13-Dec-13,435.00,445.90,427.50,442.00,30739
12-Dec-13,413.00,435.00,410.90,435.00,35956
11-Dec-13,412.40,415.30,409.20,414.10,27435
10-Dec-13,400.00,419.10,400.00,417.17,26608
9-Dec-13,407.60,409.40,405.50,408.00,3485
6-Dec-13,399.90,408.00,399.70,408.00,14864
5-Dec-13,400.00,404.50,394.90,400.00,48322
4-Dec-13,408.00,410.00,400.50,405.00,11366
3-Dec-13,400.00,410.00,400.00,410.00,18335
2-Dec-13,416.20,416.20,395.40,397.50,24561
29-Nov-13,415.00,419.60,407.30,407.30,75628
28-Nov-13,420.00,420.00,410.00,414.85,106799
27-Nov-13,384.40,430.00,384.40,420.00,418272
26-Nov-13,390.00,397.50,373.90,380.50,31610
25-Nov-13,396.80,404.90,382.90,390.00,64684
22-Nov-13,383.00,403.20,383.00,397.00,24754
21-Nov-13,380.00,391.40,380.00,387.00,17893
20-Nov-13,369.80,380.00,369.80,380.00,15857
19-Nov-13,369.60,376.50,369.60,370.00,46578
18-Nov-13,370.10,375.50,360.50,370.00,61009
15-Nov-13,370.00,372.00,359.90,372.00,18204
14-Nov-13,352.00,367.00,352.00,363.20,14274
13-Nov-13,365.50,366.10,342.90,346.30,29262
12-Nov-13,347.00,380.60,347.00,367.60,31587
11-Nov-13,352.10,353.70,347.20,353.70,6808
8-Nov-13,352.10,358.50,352.10,357.20,7119
7-Nov-13,359.00,359.00,352.30,355.00,8451
6-Nov-13,360.00,362.00,356.10,358.50,8030
5-Nov-13,358.50,363.00,357.00,358.50,8494
4-Nov-13,363.00,364.00,353.00,356.80,12082
1-Nov-13,362.00,362.00,358.00,361.70,18842
31-Oct-13,358.40,368.00,358.40,362.30,17480
30-Oct-13,360.90,371.40,348.10,368.00,52757
29-Oct-13,360.00,373.60,351.50,367.00,73200
28-Oct-13,349.00,358.90,349.00,355.00,17294
25-Oct-13,359.30,359.30,346.00,355.00,16625
24-Oct-13,360.80,368.00,359.00,361.00,38139
23-Oct-13,348.70,368.40,345.00,360.90,82974
22-Oct-13,358.20,358.20,345.00,354.80,112947
21-Oct-13,340.00,371.00,339.50,350.00,120201
18-Oct-13,336.40,340.00,333.30,338.30,13136
17-Oct-13,334.20,338.50,330.00,338.50,46392
16-Oct-13,333.00,340.20,332.90,335.00,15144
15-Oct-13,331.70,333.00,325.00,330.00,49243
14-Oct-13,323.00,329.60,323.00,326.00,9529
11-Oct-13,326.90,327.00,324.70,325.00,30533
10-Oct-13,327.50,328.20,327.00,327.00,21342
9-Oct-13,329.50,329.50,327.00,327.50,36243
8-Oct-13,330.00,332.00,329.00,329.00,51305
7-Oct-13,325.00,343.60,325.00,330.00,55550
4-Oct-13,328.00,328.00,326.50,326.50,14794
3-Oct-13,322.00,330.00,322.00,328.50,69240
2-Oct-13,330.00,330.00,327.00,329.10,6917
1-Oct-13,324.00,330.00,324.00,327.00,11437
30-Sep-13,332.00,332.00,325.50,326.90,16605
27-Sep-13,325.20,329.80,325.20,328.00,19735
26-Sep-13,333.90,333.90,324.50,324.50,16007
25-Sep-13,327.00,333.30,326.50,329.40,16509
24-Sep-13,315.70,326.50,315.50,326.40,57420
20-Sep-13,320.00,321.20,318.00,318.50,62527
19-Sep-13,330.00,330.00,308.30,318.50,84033
18-Sep-13,321.10,323.90,320.30,321.00,7856
17-Sep-13,317.00,324.00,317.00,320.00,43590
16-Sep-13,316.00,325.00,315.00,320.10,132375
13-Sep-13,312.00,315.10,312.00,314.30,6301
12-Sep-13,314.00,316.00,314.00,315.00,7202
11-Sep-13,312.00,316.00,312.00,314.00,20971
10-Sep-13,315.50,316.50,315.50,315.70,22758
9-Sep-13,313.00,316.40,313.00,315.90,53447
6-Sep-13,317.00,322.50,313.30,314.90,193697
5-Sep-13,323.00,324.00,313.30,320.68,60245
4-Sep-13,329.50,329.80,326.00,328.90,24674
3-Sep-13,323.00,330.00,323.00,329.00,6023
2-Sep-13,332.90,333.00,327.00,328.40,119697
30-Aug-13,329.00,332.00,323.00,325.10,34310
29-Aug-13,317.20,330.20,317.20,329.00,24081
28-Aug-13,330.00,330.00,320.00,324.00,65699
27-Aug-13,340.20,344.20,334.00,335.20,54777
23-Aug-13,347.00,350.00,331.00,349.58,168038
22-Aug-13,350.00,356.10,349.00,351.00,26235
21-Aug-13,340.00,360.00,340.00,351.67,103746
20-Aug-13,325.00,348.50,325.00,330.38,57845
19-Aug-13,323.70,330.00,322.00,330.00,170838
16-Aug-13,314.00,322.80,314.00,322.00,32630
15-Aug-13,312.00,319.10,312.00,319.00,50334
14-Aug-13,312.00,315.00,312.00,304.00,8691
13-Aug-13,300.00,323.70,300.00,305.00,39312
12-Aug-13,300.00,304.90,300.00,303.00,11921
9-Aug-13,297.00,309.90,297.00,302.00,35683
8-Aug-13,300.00,300.10,298.60,299.00,29360
7-Aug-13,300.00,301.90,299.00,299.60,28406
6-Aug-13,300.00,300.10,299.00,299.10,46775
5-Aug-13,295.00,302.00,295.00,300.00,143592
2-Aug-13,297.50,303.30,297.50,299.00,214630
1-Aug-13,298.00,299.30,294.90,297.50,291729
31-Jul-13,294.00,298.00,294.00,296.50,24761
30-Jul-13,290.00,299.00,290.00,296.20,24595
29-Jul-13,288.50,298.10,288.50,296.00,51655
26-Jul-13,292.00,297.90,292.00,296.00,16071
25-Jul-13,300.00,300.00,297.00,297.00,2806
24-Jul-13,290.80,298.00,290.80,297.00,29588
23-Jul-13,300.00,300.00,296.00,298.00,77941
22-Jul-13,297.00,299.00,295.00,295.80,66364
19-Jul-13,285.00,300.00,285.00,298.00,67760
18-Jul-13,281.70,296.40,281.70,290.00,63404
17-Jul-13,288.90,289.40,285.60,288.00,17011
16-Jul-13,280.00,286.00,280.00,286.00,11296
15-Jul-13,283.00,289.00,283.00,285.30,31373
12-Jul-13,288.00,288.00,283.00,287.00,20577
11-Jul-13,295.00,295.00,288.30,289.50,15564
10-Jul-13,287.00,289.00,285.00,289.00,11842
9-Jul-13,287.00,293.47,286.00,287.50,42754
8-Jul-13,287.60,290.00,286.50,286.50,51926
5-Jul-13,280.50,289.40,280.50,286.10,26283
4-Jul-13,288.00,289.10,285.80,287.90,71961
3-Jul-13,285.00,288.60,278.90,285.90,71240
2-Jul-13,284.50,290.10,284.50,290.00,115374
1-Jul-13,275.00,284.00,274.60,283.00,120539
28-Jun-13,265.00,282.00,265.00,270.00,79801
27-Jun-13,268.00,278.43,268.00,270.00,194054
26-Jun-13,288.20,299.20,263.00,267.70,131678
25-Jun-13,292.50,298.50,289.10,292.00,145849
24-Jun-13,295.30,298.70,285.00,293.00,255176
21-Jun-13,290.00,300.10,290.00,296.50,262490
20-Jun-13,308.00,310.80,286.40,286.40,352261
19-Jun-13,307.90,311.00,300.20,304.50,86080
18-Jun-13,329.90,329.90,297.00,304.00,183331
17-Jun-13,325.00,329.93,321.80,322.80,261910
14-Jun-13,312.00,335.08,312.00,330.00,95177
13-Jun-13,312.00,315.84,309.90,312.00,59193
12-Jun-13,305.50,316.50,300.10,311.10,195776
11-Jun-13,308.00,308.00,303.20,305.90,19948
10-Jun-13,304.00,309.20,303.64,306.00,71383
7-Jun-13,309.90,310.00,303.90,305.00,15218
6-Jun-13,310.00,312.00,305.00,305.00,42004
5-Jun-13,313.70,313.80,299.90,305.00,22422
4-Jun-13,299.50,318.70,298.43,306.00,88360
3-Jun-13,295.40,297.50,294.50,296.00,26467
31-May-13,295.00,295.00,294.50,294.50,8287
30-May-13,299.90,299.90,293.00,294.50,181785
29-May-13,299.00,299.00,290.50,295.30,31439
28-May-13,306.90,306.90,297.00,299.00,186015
24-May-13,297.90,299.00,295.00,299.00,5968
23-May-13,292.20,296.40,288.16,296.40,28634
22-May-13,299.90,300.00,296.00,299.00,130421
21-May-13,290.00,302.00,289.80,299.40,85845
20-May-13,291.90,297.00,285.00,292.00,52729
17-May-13,287.00,289.69,284.02,285.00,36078
16-May-13,279.90,285.00,275.30,285.00,254495
15-May-13,279.90,280.00,273.14,280.00,9241
14-May-13,285.00,286.20,271.40,280.50,41762
13-May-13,280.00,281.60,273.90,279.60,19276
10-May-13,284.90,284.90,270.00,277.90,97784
9-May-13,282.90,284.00,279.82,281.00,72528
8-May-13,282.30,289.50,277.81,282.00,29697
7-May-13,287.00,290.00,278.53,289.00,57112
3-May-13,292.00,298.00,287.00,287.00,26058
2-May-13,272.00,291.01,272.00,286.00,181634
1-May-13,308.00,310.05,256.74,276.70,261244
30-Apr-13,332.10,337.90,307.70,312.82,246837
29-Apr-13,329.90,339.80,329.90,337.80,27380
26-Apr-13,340.00,340.00,336.00,338.00,53005
25-Apr-13,339.60,340.00,336.20,337.90,16038
24-Apr-13,335.90,340.00,332.00,339.00,111153
23-Apr-13,329.40,337.00,328.10,336.00,27099
22-Apr-13,336.60,340.00,326.02,340.00,50007
19-Apr-13,311.80,340.00,305.57,340.00,430267
18-Apr-13,317.80,326.00,316.71,325.00,21545
17-Apr-13,323.20,326.00,312.81,326.00,24339
16-Apr-13,326.00,326.00,319.50,325.50,72157
15-Apr-13,324.10,326.00,320.56,326.00,28472
12-Apr-13,319.20,326.00,319.20,325.00,69396
11-Apr-13,324.20,329.20,317.70,324.90,49625
10-Apr-13,325.90,326.00,316.80,326.00,56354
9-Apr-13,321.90,326.00,321.60,326.00,93421
8-Apr-13,324.90,325.00,316.62,325.00,14345
5-Apr-13,318.20,327.70,311.10,327.70,40702
4-Apr-13,308.70,324.60,302.43,308.80,106229
3-Apr-13,319.70,326.80,312.50,312.50,65497
2-Apr-13,333.70,333.70,322.51,328.00,67084
28-Mar-13,330.00,330.00,316.73,328.00,32522
27-Mar-13,330.80,333.00,327.00,330.00,27097
26-Mar-13,341.00,341.00,326.66,334.00,115994
25-Mar-13,340.00,340.00,330.40,340.00,40255
22-Mar-13,337.50,340.90,331.20,340.90,18631
21-Mar-13,330.80,338.60,329.20,337.90,29650
20-Mar-13,340.00,340.00,331.10,340.00,69553
19-Mar-13,329.10,340.00,329.10,340.00,128972
18-Mar-13,347.00,347.00,314.90,334.20,270482
15-Mar-13,330.00,357.00,329.25,349.00,607188
14-Mar-13,320.00,330.00,320.00,329.00,45046
13-Mar-13,307.00,319.25,303.25,319.25,65032
12-Mar-13,305.00,316.75,305.00,310.00,71356
11-Mar-13,300.50,310.00,300.50,310.00,125514
8-Mar-13,302.00,309.03,302.00,309.00,1071
7-Mar-13,306.25,309.75,295.25,308.00,59044
6-Mar-13,287.00,308.00,287.00,301.00,52728
5-Mar-13,295.00,295.15,292.00,292.00,45064
4-Mar-13,290.00,295.00,288.48,295.00,234219
1-Mar-13,290.75,294.50,285.00,290.00,129096
28-Feb-13,280.00,288.32,280.00,283.00,53148
27-Feb-13,270.00,281.30,270.00,274.25,51883
26-Feb-13,269.00,274.00,269.00,270.00,83927
25-Feb-13,269.00,272.00,267.50,269.00,67207
22-Feb-13,272.75,273.00,265.00,269.00,158863
21-Feb-13,266.25,271.00,262.50,269.00,229942
20-Feb-13,265.00,267.84,261.50,265.00,134854
19-Feb-13,254.00,268.00,253.04,265.00,143921
18-Feb-13,257.00,257.00,257.00,257.00,2577
15-Feb-13,250.00,255.00,250.00,250.00,13054
14-Feb-13,250.00,255.00,241.56,255.00,212533
13-Feb-13,250.00,252.81,245.25,250.00,30268
12-Feb-13,250.00,255.00,247.00,255.00,33030
11-Feb-13,255.00,255.00,252.81,255.00,63151
8-Feb-13,250.50,255.00,246.25,255.00,18696
7-Feb-13,246.75,252.50,246.75,250.00,12616
6-Feb-13,248.00,253.86,246.00,246.00,110351
5-Feb-13,242.00,248.00,230.43,248.00,58935
4-Feb-13,249.00,253.60,245.00,245.75,22361
1-Feb-13,250.00,261.00,249.70,254.00,272820
31-Jan-13,246.00,250.00,240.00,250.00,33057
30-Jan-13,247.50,249.00,244.75,246.00,174066
29-Jan-13,235.00,249.00,234.41,249.00,543851
28-Jan-13,237.75,241.00,230.00,233.00,77669
25-Jan-13,219.00,241.50,219.00,238.00,131403
24-Jan-13,222.00,222.00,219.31,220.00,-
23-Jan-13,219.00,222.00,217.56,222.00,56580
22-Jan-13,217.00,220.86,216.00,219.00,32671
21-Jan-13,218.00,218.50,213.50,217.00,138677
18-Jan-13,213.25,221.75,210.56,214.75,47536
17-Jan-13,213.50,213.50,206.74,213.50,16446
16-Jan-13,215.00,215.00,210.52,215.00,112736
15-Jan-13,209.00,212.00,208.00,212.00,47230
14-Jan-13,202.25,208.00,202.25,207.00,38030
11-Jan-13,210.00,210.00,204.25,204.25,67789
10-Jan-13,207.75,208.50,205.40,208.50,20209
9-Jan-13,199.75,216.38,199.75,208.00,148025
8-Jan-13,199.00,202.00,198.75,200.00,56162
7-Jan-13,198.00,200.00,196.26,198.25,18434
4-Jan-13,199.25,201.14,195.00,195.00,19547
3-Jan-13,200.00,203.00,197.92,200.00,82076
2-Jan-13,195.50,204.75,189.00,200.00,118227
