31-Dec-15,493.70,493.70,481.80,484.30,135089
30-Dec-15,495.70,499.10,489.50,492.00,269599
29-Dec-15,502.00,502.00,492.10,494.40,368479
24-Dec-15,481.70,501.00,481.70,498.10,51552
23-Dec-15,494.60,494.60,488.60,492.00,251758
22-Dec-15,489.10,491.40,486.40,489.00,224566
21-Dec-15,479.90,494.20,479.90,485.80,246000
18-Dec-15,496.20,504.00,489.80,490.40,442856
16-Dec-15,488.70,492.00,488.00,491.10,189091
15-Dec-15,485.90,491.70,475.90,491.10,237614
14-Dec-15,491.10,491.10,478.10,480.00,233433
11-Dec-15,493.40,493.40,479.10,481.30,309316
10-Dec-15,490.20,494.90,485.40,491.90,177950
9-Dec-15,492.50,501.00,489.20,490.20,204703
8-Dec-15,510.00,512.50,498.80,500.00,184614
7-Dec-15,504.00,512.50,504.00,509.50,248432
4-Dec-15,501.50,507.00,497.80,504.00,340241
3-Dec-15,513.50,516.00,500.50,502.50,209188
2-Dec-15,514.00,517.00,509.00,510.50,183471
1-Dec-15,512.00,514.50,508.00,512.00,290893
30-Nov-15,501.50,511.00,501.50,508.50,301729
27-Nov-15,496.70,505.00,494.19,504.50,253228
26-Nov-15,492.00,503.00,492.00,500.00,402913
25-Nov-15,486.80,494.80,480.50,493.30,680056
24-Nov-15,507.00,507.00,497.00,497.00,313761
23-Nov-15,505.00,507.50,502.50,506.00,226501
20-Nov-15,499.50,505.50,499.50,505.00,373415
19-Nov-15,502.50,505.00,499.90,504.50,187975
18-Nov-15,501.00,504.00,494.24,498.50,226892
17-Nov-15,493.80,502.00,493.80,502.00,377676
16-Nov-15,481.70,492.10,481.70,492.10,233989
13-Nov-15,489.70,490.70,484.30,487.80,339782
12-Nov-15,496.70,496.90,491.40,492.90,318665
11-Nov-15,496.50,498.60,494.50,494.90,302562
10-Nov-15,502.00,502.00,492.70,493.20,255230
9-Nov-15,500.00,504.00,496.50,497.40,313700
6-Nov-15,496.50,502.50,493.10,501.00,297422
5-Nov-15,498.20,499.20,493.80,493.80,329431
4-Nov-15,501.50,503.00,498.80,500.00,250226
3-Nov-15,500.00,500.00,494.28,497.20,304743
2-Nov-15,492.60,497.60,491.10,497.10,477540
30-Oct-15,492.80,494.80,490.50,494.80,472603
29-Oct-15,491.60,492.90,487.60,490.40,497366
28-Oct-15,494.60,495.90,489.10,491.40,321472
27-Oct-15,490.50,495.00,490.50,491.30,343634
26-Oct-15,495.10,495.80,490.80,492.80,398084
23-Oct-15,480.20,495.20,477.00,495.10,526120
22-Oct-15,480.60,481.40,473.30,476.20,483670
21-Oct-15,486.10,486.80,481.30,481.70,341099
20-Oct-15,483.10,486.10,480.30,483.90,356337
19-Oct-15,483.60,485.90,480.90,484.50,361454
16-Oct-15,483.40,488.40,479.70,481.80,439122
15-Oct-15,483.40,483.40,476.80,481.40,499091
14-Oct-15,480.70,485.70,476.80,480.40,561636
13-Oct-15,477.00,485.50,470.80,482.20,1081437
12-Oct-15,467.00,468.80,463.30,464.20,411529
9-Oct-15,467.90,469.90,464.90,468.00,489406
8-Oct-15,479.30,480.70,464.00,465.50,1099975
7-Oct-15,478.00,482.10,477.40,480.70,674728
6-Oct-15,486.00,488.50,483.00,487.40,552651
5-Oct-15,489.50,489.80,484.60,487.20,436929
2-Oct-15,479.40,482.70,476.60,479.70,625098
1-Oct-15,479.70,481.30,474.10,478.00,787711
30-Sep-15,474.80,476.60,471.00,474.00,677831
29-Sep-15,468.70,471.50,464.00,466.40,435288
28-Sep-15,476.20,476.40,470.10,471.20,462185
25-Sep-15,472.40,481.50,471.30,475.20,507694
24-Sep-15,471.60,476.60,466.30,466.50,638182
23-Sep-15,471.40,476.10,467.20,473.60,476614
22-Sep-15,479.10,479.10,468.80,469.00,1121488
21-Sep-15,477.50,482.50,473.10,478.20,580980
18-Sep-15,483.50,484.10,475.40,476.10,1252211
17-Sep-15,490.10,490.10,484.20,486.60,255323
16-Sep-15,492.00,495.60,485.20,487.60,530127
15-Sep-15,488.40,491.70,481.00,490.30,434150
14-Sep-15,489.90,494.90,486.10,487.30,392899
11-Sep-15,491.60,492.50,488.00,490.20,591075
10-Sep-15,488.00,492.10,486.70,490.00,663964
9-Sep-15,496.20,496.20,486.60,491.60,636296
8-Sep-15,483.60,489.10,482.20,485.30,422502
7-Sep-15,485.30,485.30,474.90,478.70,575132
4-Sep-15,480.30,484.20,479.40,480.20,890022
3-Sep-15,485.70,487.10,479.60,486.10,743801
2-Sep-15,493.00,498.90,489.40,497.70,504581
1-Sep-15,497.60,503.36,492.60,493.80,568232
28-Aug-15,499.80,507.13,496.30,507.00,827777
27-Aug-15,496.10,502.50,495.10,498.00,583370
26-Aug-15,494.50,497.50,481.70,490.90,1181550
25-Aug-15,488.90,502.50,486.20,499.10,1349290
24-Aug-15,505.00,508.43,475.80,484.90,1207535
21-Aug-15,528.00,543.50,511.50,515.00,911736
20-Aug-15,531.00,534.50,528.00,530.50,552429
19-Aug-15,544.00,544.50,531.00,532.00,644804
18-Aug-15,544.50,547.00,542.50,545.50,527918
17-Aug-15,541.50,547.00,539.50,543.50,391283
14-Aug-15,548.00,549.50,534.00,538.00,591766
13-Aug-15,535.00,554.28,535.00,546.50,654905
12-Aug-15,547.50,551.19,526.00,527.00,667295
11-Aug-15,552.00,555.00,548.50,551.00,289447
10-Aug-15,558.50,558.50,550.50,556.50,243617
7-Aug-15,559.00,559.00,549.50,553.50,149210
6-Aug-15,555.50,564.00,555.50,557.50,237852
5-Aug-15,561.00,562.00,554.50,559.00,296247
4-Aug-15,552.50,559.50,546.50,557.50,339293
3-Aug-15,546.00,555.50,546.00,550.00,478658
31-Jul-15,532.00,548.00,532.00,548.00,557713
30-Jul-15,535.00,539.00,531.00,533.50,208570
29-Jul-15,535.50,536.50,530.50,534.50,251566
28-Jul-15,533.00,533.50,528.00,530.00,248270
27-Jul-15,545.00,546.00,531.50,531.50,305307
24-Jul-15,547.00,553.00,543.47,544.50,317317
23-Jul-15,545.00,548.50,542.50,548.50,262488
22-Jul-15,545.00,546.00,540.50,544.50,206426
21-Jul-15,553.00,554.00,545.00,545.50,216637
20-Jul-15,552.00,559.00,552.00,553.00,396809
17-Jul-15,551.00,556.50,550.00,553.50,331546
16-Jul-15,535.00,550.50,535.00,548.50,513006
15-Jul-15,540.00,540.00,532.50,534.50,416893
14-Jul-15,557.00,557.00,530.00,542.00,977038
13-Jul-15,546.50,559.95,545.00,555.00,710822
10-Jul-15,541.00,552.50,541.00,547.00,450854
9-Jul-15,524.00,539.50,522.50,539.00,713242
8-Jul-15,527.50,527.50,513.56,525.50,613903
7-Jul-15,533.50,536.50,528.50,529.50,412468
6-Jul-15,542.00,542.00,528.00,531.50,427459
3-Jul-15,546.50,546.50,541.50,544.00,258667
2-Jul-15,548.00,551.50,544.50,544.50,304559
1-Jul-15,547.50,551.00,541.50,548.00,362431
30-Jun-15,536.00,547.00,534.50,545.00,956438
29-Jun-15,534.00,538.50,530.00,536.00,497102
26-Jun-15,548.00,549.50,543.50,547.00,240488
25-Jun-15,546.00,550.00,542.00,550.00,353697
24-Jun-15,551.50,552.00,544.50,547.00,400973
23-Jun-15,544.50,551.50,540.50,549.50,468874
22-Jun-15,545.50,545.50,538.50,540.00,509611
19-Jun-15,542.00,546.00,538.00,541.50,599946
18-Jun-15,534.00,541.00,526.00,540.50,496667
17-Jun-15,547.50,547.50,533.50,535.00,395106
16-Jun-15,542.50,546.00,532.50,546.00,394522
15-Jun-15,545.50,545.50,539.00,541.50,401708
12-Jun-15,554.50,556.00,548.00,550.50,362607
11-Jun-15,557.50,559.50,554.00,557.00,232036
10-Jun-15,552.00,557.50,549.50,556.00,486022
9-Jun-15,552.00,553.00,547.00,552.00,270394
8-Jun-15,549.50,551.50,547.50,550.00,307170
5-Jun-15,554.00,557.00,546.96,551.50,407996
4-Jun-15,558.00,560.50,551.00,554.50,571578
3-Jun-15,548.50,568.00,548.50,560.50,681060
2-Jun-15,553.00,553.00,543.50,552.50,412521
1-Jun-15,543.00,549.50,542.50,549.00,366499
29-May-15,550.00,552.00,543.00,543.50,712780
28-May-15,548.50,554.00,548.50,550.00,300603
27-May-15,547.50,556.00,547.50,551.50,435713
26-May-15,558.00,558.50,549.00,549.00,358175
22-May-15,557.00,557.00,550.00,551.00,292687
21-May-15,549.00,553.50,547.00,552.50,291657
20-May-15,555.50,561.50,555.00,556.50,295236
19-May-15,553.50,561.00,551.50,558.50,320084
18-May-15,546.50,554.00,544.00,551.50,388852
15-May-15,551.50,554.50,547.00,550.00,438108
14-May-15,546.00,555.00,544.50,550.00,365205
13-May-15,546.50,553.00,544.00,549.50,372211
12-May-15,536.50,544.50,536.50,541.50,407108
11-May-15,544.00,548.00,541.00,547.00,414717
8-May-15,539.00,550.00,538.50,544.50,618629
7-May-15,527.50,528.50,515.50,527.50,678929
6-May-15,534.00,538.50,527.00,528.00,566016
5-May-15,538.00,546.50,534.00,534.00,488822
1-May-15,528.00,545.50,528.00,539.50,129436
30-Apr-15,529.50,534.00,524.49,533.50,917030
29-Apr-15,536.50,540.50,530.00,531.50,506194
28-Apr-15,551.50,551.50,534.00,537.00,738506
27-Apr-15,542.50,545.00,533.50,540.00,513030
24-Apr-15,544.50,550.50,540.00,542.50,438765
23-Apr-15,551.50,552.50,535.50,541.50,482453
22-Apr-15,547.00,553.00,541.85,547.50,549909
21-Apr-15,535.00,547.50,534.00,544.50,398318
20-Apr-15,545.00,546.00,530.00,534.00,578973
17-Apr-15,541.00,547.00,534.50,541.50,455770
16-Apr-15,553.00,553.00,543.50,544.50,417226
15-Apr-15,548.00,555.50,546.00,553.00,531880
14-Apr-15,534.50,552.00,534.50,549.00,772661
13-Apr-15,554.00,560.50,545.50,548.50,798417
10-Apr-15,550.00,556.00,547.50,556.00,759722
9-Apr-15,550.00,559.00,549.00,554.00,600349
8-Apr-15,535.50,550.00,535.00,550.00,937462
7-Apr-15,533.50,536.00,529.00,531.00,514214
2-Apr-15,527.00,537.00,527.00,534.00,528718
1-Apr-15,521.00,530.00,517.50,526.00,495341
31-Mar-15,519.50,529.50,519.50,521.50,1044441
30-Mar-15,516.00,522.50,515.00,522.50,377358
27-Mar-15,529.00,533.00,515.50,518.50,573243
26-Mar-15,520.00,531.00,517.50,530.00,453977
25-Mar-15,535.50,536.50,526.00,528.00,444322
24-Mar-15,527.00,539.50,527.00,536.00,516041
23-Mar-15,531.00,534.50,524.50,531.50,597030
20-Mar-15,533.00,557.00,533.00,534.50,1420808
19-Mar-15,524.00,536.00,524.00,529.50,843415
18-Mar-15,517.00,530.00,517.00,529.50,718619
17-Mar-15,520.50,522.50,511.50,520.00,608561
16-Mar-15,517.50,526.50,516.00,522.00,1218635
13-Mar-15,505.00,524.50,505.00,514.00,1375253
12-Mar-15,503.50,520.00,499.70,504.50,1319845
11-Mar-15,482.70,505.00,482.70,503.00,1630745
10-Mar-15,500.00,504.50,493.30,495.00,462479
9-Mar-15,503.00,508.00,498.10,503.50,390575
6-Mar-15,502.50,508.00,500.00,506.00,468615
5-Mar-15,494.20,502.00,492.10,501.50,650432
4-Mar-15,493.70,494.60,487.60,491.80,419746
3-Mar-15,503.00,504.00,493.70,493.70,384144
2-Mar-15,496.30,505.00,496.30,498.90,380399
27-Feb-15,494.80,503.50,494.80,502.00,391464
26-Feb-15,494.70,500.00,489.60,500.00,509351
25-Feb-15,501.50,503.00,491.90,493.90,619592
24-Feb-15,503.00,506.00,501.00,503.50,224454
23-Feb-15,502.50,506.50,501.00,505.50,243758
20-Feb-15,500.00,503.00,497.20,502.00,345149
19-Feb-15,493.10,506.00,493.10,499.60,860777
18-Feb-15,490.50,503.50,490.50,500.00,691911
17-Feb-15,488.20,493.90,485.90,489.90,258544
16-Feb-15,488.20,494.00,486.20,493.00,292026
13-Feb-15,494.20,494.60,485.10,487.30,708951
12-Feb-15,490.90,498.10,481.60,494.00,344602
11-Feb-15,483.60,490.80,483.60,489.30,381250
10-Feb-15,477.30,487.30,475.10,485.40,556359
9-Feb-15,480.00,480.00,473.00,479.00,229684
6-Feb-15,475.00,482.20,475.00,480.50,343618
5-Feb-15,475.60,481.50,475.30,480.30,444097
4-Feb-15,480.00,480.20,474.90,478.10,541434
3-Feb-15,468.60,480.00,468.60,478.80,284638
2-Feb-15,469.50,470.70,462.90,468.20,418018
30-Jan-15,466.60,468.50,463.90,466.00,889367
29-Jan-15,464.10,466.80,461.20,464.00,307511
28-Jan-15,464.80,467.50,461.30,465.40,652849
27-Jan-15,470.00,470.80,460.50,463.80,413590
26-Jan-15,465.50,472.10,463.60,469.70,632884
23-Jan-15,464.60,471.70,459.90,469.70,584561
22-Jan-15,472.70,475.90,468.40,474.00,539069
21-Jan-15,469.30,470.40,455.50,469.90,916905
20-Jan-15,464.70,471.60,463.00,465.40,798619
19-Jan-15,461.20,466.60,460.00,464.70,576938
16-Jan-15,454.70,465.00,454.70,462.30,586862
15-Jan-15,458.30,464.00,456.70,460.10,683329
14-Jan-15,450.50,456.90,448.30,453.50,905801
13-Jan-15,435.00,456.00,427.00,453.30,974953
12-Jan-15,437.00,438.81,425.10,426.50,1179367
9-Jan-15,421.00,435.60,421.00,433.70,797094
8-Jan-15,412.30,421.47,407.20,420.60,771415
7-Jan-15,402.90,406.50,400.40,404.70,507360
6-Jan-15,411.40,411.40,397.70,399.40,490575
5-Jan-15,418.00,421.30,407.50,407.50,333597
31-Dec-14,412.30,412.60,410.20,411.90,451134
30-Dec-14,417.40,417.50,411.70,411.70,165539
29-Dec-14,424.00,424.00,415.30,417.80,176205
24-Dec-14,408.40,420.10,408.40,412.70,126932
23-Dec-14,418.50,420.00,416.60,419.90,288273
22-Dec-14,419.50,420.30,414.90,418.40,191586
19-Dec-14,413.10,417.60,410.20,415.20,794998
18-Dec-14,394.10,409.20,390.00,409.20,443222
17-Dec-14,387.20,392.90,387.00,390.30,455645
16-Dec-14,384.30,394.00,384.30,392.30,551575
15-Dec-14,384.00,393.30,384.00,385.30,381934
12-Dec-14,397.50,397.50,384.40,385.50,344827
11-Dec-14,396.90,398.20,392.90,397.40,378256
10-Dec-14,401.20,405.90,399.00,399.40,339737
9-Dec-14,400.00,408.60,396.40,398.80,835166
8-Dec-14,421.50,421.50,413.50,414.60,193491
5-Dec-14,412.00,421.10,412.00,420.80,456025
4-Dec-14,412.20,416.80,407.50,411.60,445722
3-Dec-14,404.90,405.30,397.50,404.10,441950
2-Dec-14,403.70,410.10,400.00,407.70,257824
1-Dec-14,408.80,410.10,399.20,401.50,579068
28-Nov-14,408.10,413.20,402.40,412.20,543349
27-Nov-14,409.20,409.30,405.30,406.50,260440
26-Nov-14,406.70,408.50,399.50,406.30,306461
25-Nov-14,401.10,406.60,400.80,406.20,455711
24-Nov-14,399.20,400.40,396.40,400.30,250215
21-Nov-14,394.40,399.60,393.00,397.40,343763
20-Nov-14,390.90,391.60,386.00,391.10,386902
19-Nov-14,391.50,391.50,383.10,389.20,671418
18-Nov-14,391.70,394.60,388.60,389.00,735230
17-Nov-14,390.50,394.60,386.90,391.70,461557
14-Nov-14,393.60,397.57,392.40,394.30,510778
13-Nov-14,397.30,401.10,394.10,394.30,915192
12-Nov-14,395.30,400.10,390.30,394.10,1088702
11-Nov-14,399.10,400.00,390.80,398.60,1181807
10-Nov-14,391.80,398.60,389.10,398.60,335642
7-Nov-14,390.10,393.00,387.20,390.50,611186
6-Nov-14,388.90,397.80,387.30,397.80,554759
5-Nov-14,388.20,392.20,384.50,391.50,459678
4-Nov-14,387.30,391.20,382.70,384.00,377700
3-Nov-14,390.30,390.80,384.90,386.10,369675
31-Oct-14,385.00,388.90,381.00,388.50,901806
30-Oct-14,383.00,383.90,378.10,382.30,445037
29-Oct-14,381.80,383.40,378.30,382.20,403029
28-Oct-14,376.80,383.00,376.80,381.00,304859
27-Oct-14,380.60,383.70,375.20,377.10,482399
24-Oct-14,389.30,389.30,381.30,382.50,770631
23-Oct-14,385.60,388.90,379.10,388.00,761292
22-Oct-14,380.60,386.50,379.00,386.00,865485
21-Oct-14,372.40,378.80,367.30,378.10,628726
20-Oct-14,370.30,373.80,369.30,373.20,782253
17-Oct-14,372.70,376.00,365.90,373.20,1247507
16-Oct-14,380.00,382.40,358.70,371.90,1571993
15-Oct-14,382.90,389.10,376.40,378.00,1317244
14-Oct-14,382.40,386.00,360.10,379.00,2514062
13-Oct-14,418.10,418.60,413.00,415.60,328864
10-Oct-14,421.90,422.70,416.20,417.90,567476
9-Oct-14,421.60,427.40,421.00,426.00,734328
8-Oct-14,418.90,420.00,413.40,415.90,275853
7-Oct-14,423.80,426.60,419.60,419.70,301465
6-Oct-14,421.40,426.80,421.40,423.70,254464
3-Oct-14,421.00,422.60,416.60,420.00,322443
2-Oct-14,423.10,423.10,416.60,419.80,386482
1-Oct-14,420.10,424.70,419.50,421.00,492570
30-Sep-14,418.70,420.70,416.30,418.60,527112
29-Sep-14,420.90,422.80,417.10,417.10,358831
26-Sep-14,425.50,426.70,417.60,422.60,361974
25-Sep-14,428.00,432.00,425.60,426.50,291161
24-Sep-14,430.90,430.90,425.30,427.00,524942
23-Sep-14,442.80,442.80,430.90,430.90,417080
22-Sep-14,446.00,447.70,440.20,440.90,524626
19-Sep-14,453.10,455.90,447.70,448.40,642934
18-Sep-14,449.70,452.30,445.30,447.60,379362
17-Sep-14,456.50,456.50,449.60,450.60,512279
16-Sep-14,454.00,454.00,449.50,453.00,703732
15-Sep-14,453.20,456.10,451.60,453.20,425107
12-Sep-14,453.90,457.90,453.70,455.50,401068
11-Sep-14,457.80,460.00,451.80,454.20,472566
10-Sep-14,458.00,461.15,454.50,455.50,484619
9-Sep-14,452.50,457.40,450.20,456.30,472527
8-Sep-14,453.30,454.10,446.40,453.70,504603
5-Sep-14,447.20,452.80,447.20,452.80,439612
4-Sep-14,445.50,447.70,441.80,447.70,385343
3-Sep-14,447.60,451.30,445.80,449.00,501551
2-Sep-14,449.60,454.30,447.80,452.50,457253
1-Sep-14,457.70,460.90,451.90,454.50,294361
29-Aug-14,453.80,455.70,450.80,455.70,312051
28-Aug-14,455.80,455.80,450.10,453.00,246916
27-Aug-14,456.90,459.20,454.30,456.00,198085
26-Aug-14,454.50,456.90,451.80,456.40,313739
22-Aug-14,448.60,454.40,445.60,452.20,246495
21-Aug-14,445.80,447.40,439.50,447.30,288959
20-Aug-14,448.50,448.50,442.20,444.60,291249
19-Aug-14,445.30,449.30,441.30,447.60,310888
18-Aug-14,444.00,444.10,439.70,443.30,416561
15-Aug-14,442.60,444.50,438.80,439.80,475132
14-Aug-14,440.10,442.90,437.30,440.40,570665
13-Aug-14,437.00,445.80,425.50,441.90,1023781
12-Aug-14,452.00,452.00,444.40,446.90,493896
11-Aug-14,438.00,453.60,437.20,451.90,530921
8-Aug-14,431.10,435.20,426.50,434.00,706739
7-Aug-14,429.20,435.70,427.00,433.60,272349
6-Aug-14,432.10,432.10,425.80,430.60,493327
5-Aug-14,433.80,436.50,433.80,435.20,674751
4-Aug-14,434.20,437.80,429.20,434.40,636799
1-Aug-14,427.50,433.10,422.40,433.10,1085428
31-Jul-14,426.20,429.70,420.40,427.50,801931
30-Jul-14,426.60,429.20,424.90,427.50,429220
29-Jul-14,422.90,426.90,422.90,425.60,617645
28-Jul-14,430.50,431.78,421.20,421.40,312191
25-Jul-14,431.90,433.20,429.50,429.50,382818
24-Jul-14,435.90,436.80,432.40,433.30,448349
23-Jul-14,436.00,438.50,433.40,435.10,409908
22-Jul-14,432.30,436.60,432.30,436.60,480227
21-Jul-14,436.70,436.70,430.30,432.40,534844
18-Jul-14,435.50,436.70,429.60,434.50,322414
17-Jul-14,443.00,443.00,435.70,438.30,614670
16-Jul-14,440.30,444.00,437.00,443.20,899958
15-Jul-14,430.00,444.40,430.00,438.00,1422993
14-Jul-14,422.30,430.00,422.30,427.90,557580
11-Jul-14,417.70,425.30,417.70,420.20,746951
10-Jul-14,431.50,431.50,417.20,418.50,942276
9-Jul-14,433.00,435.90,429.60,430.40,427155
8-Jul-14,438.50,442.90,432.50,433.10,843102
7-Jul-14,438.40,444.10,438.40,440.70,645247
4-Jul-14,437.70,443.20,437.70,440.20,421721
3-Jul-14,442.20,444.50,430.90,441.10,826537
2-Jul-14,436.80,444.00,435.80,441.00,617330
1-Jul-14,430.40,439.80,430.40,438.50,604557
30-Jun-14,430.80,432.50,424.20,431.00,526817
27-Jun-14,429.90,431.30,426.40,427.90,312349
26-Jun-14,428.50,432.30,425.60,429.60,349197
25-Jun-14,433.90,433.90,428.30,428.30,383124
24-Jun-14,432.50,435.70,430.90,432.40,695885
23-Jun-14,435.00,436.10,430.00,431.90,452713
20-Jun-14,430.90,433.00,429.30,432.80,921436
19-Jun-14,434.20,438.40,429.20,430.40,441987
18-Jun-14,431.90,433.40,428.20,432.20,352901
17-Jun-14,433.10,437.40,428.00,430.60,535860
16-Jun-14,436.20,437.60,428.70,432.70,727256
13-Jun-14,452.30,452.30,434.30,436.40,683447
12-Jun-14,455.40,455.40,449.00,450.30,388336
11-Jun-14,465.00,465.00,451.80,454.10,426845
10-Jun-14,465.60,465.60,457.40,464.20,426254
9-Jun-14,470.50,472.10,462.60,463.70,308102
6-Jun-14,467.00,469.40,462.20,468.40,328166
5-Jun-14,459.30,466.70,459.20,463.60,360118
4-Jun-14,459.50,461.10,456.20,460.10,438111
3-Jun-14,461.60,461.60,451.60,459.30,526556
2-Jun-14,459.20,461.90,455.10,460.00,384440
30-May-14,449.80,458.90,449.20,458.70,802365
29-May-14,453.20,457.50,450.40,452.00,290438
28-May-14,452.20,458.50,452.20,454.60,395936
27-May-14,452.20,455.90,450.50,454.40,335038
23-May-14,447.00,449.40,444.20,448.00,393311
22-May-14,442.40,450.20,442.40,446.00,426039
21-May-14,434.70,442.40,431.90,440.40,826485
20-May-14,436.70,441.40,429.40,441.40,777927
19-May-14,436.50,440.60,432.00,434.60,840578
16-May-14,452.10,452.10,431.20,436.30,732252
15-May-14,464.10,464.10,446.20,449.90,574009
14-May-14,470.50,470.50,462.10,462.10,341382
13-May-14,463.90,470.70,462.50,467.70,535550
12-May-14,455.50,461.40,454.30,461.40,332765
9-May-14,455.50,459.90,452.80,455.80,361597
8-May-14,467.80,471.20,457.50,459.00,546817
7-May-14,471.60,472.10,466.50,467.60,311233
6-May-14,474.80,477.70,472.90,473.80,428228
2-May-14,474.70,481.60,471.90,473.00,465195
1-May-14,469.90,475.60,469.90,472.80,302245
30-Apr-14,461.90,467.80,461.90,467.80,931771
29-Apr-14,465.00,468.50,460.00,461.30,493060
28-Apr-14,453.90,465.20,452.70,461.50,691943
25-Apr-14,455.60,458.80,451.50,453.50,1295938
24-Apr-14,464.00,468.10,457.20,460.50,1110191
23-Apr-14,464.90,464.90,454.90,462.90,816948
22-Apr-14,467.50,471.20,463.90,465.00,727516
17-Apr-14,461.00,466.30,455.50,464.70,893728
16-Apr-14,462.20,465.10,451.10,462.50,1244945
15-Apr-14,462.80,476.50,450.90,454.20,923529
14-Apr-14,461.00,463.20,444.80,458.90,813891
11-Apr-14,469.20,469.90,459.00,460.90,587151
10-Apr-14,479.80,480.80,471.60,474.40,1434294
9-Apr-14,468.00,472.20,466.40,467.60,644405
8-Apr-14,479.60,479.60,463.00,465.30,523749
7-Apr-14,486.70,486.80,476.20,478.30,564649
4-Apr-14,487.10,491.70,487.10,489.95,250599
3-Apr-14,489.40,491.20,487.10,488.00,278151
2-Apr-14,494.80,496.20,489.50,490.00,437497
1-Apr-14,492.80,502.00,492.80,496.84,689040
31-Mar-14,487.40,491.70,484.70,490.80,614509
28-Mar-14,482.10,484.90,475.80,482.90,535882
27-Mar-14,474.10,478.40,472.80,478.40,341807
26-Mar-14,476.80,480.90,474.00,478.10,295097
25-Mar-14,472.10,475.10,469.10,472.80,429262
24-Mar-14,473.10,476.50,467.60,469.50,635685
21-Mar-14,485.10,488.10,474.80,474.80,1130694
20-Mar-14,482.60,482.90,475.20,482.90,428158
19-Mar-14,490.80,495.00,484.50,484.50,860457
18-Mar-14,481.30,491.00,479.30,490.80,626173
17-Mar-14,470.40,480.50,470.40,480.50,436582
14-Mar-14,463.70,475.10,459.90,472.20,608498
13-Mar-14,475.10,475.10,467.80,467.80,399126
12-Mar-14,484.30,484.30,473.60,475.30,431593
11-Mar-14,480.60,486.60,478.60,484.40,382693
10-Mar-14,496.60,497.50,481.60,485.40,656606
7-Mar-14,501.50,507.50,496.00,496.00,627189
6-Mar-14,499.80,502.00,498.40,499.90,310332
5-Mar-14,500.50,511.50,485.00,498.60,491891
4-Mar-14,502.00,505.50,499.50,504.00,462950
3-Mar-14,497.60,501.00,491.60,494.80,671513
28-Feb-14,491.50,507.00,490.20,507.00,1018263
27-Feb-14,487.10,493.10,487.10,493.10,628942
26-Feb-14,486.10,491.20,486.10,489.20,719275
25-Feb-14,480.40,486.50,478.30,485.20,437626
24-Feb-14,484.00,484.00,475.30,483.10,378882
21-Feb-14,475.40,481.70,475.40,479.80,470819
20-Feb-14,483.30,483.30,474.00,476.10,407702
19-Feb-14,478.20,486.60,478.20,485.80,457681
18-Feb-14,479.00,482.40,476.70,480.40,245387
17-Feb-14,478.00,481.70,474.40,479.30,250706
14-Feb-14,470.50,477.70,468.00,475.50,269728
13-Feb-14,470.20,470.50,463.50,468.80,314425
12-Feb-14,473.20,475.00,468.90,469.50,378451
11-Feb-14,471.20,475.70,471.20,474.00,315856
10-Feb-14,470.60,471.90,467.90,471.00,361216
7-Feb-14,468.20,472.00,466.00,471.80,578769
6-Feb-14,463.10,468.40,461.40,465.70,1710824
5-Feb-14,448.20,455.00,448.20,450.70,693299
4-Feb-14,443.50,449.40,438.30,449.00,897458
3-Feb-14,434.30,450.50,434.30,442.00,677499
31-Jan-14,446.80,448.80,438.40,445.20,691199
30-Jan-14,451.60,451.60,441.70,445.60,361171
29-Jan-14,453.90,458.30,446.20,450.20,654020
28-Jan-14,437.50,450.20,437.50,449.10,505817
27-Jan-14,442.70,444.10,425.90,437.50,1299538
24-Jan-14,460.00,461.20,444.30,444.30,528010
23-Jan-14,470.20,470.20,456.00,458.20,505556
22-Jan-14,472.50,474.50,465.30,466.00,425725
21-Jan-14,471.90,474.80,470.00,471.00,546472
20-Jan-14,477.30,477.30,472.40,473.10,380465
17-Jan-14,478.00,479.40,473.80,474.90,351501
16-Jan-14,483.00,483.00,473.50,475.30,531126
15-Jan-14,481.00,481.10,476.00,479.00,628564
14-Jan-14,476.10,482.40,467.80,478.00,1032833
13-Jan-14,485.30,489.80,484.60,489.10,409951
10-Jan-14,485.80,489.90,485.20,487.50,460986
9-Jan-14,486.80,490.00,483.50,486.90,586453
8-Jan-14,490.50,490.50,483.90,485.00,218894
7-Jan-14,490.60,490.60,483.00,487.90,266928
6-Jan-14,488.00,490.40,487.20,487.20,251056
3-Jan-14,484.30,491.50,482.30,488.00,277892
2-Jan-14,492.00,493.60,483.70,486.20,423258
31-Dec-13,485.00,491.60,485.00,488.00,169380
30-Dec-13,483.30,487.00,482.20,482.60,369270
27-Dec-13,479.60,486.10,476.70,485.00,365275
24-Dec-13,465.00,476.00,465.00,475.10,258837
23-Dec-13,462.10,467.60,462.10,465.00,1146127
20-Dec-13,462.80,465.00,461.40,464.00,1201352
19-Dec-13,468.00,469.30,463.60,465.00,264695
18-Dec-13,463.20,465.00,461.00,461.70,229983
17-Dec-13,464.80,465.40,458.00,462.60,513578
16-Dec-13,462.20,466.40,458.20,464.90,268823
13-Dec-13,455.00,461.10,455.00,459.80,162463
12-Dec-13,460.90,460.90,453.10,455.10,270308
11-Dec-13,467.60,468.80,462.90,464.20,651058
10-Dec-13,467.10,481.20,467.10,468.40,513773
9-Dec-13,464.50,472.00,464.50,468.60,364472
6-Dec-13,458.00,464.30,448.60,464.30,403620
5-Dec-13,448.90,455.20,448.80,452.60,377725
4-Dec-13,462.00,462.60,452.50,452.90,556090
3-Dec-13,477.00,478.40,458.20,459.90,443607
2-Dec-13,473.90,477.10,468.10,476.20,768997
29-Nov-13,459.20,478.40,456.20,475.00,713109
28-Nov-13,469.00,469.00,460.70,460.70,167730
27-Nov-13,459.80,467.70,458.40,466.40,338640
26-Nov-13,452.80,459.20,452.80,458.50,438149
25-Nov-13,460.50,460.50,452.20,454.30,698405
22-Nov-13,455.50,460.30,455.00,457.40,355269
21-Nov-13,462.40,464.30,455.10,456.50,460673
20-Nov-13,475.10,476.00,459.70,462.10,617294
19-Nov-13,480.30,482.40,475.60,476.90,452338
18-Nov-13,477.60,484.20,473.40,483.20,279940
15-Nov-13,475.30,479.30,472.60,477.60,357086
14-Nov-13,479.00,482.70,471.60,473.30,300907
13-Nov-13,482.80,486.40,474.50,476.00,254161
12-Nov-13,487.70,492.70,485.10,486.50,456624
11-Nov-13,484.00,491.50,480.10,489.20,521676
8-Nov-13,478.00,480.60,477.00,480.60,413367
7-Nov-13,487.00,487.00,480.60,480.70,392619
6-Nov-13,477.20,485.50,475.20,485.00,611189
5-Nov-13,477.60,477.80,470.00,473.10,310759
4-Nov-13,481.80,485.10,477.60,477.90,411788
1-Nov-13,484.10,486.90,479.90,481.60,281519
31-Oct-13,478.70,487.80,478.70,484.60,912364
30-Oct-13,476.80,482.50,476.80,481.30,247123
29-Oct-13,465.60,477.10,465.40,477.10,324910
28-Oct-13,472.30,473.70,466.40,468.10,311861
25-Oct-13,479.60,480.30,472.10,472.10,309193
24-Oct-13,483.10,484.80,477.90,481.90,356322
23-Oct-13,480.00,485.60,-,483.30,697739
22-Oct-13,479.50,482.20,477.20,479.90,290372
21-Oct-13,473.90,480.40,472.60,480.40,332950
18-Oct-13,470.10,474.20,468.00,472.00,433794
17-Oct-13,467.60,476.50,462.60,467.40,301379
16-Oct-13,471.10,473.40,464.70,471.50,423801
15-Oct-13,472.90,480.80,470.40,473.90,966583
14-Oct-13,475.00,476.20,456.00,470.00,2015953
11-Oct-13,494.80,496.80,491.20,494.50,455988
10-Oct-13,482.40,495.50,480.50,492.40,488800
9-Oct-13,483.70,485.30,477.40,478.80,513508
8-Oct-13,487.60,493.30,485.00,485.00,394014
7-Oct-13,495.00,495.30,488.00,488.50,315543
4-Oct-13,496.80,500.00,492.40,497.87,600388
3-Oct-13,499.40,501.00,493.30,494.50,246164
2-Oct-13,499.20,499.30,493.20,498.30,448783
1-Oct-13,491.90,501.00,491.90,500.00,397858
30-Sep-13,490.00,493.90,484.10,492.30,841009
27-Sep-13,494.00,501.50,489.40,490.20,629604
26-Sep-13,491.40,493.30,483.60,484.80,316267
25-Sep-13,486.60,491.70,484.70,489.20,380622
24-Sep-13,487.60,490.60,483.50,488.20,597717
20-Sep-13,493.90,497.30,492.30,493.10,615878
19-Sep-13,500.00,503.50,492.70,493.70,500529
18-Sep-13,497.60,498.90,490.80,492.70,485286
17-Sep-13,502.00,502.00,495.70,496.00,423082
16-Sep-13,505.00,505.00,501.50,501.50,458154
13-Sep-13,507.50,509.00,499.70,501.00,700543
12-Sep-13,502.00,507.00,493.00,501.50,565362
11-Sep-13,496.10,505.50,496.10,502.50,601924
10-Sep-13,480.00,496.20,480.00,496.00,761945
9-Sep-13,481.30,483.30,477.20,479.80,378975
6-Sep-13,476.20,486.90,473.70,480.60,541700
5-Sep-13,471.50,482.20,471.20,478.20,712267
4-Sep-13,461.90,468.10,455.90,468.10,400122
3-Sep-13,454.60,468.60,454.60,465.00,624572
2-Sep-13,464.80,465.10,456.30,459.00,694680
30-Aug-13,464.80,468.60,459.40,462.90,875829
29-Aug-13,456.50,465.00,456.50,463.50,694516
28-Aug-13,464.50,464.50,450.00,455.40,1110480
27-Aug-13,470.10,471.70,466.30,467.80,916584
23-Aug-13,470.40,472.50,468.00,471.20,340908
22-Aug-13,465.50,472.50,465.50,468.00,747652
21-Aug-13,467.40,469.20,463.80,466.80,739407
20-Aug-13,459.60,465.50,457.40,464.90,697843
19-Aug-13,460.60,463.20,458.00,461.70,499181
16-Aug-13,457.90,462.10,452.30,460.00,655905
15-Aug-13,465.90,468.50,455.70,458.40,740262
14-Aug-13,449.30,465.90,449.20,463.20,704658
13-Aug-13,467.00,471.00,442.90,450.20,1689662
12-Aug-13,472.40,473.90,466.70,469.00,631687
9-Aug-13,475.50,476.50,470.50,471.90,708103
8-Aug-13,463.10,474.40,463.10,474.40,594787
7-Aug-13,462.60,469.60,458.90,462.20,519293
6-Aug-13,457.90,465.00,457.90,462.20,767035
5-Aug-13,459.20,461.40,458.70,458.00,518028
2-Aug-13,453.20,462.00,452.40,458.00,663486
1-Aug-13,447.50,454.60,447.10,453.40,819683
31-Jul-13,435.00,448.00,435.00,418.84,633530
30-Jul-13,433.00,439.20,432.20,438.10,216748
29-Jul-13,434.60,435.70,429.30,432.40,287750
26-Jul-13,440.50,441.10,431.60,432.60,473904
25-Jul-13,436.20,442.80,434.80,440.50,679202
24-Jul-13,431.30,438.30,427.70,438.30,497090
23-Jul-13,434.90,434.90,428.70,431.80,505100
22-Jul-13,425.00,435.00,425.00,434.90,501581
19-Jul-13,420.40,433.10,420.30,432.00,768305
18-Jul-13,422.50,424.50,417.00,422.00,1056449
17-Jul-13,421.70,427.00,421.10,423.40,755726
16-Jul-13,435.80,442.30,425.00,425.00,1401527
15-Jul-13,423.90,433.70,423.70,430.00,1334903
12-Jul-13,417.60,426.30,417.20,422.00,710424
11-Jul-13,416.00,423.20,414.20,417.50,887815
10-Jul-13,408.70,412.70,402.00,411.00,686182
9-Jul-13,404.20,414.50,402.40,410.50,719661
8-Jul-13,391.90,403.50,390.90,400.10,760158
5-Jul-13,395.50,399.20,388.80,388.80,716965
4-Jul-13,384.40,398.30,383.10,396.00,721889
3-Jul-13,382.40,383.50,372.90,380.10,1187854
2-Jul-13,389.40,390.70,384.10,384.60,410910
1-Jul-13,373.90,388.60,372.00,388.60,746126
28-Jun-13,374.00,375.90,368.70,371.00,721453
27-Jun-13,369.40,374.90,369.00,372.90,485335
26-Jun-13,373.50,374.20,369.50,371.20,549274
25-Jun-13,367.90,371.20,366.30,370.60,778843
24-Jun-13,369.40,369.40,363.10,366.20,783402
21-Jun-13,368.60,375.00,368.20,369.90,1398992
20-Jun-13,373.90,375.60,367.30,369.40,452981
19-Jun-13,375.80,378.70,373.40,378.00,723030
18-Jun-13,380.40,382.50,372.70,374.80,634247
17-Jun-13,379.60,383.30,377.60,380.90,485143
14-Jun-13,379.30,381.70,374.60,377.80,462994
13-Jun-13,371.30,377.00,367.60,376.80,427889
12-Jun-13,372.70,378.90,372.70,375.90,583934
11-Jun-13,380.60,380.80,371.00,373.10,761346
10-Jun-13,385.70,385.70,377.50,381.50,633601
7-Jun-13,377.00,385.30,369.10,384.50,646234
6-Jun-13,379.90,381.60,377.30,377.40,598460
5-Jun-13,380.00,383.30,379.30,380.00,663898
4-Jun-13,381.30,383.60,380.90,381.70,542800
3-Jun-13,380.90,383.30,379.60,381.20,511159
31-May-13,384.80,387.20,380.00,384.80,808567
30-May-13,378.00,385.70,376.80,385.50,411926
29-May-13,379.70,383.50,378.80,379.30,397762
28-May-13,370.10,384.90,370.10,383.00,817618
24-May-13,375.90,382.40,375.60,376.60,535878
23-May-13,383.90,390.80,378.30,380.10,896688
22-May-13,391.90,395.80,387.60,390.80,535106
21-May-13,392.30,400.80,392.30,397.40,522079
20-May-13,390.50,393.50,390.30,393.40,280342
17-May-13,393.10,397.40,391.70,393.10,377484
16-May-13,390.70,395.90,390.30,394.40,343806
15-May-13,392.10,397.06,390.10,393.60,370391
14-May-13,391.50,395.30,389.20,392.80,576598
13-May-13,383.60,393.30,382.70,390.30,545454
10-May-13,384.70,385.60,381.60,384.10,441901
9-May-13,380.10,385.40,376.10,385.20,610140
8-May-13,379.30,382.00,378.20,380.00,742694
7-May-13,378.80,382.30,376.60,378.80,512284
3-May-13,368.00,380.80,366.80,378.50,657806
2-May-13,373.70,373.70,363.60,366.80,903894
1-May-13,375.50,375.60,368.40,374.00,357341
30-Apr-13,376.70,377.80,369.40,372.60,1480661
29-Apr-13,375.30,377.70,372.70,374.90,1173983
26-Apr-13,371.80,373.30,367.50,372.30,652204
25-Apr-13,369.40,376.80,368.40,371.20,1242302
24-Apr-13,369.10,373.30,366.20,369.00,1303642
23-Apr-13,358.60,374.80,356.90,368.90,2236984
22-Apr-13,357.30,361.00,354.40,358.60,1222248
19-Apr-13,358.60,362.30,353.30,356.00,1883416
18-Apr-13,362.50,364.60,356.00,357.00,2602318
17-Apr-13,374.90,376.00,362.10,362.40,1953596
16-Apr-13,386.00,388.00,365.70,377.40,3820860
15-Apr-13,404.10,406.40,393.10,397.30,690978
12-Apr-13,408.00,408.00,402.40,405.00,909074
11-Apr-13,401.50,409.50,401.40,408.00,1051952
10-Apr-13,390.00,401.00,389.00,400.20,569715
9-Apr-13,404.80,404.80,385.20,388.00,1272135
8-Apr-13,404.00,408.70,400.50,402.70,684276
5-Apr-13,414.10,414.10,400.60,401.50,951924
4-Apr-13,414.30,419.10,412.10,413.60,715879
3-Apr-13,418.40,421.80,413.90,414.00,768808
2-Apr-13,420.00,426.00,413.50,419.50,687446
28-Mar-13,415.00,423.80,414.50,421.80,824399
27-Mar-13,426.60,431.70,415.80,415.80,675861
26-Mar-13,427.70,432.00,427.00,427.50,707102
25-Mar-13,426.60,432.40,425.80,427.20,717410
22-Mar-13,426.00,430.00,423.00,423.80,587960
21-Mar-13,443.90,444.00,426.60,429.05,908863
20-Mar-13,445.00,446.00,441.60,444.30,593572
19-Mar-13,441.00,445.20,439.80,444.20,1200914
18-Mar-13,441.40,444.40,436.90,443.00,745649
15-Mar-13,447.00,453.10,445.10,449.10,969022
14-Mar-13,443.80,446.60,441.80,446.40,978977
13-Mar-13,443.40,444.90,439.20,443.40,1133723
12-Mar-13,440.80,447.10,436.80,444.60,1006747
11-Mar-13,447.30,447.50,433.00,442.10,2080295
8-Mar-13,452.30,455.20,450.20,451.80,538792
7-Mar-13,450.70,452.30,445.70,447.50,656435
6-Mar-13,452.70,455.00,445.50,447.00,1020590
5-Mar-13,442.50,465.10,442.50,448.90,1912131
4-Mar-13,431.70,442.50,427.90,437.40,906397
1-Mar-13,429.00,441.70,426.60,437.60,1084400
28-Feb-13,428.00,429.90,424.20,429.30,806829
27-Feb-13,424.80,426.90,421.30,426.40,673942
26-Feb-13,424.30,431.30,421.40,424.00,824900
25-Feb-13,433.30,434.90,428.90,432.00,624796
22-Feb-13,417.00,432.10,414.50,430.20,918174
21-Feb-13,419.20,419.60,413.10,415.80,544830
20-Feb-13,415.40,422.04,412.70,421.19,819315
19-Feb-13,412.90,418.30,411.00,415.00,401707
18-Feb-13,412.40,413.70,410.00,411.80,405589
15-Feb-13,409.00,415.40,407.00,412.10,568006
14-Feb-13,412.90,416.80,408.70,409.10,695169
13-Feb-13,412.90,417.00,411.30,415.00,425461
12-Feb-13,412.00,414.80,408.60,412.60,759400
11-Feb-13,417.30,419.00,411.30,412.80,380533
8-Feb-13,416.90,419.40,415.30,417.60,330400
7-Feb-13,423.70,426.70,415.20,415.20,494247
6-Feb-13,413.80,423.20,413.20,423.00,631519
5-Feb-13,409.40,416.80,406.90,412.30,506908
4-Feb-13,415.40,415.40,409.60,410.90,490131
1-Feb-13,407.20,419.40,407.20,417.80,433905
31-Jan-13,411.50,413.10,405.90,407.20,713491
30-Jan-13,408.00,414.10,405.10,412.80,548093
29-Jan-13,409.70,410.30,401.00,408.80,365524
28-Jan-13,410.70,412.00,407.60,409.50,360312
25-Jan-13,409.10,412.90,407.30,410.70,316811
24-Jan-13,408.90,412.00,407.30,409.50,415530
23-Jan-13,407.90,416.90,406.90,406.90,969542
22-Jan-13,402.50,405.60,401.40,404.00,643075
21-Jan-13,403.60,405.70,403.00,404.60,377990
18-Jan-13,405.00,406.90,402.50,403.00,612889
17-Jan-13,403.10,405.33,401.75,403.00,469493
16-Jan-13,404.30,409.10,400.00,404.30,482049
15-Jan-13,405.90,409.00,402.86,405.00,1023275
14-Jan-13,406.00,406.80,399.10,402.80,959689
11-Jan-13,408.50,410.10,401.80,404.60,729676
10-Jan-13,401.00,410.50,400.60,408.00,1108771
9-Jan-13,400.60,402.00,399.00,401.90,1067494
8-Jan-13,413.90,413.90,387.40,398.80,1538548
7-Jan-13,419.10,419.70,414.30,414.70,514494
4-Jan-13,416.50,420.00,410.70,420.00,341258
3-Jan-13,412.60,416.90,410.50,416.80,420679
2-Jan-13,401.70,413.80,398.00,411.30,979408
