31-Dec-15,868.00,873.00,856.50,861.00,280999
30-Dec-15,873.00,879.50,869.00,871.00,239600
29-Dec-15,865.50,875.50,850.00,873.00,349548
24-Dec-15,865.00,866.50,858.86,863.00,55926
23-Dec-15,844.50,863.50,844.00,860.00,308570
22-Dec-15,844.50,848.65,835.00,839.00,464208
21-Dec-15,841.00,859.00,836.00,842.50,667727
18-Dec-15,843.50,859.50,839.50,839.50,1266231
16-Dec-15,826.50,842.50,826.50,840.00,652674
15-Dec-15,830.00,835.50,821.00,831.00,568662
14-Dec-15,833.00,837.75,819.50,826.50,716891
11-Dec-15,838.50,843.50,824.00,829.00,583714
10-Dec-15,835.00,836.99,819.97,834.00,579723
9-Dec-15,841.50,843.50,833.50,838.00,609577
8-Dec-15,840.50,843.00,831.50,835.50,492534
7-Dec-15,850.00,851.50,839.00,843.00,692579
4-Dec-15,849.00,851.93,844.70,848.50,618223
3-Dec-15,865.50,865.50,852.50,854.00,835458
2-Dec-15,884.00,884.00,861.00,865.00,955649
1-Dec-15,872.50,886.00,867.50,878.00,983832
30-Nov-15,865.00,878.50,858.33,873.00,1171441
27-Nov-15,858.00,884.00,846.38,883.00,768974
26-Nov-15,825.00,837.50,822.50,837.00,493338
25-Nov-15,818.50,825.88,813.48,820.50,606865
24-Nov-15,832.00,832.00,811.00,814.50,556012
23-Nov-15,833.00,835.06,829.00,832.00,386964
20-Nov-15,829.50,839.50,827.00,838.50,555761
19-Nov-15,822.00,828.00,820.00,827.50,446785
18-Nov-15,808.50,822.50,807.50,822.50,766150
17-Nov-15,804.50,815.03,803.08,812.50,435626
16-Nov-15,789.50,801.34,786.98,800.00,441519
13-Nov-15,785.00,797.00,783.50,795.50,593615
12-Nov-15,785.00,799.00,781.54,788.00,462545
11-Nov-15,793.00,803.00,785.00,788.00,489640
10-Nov-15,791.00,795.50,783.50,788.25,441743
9-Nov-15,803.00,814.00,785.50,790.00,899460
6-Nov-15,806.00,813.50,790.00,797.50,922874
5-Nov-15,820.00,820.50,803.50,806.00,692935
4-Nov-15,806.50,819.50,802.00,817.00,686698
3-Nov-15,816.00,816.00,805.50,806.00,389903
2-Nov-15,810.00,822.00,804.56,814.50,358538
30-Oct-15,812.50,818.00,808.00,811.00,496802
29-Oct-15,817.00,820.25,808.50,813.00,335660
28-Oct-15,812.00,824.00,810.85,818.00,515273
27-Oct-15,823.00,823.00,812.00,812.00,548746
26-Oct-15,823.00,828.50,812.50,822.50,547931
23-Oct-15,822.50,830.50,817.00,824.00,522950
22-Oct-15,818.50,821.50,813.00,820.00,600400
21-Oct-15,828.50,831.00,818.00,824.00,479782
20-Oct-15,823.50,832.00,822.50,830.00,428337
19-Oct-15,817.50,825.50,812.00,824.50,466648
16-Oct-15,819.00,826.88,813.00,819.50,467567
15-Oct-15,812.50,818.38,804.23,816.50,311301
14-Oct-15,811.50,819.00,803.00,805.50,553596
13-Oct-15,815.00,817.00,806.50,814.50,687351
12-Oct-15,816.00,816.65,804.50,809.50,389596
9-Oct-15,821.00,825.50,812.00,813.00,663406
8-Oct-15,801.50,817.00,797.00,813.50,529765
7-Oct-15,803.00,806.50,796.00,800.00,733357
6-Oct-15,809.50,809.50,800.36,803.00,391129
5-Oct-15,814.00,823.50,799.00,805.00,671021
2-Oct-15,786.50,797.63,785.50,795.00,650462
1-Oct-15,780.50,804.00,780.00,782.00,883985
30-Sep-15,779.00,783.50,770.00,777.00,1250694
29-Sep-15,748.00,769.50,748.00,761.00,1212667
28-Sep-15,741.50,751.50,739.00,747.50,699935
25-Sep-15,730.50,757.00,727.00,747.00,976947
24-Sep-15,719.00,721.63,717.50,720.00,703726
23-Sep-15,713.00,721.50,712.00,719.00,605979
22-Sep-15,729.50,729.50,712.50,713.00,1059116
21-Sep-15,727.50,733.00,724.50,728.00,938034
18-Sep-15,731.50,737.00,728.00,730.00,1102789
17-Sep-15,731.50,737.00,727.50,731.00,646110
16-Sep-15,731.00,736.50,725.50,732.00,689942
15-Sep-15,719.50,730.00,711.90,726.00,628828
14-Sep-15,727.00,734.88,720.00,721.50,593801
11-Sep-15,746.00,746.00,726.00,726.50,712609
10-Sep-15,745.00,754.00,741.00,741.50,578945
9-Sep-15,757.00,757.19,747.00,749.50,640788
8-Sep-15,756.50,764.40,745.00,746.50,813040
7-Sep-15,744.00,756.88,742.50,751.00,446481
4-Sep-15,744.00,750.50,737.00,737.00,575487
3-Sep-15,759.00,759.00,747.50,752.50,602504
2-Sep-15,749.50,757.00,743.00,749.00,735462
1-Sep-15,764.00,766.00,743.00,746.50,1249360
28-Aug-15,738.00,775.00,738.00,770.50,1435732
27-Aug-15,736.50,736.50,725.50,730.50,1157673
26-Aug-15,729.50,736.50,721.90,722.50,840365
25-Aug-15,722.50,741.50,719.26,736.50,891649
24-Aug-15,742.00,744.50,714.50,715.00,1382594
21-Aug-15,776.50,779.56,756.00,756.00,1403107
20-Aug-15,781.50,787.00,779.00,781.50,593073
19-Aug-15,788.00,793.80,786.00,786.00,462931
18-Aug-15,792.50,795.50,787.00,791.00,437368
17-Aug-15,790.00,794.00,787.00,791.50,318947
14-Aug-15,787.50,790.00,785.00,787.50,343228
13-Aug-15,796.00,802.63,788.50,789.00,562232
12-Aug-15,799.50,801.52,788.00,790.00,862079
11-Aug-15,801.00,803.50,797.50,801.50,620478
10-Aug-15,805.50,805.50,794.50,802.50,458151
7-Aug-15,802.50,805.00,787.00,798.00,526200
6-Aug-15,799.50,804.00,773.06,801.00,567566
5-Aug-15,819.50,820.00,810.50,820.00,670924
4-Aug-15,817.50,820.00,810.50,817.50,340011
3-Aug-15,819.50,823.00,813.00,814.50,605116
31-Jul-15,811.00,817.00,804.00,815.50,662948
30-Jul-15,814.00,814.00,803.50,807.00,704257
29-Jul-15,801.50,809.00,799.63,804.50,627270
28-Jul-15,792.00,802.00,789.50,799.50,1078372
27-Jul-15,789.00,798.50,788.50,789.00,627547
24-Jul-15,808.00,811.00,790.00,791.00,943409
23-Jul-15,808.00,813.50,801.50,808.00,714312
22-Jul-15,805.50,808.00,802.00,803.00,347602
21-Jul-15,806.50,816.28,805.00,808.50,521080
20-Jul-15,808.50,811.50,803.82,804.00,319258
17-Jul-15,806.00,811.03,803.00,806.50,439565
16-Jul-15,814.50,817.64,805.00,806.00,607992
15-Jul-15,805.00,815.00,805.00,813.50,575117
14-Jul-15,809.00,811.50,803.50,809.00,586145
13-Jul-15,815.00,818.60,804.92,809.50,810389
10-Jul-15,811.00,811.00,802.00,809.50,650569
9-Jul-15,796.00,808.50,796.00,801.50,811195
8-Jul-15,797.00,805.00,795.50,797.50,805230
7-Jul-15,800.50,806.50,796.50,796.50,547337
6-Jul-15,800.00,815.50,797.00,801.50,829508
3-Jul-15,822.00,824.88,807.50,810.00,383461
2-Jul-15,819.50,827.00,819.00,822.50,661109
1-Jul-15,815.50,822.17,815.50,816.00,638247
30-Jun-15,820.50,825.00,810.50,810.50,1080714
29-Jun-15,816.50,830.50,810.50,821.50,611964
26-Jun-15,837.50,840.00,834.50,835.50,515886
25-Jun-15,850.50,851.00,834.50,838.00,890738
24-Jun-15,849.50,856.00,843.00,854.50,592714
23-Jun-15,857.00,861.16,847.50,847.50,598575
22-Jun-15,836.00,854.00,835.34,853.50,860775
19-Jun-15,829.50,837.25,819.50,820.50,1801597
18-Jun-15,828.50,829.50,820.50,829.00,547582
17-Jun-15,822.50,830.45,822.00,826.50,548205
16-Jun-15,828.00,832.00,820.29,828.50,448563
15-Jun-15,836.00,836.00,827.00,827.50,411360
12-Jun-15,838.50,841.50,833.50,840.00,517526
11-Jun-15,839.50,845.50,835.50,842.00,640311
10-Jun-15,837.00,844.00,833.00,842.50,680627
9-Jun-15,833.50,841.00,833.00,837.00,822339
8-Jun-15,822.50,838.73,820.50,836.00,617137
5-Jun-15,835.00,836.00,824.50,824.50,554422
4-Jun-15,840.00,844.84,832.68,834.50,647170
3-Jun-15,842.50,849.00,837.00,839.00,719035
2-Jun-15,855.00,855.88,840.50,841.50,498334
1-Jun-15,858.00,861.50,848.00,850.00,702944
29-May-15,858.00,861.50,851.50,853.50,860229
28-May-15,853.50,858.50,853.00,856.00,660815
27-May-15,849.00,855.00,849.00,854.00,769941
26-May-15,861.00,886.69,847.00,849.00,582072
22-May-15,860.00,864.35,857.00,860.50,564897
21-May-15,878.00,878.50,858.50,861.00,1043225
20-May-15,855.00,883.50,855.00,879.00,711066
19-May-15,868.00,883.00,868.00,879.50,581901
18-May-15,869.50,873.50,864.33,869.00,669206
15-May-15,866.50,873.50,862.50,867.00,879457
14-May-15,868.50,869.50,861.00,864.50,581666
13-May-15,869.50,871.00,864.00,866.00,828304
12-May-15,870.50,871.00,858.00,866.50,1244551
11-May-15,888.00,891.69,873.50,876.00,939954
8-May-15,890.00,898.00,871.00,884.50,1726062
7-May-15,846.00,854.00,835.50,853.50,872266
6-May-15,839.50,846.50,839.00,845.00,1010628
5-May-15,855.00,858.50,840.00,840.00,925959
1-May-15,855.00,861.32,845.50,848.00,381123
30-Apr-15,861.50,863.00,854.00,858.00,771779
29-Apr-15,879.00,880.00,857.00,857.50,946420
28-Apr-15,878.00,878.00,869.00,875.50,683144
27-Apr-15,882.50,882.50,869.00,874.00,497072
24-Apr-15,866.50,880.13,864.00,879.00,813823
23-Apr-15,852.00,864.50,852.00,864.00,940215
22-Apr-15,859.00,864.50,849.00,854.00,549006
21-Apr-15,856.00,865.08,854.00,860.50,565544
20-Apr-15,844.50,856.00,844.50,853.50,592259
17-Apr-15,845.00,860.50,841.00,846.50,1472433
16-Apr-15,838.00,843.00,829.50,835.50,959995
15-Apr-15,838.50,841.00,829.50,841.00,554136
14-Apr-15,843.00,847.50,835.00,837.50,775136
13-Apr-15,837.50,842.50,835.50,841.50,639555
10-Apr-15,839.50,843.64,833.50,838.50,654473
9-Apr-15,837.50,839.50,832.00,836.00,426671
8-Apr-15,828.00,836.64,821.00,833.00,784149
7-Apr-15,821.00,831.50,818.50,828.50,803115
2-Apr-15,820.00,827.00,808.50,815.00,708638
1-Apr-15,826.00,829.00,815.00,819.00,1444966
31-Mar-15,832.00,841.00,825.50,826.00,912868
30-Mar-15,844.00,852.50,828.00,833.50,698926
27-Mar-15,839.00,847.50,836.00,845.00,914754
26-Mar-15,841.00,844.50,831.50,838.50,735524
25-Mar-15,841.50,848.50,836.50,841.00,900941
24-Mar-15,848.00,852.00,845.00,845.00,816962
23-Mar-15,830.50,855.00,830.50,849.50,1497691
20-Mar-15,832.00,842.50,830.50,830.50,5125141
19-Mar-15,816.50,828.50,816.50,827.50,931806
18-Mar-15,815.00,819.50,810.50,815.50,840189
17-Mar-15,800.00,817.50,796.11,817.00,940549
16-Mar-15,801.00,807.00,801.00,803.50,654789
13-Mar-15,803.50,808.00,800.00,803.00,608983
12-Mar-15,803.00,810.38,802.00,805.00,550593
11-Mar-15,798.50,812.00,793.50,805.50,1066521
10-Mar-15,826.00,831.50,800.00,801.50,941045
9-Mar-15,809.50,827.00,809.00,826.00,858144
6-Mar-15,835.00,835.00,808.50,811.00,942196
5-Mar-15,838.50,838.50,824.68,833.00,733840
4-Mar-15,833.50,833.50,821.00,832.50,783665
3-Mar-15,845.00,845.00,825.50,828.00,1048350
2-Mar-15,851.50,853.50,838.50,841.50,798104
27-Feb-15,856.00,860.50,849.00,850.50,949012
26-Feb-15,875.00,875.00,856.00,857.00,788784
25-Feb-15,870.00,875.00,866.00,871.00,699643
24-Feb-15,864.50,873.00,861.00,870.00,631831
23-Feb-15,858.00,862.00,851.00,862.00,484957
20-Feb-15,853.00,854.50,844.00,853.00,704944
19-Feb-15,841.50,853.00,840.50,853.00,803512
18-Feb-15,855.50,859.50,838.50,844.50,998668
17-Feb-15,827.00,854.50,827.00,852.50,1231978
16-Feb-15,842.00,842.33,830.00,832.50,477545
13-Feb-15,850.00,850.00,836.50,839.50,1044645
12-Feb-15,846.00,850.50,842.00,845.50,872039
11-Feb-15,825.50,854.00,825.50,850.00,1477520
10-Feb-15,833.50,833.50,823.50,828.00,1127314
9-Feb-15,846.00,846.00,825.21,830.50,972611
6-Feb-15,854.00,857.00,844.50,848.00,872064
5-Feb-15,858.50,867.00,849.00,852.50,865849
4-Feb-15,865.50,866.00,841.00,860.00,1493165
3-Feb-15,873.00,873.00,851.50,863.00,922311
2-Feb-15,894.50,895.93,856.50,866.00,1143157
30-Jan-15,910.50,910.50,880.50,888.50,960952
29-Jan-15,902.50,908.50,893.00,904.50,1049204
28-Jan-15,909.50,919.50,904.00,915.00,785423
27-Jan-15,902.00,907.50,899.00,905.00,675829
26-Jan-15,906.50,909.35,898.50,905.00,642755
23-Jan-15,900.00,912.00,898.50,912.00,676333
22-Jan-15,892.00,903.50,878.00,901.00,1073239
21-Jan-15,906.00,910.00,899.50,909.00,573055
20-Jan-15,903.50,909.50,899.50,901.00,838905
19-Jan-15,895.00,906.00,890.00,902.00,727940
16-Jan-15,893.50,897.26,885.00,891.50,915019
15-Jan-15,900.00,900.50,884.00,893.50,1852724
14-Jan-15,911.00,912.00,897.50,899.50,986100
13-Jan-15,916.50,919.50,909.00,912.00,1174535
12-Jan-15,912.50,916.00,909.00,912.50,910680
9-Jan-15,913.50,918.50,910.00,912.00,953566
8-Jan-15,922.50,922.50,910.50,912.00,1106719
7-Jan-15,908.00,917.00,902.00,912.00,673994
6-Jan-15,913.50,916.00,901.66,904.00,1019728
5-Jan-15,909.00,924.50,907.00,908.00,535679
31-Dec-14,907.50,920.00,907.50,919.50,124150
30-Dec-14,919.00,925.00,906.00,914.00,395066
29-Dec-14,900.50,922.50,900.50,919.50,306435
24-Dec-14,923.50,923.50,895.95,919.00,35417
23-Dec-14,914.50,921.50,912.50,917.00,395428
22-Dec-14,909.00,921.00,900.00,917.00,508651
19-Dec-14,902.00,913.00,899.00,904.50,1376572
18-Dec-14,910.00,910.00,892.05,901.50,834071
17-Dec-14,892.50,903.00,881.00,901.00,1020975
16-Dec-14,877.00,894.50,872.00,894.50,1097640
15-Dec-14,865.00,878.00,860.03,868.00,773389
12-Dec-14,866.00,873.00,858.00,865.50,677687
11-Dec-14,881.00,886.50,872.00,874.00,661385
10-Dec-14,884.50,889.50,877.50,879.00,723138
9-Dec-14,896.50,901.00,881.50,883.00,612797
8-Dec-14,900.50,903.50,897.50,900.00,794967
5-Dec-14,896.00,913.00,894.50,903.00,916621
4-Dec-14,910.00,910.00,896.50,897.50,913793
3-Dec-14,902.50,910.50,902.05,905.00,538478
2-Dec-14,904.50,908.50,899.50,904.00,805778
1-Dec-14,899.00,905.00,893.00,904.00,1163809
28-Nov-14,848.50,901.50,848.50,894.50,1742392
27-Nov-14,844.50,851.00,840.00,847.00,662328
26-Nov-14,842.00,851.00,842.00,846.50,782315
25-Nov-14,841.50,848.50,836.00,839.00,711401
24-Nov-14,843.50,845.00,838.00,840.00,664255
21-Nov-14,850.50,854.00,837.50,841.50,599960
20-Nov-14,844.00,852.00,842.50,849.50,652641
19-Nov-14,837.00,847.50,837.00,846.50,811273
18-Nov-14,839.50,847.50,835.00,838.00,837814
17-Nov-14,850.00,854.00,846.50,848.00,559157
14-Nov-14,856.00,858.15,852.00,854.50,601541
13-Nov-14,862.00,870.03,853.00,855.00,662386
12-Nov-14,851.50,861.00,849.00,861.00,579392
11-Nov-14,850.00,859.00,846.00,853.50,517651
10-Nov-14,838.00,850.00,834.50,850.00,517905
7-Nov-14,835.50,837.50,828.00,837.50,533509
6-Nov-14,837.50,841.50,832.00,833.00,567244
5-Nov-14,839.00,841.00,833.80,839.00,456429
4-Nov-14,834.50,838.50,826.73,830.00,701990
3-Nov-14,833.50,833.50,826.50,833.00,735568
31-Oct-14,829.50,838.50,827.21,833.50,822835
30-Oct-14,818.00,820.50,811.50,820.50,482595
29-Oct-14,812.00,821.00,811.00,812.50,316206
28-Oct-14,803.00,811.50,803.00,811.00,327183
27-Oct-14,801.50,808.00,797.50,800.50,404959
24-Oct-14,801.50,807.50,799.50,802.50,578074
23-Oct-14,798.50,801.00,792.50,801.00,615621
22-Oct-14,792.50,798.00,786.50,798.00,463100
21-Oct-14,779.00,793.00,775.50,792.00,722162
20-Oct-14,773.00,778.50,766.05,777.00,523120
17-Oct-14,765.00,776.00,765.00,775.00,660929
16-Oct-14,761.50,766.50,745.30,765.00,1084146
15-Oct-14,775.50,778.50,760.50,761.50,1594632
14-Oct-14,764.00,777.50,760.00,777.50,841737
13-Oct-14,763.00,768.50,761.52,765.50,472322
10-Oct-14,764.50,772.00,762.00,767.50,478786
9-Oct-14,778.50,782.52,768.00,771.00,449676
8-Oct-14,772.50,777.50,767.00,774.00,371241
7-Oct-14,779.50,780.50,772.00,773.50,399323
6-Oct-14,791.00,791.00,781.50,782.00,305545
3-Oct-14,775.00,789.50,770.50,785.00,499016
2-Oct-14,785.50,785.50,769.00,769.00,923101
1-Oct-14,790.50,792.50,783.00,785.25,701252
30-Sep-14,799.50,800.00,788.50,791.00,563392
29-Sep-14,788.00,795.50,783.50,794.50,376390
26-Sep-14,788.50,794.00,784.50,787.50,654991
25-Sep-14,784.50,792.55,782.26,788.00,856474
24-Sep-14,770.00,785.00,767.00,784.50,614323
23-Sep-14,781.00,781.00,765.00,769.50,948866
22-Sep-14,776.50,780.00,774.50,780.00,875729
19-Sep-14,804.50,809.00,783.38,783.50,1921007
18-Sep-14,795.00,801.14,791.50,796.50,622426
17-Sep-14,807.50,807.50,794.50,796.00,354818
16-Sep-14,800.50,809.00,799.50,803.00,654309
15-Sep-14,805.00,811.50,795.00,801.00,604751
12-Sep-14,809.00,817.00,807.50,811.50,540665
11-Sep-14,814.50,814.64,806.00,810.50,494670
10-Sep-14,803.50,812.50,799.65,811.00,532112
9-Sep-14,812.00,812.00,799.50,804.00,562754
8-Sep-14,825.00,825.00,809.50,815.50,353632
5-Sep-14,824.50,827.50,819.25,823.50,354978
4-Sep-14,819.50,827.50,819.50,826.50,553031
3-Sep-14,814.50,825.00,814.50,820.50,524192
2-Sep-14,808.50,816.50,808.50,814.50,544986
1-Sep-14,811.50,814.50,808.00,811.50,252676
29-Aug-14,806.00,813.50,801.00,813.50,624821
28-Aug-14,810.00,814.00,804.50,806.50,443892
27-Aug-14,816.00,818.31,807.50,810.00,692636
26-Aug-14,819.50,824.62,812.50,821.50,555808
22-Aug-14,817.50,817.50,808.00,811.50,318060
21-Aug-14,811.50,818.50,804.56,815.50,473152
20-Aug-14,805.00,810.00,801.59,809.50,310314
19-Aug-14,800.00,808.50,794.50,803.50,383967
18-Aug-14,799.50,803.50,792.50,796.50,299158
15-Aug-14,796.00,802.50,794.00,796.00,502308
14-Aug-14,784.50,796.50,782.50,796.00,427015
13-Aug-14,796.00,798.00,783.18,786.00,638293
12-Aug-14,788.00,790.00,780.50,789.00,359541
11-Aug-14,788.50,791.31,783.00,785.50,429633
8-Aug-14,781.00,788.50,779.00,786.00,646476
7-Aug-14,786.00,791.00,780.72,787.00,536416
6-Aug-14,788.00,790.50,781.00,785.50,639691
5-Aug-14,802.50,815.00,800.50,810.00,622669
4-Aug-14,803.00,809.00,794.50,802.50,726364
1-Aug-14,813.00,813.50,801.50,802.00,741671
31-Jul-14,818.00,820.00,812.50,815.00,604556
30-Jul-14,813.50,819.00,812.50,815.50,564652
29-Jul-14,812.00,815.50,809.55,812.50,435520
28-Jul-14,810.00,811.50,804.00,811.00,395793
25-Jul-14,810.50,812.00,803.50,807.00,450752
24-Jul-14,807.00,809.50,800.50,809.50,469353
23-Jul-14,800.00,808.00,797.55,805.50,474192
22-Jul-14,805.50,806.50,799.00,800.50,481868
21-Jul-14,800.00,802.00,795.80,801.50,476236
18-Jul-14,790.00,799.00,784.50,799.00,332666
17-Jul-14,794.50,795.50,785.50,790.50,502465
16-Jul-14,793.50,800.00,790.00,794.50,559988
15-Jul-14,796.50,798.89,789.00,790.00,502992
14-Jul-14,799.50,803.80,793.00,795.00,414436
11-Jul-14,802.00,804.00,794.48,798.50,381258
10-Jul-14,799.00,803.00,795.00,795.50,732777
9-Jul-14,812.50,813.12,792.76,799.00,1085989
8-Jul-14,812.50,813.50,804.50,809.50,802125
7-Jul-14,810.00,813.50,806.00,810.00,509493
4-Jul-14,809.00,810.50,803.00,810.00,372917
3-Jul-14,798.50,808.00,794.80,806.50,814418
2-Jul-14,804.00,805.89,798.00,798.00,421732
1-Jul-14,788.00,804.00,783.50,803.00,501899
30-Jun-14,782.00,788.90,782.00,785.00,502674
27-Jun-14,780.00,783.50,775.50,782.50,266600
26-Jun-14,773.50,780.00,768.95,779.00,474699
25-Jun-14,770.50,771.50,763.00,770.50,392421
24-Jun-14,777.00,779.00,767.50,773.50,405866
23-Jun-14,778.00,780.50,773.00,776.00,348832
20-Jun-14,768.50,782.00,764.50,778.00,827906
19-Jun-14,773.00,773.00,767.00,769.50,424397
18-Jun-14,760.50,767.50,754.50,766.00,471957
17-Jun-14,769.50,770.50,752.50,758.00,845318
16-Jun-14,765.50,769.75,751.00,766.00,743720
13-Jun-14,778.50,779.00,761.50,765.00,664041
12-Jun-14,779.00,784.50,774.50,776.50,300076
11-Jun-14,783.50,785.50,772.64,779.50,346780
10-Jun-14,782.50,787.00,774.50,783.50,369080
9-Jun-14,786.50,788.00,778.00,780.00,239231
6-Jun-14,782.00,783.50,775.00,783.50,385701
5-Jun-14,772.00,784.00,771.73,775.54,842627
4-Jun-14,760.00,771.00,758.00,770.04,621658
3-Jun-14,785.00,785.00,749.00,759.96,1228211
2-Jun-14,784.50,790.69,782.00,783.46,533019
30-May-14,780.00,787.00,779.00,783.96,740269
29-May-14,783.50,788.00,779.88,781.50,365206
28-May-14,776.50,784.50,771.00,784.46,365400
27-May-14,774.00,781.00,770.50,775.46,367709
23-May-14,777.00,777.00,767.50,775.46,345393
22-May-14,769.50,781.00,764.99,775.46,562735
21-May-14,770.00,778.00,764.50,769.96,589032
20-May-14,776.00,777.00,766.14,768.50,475278
19-May-14,759.50,773.00,759.50,772.00,772295
16-May-14,755.50,763.00,749.94,757.50,632842
15-May-14,759.00,765.00,755.00,758.00,561739
14-May-14,754.50,759.50,753.50,757.50,268867
13-May-14,756.50,760.00,749.00,755.50,360772
12-May-14,756.00,761.50,751.50,754.00,366935
9-May-14,756.50,757.81,749.00,753.00,311262
8-May-14,756.00,760.00,752.50,756.00,313380
7-May-14,756.50,759.50,749.00,753.50,475576
6-May-14,759.00,764.71,753.00,755.50,404400
2-May-14,755.00,766.06,755.00,759.50,377710
1-May-14,761.00,770.00,755.00,755.50,197863
30-Apr-14,754.00,760.10,751.00,757.50,674807
29-Apr-14,749.00,758.00,748.00,756.00,424970
28-Apr-14,744.00,747.00,735.00,745.00,511821
25-Apr-14,743.50,746.00,736.50,740.00,457170
24-Apr-14,747.00,750.00,738.50,744.50,320643
23-Apr-14,746.50,747.50,739.00,743.00,569829
22-Apr-14,743.00,749.50,743.00,748.50,360318
17-Apr-14,738.50,746.00,735.50,744.00,329901
16-Apr-14,738.00,744.50,732.00,742.00,677407
15-Apr-14,730.50,739.00,728.50,737.00,754456
14-Apr-14,721.50,731.00,721.00,729.00,889503
11-Apr-14,726.50,728.65,722.00,728.00,550537
10-Apr-14,732.50,734.50,726.00,732.50,691394
9-Apr-14,723.50,727.50,720.00,727.50,451506
8-Apr-14,729.00,732.00,716.50,722.00,964471
7-Apr-14,726.50,735.00,723.93,730.00,375238
4-Apr-14,725.00,738.00,725.00,728.00,671944
3-Apr-14,734.50,740.00,718.50,723.50,849331
2-Apr-14,738.50,742.00,732.12,735.50,556997
1-Apr-14,742.00,743.00,735.00,739.99,535715
31-Mar-14,748.50,752.00,740.00,742.50,546907
28-Mar-14,745.00,753.00,744.00,748.00,381297
27-Mar-14,747.50,751.87,736.12,742.50,483918
26-Mar-14,750.00,755.00,748.50,750.00,590827
25-Mar-14,756.00,767.50,749.50,750.00,1015175
24-Mar-14,745.50,757.50,745.00,756.00,544046
21-Mar-14,761.00,762.96,751.50,754.00,1343605
20-Mar-14,766.00,769.00,758.00,761.00,909525
19-Mar-14,773.00,775.00,766.50,768.50,913539
18-Mar-14,771.50,775.00,759.94,773.00,686664
17-Mar-14,767.00,780.50,763.86,772.50,938695
14-Mar-14,767.50,773.50,759.50,765.50,723450
13-Mar-14,774.00,777.00,764.50,771.50,1048526
12-Mar-14,770.00,785.00,769.00,769.50,1382822
11-Mar-14,757.00,776.50,753.50,772.00,1659695
10-Mar-14,745.00,763.50,736.50,752.00,1168372
7-Mar-14,737.50,739.50,731.50,736.00,970092
6-Mar-14,743.00,744.50,734.50,735.50,763151
5-Mar-14,748.50,760.00,742.00,742.00,981136
4-Mar-14,739.00,743.50,735.00,742.00,670577
3-Mar-14,736.50,742.00,730.50,733.50,634973
28-Feb-14,738.00,746.50,738.00,743.00,705604
27-Feb-14,729.00,740.00,726.50,739.50,574634
26-Feb-14,734.50,734.50,722.00,728.50,789975
25-Feb-14,722.50,732.50,722.00,732.50,1208536
24-Feb-14,720.50,725.50,717.00,725.50,695563
21-Feb-14,717.50,721.00,716.00,718.50,828736
20-Feb-14,710.50,719.00,709.00,716.00,897794
19-Feb-14,709.00,716.00,706.50,711.50,575289
18-Feb-14,699.00,714.50,697.50,710.00,1113980
17-Feb-14,698.00,703.00,694.50,701.50,744927
14-Feb-14,690.50,701.00,685.50,699.00,801310
13-Feb-14,687.50,690.00,682.00,687.50,392664
12-Feb-14,691.50,693.00,685.50,689.00,513229
11-Feb-14,685.00,694.00,681.00,691.50,1013682
10-Feb-14,682.50,689.00,681.00,684.00,497277
7-Feb-14,686.00,689.00,682.50,683.00,572017
6-Feb-14,684.50,688.00,680.50,686.00,768613
5-Feb-14,681.50,683.50,679.00,680.50,547474
4-Feb-14,693.50,700.00,679.50,679.50,670973
3-Feb-14,687.50,695.00,683.00,684.50,608041
31-Jan-14,685.00,691.00,679.00,688.00,831405
30-Jan-14,679.50,685.50,676.00,685.00,628715
29-Jan-14,695.50,695.50,675.50,678.50,820877
28-Jan-14,684.50,700.00,679.00,698.50,699638
27-Jan-14,665.00,684.00,662.00,678.00,823752
24-Jan-14,685.50,692.00,679.50,679.50,772759
23-Jan-14,687.50,692.50,682.50,684.00,804828
22-Jan-14,685.00,691.50,682.00,685.50,712694
21-Jan-14,687.00,693.50,684.50,684.50,669569
20-Jan-14,683.00,693.50,678.50,687.50,579869
17-Jan-14,686.50,692.50,677.50,682.50,511927
16-Jan-14,677.50,691.00,675.50,685.50,1006611
15-Jan-14,679.50,679.50,664.50,677.00,559669
14-Jan-14,663.00,677.00,661.50,674.50,622867
13-Jan-14,664.50,668.00,661.00,667.50,444108
10-Jan-14,655.50,666.50,655.50,663.00,480878
9-Jan-14,653.50,663.50,644.00,658.00,815700
8-Jan-14,663.00,663.50,655.00,658.50,486305
7-Jan-14,661.00,668.00,659.00,663.50,805754
6-Jan-14,664.00,668.50,661.50,664.00,551312
3-Jan-14,653.00,666.00,653.00,662.50,490895
2-Jan-14,661.00,661.00,643.50,655.50,537897
31-Dec-13,664.00,664.00,656.50,658.50,150667
30-Dec-13,658.50,665.00,654.50,659.00,274481
27-Dec-13,654.00,662.00,652.00,658.00,945780
24-Dec-13,646.00,651.00,646.00,651.00,209108
23-Dec-13,649.50,651.00,644.00,649.50,407020
20-Dec-13,646.50,655.00,644.00,644.00,1121666
19-Dec-13,647.00,648.00,639.50,647.50,705197
18-Dec-13,645.00,648.00,640.00,640.50,499380
17-Dec-13,645.00,648.00,641.00,644.00,711566
16-Dec-13,645.00,658.00,644.00,645.50,615020
13-Dec-13,641.00,645.00,639.50,644.00,592841
12-Dec-13,641.50,643.00,636.50,641.50,875739
11-Dec-13,639.00,641.50,630.50,639.50,595862
10-Dec-13,637.00,643.50,635.00,637.50,371153
9-Dec-13,638.50,643.00,635.00,638.00,590354
6-Dec-13,648.00,650.50,635.00,641.00,885549
5-Dec-13,632.00,639.00,630.00,634.00,568868
4-Dec-13,633.00,634.00,630.00,631.50,373594
3-Dec-13,638.50,640.50,631.00,631.00,627225
2-Dec-13,642.50,645.50,639.00,639.50,492389
29-Nov-13,643.00,650.50,643.00,645.00,846413
28-Nov-13,645.00,652.00,642.00,644.00,689464
27-Nov-13,634.50,641.00,634.50,638.00,598012
26-Nov-13,636.50,639.00,631.00,632.50,463925
25-Nov-13,641.50,643.50,636.00,636.50,575268
22-Nov-13,647.00,653.50,635.50,638.00,951138
21-Nov-13,647.50,652.00,643.00,648.50,428353
20-Nov-13,646.00,652.00,641.50,648.50,1644078
19-Nov-13,640.50,647.00,638.50,646.00,743531
18-Nov-13,642.50,647.00,639.00,640.00,852914
15-Nov-13,646.50,650.00,640.00,642.00,709671
14-Nov-13,646.00,650.00,643.00,648.00,506374
13-Nov-13,645.00,650.00,635.50,645.50,799398
12-Nov-13,647.50,659.00,641.50,645.50,566540
11-Nov-13,651.50,654.00,643.00,649.00,522160
8-Nov-13,650.00,655.00,645.50,649.00,1129337
7-Nov-13,659.00,660.00,643.00,645.00,681034
6-Nov-13,666.50,671.50,655.00,657.00,519264
5-Nov-13,678.00,679.00,662.00,664.50,562029
4-Nov-13,678.00,685.00,674.00,675.00,479694
1-Nov-13,683.50,685.00,677.00,681.50,489573
31-Oct-13,687.50,689.00,676.50,681.00,899410
30-Oct-13,696.50,697.50,688.50,690.00,444901
29-Oct-13,689.50,697.00,687.00,694.50,565957
28-Oct-13,700.00,702.50,683.50,689.00,831880
25-Oct-13,698.50,700.00,696.50,700.00,408668
24-Oct-13,698.00,702.00,696.00,699.00,542087
23-Oct-13,696.50,-,696.00,699.00,480456
22-Oct-13,704.00,704.50,693.00,699.50,442291
21-Oct-13,698.00,705.00,698.00,703.50,407236
18-Oct-13,697.50,699.00,693.50,697.00,306675
17-Oct-13,694.50,695.50,688.50,691.50,480161
16-Oct-13,700.00,700.00,682.50,695.50,673562
15-Oct-13,695.00,695.00,683.00,692.50,470008
14-Oct-13,692.00,703.00,689.50,692.00,330247
11-Oct-13,688.00,697.00,680.00,693.50,389069
10-Oct-13,684.00,687.50,678.50,686.50,328499
9-Oct-13,679.00,685.50,677.00,679.50,448910
8-Oct-13,686.50,688.00,679.50,682.00,311202
7-Oct-13,690.00,690.00,684.00,688.00,565237
4-Oct-13,688.00,691.50,687.00,690.00,321548
3-Oct-13,698.50,698.50,690.50,690.50,820530
2-Oct-13,693.50,700.50,689.00,695.00,392221
1-Oct-13,698.50,701.00,693.50,696.00,455322
30-Sep-13,697.50,699.00,687.00,699.00,619071
27-Sep-13,705.00,707.00,696.00,696.00,500662
26-Sep-13,704.00,704.00,696.00,701.50,671633
25-Sep-13,701.50,704.50,694.00,701.50,458792
24-Sep-13,699.00,708.50,698.50,701.00,448261
20-Sep-13,701.00,707.00,701.00,702.00,1203822
19-Sep-13,714.50,720.50,702.00,703.50,615765
18-Sep-13,706.00,708.50,696.50,703.00,427194
17-Sep-13,711.00,720.50,705.00,706.50,640795
16-Sep-13,705.00,712.50,695.50,712.50,954416
13-Sep-13,709.50,709.50,695.00,699.50,1080186
12-Sep-13,726.00,729.00,722.00,726.50,487644
11-Sep-13,723.50,727.50,720.00,727.50,538090
10-Sep-13,727.00,727.00,719.00,722.00,757274
9-Sep-13,729.00,729.00,717.50,723.50,475481
6-Sep-13,717.50,727.50,717.50,727.50,819776
5-Sep-13,712.00,720.00,712.00,717.00,657062
4-Sep-13,717.00,717.00,705.50,711.50,489245
3-Sep-13,717.00,718.00,705.00,710.50,677815
2-Sep-13,702.00,710.00,701.50,707.00,465754
30-Aug-13,702.50,706.50,694.50,700.50,699376
29-Aug-13,696.00,705.00,691.50,704.00,433086
28-Aug-13,690.50,696.00,683.00,693.50,633001
27-Aug-13,683.00,683.00,677.50,681.00,392717
23-Aug-13,678.50,686.00,678.50,683.00,456691
22-Aug-13,671.00,681.50,671.00,679.00,474486
21-Aug-13,667.50,676.00,666.00,671.50,560575
20-Aug-13,663.50,669.00,658.00,666.50,556791
19-Aug-13,667.50,673.00,666.50,669.50,412195
16-Aug-13,664.50,671.00,660.50,670.50,608501
15-Aug-13,672.50,674.50,656.50,663.00,742463
14-Aug-13,682.50,683.50,670.50,675.00,809003
13-Aug-13,682.50,687.00,678.50,681.50,480768
12-Aug-13,686.50,686.50,677.00,681.00,692486
9-Aug-13,686.00,696.50,683.50,685.00,674504
8-Aug-13,684.00,688.50,674.50,685.50,681682
7-Aug-13,681.50,682.00,672.00,679.00,552592
6-Aug-13,705.00,709.50,693.50,698.00,646754
5-Aug-13,692.50,710.00,692.50,705.00,777046
2-Aug-13,694.00,698.50,690.50,693.00,548632
1-Aug-13,695.50,700.00,689.50,690.50,380346
31-Jul-13,691.50,700.00,691.50,695.50,412729
30-Jul-13,686.50,695.00,686.00,694.00,286338
29-Jul-13,689.00,695.00,680.50,683.00,264216
26-Jul-13,688.50,693.00,684.00,687.00,560006
25-Jul-13,680.00,693.00,676.50,685.50,585304
24-Jul-13,694.00,695.50,689.00,691.00,559490
23-Jul-13,692.00,700.00,691.50,691.50,299932
22-Jul-13,693.50,697.00,687.00,691.50,366521
19-Jul-13,692.00,694.00,689.62,692.00,258887
18-Jul-13,684.00,694.56,683.00,692.00,424496
17-Jul-13,686.50,688.00,679.50,686.00,310971
16-Jul-13,692.00,692.68,684.47,685.50,335543
15-Jul-13,690.00,696.00,687.50,690.00,322541
12-Jul-13,691.00,694.00,686.00,689.50,723580
11-Jul-13,698.50,698.50,689.00,690.00,368712
10-Jul-13,689.50,692.50,687.00,690.50,633775
9-Jul-13,683.00,693.00,681.50,690.00,940039
8-Jul-13,673.50,684.00,667.50,679.00,437658
5-Jul-13,670.50,680.31,667.97,672.00,435523
4-Jul-13,658.00,670.10,656.50,669.50,369051
3-Jul-13,657.50,662.00,655.00,657.00,459080
2-Jul-13,654.50,663.50,652.58,661.50,584597
1-Jul-13,645.00,656.50,643.50,653.00,663982
28-Jun-13,638.00,649.50,638.00,644.50,646924
27-Jun-13,633.50,644.00,630.00,638.50,582658
26-Jun-13,634.00,640.00,630.00,631.50,407353
25-Jun-13,634.50,637.00,628.50,632.50,557321
24-Jun-13,633.00,640.50,628.50,631.00,605190
21-Jun-13,639.50,641.50,631.00,632.00,1295280
20-Jun-13,643.50,649.88,635.50,637.50,820279
19-Jun-13,643.50,653.00,638.00,649.00,852536
18-Jun-13,659.00,663.00,645.50,654.00,1259051
17-Jun-13,665.00,672.00,658.50,659.00,531717
14-Jun-13,672.50,676.80,661.50,664.50,711508
13-Jun-13,653.00,687.00,653.00,670.00,1318527
12-Jun-13,655.00,669.50,655.00,660.50,687901
11-Jun-13,669.00,670.50,655.50,662.00,585813
10-Jun-13,669.00,674.00,662.00,670.00,662887
7-Jun-13,668.50,687.00,662.00,672.50,1146474
6-Jun-13,670.50,672.00,650.00,666.00,691798
5-Jun-13,679.50,682.50,665.50,666.00,778331
4-Jun-13,688.00,692.00,679.50,682.50,521234
3-Jun-13,680.50,691.50,677.00,685.00,851925
31-May-13,686.00,701.50,679.56,683.50,708059
30-May-13,689.50,690.00,681.00,687.50,424056
29-May-13,700.00,702.50,684.00,688.00,674710
28-May-13,704.00,710.00,701.50,701.50,363064
24-May-13,706.50,708.00,698.50,701.00,362072
23-May-13,687.00,707.00,677.01,704.00,784399
22-May-13,710.00,714.24,701.50,704.50,660108
21-May-13,721.00,721.00,702.50,712.00,611344
20-May-13,710.00,721.00,702.50,719.50,730720
17-May-13,697.00,705.18,695.50,699.50,362625
16-May-13,695.00,699.00,689.94,697.00,946927
15-May-13,689.50,698.00,676.50,696.00,674909
14-May-13,695.00,711.00,684.18,695.00,2428808
13-May-13,665.00,667.16,662.50,665.50,450199
10-May-13,678.50,682.50,658.50,666.00,1017058
9-May-13,680.50,681.50,672.00,679.00,421959
8-May-13,677.50,680.00,670.50,677.00,745426
7-May-13,680.00,683.50,671.50,677.50,511340
3-May-13,687.00,691.00,684.00,686.00,527520
2-May-13,679.50,687.00,673.25,685.50,698932
1-May-13,691.00,691.50,671.50,675.00,310474
30-Apr-13,689.00,690.50,679.00,685.50,949163
29-Apr-13,685.50,687.50,681.00,686.00,368002
26-Apr-13,686.00,690.00,680.85,684.00,777032
25-Apr-13,675.50,680.00,673.44,677.00,903311
24-Apr-13,670.00,677.00,670.00,676.00,631620
23-Apr-13,661.50,672.50,660.50,670.50,499000
22-Apr-13,658.00,663.00,654.12,661.50,313311
19-Apr-13,653.50,659.00,651.00,655.50,484220
18-Apr-13,662.00,662.00,651.00,653.00,718641
17-Apr-13,666.00,680.00,657.50,661.50,632369
16-Apr-13,653.00,666.50,649.00,663.00,1256973
15-Apr-13,657.50,661.50,649.50,654.00,668776
12-Apr-13,657.00,661.00,652.50,655.50,748663
11-Apr-13,662.00,667.00,655.00,656.50,675236
10-Apr-13,656.50,668.09,653.00,662.50,742496
9-Apr-13,649.50,655.50,647.50,653.00,566125
8-Apr-13,642.00,647.44,637.70,645.00,853298
5-Apr-13,650.50,653.00,635.00,640.00,742408
4-Apr-13,653.50,663.00,647.00,647.00,1150231
3-Apr-13,635.00,658.00,633.00,650.50,2712634
2-Apr-13,626.00,631.00,621.50,625.00,920037
28-Mar-13,628.00,640.40,621.00,623.00,880067
27-Mar-13,633.50,633.50,622.50,626.50,501089
26-Mar-13,631.50,636.50,625.88,630.00,791536
25-Mar-13,640.00,641.00,628.00,629.00,808528
22-Mar-13,641.50,645.00,636.50,637.50,476566
21-Mar-13,642.50,647.00,637.50,641.50,1014965
20-Mar-13,638.00,642.50,631.70,640.00,579654
19-Mar-13,633.50,641.14,631.00,637.50,741745
18-Mar-13,628.50,633.97,626.18,632.50,462896
15-Mar-13,633.00,637.22,626.00,635.50,1694358
14-Mar-13,641.00,643.24,630.00,631.50,1179013
13-Mar-13,646.00,646.50,636.00,640.00,719304
12-Mar-13,650.50,655.00,641.62,645.00,964915
11-Mar-13,655.50,655.82,649.50,653.00,764341
8-Mar-13,660.00,660.00,647.18,650.00,906487
7-Mar-13,664.00,667.10,656.50,657.00,537538
6-Mar-13,665.00,669.50,658.50,661.00,777507
5-Mar-13,664.50,670.00,662.84,663.50,565170
4-Mar-13,656.50,662.00,655.00,661.50,645271
1-Mar-13,656.50,660.50,645.50,656.50,801860
28-Feb-13,654.50,657.00,650.00,655.00,504217
27-Feb-13,649.50,651.56,643.34,651.50,648104
26-Feb-13,646.00,651.50,645.50,650.00,429661
25-Feb-13,664.00,667.19,647.50,653.00,624427
22-Feb-13,657.00,665.00,655.00,663.00,652025
21-Feb-13,653.00,657.00,647.00,654.00,709802
20-Feb-13,654.50,658.00,653.49,657.00,557586
19-Feb-13,650.50,656.70,647.50,655.00,860503
18-Feb-13,649.50,653.00,645.00,650.00,845200
15-Feb-13,653.00,654.46,645.50,648.00,1063292
14-Feb-13,654.00,662.50,650.00,655.00,2242146
13-Feb-13,667.50,677.50,666.08,676.00,890298
12-Feb-13,678.50,680.00,674.00,678.50,604073
11-Feb-13,678.00,684.39,673.00,678.00,304767
8-Feb-13,680.00,685.13,675.00,678.00,873526
7-Feb-13,685.00,689.50,679.00,681.00,750364
6-Feb-13,685.50,689.50,683.00,686.00,775812
5-Feb-13,680.50,688.00,678.00,686.00,804729
4-Feb-13,688.50,691.66,679.50,681.00,949034
1-Feb-13,677.00,690.50,677.00,688.00,995445
31-Jan-13,690.00,691.00,675.00,676.00,1296653
30-Jan-13,696.50,703.00,687.86,691.50,1976313
29-Jan-13,705.00,713.00,699.50,702.50,1638430
28-Jan-13,701.50,705.50,696.00,702.50,917120
25-Jan-13,698.00,703.38,694.00,701.50,1728964
24-Jan-13,680.00,700.10,677.40,698.00,2140086
23-Jan-13,672.00,678.50,666.00,675.00,1026720
22-Jan-13,676.00,676.50,661.00,672.00,1313313
21-Jan-13,664.50,676.50,662.00,675.00,1154335
18-Jan-13,661.00,669.06,660.42,662.50,924800
17-Jan-13,654.00,660.00,649.00,658.00,886929
16-Jan-13,652.50,656.18,651.00,654.50,811108
15-Jan-13,650.00,654.00,645.00,652.50,814508
14-Jan-13,652.00,658.50,649.00,650.50,849514
11-Jan-13,642.00,650.50,639.42,649.00,1268197
10-Jan-13,647.00,658.50,641.50,641.50,1160922
9-Jan-13,645.50,645.50,638.00,642.00,637368
8-Jan-13,643.50,648.18,642.50,642.50,895643
7-Jan-13,650.00,652.50,643.00,644.50,899125
4-Jan-13,641.50,655.50,639.44,651.50,1234219
3-Jan-13,638.00,643.50,631.00,640.50,1005990
2-Jan-13,634.00,641.16,629.50,636.00,865468
