31-Dec-15,585.00,589.00,570.00,584.50,521502
30-Dec-15,565.50,575.50,558.50,575.50,495462
29-Dec-15,567.50,587.50,564.00,578.00,282163
24-Dec-15,572.00,583.00,563.00,575.00,377744
23-Dec-15,548.00,572.50,548.00,563.00,396140
22-Dec-15,542.00,555.50,537.50,549.00,231313
21-Dec-15,516.50,543.50,516.50,536.50,232947
18-Dec-15,533.00,538.50,519.00,521.00,1330925
16-Dec-15,558.50,558.50,533.00,539.00,539737
15-Dec-15,532.50,548.50,532.50,545.50,231866
14-Dec-15,525.00,545.00,514.50,538.50,304238
11-Dec-15,530.00,535.50,510.00,514.00,148831
10-Dec-15,514.00,537.00,512.00,531.50,327622
9-Dec-15,497.60,536.00,497.60,527.00,419797
8-Dec-15,522.50,524.00,497.20,502.50,308971
7-Dec-15,532.00,532.00,506.50,511.50,281688
4-Dec-15,531.00,536.00,517.50,521.50,143521
3-Dec-15,533.50,538.00,520.50,520.50,214219
2-Dec-15,530.00,537.50,523.00,523.50,72143
1-Dec-15,525.50,537.00,525.50,528.00,99990
30-Nov-15,537.00,539.50,529.50,537.00,135189
27-Nov-15,549.50,550.00,534.00,540.00,81429
26-Nov-15,543.00,555.00,542.00,554.00,78171
25-Nov-15,555.50,555.50,532.00,538.50,201756
24-Nov-15,557.00,564.00,542.00,547.00,260119
23-Nov-15,552.00,564.50,549.50,559.00,231651
20-Nov-15,567.50,567.50,552.50,557.00,346602
19-Nov-15,586.00,590.50,566.00,570.00,263863
18-Nov-15,566.00,587.50,563.00,579.50,346877
17-Nov-15,559.00,567.50,553.00,559.00,283682
16-Nov-15,550.00,569.00,548.50,552.00,178132
13-Nov-15,538.00,557.50,538.00,550.50,153269
12-Nov-15,565.00,582.00,550.50,556.00,233375
11-Nov-15,573.00,579.50,569.50,574.50,142011
10-Nov-15,566.00,584.00,566.00,576.00,287779
9-Nov-15,553.00,574.00,553.00,573.50,128515
6-Nov-15,559.50,590.00,559.50,568.00,183790
5-Nov-15,578.00,584.00,571.00,573.50,113033
4-Nov-15,569.50,587.00,569.50,576.00,138783
3-Nov-15,579.50,586.00,574.00,578.00,130369
2-Nov-15,580.50,580.50,567.50,573.00,119687
30-Oct-15,570.50,591.50,570.50,574.50,165123
29-Oct-15,576.00,583.00,567.50,581.00,199464
28-Oct-15,569.00,589.00,564.50,587.00,194071
27-Oct-15,572.00,578.53,561.00,570.50,218570
26-Oct-15,583.50,597.50,575.00,583.00,185187
23-Oct-15,588.50,598.00,582.00,593.50,249661
22-Oct-15,572.50,592.00,572.50,587.50,128435
21-Oct-15,604.00,604.00,579.50,584.50,156778
20-Oct-15,587.50,601.00,587.50,596.00,204244
19-Oct-15,593.50,595.00,581.50,590.00,170347
16-Oct-15,598.50,601.50,590.69,596.00,176616
15-Oct-15,583.00,597.50,583.00,592.50,297844
14-Oct-15,579.00,591.50,579.00,591.50,224164
13-Oct-15,597.00,597.00,580.00,590.50,178819
12-Oct-15,590.00,591.50,586.00,591.50,268843
9-Oct-15,601.00,601.00,586.00,590.81,565085
8-Oct-15,580.00,591.00,573.50,589.50,245319
7-Oct-15,590.50,594.00,581.00,583.00,338595
6-Oct-15,592.00,592.00,570.00,590.43,367534
5-Oct-15,580.00,599.00,578.50,590.39,314674
2-Oct-15,580.00,581.00,572.50,579.50,208732
1-Oct-15,575.00,584.00,564.50,579.00,250017
30-Sep-15,567.50,574.50,562.50,568.50,227458
29-Sep-15,551.50,567.50,538.00,558.00,277185
28-Sep-15,550.00,558.50,545.46,551.50,163795
25-Sep-15,555.00,565.00,546.00,549.00,194973
24-Sep-15,553.00,558.50,538.50,554.50,163788
23-Sep-15,541.00,556.00,537.50,553.50,198673
22-Sep-15,546.00,546.00,529.50,529.55,153645
21-Sep-15,536.00,541.00,530.00,535.50,343528
18-Sep-15,550.50,560.50,538.00,550.50,1768662
17-Sep-15,566.50,566.50,551.00,562.20,339151
16-Sep-15,550.00,564.50,541.00,555.58,487456
15-Sep-15,533.00,547.00,520.00,533.65,229588
14-Sep-15,530.00,542.50,521.50,529.50,316507
11-Sep-15,523.50,534.00,518.00,520.50,251542
10-Sep-15,496.80,536.00,484.50,524.50,420342
9-Sep-15,484.00,504.50,473.40,496.70,207127
8-Sep-15,457.10,474.60,457.10,474.60,123543
7-Sep-15,477.70,477.70,462.30,466.60,41154
4-Sep-15,478.70,481.50,465.40,466.20,91951
3-Sep-15,461.20,487.80,461.20,482.40,147894
2-Sep-15,485.60,485.60,467.90,472.50,149009
1-Sep-15,477.50,488.80,474.80,483.20,205356
28-Aug-15,465.40,485.50,459.30,482.50,370720
27-Aug-15,468.00,478.80,462.20,474.30,285596
26-Aug-15,459.00,464.00,444.00,460.80,288164
25-Aug-15,471.50,475.30,452.60,460.30,396933
24-Aug-15,473.90,473.90,441.00,472.00,500747
21-Aug-15,461.40,487.00,461.40,485.30,666073
20-Aug-15,458.00,467.00,450.10,466.50,476550
19-Aug-15,466.60,468.30,447.30,447.30,167320
18-Aug-15,469.90,473.80,458.70,467.00,210116
17-Aug-15,461.60,464.30,451.30,459.40,80917
14-Aug-15,456.40,462.50,452.60,455.60,113266
13-Aug-15,451.50,455.50,443.00,453.10,149952
12-Aug-15,434.10,448.70,434.10,448.70,335900
11-Aug-15,450.40,463.60,441.30,442.70,231361
10-Aug-15,439.50,460.70,433.20,459.70,219016
7-Aug-15,443.80,445.60,431.40,434.60,138114
6-Aug-15,428.90,436.80,426.30,433.70,96950
5-Aug-15,430.00,437.60,427.10,435.00,163553
4-Aug-15,435.70,439.10,424.20,427.10,205722
3-Aug-15,441.50,447.70,429.90,434.30,102394
31-Jul-15,453.60,456.70,443.20,453.00,121611
30-Jul-15,447.90,456.40,447.90,451.40,240256
29-Jul-15,459.30,462.20,443.50,447.90,227392
28-Jul-15,431.70,468.40,424.20,457.70,577182
27-Jul-15,458.90,458.90,438.00,442.00,221539
24-Jul-15,456.70,464.30,447.20,448.70,162913
23-Jul-15,474.50,479.20,462.90,462.90,151764
22-Jul-15,475.00,480.00,468.70,473.10,260356
21-Jul-15,475.50,485.10,472.80,478.00,194123
20-Jul-15,474.00,483.90,474.00,478.40,211256
17-Jul-15,496.80,498.80,474.70,475.70,213234
16-Jul-15,496.80,502.50,495.00,499.00,155214
15-Jul-15,506.00,512.50,496.30,497.10,247078
14-Jul-15,487.60,505.50,487.60,505.50,286339
13-Jul-15,484.00,506.50,484.00,498.30,158049
10-Jul-15,509.00,509.00,495.00,496.70,143648
9-Jul-15,495.00,501.00,490.20,498.40,227816
8-Jul-15,484.00,492.60,476.30,487.50,208020
7-Jul-15,509.50,510.23,483.80,483.80,202411
6-Jul-15,508.00,515.50,503.50,513.00,141605
3-Jul-15,515.00,518.50,510.00,517.00,90490
2-Jul-15,512.00,519.02,510.50,513.50,167348
1-Jul-15,515.50,522.50,510.00,514.50,379701
30-Jun-15,520.50,526.50,517.00,518.50,261203
29-Jun-15,523.00,534.50,519.50,527.00,103695
26-Jun-15,528.50,538.00,525.00,536.50,127690
25-Jun-15,535.00,541.50,528.00,531.50,205641
24-Jun-15,543.50,553.50,537.00,538.00,80507
23-Jun-15,547.00,550.23,536.00,541.50,123366
22-Jun-15,555.00,557.50,543.00,550.00,119849
19-Jun-15,573.50,573.50,555.00,555.00,607621
18-Jun-15,553.50,572.00,547.90,566.00,261048
17-Jun-15,544.00,549.00,539.00,545.00,155045
16-Jun-15,546.00,550.00,541.00,543.50,114528
15-Jun-15,533.00,549.00,533.00,545.00,166000
12-Jun-15,541.50,546.00,530.46,539.00,92900
11-Jun-15,540.00,541.00,533.40,540.00,94171
10-Jun-15,535.00,545.00,530.00,538.50,115331
9-Jun-15,535.50,537.50,528.50,533.50,159484
8-Jun-15,541.00,541.00,527.00,533.00,87965
5-Jun-15,531.00,540.50,525.50,533.00,184783
4-Jun-15,555.00,558.00,529.00,533.00,282308
3-Jun-15,566.00,570.00,556.00,559.00,180784
2-Jun-15,560.00,573.00,548.50,569.00,162668
1-Jun-15,554.00,563.00,548.50,557.50,118604
29-May-15,562.00,564.00,548.50,557.00,303465
28-May-15,552.50,567.00,550.00,563.00,231530
27-May-15,546.50,557.00,544.50,552.50,183330
26-May-15,551.50,555.00,542.00,552.00,130108
22-May-15,561.00,567.00,554.50,558.00,146103
21-May-15,560.00,572.00,554.00,558.50,136730
20-May-15,549.00,567.50,545.50,561.00,171940
19-May-15,552.50,561.50,545.00,548.50,213185
18-May-15,550.00,565.50,550.00,558.50,155987
15-May-15,558.50,558.50,542.50,552.00,170366
14-May-15,561.50,567.00,553.00,557.50,127263
13-May-15,551.50,568.50,550.50,566.00,171507
12-May-15,561.00,571.00,544.00,547.50,229225
11-May-15,557.00,572.50,557.00,558.50,129056
8-May-15,552.50,577.50,541.50,563.50,579038
7-May-15,548.00,553.90,532.00,543.50,277743
6-May-15,544.50,555.00,535.50,550.50,330282
5-May-15,540.00,546.50,527.00,539.50,340223
1-May-15,528.00,547.28,528.00,536.00,78594
30-Apr-15,531.50,532.71,518.50,529.50,502849
29-Apr-15,548.50,552.00,531.50,538.00,348411
28-Apr-15,542.00,552.50,536.00,551.50,186688
27-Apr-15,553.00,555.00,531.00,541.00,208758
24-Apr-15,554.00,558.00,548.00,551.50,250831
23-Apr-15,544.00,552.00,534.50,550.50,323036
22-Apr-15,542.50,548.92,529.50,531.40,179711
21-Apr-15,540.00,547.85,538.00,545.50,208773
20-Apr-15,565.00,569.50,537.00,543.50,776709
17-Apr-15,571.00,580.00,554.00,561.00,453904
16-Apr-15,575.50,586.50,572.00,572.00,494382
15-Apr-15,584.50,586.50,576.00,578.50,352962
14-Apr-15,574.50,585.50,573.50,578.50,450373
13-Apr-15,576.50,585.00,571.00,576.50,339904
10-Apr-15,582.00,590.50,572.00,578.50,240909
9-Apr-15,586.00,587.00,576.50,577.50,272280
8-Apr-15,584.00,590.00,577.50,581.00,331932
7-Apr-15,580.00,589.00,570.00,581.50,281568
2-Apr-15,579.50,586.50,566.50,569.00,324618
1-Apr-15,577.50,580.00,564.00,577.00,349957
31-Mar-15,566.00,580.00,557.00,562.00,518651
30-Mar-15,569.00,574.00,553.50,569.00,269215
27-Mar-15,567.00,577.38,552.50,564.00,299278
26-Mar-15,583.00,587.00,563.00,567.00,463293
25-Mar-15,559.00,579.00,555.50,569.00,233459
24-Mar-15,550.00,564.50,547.32,554.00,277092
23-Mar-15,544.50,550.00,538.50,550.00,234874
20-Mar-15,534.00,540.00,526.00,538.00,478298
19-Mar-15,523.00,538.50,521.27,531.50,235141
18-Mar-15,514.00,522.00,508.03,516.50,339490
17-Mar-15,507.50,515.00,503.00,512.50,230060
16-Mar-15,519.00,520.50,499.60,502.50,223202
13-Mar-15,526.50,535.98,515.50,521.50,352408
12-Mar-15,506.50,537.50,506.50,532.00,409844
11-Mar-15,525.00,525.50,501.00,517.50,367200
10-Mar-15,530.50,530.50,514.37,514.50,332924
9-Mar-15,533.00,543.50,517.50,522.50,285713
6-Mar-15,558.00,564.00,542.00,545.00,254670
5-Mar-15,545.00,558.50,540.00,557.00,219164
4-Mar-15,560.00,565.00,538.00,544.50,226354
3-Mar-15,559.00,571.00,557.00,560.50,235827
2-Mar-15,560.50,574.50,558.50,564.00,147681
27-Feb-15,562.50,570.50,559.14,569.00,181530
26-Feb-15,559.00,572.01,558.50,561.00,196145
25-Feb-15,585.50,587.00,561.50,562.00,197191
24-Feb-15,568.00,586.50,564.50,579.50,293815
23-Feb-15,593.50,594.00,559.50,562.50,203419
20-Feb-15,581.00,600.00,580.00,597.00,181524
19-Feb-15,592.00,592.00,580.00,586.50,134777
18-Feb-15,596.00,599.50,586.50,588.50,244408
17-Feb-15,595.50,602.00,592.74,597.00,275723
16-Feb-15,592.00,605.50,590.00,595.50,137499
13-Feb-15,597.00,602.50,581.10,600.00,340693
12-Feb-15,586.00,602.00,586.00,594.00,263126
11-Feb-15,600.00,603.50,583.50,589.50,250640
10-Feb-15,614.50,625.64,595.50,598.50,464300
9-Feb-15,572.50,634.00,572.50,605.50,335196
6-Feb-15,589.50,609.00,583.00,585.00,384420
5-Feb-15,592.00,600.00,585.00,598.50,418621
4-Feb-15,593.50,604.27,585.50,600.00,386096
3-Feb-15,591.50,602.50,591.50,600.00,208417
2-Feb-15,591.50,602.50,590.00,597.00,245284
30-Jan-15,592.50,600.00,587.50,597.50,207148
29-Jan-15,595.00,608.50,585.00,598.50,715686
28-Jan-15,604.00,604.00,588.50,590.00,173482
27-Jan-15,617.00,617.50,591.50,597.00,198905
26-Jan-15,611.00,617.50,601.00,614.00,155931
23-Jan-15,619.50,629.50,609.24,612.50,331077
22-Jan-15,610.00,620.00,604.00,613.00,437307
21-Jan-15,599.50,620.50,593.20,607.00,599200
20-Jan-15,596.00,600.00,583.50,598.50,770939
19-Jan-15,594.50,595.00,586.00,590.00,404028
16-Jan-15,591.00,598.00,580.50,587.00,727180
15-Jan-15,547.00,598.00,547.00,591.00,450160
14-Jan-15,568.50,568.50,538.50,539.50,374378
13-Jan-15,569.50,574.50,563.00,567.00,235750
12-Jan-15,582.50,594.50,567.00,570.00,345468
9-Jan-15,596.00,597.50,579.50,585.00,472567
8-Jan-15,582.50,600.00,581.50,596.00,247152
7-Jan-15,566.00,581.00,566.00,580.00,289782
6-Jan-15,566.50,576.00,558.00,568.00,460629
5-Jan-15,565.00,579.00,550.50,561.00,293715
31-Dec-14,569.00,578.50,559.50,576.00,406583
30-Dec-14,544.00,575.00,539.00,570.50,730543
29-Dec-14,556.50,564.00,548.00,552.50,257237
24-Dec-14,541.50,557.00,534.15,544.00,76101
23-Dec-14,574.50,574.83,534.31,555.50,436807
22-Dec-14,561.50,590.50,560.50,573.00,606916
19-Dec-14,586.00,589.00,550.00,550.00,1468911
18-Dec-14,600.00,608.00,582.00,588.00,755426
17-Dec-14,608.50,619.50,599.00,604.00,1488064
16-Dec-14,591.50,623.50,568.00,605.00,3383499
15-Dec-14,593.00,598.50,590.35,590.35,640860
12-Dec-14,602.50,602.50,590.00,595.00,954579
11-Dec-14,601.50,607.50,588.00,602.50,570514
10-Dec-14,602.50,620.50,595.00,595.70,594821
9-Dec-14,597.00,600.00,594.50,595.00,948968
8-Dec-14,598.00,604.50,595.00,596.50,321406
5-Dec-14,606.00,606.00,593.50,597.00,1506438
4-Dec-14,607.50,620.24,597.50,599.00,1280722
3-Dec-14,596.50,605.05,595.50,598.62,821456
2-Dec-14,595.00,600.00,595.00,598.50,630154
1-Dec-14,589.50,600.00,586.00,595.50,753730
28-Nov-14,593.50,600.00,593.00,599.00,550916
27-Nov-14,604.00,604.00,593.50,600.36,612482
26-Nov-14,599.50,606.50,594.23,599.50,374298
25-Nov-14,577.50,598.00,577.50,595.00,868712
24-Nov-14,559.50,586.00,537.00,582.00,983302
21-Nov-14,546.00,567.50,544.00,554.00,755080
20-Nov-14,534.00,541.00,530.00,539.00,321899
19-Nov-14,543.00,547.50,531.50,538.50,490985
18-Nov-14,530.50,548.00,530.00,541.00,487183
17-Nov-14,521.50,540.00,517.00,534.00,468881
14-Nov-14,531.00,531.00,513.50,523.50,384879
13-Nov-14,536.50,538.00,525.50,533.00,460131
12-Nov-14,532.00,541.00,530.50,533.76,320608
11-Nov-14,541.00,545.00,522.50,536.50,604399
10-Nov-14,532.50,553.00,532.50,544.50,483798
7-Nov-14,530.00,536.50,519.50,534.50,544685
6-Nov-14,547.50,552.00,527.10,536.74,787765
5-Nov-14,539.00,555.00,535.00,555.00,1148456
4-Nov-14,525.50,542.00,525.50,540.00,1100627
3-Nov-14,509.00,533.00,508.50,531.95,938847
31-Oct-14,509.50,532.17,509.00,515.00,1776570
30-Oct-14,487.20,512.00,474.60,510.00,1633105
29-Oct-14,483.60,501.00,471.60,490.60,653965
28-Oct-14,473.00,487.00,470.30,485.10,320598
27-Oct-14,469.00,477.70,468.32,473.20,991397
24-Oct-14,457.40,469.00,457.40,468.20,400968
23-Oct-14,460.60,464.00,450.00,463.20,601158
22-Oct-14,470.80,475.10,459.50,465.30,246037
21-Oct-14,470.00,483.10,470.00,472.90,335073
20-Oct-14,479.60,481.10,470.40,470.40,420819
17-Oct-14,475.20,489.90,470.00,482.20,257924
16-Oct-14,475.10,487.00,463.70,475.50,396712
15-Oct-14,496.00,496.00,475.90,478.40,268669
14-Oct-14,480.00,503.50,479.98,491.10,434344
13-Oct-14,474.80,492.40,474.80,483.60,283105
10-Oct-14,479.30,479.40,468.10,471.60,248500
9-Oct-14,481.00,498.60,478.00,480.70,596742
8-Oct-14,483.90,489.50,468.52,470.70,256083
7-Oct-14,493.20,497.50,484.70,486.80,246783
6-Oct-14,483.60,499.90,478.20,490.80,334594
3-Oct-14,498.40,508.00,470.60,480.60,739485
2-Oct-14,498.60,502.00,480.00,497.00,416863
1-Oct-14,512.00,512.00,486.30,496.60,610206
30-Sep-14,498.50,520.50,491.80,516.00,1037935
29-Sep-14,476.10,505.50,470.50,499.73,937508
26-Sep-14,476.10,497.00,473.80,477.50,717410
25-Sep-14,496.00,496.00,469.90,475.70,422884
24-Sep-14,485.10,498.50,483.60,497.60,311202
23-Sep-14,476.00,490.20,468.60,483.30,417609
22-Sep-14,475.70,479.50,466.70,473.10,476161
19-Sep-14,483.20,490.80,471.50,475.80,1688999
18-Sep-14,502.00,502.50,472.20,481.30,548359
17-Sep-14,508.50,510.00,496.90,501.50,335457
16-Sep-14,506.50,509.00,498.40,502.50,243962
15-Sep-14,501.00,509.50,490.60,505.00,407408
12-Sep-14,498.80,511.50,498.80,505.00,197223
11-Sep-14,520.50,520.50,499.70,503.50,281000
10-Sep-14,515.00,528.00,315.18,514.00,324695
9-Sep-14,505.50,518.20,505.50,513.50,254363
8-Sep-14,524.00,548.00,505.50,506.00,449671
5-Sep-14,526.50,530.00,516.50,519.00,239453
4-Sep-14,529.50,536.50,524.00,532.50,242492
3-Sep-14,518.00,547.50,518.00,524.00,442075
2-Sep-14,537.50,544.50,529.50,534.50,221285
1-Sep-14,542.50,547.50,534.50,538.50,291280
29-Aug-14,539.00,543.00,529.00,541.00,308432
28-Aug-14,538.50,541.00,527.00,532.50,288132
27-Aug-14,521.50,546.50,519.00,540.50,494685
26-Aug-14,519.00,524.50,502.00,523.00,486688
22-Aug-14,522.50,526.00,508.00,516.50,307664
21-Aug-14,540.50,546.00,520.00,521.00,360965
20-Aug-14,528.50,534.00,524.50,528.00,216155
19-Aug-14,542.50,550.50,528.00,530.50,289589
18-Aug-14,544.00,546.20,535.00,535.50,152637
15-Aug-14,548.00,556.32,540.50,542.00,379257
14-Aug-14,531.00,553.00,530.50,545.50,201380
13-Aug-14,535.00,538.00,524.00,535.00,204853
12-Aug-14,527.00,539.50,527.00,533.50,182422
11-Aug-14,524.50,538.50,520.50,532.00,213252
8-Aug-14,518.00,532.00,511.50,515.50,359110
7-Aug-14,534.00,543.00,515.00,516.50,381637
6-Aug-14,502.00,535.00,501.00,531.50,331176
5-Aug-14,508.50,520.83,503.00,507.50,176685
4-Aug-14,513.50,516.50,504.56,512.50,132988
1-Aug-14,505.50,515.04,494.20,508.50,424049
31-Jul-14,527.50,530.00,502.00,507.50,404632
30-Jul-14,530.50,532.00,514.50,523.00,191096
29-Jul-14,538.00,538.00,525.50,527.00,249186
28-Jul-14,535.50,549.50,526.00,531.00,172503
25-Jul-14,536.00,542.00,530.00,542.00,185403
24-Jul-14,548.50,548.50,531.00,533.00,244274
23-Jul-14,550.00,553.50,541.50,549.50,195614
22-Jul-14,546.50,552.00,537.25,547.00,169154
21-Jul-14,523.50,538.00,520.26,537.00,159182
18-Jul-14,531.50,544.50,519.00,532.00,555638
17-Jul-14,552.50,556.82,536.38,538.00,234944
16-Jul-14,554.00,558.67,540.50,558.00,323740
15-Jul-14,554.50,570.52,544.50,550.00,283802
14-Jul-14,565.00,576.50,557.50,560.50,308365
11-Jul-14,585.00,585.00,559.50,564.50,291737
10-Jul-14,577.50,584.00,572.50,581.00,232447
9-Jul-14,572.50,579.06,564.50,575.50,179066
8-Jul-14,582.00,587.00,567.50,568.50,189544
7-Jul-14,579.50,583.28,569.50,579.00,213561
4-Jul-14,582.00,593.00,579.50,586.00,274164
3-Jul-14,587.50,601.50,580.50,586.50,481415
2-Jul-14,589.50,601.50,583.50,593.00,194807
1-Jul-14,583.00,603.50,574.00,592.00,589570
30-Jun-14,564.50,585.50,562.00,578.50,229852
27-Jun-14,574.00,584.00,563.50,568.50,252939
26-Jun-14,558.00,577.00,547.50,574.00,289646
25-Jun-14,564.00,564.00,549.50,552.50,237990
24-Jun-14,575.50,575.50,563.00,563.50,376633
23-Jun-14,569.50,573.50,567.00,568.50,262920
20-Jun-14,561.00,575.00,559.50,563.50,822077
19-Jun-14,543.50,569.28,540.50,559.50,756466
18-Jun-14,531.00,546.00,521.50,537.00,362271
17-Jun-14,548.50,548.50,516.50,526.50,442964
16-Jun-14,538.00,568.50,536.50,543.50,859705
13-Jun-14,531.00,541.50,529.00,538.00,313990
12-Jun-14,552.50,554.00,535.50,537.50,324580
11-Jun-14,549.50,560.00,537.50,555.00,467089
10-Jun-14,540.50,551.00,534.00,536.50,221076
9-Jun-14,548.50,555.50,542.00,545.50,204515
6-Jun-14,529.50,549.50,520.00,548.50,387527
5-Jun-14,524.50,532.50,513.52,526.47,254347
4-Jun-14,524.50,534.00,519.00,524.47,181815
3-Jun-14,528.50,531.70,517.50,523.47,248909
2-Jun-14,528.00,538.57,526.00,530.47,203118
30-May-14,527.50,537.00,521.50,522.97,220292
29-May-14,519.00,533.00,518.00,531.50,149826
28-May-14,517.50,533.50,514.00,522.47,339246
27-May-14,510.50,536.00,506.50,519.50,1177486
23-May-14,502.00,511.50,492.30,508.50,1321971
22-May-14,545.00,550.00,507.00,510.50,912197
21-May-14,557.50,557.50,538.03,543.00,239699
20-May-14,561.00,576.50,549.00,553.00,159558
19-May-14,565.00,575.00,551.00,556.00,239276
16-May-14,561.00,564.00,539.00,560.00,227030
15-May-14,570.00,589.50,557.00,557.00,243925
14-May-14,570.00,580.00,561.53,569.50,233127
13-May-14,569.00,589.50,560.50,566.50,198875
12-May-14,560.00,583.50,560.00,567.00,244319
9-May-14,559.00,568.50,548.00,552.50,120340
8-May-14,564.50,577.00,561.00,562.00,157690
7-May-14,557.50,564.00,547.00,560.00,170946
6-May-14,554.50,560.50,543.00,558.00,228345
2-May-14,540.00,562.00,540.00,562.00,226388
1-May-14,554.00,561.20,540.50,548.00,127959
30-Apr-14,599.50,599.50,550.00,566.00,434217
29-Apr-14,586.50,593.50,578.00,588.00,155226
28-Apr-14,592.50,592.50,580.00,585.00,213818
25-Apr-14,600.00,608.50,586.50,591.50,249935
24-Apr-14,605.00,619.50,597.00,610.50,402649
23-Apr-14,602.50,617.00,601.00,605.00,237984
22-Apr-14,617.50,617.50,601.00,608.00,216157
17-Apr-14,609.00,617.90,595.50,613.50,193444
16-Apr-14,625.00,628.00,605.00,614.50,234026
15-Apr-14,639.00,639.00,607.00,615.00,343033
14-Apr-14,616.00,641.50,609.00,641.00,299726
11-Apr-14,612.50,622.00,603.50,612.50,174457
10-Apr-14,617.50,622.50,612.00,620.00,352875
9-Apr-14,635.50,640.50,601.29,609.50,482714
8-Apr-14,632.00,642.00,623.50,632.55,691382
7-Apr-14,617.50,632.50,613.00,624.50,332138
4-Apr-14,596.50,632.62,596.50,626.00,432934
3-Apr-14,634.50,642.00,601.50,605.00,569039
2-Apr-14,635.00,645.00,609.50,638.00,425581
1-Apr-14,619.00,642.00,619.00,641.50,237445
31-Mar-14,605.00,633.50,596.00,620.50,368227
28-Mar-14,609.50,617.50,588.00,615.50,305789
27-Mar-14,598.50,608.02,585.00,601.00,372188
26-Mar-14,593.50,615.35,593.50,603.00,484193
25-Mar-14,605.50,612.00,580.00,595.00,614936
24-Mar-14,629.50,630.50,608.50,610.00,307447
21-Mar-14,616.50,637.50,616.00,626.50,638918
20-Mar-14,611.00,620.00,599.50,614.00,448125
19-Mar-14,629.50,636.50,606.50,612.00,509918
18-Mar-14,625.50,639.50,607.50,636.00,545778
17-Mar-14,573.50,627.50,568.10,622.00,1040802
14-Mar-14,549.50,572.50,540.00,569.50,463896
13-Mar-14,561.00,566.50,551.50,557.50,473344
12-Mar-14,562.00,567.50,544.50,559.00,371155
11-Mar-14,556.50,562.50,545.00,553.50,575885
10-Mar-14,565.00,566.00,543.50,550.56,497917
7-Mar-14,597.00,601.50,562.00,565.00,535335
6-Mar-14,564.50,601.50,564.50,591.00,521540
5-Mar-14,568.00,572.00,550.50,568.50,534557
4-Mar-14,580.00,585.00,565.00,579.00,1230876
3-Mar-14,618.00,629.00,556.50,560.50,1711366
28-Feb-14,657.00,657.00,629.50,633.50,382103
27-Feb-14,635.50,650.00,629.50,650.00,397241
26-Feb-14,649.00,660.00,640.00,640.00,318946
25-Feb-14,663.00,663.00,640.00,656.00,861996
24-Feb-14,661.50,662.00,645.50,660.50,315134
21-Feb-14,638.50,664.00,638.50,660.00,441565
20-Feb-14,650.50,650.50,630.50,641.00,594555
19-Feb-14,672.50,677.50,654.00,660.00,831530
18-Feb-14,681.50,681.50,655.50,671.00,947393
17-Feb-14,666.50,690.00,666.50,684.00,946865
14-Feb-14,639.00,661.50,639.00,657.50,585633
13-Feb-14,638.00,639.50,617.00,636.50,740628
12-Feb-14,637.00,645.00,627.00,642.00,872343
11-Feb-14,617.50,631.00,612.00,630.00,1372357
10-Feb-14,600.50,605.00,598.00,604.00,496457
7-Feb-14,592.00,596.00,583.00,593.50,381095
6-Feb-14,597.00,600.00,582.50,590.22,505832
5-Feb-14,582.00,596.00,570.00,592.00,557624
4-Feb-14,577.00,589.00,569.50,584.00,545462
3-Feb-14,578.00,592.00,575.50,582.00,865184
31-Jan-14,583.00,593.00,568.50,577.50,772101
30-Jan-14,601.00,601.00,575.00,590.37,658864
29-Jan-14,600.50,609.00,588.50,600.50,931033
28-Jan-14,601.00,606.00,585.50,590.00,587766
27-Jan-14,594.00,610.00,586.50,601.50,1294494
24-Jan-14,582.50,603.50,565.50,596.00,1436123
23-Jan-14,556.00,587.00,548.00,586.00,953589
22-Jan-14,575.00,581.00,557.00,558.50,602708
21-Jan-14,577.00,599.00,565.50,569.50,958096
20-Jan-14,543.50,570.50,541.50,570.00,852117
17-Jan-14,545.50,558.00,528.00,539.00,2234914
16-Jan-14,525.00,554.00,517.00,543.50,1647957
15-Jan-14,534.50,537.50,501.00,514.00,1146259
14-Jan-14,529.00,542.50,522.00,531.55,980446
13-Jan-14,529.50,545.00,525.50,535.50,659274
10-Jan-14,530.50,547.00,527.50,530.00,788316
9-Jan-14,566.50,567.50,527.00,528.00,1043470
8-Jan-14,569.00,578.50,552.00,572.00,873918
7-Jan-14,569.00,582.50,551.50,569.00,978799
6-Jan-14,588.00,588.00,561.00,564.50,871777
3-Jan-14,586.00,602.00,573.50,591.00,538157
2-Jan-14,573.50,594.00,566.00,584.50,798923
31-Dec-13,573.00,587.00,572.50,575.00,126110
30-Dec-13,562.00,583.50,559.00,577.50,620435
27-Dec-13,531.00,576.00,520.00,565.00,914100
24-Dec-13,498.00,546.00,498.00,530.00,336175
23-Dec-13,489.10,516.00,475.90,511.50,1402042
20-Dec-13,512.00,512.00,470.40,493.30,3354063
19-Dec-13,525.00,526.50,500.00,516.00,1062053
18-Dec-13,498.80,526.50,498.80,517.50,926263
17-Dec-13,508.00,510.50,495.30,506.00,723125
16-Dec-13,498.10,518.00,491.70,512.50,607773
13-Dec-13,494.20,502.50,486.60,496.30,556179
12-Dec-13,494.30,503.50,481.00,498.20,1291191
11-Dec-13,518.00,518.00,494.30,496.90,657990
10-Dec-13,507.50,524.00,499.50,514.00,951867
9-Dec-13,503.50,514.50,481.40,507.00,1045205
6-Dec-13,484.10,504.00,477.70,498.20,1203421
5-Dec-13,489.00,513.50,470.00,477.30,1085048
4-Dec-13,503.00,515.00,482.20,500.50,910111
3-Dec-13,504.00,509.00,473.80,498.00,2387685
2-Dec-13,531.50,541.00,509.00,510.00,477699
29-Nov-13,540.00,550.50,528.50,533.50,380677
28-Nov-13,532.00,546.50,526.50,543.50,454110
27-Nov-13,503.50,533.00,503.50,527.00,904211
26-Nov-13,517.50,519.00,500.00,507.00,418700
25-Nov-13,521.00,531.00,508.50,511.00,431237
22-Nov-13,521.50,528.50,500.00,524.00,760126
21-Nov-13,543.00,543.00,513.00,520.00,516537
20-Nov-13,549.50,560.50,535.50,541.00,385928
19-Nov-13,552.00,567.00,540.00,556.00,365714
18-Nov-13,550.00,567.00,543.50,556.00,257896
15-Nov-13,551.50,573.50,551.00,558.00,594277
14-Nov-13,545.00,561.50,543.00,557.00,950417
13-Nov-13,541.00,552.00,525.00,545.00,1021413
12-Nov-13,558.00,559.50,530.00,536.50,600078
11-Nov-13,568.50,572.00,559.50,567.50,351371
8-Nov-13,577.00,590.50,559.00,567.50,645565
7-Nov-13,569.00,610.50,569.00,587.00,751060
6-Nov-13,591.50,601.00,573.00,577.50,644138
5-Nov-13,576.50,602.00,575.50,595.50,597138
4-Nov-13,562.50,582.50,562.50,571.50,508134
1-Nov-13,598.00,598.50,560.00,566.50,494093
31-Oct-13,613.00,615.50,594.50,599.50,569353
30-Oct-13,609.00,622.00,609.00,622.00,343564
29-Oct-13,608.50,623.50,608.50,616.00,567808
28-Oct-13,619.50,621.00,601.50,618.50,385062
25-Oct-13,618.00,629.50,610.00,612.50,557801
24-Oct-13,610.00,612.50,599.00,606.50,306456
23-Oct-13,605.00,-,594.00,597.50,645426
22-Oct-13,588.00,618.50,584.50,614.00,598467
21-Oct-13,606.00,622.00,595.00,596.00,556453
18-Oct-13,583.00,605.50,575.50,601.00,1112357
17-Oct-13,530.00,573.50,520.50,570.00,1111088
16-Oct-13,541.00,547.50,518.00,525.00,907999
15-Oct-13,563.50,570.50,542.50,548.50,814240
14-Oct-13,563.50,567.00,550.50,559.50,679618
11-Oct-13,595.50,600.50,551.50,559.00,791953
10-Oct-13,595.00,613.50,586.50,590.00,947858
9-Oct-13,611.50,611.50,588.50,594.00,1276915
8-Oct-13,606.00,611.00,589.00,603.50,859277
7-Oct-13,616.00,625.50,605.00,610.50,632986
4-Oct-13,621.00,627.00,612.00,624.00,699182
3-Oct-13,642.50,651.00,622.50,626.00,855526
2-Oct-13,621.50,653.50,616.00,648.00,737054
1-Oct-13,654.00,656.00,617.00,626.50,1175955
30-Sep-13,654.50,662.50,646.00,654.00,865238
27-Sep-13,679.00,681.50,661.00,670.00,1169275
26-Sep-13,666.50,689.50,659.50,683.17,1418067
25-Sep-13,669.50,681.00,656.00,662.00,591947
24-Sep-13,661.00,702.50,651.50,677.00,2433696
20-Sep-13,710.00,711.00,665.00,669.00,1624811
19-Sep-13,749.00,784.00,704.50,705.50,1124582
18-Sep-13,649.50,676.00,649.50,654.00,1958405
17-Sep-13,651.00,666.50,643.50,655.50,1846209
16-Sep-13,688.50,697.00,632.00,659.50,2736624
13-Sep-13,728.00,728.00,698.00,709.50,2390081
12-Sep-13,735.00,751.50,721.00,735.00,2020491
11-Sep-13,763.00,764.00,727.00,736.50,1418414
10-Sep-13,769.00,777.00,744.00,756.00,882228
9-Sep-13,772.00,781.00,764.50,767.50,502264
6-Sep-13,743.00,774.00,725.00,769.00,1413954
5-Sep-13,760.00,761.50,739.00,746.50,728697
4-Sep-13,747.50,759.00,731.50,749.00,616044
3-Sep-13,725.00,746.50,725.00,743.00,627466
2-Sep-13,754.50,767.00,727.00,736.00,726104
30-Aug-13,710.00,768.00,704.50,755.50,1963189
29-Aug-13,689.00,736.00,681.00,730.50,2138049
28-Aug-13,732.50,732.50,668.00,698.00,2616047
27-Aug-13,711.00,792.50,711.00,741.00,1475914
23-Aug-13,789.50,812.00,782.00,809.50,782644
22-Aug-13,787.00,811.50,786.50,802.50,914739
21-Aug-13,798.50,798.50,765.00,787.00,515423
20-Aug-13,785.00,797.00,755.50,793.50,1247118
19-Aug-13,791.00,791.00,767.00,784.50,946859
16-Aug-13,740.50,786.00,740.50,783.50,924065
15-Aug-13,752.00,752.50,715.00,718.50,831342
14-Aug-13,749.50,755.50,732.00,747.00,644689
13-Aug-13,724.50,761.00,724.50,755.50,1056646
12-Aug-13,721.00,744.00,721.00,727.00,1899585
9-Aug-13,691.50,723.50,687.00,716.50,1118064
8-Aug-13,662.00,695.50,655.50,693.00,824447
7-Aug-13,640.00,656.00,621.50,652.50,1180588
6-Aug-13,665.00,668.00,631.00,648.35,1090751
5-Aug-13,659.00,669.50,654.00,667.50,584969
2-Aug-13,670.00,672.50,641.50,663.50,1122240
1-Aug-13,655.00,691.50,643.00,675.50,914392
31-Jul-13,639.00,650.00,636.00,646.50,926570
30-Jul-13,636.00,646.00,619.50,645.00,1339354
29-Jul-13,630.00,642.50,614.50,636.50,634590
26-Jul-13,630.00,645.00,615.50,625.50,706212
25-Jul-13,625.00,628.00,606.00,621.50,789875
24-Jul-13,628.50,645.50,619.00,628.50,952034
23-Jul-13,621.50,645.00,621.50,640.50,699602
22-Jul-13,604.50,633.00,602.00,624.50,754570
19-Jul-13,580.00,610.00,572.00,597.00,1446277
18-Jul-13,568.00,585.81,552.00,583.00,633697
17-Jul-13,550.50,578.00,550.50,571.50,1031085
16-Jul-13,510.50,555.50,510.50,552.50,741029
15-Jul-13,509.00,523.00,504.50,515.50,749366
12-Jul-13,513.50,520.00,500.50,506.00,1071769
11-Jul-13,497.00,531.00,497.00,519.00,1308586
10-Jul-13,505.00,505.00,475.00,479.10,656513
9-Jul-13,481.40,510.00,478.10,506.00,1274140
8-Jul-13,470.60,479.80,461.80,474.40,1240593
5-Jul-13,507.00,513.00,470.10,472.40,1145866
4-Jul-13,489.70,511.00,481.80,503.50,846116
3-Jul-13,487.50,496.60,464.50,481.50,1429846
2-Jul-13,481.40,513.50,479.80,494.20,1417904
1-Jul-13,460.00,486.40,460.00,485.20,1182922
28-Jun-13,455.90,467.12,439.50,453.40,1639520
27-Jun-13,464.10,469.80,440.20,455.80,873915
26-Jun-13,491.30,492.10,462.40,464.00,1340677
25-Jun-13,500.50,506.50,482.40,492.00,1078557
24-Jun-13,525.00,525.00,493.30,493.30,1179312
21-Jun-13,540.00,588.00,514.00,525.50,6152187
20-Jun-13,606.00,606.00,539.00,541.00,1853812
19-Jun-13,641.00,643.00,611.50,614.50,967153
18-Jun-13,650.00,655.50,636.00,638.00,514271
17-Jun-13,662.00,662.00,644.00,650.50,550331
14-Jun-13,636.50,650.50,632.50,649.50,582345
13-Jun-13,615.00,642.00,615.00,639.00,732251
12-Jun-13,622.00,631.00,611.00,628.00,649855
11-Jun-13,644.00,648.50,608.00,617.00,980003
10-Jun-13,682.00,682.00,633.00,644.00,846530
7-Jun-13,675.00,685.50,664.50,675.50,810654
6-Jun-13,681.00,686.00,672.50,675.50,776533
5-Jun-13,694.00,709.00,674.50,675.50,1266673
4-Jun-13,702.50,708.71,695.00,702.00,534290
3-Jun-13,703.50,718.13,696.50,703.50,805397
31-May-13,687.50,700.00,679.00,690.50,976902
30-May-13,661.50,695.50,661.50,690.00,998980
29-May-13,665.00,665.00,641.00,658.00,554437
28-May-13,655.00,667.00,646.84,665.50,461714
24-May-13,671.00,672.52,646.25,648.50,461495
23-May-13,665.00,675.00,652.00,665.00,579614
22-May-13,665.00,691.50,648.50,674.00,1068672
21-May-13,625.00,681.50,621.00,669.00,1384627
20-May-13,640.50,640.50,600.00,617.00,845126
17-May-13,633.50,653.50,627.19,633.50,729272
16-May-13,659.50,663.00,628.50,633.50,858071
15-May-13,697.50,698.00,652.50,654.50,1207064
14-May-13,700.00,721.00,692.50,712.00,877284
13-May-13,690.50,707.50,690.00,701.00,883721
10-May-13,727.50,738.00,693.50,698.00,705812
9-May-13,726.50,741.50,725.00,725.00,478609
8-May-13,740.00,747.00,727.50,729.50,479859
7-May-13,734.50,748.00,729.00,732.50,472077
3-May-13,705.00,741.00,704.50,733.50,499337
2-May-13,681.50,709.00,663.50,705.00,654977
1-May-13,705.00,710.50,676.50,680.00,654811
30-Apr-13,736.00,743.06,692.00,695.50,1227778
29-Apr-13,758.00,761.50,738.00,740.00,757302
26-Apr-13,788.00,789.50,754.50,757.00,694896
25-Apr-13,761.00,789.00,755.00,787.00,857201
24-Apr-13,741.00,785.00,741.00,760.50,880769
23-Apr-13,723.00,741.71,712.50,740.50,486490
22-Apr-13,723.50,727.00,712.00,720.00,768775
19-Apr-13,729.50,739.00,700.00,714.00,880571
18-Apr-13,701.50,728.50,690.50,716.50,852134
17-Apr-13,749.00,749.00,700.00,706.00,911601
16-Apr-13,738.00,758.09,728.50,744.00,899933
15-Apr-13,838.50,840.50,744.00,746.00,1804858
12-Apr-13,877.00,883.50,850.16,859.00,380772
11-Apr-13,884.00,892.34,875.00,877.00,427748
10-Apr-13,885.00,912.50,885.00,893.00,933119
9-Apr-13,880.00,894.00,875.00,886.00,724973
8-Apr-13,840.00,890.50,840.00,882.00,1017155
5-Apr-13,847.50,859.50,829.50,838.00,647741
4-Apr-13,850.00,871.50,844.50,845.50,901995
3-Apr-13,863.50,873.00,853.00,857.50,685437
2-Apr-13,860.50,883.50,857.50,876.50,612472
28-Mar-13,873.00,879.50,863.50,866.50,533552
27-Mar-13,879.00,884.00,858.00,867.50,972690
26-Mar-13,865.50,883.00,857.00,881.00,875112
25-Mar-13,874.00,891.00,855.50,857.50,651281
22-Mar-13,871.50,879.50,868.50,872.50,707145
21-Mar-13,872.50,880.50,855.50,876.00,813801
20-Mar-13,862.00,879.50,859.50,870.00,576017
19-Mar-13,870.50,875.50,839.50,857.50,1277827
18-Mar-13,901.50,913.50,878.00,880.50,1025016
15-Mar-13,946.00,946.00,915.00,915.46,2725294
14-Mar-13,925.50,940.00,920.50,937.00,560102
13-Mar-13,935.00,941.50,925.00,930.50,931112
12-Mar-13,935.00,944.00,930.00,938.50,862552
11-Mar-13,940.00,946.00,935.00,936.50,664229
8-Mar-13,957.00,962.00,940.50,944.00,654291
7-Mar-13,955.50,981.50,950.00,951.50,701982
6-Mar-13,992.00,993.50,973.50,975.50,220945
5-Mar-13,990.00,1007.00,972.00,989.00,410580
4-Mar-13,986.50,993.00,969.00,985.00,440556
1-Mar-13,988.50,1010.00,961.00,1002.00,517363
28-Feb-13,1019.00,1022.00,991.50,999.00,427100
27-Feb-13,999.00,1016.00,988.50,1013.00,402947
26-Feb-13,981.50,1000.00,977.00,998.50,552124
25-Feb-13,977.00,1015.00,976.50,1004.00,606400
22-Feb-13,955.00,983.00,955.00,982.50,695823
21-Feb-13,968.00,970.00,939.30,946.00,1080628
20-Feb-13,1010.00,1030.00,965.00,967.50,557756
19-Feb-13,997.50,1013.00,995.00,1007.00,231371
18-Feb-13,1002.00,1012.00,995.50,999.00,330381
15-Feb-13,1032.00,1032.00,997.50,997.50,548093
14-Feb-13,1061.00,1067.00,1019.00,1022.00,314935
13-Feb-13,1050.00,1077.00,1050.00,1062.00,454477
12-Feb-13,1049.00,1055.00,1031.00,1054.00,271637
11-Feb-13,1048.00,1066.00,1045.00,1049.00,251115
8-Feb-13,1059.00,1073.00,1048.00,1050.00,279850
7-Feb-13,1080.00,1083.21,1049.00,1054.00,416547
6-Feb-13,1072.00,1095.00,1065.00,1078.00,241270
5-Feb-13,1075.00,1090.00,1066.00,1067.00,242239
4-Feb-13,1094.00,1107.00,1072.34,1075.00,497843
1-Feb-13,1076.00,1098.00,1072.00,1093.00,274704
31-Jan-13,1083.00,1090.00,1063.00,1072.00,364670
30-Jan-13,1100.00,1114.00,1070.00,1088.00,773822
29-Jan-13,1112.00,1116.00,1101.00,1110.00,505003
28-Jan-13,1104.00,1137.00,1102.50,1109.00,534431
25-Jan-13,1108.00,1119.00,1101.00,1116.00,828580
24-Jan-13,1055.00,1111.00,1052.00,1090.00,954573
23-Jan-13,1059.00,1086.00,1055.00,1059.00,308008
22-Jan-13,1072.00,1075.36,1032.00,1055.00,343208
21-Jan-13,1089.00,1090.00,1060.00,1075.00,244943
18-Jan-13,1082.00,1099.00,1077.00,1081.00,231936
17-Jan-13,1091.00,1094.00,1076.00,1084.00,227140
16-Jan-13,1107.00,1112.00,1094.00,1097.00,288909
15-Jan-13,1130.00,1130.00,1095.00,1104.00,448467
14-Jan-13,1154.00,1158.79,1136.00,1136.00,257158
11-Jan-13,1148.00,1161.00,1139.00,1158.00,357613
10-Jan-13,1142.00,1152.00,1121.00,1147.00,287565
9-Jan-13,1149.00,1160.00,1130.00,1135.00,362081
8-Jan-13,1144.00,1160.50,1138.00,1147.00,512036
7-Jan-13,1174.00,1179.25,1149.00,1151.00,248215
4-Jan-13,1210.00,1210.00,1171.00,1174.00,412828
3-Jan-13,1220.00,1228.00,1202.00,1219.00,174100
2-Jan-13,1177.00,1231.00,1177.00,1218.00,252885
