31-Dec-15,1539.50,1545.50,1528.88,1531.00,513598
30-Dec-15,1559.00,1560.00,1538.50,1546.00,1610066
29-Dec-15,1551.50,1561.00,1533.50,1561.00,2095323
24-Dec-15,1543.00,1552.00,1533.00,1540.00,421959
23-Dec-15,1517.00,1547.50,1513.65,1540.50,1822132
22-Dec-15,1492.50,1509.50,1485.00,1503.00,2768445
21-Dec-15,1484.50,1506.00,1482.50,1482.50,2483913
18-Dec-15,1488.50,1508.50,1488.00,1489.00,6349398
16-Dec-15,1483.50,1502.00,1474.50,1495.00,3268430
15-Dec-15,1456.00,1492.15,1448.08,1482.00,3923899
14-Dec-15,1468.50,1485.00,1439.00,1439.50,4666805
11-Dec-15,1480.00,1495.00,1456.00,1469.00,5125244
10-Dec-15,1506.00,1508.50,1473.50,1488.00,3702734
9-Dec-15,1518.50,1527.00,1510.50,1519.25,3792269
8-Dec-15,1519.50,1532.00,1504.81,1517.50,3109705
7-Dec-15,1520.00,1534.00,1513.50,1524.00,2598491
4-Dec-15,1505.00,1512.50,1494.00,1505.50,2906818
3-Dec-15,1550.50,1566.00,1505.50,1505.50,3697172
2-Dec-15,1572.00,1576.00,1556.50,1556.50,2192474
1-Dec-15,1549.00,1567.00,1537.00,1564.00,4380185
30-Nov-15,1542.50,1547.00,1531.50,1539.50,3104274
27-Nov-15,1544.50,1553.00,1536.50,1548.50,2483787
26-Nov-15,1540.50,1555.00,1538.25,1553.50,1931462
25-Nov-15,1519.00,1543.00,1513.50,1541.00,2305889
24-Nov-15,1514.00,1516.00,1487.00,1510.50,2507070
23-Nov-15,1527.00,1527.25,1507.00,1516.50,1862447
20-Nov-15,1523.50,1538.50,1510.00,1536.50,2726226
19-Nov-15,1512.00,1530.14,1505.50,1518.00,2516072
18-Nov-15,1508.00,1510.00,1488.00,1495.00,2598345
17-Nov-15,1488.50,1519.64,1486.22,1513.50,2956469
16-Nov-15,1453.50,1472.50,1453.50,1470.00,2097951
13-Nov-15,1484.50,1486.00,1459.00,1468.00,2717320
12-Nov-15,1507.50,1519.50,1485.50,1491.00,3087323
11-Nov-15,1493.50,1511.71,1485.50,1508.50,3551169
10-Nov-15,1559.00,1569.00,1488.00,1493.75,5394302
9-Nov-15,1549.50,1566.50,1544.46,1550.00,3084915
6-Nov-15,1537.00,1557.50,1523.50,1545.00,3025335
5-Nov-15,1571.50,1572.00,1537.00,1540.50,2736893
4-Nov-15,1550.00,1578.50,1550.00,1568.00,3717397
3-Nov-15,1533.50,1547.50,1524.00,1547.50,2364502
2-Nov-15,1511.50,1531.50,1508.50,1528.50,1843132
30-Oct-15,1521.50,1530.00,1506.00,1519.00,2918311
29-Oct-15,1530.00,1538.50,1510.50,1519.50,2749942
28-Oct-15,1514.50,1534.50,1514.00,1533.00,2310349
27-Oct-15,1530.50,1532.00,1514.50,1514.50,1972268
26-Oct-15,1529.00,1538.00,1526.50,1531.50,1824840
23-Oct-15,1517.00,1548.50,1509.00,1535.00,3559083
22-Oct-15,1499.00,1512.00,1493.50,1506.00,3162209
21-Oct-15,1515.00,1515.00,1494.00,1499.50,2933724
20-Oct-15,1524.00,1530.50,1502.50,1509.50,2407674
19-Oct-15,1520.00,1539.50,1511.50,1521.00,1991860
16-Oct-15,1501.50,1527.00,1499.00,1523.00,4419478
15-Oct-15,1470.50,1489.00,1461.00,1486.50,3031305
14-Oct-15,1481.00,1485.00,1458.00,1460.50,3125300
13-Oct-15,1514.00,1514.50,1485.50,1496.50,3061223
12-Oct-15,1514.00,1517.00,1500.50,1515.00,1965775
9-Oct-15,1529.00,1533.86,1506.00,1514.50,3954899
8-Oct-15,1519.00,1530.00,1513.00,1518.50,2882016
7-Oct-15,1498.00,1532.00,1489.50,1519.00,5027276
6-Oct-15,1486.50,1499.00,1481.00,1489.50,3336258
5-Oct-15,1450.00,1489.50,1445.00,1483.50,5697536
2-Oct-15,1410.00,1446.20,1401.00,1421.50,4123368
1-Oct-15,1409.50,1415.50,1388.00,1394.50,3490104
30-Sep-15,1359.50,1393.50,1357.50,1393.50,4719687
29-Sep-15,1336.00,1351.00,1330.50,1330.50,3010167
28-Sep-15,1385.00,1389.55,1045.99,1045.99,2859030
25-Sep-15,1364.00,1398.50,1344.02,1392.00,2859597
24-Sep-15,1367.50,1377.00,1339.00,1343.50,4074387
23-Sep-15,1354.00,1376.50,1349.50,1366.50,3784005
22-Sep-15,1383.50,1384.50,1349.00,1351.50,5329584
21-Sep-15,1361.00,1393.00,1361.00,1380.00,3463155
18-Sep-15,1400.00,1406.21,1353.00,1369.00,6849275
17-Sep-15,1427.00,1429.50,1408.50,1418.50,5974757
16-Sep-15,1430.00,1440.50,1421.00,1427.50,4111487
15-Sep-15,1385.00,1427.50,1370.50,1419.00,4197273
14-Sep-15,1405.00,1419.00,1381.00,1384.50,2963839
11-Sep-15,1422.00,1423.28,1397.90,1398.00,3772346
10-Sep-15,1419.00,1431.80,1409.50,1416.00,4565378
9-Sep-15,1412.00,1450.00,1411.00,1428.00,6359171
8-Sep-15,1370.00,1403.00,1367.50,1385.50,3766156
7-Sep-15,1364.00,1369.50,1356.41,1361.50,2315295
4-Sep-15,1383.50,1386.00,1347.91,1348.00,4987387
3-Sep-15,1378.00,1399.50,1374.00,1396.00,4468006
2-Sep-15,1383.00,1388.50,1357.50,1364.50,5390960
1-Sep-15,1399.00,1403.90,1357.22,1367.50,5761804
28-Aug-15,1416.00,1428.50,1400.50,1418.00,5049179
27-Aug-15,1424.00,1430.57,1404.50,1413.00,8001951
26-Aug-15,1395.50,1420.02,1382.50,1394.00,5281690
25-Aug-15,1378.00,1428.00,1372.50,1411.50,6994587
24-Aug-15,1355.50,1397.45,1318.00,1360.00,10661839
21-Aug-15,1450.00,1459.50,1419.50,1419.50,6779904
20-Aug-15,1490.50,1522.50,1472.00,1472.00,5223152
19-Aug-15,1515.00,1533.50,1501.00,1514.50,5531593
18-Aug-15,1531.50,1535.00,1514.00,1518.00,3767942
17-Aug-15,1538.50,1544.00,1520.00,1531.00,3538971
14-Aug-15,1555.50,1557.00,1531.00,1533.00,3253906
13-Aug-15,1560.00,1569.00,1541.50,1548.00,5081967
12-Aug-15,1563.50,1567.50,1528.00,1535.50,7563465
11-Aug-15,1501.50,1587.00,1475.50,1577.00,10040315
10-Aug-15,1510.50,1539.00,1497.50,1506.50,5610261
7-Aug-15,1534.50,1544.00,1525.50,1528.50,3226680
6-Aug-15,1530.00,1547.50,1525.50,1540.00,2919293
5-Aug-15,1510.00,1532.50,1510.00,1530.00,4128475
4-Aug-15,1497.00,1512.00,1486.00,1507.00,3003493
3-Aug-15,1502.50,1504.00,1491.00,1493.50,3596752
31-Jul-15,1530.00,1530.00,1495.50,1507.50,4294738
30-Jul-15,1506.00,1525.00,1503.00,1520.00,3982360
29-Jul-15,1514.50,1517.50,1494.50,1501.50,3121428
28-Jul-15,1508.50,1521.00,1504.00,1506.50,3956119
27-Jul-15,1509.50,1517.00,1493.00,1499.00,3401434
24-Jul-15,1545.00,1552.00,1516.00,1517.00,4186069
23-Jul-15,1557.00,1562.00,1542.23,1548.00,3633022
22-Jul-15,1575.50,1582.50,1544.00,1549.00,4967330
21-Jul-15,1616.00,1620.00,1580.50,1584.00,4765294
20-Jul-15,1610.00,1635.00,1610.00,1618.00,2718986
17-Jul-15,1638.50,1641.00,1625.50,1633.50,1945327
16-Jul-15,1630.00,1640.00,1628.00,1634.00,2698223
15-Jul-15,1616.50,1627.00,1611.00,1620.00,2222254
14-Jul-15,1632.00,1633.50,1611.00,1618.00,3182296
13-Jul-15,1622.00,1632.60,1605.75,1631.50,2897673
10-Jul-15,1588.50,1609.00,1579.00,1603.50,3186642
9-Jul-15,1535.00,1570.50,1528.00,1566.50,4073100
8-Jul-15,1509.00,1521.00,1485.00,1520.50,6231060
7-Jul-15,1540.00,1543.00,1511.50,1512.50,4852920
6-Jul-15,1544.50,1555.00,1532.00,1536.50,2686814
3-Jul-15,1563.50,1574.80,1558.50,1562.50,1353069
2-Jul-15,1577.00,1586.50,1562.64,1569.50,2935683
1-Jul-15,1547.00,1578.00,1541.50,1575.00,4533750
30-Jun-15,1546.50,1557.15,1522.65,1532.50,5484948
29-Jun-15,1554.50,1564.50,1537.00,1543.50,5140363
26-Jun-15,1596.00,1597.00,1578.00,1580.00,3767620
25-Jun-15,1599.00,1612.00,1594.00,1601.50,2889045
24-Jun-15,1610.00,1621.00,1598.50,1601.50,2951398
23-Jun-15,1611.50,1665.19,1603.50,1611.00,2799759
22-Jun-15,1586.00,1608.50,1578.50,1606.50,3025230
19-Jun-15,1577.50,1590.90,1568.50,1570.50,4971007
18-Jun-15,1558.50,1582.50,1538.50,1580.50,3177079
17-Jun-15,1576.50,1587.00,1550.00,1562.00,3591550
16-Jun-15,1566.00,1579.00,1559.00,1571.50,2142031
15-Jun-15,1595.00,1595.00,1572.80,1574.00,2016769
12-Jun-15,1609.50,1617.25,1595.00,1605.50,3106101
11-Jun-15,1582.50,1621.00,1579.00,1615.00,3896387
10-Jun-15,1557.00,1594.50,1545.00,1588.00,4051434
9-Jun-15,1578.00,1578.00,1547.00,1558.00,3185015
8-Jun-15,1588.50,1591.00,1574.00,1574.00,1949734
5-Jun-15,1600.50,1601.00,1581.00,1588.00,2727359
4-Jun-15,1617.00,1624.70,1595.50,1609.00,3845962
3-Jun-15,1605.50,1623.00,1592.00,1617.00,3107493
2-Jun-15,1624.00,1624.00,1589.00,1601.00,3257770
1-Jun-15,1627.00,1630.00,1596.00,1611.50,4746294
29-May-15,1628.50,1654.00,1610.50,1627.00,6504192
28-May-15,1637.50,1642.00,1613.50,1632.00,3211939
27-May-15,1633.00,1646.50,1616.50,1639.00,3443521
26-May-15,1648.00,1656.80,1625.50,1630.50,2030060
22-May-15,1658.00,1665.00,1648.50,1654.25,1611003
21-May-15,1636.00,1660.50,1635.76,1657.50,2951209
20-May-15,1675.00,1675.00,1636.00,1643.00,4389305
19-May-15,1647.50,1674.50,1643.50,1669.00,3082809
18-May-15,1632.00,1649.50,1618.00,1637.00,1856551
15-May-15,1638.50,1650.08,1624.00,1627.00,2612082
14-May-15,1612.00,1632.50,1603.00,1632.00,1936586
13-May-15,1615.00,1621.50,1601.00,1610.50,2423707
12-May-15,1636.00,1640.50,1592.00,1608.00,3949839
11-May-15,1645.00,1659.50,1639.50,1647.50,2684093
8-May-15,1622.50,1648.00,1612.00,1647.50,4524691
7-May-15,1596.00,1604.50,1567.00,1595.50,5677376
6-May-15,1613.00,1631.50,1592.00,1596.50,4653954
5-May-15,1634.50,1649.18,1612.50,1646.19,5398180
1-May-15,1625.00,1637.92,1605.00,1612.00,1822440
30-Apr-15,1633.00,1640.50,1607.00,1629.00,3506496
29-Apr-15,1637.00,1650.00,1614.00,1623.00,3099854
28-Apr-15,1672.00,1672.50,1620.00,1634.00,4175845
27-Apr-15,1645.00,1674.50,1628.00,1668.50,4283763
24-Apr-15,1629.50,1661.37,1618.50,1632.00,3926902
23-Apr-15,1649.00,1654.50,1623.00,1628.00,3242289
22-Apr-15,1654.00,1659.50,1624.50,1640.50,2283552
21-Apr-15,1667.00,1676.50,1649.82,1651.00,2456274
20-Apr-15,1645.50,1672.49,1644.72,1660.00,2658127
17-Apr-15,1658.50,1666.00,1633.00,1636.50,3590199
16-Apr-15,1686.00,1686.00,1354.19,1664.50,3071017
15-Apr-15,1684.00,1684.00,1672.00,1677.50,2957953
14-Apr-15,1693.50,1704.50,1676.50,1681.00,2410165
13-Apr-15,1713.50,1720.00,1688.35,1696.50,2041421
10-Apr-15,1706.00,1719.50,1699.00,1716.00,2954841
9-Apr-15,1693.50,1699.00,1690.00,1695.00,2971091
8-Apr-15,1694.50,1697.00,1676.00,1681.50,3176407
7-Apr-15,1687.50,1701.00,1681.00,1697.00,3335502
2-Apr-15,1679.50,1687.00,1670.57,1679.50,2209848
1-Apr-15,1674.50,1688.50,1662.50,1675.00,3283911
31-Mar-15,1696.00,1704.50,1663.20,1672.00,5118953
30-Mar-15,1699.50,1700.00,1682.50,1697.00,4175909
27-Mar-15,1696.50,1708.74,1676.00,1683.00,3281651
26-Mar-15,1710.50,1715.50,1670.50,1685.00,4941719
25-Mar-15,1750.00,1761.50,1738.50,1742.00,3373965
24-Mar-15,1744.00,1757.50,1737.55,1743.50,3979002
23-Mar-15,1750.00,1750.00,1729.00,1741.50,3596560
20-Mar-15,1755.50,1758.00,1743.50,1747.50,7338845
19-Mar-15,1739.50,1757.21,1725.00,1752.00,5359271
18-Mar-15,1699.50,1733.00,1699.50,1727.21,4326218
17-Mar-15,1703.00,1708.00,1687.50,1698.00,3160986
16-Mar-15,1684.00,1705.50,1683.00,1701.50,2689955
13-Mar-15,1668.00,1685.50,1662.00,1670.00,4549750
12-Mar-15,1645.50,1671.50,1637.00,1660.00,3873777
11-Mar-15,1620.50,1640.25,1620.00,1634.00,3242724
10-Mar-15,1600.00,1649.00,1599.05,1612.00,7880696
9-Mar-15,1663.00,1668.00,1647.50,1663.50,2346308
6-Mar-15,1656.00,1687.00,1654.76,1671.50,3339881
5-Mar-15,1627.00,1664.50,1626.00,1658.50,2764866
4-Mar-15,1625.00,1628.50,1614.00,1625.00,2854930
3-Mar-15,1629.50,1643.00,1621.00,1622.00,2526522
2-Mar-15,1627.50,1635.50,1615.21,1625.90,3296871
27-Feb-15,1628.00,1639.50,1621.00,1629.50,2803704
26-Feb-15,1615.00,1631.00,1608.50,1628.00,2278248
25-Feb-15,1614.00,1622.00,1606.00,1615.00,2368929
24-Feb-15,1622.00,1626.50,1607.50,1616.50,2835369
23-Feb-15,1612.50,1626.50,1611.00,1622.00,2652362
20-Feb-15,1604.00,1612.00,1596.51,1604.28,3585902
19-Feb-15,1602.00,1622.00,1592.00,1604.50,3241715
18-Feb-15,1590.00,1616.00,1575.50,1600.00,3196290
17-Feb-15,1592.00,1613.40,1587.00,1608.50,2642112
16-Feb-15,1599.50,1606.50,1594.00,1600.00,1394473
13-Feb-15,1628.50,1628.50,1591.50,1599.50,3089614
12-Feb-15,1612.00,1633.00,1612.00,1619.00,3493156
11-Feb-15,1621.00,1627.49,1597.21,1612.00,1798379
10-Feb-15,1605.00,1628.00,1583.50,1621.50,3097909
9-Feb-15,1615.00,1618.00,1591.50,1601.00,2354017
6-Feb-15,1619.50,1626.00,1606.00,1620.00,3660687
5-Feb-15,1618.50,1626.50,1607.50,1612.00,2416315
4-Feb-15,1633.00,1641.50,1614.00,1627.50,3837712
3-Feb-15,1612.00,1641.31,1604.50,1631.50,3178106
2-Feb-15,1629.00,1631.00,1594.50,1610.50,2944287
30-Jan-15,1649.00,1649.50,1619.50,1620.00,3073714
29-Jan-15,1627.00,1645.00,1618.50,1643.00,3003979
28-Jan-15,1625.00,1640.50,1606.18,1640.50,2426897
27-Jan-15,1635.00,1636.50,1602.00,1616.50,3293228
26-Jan-15,1617.00,1633.50,1608.50,1620.50,2375402
23-Jan-15,1602.50,1631.00,1598.18,1627.50,3770592
22-Jan-15,1583.50,1597.50,1567.18,1594.00,2783119
21-Jan-15,1540.00,1577.50,1540.00,1577.50,4045650
20-Jan-15,1522.00,1539.00,1519.50,1539.00,3128796
19-Jan-15,1497.00,1517.00,1487.50,1510.50,2765409
16-Jan-15,1501.00,1509.00,1484.00,1499.50,4262220
15-Jan-15,1471.50,1515.50,1441.50,1515.50,5302161
14-Jan-15,1471.50,1486.50,1450.00,1463.50,3623635
13-Jan-15,1471.00,1502.50,1465.41,1491.50,2266017
12-Jan-15,1480.00,1504.50,1471.50,1478.50,2213425
9-Jan-15,1497.50,1507.50,1468.17,1478.00,2359689
8-Jan-15,1483.50,1507.50,1476.00,1504.00,2612366
7-Jan-15,1448.00,1473.50,1441.50,1471.00,4234432
6-Jan-15,1460.50,1465.50,1433.00,1436.50,2830569
5-Jan-15,1491.00,1500.50,1460.00,1463.50,2640681
31-Dec-14,1494.50,1506.00,1485.50,1492.00,520818
30-Dec-14,1510.50,1519.85,1484.50,1492.00,1544234
29-Dec-14,1521.50,1528.50,1506.50,1523.00,1679924
24-Dec-14,1531.00,1533.00,1510.50,1515.50,432116
23-Dec-14,1530.50,1546.50,1521.50,1526.50,1148386
22-Dec-14,1520.50,1532.65,1516.00,1526.50,1631005
19-Dec-14,1512.50,1520.50,1492.50,1512.50,5155381
18-Dec-14,1476.00,1496.00,1467.00,1495.00,3956322
17-Dec-14,1459.00,1469.00,1444.14,1457.00,3421526
16-Dec-14,1432.50,1465.50,1410.00,1465.50,5520127
15-Dec-14,1458.00,1474.50,1426.50,1427.00,3805777
12-Dec-14,1490.00,1494.50,1453.00,1459.50,4412024
11-Dec-14,1501.00,1508.00,1493.00,1501.50,3219963
10-Dec-14,1500.00,1518.00,1499.50,1503.00,2974904
9-Dec-14,1529.50,1540.65,1497.00,1498.00,4059312
8-Dec-14,1545.50,1545.68,1530.50,1532.50,1822946
5-Dec-14,1539.50,1554.50,1532.50,1550.50,2445091
4-Dec-14,1535.00,1547.00,1526.50,1528.50,2837073
3-Dec-14,1546.00,1564.50,1534.50,1535.00,2892311
2-Dec-14,1547.00,1573.50,1547.00,1552.50,3449577
1-Dec-14,1546.00,1557.00,1529.00,1541.00,3014619
28-Nov-14,1533.50,1554.00,1533.50,1548.00,2980446
27-Nov-14,1518.00,1539.00,1514.00,1538.50,2303551
26-Nov-14,1508.50,1523.57,1508.50,1519.00,2429760
25-Nov-14,1516.00,1529.00,1500.00,1507.50,3940265
24-Nov-14,1506.00,1521.00,1491.00,1516.00,2280004
21-Nov-14,1507.00,1510.01,1494.00,1502.50,3278813
20-Nov-14,1502.50,1513.50,1498.90,1506.50,2561217
19-Nov-14,1500.00,1513.00,1493.00,1505.00,3048682
18-Nov-14,1479.00,1503.00,1466.50,1491.00,3920890
17-Nov-14,1455.00,1480.98,1454.50,1475.00,2317265
14-Nov-14,1457.50,1464.00,1448.39,1464.00,2505665
13-Nov-14,1444.50,1453.42,1437.00,1448.00,2619579
12-Nov-14,1449.00,1455.00,1432.00,1442.00,2098695
11-Nov-14,1445.00,1459.00,1441.50,1451.00,1398435
10-Nov-14,1439.50,1443.00,1432.00,1442.50,2443405
7-Nov-14,1442.00,1461.00,1425.63,1437.50,2575046
6-Nov-14,1434.00,1454.00,1426.00,1434.10,2782264
5-Nov-14,1435.50,1447.50,1429.50,1441.00,2438596
4-Nov-14,1426.00,1441.50,1426.00,1431.06,2118347
3-Nov-14,1435.00,1441.50,1414.00,1424.50,2757071
31-Oct-14,1444.50,1448.50,1432.50,1442.50,3091491
30-Oct-14,1435.00,1435.00,1405.00,1429.50,3904998
29-Oct-14,1393.50,1421.50,1389.50,1411.21,3714905
28-Oct-14,1381.50,1393.00,1377.50,1390.50,2115483
27-Oct-14,1393.00,1398.00,1361.00,1370.00,2166281
24-Oct-14,1366.50,1379.50,1362.50,1374.00,1992157
23-Oct-14,1364.00,1379.00,1350.50,1371.00,3226322
22-Oct-14,1363.50,1372.50,1352.00,1367.50,3441661
21-Oct-14,1343.50,1362.23,1335.00,1358.00,2705933
20-Oct-14,1350.00,1358.50,1337.00,1340.82,2653410
17-Oct-14,1330.00,1354.00,1322.00,1353.00,5370636
16-Oct-14,1337.50,1348.50,1287.00,1321.50,6481800
15-Oct-14,1386.50,1386.50,1333.50,1334.00,4212896
14-Oct-14,1361.00,1390.50,1351.50,1382.50,3871440
13-Oct-14,1341.00,1373.00,1295.50,1370.29,3152767
10-Oct-14,1377.00,1390.50,1358.50,1359.50,3700358
9-Oct-14,1413.00,1436.50,1389.50,1391.00,4973700
8-Oct-14,1377.00,1416.50,1369.62,1408.00,5397689
7-Oct-14,1387.00,1396.08,1378.50,1381.50,3741682
6-Oct-14,1400.00,1400.28,1357.27,1388.00,3419474
3-Oct-14,1350.00,1381.50,1344.62,1372.50,3342957
2-Oct-14,1358.00,1374.27,1343.50,1343.50,3878843
1-Oct-14,1373.00,1376.50,1354.50,1357.00,3806311
30-Sep-14,1414.50,1416.87,1376.00,1376.00,5491434
29-Sep-14,1419.00,1421.50,1398.00,1414.50,3159062
26-Sep-14,1416.00,1424.50,1406.50,1423.50,2982716
25-Sep-14,1425.00,1438.50,1411.50,1416.00,4103554
24-Sep-14,1401.50,1418.50,1398.00,1418.50,3202170
23-Sep-14,1430.50,1449.00,1396.50,1402.00,3453191
22-Sep-14,1416.00,1425.50,1409.00,1414.00,3662332
19-Sep-14,1447.00,1455.00,1413.00,1413.00,11934069
18-Sep-14,1401.00,1433.00,1400.50,1427.50,3310880
17-Sep-14,1413.50,1416.00,1349.15,1402.00,3213047
16-Sep-14,1417.00,1419.50,1402.90,1410.00,2760845
15-Sep-14,1423.00,1437.00,1416.50,1418.50,2518564
12-Sep-14,1429.50,1433.50,1422.50,1424.62,1782990
11-Sep-14,1444.00,1444.00,1414.50,1426.50,1364704
10-Sep-14,1426.50,1433.50,1416.40,1431.50,1905884
9-Sep-14,1440.00,1442.00,1422.50,1426.00,2294379
8-Sep-14,1444.00,1450.50,1419.50,1440.00,2223783
5-Sep-14,1456.00,1459.50,1441.50,1451.50,2140102
4-Sep-14,1457.00,1463.50,1448.00,1455.00,2900299
3-Sep-14,1458.50,1472.50,1453.50,1453.50,3294436
2-Sep-14,1459.00,1466.00,1447.00,1454.00,2047256
1-Sep-14,1454.50,1454.50,1441.50,1449.00,1467289
29-Aug-14,1444.00,1454.00,1437.00,1450.00,2549329
28-Aug-14,1441.00,1447.00,1437.50,1441.00,1918179
27-Aug-14,1446.50,1452.50,1441.00,1444.50,1759223
26-Aug-14,1455.00,1462.19,1438.00,1446.50,2998253
22-Aug-14,1445.00,1451.50,1432.56,1448.50,1740881
21-Aug-14,1429.50,1445.69,1420.50,1442.00,1471136
20-Aug-14,1421.00,1431.18,1418.50,1425.50,2204754
19-Aug-14,1428.50,1435.00,1418.00,1431.00,1840279
18-Aug-14,1430.00,1432.81,1414.00,1415.50,2560713
15-Aug-14,1420.00,1434.00,1417.50,1420.00,3921220
14-Aug-14,1404.50,1419.50,1400.00,1417.50,2764828
13-Aug-14,1379.00,1407.50,1377.50,1404.00,4344112
12-Aug-14,1332.00,1379.00,1329.60,1368.50,3264848
11-Aug-14,1330.00,1343.50,1327.00,1339.00,1910377
8-Aug-14,1321.50,1333.50,1310.00,1326.50,2388590
7-Aug-14,1330.50,1336.00,1318.67,1331.00,1699962
6-Aug-14,1334.00,1337.00,1318.50,1330.00,2277102
5-Aug-14,1352.00,1357.50,1335.00,1338.50,2080169
4-Aug-14,1349.50,1356.00,1340.50,1348.50,2194905
1-Aug-14,1368.00,1372.50,1338.50,1342.50,2679448
31-Jul-14,1371.00,1380.50,1357.50,1367.50,2392135
30-Jul-14,1394.00,1397.50,1373.50,1378.50,2297867
29-Jul-14,1401.50,1405.00,1386.50,1395.00,2008247
28-Jul-14,1399.50,1400.00,1384.00,1397.00,1724141
25-Jul-14,1386.00,1404.50,1386.00,1397.00,2766345
24-Jul-14,1380.50,1391.50,1373.00,1390.00,1916132
23-Jul-14,1376.00,1385.50,1370.50,1381.50,1894112
22-Jul-14,1366.50,1385.50,1365.00,1377.50,2237729
21-Jul-14,1369.00,1372.50,1354.00,1362.00,1522731
18-Jul-14,1376.50,1383.97,1362.00,1372.00,3011748
17-Jul-14,1388.00,1397.21,1380.50,1385.00,2210580
16-Jul-14,1371.50,1397.13,1371.00,1397.13,2551485
15-Jul-14,1370.00,1376.66,1361.00,1364.50,2599285
14-Jul-14,1371.50,1384.00,1366.00,1375.00,1466806
11-Jul-14,1366.00,1374.98,1357.50,1364.50,1844491
10-Jul-14,1373.00,1376.00,1349.00,1359.00,2817658
9-Jul-14,1375.50,1385.35,1362.00,1371.50,2415422
8-Jul-14,1381.50,1389.65,1373.50,1380.00,3372430
7-Jul-14,1379.50,1387.00,1374.81,1378.00,1874477
4-Jul-14,1383.50,1390.00,1374.50,1380.50,1445181
3-Jul-14,1376.00,1390.00,1369.00,1383.50,2879735
2-Jul-14,1359.00,1375.00,1357.50,1371.50,2864729
1-Jul-14,1339.50,1361.50,1334.90,1360.50,2328665
30-Jun-14,1340.50,1347.00,1327.50,1340.87,2831589
27-Jun-14,1324.00,1343.00,1322.00,1338.00,2467078
26-Jun-14,1323.50,1325.00,1313.00,1321.00,2322979
25-Jun-14,1326.00,1326.00,1314.00,1318.50,2143344
24-Jun-14,1341.50,1345.00,1322.31,1329.50,1786043
23-Jun-14,1342.50,1348.00,1335.00,1338.00,1744132
20-Jun-14,1342.50,1356.50,1339.12,1345.00,4157838
19-Jun-14,1365.00,1366.00,1345.50,1345.50,3543834
18-Jun-14,1355.50,1363.50,1354.00,1355.50,2136202
17-Jun-14,1353.00,1365.00,1343.00,1350.50,2188842
16-Jun-14,1343.50,1357.50,1342.00,1346.50,2206462
13-Jun-14,1368.50,1390.00,1339.00,1347.00,2852424
12-Jun-14,1376.50,1385.50,1367.50,1371.50,2207943
11-Jun-14,1368.00,1374.50,1359.00,1370.00,2515747
10-Jun-14,1380.50,1380.50,1368.20,1369.00,2073631
9-Jun-14,1389.00,1391.50,1377.00,1380.00,1182268
6-Jun-14,1376.00,1386.00,1372.00,1383.00,2606932
5-Jun-14,1374.00,1380.00,1368.50,1373.43,2674789
4-Jun-14,1372.00,1379.00,1366.00,1370.00,2696323
3-Jun-14,1390.00,1394.00,1370.50,1373.93,2035047
2-Jun-14,1392.00,1393.00,1382.00,1388.93,1637060
30-May-14,1387.50,1395.00,1379.98,1385.43,3134963
29-May-14,1405.50,1408.00,1388.50,1390.00,1938483
28-May-14,1402.50,1406.00,1395.00,1405.93,1877352
27-May-14,1391.50,1402.00,1391.50,1399.43,2455167
23-May-14,1402.00,1402.00,1378.50,1384.50,2699161
22-May-14,1395.50,1401.50,1384.50,1399.40,3229383
21-May-14,1400.50,1405.50,1395.00,1402.50,3006031
20-May-14,1398.50,1409.50,1388.16,1394.93,2792835
19-May-14,1408.50,1422.50,1388.50,1394.93,3552827
16-May-14,1390.50,1403.00,1390.50,1398.09,3264248
15-May-14,1412.00,1415.00,1383.50,1390.50,2759382
14-May-14,1409.50,1414.00,1396.86,1409.93,2245617
13-May-14,1398.50,1413.00,1391.39,1412.00,2708281
12-May-14,1372.00,1391.50,1361.50,1391.50,1855570
9-May-14,1387.00,1391.00,1359.50,1369.00,3198421
8-May-14,1377.50,1417.50,1364.50,1393.00,3655854
7-May-14,1363.00,1379.00,1361.50,1377.50,2825004
6-May-14,1375.50,1376.58,1362.50,1370.93,1830353
2-May-14,1377.00,1377.00,1362.00,1368.50,2420545
1-May-14,1360.00,1378.00,1359.50,1373.00,1300728
30-Apr-14,1352.00,1359.50,1341.50,1358.36,2376155
29-Apr-14,1338.50,1351.50,1331.38,1351.50,3222135
28-Apr-14,1344.00,1349.00,1327.00,1329.87,2241026
25-Apr-14,1341.00,1348.00,1334.50,1342.43,3152333
24-Apr-14,1337.50,1355.50,1331.36,1342.87,2466795
23-Apr-14,1338.00,1341.00,1329.00,1333.37,1607662
22-Apr-14,1330.00,1344.50,1322.50,1334.63,2724146
17-Apr-14,1299.00,1327.50,1293.50,1324.00,3250451
16-Apr-14,1285.00,1301.50,1281.50,1292.00,2508262
15-Apr-14,1295.50,1306.00,1272.50,1274.00,2564071
14-Apr-14,1297.00,1303.00,1277.16,1299.50,2461463
11-Apr-14,1304.00,1308.50,1288.50,1302.50,2986259
10-Apr-14,1321.50,1333.50,1310.00,1314.37,3626069
9-Apr-14,1305.00,1320.50,1298.00,1319.00,3568338
8-Apr-14,1313.00,1315.00,1281.00,1298.37,3911327
7-Apr-14,1332.50,1335.00,1314.00,1318.50,3167748
4-Apr-14,1320.00,1350.95,1317.50,1342.00,2995050
3-Apr-14,1328.50,1331.50,1312.00,1317.50,4555789
2-Apr-14,1324.00,1329.00,1312.50,1324.00,3892518
1-Apr-14,1276.00,1317.00,1268.50,1315.75,5170435
31-Mar-14,1288.00,1301.94,1265.31,1268.44,4344367
28-Mar-14,1305.00,1307.90,1223.00,1280.50,11523640
27-Mar-14,1307.50,1341.34,1304.00,1314.93,2896756
26-Mar-14,1311.50,1348.34,1311.50,1313.87,3801496
25-Mar-14,1321.00,1335.50,1318.00,1331.50,3618894
24-Mar-14,1342.50,1347.50,1315.50,1317.50,3286842
21-Mar-14,1355.00,1356.00,1328.31,1338.00,6398532
20-Mar-14,1336.50,1356.00,1327.50,1349.00,5418946
19-Mar-14,1375.50,1375.50,1324.00,1339.37,8533033
18-Mar-14,1349.50,1376.00,1340.50,1368.50,4809410
17-Mar-14,1350.00,1370.00,1342.00,1356.00,4167403
14-Mar-14,1362.00,1382.00,1340.00,1346.00,6793767
13-Mar-14,1401.00,1402.00,1373.00,1374.00,4195854
12-Mar-14,1349.00,1440.00,1342.00,1398.00,6591963
11-Mar-14,1354.00,1369.00,1347.00,1361.00,3339249
10-Mar-14,1364.00,1375.00,1345.00,1358.00,3369550
7-Mar-14,1380.00,1391.00,1365.00,1365.00,4197445
6-Mar-14,1370.00,1379.00,1362.00,1374.00,3220015
5-Mar-14,1372.00,1376.00,1360.00,1363.00,2372491
4-Mar-14,1361.00,1379.00,1359.00,1375.00,4181295
3-Mar-14,1336.00,1345.00,1313.00,1339.87,5097623
28-Feb-14,1355.00,1368.00,1350.00,1355.00,5563877
27-Feb-14,1353.00,1357.00,1325.00,1351.00,4650381
26-Feb-14,1368.00,1371.00,1351.00,1357.00,3572861
25-Feb-14,1375.00,1381.00,1356.00,1369.00,6996982
24-Feb-14,1341.00,1372.00,1341.00,1372.00,4036490
21-Feb-14,1362.00,1372.00,1335.00,1344.00,5009054
20-Feb-14,1317.00,1355.00,1317.00,1355.00,3618740
19-Feb-14,1339.00,1349.00,1325.00,1340.00,2933523
18-Feb-14,1340.00,1341.00,1321.00,1340.00,3386439
17-Feb-14,1316.00,1336.00,1315.00,1330.00,2104713
14-Feb-14,1313.00,1319.00,1301.00,1313.00,2990248
13-Feb-14,1320.00,1322.00,1302.00,1314.00,3368095
12-Feb-14,1316.00,1330.00,1311.00,1321.00,3885358
11-Feb-14,1282.00,1318.00,1282.00,1309.00,4428516
10-Feb-14,1284.00,1294.00,1270.00,1278.00,2647057
7-Feb-14,1278.00,1292.00,1270.00,1276.00,4802719
6-Feb-14,1241.00,1273.00,1239.00,1266.00,4623889
5-Feb-14,1241.00,1257.00,1229.00,1232.00,3730651
4-Feb-14,1194.00,1255.00,1192.00,1242.00,6480821
3-Feb-14,1223.00,1236.00,1202.00,1204.00,4575237
31-Jan-14,1237.00,1238.00,1209.00,1228.00,4712312
30-Jan-14,1240.00,1247.00,1208.00,1240.00,5631334
29-Jan-14,1289.00,1300.00,1237.00,1244.00,5452645
28-Jan-14,1247.00,1275.00,1241.00,1274.00,5315058
27-Jan-14,1255.00,1256.00,1237.00,1239.00,4857665
24-Jan-14,1315.00,1318.00,1258.00,1262.00,6333591
23-Jan-14,1323.00,1333.00,1310.00,1310.00,4294505
22-Jan-14,1326.00,1338.00,1306.00,1321.00,3965227
21-Jan-14,1343.00,1349.00,1330.00,1333.00,3304682
20-Jan-14,1370.00,1379.00,1339.00,1345.00,2136319
17-Jan-14,1351.00,1370.00,1351.00,1364.00,4216148
16-Jan-14,1377.00,1380.00,1340.00,1345.00,3232592
15-Jan-14,1360.00,1381.00,1359.00,1377.00,2534992
14-Jan-14,1356.00,1360.00,1340.00,1350.00,3773829
13-Jan-14,1383.00,1388.00,1363.00,1370.00,2068871
10-Jan-14,1376.00,1389.00,1371.00,1376.00,3846459
9-Jan-14,1357.00,1370.00,1352.00,1363.00,4145814
8-Jan-14,1350.00,1362.00,1348.00,1356.84,1980450
7-Jan-14,1335.00,1354.00,1332.00,1349.00,2507489
6-Jan-14,1341.00,1351.00,1332.00,1339.32,2335778
3-Jan-14,1347.00,1347.00,1332.00,1339.00,1827990
2-Jan-14,1350.00,1363.00,1336.00,1344.00,3168634
31-Dec-13,1340.00,1346.00,1327.00,1340.00,554953
30-Dec-13,1342.00,1347.00,1333.00,1340.00,1053861
27-Dec-13,1342.00,1347.00,1332.00,1340.00,1258115
24-Dec-13,1327.00,1348.00,1327.00,1334.00,438500
23-Dec-13,1312.00,1327.00,1311.00,1327.00,1420653
20-Dec-13,1313.00,1321.00,1300.00,1312.00,4875653
19-Dec-13,1302.00,1306.00,1293.00,1306.00,3417495
18-Dec-13,1273.00,1287.00,1270.00,1271.00,2689503
17-Dec-13,1281.00,1283.00,1266.00,1270.01,2894109
16-Dec-13,1266.00,1284.00,1266.00,1279.00,2368854
13-Dec-13,1249.00,1277.00,1249.00,1269.00,3141065
12-Dec-13,1276.00,1276.00,1250.00,1253.00,3674200
11-Dec-13,1281.00,1288.00,1267.00,1281.00,3425538
10-Dec-13,1272.00,1294.00,1272.00,1287.00,4072547
9-Dec-13,1263.00,1271.00,1257.00,1266.00,2461795
6-Dec-13,1251.00,1263.00,1244.00,1256.00,2339946
5-Dec-13,1250.00,1267.00,1246.00,1251.00,2802990
4-Dec-13,1258.00,1267.00,1244.00,1258.00,2755497
3-Dec-13,1292.00,1294.00,1254.00,1256.00,3956098
2-Dec-13,1311.00,1312.00,1287.00,1291.00,2573619
29-Nov-13,1299.00,1318.00,1298.00,1302.84,2587306
28-Nov-13,1292.00,1303.00,1289.00,1301.00,1821191
27-Nov-13,1283.00,1298.00,1277.00,1294.00,2235593
26-Nov-13,1281.00,1283.00,1274.00,1277.00,2465007
25-Nov-13,1270.00,1283.00,1270.00,1278.00,1890014
22-Nov-13,1276.00,1279.00,1261.00,1265.00,2334171
21-Nov-13,1265.00,1274.00,1254.00,1272.00,2635206
20-Nov-13,1265.00,1273.00,1252.00,1267.00,2320274
19-Nov-13,1266.00,1269.00,1256.00,1266.00,2074495
18-Nov-13,1264.00,1276.00,1260.00,1274.00,2634408
15-Nov-13,1266.00,1273.00,1259.00,1259.11,2340455
14-Nov-13,1259.00,1290.00,1258.00,1266.00,4346249
13-Nov-13,1248.00,1252.00,1226.00,1243.00,3624664
12-Nov-13,1252.00,1261.00,1245.00,1255.00,1981286
11-Nov-13,1268.00,1268.00,1246.00,1255.00,2056974
8-Nov-13,1251.00,1262.00,1236.00,1261.00,2393219
7-Nov-13,1260.00,1265.00,1247.00,1257.00,3748471
6-Nov-13,1279.00,1285.00,1257.00,1260.00,3152244
5-Nov-13,1294.00,1294.00,1258.00,1270.00,4039153
4-Nov-13,1292.00,1292.00,1280.00,1290.00,1603462
1-Nov-13,1281.00,1288.00,1273.00,1285.00,2302837
31-Oct-13,1277.00,1286.00,1274.00,1279.00,3587837
30-Oct-13,1276.00,1286.00,1273.00,1280.00,2215707
29-Oct-13,1264.00,1278.00,1263.00,1275.00,1922773
28-Oct-13,1276.00,1276.00,1258.00,1263.00,1889578
25-Oct-13,1278.00,1282.00,1258.00,1270.00,2319804
24-Oct-13,1274.00,1280.00,1270.00,1276.00,2001160
23-Oct-13,1252.00,1273.00,-,1269.00,2835045
22-Oct-13,1244.00,1260.00,1244.00,1255.00,2205206
21-Oct-13,1262.00,1262.00,1239.00,1247.00,3046502
18-Oct-13,1231.00,1265.00,1231.00,1264.00,6377216
17-Oct-13,1202.00,1214.00,1195.00,1214.00,2738215
16-Oct-13,1191.00,1216.00,1186.00,1208.00,2710217
15-Oct-13,1191.00,1202.00,1190.00,1195.00,1966421
14-Oct-13,1178.00,1184.00,1168.00,1178.00,1636445
11-Oct-13,1182.00,1185.00,1172.00,1178.00,2636232
10-Oct-13,1142.00,1186.00,1138.00,1177.00,3195350
9-Oct-13,1146.00,1149.00,1131.00,1138.00,3483649
8-Oct-13,1174.00,1179.00,1150.00,1150.00,3606833
7-Oct-13,1174.00,1178.00,1166.00,1182.20,2253982
4-Oct-13,1179.00,1196.00,1177.00,1189.11,3532303
3-Oct-13,1176.00,1192.00,1176.00,1181.00,3020624
2-Oct-13,1183.00,1188.00,1166.00,1183.00,4296734
1-Oct-13,1155.00,1186.00,1147.00,1185.00,4943174
30-Sep-13,1145.00,1154.00,1140.00,1151.00,3017999
27-Sep-13,1172.00,1175.00,1151.00,1158.00,2051134
26-Sep-13,1177.00,1182.00,1167.00,1172.00,2308347
25-Sep-13,1169.00,1186.00,1167.00,1176.00,2102990
24-Sep-13,1177.00,1189.00,1171.00,1179.00,2234062
20-Sep-13,1195.00,1203.00,1181.00,1185.00,4439706
19-Sep-13,1198.00,1220.00,1187.00,1202.00,5808937
18-Sep-13,1178.00,1184.00,1162.00,1172.00,2236608
17-Sep-13,1191.00,1199.00,1173.00,1173.00,4324053
16-Sep-13,1182.00,1198.00,1179.00,1195.36,3399646
13-Sep-13,1156.00,1170.00,1151.00,1167.00,2221588
12-Sep-13,1165.00,1174.00,1154.00,1160.00,3250609
11-Sep-13,1177.00,1178.00,1154.00,1163.00,2878202
10-Sep-13,1145.00,1178.00,1141.00,1171.00,4343603
9-Sep-13,1124.00,1141.00,1118.00,1137.00,3623715
6-Sep-13,1113.00,1127.00,1108.00,1121.00,3111171
5-Sep-13,1109.00,1130.00,1107.00,1124.00,3635216
4-Sep-13,1105.00,1110.00,1085.00,1104.00,3448530
3-Sep-13,1124.00,1124.00,1092.00,1102.00,3574465
2-Sep-13,1089.00,1121.00,1089.00,1116.00,3170167
30-Aug-13,1107.00,1109.00,1078.00,1078.00,3425554
29-Aug-13,1098.00,1107.00,1092.00,1102.89,3163277
28-Aug-13,1106.00,1110.00,1087.00,1097.70,4094258
27-Aug-13,1141.00,1147.00,1112.00,1114.00,4147256
23-Aug-13,1124.00,1150.00,1123.00,1142.00,4435230
22-Aug-13,1121.00,1142.00,1115.00,1121.00,4870949
21-Aug-13,1139.00,1148.00,1124.00,1127.32,4363995
20-Aug-13,1181.00,1184.00,1134.00,1148.00,5919865
19-Aug-13,1196.00,1205.00,1181.00,1186.00,2574530
16-Aug-13,1187.00,1207.00,1187.00,1199.00,4659171
15-Aug-13,1219.00,1221.00,1178.00,1190.00,4139301
14-Aug-13,1212.00,1229.00,1206.00,1219.00,2980232
13-Aug-13,1270.00,1270.00,1205.00,1215.00,3589299
12-Aug-13,1186.00,1240.00,1177.00,1232.00,5859734
9-Aug-13,1188.00,1190.00,1172.00,1184.00,3070229
8-Aug-13,1194.00,1197.00,1180.00,1188.00,3238522
7-Aug-13,1190.00,1207.00,1183.00,1190.00,2802060
6-Aug-13,1185.00,1208.00,1183.00,1193.00,3036892
5-Aug-13,1195.00,1210.00,1181.00,1190.00,2043282
2-Aug-13,1193.00,1205.00,1178.00,1191.00,2773425
1-Aug-13,1171.00,1191.00,1164.00,1187.00,2397943
31-Jul-13,1167.00,1176.00,1162.00,1167.00,2930156
30-Jul-13,1160.00,1183.00,1159.00,1168.00,3248278
29-Jul-13,1147.00,1161.00,1145.00,1149.00,1813357
26-Jul-13,1175.00,1175.00,1138.00,1144.00,2964239
25-Jul-13,1165.00,1170.00,1149.00,1170.00,2979139
24-Jul-13,1157.00,1176.00,1155.00,1168.00,3163753
23-Jul-13,1164.00,1164.00,1146.00,1153.00,3141549
22-Jul-13,1162.00,1163.00,1149.00,1158.00,2061927
19-Jul-13,1145.00,1159.00,1144.00,1158.00,4328322
18-Jul-13,1131.00,1156.00,1126.00,1151.00,2785670
17-Jul-13,1132.00,1143.00,1115.00,1134.00,3006973
16-Jul-13,1130.00,1181.00,1118.90,1131.00,6148248
15-Jul-13,1125.00,1134.00,1118.00,1125.00,2433228
12-Jul-13,1130.00,1134.00,1116.00,1118.00,3095460
11-Jul-13,1127.00,1129.00,1103.50,1110.00,3801498
10-Jul-13,1109.00,1121.46,1100.00,1114.00,3483880
9-Jul-13,1129.00,1130.00,1111.00,1118.00,3806235
8-Jul-13,1107.00,1129.00,1105.00,1116.00,2713516
5-Jul-13,1128.00,1139.00,1101.00,1101.00,4869126
4-Jul-13,1100.00,1129.00,1094.00,1123.00,4405203
3-Jul-13,1080.00,1090.65,1068.00,1089.00,2935791
2-Jul-13,1102.00,1102.00,1085.00,1100.00,2925717
1-Jul-13,1079.00,1103.00,1071.00,1100.00,3155761
28-Jun-13,1092.00,1102.00,1073.00,1075.00,5157613
27-Jun-13,1063.20,1094.20,1051.00,1088.00,4589647
26-Jun-13,1033.00,1070.00,1020.00,1059.00,5645271
25-Jun-13,1028.00,1044.00,1017.00,1031.00,5358066
24-Jun-13,1040.00,1049.28,1011.00,1018.00,5766457
21-Jun-13,1039.00,1064.00,1036.50,1040.00,9463880
20-Jun-13,1045.00,1053.43,1024.00,1038.00,7336039
19-Jun-13,1086.00,1091.00,1066.00,1068.00,4627495
18-Jun-13,1076.00,1102.00,1071.00,1087.00,5054195
17-Jun-13,1075.00,1085.00,1070.00,1075.00,3821628
14-Jun-13,1081.00,1083.00,1059.00,1070.00,4306209
13-Jun-13,1034.00,1074.00,1025.00,1073.00,5792152
12-Jun-13,1056.00,1071.00,1052.00,1057.00,4058190
11-Jun-13,1090.00,1091.00,1042.62,1055.00,9004846
10-Jun-13,1118.00,1124.00,1092.00,1096.00,4125418
7-Jun-13,1067.00,1119.00,1055.38,1118.00,7301351
6-Jun-13,1075.00,1082.50,1058.35,1060.00,4059603
5-Jun-13,1102.00,1111.00,1077.00,1077.00,4340678
4-Jun-13,1111.00,1116.00,1103.00,1112.00,3242730
3-Jun-13,1109.00,1114.00,1090.00,1103.00,4547541
31-May-13,1153.00,1153.00,1116.68,1117.00,6123394
30-May-13,1136.00,1155.00,1135.00,1152.00,2270229
29-May-13,1155.00,1155.00,1133.92,1138.00,3512117
28-May-13,1153.00,1167.00,1146.25,1161.00,4278634
24-May-13,1162.00,1174.00,1142.00,1144.00,3690593
23-May-13,1173.00,1188.00,1146.00,1158.00,4599088
22-May-13,1210.00,1210.00,1187.00,1203.00,3185030
21-May-13,1180.00,1201.00,1172.00,1201.00,3249369
20-May-13,1197.00,1202.28,1168.00,1180.00,2319970
17-May-13,1179.00,1196.00,1169.00,1193.00,2964567
16-May-13,1183.00,1190.00,1173.12,1183.00,2073788
15-May-13,1166.00,1194.00,1165.00,1181.00,2395120
14-May-13,1160.00,1180.00,1143.00,1163.00,2721361
13-May-13,1168.00,1177.00,1160.00,1162.00,2742686
10-May-13,1176.00,1185.00,1166.00,1170.00,3686319
9-May-13,1167.00,1185.00,1161.00,1177.00,2672230
8-May-13,1149.00,1173.00,1146.00,1166.00,2666908
7-May-13,1163.00,1179.00,1118.00,1145.00,5861124
3-May-13,1121.00,1173.00,1113.54,1162.32,5341676
2-May-13,1101.00,1121.00,1091.00,1118.00,3171964
1-May-13,1110.00,1113.00,1096.00,1107.00,1273306
30-Apr-13,1110.00,1117.71,1104.00,1105.00,3154100
29-Apr-13,1124.00,1131.00,1099.00,1109.00,3090290
26-Apr-13,1090.00,1120.00,1086.08,1120.00,3557114
25-Apr-13,1094.00,1107.00,1072.00,1091.00,3346069
24-Apr-13,1093.00,1098.00,1080.00,1097.00,3565670
23-Apr-13,1033.00,1102.00,1031.00,1096.00,5727199
22-Apr-13,1048.00,1058.00,1028.00,1032.00,2410567
19-Apr-13,1037.00,1040.00,1021.00,1036.00,3073617
18-Apr-13,1026.00,1040.00,1018.00,1034.00,3774489
17-Apr-13,1062.00,1064.00,1016.00,1019.00,4806267
16-Apr-13,1054.00,1059.00,1027.00,1053.00,3844732
15-Apr-13,1062.00,1073.00,1052.65,1062.00,1794122
12-Apr-13,1075.00,1075.00,1056.00,1063.00,2185479
11-Apr-13,1070.00,1085.00,1060.00,1081.00,3209598
10-Apr-13,1030.00,1073.00,1030.00,1066.00,3631662
9-Apr-13,1030.00,1039.00,1025.00,1029.00,2768527
8-Apr-13,1031.00,1040.28,1023.00,1029.00,2642323
5-Apr-13,1058.00,1060.01,1016.22,1032.00,3969198
4-Apr-13,1080.00,1083.00,1052.00,1055.00,2801581
3-Apr-13,1084.00,1090.00,1058.49,1077.00,2935423
2-Apr-13,1044.00,1085.00,1044.00,1083.00,3579076
28-Mar-13,1056.00,1075.00,1051.00,1065.00,4206885
27-Mar-13,1081.00,1095.79,1047.00,1051.00,5584916
26-Mar-13,1077.00,1107.00,1072.61,1098.00,3858491
25-Mar-13,1102.00,1112.90,1073.00,1074.00,3644341
22-Mar-13,1074.00,1102.50,1062.00,1101.00,4195822
21-Mar-13,1110.00,1111.00,1079.00,1080.00,3782426
20-Mar-13,1118.00,1125.00,1101.00,1109.00,3307715
19-Mar-13,1114.00,1116.84,1097.00,1110.00,4383891
18-Mar-13,1130.00,1139.00,1105.00,1115.00,5305881
15-Mar-13,1155.00,1165.45,1149.09,1154.00,7564911
14-Mar-13,1145.00,1180.49,1125.00,1155.00,8403472
13-Mar-13,1011.00,1127.25,1011.00,1125.00,9112393
12-Mar-13,1023.00,1034.00,1022.00,1029.00,2758331
11-Mar-13,1015.00,1028.08,1012.00,1027.00,2356473
8-Mar-13,1022.00,1024.00,1009.00,1016.00,2619736
7-Mar-13,1007.00,1019.00,1007.00,1015.00,3214538
6-Mar-13,1015.00,1020.17,1004.00,1007.00,2783122
5-Mar-13,996.00,1015.00,989.50,1015.00,2633911
4-Mar-13,967.00,991.00,967.00,988.50,2413211
1-Mar-13,984.50,991.00,971.00,986.50,3047873
28-Feb-13,978.50,985.50,972.95,981.50,4345793
27-Feb-13,948.50,976.00,948.00,973.00,3844932
26-Feb-13,943.50,950.00,932.50,942.50,3108946
25-Feb-13,969.00,976.00,957.00,964.50,2586203
22-Feb-13,967.00,974.00,960.50,965.00,2534704
21-Feb-13,969.00,970.50,951.00,964.50,3466751
20-Feb-13,966.50,989.05,963.50,977.00,4447293
19-Feb-13,948.50,970.00,948.00,969.50,3154335
18-Feb-13,946.50,952.10,940.00,952.00,2390653
15-Feb-13,944.50,950.02,942.00,945.00,2274839
14-Feb-13,945.00,952.00,940.31,945.50,2824930
13-Feb-13,943.00,950.50,937.00,944.50,1941462
12-Feb-13,935.50,944.50,929.50,944.50,2091944
11-Feb-13,929.00,943.50,929.00,939.00,2702929
8-Feb-13,920.00,931.44,915.50,930.50,3326682
7-Feb-13,931.00,934.00,915.00,916.00,3749591
6-Feb-13,937.00,942.00,929.46,933.00,2315584
5-Feb-13,933.50,946.00,933.50,934.50,3432717
4-Feb-13,966.00,966.00,934.50,934.50,5061104
1-Feb-13,958.50,970.88,956.50,965.00,3731812
31-Jan-13,970.50,975.00,954.50,958.00,4780593
30-Jan-13,957.50,977.00,957.00,973.00,5041374
29-Jan-13,952.50,960.00,948.00,955.50,2867381
28-Jan-13,951.00,960.50,949.50,954.50,3072815
25-Jan-13,935.50,947.50,935.50,947.50,3957828
24-Jan-13,920.00,940.00,918.50,938.00,2501126
23-Jan-13,923.00,924.50,917.50,922.00,3104585
22-Jan-13,929.50,933.50,922.00,922.50,2739268
21-Jan-13,933.00,936.96,925.00,933.00,1586407
18-Jan-13,936.00,936.00,923.50,931.00,4019802
17-Jan-13,928.00,935.00,919.50,932.50,3534493
16-Jan-13,927.50,932.00,919.56,927.00,3586540
15-Jan-13,924.50,930.50,919.50,927.00,3597125
14-Jan-13,924.00,928.50,921.12,926.00,2735846
11-Jan-13,921.50,929.06,918.00,921.50,3288353
10-Jan-13,917.00,923.00,912.50,916.50,3415285
9-Jan-13,908.00,920.50,903.58,918.00,2872420
8-Jan-13,907.50,915.50,904.50,907.00,2359812
7-Jan-13,916.50,921.00,910.22,911.00,2414754
4-Jan-13,904.50,918.66,904.00,918.00,2843639
3-Jan-13,903.50,909.00,899.25,907.00,2650165
2-Jan-13,881.50,907.50,880.50,901.50,5602812
