31-Dec-15,2202.00,2209.00,2169.72,2200.00,1701
30-Dec-15,2197.00,2237.00,2181.00,2231.00,1267
29-Dec-15,2158.00,2225.00,2158.00,2211.00,4805
24-Dec-15,2215.00,2215.00,2180.00,2194.00,166
23-Dec-15,2183.00,2225.00,2176.00,2210.00,4779
22-Dec-15,2197.00,2239.00,2177.00,2189.00,6650
21-Dec-15,2201.00,2221.00,2145.00,2170.00,4385
18-Dec-15,2210.00,2236.00,2198.00,2221.00,29654
16-Dec-15,2221.00,2260.00,2177.00,2207.00,7557
15-Dec-15,2255.00,2259.00,2232.36,2232.36,18044
14-Dec-15,2173.00,2253.00,2173.00,2248.00,14088
11-Dec-15,2238.00,2238.00,2159.00,2200.00,13631
10-Dec-15,2240.00,2240.00,2178.00,2199.00,6043
9-Dec-15,2240.00,2240.00,2203.00,2223.00,9779
8-Dec-15,2239.00,2239.00,2176.00,2176.00,14218
7-Dec-15,2194.00,2242.20,2192.00,2192.00,6956
4-Dec-15,2193.00,2235.00,2193.00,2229.00,5141
3-Dec-15,2139.00,2227.00,2139.00,2227.00,10113
2-Dec-15,2234.00,2262.00,2178.00,2202.00,11832
1-Dec-15,2195.00,2267.00,2195.00,2235.00,8750
30-Nov-15,2230.00,2239.00,2204.00,2213.00,14982
27-Nov-15,2213.00,2225.00,2195.00,2210.00,18809
26-Nov-15,2185.00,2210.00,2155.00,2175.00,9004
25-Nov-15,2189.00,2200.00,2186.00,2193.50,2796
24-Nov-15,2175.00,2192.00,2132.00,2176.00,9563
23-Nov-15,2145.00,2221.00,2145.00,2154.00,15256
20-Nov-15,2189.00,2230.00,2174.00,2230.00,10535
19-Nov-15,2201.00,2229.00,2180.00,2184.00,10116
18-Nov-15,2214.00,2234.00,2206.00,2230.00,6652
17-Nov-15,2264.00,2279.00,2210.00,2225.00,16179
16-Nov-15,2291.00,2291.00,2221.00,2240.00,5473
13-Nov-15,2263.00,2293.00,2217.00,2237.00,4518
12-Nov-15,2275.00,2318.43,2242.00,2256.00,7012
11-Nov-15,2293.00,2309.00,2259.00,2285.00,3729
10-Nov-15,2312.00,2312.00,2264.00,2280.00,17833
9-Nov-15,2306.00,2307.00,2280.00,2287.74,4340
6-Nov-15,2227.00,2288.00,2227.00,2285.00,6778
5-Nov-15,2261.00,2282.00,2234.00,2275.00,8609
4-Nov-15,2264.00,2287.00,2243.00,2287.00,7244
3-Nov-15,2221.00,2259.00,2192.00,2247.00,5280
2-Nov-15,2285.00,2288.00,2200.00,2233.00,4792
30-Oct-15,2197.00,2258.00,2194.00,2258.00,13126
29-Oct-15,2246.00,2251.47,2202.00,2208.00,6541
28-Oct-15,2175.00,2230.00,2174.00,2230.00,12368
27-Oct-15,2151.00,2201.00,2151.00,2201.00,4032
26-Oct-15,2167.00,2182.00,2151.00,2180.00,9932
23-Oct-15,2157.00,2187.00,2124.00,2187.00,9689
22-Oct-15,2100.00,2186.00,2100.00,2186.00,7553
21-Oct-15,2167.00,2167.00,2112.00,2143.00,10151
20-Oct-15,2168.00,2168.00,2106.00,2119.00,3698
19-Oct-15,2120.00,2126.00,2094.00,2108.00,10182
16-Oct-15,2100.00,2158.00,2092.00,2118.00,55610
15-Oct-15,2068.00,2096.00,2068.00,2096.00,14080
14-Oct-15,2057.00,2082.00,2057.00,2081.00,13797
13-Oct-15,2056.00,2080.00,2047.00,2070.00,9653
12-Oct-15,2014.00,2075.00,2014.00,2046.00,9901
9-Oct-15,2014.00,2067.00,2014.00,2050.00,19672
8-Oct-15,2056.00,2061.00,2017.00,2035.00,21700
7-Oct-15,2070.00,2093.00,2028.00,2028.00,18079
6-Oct-15,2110.00,2110.00,2065.00,2089.00,15596
5-Oct-15,2092.00,2098.00,2059.00,2073.00,11024
2-Oct-15,2053.00,2081.00,2037.00,2037.00,7063
1-Oct-15,2095.00,2095.00,2063.00,2067.00,4672
30-Sep-15,2060.00,2095.00,2016.00,2063.00,9392
29-Sep-15,2048.00,2076.00,2017.00,2045.00,12225
28-Sep-15,2090.00,2091.00,2050.00,2077.00,11500
25-Sep-15,2047.00,2089.00,2026.00,2063.00,7038
24-Sep-15,2060.00,2082.00,2036.00,2038.00,9857
23-Sep-15,2096.00,2107.00,2060.00,2080.00,8885
22-Sep-15,2145.00,2145.00,2061.00,2072.00,13040
21-Sep-15,2181.00,2181.00,2122.00,2122.00,7635
18-Sep-15,2240.00,2240.00,2158.00,2159.00,30567
17-Sep-15,2193.00,2200.50,2160.00,2182.00,8889
16-Sep-15,2187.00,2219.00,2162.00,2176.00,5666
15-Sep-15,2176.00,2205.00,2173.00,2187.00,15393
14-Sep-15,2198.00,2227.00,2159.00,2197.00,16310
11-Sep-15,2173.00,2234.00,2173.00,2215.00,24677
10-Sep-15,2250.00,2250.00,2178.00,2215.00,13707
9-Sep-15,2215.00,2229.00,2184.00,2197.00,15389
8-Sep-15,2214.00,2242.00,2208.50,2215.00,6704
7-Sep-15,2179.00,2226.00,2175.00,2200.00,8303
4-Sep-15,2198.00,2207.00,2174.23,2200.00,11630
3-Sep-15,2188.00,2220.00,2178.00,2220.00,7462
2-Sep-15,2164.00,2192.00,2160.00,2166.00,12250
1-Sep-15,2166.00,2221.00,2159.00,2203.00,10396
28-Aug-15,2173.00,2192.00,2157.00,2175.00,9480
27-Aug-15,2162.00,2197.00,2151.00,2188.00,28466
26-Aug-15,2178.00,2257.00,2170.00,2170.00,24272
25-Aug-15,2180.00,2259.00,2147.00,2225.00,19433
24-Aug-15,2220.00,2220.00,2111.00,2162.00,19747
21-Aug-15,2318.00,2318.00,2211.00,2211.00,9882
20-Aug-15,2283.00,2298.00,2245.00,2262.34,10374
19-Aug-15,2262.00,2292.00,2262.00,2269.00,12177
18-Aug-15,2296.00,2330.00,2269.00,2278.00,10205
17-Aug-15,2276.00,2282.00,2263.00,2265.00,14632
14-Aug-15,2271.00,2283.84,2248.49,2248.49,11171
13-Aug-15,2250.00,2274.00,2229.00,2257.00,7969
12-Aug-15,2234.00,2240.00,2210.00,2230.00,14816
11-Aug-15,2272.00,2272.00,2249.00,2258.00,7656
10-Aug-15,2250.00,2270.00,2208.80,2265.00,6643
7-Aug-15,2249.00,2270.00,2194.00,2248.00,9553
6-Aug-15,2283.00,2283.00,2232.00,2248.00,5899
5-Aug-15,2283.00,2310.40,2255.00,2299.00,7148
4-Aug-15,2275.00,2275.00,2241.00,2263.00,5980
3-Aug-15,2277.00,2284.00,2256.00,2267.40,3783
31-Jul-15,2312.00,2312.00,2277.00,2277.00,8807
30-Jul-15,2280.00,2325.00,2252.00,2277.00,14066
29-Jul-15,2153.00,2297.00,2147.00,2252.00,19785
28-Jul-15,2107.00,2140.00,2093.00,2114.00,15481
27-Jul-15,2166.00,2175.00,2112.00,2170.33,8770
24-Jul-15,2165.00,2196.00,2165.00,2183.00,3028
23-Jul-15,2200.00,2210.00,2183.00,2196.00,5372
22-Jul-15,2180.00,2244.00,2180.00,2226.00,5811
21-Jul-15,2156.00,2207.00,2156.00,2203.00,5163
20-Jul-15,2161.00,2194.00,2147.64,2189.00,4567
17-Jul-15,2174.00,2179.00,2155.00,2167.78,5447
16-Jul-15,2118.00,2157.00,2118.00,2151.00,4580
15-Jul-15,2136.00,2153.00,2118.00,2133.00,4251
14-Jul-15,2109.00,2141.00,2109.00,2139.00,3964
13-Jul-15,2066.00,2135.00,2066.00,2135.00,9085
10-Jul-15,2052.00,2106.00,2052.00,2098.00,11801
9-Jul-15,2072.00,2094.00,2061.64,2080.00,10256
8-Jul-15,2065.00,2082.00,2065.00,2070.00,5351
7-Jul-15,2029.00,2072.00,2029.00,2072.00,31190
6-Jul-15,2096.00,2100.00,2048.00,2078.00,18708
3-Jul-15,2096.00,2118.00,2088.00,2110.00,11628
2-Jul-15,2165.00,2192.00,2110.00,2124.00,12921
1-Jul-15,2133.00,2203.50,2131.00,2188.00,6506
30-Jun-15,2140.00,2182.00,2116.00,2180.00,13597
29-Jun-15,2122.00,2127.00,2097.47,2111.00,14668
26-Jun-15,2142.00,2171.00,2142.00,2168.00,11923
25-Jun-15,2158.00,2176.00,2149.00,2150.00,10513
24-Jun-15,2170.00,2181.00,2156.92,2161.00,9378
23-Jun-15,2190.00,2190.00,2141.76,2166.00,17243
22-Jun-15,2170.00,2170.00,2129.00,2155.00,35353
19-Jun-15,2160.00,2176.00,2134.00,2150.00,45901
18-Jun-15,2218.00,2218.00,2163.00,2180.00,7267
17-Jun-15,2228.00,2228.00,2124.90,2180.00,16179
16-Jun-15,2214.00,2228.00,2178.00,2178.00,9473
15-Jun-15,2211.00,2245.00,2174.00,2218.00,14359
12-Jun-15,2229.00,2229.00,2201.00,2203.00,14087
11-Jun-15,2195.00,2231.10,2195.00,2200.00,13665
10-Jun-15,2237.00,2237.00,2203.00,2210.00,11612
9-Jun-15,2220.00,2248.00,2199.00,2200.00,8881
8-Jun-15,2259.00,2259.00,2212.00,2225.00,7197
5-Jun-15,2260.00,2260.00,2221.00,2239.00,8085
4-Jun-15,2309.00,2309.00,2241.00,2241.00,7777
3-Jun-15,2235.00,2335.00,2235.00,2277.00,21376
2-Jun-15,2273.00,2283.00,2226.00,2266.00,7466
1-Jun-15,2238.00,2281.00,2220.00,2250.00,8411
29-May-15,2215.00,2258.00,2211.00,2227.00,13274
28-May-15,2234.00,2250.00,2219.00,2250.00,6402
27-May-15,2216.00,2242.00,2213.00,2223.00,7173
26-May-15,2251.00,2251.00,2212.47,2242.00,7950
22-May-15,2296.00,2296.00,2250.00,2272.00,7497
21-May-15,2320.00,2328.00,2270.00,2270.00,12386
20-May-15,2297.00,2313.00,2244.97,2275.00,15180
19-May-15,2288.00,2291.00,2259.00,2260.00,7171
18-May-15,2278.00,2285.00,2248.00,2266.00,7934
15-May-15,2223.00,2275.00,2214.00,2272.00,22066
14-May-15,2216.00,2235.00,2198.00,2215.00,11959
13-May-15,2213.00,2228.00,2178.72,2228.00,7376
12-May-15,2240.00,2240.00,2178.61,2190.00,9423
11-May-15,2242.00,2250.00,2188.00,2200.00,15400
8-May-15,2188.00,2348.00,2188.00,2236.00,27200
7-May-15,2107.00,2166.00,2107.00,2154.00,13675
6-May-15,2156.00,2156.00,2118.00,2137.00,10940
5-May-15,2167.00,2167.00,2110.00,2118.45,12205
1-May-15,2111.00,2152.00,2111.00,2140.00,12198
30-Apr-15,2170.00,2179.00,2114.00,2140.00,22538
29-Apr-15,2117.00,2167.00,2108.00,2150.00,12923
28-Apr-15,2153.00,2153.00,2140.00,2147.00,6122
27-Apr-15,2096.00,2159.00,2096.00,2155.00,4986
24-Apr-15,2130.00,2141.00,2106.00,2111.00,2792
23-Apr-15,2096.00,2127.60,2096.00,2105.00,6212
22-Apr-15,2107.00,2152.00,2107.00,2142.00,8811
21-Apr-15,2144.00,2147.80,2112.16,2135.00,8044
20-Apr-15,2110.00,2132.86,2102.00,2122.00,3308
17-Apr-15,2138.00,2138.00,2102.00,2110.00,10250
16-Apr-15,2135.00,2146.00,2110.00,2114.95,8429
15-Apr-15,2150.00,2150.00,2101.00,2107.00,7578
14-Apr-15,2149.00,2160.00,2112.00,2129.00,6878
13-Apr-15,2195.00,2195.00,2149.00,2152.00,3301
10-Apr-15,2178.00,2199.27,2164.00,2176.00,10660
9-Apr-15,2155.00,2195.00,2152.00,2152.00,15431
8-Apr-15,2146.00,2222.00,2145.00,2165.00,8222
7-Apr-15,2120.00,2183.00,2120.00,2143.00,8688
2-Apr-15,2058.00,2156.00,2058.00,2124.00,10770
1-Apr-15,2064.00,2123.00,2051.00,2051.00,16317
31-Mar-15,2108.00,2140.00,2068.00,2074.00,6389
30-Mar-15,2127.00,2142.00,2100.00,2110.00,5310
27-Mar-15,2115.00,2135.00,2096.00,2098.00,8451
26-Mar-15,2225.00,2225.00,2126.00,2137.00,6444
25-Mar-15,2250.00,2250.00,2183.00,2183.00,9958
24-Mar-15,2241.00,2245.00,2220.00,2220.00,7312
23-Mar-15,2250.00,2250.00,2222.00,2242.00,6804
20-Mar-15,2216.00,2249.00,2177.00,2220.00,59797
19-Mar-15,2213.00,2233.00,2190.00,2222.00,11374
18-Mar-15,2128.00,2212.75,2128.00,2180.00,9170
17-Mar-15,2119.00,2170.00,2119.00,2152.00,12212
16-Mar-15,2128.00,2145.00,2120.00,2139.00,12113
13-Mar-15,2066.00,2131.00,2063.00,2131.00,11484
12-Mar-15,2050.00,2076.00,2035.50,2067.00,4942
11-Mar-15,2110.00,2110.00,2028.00,2099.80,13033
10-Mar-15,2173.00,2173.00,2096.00,2096.00,8322
9-Mar-15,2202.00,2206.00,2165.00,2172.00,6691
6-Mar-15,2212.00,2220.36,2192.00,2198.00,5129
5-Mar-15,2255.00,2255.00,2202.00,2205.00,7172
4-Mar-15,2205.00,2249.00,2205.00,2215.00,4184
3-Mar-15,2205.00,2247.00,2205.00,2233.10,10756
2-Mar-15,2250.00,2252.00,2226.00,2239.00,21780
27-Feb-15,2221.00,2250.00,2221.00,2236.00,7582
26-Feb-15,2240.00,2240.00,2211.00,2233.00,5475
25-Feb-15,2230.00,2242.00,2185.00,2226.00,10563
24-Feb-15,2196.00,2224.00,2180.00,2224.00,10559
23-Feb-15,2230.00,2230.00,2180.00,2224.00,11496
20-Feb-15,2173.00,2234.00,2164.00,2219.00,14730
19-Feb-15,2262.00,2262.00,2170.00,2196.00,14835
18-Feb-15,2243.00,2256.00,2221.00,2221.00,10000
17-Feb-15,2229.00,2251.25,2205.00,2225.00,9388
16-Feb-15,2257.00,2260.00,2196.00,2204.00,8533
13-Feb-15,2238.00,2280.00,2206.00,2239.00,16924
12-Feb-15,2224.00,2242.00,2207.00,2242.00,5365
11-Feb-15,2216.00,2235.00,2207.00,2225.00,8462
10-Feb-15,2222.00,2240.00,2213.00,2240.00,24404
9-Feb-15,2238.00,2238.00,2222.00,2235.00,7861
6-Feb-15,2211.00,2240.00,2200.00,2240.00,8387
5-Feb-15,2207.00,2219.58,2192.93,2215.00,5714
4-Feb-15,2234.00,2235.00,2202.00,2224.00,4983
3-Feb-15,2219.00,2225.00,2192.00,2219.00,6952
2-Feb-15,2192.00,2234.00,2162.00,2176.00,21096
30-Jan-15,2224.00,2236.00,2195.00,2199.00,8826
29-Jan-15,2225.00,2250.00,2185.00,2246.00,8417
28-Jan-15,2208.00,2217.00,2193.00,2200.00,10806
27-Jan-15,2198.00,2211.00,2181.00,2185.00,7684
26-Jan-15,2197.00,2207.00,2181.75,2199.25,7210
23-Jan-15,2155.00,2190.00,2134.00,2181.00,6899
22-Jan-15,2120.00,2156.00,2105.25,2145.00,11925
21-Jan-15,2112.00,2146.00,2095.00,2116.00,7155
20-Jan-15,2141.00,2141.00,2092.00,2107.00,6584
19-Jan-15,2119.00,2126.00,2096.00,2111.00,3125
16-Jan-15,2110.00,2138.00,2092.00,2126.00,17686
15-Jan-15,2113.00,2114.00,2058.00,2088.00,10996
14-Jan-15,2093.00,2096.91,2075.00,2090.00,4819
13-Jan-15,2071.00,2129.00,2044.00,2080.00,13899
12-Jan-15,2030.00,2047.00,2025.00,2040.00,6479
9-Jan-15,2005.00,2045.00,2000.00,2045.00,12446
8-Jan-15,2020.00,2043.00,1990.00,2001.00,9400
7-Jan-15,2048.00,2071.00,2042.00,2055.00,4830
6-Jan-15,2052.00,2071.00,2018.00,2042.00,7246
5-Jan-15,2020.00,2051.00,1998.50,2035.00,7641
31-Dec-14,2034.00,2046.00,2011.84,2046.00,1099
30-Dec-14,2010.00,2010.00,1996.00,2002.00,3985
29-Dec-14,2042.00,2042.00,1983.00,2017.00,5607
24-Dec-14,2035.00,2053.00,1977.00,1977.00,5521
23-Dec-14,2052.00,2052.00,2000.00,2025.00,3353
22-Dec-14,2030.00,2032.00,1978.00,2021.00,5547
19-Dec-14,1984.00,2020.00,1983.00,2000.00,39535
18-Dec-14,1940.00,1980.00,1939.00,1978.00,5985
17-Dec-14,1972.00,1972.00,1933.00,1965.00,8648
16-Dec-14,1910.00,1966.00,1905.00,1951.00,11295
15-Dec-14,1911.00,1953.00,1911.00,1930.00,6593
12-Dec-14,1954.00,1967.00,1929.00,1930.00,11750
11-Dec-14,1989.00,1990.00,1951.00,1956.00,7145
10-Dec-14,1974.00,1990.00,1920.00,1980.00,18848
9-Dec-14,1943.00,1959.00,1928.00,1942.00,5424
8-Dec-14,1939.00,1939.00,1918.76,1930.00,2757
5-Dec-14,1949.00,1957.00,1920.00,1940.00,6295
4-Dec-14,1901.00,1931.00,1901.00,1908.00,3187
3-Dec-14,1925.00,1925.00,1902.00,1911.00,5659
2-Dec-14,1909.00,1938.00,1905.00,1912.00,6214
1-Dec-14,1907.00,1943.00,1903.24,1910.00,6195
28-Nov-14,1908.00,1951.00,1908.00,1926.00,8199
27-Nov-14,1944.00,1970.00,1914.00,1936.00,6491
26-Nov-14,1948.00,1948.00,1899.00,1920.00,10392
25-Nov-14,1939.00,1939.00,1914.00,1925.00,2219
24-Nov-14,1910.00,1927.00,1910.00,1919.00,4899
21-Nov-14,1903.00,1922.00,1900.00,1908.90,7500
20-Nov-14,1910.00,1916.00,1903.00,1910.00,6941
19-Nov-14,1949.00,1949.00,1904.00,1913.00,10595
18-Nov-14,1949.00,1949.00,1931.00,1942.00,4047
17-Nov-14,1939.00,1939.00,1907.00,1922.00,8922
14-Nov-14,1913.00,1929.00,1900.00,1913.00,3178
13-Nov-14,1937.00,1938.00,1897.00,1907.00,6056
12-Nov-14,1922.00,1926.00,1905.00,1914.00,5278
11-Nov-14,1947.00,1959.00,1920.00,1920.00,7900
10-Nov-14,1882.00,1924.00,1882.00,1906.00,3597
7-Nov-14,1939.00,1939.00,1876.00,1904.00,13279
6-Nov-14,1933.00,1936.00,1909.00,1910.00,7021
5-Nov-14,1900.00,1950.00,1900.00,1922.00,12733
4-Nov-14,1900.00,1920.00,1876.00,1878.00,13665
3-Nov-14,1934.00,1953.00,1889.00,1891.00,9581
31-Oct-14,1893.00,1934.00,1893.00,1934.00,29306
30-Oct-14,1905.00,1905.00,1867.00,1890.00,16578
29-Oct-14,1897.00,1928.00,1878.00,1887.00,9333
28-Oct-14,1865.00,1912.00,1865.00,1903.00,12678
27-Oct-14,1855.00,1889.00,1847.00,1871.00,17590
24-Oct-14,1849.00,1868.00,1835.00,1862.00,5879
23-Oct-14,1848.00,1848.00,1816.00,1841.00,13578
22-Oct-14,1820.00,1854.00,1820.00,1830.00,16675
21-Oct-14,1891.00,1891.00,1820.00,1830.00,27165
20-Oct-14,1821.00,1855.00,1821.00,1837.00,14053
17-Oct-14,1823.00,1861.00,1821.00,1847.00,25800
16-Oct-14,1860.00,1895.00,1820.00,1844.00,50935
15-Oct-14,1903.00,1904.00,1864.00,1879.00,24486
14-Oct-14,1853.00,1890.00,1841.20,1883.00,15512
13-Oct-14,1877.00,1892.00,1845.00,1874.00,21677
10-Oct-14,1903.00,1904.00,1836.00,1887.00,15179
9-Oct-14,1892.00,1903.00,1854.00,1878.00,10956
8-Oct-14,1909.00,1909.00,1849.00,1863.00,11726
7-Oct-14,1911.00,1911.00,1887.00,1892.00,17287
6-Oct-14,1897.00,1913.00,1884.00,1907.00,17606
3-Oct-14,1882.00,1906.00,1871.00,1897.41,9394
2-Oct-14,1935.00,1935.00,1853.00,1855.00,19364
1-Oct-14,1906.00,1925.00,1900.00,1913.00,19073
30-Sep-14,1935.00,1939.00,1897.00,1907.00,20350
29-Sep-14,1904.00,1939.00,1901.00,1939.00,17034
26-Sep-14,1908.00,1935.00,1908.00,1923.00,5622
25-Sep-14,1916.00,1936.00,1905.00,1930.00,18439
24-Sep-14,1926.00,1941.00,1906.00,1935.00,12046
23-Sep-14,1915.00,1941.00,1915.00,1925.00,38352
22-Sep-14,1852.00,1928.00,1852.00,1915.00,41775
19-Sep-14,1954.00,1988.00,1774.00,1957.63,354005
18-Sep-14,1953.00,1958.00,1929.00,1935.00,15111
17-Sep-14,1965.00,1968.00,1937.00,1937.00,16937
16-Sep-14,1937.00,1961.00,1937.00,1950.00,13855
15-Sep-14,1925.00,1956.00,1925.00,1927.00,11259
12-Sep-14,1891.00,1956.00,1891.00,1939.00,8338
11-Sep-14,1907.00,1980.00,1898.00,1920.00,18337
10-Sep-14,1937.00,1937.88,1877.00,1895.00,32365
9-Sep-14,1950.00,1950.00,1933.00,1938.98,15724
8-Sep-14,1995.00,1995.00,1915.00,1949.62,19185
5-Sep-14,2017.00,2029.00,1967.00,1978.00,13497
4-Sep-14,2023.00,2040.00,2010.00,2010.00,32274
3-Sep-14,2072.00,2072.00,2038.00,2045.00,8129
2-Sep-14,2059.00,2059.00,2030.00,2050.00,28438
1-Sep-14,2018.00,2039.00,2018.00,2035.00,18443
29-Aug-14,2077.00,2079.00,2026.00,2028.00,6901
28-Aug-14,2095.00,2095.00,2047.00,2078.00,13149
27-Aug-14,2095.00,2095.00,2064.00,2065.00,7546
26-Aug-14,2116.00,2116.00,2056.00,2067.00,8357
22-Aug-14,2107.00,2107.00,2077.00,2085.00,3623
21-Aug-14,2091.00,2091.00,2067.25,2080.00,10491
20-Aug-14,2106.00,2106.00,2061.00,2065.00,7187
19-Aug-14,2123.00,2123.00,2096.00,2100.00,4755
18-Aug-14,2125.00,2125.00,2091.00,2098.00,4991
15-Aug-14,2135.00,2137.00,2093.00,2103.00,5317
14-Aug-14,2069.00,2132.00,2051.00,2132.00,11753
13-Aug-14,2065.00,2077.00,2044.72,2069.00,11778
12-Aug-14,2035.00,2091.00,2030.92,2054.00,10144
11-Aug-14,1996.00,2041.00,1996.00,2031.00,5915
8-Aug-14,1995.00,2027.00,1995.00,2017.00,7796
7-Aug-14,1963.00,2023.00,1963.00,2012.00,6091
6-Aug-14,1979.00,2003.50,1979.00,1990.00,6669
5-Aug-14,1958.00,2030.00,1958.00,2019.00,6050
4-Aug-14,1995.00,2017.00,1982.00,1986.00,5066
1-Aug-14,1993.00,2026.00,1982.00,2012.00,14087
31-Jul-14,2012.00,2027.00,1979.00,2012.00,12946
30-Jul-14,2005.00,2032.00,1978.00,2005.00,5620
29-Jul-14,1960.00,1992.00,1960.00,1983.00,5660
28-Jul-14,1971.00,2001.00,1969.00,1991.72,25722
25-Jul-14,1974.00,2024.00,1971.00,1990.00,12126
24-Jul-14,2000.00,2031.00,1976.00,2000.00,19569
23-Jul-14,1961.00,1979.00,1935.00,1965.00,7835
22-Jul-14,1953.00,2000.00,1939.00,1941.00,12100
21-Jul-14,1962.00,1962.00,1915.30,1936.00,10566
18-Jul-14,1929.00,1968.00,1927.00,1968.00,13373
17-Jul-14,1937.00,1952.00,1904.75,1945.00,3275
16-Jul-14,1921.00,1942.00,1910.00,1929.00,5540
15-Jul-14,1914.00,1938.00,1908.00,1910.00,5755
14-Jul-14,1931.00,1935.00,1905.00,1921.00,13417
11-Jul-14,1889.00,1940.68,1889.00,1918.00,13654
10-Jul-14,1931.00,1945.88,1873.00,1910.00,21661
9-Jul-14,1933.00,1948.00,1933.00,1941.00,9343
8-Jul-14,1953.00,1973.00,1933.00,1942.00,13011
7-Jul-14,2002.00,2011.00,1972.00,1973.00,12445
4-Jul-14,2008.00,2012.00,1996.38,2009.30,5923
3-Jul-14,2001.00,2010.00,1985.00,1985.00,13254
2-Jul-14,2013.00,2013.00,1979.00,1985.00,11045
1-Jul-14,1975.00,2006.00,1966.00,1981.00,13759
30-Jun-14,2020.00,2023.00,1978.00,1980.00,7532
27-Jun-14,1990.00,2016.00,1990.00,2000.00,10801
26-Jun-14,1999.00,2003.00,1974.00,1995.00,10892
25-Jun-14,2034.00,2034.00,1977.00,1983.00,12717
24-Jun-14,1991.00,2015.00,1990.00,2013.00,20917
23-Jun-14,2012.00,2031.00,1999.00,1999.00,12519
20-Jun-14,2006.00,2053.00,1995.00,2000.00,66833
19-Jun-14,2007.00,2038.00,1974.00,2015.00,19932
18-Jun-14,2010.00,2025.00,1996.00,2019.00,16648
17-Jun-14,1993.00,2012.00,1965.00,1992.00,15509
16-Jun-14,2078.00,2078.00,1972.00,1997.00,17674
13-Jun-14,2069.00,2071.00,2016.00,2060.00,11071
12-Jun-14,2058.00,2076.00,2046.00,2059.00,8771
11-Jun-14,2089.00,2090.00,2064.00,2066.00,9662
10-Jun-14,2102.00,2104.00,2089.00,2090.00,7414
9-Jun-14,2173.00,2173.00,2115.00,2121.00,9150
6-Jun-14,2195.00,2195.00,2139.00,2170.00,12492
5-Jun-14,2068.00,2184.00,2068.00,2118.00,36211
4-Jun-14,2034.00,2083.00,2034.00,2070.00,13038
3-Jun-14,2048.00,2062.00,2027.00,2055.00,11316
2-Jun-14,2055.00,2072.00,2037.00,2052.00,14352
30-May-14,2012.00,2102.72,2012.00,2061.00,25024
29-May-14,2017.00,2053.00,1982.00,2053.00,57758
28-May-14,1995.00,1995.00,1982.00,1988.00,16903
27-May-14,1997.00,2000.00,1971.00,1995.00,9079
23-May-14,2029.00,2033.00,1981.00,1994.00,12479
22-May-14,1969.00,2042.00,1937.00,2022.00,21577
21-May-14,1982.00,2001.80,1946.00,1963.00,24580
20-May-14,1948.00,1969.00,1940.00,1952.00,18104
19-May-14,1938.00,1976.88,1938.00,1938.00,22711
16-May-14,1985.00,1985.00,1944.00,1946.00,19024
15-May-14,1960.00,1980.00,1958.00,1971.00,19849
14-May-14,1957.00,1979.00,1941.00,1964.00,8379
13-May-14,1955.00,1956.00,1925.00,1938.00,8621
12-May-14,1934.00,1952.00,1909.00,1935.00,21716
9-May-14,1970.00,1970.00,1910.00,1955.00,14188
8-May-14,1923.00,1961.00,1901.00,1944.00,30180
7-May-14,1982.00,1982.00,1928.00,1933.00,17128
6-May-14,1966.00,1971.00,1936.00,1959.00,11597
2-May-14,1982.00,1982.00,1937.00,1948.00,51712
1-May-14,1921.00,1979.51,1920.00,1979.51,3862
30-Apr-14,1936.00,1959.00,1916.00,1935.00,15526
29-Apr-14,1977.00,1977.00,1943.00,1960.00,17074
28-Apr-14,1957.00,1975.00,1942.00,1956.00,25347
25-Apr-14,2003.00,2003.00,1955.00,1978.00,17314
24-Apr-14,1992.00,1992.00,1956.00,1969.00,8301
23-Apr-14,1966.00,1974.48,1959.00,1959.00,8938
22-Apr-14,1946.00,2004.00,1937.00,2000.00,21898
17-Apr-14,1953.00,1953.00,1932.00,1947.00,12381
16-Apr-14,1893.00,1948.00,1893.00,1942.00,7533
15-Apr-14,1928.00,1937.00,1865.00,1885.00,10823
14-Apr-14,1924.00,1925.00,1885.00,1920.00,11386
11-Apr-14,1932.00,1951.00,1915.00,1925.00,29343
10-Apr-14,1981.00,1989.00,1950.00,1950.00,13464
9-Apr-14,1960.00,1984.00,1956.00,1970.50,12164
8-Apr-14,1973.00,1973.00,1944.00,1950.00,18522
7-Apr-14,1960.00,1987.00,1955.25,1965.00,16359
4-Apr-14,1949.00,1974.68,1935.00,1954.00,7975
3-Apr-14,1922.00,1955.00,1922.00,1942.00,7506
2-Apr-14,1895.00,1975.59,1890.00,1940.00,22982
1-Apr-14,1839.00,1890.00,1838.00,1884.83,22437
31-Mar-14,1826.00,1826.00,1808.00,1814.00,31265
28-Mar-14,1802.00,1819.75,1800.00,1800.00,13624
27-Mar-14,1811.00,1812.00,1799.50,1806.00,6334
26-Mar-14,1809.00,1813.00,1800.00,1800.00,8787
25-Mar-14,1819.00,1819.00,1798.00,1800.00,6553
24-Mar-14,1805.00,1837.21,1798.00,1800.00,9317
21-Mar-14,1770.00,1804.00,1770.00,1794.00,46712
20-Mar-14,1770.00,1789.48,1757.00,1775.00,3850
19-Mar-14,1765.00,1781.00,1742.80,1760.00,11706
18-Mar-14,1720.00,1753.00,1720.00,1743.00,4933
17-Mar-14,1712.00,1737.00,1702.52,1714.00,5716
14-Mar-14,1752.00,1752.00,1707.00,1705.29,7615
13-Mar-14,1738.00,1739.00,1721.00,1730.00,4425
12-Mar-14,1732.00,1745.00,1715.00,1727.00,17498
11-Mar-14,1724.00,1749.00,1720.00,1749.00,4100
10-Mar-14,1715.00,1739.00,1710.00,1725.00,17489
7-Mar-14,1722.00,1727.00,1713.00,1715.00,4228
6-Mar-14,1692.00,1726.00,1692.00,1713.00,15433
5-Mar-14,1694.00,1713.00,1686.00,1680.98,13428
4-Mar-14,1717.00,1732.00,1715.00,1723.00,15863
3-Mar-14,1694.00,1708.00,1686.00,1708.00,10654
28-Feb-14,1725.00,1741.00,1710.00,1735.00,7276
27-Feb-14,1719.00,1742.00,1702.00,1715.00,12351
26-Feb-14,1735.00,1757.00,1729.00,1742.00,7594
25-Feb-14,1760.00,1771.00,1734.00,1734.00,25451
24-Feb-14,1765.00,1774.00,1750.00,1774.00,8298
21-Feb-14,1781.00,1786.00,1765.00,1765.00,20992
20-Feb-14,1770.00,1788.00,1749.00,1767.65,22276
19-Feb-14,1746.00,1785.00,1746.00,1785.00,5429
18-Feb-14,1718.00,1778.00,1718.00,1778.00,8782
17-Feb-14,1716.00,1736.00,1701.00,1729.00,6048
14-Feb-14,1697.00,1714.00,1697.00,1712.00,6206
13-Feb-14,1640.00,1694.00,1640.00,1694.00,7951
12-Feb-14,1625.00,1667.00,1625.00,1667.00,6427
11-Feb-14,1623.00,1659.00,1623.00,1653.00,4690
10-Feb-14,1632.00,1659.00,1632.00,1659.00,9160
7-Feb-14,1652.00,1669.00,1649.00,1656.00,7074
6-Feb-14,1663.00,1671.00,1643.00,1651.00,18526
5-Feb-14,1639.00,1666.00,1633.00,1637.00,6610
4-Feb-14,1639.00,1665.00,1639.00,1665.00,4915
3-Feb-14,1637.00,1669.00,1637.00,1651.00,16931
31-Jan-14,1676.00,1679.00,1639.00,1668.00,14855
30-Jan-14,1676.00,1693.00,1662.00,1662.00,9190
29-Jan-14,1701.00,1710.00,1651.00,1676.00,14613
28-Jan-14,1672.00,1714.00,1651.00,1714.00,7847
27-Jan-14,1685.00,1685.00,1620.00,1651.00,8076
24-Jan-14,1695.00,1696.00,1635.00,1664.00,7384
23-Jan-14,1696.00,1732.00,1692.00,1710.00,6143
22-Jan-14,1744.00,1744.00,1693.00,1710.00,2724
21-Jan-14,1687.00,1726.00,1677.00,1721.00,7276
20-Jan-14,1701.00,1721.00,1685.00,1718.00,7707
17-Jan-14,1731.00,1734.00,1698.00,1698.00,9014
16-Jan-14,1748.00,1748.00,1704.00,1732.00,12090
15-Jan-14,1715.00,1747.00,1695.00,1705.00,8400
14-Jan-14,1719.00,1719.00,1669.00,1682.00,9177
13-Jan-14,1680.00,1720.00,1660.00,1718.00,9306
10-Jan-14,1630.00,1699.00,1630.00,1684.00,10010
9-Jan-14,1621.00,1659.00,1621.00,1650.00,8869
8-Jan-14,1625.00,1628.00,1605.00,1612.00,3429
7-Jan-14,1607.00,1625.00,1601.00,1611.00,11224
6-Jan-14,1643.00,1651.00,1617.00,1617.00,2569
3-Jan-14,1615.00,1645.00,1610.00,1640.00,6207
2-Jan-14,1627.00,1653.00,1618.00,1629.00,4136
31-Dec-13,1627.00,1647.00,1614.00,1614.00,1156
30-Dec-13,1634.00,1642.00,1604.00,1604.00,4522
27-Dec-13,1592.00,1619.00,1592.00,1615.00,4897
24-Dec-13,1625.00,1625.00,1615.00,1619.00,2325
23-Dec-13,1621.00,1633.00,1615.00,1615.00,7450
20-Dec-13,1578.00,1623.00,1578.00,1615.00,31965
19-Dec-13,1578.00,1595.00,1573.00,1585.00,4244
18-Dec-13,1571.00,1591.00,1559.00,1559.00,6732
17-Dec-13,1521.00,1590.00,1521.00,1571.00,10883
16-Dec-13,1523.00,1569.00,1519.00,1567.00,11182
13-Dec-13,1526.00,1536.00,1515.00,1527.00,2929
12-Dec-13,1529.00,1545.00,1521.00,1526.00,7891
11-Dec-13,1524.00,1556.00,1524.00,1544.00,10953
10-Dec-13,1527.00,1544.00,1527.00,1530.00,4811
9-Dec-13,1523.00,1560.00,1520.00,1529.00,15943
6-Dec-13,1527.00,1559.00,1497.00,1523.00,22230
5-Dec-13,1533.00,1549.00,1513.00,1531.00,11888
4-Dec-13,1546.00,1548.00,1523.00,1545.00,5814
3-Dec-13,1570.00,1570.00,1531.00,1548.00,14014
2-Dec-13,1588.00,1588.00,1540.00,1553.00,13019
29-Nov-13,1570.00,1580.00,1535.00,1558.00,17593
28-Nov-13,1545.00,1566.00,1545.00,1550.00,10968
27-Nov-13,1525.00,1560.00,1524.00,1545.00,15863
26-Nov-13,1505.00,1525.00,1475.00,1525.00,388627
25-Nov-13,1494.00,1516.00,1483.00,1490.00,42673
22-Nov-13,1540.00,1548.00,1499.00,1499.00,37827
21-Nov-13,1562.00,1565.00,1531.00,1540.00,16626
20-Nov-13,1549.00,1573.00,1538.00,1573.00,14634
19-Nov-13,1540.00,1566.00,1520.00,1535.00,10514
18-Nov-13,1549.00,1554.00,1540.00,1545.00,17572
15-Nov-13,1561.00,1589.00,1546.00,1551.00,25583
14-Nov-13,1549.00,1570.00,1547.00,1565.00,11651
13-Nov-13,1557.00,1594.00,1517.00,1538.00,33636
12-Nov-13,1614.00,1627.00,1556.00,1556.00,20588
11-Nov-13,1572.00,1620.00,1572.00,1620.00,28497
8-Nov-13,1577.00,1577.00,1537.00,1556.00,93168
7-Nov-13,1600.00,1600.00,1570.00,1574.74,21125
6-Nov-13,1574.00,1585.00,1574.00,1575.00,17437
5-Nov-13,1577.00,1600.00,1570.00,1600.00,10901
4-Nov-13,1613.00,1613.00,1572.00,1572.00,14750
1-Nov-13,1624.00,1625.00,1607.00,1607.00,9266
31-Oct-13,1637.00,1656.00,1620.00,1634.00,8219
30-Oct-13,1631.00,1662.00,1615.00,1650.00,19996
29-Oct-13,1630.00,1656.00,1630.00,1640.00,10551
28-Oct-13,1664.00,1682.00,1625.00,1645.00,9007
25-Oct-13,1649.00,1665.00,1640.00,1665.00,12069
24-Oct-13,1647.00,1660.00,1637.00,1656.00,7642
23-Oct-13,1638.00,1658.00,1633.00,1640.00,10075
22-Oct-13,1622.00,1638.00,1617.00,1629.00,6957
21-Oct-13,1618.00,1635.00,1606.00,1613.00,9873
18-Oct-13,1599.00,1618.00,1580.00,1614.00,6972
17-Oct-13,1515.00,1592.00,1515.00,1571.05,13463
16-Oct-13,1506.00,1543.00,1502.00,1537.00,8722
15-Oct-13,1510.00,1521.00,1486.00,1505.00,7139
14-Oct-13,1513.00,1519.00,1498.00,1500.00,3854
11-Oct-13,1525.00,1532.00,1510.00,1520.00,7542
10-Oct-13,1520.00,1536.00,1503.00,1528.00,10153
9-Oct-13,1491.00,1516.00,1479.00,1510.00,10968
8-Oct-13,1500.00,1500.00,1478.00,1479.00,8773
7-Oct-13,1510.00,1510.00,1473.00,1495.00,10636
4-Oct-13,1547.00,1554.00,1504.00,1511.00,23077
3-Oct-13,1550.00,1557.00,1505.00,1505.00,9977
2-Oct-13,1549.00,1576.00,1549.00,1555.00,5028
1-Oct-13,1559.00,1575.00,1550.00,1575.00,7159
30-Sep-13,1554.00,1554.00,1538.00,1551.00,4818
27-Sep-13,1574.00,1574.00,1533.00,1543.00,5413
26-Sep-13,1574.00,1578.00,1561.00,1566.00,5507
25-Sep-13,1580.00,1581.00,1571.00,1580.28,12824
24-Sep-13,1554.00,1580.00,1550.00,1580.00,12979
20-Sep-13,1594.00,1594.00,1545.00,1582.33,38744
19-Sep-13,1609.00,1615.00,1570.00,1583.00,20477
18-Sep-13,1586.00,1605.00,1574.00,1613.00,5506
17-Sep-13,1615.00,1615.00,1570.00,1586.00,11851
16-Sep-13,1612.00,1612.00,1598.00,1598.00,3095
13-Sep-13,1585.00,1595.00,1580.00,1592.00,1885
12-Sep-13,1565.00,1597.00,1565.00,1585.00,3859
11-Sep-13,1599.00,1605.00,1579.00,1588.00,4909
10-Sep-13,1601.00,1607.00,1591.00,1600.00,6147
9-Sep-13,1581.00,1591.00,1581.00,1590.00,3766
6-Sep-13,1569.00,1600.00,1566.00,1584.00,3918
5-Sep-13,1580.00,1600.00,1572.00,1594.00,5496
4-Sep-13,1580.00,1580.00,1559.00,1573.00,11153
3-Sep-13,1589.00,1608.00,1553.00,1576.00,5688
2-Sep-13,1560.00,1615.00,1560.00,1615.00,17058
30-Aug-13,1610.00,1610.00,1556.00,1556.00,7371
29-Aug-13,1604.00,1619.00,1575.00,1605.00,8402
28-Aug-13,1595.00,1625.00,1595.00,1605.00,6674
27-Aug-13,1610.00,1610.00,1577.00,1610.00,6806
23-Aug-13,1607.00,1615.00,1592.00,1609.00,4225
22-Aug-13,1619.00,1619.00,1582.00,1585.00,4789
21-Aug-13,1579.00,1618.00,1579.00,1586.00,5386
20-Aug-13,1601.00,1627.00,1593.00,1617.00,4693
19-Aug-13,1631.00,1631.00,1600.00,1608.00,18752
16-Aug-13,1591.00,1629.00,1587.00,1605.00,2741
15-Aug-13,1630.00,1635.00,1590.00,1591.00,9738
14-Aug-13,1632.00,1635.00,1632.00,1635.00,4167
13-Aug-13,1640.00,1640.00,1616.00,1635.00,4594
12-Aug-13,1640.00,1640.00,1623.00,1639.50,9066
9-Aug-13,1655.00,1655.00,1624.00,1635.00,5266
8-Aug-13,1635.00,1636.00,1618.00,1635.00,4981
7-Aug-13,1635.00,1636.00,1617.00,1617.00,6717
6-Aug-13,1640.00,1643.00,1626.00,1635.00,8887
5-Aug-13,1640.00,1640.00,1626.00,1633.04,6947
2-Aug-13,1647.00,1650.00,1623.00,1655.00,8282
1-Aug-13,1671.00,1680.00,1639.00,1645.00,10201
31-Jul-13,1655.00,1670.00,1647.00,1670.00,9050
30-Jul-13,1666.00,1666.00,1645.00,1655.00,3084
29-Jul-13,1672.00,1672.00,1643.00,1656.00,4355
26-Jul-13,1645.00,1668.00,1640.00,1646.00,3109
25-Jul-13,1667.00,1676.00,1647.00,1653.00,2476
24-Jul-13,1671.00,1678.00,1640.00,1660.00,4274
23-Jul-13,1653.00,1684.00,1653.00,1660.00,6215
22-Jul-13,1647.00,1659.00,1640.00,1660.00,7937
19-Jul-13,1663.00,1679.00,1641.00,1642.00,10018
18-Jul-13,1664.00,1691.00,1657.00,1679.00,14563
17-Jul-13,1680.00,1680.00,1665.00,1676.00,8710
16-Jul-13,1674.00,1686.00,1657.00,1674.00,5861
15-Jul-13,1646.00,1691.00,1646.00,1691.00,5598
12-Jul-13,1654.00,1670.00,1654.00,1668.00,5664
11-Jul-13,1658.00,1670.00,1639.00,1670.00,9029
10-Jul-13,1650.00,1658.00,1610.00,1654.00,6566
9-Jul-13,1600.00,1658.00,1600.00,1658.00,20342
8-Jul-13,1621.00,1646.00,1601.00,1630.00,14716
5-Jul-13,1629.00,1644.00,1619.00,1624.00,12532
4-Jul-13,1560.00,1634.00,1560.00,1634.00,17921
3-Jul-13,1585.00,1589.00,1561.00,1587.75,17894
2-Jul-13,1600.00,1631.00,1590.00,1590.00,13476
1-Jul-13,1568.00,1617.00,1568.00,1617.00,6302
28-Jun-13,1538.00,1580.00,1538.00,1580.00,18865
27-Jun-13,1535.00,1568.00,1530.00,1560.00,10308
26-Jun-13,1546.00,1578.00,1546.00,1556.00,13158
25-Jun-13,1524.00,1551.00,1520.00,1546.35,8933
24-Jun-13,1528.00,1539.00,1511.00,1518.00,5967
21-Jun-13,1568.00,1593.00,1545.00,1545.00,36721
20-Jun-13,1591.00,1601.00,1565.00,1573.00,10736
19-Jun-13,1600.00,1613.00,1585.00,1613.00,19379
18-Jun-13,1548.00,1620.00,1547.88,1619.00,17191
17-Jun-13,1539.00,1563.00,1535.00,1553.20,13503
14-Jun-13,1560.00,1560.00,1536.00,1545.00,5584
13-Jun-13,1542.00,1550.00,1540.00,1540.00,9239
12-Jun-13,1546.00,1586.00,1546.00,1563.00,28536
11-Jun-13,1560.00,1607.00,1536.00,1563.00,21723
10-Jun-13,1550.00,1575.00,1550.00,1560.00,9611
7-Jun-13,1572.00,1577.00,1540.00,1549.00,6963
6-Jun-13,1535.00,1562.00,1535.00,1543.00,4216
5-Jun-13,1536.00,1579.00,1535.00,1546.00,15559
4-Jun-13,1575.00,1580.00,1552.00,1569.00,8750
3-Jun-13,1553.00,1577.00,1542.17,1577.00,11917
31-May-13,1549.00,1550.00,1520.00,1550.00,23225
30-May-13,1520.00,1542.00,1503.00,1523.00,8115
29-May-13,1530.00,1556.00,1525.00,1529.00,7722
28-May-13,1522.00,1549.00,1520.00,1530.00,10717
24-May-13,1525.00,1549.00,1525.00,1532.70,14446
23-May-13,1544.00,1554.00,1519.00,1531.62,19411
22-May-13,1540.00,1563.00,1522.70,1557.00,6040
21-May-13,1516.00,1540.00,1516.00,1529.50,12626
20-May-13,1526.00,1536.00,1507.00,1528.43,17495
17-May-13,1500.00,1535.00,1497.00,1535.00,5599
16-May-13,1496.00,1510.00,1492.00,1510.00,7125
15-May-13,1489.00,1500.00,1489.00,1490.00,6389
14-May-13,1474.00,1498.00,1469.00,1488.00,9043
13-May-13,1497.00,1499.00,1479.00,1499.00,3208
10-May-13,1496.00,1512.00,1487.00,1499.00,8627
9-May-13,1472.00,1511.00,1471.80,1511.00,18935
8-May-13,1509.00,1519.00,1487.00,1519.00,5666
7-May-13,1487.00,1490.00,1471.27,1485.00,10586
3-May-13,1472.00,1501.00,1472.00,1490.00,7780
2-May-13,1495.00,1495.00,1464.00,1474.00,13741
1-May-13,1460.00,1505.00,1460.00,1505.00,8461
30-Apr-13,1459.00,1461.00,1451.00,1460.00,19512
29-Apr-13,1455.00,1460.00,1450.00,1460.00,3762
26-Apr-13,1444.00,1456.00,1440.00,1456.00,8634
25-Apr-13,1424.00,1459.00,1412.84,1450.00,10143
24-Apr-13,1418.00,1452.00,1414.00,1426.00,21390
23-Apr-13,1449.00,1483.60,1447.00,1456.20,25963
22-Apr-13,1475.00,1482.26,1452.00,1452.00,8505
19-Apr-13,1480.00,1491.00,1466.00,1478.00,3668
18-Apr-13,1506.00,1506.00,1473.00,1480.00,17012
17-Apr-13,1506.00,1508.00,1493.00,1494.00,13411
16-Apr-13,1529.00,1535.00,1496.00,1496.00,21937
15-Apr-13,1554.00,1557.84,1520.00,1522.00,21492
12-Apr-13,1512.00,1559.00,1505.00,1551.00,22012
11-Apr-13,1480.00,1512.00,1480.00,1505.00,18175
10-Apr-13,1469.00,1482.00,1460.00,1482.00,19417
9-Apr-13,1475.00,1475.00,1444.00,1465.00,19776
8-Apr-13,1455.00,1468.00,1448.35,1465.00,24737
5-Apr-13,1470.00,1470.00,1435.00,1450.00,22079
4-Apr-13,1475.00,1475.00,1449.00,1471.00,13424
3-Apr-13,1483.00,1485.00,1443.00,1472.00,34247
2-Apr-13,1460.00,1492.00,1451.00,1475.30,21385
28-Mar-13,1449.00,1459.00,1429.00,1459.00,15568
27-Mar-13,1481.00,1485.00,1419.00,1429.00,18980
26-Mar-13,1475.00,1489.00,1434.00,1489.00,23186
25-Mar-13,1475.00,1475.00,1444.00,1465.00,15852
22-Mar-13,1468.00,1475.00,1454.00,1470.00,14019
21-Mar-13,1450.00,1480.14,1438.00,1467.00,11077
20-Mar-13,1480.00,1480.00,1453.00,1464.00,8054
19-Mar-13,1479.00,1493.00,1453.00,1473.00,9932
18-Mar-13,1487.00,1498.00,1467.00,1491.00,27813
15-Mar-13,1485.00,1532.00,1455.00,1532.00,69282
14-Mar-13,1470.00,1470.00,1454.00,1470.00,35991
13-Mar-13,1462.00,1470.00,1434.94,1470.00,12146
12-Mar-13,1444.00,1474.00,1444.00,1461.00,21206
11-Mar-13,1430.00,1460.37,1430.00,1455.00,16418
8-Mar-13,1443.00,1474.00,1426.00,1437.00,40278
7-Mar-13,1420.00,1434.00,1405.00,1428.00,20366
6-Mar-13,1391.00,1405.00,1388.00,1405.00,14005
5-Mar-13,1403.00,1406.00,1382.00,1382.00,23176
4-Mar-13,1398.00,1437.00,1395.00,1400.00,11880
1-Mar-13,1420.00,1420.00,1400.00,1410.00,8017
28-Feb-13,1368.00,1413.00,1368.00,1409.00,26491
27-Feb-13,1418.00,1421.00,1387.00,1399.00,6892
26-Feb-13,1419.00,1431.00,1401.00,1419.00,21794
25-Feb-13,1392.00,1420.14,1392.00,1420.00,13059
22-Feb-13,1391.00,1404.00,1355.00,1393.00,20600
21-Feb-13,1402.00,1409.00,1373.00,1386.00,30677
20-Feb-13,1417.00,1427.00,1400.00,1411.00,28924
19-Feb-13,1450.00,1450.00,1430.00,1440.00,3663
18-Feb-13,1410.00,1448.80,1410.00,1438.00,6553
15-Feb-13,1415.00,1450.00,1415.00,1444.00,29563
14-Feb-13,1434.00,1450.00,1418.00,1450.00,10679
13-Feb-13,1425.00,1450.00,1402.00,1442.00,22071
12-Feb-13,1466.00,1467.00,1438.00,1460.00,5423
11-Feb-13,1474.00,1481.08,1452.00,1454.00,10187
8-Feb-13,1493.00,1495.00,1454.00,1472.00,7870
7-Feb-13,1441.00,1485.00,1434.23,1453.00,16936
6-Feb-13,1406.00,1466.00,1396.00,1460.00,16340
5-Feb-13,1382.00,1410.00,1377.00,1401.00,6181
4-Feb-13,1366.00,1395.00,1366.00,1382.00,13597
1-Feb-13,1370.00,1383.00,1354.00,1370.00,36644
31-Jan-13,1330.00,1347.00,1330.00,1340.00,13543
30-Jan-13,1341.00,1343.00,1330.00,1330.00,13399
29-Jan-13,1330.00,1349.00,1320.00,1333.00,15298
28-Jan-13,1325.00,1325.00,1308.00,1323.00,18765
25-Jan-13,1326.00,1326.00,1300.00,1312.00,14189
24-Jan-13,1325.00,1325.00,1300.00,1313.00,7372
23-Jan-13,1325.00,1325.00,1287.00,1300.00,18714
22-Jan-13,1318.00,1318.00,1310.00,1316.00,4557
21-Jan-13,1320.00,1325.00,1293.00,1324.00,10346
18-Jan-13,1300.00,1328.49,1291.00,1311.00,8377
17-Jan-13,1294.00,1307.00,1290.00,1306.00,11270
16-Jan-13,1294.00,1306.00,1284.00,1299.00,11048
15-Jan-13,1335.00,1335.00,1280.00,1285.00,37329
14-Jan-13,1379.00,1379.00,1319.00,1319.00,24823
11-Jan-13,1349.00,1358.20,1340.00,1344.00,10156
10-Jan-13,1342.00,1352.00,1330.00,1337.00,12052
9-Jan-13,1337.00,1342.00,1331.00,1339.00,5135
8-Jan-13,1370.00,1370.00,1325.00,1325.00,9300
7-Jan-13,1298.00,1343.06,1298.00,1343.00,17237
4-Jan-13,1307.00,1315.00,1295.00,1300.00,5669
3-Jan-13,1330.00,1331.00,1300.00,1305.00,9553
2-Jan-13,1301.00,1319.00,1294.00,1305.00,7094
