31-Dec-15,1690.00,1690.00,1680.00,1681.00,13174
30-Dec-15,1685.00,1690.00,1677.00,1684.00,4619
29-Dec-15,1669.00,1690.00,1660.18,1688.00,19146
24-Dec-15,1650.00,1674.20,1650.00,1672.00,5204
23-Dec-15,1661.00,1675.00,1654.00,1671.00,37293
22-Dec-15,1652.00,1658.00,1643.09,1654.00,11614
21-Dec-15,1650.00,1665.00,1650.00,1651.00,21035
18-Dec-15,1660.00,1665.00,1633.00,1652.00,67367
16-Dec-15,1634.00,1655.00,1631.00,1652.00,16680
15-Dec-15,1615.00,1650.00,1611.72,1646.00,36156
14-Dec-15,1600.00,1625.01,1600.00,1603.00,16811
11-Dec-15,1600.00,1616.00,1600.00,1606.00,25957
10-Dec-15,1600.00,1624.06,1600.00,1609.00,20378
9-Dec-15,1610.00,1627.00,1607.00,1620.00,19072
8-Dec-15,1602.00,1628.00,1602.00,1614.50,17763
7-Dec-15,1615.00,1630.00,1600.00,1617.00,21980
4-Dec-15,1580.00,1611.00,1580.00,1611.00,29358
3-Dec-15,1625.00,1630.00,1590.00,1593.00,35265
2-Dec-15,1590.00,1630.00,1590.00,1610.00,31550
1-Dec-15,1582.00,1599.00,1580.00,1598.00,23459
30-Nov-15,1581.00,1593.57,1580.00,1585.00,24415
27-Nov-15,1588.00,1591.00,1580.00,1586.90,76399
26-Nov-15,1576.00,1599.72,1576.00,1595.00,16455
25-Nov-15,1582.00,1593.00,1578.00,1590.00,22583
24-Nov-15,1610.00,1615.04,1580.00,1584.00,38806
23-Nov-15,1603.00,1615.00,1598.00,1602.75,16836
20-Nov-15,1600.00,1614.00,1592.00,1609.00,30250
19-Nov-15,1596.00,1613.00,1595.00,1608.00,35501
18-Nov-15,1603.00,1612.92,1588.00,1605.00,23472
17-Nov-15,1600.00,1609.12,1585.00,1587.00,32768
16-Nov-15,1570.00,1595.00,1570.00,1595.00,17929
13-Nov-15,1604.00,1604.00,1580.00,1589.10,5077
12-Nov-15,1604.00,1619.00,1592.00,1615.10,14069
11-Nov-15,1625.00,1635.00,1608.00,1618.00,14613
10-Nov-15,1625.00,1630.00,1602.00,1606.00,27919
9-Nov-15,1600.00,1633.20,1600.00,1620.00,26054
6-Nov-15,1625.00,1628.80,1601.00,1606.50,28367
5-Nov-15,1629.00,1630.00,1606.00,1616.00,25293
4-Nov-15,1600.00,1640.00,1596.50,1624.25,38744
3-Nov-15,1600.00,1608.00,1584.40,1600.00,15833
2-Nov-15,1578.00,1595.00,1566.00,1593.00,35081
30-Oct-15,1585.00,1585.00,1572.00,1574.00,16919
29-Oct-15,1575.00,1589.35,1572.00,1572.00,11646
28-Oct-15,1565.00,1594.96,1565.00,1594.30,27402
27-Oct-15,1575.00,1585.00,1560.00,1576.40,42263
26-Oct-15,1562.00,1584.95,1560.00,1569.00,31102
23-Oct-15,1541.00,1580.00,1541.00,1553.00,49414
22-Oct-15,1535.00,1550.13,1535.00,1545.00,24327
21-Oct-15,1550.00,1555.00,1536.00,1545.00,22730
20-Oct-15,1532.00,1553.95,1532.00,1545.00,25504
19-Oct-15,1565.00,1565.00,1530.00,1535.50,55324
16-Oct-15,1540.00,1565.00,1540.00,1556.00,47299
15-Oct-15,1525.00,1549.00,1525.00,1539.60,32654
14-Oct-15,1545.00,1545.00,1528.00,1531.00,30896
13-Oct-15,1520.00,1541.97,1520.00,1540.00,20995
12-Oct-15,1532.00,1550.00,1524.00,1535.00,44751
9-Oct-15,1520.00,1537.96,1516.80,1536.00,29601
8-Oct-15,1520.00,1520.00,1511.00,1517.00,37139
7-Oct-15,1526.00,1535.00,1512.00,1519.00,30049
6-Oct-15,1530.00,1535.00,1516.00,1525.00,25111
5-Oct-15,1510.00,1527.89,1510.00,1524.95,4258
2-Oct-15,1515.00,1515.00,1494.95,1507.00,13856
1-Oct-15,1503.00,1517.00,1482.00,1504.32,23096
30-Sep-15,1485.00,1503.90,1485.00,1492.00,17339
29-Sep-15,1485.00,1495.16,1475.00,1485.00,28908
28-Sep-15,1510.00,1510.00,1489.05,1494.00,20765
25-Sep-15,1470.00,1515.00,1470.00,1509.00,25799
24-Sep-15,1502.00,1510.00,1466.00,1486.50,36377
23-Sep-15,1495.00,1510.00,1495.00,1505.84,26765
22-Sep-15,1520.00,1522.00,1494.00,1494.00,50939
21-Sep-15,1523.00,1524.94,1516.00,1517.00,31607
18-Sep-15,1521.00,1535.00,1511.00,1518.00,98590
17-Sep-15,1521.00,1536.00,1521.00,1528.00,24904
16-Sep-15,1524.00,1534.75,1520.00,1520.00,16805
15-Sep-15,1506.00,1523.00,1506.00,1511.00,24624
14-Sep-15,1507.00,1519.12,1502.00,1514.00,23716
11-Sep-15,1522.00,1524.56,1506.20,1508.00,39550
10-Sep-15,1540.00,1541.23,1520.00,1525.00,30267
9-Sep-15,1542.00,1553.00,1536.00,1540.30,102593
8-Sep-15,1520.00,1530.00,1520.00,1527.00,19341
7-Sep-15,1528.00,1539.00,1521.00,1527.78,18445
4-Sep-15,1550.00,1562.94,1527.00,1543.00,47930
3-Sep-15,1541.00,1575.00,1540.00,1575.00,40818
2-Sep-15,1516.00,1545.00,1516.00,1540.00,40393
1-Sep-15,1530.00,1537.92,1511.00,1520.00,42488
28-Aug-15,1545.00,1554.90,1525.00,1554.90,42189
27-Aug-15,1532.00,1547.93,1518.00,1531.00,43045
26-Aug-15,1507.00,1525.00,1498.22,1511.00,41977
25-Aug-15,1431.00,1550.00,1431.00,1531.00,112122
24-Aug-15,1444.00,1450.00,1393.64,1443.00,128192
21-Aug-15,1510.00,1510.00,1466.00,1466.00,56579
20-Aug-15,1530.00,1538.00,1516.00,1521.00,23885
19-Aug-15,1549.00,1555.00,1526.00,1538.00,31279
18-Aug-15,1550.00,1559.66,1550.00,1553.00,18000
17-Aug-15,1560.00,1568.00,1551.00,1554.00,18243
14-Aug-15,1561.00,1568.00,1560.00,1563.53,8203
13-Aug-15,1570.00,1580.00,1564.00,1566.77,21814
12-Aug-15,1580.00,1584.95,1555.00,1563.00,54330
11-Aug-15,1603.00,1603.00,1581.00,1587.00,32917
10-Aug-15,1595.00,1604.23,1590.00,1597.00,6212
7-Aug-15,1613.00,1613.00,1596.17,1602.00,2810
6-Aug-15,1594.00,1612.00,1585.20,1611.00,42259
5-Aug-15,1576.00,1597.00,1568.96,1594.00,23542
4-Aug-15,1583.00,1583.00,1576.16,1580.00,32684
3-Aug-15,1570.00,1585.00,1570.00,1580.00,17328
31-Jul-15,1565.00,1583.56,1565.00,1577.00,26840
30-Jul-15,1588.00,1588.00,1565.00,1565.00,46796
29-Jul-15,1580.00,1589.42,1575.00,1581.00,75499
28-Jul-15,1585.00,1595.20,1576.00,1577.00,18642
27-Jul-15,1585.00,1601.00,1580.00,1581.03,15263
24-Jul-15,1605.00,1613.00,1600.00,1600.00,19662
23-Jul-15,1594.00,1613.00,1591.72,1609.00,35374
22-Jul-15,1587.00,1600.00,1587.00,1595.00,38095
21-Jul-15,1594.00,1605.00,1594.00,1600.00,15460
20-Jul-15,1585.00,1605.00,1585.00,1603.24,18920
17-Jul-15,1588.00,1595.00,1580.00,1592.00,51372
16-Jul-15,1580.00,1590.00,1572.88,1587.00,16519
15-Jul-15,1565.00,1580.00,1565.00,1579.00,14608
14-Jul-15,1575.00,1585.00,1557.00,1574.00,53777
13-Jul-15,1573.00,1582.00,1569.76,1572.00,31245
10-Jul-15,1567.00,1580.56,1566.00,1571.00,27706
9-Jul-15,1557.00,1571.91,1555.00,1557.00,15945
8-Jul-15,1568.00,1574.55,1562.00,1566.00,4672
7-Jul-15,1580.00,1585.04,1571.00,1572.85,36191
6-Jul-15,1569.00,1585.00,1566.25,1581.00,37553
3-Jul-15,1583.00,1589.00,1582.00,1586.00,20317
2-Jul-15,1570.00,1586.00,1565.00,1585.00,60823
1-Jul-15,1545.00,1575.00,1545.00,1569.00,37311
30-Jun-15,1528.00,1555.00,1522.00,1543.05,57819
29-Jun-15,1511.00,1542.00,1500.00,1532.00,57523
26-Jun-15,1535.00,1541.80,1530.00,1539.00,14630
25-Jun-15,1538.00,1548.00,1536.00,1547.00,41153
24-Jun-15,1547.00,1547.01,1533.48,1537.60,26638
23-Jun-15,1550.00,1550.00,1538.00,1541.00,18317
22-Jun-15,1540.00,1551.45,1532.04,1536.00,31516
19-Jun-15,1539.00,1550.00,1530.00,1543.00,138963
18-Jun-15,1542.00,1549.00,1537.00,1545.00,33933
17-Jun-15,1547.00,1552.85,1540.00,1552.85,17719
16-Jun-15,1540.00,1550.00,1540.00,1545.00,22306
15-Jun-15,1561.00,1565.00,1548.00,1548.00,25216
12-Jun-15,1565.00,1571.00,1561.00,1570.00,36495
11-Jun-15,1552.00,1573.00,1547.48,1568.00,44277
10-Jun-15,1535.00,1550.03,1535.00,1548.00,41522
9-Jun-15,1550.00,1557.66,1537.00,1539.42,43484
8-Jun-15,1560.00,1560.00,1555.00,1558.00,29190
5-Jun-15,1564.00,1567.00,1550.00,1559.00,16831
4-Jun-15,1576.00,1585.00,1556.00,1562.50,28410
3-Jun-15,1568.00,1590.00,1568.00,1586.00,45086
2-Jun-15,1575.00,1582.00,1568.00,1575.00,21040
1-Jun-15,1580.00,1586.30,1571.00,1575.27,17801
29-May-15,1575.00,1587.00,1575.00,1579.00,23546
28-May-15,1575.00,1586.36,1575.00,1585.00,13028
27-May-15,1593.00,1593.00,1579.00,1580.00,28282
26-May-15,1600.00,1600.00,1584.00,1589.00,13951
22-May-15,1600.00,1600.00,1591.95,1594.88,9525
21-May-15,1590.00,1600.00,1585.00,1590.00,17400
20-May-15,1595.00,1600.00,1587.77,1599.00,20190
19-May-15,1590.00,1595.00,1579.02,1595.00,5714
18-May-15,1583.00,1596.42,1578.06,1587.00,19275
15-May-15,1577.00,1588.00,1577.00,1583.00,25733
14-May-15,1582.00,1589.99,1578.00,1585.00,49295
13-May-15,1598.00,1607.98,1585.83,1599.00,36768
12-May-15,1596.00,1608.00,1585.00,1593.50,62586
11-May-15,1593.00,1614.00,1593.00,1605.00,66633
8-May-15,1585.00,1609.00,1583.53,1608.00,142966
7-May-15,1580.00,1585.00,1570.00,1578.00,40002
6-May-15,1579.00,1581.00,1571.00,1578.00,26385
5-May-15,1575.00,1590.00,1571.04,1574.00,40297
1-May-15,1575.00,1584.09,1570.00,1572.00,20591
30-Apr-15,1595.00,1595.00,1575.00,1587.00,39052
29-Apr-15,1609.00,1609.00,1590.00,1590.26,42657
28-Apr-15,1598.00,1614.00,1591.00,1606.44,111630
27-Apr-15,1589.00,1605.20,1585.80,1601.05,29790
24-Apr-15,1590.00,1595.09,1586.00,1590.16,15346
23-Apr-15,1588.00,1595.00,1582.00,1585.00,18005
22-Apr-15,1582.00,1591.72,1578.50,1588.00,73008
21-Apr-15,1586.00,1600.48,1585.00,1586.00,45224
20-Apr-15,1590.00,1596.00,1586.64,1592.00,22166
17-Apr-15,1599.00,1602.00,1583.56,1588.53,15416
16-Apr-15,1613.00,1615.00,1595.00,1600.00,48934
15-Apr-15,1591.00,1609.53,1589.23,1609.53,19260
14-Apr-15,1589.00,1601.00,1586.48,1597.50,50422
13-Apr-15,1590.00,1596.00,1590.00,1590.55,9938
10-Apr-15,1581.00,1596.00,1581.00,1592.00,34792
9-Apr-15,1585.00,1589.00,1577.78,1581.32,13878
8-Apr-15,1577.00,1585.00,1571.00,1584.00,14090
7-Apr-15,1562.00,1578.00,1562.00,1578.00,24626
2-Apr-15,1560.00,1574.00,1550.46,1564.04,14532
1-Apr-15,1555.00,1575.00,1536.76,1572.50,32079
31-Mar-15,1571.00,1580.00,1558.50,1568.00,33509
30-Mar-15,1561.00,1573.00,1561.00,1567.00,25547
27-Mar-15,1576.00,1576.00,1562.00,1562.00,22535
26-Mar-15,1565.00,1579.00,1558.88,1567.00,35575
25-Mar-15,1598.00,1604.00,1576.00,1577.00,18983
24-Mar-15,1590.00,1605.00,1590.00,1594.00,30153
23-Mar-15,1600.00,1605.00,1593.60,1597.00,34364
20-Mar-15,1580.00,1603.00,1572.80,1599.01,116153
19-Mar-15,1558.00,1580.00,1558.00,1580.00,42464
18-Mar-15,1550.00,1572.00,1550.00,1562.00,71841
17-Mar-15,1549.00,1567.00,1548.32,1558.00,20020
16-Mar-15,1544.00,1560.00,1543.66,1557.58,22809
13-Mar-15,1549.00,1553.20,1541.00,1545.00,25348
12-Mar-15,1552.00,1560.00,1543.00,1546.00,17199
11-Mar-15,1550.00,1560.00,1540.00,1545.00,71591
10-Mar-15,1570.00,1570.00,1540.00,1547.00,44221
9-Mar-15,1560.00,1579.00,1553.51,1572.71,66683
6-Mar-15,1568.00,1583.38,1555.00,1561.00,47450
5-Mar-15,1535.00,1565.00,1528.77,1558.48,27334
4-Mar-15,1540.00,1540.00,1528.66,1538.00,7662
3-Mar-15,1534.00,1543.92,1526.09,1535.00,32536
2-Mar-15,1521.00,1535.00,1521.00,1528.17,19463
27-Feb-15,1520.00,1530.00,1520.00,1527.50,9879
26-Feb-15,1525.00,1530.00,1516.00,1516.00,27403
25-Feb-15,1520.00,1530.00,1514.24,1528.00,39457
24-Feb-15,1505.00,1519.00,1505.00,1519.00,26623
23-Feb-15,1509.00,1520.00,1505.00,1514.04,44347
20-Feb-15,1505.00,1515.00,1497.30,1515.00,35079
19-Feb-15,1500.00,1507.00,1491.00,1503.84,29383
18-Feb-15,1500.00,1510.00,1493.70,1497.00,29633
17-Feb-15,1496.00,1505.00,1489.05,1494.00,38586
16-Feb-15,1500.00,1505.00,1491.00,1492.00,20049
13-Feb-15,1484.00,1496.00,1476.32,1490.25,51750
12-Feb-15,1455.00,1490.00,1455.00,1481.00,71437
11-Feb-15,1460.00,1470.00,1455.42,1470.00,49748
10-Feb-15,1462.00,1470.00,1455.00,1464.92,28171
9-Feb-15,1460.00,1463.00,1448.00,1455.00,23713
6-Feb-15,1455.00,1465.00,1446.00,1463.60,33710
5-Feb-15,1437.00,1455.00,1437.00,1451.20,31501
4-Feb-15,1445.00,1451.00,1437.36,1447.40,12472
3-Feb-15,1438.00,1450.00,1438.00,1441.50,41753
2-Feb-15,1442.00,1446.65,1438.00,1442.53,19919
30-Jan-15,1442.00,1447.00,1440.00,1443.87,30889
29-Jan-15,1442.00,1448.00,1437.00,1441.50,47793
28-Jan-15,1435.00,1445.55,1435.00,1445.00,21264
27-Jan-15,1449.00,1449.00,1435.00,1436.00,22801
26-Jan-15,1436.00,1452.48,1436.00,1452.48,21826
23-Jan-15,1438.00,1449.00,1433.80,1447.00,29386
22-Jan-15,1417.00,1439.00,1417.00,1432.00,118767
21-Jan-15,1415.00,1429.00,1412.96,1427.03,35844
20-Jan-15,1415.00,1427.00,1412.00,1417.00,32925
19-Jan-15,1404.00,1414.95,1398.30,1405.00,9611
16-Jan-15,1400.00,1404.95,1390.00,1401.00,23062
15-Jan-15,1408.00,1408.22,1383.00,1389.00,24964
14-Jan-15,1402.00,1408.00,1390.00,1399.00,53502
13-Jan-15,1415.00,1425.00,1408.80,1418.00,22301
12-Jan-15,1415.00,1420.00,1406.00,1407.00,24378
9-Jan-15,1419.00,1420.00,1410.04,1415.00,20406
8-Jan-15,1406.00,1435.00,1401.00,1435.00,35248
7-Jan-15,1395.00,1405.00,1393.77,1397.00,19445
6-Jan-15,1400.00,1402.70,1388.02,1394.00,31410
5-Jan-15,1399.00,1410.00,1392.00,1395.00,35506
31-Dec-14,1402.00,1402.00,1395.50,1397.00,3338
30-Dec-14,1410.00,1411.20,1391.00,1397.00,25424
29-Dec-14,1416.00,1424.80,1405.00,1405.00,96211
24-Dec-14,1418.00,1429.55,1418.00,1427.00,8380
23-Dec-14,1428.00,1428.00,1420.00,1424.00,10691
22-Dec-14,1430.00,1430.00,1416.00,1420.00,13023
19-Dec-14,1405.00,1425.97,1401.00,1416.00,152452
18-Dec-14,1390.00,1409.87,1390.00,1404.00,51758
17-Dec-14,1390.00,1392.00,1377.41,1390.00,33713
16-Dec-14,1385.00,1391.00,1376.00,1384.00,82545
15-Dec-14,1394.00,1401.39,1380.00,1384.75,32550
12-Dec-14,1420.00,1420.00,1399.00,1399.00,21423
11-Dec-14,1429.00,1430.00,1412.00,1424.00,28991
10-Dec-14,1430.00,1441.00,1425.00,1427.00,35281
9-Dec-14,1431.00,1436.00,1420.00,1429.00,102733
8-Dec-14,1440.00,1445.00,1421.10,1430.00,30535
5-Dec-14,1434.00,1445.00,1433.96,1445.00,21677
4-Dec-14,1440.00,1445.00,1432.00,1435.00,23213
3-Dec-14,1432.00,1443.00,1426.00,1430.00,11292
2-Dec-14,1425.00,1440.00,1419.00,1420.00,19125
1-Dec-14,1430.00,1432.00,1417.00,1421.08,35506
28-Nov-14,1437.00,1437.00,1421.00,1432.50,38472
27-Nov-14,1425.00,1437.20,1417.00,1437.00,36416
26-Nov-14,1426.00,1433.00,1416.00,1420.04,37137
25-Nov-14,1423.00,1439.00,1417.59,1430.00,23531
24-Nov-14,1415.00,1423.00,1415.00,1422.00,30060
21-Nov-14,1412.00,1423.00,1412.00,1417.00,25737
20-Nov-14,1416.00,1420.00,1410.00,1412.00,30911
19-Nov-14,1424.00,1428.44,1418.00,1425.00,20651
18-Nov-14,1411.00,1425.00,1411.00,1419.00,7729
17-Nov-14,1423.00,1425.00,1406.00,1423.00,47872
14-Nov-14,1415.00,1425.00,1415.00,1420.00,14192
13-Nov-14,1425.00,1425.00,1417.00,1421.00,23815
12-Nov-14,1421.00,1428.00,1412.00,1416.50,22986
11-Nov-14,1425.00,1438.00,1421.70,1423.00,32577
10-Nov-14,1415.00,1425.00,1409.00,1416.50,26423
7-Nov-14,1406.00,1424.00,1406.00,1412.00,82350
6-Nov-14,1420.00,1420.00,1408.50,1415.00,68863
5-Nov-14,1399.00,1425.00,1399.00,1418.00,47591
4-Nov-14,1403.00,1410.00,1394.00,1397.00,34240
3-Nov-14,1395.00,1406.56,1389.76,1399.00,15509
31-Oct-14,1381.00,1410.00,1381.00,1402.00,77014
30-Oct-14,1382.00,1385.00,1360.00,1368.00,38238
29-Oct-14,1377.00,1385.00,1371.48,1378.00,36237
28-Oct-14,1356.00,1374.00,1350.34,1366.00,24142
27-Oct-14,1360.00,1363.98,1347.00,1359.00,22719
24-Oct-14,1332.00,1360.00,1332.00,1344.00,82033
23-Oct-14,1343.00,1344.84,1332.52,1339.00,19628
22-Oct-14,1330.00,1355.00,1324.00,1349.00,39947
21-Oct-14,1317.00,1327.00,1311.00,1322.00,39494
20-Oct-14,1315.00,1320.00,1309.67,1313.00,28347
17-Oct-14,1286.00,1318.00,1282.96,1301.00,72317
16-Oct-14,1282.00,1295.00,1265.55,1285.00,80259
15-Oct-14,1295.00,1310.00,1280.55,1284.20,62687
14-Oct-14,1285.00,1313.00,1276.08,1288.00,90487
13-Oct-14,1300.00,1300.00,1283.05,1285.00,45439
10-Oct-14,1325.00,1325.00,1307.00,1308.00,72551
9-Oct-14,1343.00,1349.00,1327.20,1340.00,57584
8-Oct-14,1355.00,1355.00,1335.00,1340.00,23575
7-Oct-14,1365.00,1365.00,1353.80,1357.00,30339
6-Oct-14,1350.00,1364.00,1347.05,1360.00,30165
3-Oct-14,1331.00,1350.00,1331.00,1347.00,27076
2-Oct-14,1360.00,1361.00,1329.00,1331.70,93436
1-Oct-14,1380.00,1380.00,1350.00,1363.50,45511
30-Sep-14,1376.00,1392.44,1376.00,1386.00,42535
29-Sep-14,1376.00,1391.64,1376.00,1388.00,20174
26-Sep-14,1380.00,1388.00,1377.90,1388.00,7027
25-Sep-14,1394.00,1396.00,1376.00,1386.00,77760
24-Sep-14,1389.00,1398.00,1379.00,1394.00,28355
23-Sep-14,1387.00,1397.99,1380.00,1388.00,26766
22-Sep-14,1391.00,1400.00,1379.00,1394.00,40844
19-Sep-14,1383.00,1410.00,1383.00,1400.00,206248
18-Sep-14,1361.00,1390.00,1361.00,1386.00,50504
17-Sep-14,1369.00,1375.00,1360.05,1373.91,28941
16-Sep-14,1368.00,1377.44,1355.00,1368.00,34225
15-Sep-14,1374.00,1378.00,1368.00,1370.00,25734
12-Sep-14,1375.00,1380.00,1366.00,1368.96,24898
11-Sep-14,1375.00,1378.22,1368.00,1372.70,33486
10-Sep-14,1369.00,1376.23,1363.54,1367.75,30922
9-Sep-14,1364.00,1373.00,1363.00,1367.00,31429
8-Sep-14,1353.00,1370.00,1353.00,1364.53,42960
5-Sep-14,1375.00,1377.00,1352.00,1359.00,19895
4-Sep-14,1366.00,1378.00,1366.00,1372.84,15522
3-Sep-14,1368.00,1375.00,1365.00,1372.60,26413
2-Sep-14,1370.00,1377.65,1362.00,1369.00,17947
1-Sep-14,1353.00,1369.00,1352.00,1366.32,9225
29-Aug-14,1354.00,1363.91,1348.00,1355.00,21505
28-Aug-14,1369.00,1369.00,1352.00,1358.00,12233
27-Aug-14,1370.00,1370.00,1360.00,1366.00,11674
26-Aug-14,1368.00,1373.56,1361.00,1362.00,22184
22-Aug-14,1360.00,1365.00,1355.00,1363.00,13620
21-Aug-14,1365.00,1368.78,1356.00,1361.75,6129
20-Aug-14,1360.00,1365.00,1356.00,1359.25,32722
19-Aug-14,1355.00,1366.00,1346.00,1359.00,53480
18-Aug-14,1340.00,1355.00,1336.08,1349.00,39608
15-Aug-14,1328.00,1344.00,1328.00,1338.00,53368
14-Aug-14,1325.00,1333.00,1325.00,1328.00,47996
13-Aug-14,1330.00,1335.00,1320.96,1328.50,54036
12-Aug-14,1329.00,1335.00,1322.00,1327.00,15260
11-Aug-14,1318.00,1329.00,1316.00,1329.00,21525
8-Aug-14,1310.00,1325.00,1310.00,1320.00,30230
7-Aug-14,1315.00,1325.00,1315.00,1321.84,50002
6-Aug-14,1330.00,1330.00,1313.00,1316.00,33966
5-Aug-14,1320.00,1334.00,1319.00,1334.00,46024
4-Aug-14,1318.00,1325.00,1310.00,1322.00,26723
1-Aug-14,1320.00,1320.00,1306.00,1314.00,27943
31-Jul-14,1321.00,1325.96,1316.00,1318.00,26706
30-Jul-14,1324.00,1326.00,1317.96,1321.00,9627
29-Jul-14,1320.00,1320.34,1312.00,1318.00,13737
28-Jul-14,1306.00,1313.00,1305.00,1313.00,20932
25-Jul-14,1308.00,1315.00,1305.00,1311.00,7798
24-Jul-14,1311.00,1316.72,1306.00,1313.00,39629
23-Jul-14,1316.00,1316.00,1307.00,1312.00,27519
22-Jul-14,1305.00,1320.00,1305.00,1313.00,26606
21-Jul-14,1320.00,1320.00,1309.00,1310.00,12361
18-Jul-14,1312.00,1320.00,1305.00,1307.04,46858
17-Jul-14,1309.00,1317.00,1305.00,1308.00,33739
16-Jul-14,1307.00,1318.00,1305.00,1315.00,34065
15-Jul-14,1315.00,1317.95,1304.00,1304.00,30326
14-Jul-14,1301.00,1315.00,1301.00,1315.00,11883
11-Jul-14,1303.00,1309.13,1295.28,1304.00,14047
10-Jul-14,1302.00,1310.16,1291.00,1295.00,51892
9-Jul-14,1303.00,1310.00,1298.76,1305.00,17280
8-Jul-14,1324.00,1324.00,1299.00,1300.00,55909
7-Jul-14,1340.00,1340.00,1318.00,1318.00,23047
4-Jul-14,1315.00,1344.81,1315.00,1339.00,31348
3-Jul-14,1344.00,1344.00,1323.00,1335.00,27480
2-Jul-14,1335.00,1340.00,1329.12,1335.00,23677
1-Jul-14,1323.00,1332.00,1311.88,1321.00,71618
30-Jun-14,1317.00,1324.00,1310.00,1316.00,15367
27-Jun-14,1315.00,1319.00,1308.77,1317.00,21814
26-Jun-14,1305.00,1318.00,1301.30,1313.00,43187
25-Jun-14,1308.00,1308.00,1293.00,1304.00,21442
24-Jun-14,1328.00,1328.00,1290.00,1302.00,67375
23-Jun-14,1323.00,1334.00,1315.00,1315.00,17663
20-Jun-14,1319.00,1335.00,1311.00,1326.00,88209
19-Jun-14,1317.00,1321.00,1314.00,1317.75,25720
18-Jun-14,1299.00,1320.00,1292.00,1310.00,25883
17-Jun-14,1297.00,1305.54,1290.00,1292.00,49811
16-Jun-14,1314.00,1315.32,1292.00,1298.50,48387
13-Jun-14,1320.00,1323.23,1309.00,1311.00,33790
12-Jun-14,1323.00,1327.00,1317.00,1321.00,26684
11-Jun-14,1318.00,1321.00,1306.65,1320.00,19572
10-Jun-14,1310.00,1324.28,1310.00,1317.00,30185
9-Jun-14,1319.00,1321.00,1312.00,1317.50,12827
6-Jun-14,1309.00,1320.00,1305.00,1312.00,38050
5-Jun-14,1311.00,1313.04,1305.00,1309.00,15234
4-Jun-14,1325.00,1325.00,1302.00,1320.00,29205
3-Jun-14,1317.00,1325.00,1313.64,1317.00,26690
2-Jun-14,1310.00,1320.00,1306.76,1312.00,25938
30-May-14,1301.00,1314.17,1300.00,1311.00,40774
29-May-14,1309.00,1310.00,1300.00,1303.00,20425
28-May-14,1307.00,1308.40,1299.00,1302.00,36878
27-May-14,1305.00,1312.05,1298.18,1302.00,43136
23-May-14,1301.00,1304.00,1290.00,1303.00,16524
22-May-14,1293.00,1301.00,1283.04,1296.00,32420
21-May-14,1275.00,1286.00,1275.00,1284.00,25921
20-May-14,1283.00,1285.00,1275.00,1275.00,21931
19-May-14,1280.00,1285.00,1271.00,1282.00,51556
16-May-14,1285.00,1288.00,1280.00,1285.00,51674
15-May-14,1329.00,1329.00,1281.00,1281.00,92889
14-May-14,1325.00,1329.00,1319.36,1328.00,25551
13-May-14,1324.00,1325.00,1312.00,1315.50,27856
12-May-14,1315.00,1322.00,1308.12,1320.00,28132
9-May-14,1310.00,1315.00,1300.00,1305.00,38880
8-May-14,1307.00,1311.23,1301.00,1305.00,17915
7-May-14,1310.00,1313.00,1300.00,1311.00,36799
6-May-14,1315.00,1318.96,1306.00,1310.00,30159
2-May-14,1310.00,1318.00,1301.00,1311.00,39023
1-May-14,1311.00,1313.00,1301.00,1309.77,17915
30-Apr-14,1325.00,1331.96,1305.00,1324.50,78273
29-Apr-14,1310.00,1329.99,1306.28,1319.00,46390
28-Apr-14,1298.00,1318.51,1298.00,1307.50,29199
25-Apr-14,1313.00,1320.92,1297.00,1300.00,32992
24-Apr-14,1316.00,1330.00,1310.00,1313.00,42056
23-Apr-14,1312.00,1318.40,1308.00,1318.00,19451
22-Apr-14,1301.00,1314.00,1301.00,1311.00,13920
17-Apr-14,1300.00,1307.59,1300.00,1302.00,9944
16-Apr-14,1291.00,1310.00,1291.00,1306.00,46044
15-Apr-14,1298.00,1303.00,1290.00,1297.00,32288
14-Apr-14,1298.00,1310.00,1291.00,1298.00,31601
11-Apr-14,1305.00,1312.00,1295.78,1312.00,43181
10-Apr-14,1314.00,1323.04,1305.00,1311.00,64475
9-Apr-14,1319.00,1335.00,1313.36,1316.00,63063
8-Apr-14,1321.00,1326.40,1313.00,1315.00,25576
7-Apr-14,1335.00,1345.35,1320.00,1334.00,42010
4-Apr-14,1340.00,1347.00,1339.56,1345.00,16256
3-Apr-14,1338.00,1345.00,1334.99,1336.00,19316
2-Apr-14,1333.00,1345.00,1333.00,1343.00,47889
1-Apr-14,1342.00,1356.00,1341.99,1347.25,94504
31-Mar-14,1314.00,1344.00,1313.00,1338.00,38728
28-Mar-14,1311.00,1320.00,1307.92,1320.00,33842
27-Mar-14,1318.00,1320.10,1313.11,1315.00,59610
26-Mar-14,1315.00,1329.00,1312.00,1318.00,142018
25-Mar-14,1309.00,1317.00,1304.00,1310.00,56759
24-Mar-14,1310.00,1315.00,1295.00,1308.00,75690
21-Mar-14,1294.00,1313.00,1294.00,1309.64,83556
20-Mar-14,1297.00,1302.00,1292.36,1295.00,22294
19-Mar-14,1297.00,1304.27,1294.00,1301.00,29849
18-Mar-14,1288.00,1305.00,1269.00,1289.00,55943
17-Mar-14,1294.00,1295.18,1285.00,1291.00,32850
14-Mar-14,1279.00,1294.00,1279.00,1288.00,50383
13-Mar-14,1290.00,1290.00,1280.00,1288.00,54087
12-Mar-14,1300.00,1300.00,1280.00,1280.00,46393
11-Mar-14,1303.00,1305.00,1291.00,1297.00,45924
10-Mar-14,1303.00,1310.00,1291.00,1291.00,35504
7-Mar-14,1297.00,1309.00,1297.00,1308.00,25528
6-Mar-14,1286.00,1307.00,1286.00,1303.00,31721
5-Mar-14,1290.00,1295.00,1284.00,1288.00,13701
4-Mar-14,1287.00,1295.00,1282.00,1295.00,21284
3-Mar-14,1285.00,1285.00,1270.00,1275.00,26216
28-Feb-14,1295.00,1295.00,1284.00,1288.00,25977
27-Feb-14,1311.00,1311.00,1285.00,1287.00,20102
26-Feb-14,1302.00,1305.00,1295.00,1300.00,21648
25-Feb-14,1297.00,1305.00,1290.00,1294.00,86268
24-Feb-14,1285.00,1303.00,1284.00,1303.00,35606
21-Feb-14,1298.00,1298.00,1286.00,1297.00,56014
20-Feb-14,1295.00,1297.00,1285.00,1297.00,22480
19-Feb-14,1303.00,1303.00,1287.00,1298.00,20313
18-Feb-14,1293.00,1305.00,1293.00,1301.75,53912
17-Feb-14,1284.00,1300.00,1284.00,1300.00,42171
14-Feb-14,1274.00,1285.00,1269.00,1271.24,22997
13-Feb-14,1288.00,1288.00,1268.00,1267.00,28077
12-Feb-14,1284.00,1292.00,1275.00,1275.00,43416
11-Feb-14,1278.00,1283.00,1270.00,1280.00,27296
10-Feb-14,1274.00,1278.00,1269.00,1270.00,40487
7-Feb-14,1253.00,1273.00,1253.00,1266.00,29601
6-Feb-14,1242.00,1263.00,1242.00,1263.00,27442
5-Feb-14,1235.00,1245.00,1235.00,1244.00,25764
4-Feb-14,1230.00,1245.00,1230.00,1241.00,24531
3-Feb-14,1243.00,1244.00,1236.00,1242.00,39881
31-Jan-14,1243.00,1252.00,1233.00,1250.00,51365
30-Jan-14,1248.00,1252.00,1246.00,1250.00,36199
29-Jan-14,1251.00,1263.00,1250.00,1260.00,65470
28-Jan-14,1240.00,1255.00,1240.00,1254.00,38347
27-Jan-14,1250.00,1261.00,1240.00,1240.00,40883
24-Jan-14,1278.00,1278.00,1250.00,1260.00,87378
23-Jan-14,1290.00,1294.00,1275.00,1279.00,34414
22-Jan-14,1316.00,1316.00,1295.00,1298.00,22221
21-Jan-14,1311.00,1317.00,1305.00,1314.00,23194
20-Jan-14,1325.00,1325.00,1310.00,1312.00,25677
17-Jan-14,1319.00,1325.00,1307.00,1314.58,65478
16-Jan-14,1305.00,1318.00,1305.00,1312.00,49019
15-Jan-14,1308.00,1318.00,1302.00,1305.00,58027
14-Jan-14,1302.00,1310.00,1301.00,1305.00,35583
13-Jan-14,1308.00,1325.00,1307.00,1324.00,29072
10-Jan-14,1294.00,1314.00,1289.00,1314.00,70011
9-Jan-14,1290.00,1296.00,1288.00,1293.00,26746
8-Jan-14,1287.00,1294.00,1287.00,1292.00,29241
7-Jan-14,1285.00,1296.00,1285.00,1291.50,24752
6-Jan-14,1273.00,1300.00,1273.00,1293.50,77201
3-Jan-14,1257.00,1275.00,1257.00,1270.41,19575
2-Jan-14,1269.00,1272.00,1262.00,1270.00,19567
31-Dec-13,1260.00,1266.00,1259.00,1260.00,208
30-Dec-13,1265.00,1270.00,1256.00,1257.00,16510
27-Dec-13,1265.00,1265.00,1258.00,1265.00,2846
24-Dec-13,1265.00,1265.00,1256.00,1256.00,3716
23-Dec-13,1250.00,1262.00,1250.00,1261.00,7140
20-Dec-13,1253.00,1265.00,1253.00,1267.00,75651
19-Dec-13,1258.00,1260.00,1253.00,1258.00,17450
18-Dec-13,1246.00,1255.00,1241.00,1241.00,16487
17-Dec-13,1250.00,1254.00,1245.00,1246.00,43262
16-Dec-13,1243.00,1250.00,1236.00,1248.00,55276
13-Dec-13,1246.00,1246.00,1236.00,1240.00,15891
12-Dec-13,1256.00,1256.00,1234.00,1244.00,30348
11-Dec-13,1263.00,1263.00,1246.00,1253.00,46232
10-Dec-13,1265.00,1265.00,1250.00,1258.00,5895
9-Dec-13,1258.00,1259.00,1251.00,1255.00,17513
6-Dec-13,1253.00,1269.00,1253.00,1258.00,44655
5-Dec-13,1259.00,1267.00,1250.00,1253.00,55767
4-Dec-13,1240.00,1263.00,1240.00,1263.00,38048
3-Dec-13,1249.00,1252.00,1240.00,1250.00,74194
2-Dec-13,1253.00,1253.00,1242.00,1242.00,20748
29-Nov-13,1243.00,1254.00,1243.00,1248.00,21956
28-Nov-13,1253.00,1256.00,1247.00,1249.00,17406
27-Nov-13,1245.00,1254.00,1245.00,1253.00,9236
26-Nov-13,1260.00,1260.00,1245.00,1249.00,13906
25-Nov-13,1252.00,1260.00,1249.00,1250.00,16662
22-Nov-13,1269.00,1269.00,1250.00,1250.00,21846
21-Nov-13,1271.00,1271.00,1260.00,1264.00,46492
20-Nov-13,1260.00,1272.00,1260.00,1249.56,34667
19-Nov-13,1270.00,1274.00,1267.00,1269.00,21544
18-Nov-13,1249.00,1270.00,1249.00,1260.00,38077
15-Nov-13,1262.00,1263.00,1252.00,1252.00,30698
14-Nov-13,1263.00,1263.00,1254.00,1254.00,6740
13-Nov-13,1266.00,1266.00,1244.00,1244.00,60819
12-Nov-13,1265.00,1276.00,1265.00,1276.00,25988
11-Nov-13,1268.00,1277.00,1268.00,1273.00,4519
8-Nov-13,1275.00,1275.00,1264.00,1271.00,30060
7-Nov-13,1285.00,1292.00,1270.00,1275.00,41782
6-Nov-13,1279.00,1284.00,1279.00,1280.00,16401
5-Nov-13,1275.00,1284.00,1274.00,1280.00,40680
4-Nov-13,1268.00,1283.00,1268.00,1280.00,14783
1-Nov-13,1260.00,1279.00,1260.00,1276.00,16658
31-Oct-13,1272.00,1273.00,1260.00,1267.00,36429
30-Oct-13,1268.00,1283.00,1261.00,1281.00,51559
29-Oct-13,1247.00,1268.00,1247.00,1264.00,38371
28-Oct-13,1257.00,1258.00,1249.00,1255.00,11759
25-Oct-13,1246.00,1255.00,1244.00,1250.00,11655
24-Oct-13,1242.00,1256.00,1242.00,1250.00,33385
23-Oct-13,1237.00,1252.00,-,1248.00,28450
22-Oct-13,1238.00,1247.00,1236.00,1247.50,46886
21-Oct-13,1234.00,1245.00,1234.00,1240.36,12825
18-Oct-13,1235.00,1245.00,1235.00,1243.00,42180
17-Oct-13,1244.00,1244.00,1225.00,1233.00,35125
16-Oct-13,1235.00,1245.00,1230.00,1241.00,67930
15-Oct-13,1237.00,1243.00,1236.00,1238.00,60692
14-Oct-13,1225.00,1238.00,1225.00,1234.00,19534
11-Oct-13,1236.00,1237.00,1227.00,1234.26,19915
10-Oct-13,1217.00,1236.00,1217.00,1236.00,18672
9-Oct-13,1220.00,1226.00,1215.00,1215.00,29064
8-Oct-13,1235.00,1238.00,1221.00,1221.00,13721
7-Oct-13,1221.00,1235.00,1219.00,1232.00,23773
4-Oct-13,1242.00,1242.00,1225.00,1228.00,44635
3-Oct-13,1240.00,1242.00,1232.00,1240.00,36503
2-Oct-13,1235.00,1240.00,1225.00,1240.00,15667
1-Oct-13,1235.00,1246.00,1235.00,1240.00,46795
30-Sep-13,1228.00,1239.00,1228.00,1235.00,31565
27-Sep-13,1252.00,1257.00,1242.00,1250.00,69404
26-Sep-13,1266.00,1270.00,1255.00,1261.00,25145
25-Sep-13,1269.00,1273.00,1257.00,1257.00,43301
24-Sep-13,1268.00,1281.00,1256.00,1274.00,37598
20-Sep-13,1266.00,1275.00,1266.00,1275.00,88683
19-Sep-13,1285.00,1294.00,1266.00,1286.00,56152
18-Sep-13,1284.00,1284.00,1274.00,1275.00,24318
17-Sep-13,1280.00,1285.00,1271.00,1282.00,47654
16-Sep-13,1263.00,1285.00,1263.00,1285.00,25973
13-Sep-13,1252.00,1265.00,1252.00,1265.00,33718
12-Sep-13,1264.00,1265.00,1258.00,1263.00,14010
11-Sep-13,1262.00,1268.00,1260.00,1264.00,26747
10-Sep-13,1255.00,1270.00,1250.00,1256.00,33631
9-Sep-13,1260.00,1260.00,1247.00,1250.00,21435
6-Sep-13,1255.00,1260.00,1248.00,1258.00,38178
5-Sep-13,1251.00,1255.00,1244.00,1251.00,45239
4-Sep-13,1236.00,1250.00,1230.00,1249.00,45616
3-Sep-13,1239.00,1244.00,1231.00,1236.00,35932
2-Sep-13,1235.00,1240.00,1230.00,1230.00,16124
30-Aug-13,1230.00,1233.00,1222.00,1232.00,11490
29-Aug-13,1225.00,1232.00,1220.00,1222.00,26815
28-Aug-13,1227.00,1233.00,1225.00,1229.00,31718
27-Aug-13,1242.00,1243.00,1231.00,1237.00,15878
23-Aug-13,1237.00,1252.00,1237.00,1252.00,21681
22-Aug-13,1241.00,1250.00,1241.00,1247.00,30294
21-Aug-13,1240.00,1250.00,1237.00,1240.00,32380
20-Aug-13,1237.00,1242.00,1220.00,1237.00,32777
19-Aug-13,1217.00,1239.00,1217.00,1230.00,30130
16-Aug-13,1195.00,1226.00,1195.00,1205.00,71483
15-Aug-13,1216.00,1216.00,1191.00,1195.00,86590
14-Aug-13,1222.00,1222.00,1216.00,1217.00,65635
13-Aug-13,1220.00,1223.00,1214.00,1215.00,54469
12-Aug-13,1229.00,1235.00,1219.00,1220.00,32263
9-Aug-13,1227.00,1238.00,1225.00,1229.00,34667
8-Aug-13,1235.00,1239.00,1225.00,1225.00,41264
7-Aug-13,1243.00,1243.00,1226.00,1226.00,50461
6-Aug-13,1245.00,1255.00,1235.00,1250.00,35975
5-Aug-13,1250.00,1254.00,1248.00,1252.00,50957
2-Aug-13,1253.00,1262.00,1250.00,1251.00,38146
1-Aug-13,1241.00,1254.00,1241.00,1254.00,33282
31-Jul-13,1240.00,1247.00,1236.00,1238.00,35063
30-Jul-13,1242.00,1243.00,1237.00,1238.00,22199
29-Jul-13,1234.00,1239.00,1231.00,1233.00,40720
26-Jul-13,1254.00,1259.00,1230.00,1237.00,47587
25-Jul-13,1259.00,1259.00,1254.00,1257.00,20754
24-Jul-13,1268.00,1270.00,1259.00,1261.00,27265
23-Jul-13,1247.00,1266.00,1247.00,1259.00,34486
22-Jul-13,1261.00,1261.00,1250.00,1254.00,73238
19-Jul-13,1262.00,1262.00,1252.00,1252.00,16928
18-Jul-13,1253.00,1261.00,1253.00,1259.00,15169
17-Jul-13,1260.00,1260.00,1249.00,1258.00,21121
16-Jul-13,1250.00,1256.00,1248.00,1255.00,45430
15-Jul-13,1245.00,1255.00,1245.00,1250.00,7198
12-Jul-13,1247.00,1256.68,1246.00,1246.00,9184
11-Jul-13,1260.00,1260.00,1248.00,1250.00,24182
10-Jul-13,1253.00,1258.00,1240.00,1246.00,25057
9-Jul-13,1254.00,1268.00,1250.00,1261.00,50623
8-Jul-13,1230.00,1253.00,1225.11,1250.00,40829
5-Jul-13,1219.00,1240.00,1214.76,1236.00,58024
4-Jul-13,1187.00,1225.00,1176.62,1225.00,43108
3-Jul-13,1174.00,1189.00,1174.00,1180.00,25081
2-Jul-13,1183.00,1183.00,1173.00,1180.00,50633
1-Jul-13,1162.00,1180.00,1162.00,1174.00,40122
28-Jun-13,1185.00,1185.00,1160.00,1160.00,129284
27-Jun-13,1176.00,1188.00,1175.00,1181.00,66478
26-Jun-13,1180.00,1189.99,1175.00,1175.00,60478
25-Jun-13,1183.00,1191.96,1180.00,1180.00,32710
24-Jun-13,1190.00,1195.00,1180.00,1181.00,26316
21-Jun-13,1182.00,1204.00,1182.00,1194.00,118803
20-Jun-13,1185.00,1198.00,1180.00,1184.00,36053
19-Jun-13,1218.00,1218.89,1202.00,1207.00,86905
18-Jun-13,1206.00,1220.00,1205.00,1218.00,30010
17-Jun-13,1203.00,1216.00,1203.00,1215.00,27970
14-Jun-13,1212.00,1218.81,1204.00,1209.00,62606
13-Jun-13,1188.00,1210.00,1184.00,1207.00,46644
12-Jun-13,1192.00,1210.00,1188.25,1200.00,48949
11-Jun-13,1198.00,1201.00,1188.00,1201.00,62589
10-Jun-13,1205.00,1213.89,1198.00,1204.00,27431
7-Jun-13,1203.97,1212.00,1192.00,1208.00,69774
6-Jun-13,1219.00,1225.76,1199.00,1199.00,51500
5-Jun-13,1245.00,1245.00,1222.00,1226.00,40044
4-Jun-13,1237.00,1248.49,1226.00,1245.00,23132
3-Jun-13,1220.00,1233.00,1215.00,1232.00,23632
31-May-13,1258.00,1263.76,1232.00,1232.00,30815
30-May-13,1255.00,1265.84,1255.00,1260.00,26658
29-May-13,1265.00,1269.00,1254.93,1261.00,49168
28-May-13,1252.00,1275.00,1252.00,1275.00,24681
24-May-13,1255.00,1260.73,1246.00,1248.00,53310
23-May-13,1250.00,1256.00,1248.00,1256.00,69544
22-May-13,1250.00,1266.00,1250.00,1262.00,128609
21-May-13,1257.00,1269.00,1250.00,1256.00,61703
20-May-13,1265.00,1269.49,1263.87,1266.00,19163
17-May-13,1266.00,1274.89,1266.00,1268.00,27716
16-May-13,1264.00,1272.00,1263.00,1269.00,51369
15-May-13,1265.00,1269.00,1261.00,1264.00,36636
14-May-13,1258.00,1276.00,1258.00,1272.00,36094
13-May-13,1259.00,1264.00,1256.51,1260.00,55236
10-May-13,1255.00,1267.49,1250.60,1264.00,60413
9-May-13,1265.00,1275.00,1252.00,1258.00,86810
8-May-13,1269.00,1278.18,1265.30,1272.45,26173
7-May-13,1241.00,1280.00,1241.00,1272.45,115412
3-May-13,1238.00,1261.00,1236.00,1257.00,34047
2-May-13,1241.00,1246.00,1236.00,1240.00,67293
1-May-13,1233.00,1250.00,1233.00,1246.00,26098
30-Apr-13,1241.00,1248.00,1237.00,1243.00,30044
29-Apr-13,1242.00,1251.33,1230.00,1248.00,39038
26-Apr-13,1236.00,1248.72,1235.72,1247.00,62206
25-Apr-13,1246.00,1255.00,1233.00,1239.00,37962
24-Apr-13,1227.00,1265.00,1225.12,1251.00,76923
23-Apr-13,1215.00,1235.00,1212.00,1234.00,61419
22-Apr-13,1212.00,1218.49,1210.00,1216.00,61970
19-Apr-13,1202.00,1218.04,1201.00,1215.00,29720
18-Apr-13,1201.00,1216.00,1201.00,1206.00,30896
17-Apr-13,1223.00,1240.00,1202.03,1203.00,111330
16-Apr-13,1233.00,1236.64,1221.00,1228.00,64202
15-Apr-13,1243.00,1243.00,1233.00,1236.00,42684
12-Apr-13,1235.00,1249.00,1227.54,1241.00,29369
11-Apr-13,1216.00,1258.00,1216.00,1252.00,147140
10-Apr-13,1205.00,1225.61,1205.00,1216.00,74520
9-Apr-13,1182.00,1215.00,1182.00,1187.00,97757
8-Apr-13,1188.00,1192.40,1181.00,1181.00,33248
5-Apr-13,1198.00,1199.00,1185.15,1188.00,71069
4-Apr-13,1201.00,1211.00,1201.00,1201.00,31239
3-Apr-13,1196.00,1210.00,1195.00,1207.00,95700
2-Apr-13,1213.00,1227.00,1208.60,1221.00,43170
28-Mar-13,1205.00,1219.00,1205.00,1212.00,75940
27-Mar-13,1214.00,1217.49,1196.00,1211.00,85729
26-Mar-13,1205.00,1215.00,1205.00,1212.00,50136
25-Mar-13,1220.00,1229.00,1205.51,1209.00,83990
22-Mar-13,1207.00,1234.00,1207.00,1223.00,89707
21-Mar-13,1225.00,1230.00,1213.00,1219.00,61835
20-Mar-13,1231.00,1245.00,1229.00,1229.00,51271
19-Mar-13,1241.00,1251.00,1236.73,1240.00,15174
18-Mar-13,1233.00,1249.61,1231.30,1243.00,32776
15-Mar-13,1247.00,1251.00,1240.00,1246.00,117075
14-Mar-13,1244.00,1255.00,1242.80,1251.18,66649
13-Mar-13,1256.00,1256.00,1239.00,1245.00,24962
12-Mar-13,1260.00,1269.00,1245.00,1251.00,69119
11-Mar-13,1262.00,1275.00,1172.34,1263.00,53506
8-Mar-13,1244.00,1273.00,1235.51,1247.00,66769
7-Mar-13,1180.00,1246.00,1180.00,1235.00,160434
6-Mar-13,1149.00,1172.00,1148.38,1172.00,137053
5-Mar-13,1148.00,1158.88,1146.00,1156.18,116604
4-Mar-13,1165.00,1165.00,1050.00,1152.00,66512
1-Mar-13,1172.00,1176.00,1148.00,1162.00,58468
28-Feb-13,1181.00,1185.00,1176.00,1179.84,17662
27-Feb-13,1174.00,1186.59,1174.00,1179.31,31849
26-Feb-13,1165.00,1178.00,1162.00,1178.00,40201
25-Feb-13,1166.00,1180.00,1166.00,1180.00,44272
22-Feb-13,1155.00,1180.00,1155.00,1172.00,35848
21-Feb-13,1166.00,1174.20,1158.00,1166.00,63326
20-Feb-13,1169.00,1178.00,1169.00,1178.00,19408
19-Feb-13,1166.00,1180.00,1162.76,1173.00,35901
18-Feb-13,1171.00,1174.50,1162.00,1171.00,18273
15-Feb-13,1160.00,1168.49,1156.46,1166.00,35682
14-Feb-13,1157.00,1170.00,1156.56,1166.00,43016
13-Feb-13,1148.00,1169.00,1145.57,1167.00,58298
12-Feb-13,1161.00,1170.00,1132.00,1146.00,47921
11-Feb-13,1166.00,1174.00,1162.00,1164.00,42039
8-Feb-13,1170.00,1176.00,1166.51,1170.00,11554
7-Feb-13,1182.00,1182.00,1169.00,1173.00,137633
6-Feb-13,1174.00,1182.00,1166.00,1171.00,6805
5-Feb-13,1172.00,1174.00,1165.00,1165.00,12287
4-Feb-13,1185.00,1197.49,1175.00,1191.00,41068
1-Feb-13,1186.00,1199.00,1186.00,1196.00,20499
31-Jan-13,1178.00,1194.88,1172.00,1187.00,24970
30-Jan-13,1191.00,1191.00,1178.50,1180.00,24638
29-Jan-13,1197.00,1197.00,1185.00,1192.00,18978
28-Jan-13,1180.00,1204.00,1180.00,1189.00,48331
25-Jan-13,1194.00,1198.49,1175.00,1178.00,82425
24-Jan-13,1200.00,1210.49,1185.00,1194.00,52552
23-Jan-13,1172.00,1203.00,1170.00,1203.00,50446
22-Jan-13,1155.00,1175.36,1151.44,1173.00,66297
21-Jan-13,1152.00,1162.00,1142.00,1162.00,38398
18-Jan-13,1136.00,1152.00,1133.99,1145.00,28102
17-Jan-13,1126.00,1138.00,1126.00,1137.00,38402
16-Jan-13,1130.00,1135.00,1129.49,1135.00,74431
15-Jan-13,1138.00,1140.28,1130.00,1130.00,31269
14-Jan-13,1130.00,1140.00,1130.00,1135.27,69581
11-Jan-13,1140.00,1143.80,1127.00,1127.00,25666
10-Jan-13,1138.00,1140.00,1132.00,1132.00,8898
9-Jan-13,1126.00,1138.52,1126.00,1127.00,24152
8-Jan-13,1145.00,1145.00,1126.00,1127.00,21485
7-Jan-13,1136.00,1139.00,1131.00,1135.00,23741
4-Jan-13,1134.00,1144.49,1134.00,1136.00,25101
3-Jan-13,1155.00,1155.00,1133.00,1133.00,52450
2-Jan-13,1142.00,1155.75,1141.00,1148.00,21544
