31-Dec-15,336.00,336.50,330.90,331.00,336758
30-Dec-15,329.70,335.80,329.70,334.50,759903
29-Dec-15,333.10,333.90,325.10,332.00,1282552
24-Dec-15,323.80,331.90,322.60,330.90,235050
23-Dec-15,325.10,328.20,320.90,322.80,1155577
22-Dec-15,323.50,324.67,320.48,323.00,1088143
21-Dec-15,325.00,327.00,322.20,322.20,1056107
18-Dec-15,332.20,332.81,323.70,325.00,2963459
16-Dec-15,325.20,328.30,323.46,327.10,1044039
15-Dec-15,332.20,332.20,319.00,322.13,2374042
14-Dec-15,335.80,337.30,334.00,329.00,937052
11-Dec-15,340.00,340.00,334.50,337.00,1031525
10-Dec-15,340.20,340.94,337.60,339.70,784319
9-Dec-15,347.90,347.90,338.78,339.90,753867
8-Dec-15,350.00,350.00,345.40,345.70,756718
7-Dec-15,348.50,350.60,346.70,349.90,779104
4-Dec-15,346.50,346.50,341.70,346.40,978838
3-Dec-15,354.00,355.10,345.60,346.00,1041017
2-Dec-15,352.60,356.50,351.40,354.60,917894
1-Dec-15,347.00,352.50,346.30,349.30,1525240
30-Nov-15,341.50,348.80,340.50,347.90,1344549
27-Nov-15,340.20,340.60,337.50,340.60,879205
26-Nov-15,337.60,342.33,336.40,339.10,744065
25-Nov-15,339.00,342.50,338.00,339.88,1065508
24-Nov-15,345.30,345.30,332.30,337.98,1475926
23-Nov-15,343.20,347.32,343.20,345.80,673238
20-Nov-15,343.20,347.60,343.20,345.40,961472
19-Nov-15,339.20,344.50,337.00,343.90,1038253
18-Nov-15,340.30,340.30,336.60,338.60,824729
17-Nov-15,342.80,342.80,336.60,340.80,1243833
16-Nov-15,334.90,340.40,333.46,339.30,989130
13-Nov-15,338.80,339.90,336.26,336.90,717055
12-Nov-15,339.60,344.40,339.00,339.80,527628
11-Nov-15,338.20,342.02,337.80,340.65,1141249
10-Nov-15,342.50,342.50,337.00,337.50,1101757
9-Nov-15,336.70,341.40,336.70,339.65,1319059
6-Nov-15,333.00,337.20,332.60,336.70,852808
5-Nov-15,330.00,334.80,329.00,333.42,1358108
4-Nov-15,332.20,332.40,328.60,329.50,926084
3-Nov-15,331.90,333.81,320.92,330.26,1830811
2-Nov-15,331.40,334.92,331.40,333.70,685965
30-Oct-15,336.60,336.60,333.00,334.70,1009411
29-Oct-15,333.20,335.60,332.30,333.69,1224704
28-Oct-15,333.70,334.80,331.60,333.20,880938
27-Oct-15,334.50,338.30,332.90,333.70,534767
26-Oct-15,335.20,338.90,334.90,335.50,876454
23-Oct-15,332.10,338.50,332.10,337.65,790157
22-Oct-15,336.60,338.11,327.00,331.00,887321
21-Oct-15,329.70,337.20,327.30,335.25,1812754
20-Oct-15,325.40,329.80,323.90,327.64,1258084
19-Oct-15,321.00,328.50,320.70,325.03,1379924
16-Oct-15,319.00,322.10,316.00,320.10,984810
15-Oct-15,310.70,318.20,310.20,316.80,1167719
14-Oct-15,309.30,313.50,307.00,309.73,1429479
13-Oct-15,307.80,313.80,306.70,310.40,1532730
12-Oct-15,306.80,307.70,302.70,307.30,1417311
9-Oct-15,311.10,312.00,305.60,307.60,697201
8-Oct-15,310.70,313.10,306.40,309.00,1634846
7-Oct-15,311.00,313.60,308.70,309.50,1800742
6-Oct-15,311.00,313.20,307.90,311.50,817129
5-Oct-15,313.30,315.00,309.10,312.00,1499451
2-Oct-15,310.70,313.40,305.70,308.00,920231
1-Oct-15,308.90,310.10,306.40,308.93,1120202
30-Sep-15,303.00,306.69,302.80,306.51,1185021
29-Sep-15,301.70,303.10,300.30,301.90,1331857
28-Sep-15,306.10,307.50,303.30,305.70,1176592
25-Sep-15,311.20,311.20,304.70,305.50,1580929
24-Sep-15,305.00,309.50,304.40,305.30,1449065
23-Sep-15,305.70,308.90,304.50,306.00,1316979
22-Sep-15,312.90,312.94,305.50,306.60,941686
21-Sep-15,312.20,313.50,307.40,312.80,872452
18-Sep-15,312.70,317.30,309.20,311.40,1907534
17-Sep-15,306.40,314.90,303.60,305.00,1127293
16-Sep-15,311.70,312.53,304.30,305.90,1620768
15-Sep-15,307.00,310.90,304.50,309.60,1037721
14-Sep-15,305.40,307.30,303.10,305.70,940818
11-Sep-15,305.00,310.80,301.10,302.40,1725074
10-Sep-15,292.60,296.70,292.50,295.05,1049726
9-Sep-15,299.50,299.90,294.50,295.80,970178
8-Sep-15,297.00,300.20,295.70,296.30,1194322
7-Sep-15,296.90,298.20,292.50,296.80,760863
4-Sep-15,294.00,298.90,293.40,293.50,1278301
3-Sep-15,294.90,299.00,293.40,297.10,1217816
2-Sep-15,290.00,295.00,287.10,292.30,1626014
1-Sep-15,287.90,288.90,282.80,286.32,1792924
28-Aug-15,279.60,285.89,279.23,285.71,1481543
27-Aug-15,277.90,280.60,275.20,278.70,1368963
26-Aug-15,269.10,280.10,266.89,276.89,1930876
25-Aug-15,265.90,273.00,260.30,270.23,2599460
24-Aug-15,250.00,251.00,242.90,249.10,2099018
21-Aug-15,253.80,257.50,252.22,253.50,1468882
20-Aug-15,271.00,271.00,254.50,255.90,2651891
19-Aug-15,276.50,276.50,272.00,274.20,900889
18-Aug-15,276.30,278.90,276.20,277.20,650276
17-Aug-15,279.00,280.70,275.60,277.36,587949
14-Aug-15,278.80,279.20,276.10,277.94,626738
13-Aug-15,276.10,278.40,275.90,277.03,600730
12-Aug-15,275.80,275.80,271.10,274.10,902859
11-Aug-15,277.00,278.60,276.10,277.00,780030
10-Aug-15,278.30,279.50,275.90,277.94,894845
7-Aug-15,279.20,281.08,275.90,277.40,725419
6-Aug-15,279.40,282.60,279.10,280.40,726570
5-Aug-15,283.20,283.20,279.40,280.68,773929
4-Aug-15,284.00,284.00,281.60,283.17,806628
3-Aug-15,279.40,284.50,279.40,283.80,1378260
31-Jul-15,276.10,280.80,273.95,280.80,1649791
30-Jul-15,276.10,278.30,271.70,274.60,690301
29-Jul-15,273.30,276.60,271.70,274.86,608408
28-Jul-15,270.80,272.70,270.00,271.38,466165
27-Jul-15,273.50,274.10,269.89,270.50,552267
24-Jul-15,275.30,277.60,274.00,274.88,719571
23-Jul-15,278.30,278.60,276.20,276.42,717190
22-Jul-15,274.10,278.30,273.41,275.70,1150604
21-Jul-15,278.00,279.30,274.70,274.70,869481
20-Jul-15,275.10,278.40,275.10,276.40,589890
17-Jul-15,275.00,277.50,273.60,275.80,757241
16-Jul-15,271.30,275.00,271.00,273.90,900924
15-Jul-15,267.50,270.40,266.00,269.40,683245
14-Jul-15,268.40,268.40,264.40,267.00,865353
13-Jul-15,265.00,267.80,263.80,267.20,1953401
10-Jul-15,267.80,268.30,264.00,264.90,890239
9-Jul-15,256.90,264.00,256.90,263.30,862513
8-Jul-15,258.80,259.30,256.00,257.30,1146073
7-Jul-15,260.50,260.50,256.30,257.40,1191178
6-Jul-15,260.90,260.90,258.00,259.00,659143
3-Jul-15,262.20,263.90,261.20,261.80,514445
2-Jul-15,260.40,264.70,260.40,263.70,1190209
1-Jul-15,261.10,264.80,258.14,261.50,977223
30-Jun-15,258.80,262.00,256.82,261.20,1998696
29-Jun-15,255.50,262.60,251.50,258.50,1474040
26-Jun-15,263.00,264.50,261.40,262.20,1231082
25-Jun-15,260.40,265.00,260.40,264.00,947348
24-Jun-15,262.70,262.90,261.00,262.00,1030579
23-Jun-15,261.70,262.20,260.00,261.20,832652
22-Jun-15,261.10,262.50,258.70,261.40,938235
19-Jun-15,256.40,261.10,256.40,257.80,2979611
18-Jun-15,253.30,256.60,250.20,255.80,818520
17-Jun-15,258.10,259.60,255.40,258.30,766819
16-Jun-15,255.40,257.40,254.09,256.90,972501
15-Jun-15,254.80,258.00,254.70,257.50,698959
12-Jun-15,258.50,259.90,256.10,258.25,790104
11-Jun-15,255.00,260.50,254.90,258.70,901656
10-Jun-15,252.10,256.70,252.10,256.40,1397313
9-Jun-15,253.10,255.50,251.30,253.37,689088
8-Jun-15,249.30,255.40,248.80,252.00,1179768
5-Jun-15,252.80,253.00,248.50,248.60,760392
4-Jun-15,258.00,258.00,253.10,253.40,1205026
3-Jun-15,259.50,260.30,257.20,257.30,1244551
2-Jun-15,262.60,262.60,256.50,258.40,892972
1-Jun-15,260.40,260.40,257.50,260.20,1109596
29-May-15,258.80,260.30,257.10,258.20,1530664
28-May-15,257.40,261.00,257.00,258.90,825977
27-May-15,256.40,259.40,256.40,257.50,825897
26-May-15,254.50,257.70,254.50,256.92,881319
22-May-15,257.00,258.42,255.70,257.60,403922
21-May-15,257.50,258.96,255.50,257.52,817455
20-May-15,258.50,259.34,254.80,257.30,467964
19-May-15,252.70,257.53,250.48,256.66,801639
18-May-15,252.60,253.51,248.43,250.80,623046
15-May-15,247.70,251.00,246.80,250.50,1777716
14-May-15,247.50,249.00,244.62,246.00,666313
13-May-15,247.30,249.00,244.10,246.00,1767449
12-May-15,248.80,249.90,243.30,245.00,2824355
11-May-15,263.30,266.00,261.80,262.80,430562
8-May-15,259.60,270.00,259.60,264.80,1141609
7-May-15,252.60,255.90,251.00,255.00,1170031
6-May-15,252.50,256.70,251.10,251.90,786045
5-May-15,247.00,256.40,247.00,252.32,1111824
1-May-15,249.20,254.90,245.22,252.00,549664
30-Apr-15,245.30,250.90,242.00,249.50,1022756
29-Apr-15,243.60,245.00,241.10,241.10,721982
28-Apr-15,247.00,248.20,242.70,244.00,465765
27-Apr-15,247.00,247.70,244.40,246.20,359892
24-Apr-15,244.10,247.61,243.00,245.30,860869
23-Apr-15,241.10,243.00,241.00,242.50,892446
22-Apr-15,243.90,248.44,241.40,242.00,728960
21-Apr-15,243.30,245.30,242.60,244.60,424453
20-Apr-15,240.20,241.80,240.00,241.00,649611
17-Apr-15,241.00,242.20,240.00,240.61,923758
16-Apr-15,241.00,243.05,240.00,241.00,738392
15-Apr-15,244.30,244.30,240.30,241.51,649550
14-Apr-15,238.20,242.80,238.20,241.30,687255
13-Apr-15,237.70,240.00,235.50,238.46,432850
10-Apr-15,237.80,239.10,232.80,236.06,645087
9-Apr-15,241.30,241.30,235.00,238.40,365753
8-Apr-15,235.00,241.70,235.00,240.01,983724
7-Apr-15,226.00,236.20,223.38,236.00,1023798
2-Apr-15,224.20,225.10,222.30,225.00,709294
1-Apr-15,219.30,222.20,215.90,221.80,633292
31-Mar-15,221.70,223.50,217.70,217.80,823192
30-Mar-15,220.00,222.90,217.30,221.60,833944
27-Mar-15,225.50,226.30,219.94,221.10,386035
26-Mar-15,228.50,228.50,222.20,225.50,584137
25-Mar-15,232.80,233.10,229.40,229.50,455190
24-Mar-15,229.20,233.50,228.10,231.20,667188
23-Mar-15,233.20,233.20,227.00,227.90,543666
20-Mar-15,233.40,233.40,230.20,231.00,1115216
19-Mar-15,229.60,234.00,228.74,230.70,706450
18-Mar-15,224.50,230.00,224.50,228.50,870210
17-Mar-15,223.40,224.10,219.50,224.10,723640
16-Mar-15,221.80,221.99,219.32,221.00,476435
13-Mar-15,223.10,223.66,218.50,220.00,534497
12-Mar-15,222.40,223.70,220.40,221.90,377500
11-Mar-15,220.00,223.10,214.90,221.70,1126852
10-Mar-15,226.40,226.40,218.80,219.10,656405
9-Mar-15,226.90,227.35,221.00,223.40,576115
6-Mar-15,223.70,228.80,223.70,226.00,803667
5-Mar-15,223.40,230.00,223.40,225.10,1089296
4-Mar-15,224.90,224.90,216.20,224.70,1566894
3-Mar-15,243.00,243.00,221.80,221.80,1588794
2-Mar-15,236.60,243.52,236.60,241.50,981616
27-Feb-15,231.90,237.50,231.90,236.60,524445
26-Feb-15,234.60,236.10,232.48,235.30,383634
25-Feb-15,233.30,234.90,233.10,234.22,471315
24-Feb-15,232.90,233.00,231.10,231.44,654600
23-Feb-15,234.60,234.60,231.20,231.30,346524
20-Feb-15,230.10,233.32,230.00,232.50,553182
19-Feb-15,235.00,238.00,229.02,231.29,950957
18-Feb-15,221.80,233.00,219.80,231.60,1407310
17-Feb-15,217.90,218.30,213.40,215.10,636975
16-Feb-15,217.60,218.53,215.50,217.40,521542
13-Feb-15,214.20,219.00,214.20,217.10,1120276
12-Feb-15,211.30,215.40,209.90,215.20,997922
11-Feb-15,211.60,211.80,208.40,210.80,638980
10-Feb-15,208.90,211.00,207.10,210.50,751890
9-Feb-15,207.80,208.70,205.00,208.01,469196
6-Feb-15,208.00,208.60,206.30,207.20,780919
5-Feb-15,205.90,208.70,204.02,208.70,875828
4-Feb-15,204.10,206.00,203.80,206.00,1016805
3-Feb-15,201.40,206.00,201.20,205.60,787778
2-Feb-15,202.50,202.50,198.30,200.20,422484
30-Jan-15,202.80,204.12,201.60,202.00,854885
29-Jan-15,207.80,207.80,201.00,201.80,637360
28-Jan-15,208.40,208.40,203.90,205.69,463035
27-Jan-15,209.70,209.70,203.67,206.15,632562
26-Jan-15,206.20,209.00,206.20,208.13,1157766
23-Jan-15,208.80,209.30,207.07,208.80,968070
22-Jan-15,206.20,209.30,205.40,209.10,598395
21-Jan-15,204.50,206.60,203.90,205.60,607454
20-Jan-15,207.50,207.70,204.80,205.50,949339
19-Jan-15,204.70,207.10,204.00,206.80,988604
16-Jan-15,204.60,204.66,199.90,202.90,396384
15-Jan-15,201.60,204.50,198.30,204.00,704256
14-Jan-15,205.70,205.70,199.40,201.60,624250
13-Jan-15,205.30,206.80,204.90,206.10,733538
12-Jan-15,203.40,205.15,202.80,204.40,462940
9-Jan-15,205.70,206.80,203.00,204.70,1020630
8-Jan-15,205.40,205.40,202.20,204.65,668312
7-Jan-15,201.30,205.30,201.23,203.10,511912
6-Jan-15,205.90,205.90,201.10,202.20,503405
5-Jan-15,203.20,207.20,203.04,203.95,342596
31-Dec-14,206.90,208.40,203.00,208.40,194648
30-Dec-14,205.40,206.30,203.10,205.90,299358
29-Dec-14,205.70,207.44,203.30,205.40,321101
24-Dec-14,209.00,209.00,201.49,205.40,175851
23-Dec-14,204.50,206.32,203.40,204.90,345320
22-Dec-14,200.60,206.90,200.35,205.80,613345
19-Dec-14,198.00,200.30,197.66,199.80,1446352
18-Dec-14,194.30,197.50,193.90,197.50,975487
17-Dec-14,192.80,193.90,191.20,193.42,635058
16-Dec-14,191.90,193.40,189.20,191.00,1087157
15-Dec-14,190.00,193.50,189.89,191.10,642656
12-Dec-14,195.20,195.30,190.70,191.10,630755
11-Dec-14,195.90,196.40,193.57,194.90,740334
10-Dec-14,197.00,197.70,195.90,197.10,818814
9-Dec-14,197.60,197.92,195.10,196.30,1106357
8-Dec-14,201.00,201.00,197.60,198.40,748244
5-Dec-14,198.60,200.50,197.79,200.00,1336241
4-Dec-14,197.90,198.32,195.70,197.50,1583396
3-Dec-14,198.50,198.60,196.80,197.10,642909
2-Dec-14,197.90,198.10,195.76,198.00,526066
1-Dec-14,197.20,197.50,194.20,196.50,743472
28-Nov-14,201.00,201.00,195.60,196.70,1127064
27-Nov-14,197.70,200.10,197.70,199.90,662845
26-Nov-14,199.60,199.60,197.50,199.00,638447
25-Nov-14,197.60,197.90,195.40,197.00,1193641
24-Nov-14,195.50,196.50,194.41,196.40,635571
21-Nov-14,193.00,196.10,193.00,194.90,1449893
20-Nov-14,192.70,194.00,191.10,192.31,522029
19-Nov-14,193.70,193.70,190.60,191.40,759761
18-Nov-14,195.10,195.44,192.00,192.40,1036120
17-Nov-14,193.10,194.90,190.60,193.80,699837
14-Nov-14,193.40,194.00,191.90,193.30,558385
13-Nov-14,193.50,194.10,192.00,193.00,727826
12-Nov-14,192.90,192.90,189.90,191.97,829030
11-Nov-14,193.90,194.20,192.00,193.00,742413
10-Nov-14,192.10,193.63,190.61,192.86,491757
7-Nov-14,190.90,192.30,189.57,192.00,686198
6-Nov-14,186.70,190.70,186.00,190.10,594887
5-Nov-14,188.00,188.40,184.80,188.40,705015
4-Nov-14,192.00,194.74,184.50,186.00,1453453
3-Nov-14,198.50,200.95,194.90,197.40,1199174
31-Oct-14,186.50,199.50,186.50,197.30,1927399
30-Oct-14,185.80,185.80,182.44,184.70,769503
29-Oct-14,183.70,184.70,181.90,184.50,437573
28-Oct-14,182.00,182.20,180.00,182.00,530568
27-Oct-14,180.30,181.50,177.60,180.50,731918
24-Oct-14,177.60,180.32,177.60,179.30,1014579
23-Oct-14,178.10,179.90,174.00,179.40,750344
22-Oct-14,174.00,177.80,172.10,177.50,735783
21-Oct-14,168.40,174.00,168.40,173.50,1115721
20-Oct-14,169.30,170.35,167.00,169.70,659465
17-Oct-14,167.70,169.67,166.20,167.46,1057227
16-Oct-14,166.10,168.00,160.10,165.85,1653946
15-Oct-14,166.50,168.60,162.90,165.63,1220417
14-Oct-14,166.10,167.50,163.30,166.30,812233
13-Oct-14,164.60,167.90,164.60,166.10,1085137
10-Oct-14,168.60,168.60,166.40,166.90,1407583
9-Oct-14,172.00,172.40,167.60,169.30,897335
8-Oct-14,167.90,170.10,167.00,169.70,1266116
7-Oct-14,172.50,172.50,167.80,167.80,734780
6-Oct-14,168.50,173.50,168.50,172.20,554682
3-Oct-14,167.60,172.40,167.40,172.20,813464
2-Oct-14,171.10,171.10,166.70,166.70,780569
1-Oct-14,169.30,172.10,169.30,170.87,726007
30-Sep-14,171.80,171.80,169.40,169.70,927788
29-Sep-14,170.00,171.80,168.40,170.60,1223705
26-Sep-14,172.50,173.18,168.50,169.00,2212584
25-Sep-14,173.00,173.30,172.40,172.50,1007966
24-Sep-14,171.80,173.00,170.50,171.88,1027061
23-Sep-14,172.60,172.60,170.20,171.48,2162690
22-Sep-14,173.50,173.50,170.50,171.50,594143
19-Sep-14,175.00,178.50,173.42,173.80,1046471
18-Sep-14,172.40,173.90,171.00,173.70,574205
17-Sep-14,171.70,173.90,171.60,173.00,847217
16-Sep-14,172.20,172.30,171.00,172.00,1020507
15-Sep-14,171.10,172.24,170.80,171.00,1418336
12-Sep-14,173.00,174.50,170.60,172.40,1228776
11-Sep-14,173.00,175.30,172.30,172.90,732418
10-Sep-14,172.40,173.05,171.00,172.20,852979
9-Sep-14,170.80,172.20,170.00,171.30,774137
8-Sep-14,171.40,172.10,170.80,171.60,465008
5-Sep-14,171.50,173.50,171.50,172.70,588745
4-Sep-14,174.00,174.00,171.80,173.00,805826
3-Sep-14,173.80,174.22,171.90,173.50,636417
2-Sep-14,172.10,174.30,171.63,173.15,683359
1-Sep-14,172.20,172.80,170.00,172.80,765602
29-Aug-14,177.20,177.20,172.10,172.80,1339512
28-Aug-14,178.50,178.60,175.00,175.00,892026
27-Aug-14,177.70,180.30,174.10,177.33,2510348
26-Aug-14,188.00,193.20,177.40,179.00,3482269
22-Aug-14,191.10,196.50,191.10,196.50,882331
21-Aug-14,188.80,192.30,188.80,192.30,387540
20-Aug-14,188.40,190.60,188.00,189.60,670134
19-Aug-14,190.00,190.60,187.00,190.10,863302
18-Aug-14,179.70,188.70,179.70,188.40,1537609
15-Aug-14,178.70,179.20,176.70,178.10,576403
14-Aug-14,174.60,177.60,174.60,176.90,481409
13-Aug-14,177.00,178.00,174.50,177.00,384779
12-Aug-14,178.50,179.90,174.90,175.90,522649
11-Aug-14,174.10,180.00,173.80,180.00,493631
8-Aug-14,170.90,174.30,170.28,173.19,431787
7-Aug-14,171.40,174.80,171.30,173.60,664824
6-Aug-14,171.50,172.80,168.80,172.40,637259
5-Aug-14,173.40,173.40,171.70,172.60,301192
4-Aug-14,172.70,172.70,169.40,172.10,504808
1-Aug-14,172.40,174.30,169.50,173.00,1252920
31-Jul-14,180.20,180.20,172.90,173.90,800548
30-Jul-14,181.30,182.26,178.00,178.10,592942
29-Jul-14,180.40,182.15,179.80,179.80,655282
28-Jul-14,180.00,181.90,178.80,180.15,1471456
25-Jul-14,176.40,182.00,175.90,180.10,1416800
24-Jul-14,175.00,176.80,174.50,175.40,392647
23-Jul-14,174.70,176.60,174.00,176.00,387944
22-Jul-14,175.40,175.40,171.40,174.00,290032
21-Jul-14,173.10,173.10,169.90,170.20,284688
18-Jul-14,172.00,172.70,169.60,172.40,818874
17-Jul-14,173.90,174.10,171.00,172.60,425564
16-Jul-14,174.50,174.80,172.30,173.41,538806
15-Jul-14,175.30,176.45,172.40,172.70,567918
14-Jul-14,176.90,178.00,174.40,175.60,385557
11-Jul-14,174.40,177.40,174.20,176.00,1224125
10-Jul-14,171.40,173.20,170.20,171.53,1093154
9-Jul-14,176.00,176.00,171.60,173.10,835967
8-Jul-14,183.50,183.50,174.90,175.40,1025135
7-Jul-14,183.70,183.70,181.60,183.00,880202
4-Jul-14,183.90,184.30,182.50,182.60,394164
3-Jul-14,185.00,185.80,182.30,185.10,694976
2-Jul-14,182.20,184.90,181.80,183.30,648767
1-Jul-14,181.70,183.00,180.70,181.80,1258193
30-Jun-14,181.20,182.30,179.60,181.70,591765
27-Jun-14,185.40,185.40,179.90,180.00,518615
26-Jun-14,181.60,185.00,180.50,184.00,709921
25-Jun-14,186.80,187.30,178.20,180.70,1212838
24-Jun-14,191.90,191.90,186.70,187.00,690220
23-Jun-14,191.20,193.08,189.70,190.00,272866
20-Jun-14,190.50,191.80,189.40,191.16,546591
19-Jun-14,191.40,192.80,189.00,189.50,579197
18-Jun-14,191.20,192.50,189.80,191.40,317404
17-Jun-14,190.20,192.60,188.50,189.50,621187
16-Jun-14,197.70,197.70,189.70,193.32,706050
13-Jun-14,196.90,197.30,191.00,196.60,988011
12-Jun-14,197.80,197.80,195.60,196.70,318245
11-Jun-14,198.40,199.52,195.38,196.00,372097
10-Jun-14,199.60,200.20,197.00,199.70,378983
9-Jun-14,201.10,201.50,199.10,199.40,339796
6-Jun-14,197.30,200.73,197.30,199.50,736192
5-Jun-14,195.40,197.59,193.60,196.50,501328
4-Jun-14,194.20,194.90,192.70,193.80,619400
3-Jun-14,193.00,194.90,191.30,193.10,860640
2-Jun-14,193.80,194.00,191.00,191.70,925700
30-May-14,195.50,195.50,191.20,192.40,1022989
29-May-14,195.00,198.10,194.10,194.10,500092
28-May-14,195.00,197.90,193.50,195.50,590072
27-May-14,191.10,194.70,191.10,194.50,753218
23-May-14,194.60,194.60,190.60,191.80,558997
22-May-14,191.50,193.10,191.30,191.80,342480
21-May-14,192.20,193.30,190.50,191.60,738684
20-May-14,188.80,193.00,188.80,191.00,891017
19-May-14,184.60,188.10,183.60,187.20,679772
16-May-14,190.10,190.76,181.30,185.40,1625580
15-May-14,196.20,198.10,188.20,191.00,1229902
14-May-14,199.60,200.40,197.20,197.20,314678
13-May-14,197.30,199.90,197.30,197.80,524804
12-May-14,197.50,199.40,196.20,198.10,263406
9-May-14,200.40,201.50,196.30,196.40,547969
8-May-14,200.00,202.50,199.00,201.00,490623
7-May-14,199.70,202.90,199.70,201.00,688560
6-May-14,201.50,202.27,198.10,202.00,705797
2-May-14,196.70,224.01,194.90,200.50,941247
1-May-14,209.80,211.00,196.50,197.00,1138417
30-Apr-14,210.50,213.70,207.80,209.00,937845
29-Apr-14,210.40,212.80,210.00,211.00,437761
28-Apr-14,211.60,212.70,209.52,211.00,428554
25-Apr-14,213.90,214.50,209.70,211.00,795996
24-Apr-14,215.80,216.30,212.70,214.60,661419
23-Apr-14,216.10,216.10,212.70,213.40,197775
22-Apr-14,212.40,216.80,212.40,214.90,446466
17-Apr-14,211.30,213.30,210.60,212.60,233451
16-Apr-14,209.00,211.50,207.40,210.10,437764
15-Apr-14,208.70,210.00,206.30,206.30,451325
14-Apr-14,213.40,216.07,208.00,209.60,696706
11-Apr-14,215.00,217.50,214.93,215.40,526178
10-Apr-14,220.60,223.63,218.30,218.30,1232680
9-Apr-14,218.20,221.00,217.30,219.00,745269
8-Apr-14,222.00,224.00,214.90,216.00,855200
7-Apr-14,223.90,223.90,221.10,221.10,462594
4-Apr-14,223.00,226.00,223.00,224.50,442347
3-Apr-14,224.10,225.70,222.20,224.00,409379
2-Apr-14,223.40,225.20,222.65,223.60,672583
1-Apr-14,220.90,223.31,220.10,221.72,600220
31-Mar-14,220.50,223.30,220.10,220.40,390119
28-Mar-14,215.50,219.90,215.50,219.34,872691
27-Mar-14,219.60,220.30,218.30,218.50,746079
26-Mar-14,216.80,219.90,215.10,219.00,955037
25-Mar-14,210.80,215.50,210.70,215.40,465092
24-Mar-14,217.00,217.74,209.20,210.00,825069
21-Mar-14,216.40,218.70,216.40,216.50,995761
20-Mar-14,218.90,222.80,217.00,217.40,580689
19-Mar-14,221.90,224.90,221.00,223.80,792157
18-Mar-14,217.70,223.70,216.70,222.40,776630
17-Mar-14,217.00,218.80,215.60,218.00,611083
14-Mar-14,220.10,221.20,214.70,215.50,1187450
13-Mar-14,227.00,227.00,221.50,221.80,565084
12-Mar-14,226.00,228.00,224.60,224.60,939773
11-Mar-14,228.50,228.50,224.90,226.00,2268428
10-Mar-14,229.60,229.60,223.50,224.70,652986
7-Mar-14,225.00,228.70,224.90,226.00,989933
6-Mar-14,224.90,226.20,224.60,225.30,899518
5-Mar-14,223.30,225.10,221.90,225.00,1255035
4-Mar-14,230.00,231.20,212.10,225.00,2464793
3-Mar-14,227.80,230.50,227.80,230.10,757856
28-Feb-14,231.30,234.00,231.30,233.20,1007671
27-Feb-14,230.80,232.90,228.40,229.87,622940
26-Feb-14,230.20,231.80,225.80,228.75,780924
25-Feb-14,233.10,235.20,231.40,234.50,1098015
24-Feb-14,234.60,234.60,232.10,233.00,416889
21-Feb-14,234.00,234.80,232.10,233.60,693096
20-Feb-14,223.70,230.40,220.90,230.40,632310
19-Feb-14,221.40,227.50,221.20,227.50,786401
18-Feb-14,218.40,221.50,218.40,221.00,869323
17-Feb-14,216.70,218.70,216.10,218.50,443167
14-Feb-14,213.50,216.30,213.10,213.25,779089
13-Feb-14,211.20,213.40,211.20,213.40,757194
12-Feb-14,213.00,214.00,212.30,212.90,426977
11-Feb-14,212.00,214.40,210.80,213.00,835737
10-Feb-14,211.40,211.80,209.30,211.20,791620
7-Feb-14,211.50,212.50,210.30,211.80,617716
6-Feb-14,209.50,212.80,209.00,212.00,1086087
5-Feb-14,206.10,209.00,206.10,208.90,643671
4-Feb-14,205.30,208.50,205.30,207.00,710221
3-Feb-14,212.80,212.80,207.40,208.10,750635
31-Jan-14,208.10,209.50,204.90,209.50,546985
30-Jan-14,210.60,210.60,206.60,207.82,552886
29-Jan-14,216.00,216.00,206.60,209.50,453230
28-Jan-14,210.70,216.70,210.70,212.20,584757
27-Jan-14,211.40,212.80,205.40,212.80,1067899
24-Jan-14,218.00,219.50,211.20,213.00,1653448
23-Jan-14,216.00,218.30,216.00,217.70,375845
22-Jan-14,217.80,218.20,216.80,218.00,300746
21-Jan-14,217.50,218.50,216.80,217.80,203737
20-Jan-14,220.00,220.00,217.10,218.00,222805
17-Jan-14,220.30,220.30,216.80,219.80,468239
16-Jan-14,220.70,222.90,217.20,219.40,456047
15-Jan-14,220.60,221.50,219.10,219.90,389758
14-Jan-14,220.90,220.90,215.80,219.10,397914
13-Jan-14,221.20,223.10,218.90,222.10,579129
10-Jan-14,219.20,221.90,216.70,221.10,655599
9-Jan-14,216.70,219.80,216.50,218.70,363427
8-Jan-14,216.30,218.20,216.10,217.50,370750
7-Jan-14,217.40,217.50,214.20,216.40,408333
6-Jan-14,216.90,218.00,214.40,215.50,189526
3-Jan-14,210.60,217.70,210.40,216.00,329372
2-Jan-14,217.80,217.90,211.10,212.00,392260
31-Dec-13,210.60,217.90,210.60,217.20,553888
30-Dec-13,209.00,210.40,205.40,208.80,392729
27-Dec-13,207.00,210.30,204.20,209.80,452189
24-Dec-13,206.00,207.00,205.00,206.00,133670
23-Dec-13,198.50,205.30,198.50,205.00,432776
20-Dec-13,200.30,203.20,199.90,201.10,584313
19-Dec-13,197.30,202.50,197.30,200.30,621583
18-Dec-13,194.50,197.90,194.50,195.00,363969
17-Dec-13,196.30,196.50,194.60,195.00,597542
16-Dec-13,192.30,198.00,190.40,198.00,638792
13-Dec-13,190.50,192.90,189.90,190.70,330086
12-Dec-13,193.60,194.40,190.60,191.00,423752
11-Dec-13,196.70,197.40,194.90,196.00,356936
10-Dec-13,199.00,199.00,195.20,197.10,434707
9-Dec-13,192.50,198.20,192.50,197.50,439623
6-Dec-13,192.20,194.40,189.90,193.10,515648
5-Dec-13,189.00,192.20,189.00,190.50,437551
4-Dec-13,193.20,195.50,189.40,190.50,742085
3-Dec-13,200.00,200.30,192.80,193.90,723079
2-Dec-13,198.40,199.80,197.30,198.80,521437
29-Nov-13,197.00,199.50,196.90,199.00,432860
28-Nov-13,195.10,198.30,195.10,196.50,294236
27-Nov-13,193.90,196.70,193.90,196.00,584532
26-Nov-13,190.30,195.70,190.30,195.13,684969
25-Nov-13,194.20,194.20,190.70,191.00,604936
22-Nov-13,190.50,192.40,190.30,191.90,302867
21-Nov-13,190.50,193.10,189.90,190.50,373483
20-Nov-13,191.70,192.40,190.50,191.70,688436
19-Nov-13,191.00,192.60,190.10,191.50,1126971
18-Nov-13,194.20,196.30,191.20,191.90,1251622
15-Nov-13,198.80,200.40,194.50,196.00,746988
14-Nov-13,200.40,201.20,199.10,200.00,402666
13-Nov-13,198.00,200.50,197.50,197.60,770563
12-Nov-13,204.00,204.00,198.70,200.00,724204
11-Nov-13,202.80,204.20,202.50,202.80,557724
8-Nov-13,207.60,207.60,201.70,203.50,723946
7-Nov-13,206.00,207.90,203.10,204.80,637125
6-Nov-13,201.00,206.50,200.60,205.90,943662
5-Nov-13,205.10,207.80,197.10,200.00,1007818
4-Nov-13,201.30,205.20,201.20,203.20,571869
1-Nov-13,205.70,205.80,201.60,204.10,576371
31-Oct-13,203.40,205.30,200.60,205.10,869735
30-Oct-13,206.00,208.00,203.30,205.00,914097
29-Oct-13,197.90,206.00,191.90,205.80,2012231
28-Oct-13,208.70,209.50,202.60,204.80,682557
25-Oct-13,208.60,209.80,206.40,209.80,226558
24-Oct-13,209.20,210.50,207.50,207.80,1367175
23-Oct-13,209.00,-,-,211.00,1324581
22-Oct-13,216.70,216.70,208.80,211.70,649307
21-Oct-13,214.00,218.00,212.20,214.10,1144975
18-Oct-13,201.20,214.10,201.00,212.50,1103469
17-Oct-13,198.90,200.40,195.70,200.20,451320
16-Oct-13,193.40,200.40,192.80,199.30,619854
15-Oct-13,193.40,194.80,192.10,194.00,434083
14-Oct-13,192.50,193.60,191.40,192.80,162187
11-Oct-13,192.00,192.70,190.40,192.70,266964
10-Oct-13,187.50,191.30,186.50,189.58,802967
9-Oct-13,187.80,189.00,184.60,185.00,386882
8-Oct-13,192.50,194.90,187.50,187.70,479090
7-Oct-13,195.10,195.50,191.10,192.00,568989
4-Oct-13,192.00,196.50,192.00,195.70,661508
3-Oct-13,188.90,191.60,188.50,191.20,631291
2-Oct-13,188.40,190.70,188.10,190.00,886112
1-Oct-13,183.30,190.60,183.10,189.24,789362
30-Sep-13,181.60,182.30,180.00,181.66,964451
27-Sep-13,183.00,189.70,181.50,183.49,804178
26-Sep-13,182.00,182.40,179.70,181.00,432385
25-Sep-13,182.00,183.30,180.70,181.40,339834
24-Sep-13,180.10,183.30,179.40,181.90,699034
20-Sep-13,180.70,182.30,178.60,182.00,873435
19-Sep-13,184.70,185.70,180.50,180.80,475991
18-Sep-13,181.30,184.60,180.50,181.60,407432
17-Sep-13,183.90,185.00,180.10,180.70,715177
16-Sep-13,183.70,185.50,182.50,184.60,484724
13-Sep-13,180.00,181.90,179.80,181.80,314653
12-Sep-13,182.20,184.00,179.90,180.00,817535
11-Sep-13,185.00,186.00,182.40,182.90,738661
10-Sep-13,184.70,189.00,184.70,185.00,660942
9-Sep-13,183.60,184.40,182.20,184.00,415943
6-Sep-13,183.20,184.10,182.00,183.60,330869
5-Sep-13,182.50,184.20,182.20,183.70,296396
4-Sep-13,181.90,182.70,180.00,181.60,740643
3-Sep-13,183.10,184.30,179.40,180.90,926283
2-Sep-13,177.00,185.30,177.00,183.30,546647
30-Aug-13,184.10,184.20,176.60,176.90,467509
29-Aug-13,182.00,183.00,179.50,181.10,1096098
28-Aug-13,184.60,184.60,174.70,179.60,1130569
27-Aug-13,188.00,188.00,183.40,185.00,1168530
23-Aug-13,183.90,186.30,183.00,185.40,351909
22-Aug-13,180.80,185.10,180.50,183.90,695679
21-Aug-13,181.00,181.80,178.80,179.50,510759
20-Aug-13,181.40,181.40,178.30,180.20,249210
19-Aug-13,184.10,184.10,180.00,181.50,413033
16-Aug-13,179.10,183.40,178.00,183.40,572160
15-Aug-13,191.40,191.40,178.30,181.50,744024
14-Aug-13,189.40,192.30,189.40,192.00,386722
13-Aug-13,191.00,192.00,189.50,189.50,746524
12-Aug-13,193.00,193.50,189.70,191.10,324715
9-Aug-13,194.30,195.00,191.00,191.80,449400
8-Aug-13,189.30,195.50,189.30,193.40,884329
7-Aug-13,188.70,192.00,186.20,188.60,800330
6-Aug-13,188.90,191.40,184.60,186.10,458632
5-Aug-13,189.90,192.00,188.40,188.70,379402
2-Aug-13,187.00,189.70,186.20,189.20,358130
1-Aug-13,185.20,187.30,185.20,186.00,659850
31-Jul-13,185.20,186.30,184.30,185.20,432897
30-Jul-13,184.20,185.70,184.20,185.00,430138
29-Jul-13,184.80,186.00,182.70,184.30,361017
26-Jul-13,185.00,185.90,183.00,184.90,387917
25-Jul-13,185.20,185.20,180.80,185.00,489012
24-Jul-13,183.10,184.80,181.10,183.50,701948
23-Jul-13,184.20,184.80,181.50,183.00,632964
22-Jul-13,183.50,185.30,182.50,185.10,324172
19-Jul-13,182.10,183.50,181.90,182.80,579170
18-Jul-13,183.00,184.10,180.20,183.20,386386
17-Jul-13,182.50,185.00,182.50,183.85,309759
16-Jul-13,187.40,188.10,182.10,182.30,533685
15-Jul-13,183.90,188.00,182.99,186.70,471905
12-Jul-13,181.70,183.80,180.20,183.00,448329
11-Jul-13,183.30,184.06,179.00,180.80,449140
10-Jul-13,179.40,182.50,177.60,181.70,372786
9-Jul-13,181.30,183.90,180.70,181.10,465354
8-Jul-13,179.50,183.20,178.04,180.60,522275
5-Jul-13,179.50,185.80,178.47,178.50,1331821
4-Jul-13,169.40,179.60,168.60,179.60,1303995
3-Jul-13,161.50,168.90,160.20,168.90,1300574
2-Jul-13,164.50,164.94,160.00,160.99,637922
1-Jul-13,157.70,165.00,157.66,165.00,579010
28-Jun-13,154.70,158.30,154.10,157.30,875718
27-Jun-13,151.80,154.50,151.60,154.00,519037
26-Jun-13,152.70,155.70,151.80,152.70,599557
25-Jun-13,152.30,154.00,150.20,151.80,381182
24-Jun-13,151.90,154.40,148.00,151.10,1117325
21-Jun-13,153.30,155.00,151.10,152.00,872538
20-Jun-13,155.80,157.48,150.90,151.50,779275
19-Jun-13,160.06,160.30,156.50,157.50,605109
18-Jun-13,156.70,160.34,156.70,159.70,616030
17-Jun-13,158.50,159.82,157.00,157.50,1084730
14-Jun-13,157.40,160.10,155.74,157.70,973467
13-Jun-13,156.50,156.60,153.10,153.90,763315
12-Jun-13,156.00,159.00,154.78,158.00,722426
11-Jun-13,163.40,163.40,153.10,155.60,685660
10-Jun-13,165.00,165.00,162.66,162.90,388850
7-Jun-13,159.40,166.00,159.40,165.00,956782
6-Jun-13,165.00,166.30,160.00,160.20,594134
5-Jun-13,164.60,167.00,161.70,165.30,702828
4-Jun-13,169.10,169.30,164.40,166.00,661783
3-Jun-13,167.20,169.30,164.00,166.90,596801
31-May-13,167.50,170.10,166.70,167.75,650196
30-May-13,163.40,169.00,163.40,168.30,632607
29-May-13,167.30,167.30,161.00,162.50,632799
28-May-13,167.40,169.70,167.30,167.50,948937
24-May-13,163.60,166.10,163.40,165.25,861109
23-May-13,168.50,168.50,163.40,164.20,1373523
22-May-13,171.70,171.70,167.96,169.90,956434
21-May-13,171.10,171.80,168.70,171.50,920576
20-May-13,173.00,174.39,171.21,171.50,554949
17-May-13,174.30,174.30,172.00,172.40,703735
16-May-13,175.30,176.35,172.50,173.80,519212
15-May-13,175.70,177.40,173.40,175.40,865330
14-May-13,177.40,178.10,175.10,176.70,646491
13-May-13,173.40,178.20,171.70,177.50,993489
10-May-13,169.20,172.50,169.10,170.00,672335
9-May-13,168.70,170.96,166.00,170.20,724861
8-May-13,167.00,169.00,166.10,167.30,1021121
7-May-13,164.90,166.90,164.79,166.50,948974
3-May-13,164.00,167.00,163.00,165.00,1124682
2-May-13,165.00,165.00,161.00,163.00,1248700
1-May-13,162.00,163.10,161.00,162.40,504631
30-Apr-13,165.10,166.50,162.00,163.80,746714
29-Apr-13,164.60,165.50,163.36,165.00,458546
26-Apr-13,165.10,165.10,162.00,164.40,474063
25-Apr-13,160.60,164.70,160.60,164.50,491602
24-Apr-13,158.70,162.00,158.70,161.76,502864
23-Apr-13,156.00,162.10,155.60,161.76,684406
22-Apr-13,156.50,158.70,152.60,156.40,826820
19-Apr-13,157.50,161.00,157.50,159.90,474938
18-Apr-13,151.20,159.90,151.20,154.76,931232
17-Apr-13,159.50,160.00,152.93,153.00,804093
16-Apr-13,165.00,165.00,159.00,159.00,1053040
15-Apr-13,167.40,168.26,164.00,164.50,443150
12-Apr-13,166.60,168.90,166.60,167.20,602822
11-Apr-13,168.90,169.80,166.60,169.00,704904
10-Apr-13,164.50,169.50,161.40,167.65,615303
9-Apr-13,162.80,163.50,160.68,162.00,1007327
8-Apr-13,160.30,164.56,159.97,160.70,511803
5-Apr-13,169.10,169.10,160.20,161.30,902694
4-Apr-13,167.00,168.48,164.00,167.40,1374003
3-Apr-13,166.60,169.20,164.60,167.40,534204
2-Apr-13,160.00,168.18,159.20,166.50,482211
28-Mar-13,159.70,159.90,158.20,158.70,917996
27-Mar-13,159.40,159.40,156.80,158.28,444119
26-Mar-13,157.70,158.70,156.30,158.60,762196
25-Mar-13,157.50,158.11,156.70,157.40,574394
22-Mar-13,157.00,158.80,156.00,156.80,441034
21-Mar-13,159.20,159.70,156.50,158.00,650527
20-Mar-13,162.30,163.00,159.40,159.50,643563
19-Mar-13,162.30,164.40,160.80,162.30,364013
18-Mar-13,161.00,163.70,159.93,163.30,502967
15-Mar-13,161.90,164.90,161.50,163.00,1174453
14-Mar-13,157.00,162.70,157.00,162.30,750714
13-Mar-13,155.40,159.70,154.72,156.69,1105740
12-Mar-13,157.10,162.60,154.40,155.00,1124809
11-Mar-13,150.00,158.80,150.00,157.90,772176
8-Mar-13,150.00,154.28,149.60,150.20,538999
7-Mar-13,142.50,153.86,141.22,150.80,794833
6-Mar-13,145.50,148.39,140.50,143.50,1770191
5-Mar-13,132.80,156.07,129.87,149.80,1702248
4-Mar-13,132.00,132.28,128.50,129.50,489108
1-Mar-13,133.80,133.80,131.50,131.90,338398
28-Feb-13,134.20,134.20,130.80,133.40,504014
27-Feb-13,133.40,134.70,131.60,133.20,493355
26-Feb-13,132.90,134.20,131.50,132.50,405263
25-Feb-13,135.00,135.01,133.50,135.00,297835
22-Feb-13,133.90,135.00,133.40,134.00,519606
21-Feb-13,134.00,135.80,132.00,135.00,1038847
20-Feb-13,129.80,135.01,128.60,135.00,670797
19-Feb-13,128.30,129.90,126.50,129.80,251815
18-Feb-13,127.20,128.60,126.77,127.50,163863
15-Feb-13,125.90,127.00,123.37,126.90,359334
14-Feb-13,127.40,127.40,125.60,126.50,182841
13-Feb-13,125.70,128.00,125.40,127.80,563073
12-Feb-13,124.70,126.20,124.70,126.20,330111
11-Feb-13,125.40,125.50,124.30,125.30,252319
8-Feb-13,125.00,125.21,123.90,125.00,481383
7-Feb-13,122.80,125.60,122.19,124.30,393773
6-Feb-13,123.80,125.80,123.40,124.50,212828
5-Feb-13,123.90,125.00,122.70,124.10,374913
4-Feb-13,122.20,124.40,121.40,124.40,1359763
1-Feb-13,118.50,122.30,117.70,121.00,640477
31-Jan-13,119.00,120.00,117.40,119.82,632952
30-Jan-13,119.00,119.90,117.50,119.50,544354
29-Jan-13,114.30,118.50,114.30,118.50,205166
28-Jan-13,120.00,120.00,114.66,115.80,712747
25-Jan-13,116.20,119.30,115.00,119.20,357591
24-Jan-13,115.60,116.00,114.80,115.90,150756
23-Jan-13,115.30,115.30,114.00,114.60,125838
22-Jan-13,115.00,116.20,114.60,115.50,175474
21-Jan-13,113.40,115.40,113.30,115.00,1568188
18-Jan-13,114.00,114.40,112.41,113.78,307472
17-Jan-13,110.90,113.50,110.80,113.50,172744
16-Jan-13,109.80,112.90,108.10,112.60,368968
15-Jan-13,106.00,110.00,106.00,109.70,450252
14-Jan-13,106.30,107.20,105.80,106.00,419864
11-Jan-13,105.80,107.72,105.80,106.50,188492
10-Jan-13,106.00,107.30,105.00,105.20,208857
9-Jan-13,106.70,107.00,105.50,106.40,308161
8-Jan-13,108.10,108.47,104.90,105.10,564121
7-Jan-13,113.60,113.60,108.30,108.70,618117
4-Jan-13,112.10,112.10,109.38,110.20,233637
3-Jan-13,112.00,113.50,110.04,111.00,421928
2-Jan-13,110.00,112.70,109.80,111.90,528306
