31-Dec-15,1959.00,1981.50,1959.00,1979.50,854463
30-Dec-15,1966.00,1989.00,1941.50,1959.00,2547601
29-Dec-15,2010.00,2014.50,1952.00,1978.00,3373477
24-Dec-15,2018.00,2032.46,1986.50,2006.50,578250
23-Dec-15,1940.50,2025.00,1940.50,2014.50,4856513
22-Dec-15,1875.00,1902.50,1873.50,1898.50,2631845
21-Dec-15,1853.00,1938.00,1853.00,1863.00,4512021
18-Dec-15,1852.00,1891.50,1848.00,1862.50,9772961
16-Dec-15,1890.00,1937.50,1871.50,1899.50,4868003
15-Dec-15,1870.00,1910.00,1860.00,1879.50,4624431
14-Dec-15,1892.00,1920.00,1843.00,1848.00,4641082
11-Dec-15,1971.50,2005.50,1871.00,1885.50,5875905
10-Dec-15,1975.00,2032.50,1945.50,1971.00,5468665
9-Dec-15,1945.00,2001.26,1872.00,1966.50,9806563
8-Dec-15,2020.00,2050.00,1893.00,1893.00,9856637
7-Dec-15,2080.50,2102.50,2056.00,2066.00,4392760
4-Dec-15,2100.00,2145.50,2063.50,2081.00,6178666
3-Dec-15,2180.00,2180.00,2114.00,2114.00,6804734
2-Dec-15,2220.00,2231.50,2174.00,2188.50,4229781
1-Dec-15,2222.00,2242.00,2195.50,2214.50,3912798
30-Nov-15,2190.00,2221.00,2151.00,2208.50,5871632
27-Nov-15,2250.00,2250.00,2182.52,2199.00,4378055
26-Nov-15,2246.00,2300.00,2237.50,2271.00,2993895
25-Nov-15,2271.50,2291.50,2227.50,2249.50,3928690
24-Nov-15,2265.50,2294.00,2230.00,2274.00,4118931
23-Nov-15,2270.00,2325.00,2239.00,2280.00,5191567
20-Nov-15,2296.00,2331.50,2276.50,2296.00,4056987
19-Nov-15,2283.00,2328.50,2277.00,2290.00,5744681
18-Nov-15,2200.00,2272.50,2190.50,2260.50,4331434
17-Nov-15,2245.00,2288.50,2204.50,2214.00,6005844
16-Nov-15,2233.50,2302.00,2215.00,2221.00,4968149
13-Nov-15,2240.00,2283.00,2224.00,2244.00,4516076
12-Nov-15,2315.00,2348.50,2235.50,2238.00,5275631
11-Nov-15,2320.00,2358.50,2286.50,2307.00,3835878
10-Nov-15,2308.00,2324.00,2257.50,2318.50,5122031
9-Nov-15,2276.50,2346.00,2265.50,2291.00,5587758
6-Nov-15,2329.50,2352.00,2257.00,2282.00,6637205
5-Nov-15,2350.00,2363.50,2284.50,2299.00,5946290
4-Nov-15,2369.50,2434.00,2367.50,2370.50,5315072
3-Nov-15,2326.00,2348.15,2278.50,2347.50,5456395
2-Nov-15,2334.00,2370.00,2303.50,2321.50,4147883
30-Oct-15,2351.50,2398.50,2340.30,2358.50,4114593
29-Oct-15,2375.00,2375.00,2322.50,2357.50,5143971
28-Oct-15,2400.00,2428.50,2348.00,2415.00,5644760
27-Oct-15,2470.00,2478.50,2419.00,2432.50,3447561
26-Oct-15,2493.00,2531.00,2464.50,2487.50,3071831
23-Oct-15,2491.00,2555.00,2441.50,2506.50,5485695
22-Oct-15,2430.00,2481.50,2405.50,2468.50,3748859
21-Oct-15,2426.00,2465.50,2380.50,2426.00,3066916
20-Oct-15,2422.50,2437.00,2390.00,2428.00,3380857
19-Oct-15,2475.00,2486.00,2433.50,2440.00,3172694
16-Oct-15,2530.00,2535.00,2480.00,2529.99,2891429
15-Oct-15,2556.00,2591.50,2511.50,2513.00,4161759
14-Oct-15,2495.00,2575.50,2478.00,2528.00,4619831
13-Oct-15,2549.00,2550.00,2488.00,2522.50,3729501
12-Oct-15,2605.00,2613.50,2519.00,2537.00,4319674
9-Oct-15,2554.50,2621.00,2552.00,2599.50,7271601
8-Oct-15,2459.50,2523.00,2433.50,2520.00,5672206
7-Oct-15,2400.00,2538.00,2387.56,2487.00,11423354
6-Oct-15,2332.50,2334.50,2283.50,2314.00,3874441
5-Oct-15,2300.00,2321.50,2287.00,2315.50,4725310
2-Oct-15,2219.00,2259.00,2195.00,2242.00,3513512
1-Oct-15,2261.00,2283.00,2205.50,2220.00,4930873
30-Sep-15,2230.00,2233.50,2180.50,2210.00,5595921
29-Sep-15,2096.50,2168.50,2090.50,2149.50,5535237
28-Sep-15,2220.50,2220.50,2100.50,2115.44,6039983
25-Sep-15,2222.50,2256.00,2199.00,2217.00,3990746
24-Sep-15,2212.50,2254.00,2177.00,2185.50,5132328
23-Sep-15,2189.50,2263.00,2177.50,2222.00,3726232
22-Sep-15,2268.00,2273.00,2154.00,2194.00,5436282
21-Sep-15,2285.00,2323.00,2269.82,2274.50,3116596
18-Sep-15,2330.00,2361.50,2235.00,2299.50,8083161
17-Sep-15,2407.50,2437.50,2338.50,2341.50,4956931
16-Sep-15,2402.00,2415.50,2327.50,2395.50,5940537
15-Sep-15,2380.00,2402.50,2319.50,2388.50,5031073
14-Sep-15,2394.50,2450.00,2359.00,2397.50,5555600
11-Sep-15,2386.50,2446.50,2376.50,2383.00,5098519
10-Sep-15,2360.00,2401.50,2316.00,2365.00,5518416
9-Sep-15,2380.50,2420.00,2358.50,2377.50,5133539
8-Sep-15,2270.50,2316.50,2270.00,2309.50,3884349
7-Sep-15,2285.50,2294.00,2241.50,2251.00,3351833
4-Sep-15,2321.00,2352.00,2227.50,2235.00,4846348
3-Sep-15,2284.00,2376.50,2284.00,2341.00,5985429
2-Sep-15,2288.50,2330.00,2257.00,2266.50,4457713
1-Sep-15,2351.00,2375.00,2246.00,2271.00,6072322
28-Aug-15,2384.00,2403.50,2323.50,2388.00,4886955
27-Aug-15,2255.50,2366.00,2234.50,2349.00,6258763
26-Aug-15,2230.00,2270.00,2183.79,2200.00,5679820
25-Aug-15,2210.00,2300.00,2188.50,2244.50,9105890
24-Aug-15,2209.00,2240.50,2107.78,2154.50,8922195
21-Aug-15,2331.00,2378.00,2312.00,2315.00,3967532
20-Aug-15,2310.50,2386.00,2310.00,2361.00,4894392
19-Aug-15,2414.50,2425.50,2311.50,2323.00,6075956
18-Aug-15,2420.00,2445.50,2387.50,2412.00,3176786
17-Aug-15,2459.00,2474.50,2425.50,2445.00,2890602
14-Aug-15,2463.50,2499.00,2434.50,2462.50,3295407
13-Aug-15,2509.50,2543.50,2447.50,2459.00,5368035
12-Aug-15,2495.50,2585.00,2467.00,2549.50,7658457
11-Aug-15,2588.00,2640.50,2548.50,2553.50,7719792
10-Aug-15,2581.00,2635.00,2545.50,2635.00,5009255
7-Aug-15,2574.00,2629.50,2562.00,2587.50,4706682
6-Aug-15,2616.00,2623.00,2541.00,2575.50,5227329
5-Aug-15,2500.00,2594.00,2491.50,2567.50,6438710
4-Aug-15,2432.50,2498.00,2416.00,2470.50,4527517
3-Aug-15,2476.00,2480.00,2402.50,2432.50,3789221
31-Jul-15,2469.00,2492.00,2425.50,2486.50,5229557
30-Jul-15,2463.00,2478.00,2433.00,2456.50,3862216
29-Jul-15,2435.00,2463.00,2407.50,2454.00,4495996
28-Jul-15,2400.00,2433.16,2383.50,2406.00,6178686
27-Jul-15,2414.00,2440.00,2373.00,2394.00,5629704
24-Jul-15,2495.00,2513.50,2377.00,2400.50,6035131
23-Jul-15,2499.50,2528.50,2473.50,2500.00,3535435
22-Jul-15,2540.00,2550.50,2489.68,2502.50,4917395
21-Jul-15,2585.00,2610.00,2562.00,2597.00,2810698
20-Jul-15,2597.50,2609.00,2577.00,2591.00,2277046
17-Jul-15,2616.50,2626.00,2580.50,2593.00,3230924
16-Jul-15,2606.50,2646.00,2568.50,2622.50,3411186
15-Jul-15,2590.00,2642.18,2571.50,2597.00,3924480
14-Jul-15,2609.00,2617.00,2575.00,2580.50,3760038
13-Jul-15,2555.00,2600.50,2504.00,2600.50,5184359
10-Jul-15,2600.00,2610.00,2501.55,2539.50,4773251
9-Jul-15,2520.50,2560.00,2501.00,2528.50,4780219
8-Jul-15,2458.00,2513.50,2438.00,2484.50,6320019
7-Jul-15,2577.00,2578.50,2481.00,2492.50,5143381
6-Jul-15,2560.00,2591.00,2545.00,2578.00,2986691
3-Jul-15,2612.50,2626.00,2576.00,2606.00,2445142
2-Jul-15,2600.50,2667.50,2590.00,2640.05,3643222
1-Jul-15,2635.00,2658.00,2608.50,2621.00,3697257
30-Jun-15,2691.50,2696.00,2614.00,2614.00,5439182
29-Jun-15,2675.50,2714.50,2669.44,2691.50,4142911
26-Jun-15,2716.50,2746.00,2678.00,2708.50,3680141
25-Jun-15,2759.00,2784.50,2727.00,2733.00,3318966
24-Jun-15,2775.00,2804.70,2774.50,2780.50,3005469
23-Jun-15,2768.00,2782.17,2729.50,2758.50,3276546
22-Jun-15,2757.50,2845.71,2719.96,2770.00,2686051
19-Jun-15,2734.00,2764.88,2722.50,2732.00,3960320
18-Jun-15,2702.00,2776.00,2694.00,2749.50,4752639
17-Jun-15,2744.50,2750.00,2708.50,2722.00,4302432
16-Jun-15,2760.50,2782.00,2738.00,2745.50,3882089
15-Jun-15,2815.00,2840.50,2790.50,2806.50,1910047
12-Jun-15,2827.00,2856.00,2811.44,2833.38,2872381
11-Jun-15,2850.00,2886.50,2818.50,2839.00,3435059
10-Jun-15,2779.00,2857.00,2776.00,2841.50,5361053
9-Jun-15,2810.00,2832.60,2753.50,2781.00,4613685
8-Jun-15,2850.00,2855.00,2810.00,2818.50,2823435
5-Jun-15,2847.50,2894.00,2825.50,2852.50,3975175
4-Jun-15,2870.00,2880.50,2831.00,2850.00,3687725
3-Jun-15,2915.00,2917.50,2864.12,2881.50,3675142
2-Jun-15,2844.50,2923.00,2818.50,2902.00,4562601
1-Jun-15,2856.50,2882.00,2826.50,2834.50,3012818
29-May-15,2884.00,2899.50,2842.50,2856.00,3598214
28-May-15,2871.50,2884.29,2835.50,2884.00,2509244
27-May-15,2875.00,2897.00,2855.00,2881.00,2381982
26-May-15,2940.00,2959.50,2859.50,2874.50,2998757
22-May-15,2878.00,2932.99,2866.00,2902.50,2620174
21-May-15,2885.00,2927.00,2865.50,2873.50,2689906
20-May-15,2825.00,2893.50,2806.50,2867.00,3981898
19-May-15,2927.00,2935.00,2833.00,2847.00,5382908
18-May-15,2921.00,2969.50,2918.12,2925.00,2708209
15-May-15,2976.50,2990.00,2916.50,2930.50,5198874
14-May-15,2949.00,2977.00,2916.50,2955.00,3013908
13-May-15,2993.50,3033.50,2964.50,2978.50,3458287
12-May-15,3004.50,3056.00,2959.00,2995.00,4094684
11-May-15,2990.00,3061.50,2970.50,3032.50,4369733
8-May-15,2968.00,3015.50,2950.00,2998.50,4312697
7-May-15,2980.00,3000.00,2950.00,2967.50,4966083
6-May-15,3006.00,3036.00,2981.50,3008.00,4860988
5-May-15,3000.00,3050.00,2953.81,3011.00,7021367
1-May-15,2935.00,3043.00,2928.00,2997.00,5514469
30-Apr-15,2915.50,2923.50,2848.50,2885.00,5587607
29-Apr-15,2939.00,2945.50,2894.50,2915.50,5281212
28-Apr-15,2990.50,3013.50,2957.00,2979.50,5065587
27-Apr-15,3065.00,3072.00,2968.50,3014.00,4762160
24-Apr-15,2974.50,3040.00,2949.50,3003.50,6753439
23-Apr-15,2873.00,2960.50,2813.12,2958.00,5431847
22-Apr-15,2835.50,2866.00,2813.12,2863.50,5874554
21-Apr-15,2860.00,2861.50,2798.00,2812.00,3960527
20-Apr-15,2806.50,2883.50,2796.39,2874.00,3297731
17-Apr-15,2820.50,2869.50,2780.50,2801.00,4484985
16-Apr-15,2901.50,2912.00,2839.00,2842.00,4801436
15-Apr-15,2870.00,2946.00,2857.50,2912.00,4668850
14-Apr-15,2800.00,2903.00,2790.30,2892.50,6102920
13-Apr-15,2813.00,2847.00,2769.00,2814.00,3783344
10-Apr-15,2864.00,2881.00,2807.50,2837.00,3237814
9-Apr-15,2820.00,2874.00,1785.00,2852.50,3909945
8-Apr-15,2925.00,2941.46,2847.00,2853.50,4446497
7-Apr-15,2795.00,2865.20,2770.00,2862.00,4412802
2-Apr-15,2752.00,2788.95,2739.50,2751.00,3629658
1-Apr-15,2780.00,2812.50,2752.50,2762.00,5140533
31-Mar-15,2857.50,2874.00,2772.00,2772.00,4976633
30-Mar-15,2822.00,2859.50,2721.19,2816.50,3295695
27-Mar-15,2864.50,2873.06,2778.12,2809.50,4353620
26-Mar-15,2901.00,2975.50,2861.50,2877.00,3742183
25-Mar-15,2898.00,2945.87,2779.45,2926.00,3285580
24-Mar-15,2915.00,2943.25,2877.00,2884.00,3796385
23-Mar-15,2924.50,2953.50,2812.95,2942.50,3568290
20-Mar-15,2854.50,2918.50,2820.50,2914.50,5710854
19-Mar-15,2855.00,2893.00,2824.82,2845.50,3699280
18-Mar-15,2851.50,2865.00,2817.50,2830.50,4344973
17-Mar-15,2860.00,2910.24,2853.75,2873.50,4407312
16-Mar-15,2825.00,2855.54,2812.00,2848.00,3567122
13-Mar-15,2854.00,2873.50,2796.50,2809.50,4388240
12-Mar-15,2870.00,2921.50,2852.50,2857.00,4206076
11-Mar-15,2832.00,2855.00,2811.50,2844.00,3590144
10-Mar-15,2890.00,2894.50,2829.50,2830.00,4471097
9-Mar-15,2916.50,2917.50,2860.50,2910.50,3666507
6-Mar-15,2970.50,2973.00,2908.50,2917.50,4972603
5-Mar-15,2995.00,3020.00,2941.00,2985.00,4220215
4-Mar-15,3124.50,3133.00,3052.00,3073.50,4288199
3-Mar-15,3146.00,3192.47,3115.50,3135.00,3344835
2-Mar-15,3244.00,3248.22,3133.50,3154.00,3558580
27-Feb-15,3190.00,3203.50,3150.00,3192.00,2727445
26-Feb-15,3187.00,3250.00,3174.50,3192.00,3327605
25-Feb-15,3195.00,3232.50,3156.50,3170.50,2789400
24-Feb-15,3153.00,3237.41,3097.69,3193.50,3831443
23-Feb-15,3183.50,3217.00,3139.00,3150.50,4051877
20-Feb-15,3208.50,3280.00,3195.64,3237.50,5652071
19-Feb-15,3180.00,3241.00,3161.91,3220.00,5195025
18-Feb-15,3193.50,3274.67,3120.37,3201.50,3808436
17-Feb-15,3133.50,3253.00,3107.00,3180.00,5186157
16-Feb-15,3151.50,3178.50,3126.00,3163.50,2154334
13-Feb-15,3090.00,3162.00,3082.00,3151.50,5304482
12-Feb-15,3010.00,3098.00,2988.00,3039.50,5035218
11-Feb-15,3010.00,3071.40,2932.50,2971.50,3694780
10-Feb-15,3098.00,3100.00,2980.50,2992.50,5910023
9-Feb-15,3030.00,3103.00,3017.50,3095.00,3665967
6-Feb-15,3068.00,3074.50,3020.50,3028.50,3282957
5-Feb-15,3034.00,3101.00,3001.25,3080.50,3338880
4-Feb-15,3079.50,3131.00,3018.00,3053.50,5060781
3-Feb-15,3010.00,3080.00,2973.73,3076.00,6960993
2-Feb-15,2910.00,2963.00,2873.50,2961.00,4784975
30-Jan-15,2928.50,2959.00,2873.50,2925.00,5009718
29-Jan-15,2887.00,2926.50,2864.50,2886.00,3649613
28-Jan-15,2902.00,2913.50,2864.00,2894.50,3730312
27-Jan-15,2881.00,2925.00,2840.50,2872.50,3827540
26-Jan-15,2812.00,2966.50,2795.00,2887.50,3702824
23-Jan-15,2981.50,2982.17,2867.50,2883.00,4423017
22-Jan-15,2944.50,3009.00,2934.44,2966.50,4883578
21-Jan-15,2893.00,2924.50,2851.50,2924.50,3606116
20-Jan-15,2860.00,2885.50,2808.50,2885.50,3805585
19-Jan-15,2888.00,2891.00,2815.00,2856.00,2934692
16-Jan-15,2819.00,2895.00,2786.00,2888.50,4411363
15-Jan-15,2825.00,2849.50,2716.00,2842.50,6084959
14-Jan-15,2812.00,2815.00,2746.00,2804.50,6151897
13-Jan-15,2912.00,2928.50,2893.00,2920.00,3353749
12-Jan-15,2992.00,3000.00,2882.50,2924.50,3540445
9-Jan-15,3015.50,3021.00,2962.00,2985.00,2824861
8-Jan-15,3015.00,3039.00,2986.85,3027.50,2869036
7-Jan-15,2952.00,2982.50,2919.00,2962.50,2952875
6-Jan-15,2899.50,2975.50,2873.00,2944.50,4519406
5-Jan-15,2972.00,2990.00,2870.00,2883.50,3642341
31-Dec-14,2972.50,3008.00,2958.00,3000.00,1158324
30-Dec-14,2945.00,3007.00,2936.50,2993.50,3146736
29-Dec-14,2925.00,2987.00,2920.00,2966.00,2448670
24-Dec-14,2885.00,2896.00,2851.00,2887.50,458465
23-Dec-14,2840.00,2907.50,2814.10,2894.50,2324806
22-Dec-14,2891.50,2943.50,2851.50,2862.50,2142089
19-Dec-14,2841.50,2888.50,2808.00,2872.00,6361315
18-Dec-14,2857.00,2857.00,2762.96,2813.00,5108431
17-Dec-14,2675.00,2838.50,2651.18,2801.50,8362789
16-Dec-14,2617.00,2729.50,2600.00,2727.00,7191688
15-Dec-14,2666.50,2728.00,2613.00,2616.50,4004572
12-Dec-14,2706.50,2732.00,2680.00,2682.50,3854893
11-Dec-14,2785.50,2813.00,2721.27,2748.00,4143482
10-Dec-14,2847.00,2861.50,2797.50,2797.50,3188171
9-Dec-14,2826.00,2906.50,2791.00,2849.50,5739047
8-Dec-14,2880.00,2920.00,2863.50,2883.00,3310967
5-Dec-14,2895.50,2931.50,2876.50,2898.00,3622846
4-Dec-14,3011.00,3030.00,2876.82,2943.33,6228996
3-Dec-14,2970.00,3043.24,2963.00,3011.00,3226357
2-Dec-14,2957.00,3024.50,2940.00,2977.00,4468323
1-Dec-14,2870.00,2992.50,2855.00,2956.00,4354252
28-Nov-14,3036.00,3059.50,2969.00,2992.50,4086678
27-Nov-14,3013.00,3062.50,3000.50,3012.00,2995613
26-Nov-14,2995.50,3036.04,2980.00,3002.00,3276107
25-Nov-14,2965.00,2996.00,2929.00,2986.00,3910898
24-Nov-14,3024.50,3024.50,2967.00,2976.50,3904702
21-Nov-14,2877.50,3057.02,2827.76,3042.00,9723583
20-Nov-14,2886.00,2974.80,2814.50,2865.00,6074388
19-Nov-14,2946.50,2967.50,2920.00,2942.00,5290671
18-Nov-14,3025.00,3057.50,2996.50,3004.00,4374964
17-Nov-14,3031.00,3087.50,3025.28,3058.00,2284694
14-Nov-14,3040.00,3047.50,2981.50,3017.02,3095590
13-Nov-14,3020.00,3058.00,3006.78,3044.50,2573249
12-Nov-14,2970.00,3027.00,2960.59,3021.00,3641556
11-Nov-14,3010.00,3010.00,2937.00,2986.00,4385477
10-Nov-14,3049.00,3084.50,2998.50,3024.00,2790485
7-Nov-14,2992.00,3056.00,2991.00,3039.00,3924729
6-Nov-14,2950.00,2988.00,2942.00,2967.50,3257502
5-Nov-14,2963.00,2994.50,2934.00,2988.00,3175021
4-Nov-14,2953.00,2990.50,2935.50,2956.50,2736878
3-Nov-14,2958.50,3011.50,2943.50,2969.00,2743240
31-Oct-14,3020.00,3024.63,2927.50,2971.50,4038801
30-Oct-14,3008.00,3008.00,2915.50,2946.50,5500942
29-Oct-14,3050.00,3065.92,2980.00,2986.50,3726316
28-Oct-14,3006.00,3035.50,2997.00,3023.50,4051536
27-Oct-14,3038.50,3052.50,2957.00,2987.00,3683536
24-Oct-14,3046.50,3057.37,3000.00,3012.50,3740494
23-Oct-14,3062.00,3124.35,3013.50,3061.50,4840455
22-Oct-14,3149.00,3149.00,3074.30,3089.50,4352933
21-Oct-14,3085.00,3155.00,3070.50,3140.00,3596366
20-Oct-14,3105.00,3120.50,3073.50,3079.00,3643192
17-Oct-14,3092.50,3119.00,3040.00,3099.00,5312442
16-Oct-14,3125.00,3140.00,3011.50,3083.00,8562274
15-Oct-14,3164.00,3200.00,3043.10,3072.50,6234369
14-Oct-14,3195.00,3195.00,3133.67,3163.50,6053691
13-Oct-14,2980.00,3100.00,2965.70,3090.00,5704565
10-Oct-14,3000.50,3015.50,2955.50,2965.00,5512581
9-Oct-14,3065.00,3083.50,3003.08,3053.00,4919818
8-Oct-14,3040.00,3042.50,2969.25,2989.00,5683245
7-Oct-14,3180.00,3188.40,2940.00,3020.50,11548606
6-Oct-14,2955.00,3022.00,2935.50,2997.00,4281624
3-Oct-14,3013.50,3021.50,2926.50,2949.50,5135001
2-Oct-14,3021.00,3029.50,2950.00,2988.00,4732281
1-Oct-14,3033.50,3044.00,3010.00,3020.00,3295851
30-Sep-14,3054.00,3072.92,3018.00,3031.50,4838922
29-Sep-14,3063.00,3069.50,3025.50,3051.00,2920430
26-Sep-14,3104.50,3129.50,3070.92,3090.00,2372973
25-Sep-14,3165.00,3168.50,3090.00,3105.00,4391910
24-Sep-14,3160.00,3185.00,3119.50,3182.50,5176994
23-Sep-14,3109.50,3116.50,3057.00,3108.00,5307620
22-Sep-14,3130.50,3130.50,3052.00,3058.50,5247369
19-Sep-14,3215.00,3220.00,3167.50,3179.00,7076557
18-Sep-14,3229.50,3248.00,3202.00,3229.50,3272850
17-Sep-14,3264.00,3274.00,3232.00,3239.50,3312327
16-Sep-14,3230.00,3242.50,3202.00,3231.50,3114479
15-Sep-14,3201.00,3249.00,3184.50,3235.00,3243320
12-Sep-14,3205.00,3243.00,3163.83,3205.00,2699348
11-Sep-14,3219.00,3224.92,3191.00,3204.00,3222114
10-Sep-14,3210.00,3255.50,3199.50,3215.00,3423661
9-Sep-14,3235.00,3259.50,3195.50,3224.00,3783016
8-Sep-14,3212.00,3239.50,3197.00,3216.00,2612213
5-Sep-14,3214.50,3233.50,3178.00,3221.00,4068581
4-Sep-14,3250.00,3265.00,3219.50,3241.50,4202133
3-Sep-14,3225.00,3278.00,3204.00,3255.50,3440069
2-Sep-14,3249.50,3283.50,3231.00,3236.50,2823690
1-Sep-14,3220.00,3243.00,3205.50,3231.00,1925544
29-Aug-14,3227.50,3245.00,3200.50,3213.50,3504108
28-Aug-14,3278.00,3283.58,3201.00,3209.00,6702790
27-Aug-14,3366.00,3373.00,3315.00,3335.50,3010130
26-Aug-14,3370.00,3372.38,3322.00,3357.50,3718542
22-Aug-14,3426.50,3431.50,3369.50,3392.50,2347743
21-Aug-14,3430.00,3448.50,3365.41,3433.00,2359975
20-Aug-14,3425.00,3464.50,3395.00,3458.00,2847025
19-Aug-14,3422.50,3445.50,3378.00,3414.50,3604818
18-Aug-14,3420.50,3453.00,3395.08,3412.00,2443163
15-Aug-14,3395.00,3444.00,3395.00,3406.00,3561568
14-Aug-14,3397.00,3400.00,3350.00,3376.00,3400802
13-Aug-14,3440.00,3441.50,3400.00,3423.50,3200717
12-Aug-14,3498.00,3530.50,3479.50,3515.00,3803762
11-Aug-14,3420.00,3510.50,3403.55,3507.36,4654386
8-Aug-14,3360.00,3389.50,3281.37,3380.00,4131154
7-Aug-14,3450.00,3496.00,3361.00,3373.00,4998417
6-Aug-14,3335.00,3390.50,3310.50,3390.50,3397350
5-Aug-14,3385.50,3395.00,3345.00,3351.00,2261426
4-Aug-14,3397.00,3398.00,3357.50,3360.50,2314922
1-Aug-14,3378.00,3380.50,3292.50,3354.50,4653121
31-Jul-14,3433.00,3453.50,3377.50,3392.00,3794008
30-Jul-14,3473.50,3481.50,3419.58,3434.00,3316392
29-Jul-14,3429.50,3488.03,3428.95,3475.00,2924558
28-Jul-14,3430.00,3470.50,3383.00,3422.50,2993274
25-Jul-14,3415.00,3452.00,3409.18,3419.00,2777448
24-Jul-14,3400.00,3446.50,3371.00,3441.50,3995511
23-Jul-14,3329.00,3399.00,3329.00,3391.00,4065326
22-Jul-14,3315.00,3355.54,3313.50,3337.00,3314507
21-Jul-14,3300.00,3303.12,3264.50,3289.50,1801152
18-Jul-14,3295.00,3298.00,3251.50,3295.00,3062708
17-Jul-14,3334.50,3348.00,3302.00,3315.33,3243005
16-Jul-14,3301.00,3349.00,3284.00,3334.50,4190660
15-Jul-14,3270.00,3299.00,3239.00,3244.50,3116241
14-Jul-14,3214.00,3252.50,3205.00,3242.00,1568567
11-Jul-14,3201.50,3209.85,3153.00,3195.48,2901287
10-Jul-14,3250.00,3267.50,3196.00,3214.00,3068392
9-Jul-14,3269.50,3275.50,3223.00,3261.00,2595368
8-Jul-14,3300.00,3325.00,3258.50,3258.50,3673765
7-Jul-14,3270.00,3278.50,3236.00,3262.50,2215068
4-Jul-14,3280.00,3312.50,3263.00,3287.00,1535372
3-Jul-14,3260.00,3309.00,3243.00,3297.50,3662401
2-Jul-14,3216.00,3262.50,3201.60,3239.50,3109691
1-Jul-14,3180.00,3218.50,3174.82,3202.50,4010156
30-Jun-14,3110.00,3129.50,3096.00,3108.19,1961887
27-Jun-14,3138.00,3138.50,3109.00,3123.00,2087359
26-Jun-14,3130.00,3169.50,3126.00,3135.50,2802295
25-Jun-14,3081.50,3140.91,3042.50,3097.50,3221695
24-Jun-14,3126.50,3141.00,3068.00,3096.00,2979943
23-Jun-14,3138.00,3183.50,3115.50,3127.00,4038554
20-Jun-14,3081.00,3122.50,3077.50,3077.50,6315571
19-Jun-14,3123.50,3130.50,3070.81,3080.00,2913549
18-Jun-14,3061.00,3093.50,3055.00,3079.81,2507877
17-Jun-14,3029.00,3065.32,3002.50,3049.00,3517438
16-Jun-14,3026.00,3059.00,3024.00,3025.00,2999005
13-Jun-14,3040.00,3085.70,3011.00,3017.50,3565849
12-Jun-14,3120.00,3124.50,3044.50,3058.00,5495612
11-Jun-14,3143.00,3167.50,3130.50,3151.61,2142762
10-Jun-14,3160.00,3172.50,3134.72,3148.50,2364760
9-Jun-14,3178.50,3200.50,3164.00,3172.50,2463314
6-Jun-14,3137.50,3186.00,3133.00,3168.50,2883827
5-Jun-14,3130.00,3158.00,3110.00,3144.00,2422392
4-Jun-14,3115.00,3161.50,3100.00,3129.31,3522409
3-Jun-14,3109.00,3141.50,3082.50,3119.00,3350860
2-Jun-14,3100.50,3130.00,3093.92,3119.84,2866929
30-May-14,3152.50,3157.00,3047.50,3057.00,7713725
29-May-14,3170.00,3188.50,3159.77,3188.50,1892883
28-May-14,3235.00,3235.00,3167.00,3177.34,3821987
27-May-14,3283.50,3285.00,3230.00,3235.84,3629747
23-May-14,3230.00,3263.00,3192.50,3257.50,2291918
22-May-14,3226.50,3256.00,3164.94,3230.32,2843520
21-May-14,3171.00,3203.50,3154.50,3189.50,3410483
20-May-14,3219.00,3242.00,3186.50,3203.00,3451283
19-May-14,3211.00,3246.00,3208.00,3225.00,3723708
16-May-14,3324.50,3345.00,3260.50,3286.66,4707856
15-May-14,3360.00,3410.50,3336.49,3369.00,3566860
14-May-14,3332.50,3390.00,3313.00,3374.17,3480383
13-May-14,3348.00,3372.50,3308.00,3330.50,3728102
12-May-14,3247.00,3364.00,3246.50,3340.17,6028295
9-May-14,3220.00,3255.50,3188.50,3189.00,3611933
8-May-14,3250.00,3258.00,3202.00,3205.00,3771508
7-May-14,3183.00,3250.00,3173.50,3247.00,3050221
6-May-14,3237.50,3241.00,3187.50,3215.16,2687616
2-May-14,3205.00,3248.00,3184.00,3247.00,2843147
1-May-14,3150.00,3217.00,3150.00,3200.00,1757283
30-Apr-14,3199.50,3242.00,3187.00,3224.82,3646021
29-Apr-14,3194.50,3220.32,3154.00,3220.00,3341500
28-Apr-14,3247.00,3252.00,3175.50,3185.50,3691343
25-Apr-14,3282.50,3303.50,3256.50,3278.66,2180654
24-Apr-14,3268.50,3303.00,3249.58,3278.50,3052105
23-Apr-14,3261.50,3279.00,3243.00,3249.00,2330804
22-Apr-14,3257.00,3286.50,3236.00,3257.33,3279042
17-Apr-14,3303.00,3315.74,3247.50,3288.50,2774540
16-Apr-14,3325.50,3349.00,3279.00,3305.50,3341035
15-Apr-14,3364.00,3385.00,3291.00,3302.17,3499781
14-Apr-14,3320.00,3409.50,3311.50,3408.34,3841180
11-Apr-14,3349.50,3370.00,3299.50,3330.50,3936510
10-Apr-14,3402.50,3431.50,3359.00,3382.50,2987982
9-Apr-14,3430.00,3451.00,3381.00,3392.66,3749314
8-Apr-14,3380.00,3435.00,3343.00,3426.50,4917081
7-Apr-14,3362.00,3397.00,3321.00,3343.50,2721555
4-Apr-14,3333.50,3409.32,3330.00,3380.50,3027780
3-Apr-14,3355.00,3380.00,3297.50,3316.00,4024522
2-Apr-14,3375.00,3392.50,3359.50,3376.66,4500587
1-Apr-14,3363.50,3400.00,3337.50,3375.34,3474988
31-Mar-14,3309.50,3362.50,3304.50,3337.33,4925855
28-Mar-14,3300.00,3349.50,3249.00,3279.50,3120168
27-Mar-14,3297.00,3300.00,3238.50,3274.84,3723405
26-Mar-14,3308.50,3347.50,3298.00,3303.67,5691328
25-Mar-14,3248.50,3300.00,3230.50,3283.00,4470752
24-Mar-14,3236.50,3249.20,3179.00,3189.00,3010010
21-Mar-14,3174.50,3223.50,3169.00,3207.00,6143825
20-Mar-14,3132.50,3164.50,3105.00,3157.00,4119901
19-Mar-14,3178.00,3200.00,3132.50,3144.34,3476578
18-Mar-14,3183.50,3219.00,3151.00,3190.00,2627251
17-Mar-14,3148.50,3213.00,3143.00,3179.50,3245098
14-Mar-14,3107.00,3158.00,3102.50,3140.50,4435887
13-Mar-14,3220.00,3241.50,3160.00,3161.68,4915409
12-Mar-14,3132.00,3194.00,3108.50,3173.50,5718348
11-Mar-14,3177.00,3203.00,3130.50,3154.68,4926382
10-Mar-14,3132.00,3202.50,3104.00,3140.00,7474267
7-Mar-14,3290.00,3309.00,3174.50,3200.00,5978958
6-Mar-14,3293.50,3329.00,3270.50,3310.50,3189059
5-Mar-14,3315.50,3330.50,3263.50,3277.52,4702098
4-Mar-14,3399.00,3405.00,3338.00,3381.50,3358040
3-Mar-14,3349.00,3369.50,3316.50,3350.16,4203412
28-Feb-14,3453.00,3473.50,3399.00,3433.53,4086893
27-Feb-14,3400.00,3466.50,3367.00,3460.78,3606745
26-Feb-14,3422.50,3450.00,3397.00,3407.50,4341032
25-Feb-14,3468.00,3486.50,3394.50,3439.00,9031569
24-Feb-14,3565.00,3576.00,3523.00,3536.85,5029053
21-Feb-14,3603.00,3642.00,3558.50,3601.00,4767795
20-Feb-14,3535.00,3593.50,3534.00,3593.50,4990596
19-Feb-14,3575.00,3629.00,3548.50,3627.50,4477931
18-Feb-14,3580.00,3580.00,3516.00,3680.56,5389368
17-Feb-14,3531.50,3571.50,3502.50,3559.00,3357798
14-Feb-14,3468.00,3529.50,3466.50,3516.00,5002410
13-Feb-14,3562.50,3583.00,3394.50,3497.50,10520760
12-Feb-14,3485.00,3527.00,3461.50,3510.00,7279152
11-Feb-14,3398.50,3460.00,3360.00,3460.00,4455389
10-Feb-14,3423.50,3434.50,3375.50,3382.00,2996628
7-Feb-14,3350.00,3419.50,3346.00,3403.77,4510775
6-Feb-14,3294.50,3345.00,3263.00,3338.50,3837355
5-Feb-14,3239.50,3286.50,3203.50,3273.50,3614238
4-Feb-14,3197.50,3250.50,3182.00,3240.00,4366990
3-Feb-14,3255.00,3297.00,3207.50,3219.00,3636985
31-Jan-14,3223.50,3255.00,3192.00,3243.50,3483497
30-Jan-14,3228.50,3264.50,3201.50,3240.50,2977299
29-Jan-14,3266.50,3296.00,3179.00,3247.50,4664367
28-Jan-14,3169.50,3234.50,3169.50,3213.00,4351816
27-Jan-14,3130.00,3185.50,3112.50,3140.00,4874293
24-Jan-14,3210.00,3230.00,3136.50,3142.75,4943228
23-Jan-14,3215.00,3279.00,3203.00,3217.00,3753744
22-Jan-14,3241.50,3320.00,3234.00,3246.00,3882187
21-Jan-14,3321.00,3328.00,3222.50,3231.50,5382548
20-Jan-14,3344.00,3398.00,3329.50,3336.00,4049914
17-Jan-14,3343.50,3419.50,3342.00,3383.00,6262050
16-Jan-14,3275.00,3396.50,3265.00,3334.50,7504400
15-Jan-14,3196.00,3255.50,3180.00,3254.00,4343569
14-Jan-14,3159.50,3175.50,3134.50,3168.00,2469530
13-Jan-14,3161.00,3195.00,3145.00,3177.00,2799803
10-Jan-14,3115.00,3190.00,3072.00,3140.00,5583508
9-Jan-14,3193.50,3200.00,3104.00,3115.00,4555307
8-Jan-14,3205.00,3222.00,3186.50,3190.00,3902862
7-Jan-14,3246.50,3268.50,3204.50,3215.00,3485535
6-Jan-14,3355.00,3360.00,3261.00,3266.00,3371495
3-Jan-14,3370.00,3381.50,3338.50,3370.00,2018234
2-Jan-14,3405.00,3411.00,3326.00,3370.34,2847527
31-Dec-13,3399.00,3417.50,3392.00,3409.50,510579
30-Dec-13,3360.00,3420.00,3360.00,3409.00,1796236
27-Dec-13,3251.50,3390.00,3251.50,3379.00,1830720
24-Dec-13,3320.50,3326.00,3296.00,3325.00,304894
23-Dec-13,3318.00,3328.50,3293.50,3318.50,2060048
20-Dec-13,3284.00,3313.50,3249.00,3313.50,6844493
19-Dec-13,3265.00,3290.50,3244.00,3287.00,3141019
18-Dec-13,3231.00,3293.00,3231.00,3248.50,2386632
17-Dec-13,3218.00,3282.00,3197.00,3255.00,2994271
16-Dec-13,3168.00,3243.00,3125.00,3218.50,2157107
13-Dec-13,3174.00,3191.00,3123.50,3180.00,2575573
12-Dec-13,3180.00,3246.00,3161.50,3192.00,3175349
11-Dec-13,3235.00,3283.00,3205.00,3213.50,3165295
10-Dec-13,3270.00,3285.50,3243.00,3256.00,2279865
9-Dec-13,3302.00,3302.00,3247.50,3290.50,2184193
6-Dec-13,3285.50,3320.00,3259.50,3305.33,3021965
5-Dec-13,3258.00,3325.50,3225.50,3268.50,3359496
4-Dec-13,3218.00,3283.00,3218.00,3248.17,3316810
3-Dec-13,3210.00,3235.00,3150.50,3200.00,3055788
2-Dec-13,3256.00,3280.00,3220.00,3231.00,2188146
29-Nov-13,3248.50,3315.50,3245.50,3261.50,3483481
28-Nov-13,3195.00,3294.50,3174.50,3261.00,4145270
27-Nov-13,3104.50,3174.00,3100.00,3139.00,2518598
26-Nov-13,3165.50,3184.50,3097.50,3110.00,3204307
25-Nov-13,3199.50,3220.00,3154.00,3164.00,1807666
22-Nov-13,3250.50,3257.50,3182.00,3194.00,2560420
21-Nov-13,3263.00,3301.50,3243.50,3246.50,2416593
20-Nov-13,3226.50,3318.00,3216.50,3300.00,2572510
19-Nov-13,3247.00,3279.50,3201.00,3259.00,2116112
18-Nov-13,3292.00,3293.50,3223.50,3264.50,2019405
15-Nov-13,3241.00,3270.50,3212.00,3253.50,2828048
14-Nov-13,3247.00,3262.00,3190.00,3229.00,2646815
13-Nov-13,3242.50,3253.00,3162.50,3194.50,3883520
12-Nov-13,3274.00,3278.00,3241.50,3267.00,2117998
11-Nov-13,3276.00,3286.00,3243.00,3274.00,1984044
8-Nov-13,3246.50,3321.00,3240.00,3319.00,2306523
7-Nov-13,3308.50,3381.00,3273.00,3294.00,3085599
6-Nov-13,3342.50,3380.50,3322.00,3325.00,2639640
5-Nov-13,3299.00,3379.50,3295.50,3330.50,4896567
4-Nov-13,3206.50,3295.00,3206.50,3289.50,3021951
1-Nov-13,3159.00,3220.00,3138.50,3184.00,2809791
31-Oct-13,3192.00,3210.00,3153.00,3158.00,2967293
30-Oct-13,3205.50,3237.00,3191.00,3200.50,1591454
29-Oct-13,3171.50,3219.50,3147.50,3193.50,2047365
28-Oct-13,3247.00,3251.00,3178.50,3192.50,1979703
25-Oct-13,3214.00,3243.50,3188.00,3222.50,2186149
24-Oct-13,3221.00,3252.50,3209.00,3235.00,1934168
23-Oct-13,3243.50,-,-,3220.00,2895500
22-Oct-13,3227.00,3294.50,3222.00,3261.50,2950644
21-Oct-13,3224.50,3255.50,3212.00,3242.00,2070428
18-Oct-13,3203.00,3241.50,3190.50,3220.00,2593702
17-Oct-13,3196.50,3215.50,3168.00,3191.50,2025898
16-Oct-13,3204.50,3229.00,3177.00,3215.00,2724630
15-Oct-13,3160.00,3220.00,3149.50,3215.00,4710246
14-Oct-13,3062.00,3090.50,3050.50,3084.00,2013716
11-Oct-13,3053.00,3085.00,3019.50,3079.50,2139673
10-Oct-13,2969.00,3034.50,2958.00,3015.00,2553568
9-Oct-13,2980.00,3000.50,2937.50,2957.50,2877296
8-Oct-13,2996.00,2996.50,2935.00,2976.50,2671455
7-Oct-13,2992.50,3005.00,2952.50,3000.00,2027514
4-Oct-13,3005.00,3024.00,2969.00,3010.00,1832331
3-Oct-13,3022.00,3062.50,2988.50,3000.00,2209427
2-Oct-13,2971.50,3036.00,2942.50,3028.00,2578968
1-Oct-13,3024.00,3032.50,2963.00,2996.00,2396621
30-Sep-13,3016.00,3031.50,2976.50,3023.00,3144334
27-Sep-13,3134.00,3136.50,3045.00,3067.00,3049011
26-Sep-13,3129.00,3166.00,3118.50,3140.50,2152158
25-Sep-13,3095.00,3146.00,3086.00,3139.00,3010281
24-Sep-13,3090.50,3117.50,3062.00,3106.50,2576649
20-Sep-13,3145.00,3166.50,3096.50,3102.50,3305946
19-Sep-13,3221.50,3229.00,3141.50,3141.50,4067677
18-Sep-13,3130.00,3135.50,3086.00,3111.50,3112596
17-Sep-13,3152.00,3177.00,3133.00,3151.00,2676769
16-Sep-13,3190.00,3206.00,3158.50,3182.50,2200537
13-Sep-13,3170.00,3174.00,3105.50,3143.00,2944227
12-Sep-13,3203.00,3227.00,3152.00,3203.58,3353525
11-Sep-13,3222.00,3259.50,3186.00,3207.00,3386576
10-Sep-13,3184.50,3233.00,3178.00,3217.50,4675841
9-Sep-13,3114.00,3147.50,3109.50,3130.50,2874138
6-Sep-13,3088.00,3126.00,3065.00,3097.00,2449021
5-Sep-13,3080.00,3118.50,3061.00,3098.50,2421584
4-Sep-13,3100.00,3100.00,3046.00,3080.00,2803403
3-Sep-13,3086.00,3087.00,3018.50,3058.50,3199165
2-Sep-13,2990.00,3064.50,2976.00,3035.00,3340633
30-Aug-13,2949.00,2961.50,2908.50,2913.00,2986644
29-Aug-13,2990.00,2993.00,2931.00,2945.50,2064353
28-Aug-13,2954.00,2980.00,2927.00,2975.00,2741676
27-Aug-13,3010.00,3039.00,2977.00,2992.50,3182640
23-Aug-13,3034.00,3099.50,3024.00,3069.00,2320226
22-Aug-13,2988.00,3061.50,2982.00,3043.50,3121969
21-Aug-13,3005.00,3035.50,2973.00,2987.00,2712073
20-Aug-13,3020.00,3055.50,2973.00,3049.50,3381442
19-Aug-13,3070.00,3090.00,3043.00,3055.00,2318682
16-Aug-13,3088.50,3142.00,3082.00,3104.50,3808826
15-Aug-13,3179.00,3179.00,3076.00,3103.00,3518446
14-Aug-13,3195.00,3220.00,3167.00,3193.50,3285755
13-Aug-13,3195.00,3271.00,3195.00,3263.00,6866234
12-Aug-13,3178.50,3229.50,3144.00,3192.00,4259692
9-Aug-13,3041.00,3173.00,3028.50,3167.50,5330430
8-Aug-13,2955.00,3024.50,2905.00,3016.50,4222186
7-Aug-13,2961.50,2979.00,2918.50,2953.50,3434070
6-Aug-13,3033.00,3035.50,2965.00,2999.50,3273892
5-Aug-13,3041.00,3070.00,3020.00,3045.50,3394786
2-Aug-13,3035.00,3051.50,2997.00,3036.00,4264298
1-Aug-13,2990.50,3040.00,2983.50,3038.00,3531197
31-Jul-13,2955.50,3003.00,2942.50,2962.19,4077387
30-Jul-13,2939.50,2964.50,2931.50,2958.00,3173997
29-Jul-13,2920.00,2958.50,2894.50,2956.00,2434599
26-Jul-13,2926.50,2955.50,2902.00,2920.00,2745352
25-Jul-13,2956.00,2956.00,2880.50,2915.00,3859383
24-Jul-13,2990.00,3047.50,2944.50,2970.50,4550164
23-Jul-13,2927.50,3000.00,2909.50,3000.00,4850764
22-Jul-13,2918.50,2940.00,2874.00,2902.50,2363869
19-Jul-13,2900.50,2964.00,2867.00,2917.50,4111311
18-Jul-13,2906.00,2957.00,2890.50,2948.50,2764317
17-Jul-13,2902.50,2949.00,2878.50,2915.00,3533878
16-Jul-13,2855.00,2913.67,2838.00,2883.00,4553085
15-Jul-13,2819.50,2881.00,2798.00,2806.50,2809270
12-Jul-13,2835.00,2841.50,2768.50,2799.00,3127903
11-Jul-13,2817.50,2883.00,2807.50,2833.50,5979052
10-Jul-13,2732.50,2737.00,2694.00,2709.50,2762802
9-Jul-13,2700.00,2764.00,2700.00,2736.50,3216242
8-Jul-13,2658.00,2689.48,2638.38,2669.50,2429078
5-Jul-13,2752.00,2758.44,2622.25,2636.00,5318537
4-Jul-13,2675.00,2792.50,2674.00,2757.50,3227477
3-Jul-13,2650.00,2660.00,2605.00,2649.00,3075958
2-Jul-13,2748.00,2774.50,2684.00,2693.50,3066782
1-Jul-13,2698.00,2749.00,2665.50,2734.50,3016332
28-Jun-13,2708.50,2738.00,2665.00,2683.00,3825327
27-Jun-13,2653.00,2734.50,2640.50,2702.50,3829384
26-Jun-13,2660.00,2667.00,2615.00,2649.50,4231855
25-Jun-13,2614.00,2665.50,2587.00,2649.00,4147613
24-Jun-13,2640.00,2658.95,2579.22,2582.00,3676688
21-Jun-13,2698.00,2735.00,2671.05,2674.00,6683035
20-Jun-13,2726.97,2726.97,2652.00,2674.50,6568474
19-Jun-13,2829.50,2880.50,2738.94,2800.50,4812567
18-Jun-13,2774.50,2816.00,2764.50,2811.00,3618647
17-Jun-13,2780.00,2816.50,2771.00,2795.50,2349905
14-Jun-13,2814.50,2859.50,2778.00,2786.00,4395685
13-Jun-13,2636.00,2782.50,2633.00,2759.50,5360866
12-Jun-13,2679.50,2735.00,2674.00,2690.00,3915571
11-Jun-13,2709.50,2715.05,2638.50,2702.50,6391973
10-Jun-13,2790.00,2799.00,2711.50,2740.00,3684046
7-Jun-13,2737.00,2816.00,2715.00,2808.00,4908116
6-Jun-13,2790.00,2810.50,2741.50,2747.50,4642069
5-Jun-13,2854.67,2892.00,2806.00,2815.00,3741676
4-Jun-13,2905.50,2927.50,2873.22,2882.00,3319816
3-Jun-13,2857.00,2911.00,2845.97,2880.00,4585289
31-May-13,2934.00,2934.00,2856.17,2857.00,9127922
30-May-13,2850.00,2958.00,2835.00,2933.00,4028283
29-May-13,2880.00,2926.00,2846.50,2860.50,5104994
28-May-13,2807.23,2899.00,2800.00,2880.50,4758993
24-May-13,2909.50,2921.31,2862.00,2867.00,3601901
23-May-13,2901.92,2951.50,2889.00,2913.00,5241527
22-May-13,2978.00,3072.00,2940.00,3042.50,4926204
21-May-13,2906.00,3023.00,2905.00,2979.00,6376117
20-May-13,2873.00,2912.50,2859.00,2903.50,2758301
17-May-13,2892.00,2929.50,2864.00,2899.50,4080599
16-May-13,2901.50,2918.50,2832.00,2878.00,4630748
15-May-13,2964.50,2964.50,2895.00,2914.00,4412579
14-May-13,3000.00,3003.75,2922.00,2967.50,4007711
13-May-13,3043.50,3076.88,2993.00,3001.00,2076185
10-May-13,3093.00,3136.50,3023.50,3037.00,3452675
9-May-13,3090.00,3123.50,3068.00,3091.00,2275955
8-May-13,3112.00,3134.00,3062.00,3101.00,3477730
7-May-13,3099.50,3113.00,3049.50,3072.50,4467073
3-May-13,2920.00,3053.00,2914.48,3022.50,5093447
2-May-13,2865.00,2911.00,2841.00,2905.00,3289930
1-May-13,2945.00,2975.00,2889.50,2907.00,1964709
30-Apr-13,2970.50,3018.50,2895.00,2919.00,4530215
29-Apr-13,2970.00,2995.64,2958.50,2972.00,2649621
26-Apr-13,3016.00,3016.39,2945.50,2959.50,3227301
25-Apr-13,3006.50,3063.00,2983.00,3042.00,4140486
24-Apr-13,2924.50,3069.00,2924.00,3000.50,4670444
23-Apr-13,2867.50,2938.00,2841.50,2909.00,4462930
22-Apr-13,2933.00,2959.00,2867.00,2888.50,3170783
19-Apr-13,2930.00,2972.50,2893.50,2920.00,4072345
18-Apr-13,2820.00,2900.00,2805.50,2878.00,4483713
17-Apr-13,2945.00,2954.00,2834.50,2854.50,5483705
16-Apr-13,2995.00,3043.50,2957.25,2961.50,5037865
15-Apr-13,3000.00,3010.50,2944.00,2973.00,6058599
12-Apr-13,3110.00,3136.50,3066.00,3080.50,3821800
11-Apr-13,3141.00,3177.00,3103.00,3140.00,3494144
10-Apr-13,3176.50,3195.00,3139.00,3139.00,3268500
9-Apr-13,3100.00,3154.00,3065.00,3135.00,5108804
8-Apr-13,2968.00,2998.31,2928.00,2991.50,2842672
5-Apr-13,3017.00,3031.50,2932.00,2951.00,4453380
4-Apr-13,3011.50,3085.50,3000.50,3014.00,3144900
3-Apr-13,3030.50,3086.00,3000.00,3024.50,3436404
2-Apr-13,3072.50,3105.00,3042.00,3085.00,2758302
28-Mar-13,3112.50,3141.17,3073.00,3085.00,4235696
27-Mar-13,3150.00,3156.50,3095.50,3104.50,3450053
26-Mar-13,3061.50,3119.00,3045.00,3085.50,3218499
25-Mar-13,3143.00,3155.00,3059.00,3069.50,3500133
22-Mar-13,3138.00,3175.00,3108.50,3108.50,3355404
21-Mar-13,3160.00,3165.50,3101.00,3144.50,3665900
20-Mar-13,3129.50,3160.00,3117.50,3135.00,4119868
19-Mar-13,3198.00,3214.00,3092.00,3107.00,6817899
18-Mar-13,3253.50,3299.50,3227.00,3277.00,2982826
15-Mar-13,3324.50,3378.00,3300.00,3312.00,5058816
14-Mar-13,3385.00,3389.50,3294.00,3319.69,5187721
13-Mar-13,3431.50,3462.00,3354.50,3377.00,3411335
12-Mar-13,3400.00,3484.00,3395.00,3458.20,2713471
11-Mar-13,3415.50,3438.00,3399.50,3438.00,1765828
8-Mar-13,3483.00,3488.50,3395.50,3425.50,4111424
7-Mar-13,3404.00,3480.00,3388.50,3450.00,3923442
6-Mar-13,3377.00,3408.00,3362.99,3369.00,3138899
5-Mar-13,3361.00,3471.51,3350.00,3438.50,5161644
4-Mar-13,3380.00,3397.00,3305.00,3316.00,6791556
1-Mar-13,3525.00,3526.50,3395.00,3442.00,4076383
28-Feb-13,3595.00,3595.00,3497.55,3539.40,3835801
27-Feb-13,3520.50,3544.50,3457.00,3535.00,2951195
26-Feb-13,3480.00,3525.50,3465.00,3500.00,5136766
25-Feb-13,3515.50,3543.00,3490.89,3529.50,3843855
22-Feb-13,3555.00,3591.82,3464.50,3476.00,5090524
21-Feb-13,3592.00,3652.08,3518.00,3518.50,5075900
20-Feb-13,3713.50,3747.00,3615.50,3646.50,4285637
19-Feb-13,3710.00,3738.55,3661.50,3713.50,3234068
18-Feb-13,3737.00,3786.37,3682.50,3711.00,2209000
15-Feb-13,3719.00,3767.54,3714.64,3733.50,2957529
14-Feb-13,3817.00,3872.61,3685.50,3745.50,6114299
13-Feb-13,3710.00,3789.00,3705.31,3761.81,4425955
12-Feb-13,3653.50,3675.00,3643.50,3670.00,2151516
11-Feb-13,3640.00,3676.00,3627.50,3656.00,1331030
8-Feb-13,3670.50,3688.50,3653.50,3658.00,2080701
7-Feb-13,3654.50,3687.50,3619.50,3660.00,3450306
6-Feb-13,3645.50,3684.65,3617.00,3660.00,2135803
5-Feb-13,3604.50,3651.50,3604.50,3625.00,2711604
4-Feb-13,3684.00,3693.50,3590.50,3615.00,3031132
1-Feb-13,3564.00,3685.00,3564.00,3679.00,3280735
31-Jan-13,3534.00,3602.00,3529.00,3560.00,2924081
30-Jan-13,3611.00,3623.00,3519.00,3552.00,3709362
29-Jan-13,3521.00,3585.50,3514.00,3575.50,2399761
28-Jan-13,3520.00,3539.25,3494.50,3506.00,1947112
25-Jan-13,3547.50,3560.50,3491.00,3518.00,3216389
24-Jan-13,3539.50,3580.00,3511.50,3575.00,2792091
23-Jan-13,3529.00,3564.69,3496.50,3501.00,2614629
22-Jan-13,3579.50,3584.12,3488.00,3537.50,2796687
21-Jan-13,3537.00,3567.00,3372.42,3555.00,1961088
18-Jan-13,3509.50,3546.00,3474.00,3502.50,5759879
17-Jan-13,3300.00,3444.00,3293.40,3439.50,10004214
16-Jan-13,3473.50,3481.50,3434.50,3458.00,3345300
15-Jan-13,3467.00,3546.00,3450.00,3490.00,3099541
14-Jan-13,3467.00,3521.50,3455.00,3473.50,2861736
11-Jan-13,3494.00,3495.10,3419.50,3468.00,3855682
10-Jan-13,3560.00,3577.00,3503.50,3511.50,3399377
9-Jan-13,3555.00,3591.00,3511.00,3548.00,3494075
8-Jan-13,3555.50,3558.00,3524.50,3547.00,3168617
7-Jan-13,3610.50,3610.50,3560.65,3574.50,2768981
4-Jan-13,3648.00,3648.00,3584.00,3613.00,3100214
3-Jan-13,3690.00,3691.00,3614.77,3658.50,2794869
2-Jan-13,3606.00,3726.50,3606.00,3691.00,4935655
