31-Dec-15,4135.00,4167.00,4115.00,4125.00,78487
30-Dec-15,4127.00,4157.00,4111.00,4138.00,70573
29-Dec-15,4033.00,4138.00,4003.00,4137.00,136597
24-Dec-15,4068.00,4091.00,4021.00,4023.00,19719
23-Dec-15,4007.00,4052.00,3992.00,4045.00,166312
22-Dec-15,3985.00,4011.00,3910.00,3974.00,193534
21-Dec-15,3947.00,4008.00,3932.00,3941.00,206667
18-Dec-15,4046.00,4046.00,3951.00,3960.00,183000
16-Dec-15,3987.00,4016.00,3963.00,4007.00,150708
15-Dec-15,3955.00,3977.00,3893.00,3957.00,170169
14-Dec-15,3891.00,3939.00,3879.00,3914.00,204072
11-Dec-15,3980.00,3980.00,3879.00,3891.00,187149
10-Dec-15,3969.00,3991.00,3892.00,3964.00,107013
9-Dec-15,4023.00,4047.00,3936.00,3955.00,140095
8-Dec-15,4104.00,4109.00,3984.00,3996.00,224826
7-Dec-15,4053.00,4115.00,4053.00,4086.00,138891
4-Dec-15,4090.00,4105.00,4031.00,4044.00,199325
3-Dec-15,4098.00,4180.70,4084.00,4116.00,223135
2-Dec-15,4084.00,4112.00,4074.00,4097.00,93344
1-Dec-15,4009.00,4072.00,4009.00,4053.00,142562
30-Nov-15,3946.00,4018.00,3914.00,4001.00,172088
27-Nov-15,3876.00,3943.00,3860.00,3939.00,84657
26-Nov-15,3850.00,3892.00,3820.00,3879.00,104489
25-Nov-15,3822.00,3885.00,3817.95,3850.00,129099
24-Nov-15,3876.00,3876.00,3770.00,3799.00,138502
23-Nov-15,3887.00,3895.00,3839.00,3871.00,128968
20-Nov-15,3880.00,3910.79,3865.00,3891.00,121489
19-Nov-15,3923.00,3961.56,3874.00,3887.00,116334
18-Nov-15,3923.00,3938.00,3875.00,3885.00,106713
17-Nov-15,3944.00,3956.00,3900.00,3930.00,152557
16-Nov-15,3828.00,3917.00,3816.32,3900.00,146069
13-Nov-15,3883.00,3890.00,3850.00,3873.00,97120
12-Nov-15,3887.00,3924.00,3879.00,3900.00,98405
11-Nov-15,3880.00,3920.00,3851.00,3899.00,65929
10-Nov-15,3873.00,3879.00,3846.00,3875.00,85319
9-Nov-15,3885.00,3909.00,3836.00,3836.00,87900
6-Nov-15,3894.00,3919.00,3842.00,3901.00,96068
5-Nov-15,3856.00,3914.00,3826.00,3894.00,89232
4-Nov-15,3849.00,3864.00,3800.00,3854.00,100160
3-Nov-15,3864.00,3886.00,3850.00,3851.00,84303
2-Nov-15,3821.00,3900.84,3820.12,3864.00,94422
30-Oct-15,3858.00,3858.00,3801.00,3839.00,137037
29-Oct-15,3805.00,3854.00,3805.00,3853.00,125682
28-Oct-15,3783.00,3814.00,3771.00,3810.00,117743
27-Oct-15,3821.00,3845.00,3782.00,3782.00,98536
26-Oct-15,3818.00,3818.00,3765.00,3810.00,84376
23-Oct-15,3755.00,3800.00,3745.00,3800.00,100839
22-Oct-15,3713.00,3736.00,3690.83,3730.00,94724
21-Oct-15,3743.00,3746.00,3673.00,3732.00,88618
20-Oct-15,3709.00,3765.00,3709.00,3734.00,97203
19-Oct-15,3651.00,3711.00,3649.00,3706.00,102970
16-Oct-15,3617.00,3656.00,3604.00,3650.00,134885
15-Oct-15,3524.00,3609.00,3514.00,3596.00,175122
14-Oct-15,3480.00,3521.95,3473.90,3504.00,106520
13-Oct-15,3519.00,3539.00,3487.00,3507.00,101943
12-Oct-15,3503.00,3517.00,3467.00,3510.00,145777
9-Oct-15,3523.00,3538.00,3481.00,3506.00,180311
8-Oct-15,3529.00,3599.00,3500.00,3525.00,172861
7-Oct-15,3786.00,3786.00,3579.50,3585.00,180683
6-Oct-15,3780.00,3793.00,3755.00,3755.00,115357
5-Oct-15,3719.00,3763.00,3719.00,3760.00,113535
2-Oct-15,3658.00,3704.00,3626.00,3666.00,166347
1-Oct-15,3703.00,3718.00,3633.00,3639.00,137394
30-Sep-15,3713.00,3713.00,3641.00,3648.00,272187
29-Sep-15,3720.00,3723.00,3631.00,3636.00,239695
28-Sep-15,3815.00,3839.00,3764.00,3764.00,107141
25-Sep-15,3747.00,3833.00,3734.00,3826.00,162519
24-Sep-15,3717.00,3750.00,3697.00,3700.00,138623
23-Sep-15,3704.00,3725.00,3651.00,3720.00,103821
22-Sep-15,3761.00,3764.00,3687.00,3688.00,245475
21-Sep-15,3721.00,3780.00,3713.00,3769.00,195243
18-Sep-15,3734.00,3779.00,3716.00,3720.00,1000187
17-Sep-15,3748.00,3761.00,3727.00,3747.00,108576
16-Sep-15,3723.00,3750.00,3700.00,3737.00,143972
15-Sep-15,3743.00,3743.00,3693.00,3720.00,103754
14-Sep-15,3725.00,3765.00,3721.00,3724.00,133645
11-Sep-15,3741.00,3756.00,3700.00,3713.00,147792
10-Sep-15,3776.00,3820.00,3733.00,3743.00,155548
9-Sep-15,3825.00,3825.00,3768.00,3815.00,127785
8-Sep-15,3766.00,3779.00,3734.24,3756.00,115893
7-Sep-15,3720.00,3746.72,3680.00,3745.00,69761
4-Sep-15,3743.00,3743.00,3659.00,3701.00,124614
3-Sep-15,3689.00,3756.00,3688.00,3751.00,186395
2-Sep-15,3710.00,3748.00,3631.00,3652.00,290529
1-Sep-15,3690.00,3718.00,3652.00,3694.00,179802
28-Aug-15,3712.00,3732.00,3679.00,3721.00,194496
27-Aug-15,3734.00,3767.00,3681.00,3710.00,232939
26-Aug-15,3542.00,3735.00,3516.60,3656.00,233418
25-Aug-15,3448.00,3625.00,3424.00,3616.00,262958
24-Aug-15,3548.00,3551.24,3299.00,3431.00,343399
21-Aug-15,3665.00,3709.00,3621.00,3621.00,189760
20-Aug-15,3730.00,3768.00,3718.00,3724.00,125027
19-Aug-15,3769.00,3769.00,3720.00,3755.00,99187
18-Aug-15,3763.00,3797.00,3755.00,3770.00,81401
17-Aug-15,3793.00,3812.00,3729.00,3767.00,94448
14-Aug-15,3752.00,3780.00,3740.00,3760.00,87177
13-Aug-15,3683.00,3774.00,3677.71,3731.00,176519
12-Aug-15,3588.00,3634.00,3567.00,3620.00,180171
11-Aug-15,3624.00,3640.00,3593.00,3620.00,121822
10-Aug-15,3627.00,3655.00,3602.00,3641.00,127555
7-Aug-15,3716.00,3716.00,3615.00,3620.00,149358
6-Aug-15,3716.00,3742.00,3701.00,3712.00,134165
5-Aug-15,3715.00,3722.00,3688.00,3720.00,126800
4-Aug-15,3667.00,3706.00,3634.59,3700.00,156788
3-Aug-15,3636.00,3670.00,3633.00,3656.00,123365
31-Jul-15,3571.00,3669.00,3564.00,3644.00,300276
30-Jul-15,3580.00,3618.00,3527.00,3548.00,208751
29-Jul-15,3490.00,3639.00,3462.00,3574.00,306075
28-Jul-15,3390.00,3400.00,3365.00,3390.00,114908
27-Jul-15,3422.00,3446.00,3363.00,3365.00,130157
24-Jul-15,3430.00,3470.00,3430.00,3443.00,142742
23-Jul-15,3444.00,3470.00,3422.00,3454.00,184848
22-Jul-15,3432.00,3453.00,3400.00,3429.00,156843
21-Jul-15,3471.00,3471.00,3423.00,3432.00,102434
20-Jul-15,3424.00,3466.00,3422.00,3462.00,91774
17-Jul-15,3407.00,3429.00,3401.00,3416.00,56498
16-Jul-15,3386.00,3421.00,3386.00,3416.00,86934
15-Jul-15,3385.00,3396.00,3371.00,3385.00,111230
14-Jul-15,3444.00,3444.00,3367.00,3387.00,149775
13-Jul-15,3288.00,3442.50,3267.00,3424.00,291101
10-Jul-15,3212.00,3268.00,3181.00,3261.00,106748
9-Jul-15,3154.00,3190.00,3137.92,3171.00,148337
8-Jul-15,3205.00,3205.00,3139.00,3154.00,114316
7-Jul-15,3277.00,3277.00,3181.00,3183.00,183680
6-Jul-15,3261.00,3280.00,3253.00,3258.00,103686
3-Jul-15,3276.00,3300.00,3273.00,3288.00,83680
2-Jul-15,3293.00,3304.00,3258.00,3258.00,97045
1-Jul-15,3289.00,3318.00,3275.00,3303.00,199198
30-Jun-15,3292.00,3302.00,3253.00,3277.00,165275
29-Jun-15,3306.00,3333.00,3224.00,3304.00,123079
26-Jun-15,3416.00,3430.00,3367.00,3367.00,127086
25-Jun-15,3348.00,3434.00,3330.50,3429.00,174298
24-Jun-15,3354.00,3380.00,3328.00,3350.00,159538
23-Jun-15,3401.00,3407.00,3357.00,3365.00,103996
22-Jun-15,3344.00,3393.50,3344.00,3376.00,96810
19-Jun-15,3276.00,3315.00,3276.00,3314.00,287685
18-Jun-15,3278.00,3303.00,3259.00,3282.00,183091
17-Jun-15,3291.00,3308.00,3265.75,3291.00,261002
16-Jun-15,3247.00,3289.00,3227.00,3269.00,179689
15-Jun-15,3224.00,3263.00,3224.00,3243.00,165207
12-Jun-15,3248.00,3266.00,3235.00,3254.00,140333
11-Jun-15,3265.00,3281.00,3243.00,3255.00,118262
10-Jun-15,3212.00,3267.00,3195.00,3259.00,123554
9-Jun-15,3234.00,3256.00,3207.00,3210.99,87034
8-Jun-15,3233.00,3260.00,3231.00,3245.00,81207
5-Jun-15,3289.00,3289.00,3209.00,3236.00,148975
4-Jun-15,3340.00,3354.50,3287.00,3289.00,117917
3-Jun-15,3367.00,3396.00,3361.00,3362.00,149768
2-Jun-15,3402.00,3402.00,3321.00,3352.00,161164
1-Jun-15,3369.00,3382.00,3345.00,3380.00,109457
29-May-15,3325.00,3388.00,3325.00,3346.00,205289
28-May-15,3309.00,3330.00,3300.00,3324.00,96435
27-May-15,3263.00,3310.00,3263.00,3310.00,122142
26-May-15,3268.00,3292.00,3254.00,3275.00,97207
22-May-15,3263.00,3292.00,3247.00,3281.00,73975
21-May-15,3250.00,3278.00,3202.00,3257.00,94226
20-May-15,3241.00,3275.00,3185.00,3273.00,138136
19-May-15,3226.00,3252.75,3224.00,3231.00,153618
18-May-15,3235.00,3256.00,3221.00,3237.26,94521
15-May-15,3185.00,3245.00,3185.00,3242.00,134848
14-May-15,3173.00,3229.00,3171.00,3194.46,120162
13-May-15,3139.00,3221.00,3134.00,3192.00,196082
12-May-15,3191.00,3199.00,3101.00,3124.00,196577
11-May-15,3204.00,3232.00,3182.00,3195.00,113876
8-May-15,3225.00,3296.00,3175.00,3230.00,353993
7-May-15,3071.00,3135.00,3017.00,3115.00,143972
6-May-15,3106.00,3154.00,3079.00,3120.00,123272
5-May-15,3168.00,3168.00,3124.00,3141.00,225876
1-May-15,3191.00,3191.00,3112.00,3132.00,45040
30-Apr-15,3104.00,3179.00,3060.00,3165.00,178923
29-Apr-15,3170.00,3201.84,3083.00,3085.00,106472
28-Apr-15,3216.00,3227.00,3137.00,3174.00,160158
27-Apr-15,3150.00,3216.00,3132.00,3216.00,98007
24-Apr-15,3151.00,3169.00,3129.00,3156.00,93472
23-Apr-15,3164.00,3171.00,3128.00,3140.00,82711
22-Apr-15,3191.00,3209.00,3146.00,3150.00,84973
21-Apr-15,3114.00,3180.25,3102.05,3176.00,99273
20-Apr-15,3121.00,3131.00,3068.00,3086.00,102201
17-Apr-15,3111.00,3157.00,3087.00,3107.00,94798
16-Apr-15,3142.00,3149.75,3079.50,3124.00,161432
15-Apr-15,3159.00,3185.00,3151.25,3161.00,80319
14-Apr-15,3172.00,3182.00,3135.00,3162.00,97012
13-Apr-15,3177.00,3216.00,3152.00,3169.00,171718
10-Apr-15,3150.00,3181.00,3132.00,3181.00,126489
9-Apr-15,3147.00,3176.00,3125.00,3144.67,149629
8-Apr-15,3120.00,3185.00,3098.92,3122.00,120625
7-Apr-15,3067.00,3095.00,3038.00,3095.00,173951
2-Apr-15,3034.00,3054.00,3006.00,3046.00,117816
1-Apr-15,2997.00,3043.00,2977.00,3028.00,220643
31-Mar-15,3000.00,3029.00,2964.00,2997.00,216717
30-Mar-15,2891.00,3005.00,2881.00,2997.00,202128
27-Mar-15,2912.00,2956.00,2862.00,2867.00,105869
26-Mar-15,2960.00,2966.00,2882.00,2912.00,100778
25-Mar-15,2990.00,3023.00,2965.00,2965.00,122745
24-Mar-15,2986.00,3008.00,2967.00,3004.00,93702
23-Mar-15,2997.00,2997.00,2962.00,2981.00,57408
20-Mar-15,3000.00,3020.00,2974.00,2982.00,184386
19-Mar-15,2956.00,3006.00,2956.00,2998.00,248524
18-Mar-15,2904.00,2948.00,2855.25,2936.00,264068
17-Mar-15,2930.00,2948.24,2860.00,2889.00,259283
16-Mar-15,2914.00,2941.00,2906.00,2930.00,166231
13-Mar-15,2897.00,2911.00,2887.00,2908.00,207827
12-Mar-15,2921.00,2938.00,2882.00,2900.00,216925
11-Mar-15,2910.00,2927.00,2887.00,2908.00,329315
10-Mar-15,2906.00,2963.00,2853.00,2910.00,259130
9-Mar-15,3025.00,3039.00,2978.00,2980.00,166933
6-Mar-15,3029.00,3090.00,3028.00,3028.00,163185
5-Mar-15,2974.00,3059.00,2974.00,3050.00,182877
4-Mar-15,3018.00,3050.00,2994.00,3041.00,268640
3-Mar-15,3063.00,3082.77,2966.00,2969.00,200663
2-Mar-15,3020.00,3116.00,2996.50,3044.00,292541
27-Feb-15,2680.00,3074.00,2680.00,3001.20,497304
26-Feb-15,2677.00,2691.00,2634.00,2672.00,162855
25-Feb-15,2640.00,2663.00,2631.00,2647.00,109084
24-Feb-15,2639.00,2651.00,2599.10,2629.53,122373
23-Feb-15,2632.00,2650.00,2610.00,2632.60,169601
20-Feb-15,2612.00,2615.00,2588.00,2613.00,152098
19-Feb-15,2622.00,2629.00,2600.00,2602.00,118806
18-Feb-15,2599.00,2623.00,2591.00,2620.00,143212
17-Feb-15,2590.00,2614.00,2572.00,2574.00,144503
16-Feb-15,2595.00,2644.00,2595.00,2611.00,126829
13-Feb-15,2586.00,2629.00,2569.52,2595.00,134432
12-Feb-15,2493.00,2596.00,2488.00,2586.00,253780
11-Feb-15,2523.00,2544.00,2496.00,2502.00,119548
10-Feb-15,2460.00,2537.00,2437.00,2519.00,248592
9-Feb-15,2450.00,2487.00,2415.00,2454.00,185409
6-Feb-15,2447.00,2474.00,2410.00,2465.00,114477
5-Feb-15,2376.00,2457.00,2376.00,2444.00,145018
4-Feb-15,2433.00,2433.00,2380.00,2396.00,117610
3-Feb-15,2326.00,2426.00,2326.00,2423.00,156125
2-Feb-15,2337.00,2343.00,2310.00,2325.00,204338
30-Jan-15,2379.00,2400.00,2326.00,2326.00,227368
29-Jan-15,2365.00,2375.00,2337.00,2371.00,91686
28-Jan-15,2446.00,2458.00,2332.00,2371.00,313060
27-Jan-15,2370.00,2444.00,2350.00,2443.00,236208
26-Jan-15,2329.00,2354.00,2318.00,2350.00,147991
23-Jan-15,2318.00,2359.00,2317.00,2343.00,198081
22-Jan-15,2250.00,2323.00,2244.00,2310.00,197509
21-Jan-15,2192.00,2255.00,2192.00,2253.00,188909
20-Jan-15,2200.00,2217.00,2180.00,2211.00,93286
19-Jan-15,2170.00,2200.00,2163.00,2186.69,154313
16-Jan-15,2159.00,2181.00,2142.00,2155.00,329925
15-Jan-15,2149.00,2162.00,2133.00,2162.00,169272
14-Jan-15,2132.00,2151.00,2112.00,2134.00,166524
13-Jan-15,2125.00,2169.00,2123.00,2155.00,125293
12-Jan-15,2153.00,2175.00,2125.00,2125.00,188425
9-Jan-15,2230.00,2234.00,2126.00,2157.00,243565
8-Jan-15,2225.00,2270.00,2183.00,2255.00,131711
7-Jan-15,2185.00,2211.00,2172.00,2198.00,136811
6-Jan-15,2236.00,2254.00,2180.00,2183.00,156272
5-Jan-15,2287.00,2290.00,2224.00,2226.00,182459
31-Dec-14,2237.00,2271.00,2222.00,2248.00,55392
30-Dec-14,2198.00,2254.00,2195.00,2230.00,78189
29-Dec-14,2227.00,2284.00,2200.00,2200.00,164396
24-Dec-14,2219.00,2254.00,2175.00,2243.00,25470
23-Dec-14,2256.00,2256.00,2210.00,2246.00,86272
22-Dec-14,2231.00,2263.00,2224.00,2241.00,122789
19-Dec-14,2208.00,2250.00,2208.00,2231.00,206556
18-Dec-14,2181.00,2212.00,2145.00,2204.00,162252
17-Dec-14,2145.00,2163.00,2127.00,2163.00,107818
16-Dec-14,2111.00,2150.00,2111.00,2150.00,140564
15-Dec-14,2125.00,2156.00,2101.00,2101.00,122084
12-Dec-14,2144.00,2152.00,2107.00,2130.00,93501
11-Dec-14,2155.00,2163.00,2134.00,2160.00,201020
10-Dec-14,2149.00,2163.00,2145.00,2149.00,96391
9-Dec-14,2181.00,2181.00,2123.00,2139.00,183357
8-Dec-14,2207.00,2207.00,2178.00,2185.00,95939
5-Dec-14,2210.00,2224.20,2194.00,2196.00,124501
4-Dec-14,2180.00,2208.00,2178.00,2187.00,101341
3-Dec-14,2165.00,2188.68,2160.00,2176.00,154045
2-Dec-14,2173.00,2180.00,2156.00,2166.00,206916
1-Dec-14,2176.00,2206.72,2157.00,2168.00,216457
28-Nov-14,2199.00,2199.00,2166.00,2183.00,162768
27-Nov-14,2180.00,2200.00,2172.00,2185.00,109035
26-Nov-14,2207.00,2219.00,2146.00,2186.00,337646
25-Nov-14,2325.00,2350.00,2237.00,2243.00,333761
24-Nov-14,2311.00,2338.00,2308.00,2322.00,141951
21-Nov-14,2301.00,2339.00,2292.00,2317.00,196381
20-Nov-14,2287.00,2306.00,2268.00,2296.00,183523
19-Nov-14,2265.00,2279.00,2256.00,2279.00,165596
18-Nov-14,2235.00,2275.00,2224.00,2259.00,107358
17-Nov-14,2220.00,2231.00,2206.00,2229.00,94186
14-Nov-14,2196.00,2230.00,2190.00,2228.00,122974
13-Nov-14,2161.00,2213.00,2161.00,2195.00,103292
12-Nov-14,2206.00,2206.25,2156.00,2165.00,150897
11-Nov-14,2197.00,2212.00,2191.08,2206.00,96080
10-Nov-14,2149.00,2192.00,2149.00,2191.00,90282
7-Nov-14,2158.00,2170.00,2137.00,2159.00,125231
6-Nov-14,2225.00,2237.84,2139.00,2149.00,236429
5-Nov-14,2165.00,2212.00,2164.00,2206.00,278656
4-Nov-14,2136.00,2175.00,2134.00,2159.00,173650
3-Nov-14,2111.00,2144.00,2111.00,2131.00,189697
31-Oct-14,2145.00,2158.00,2101.00,2110.00,297319
30-Oct-14,2042.00,2131.00,2039.00,2123.00,262529
29-Oct-14,2045.00,2048.00,2022.00,2032.00,104187
28-Oct-14,2027.00,2040.00,2003.00,2034.00,147007
27-Oct-14,2082.00,2085.43,2017.00,2025.00,229212
24-Oct-14,2064.00,2081.20,2062.00,2068.00,156093
23-Oct-14,2048.00,2077.00,2001.00,2074.00,259410
22-Oct-14,2072.00,2094.00,2041.00,2070.00,263391
21-Oct-14,2018.00,2098.00,2017.00,2069.00,334580
20-Oct-14,2035.00,2041.00,2008.00,2026.00,221381
17-Oct-14,2069.00,2105.00,2024.00,2039.00,373463
16-Oct-14,2006.00,2072.00,2000.00,2066.00,379096
15-Oct-14,2010.00,2070.00,1993.24,1997.00,320229
14-Oct-14,1998.00,2010.00,1966.00,2001.00,186240
13-Oct-14,1974.00,2019.00,1974.00,1994.00,304760
10-Oct-14,1967.00,2022.00,1935.00,2002.00,273539
9-Oct-14,2016.00,2039.00,1967.54,2007.00,225944
8-Oct-14,2060.00,2060.00,1995.00,2009.17,340147
7-Oct-14,2073.00,2098.00,2065.76,2069.00,153498
6-Oct-14,2104.00,2116.00,2080.00,2082.00,271217
3-Oct-14,2095.00,2098.00,2076.00,2078.00,284484
2-Oct-14,2147.00,2147.00,2073.00,2079.00,222604
1-Oct-14,2175.00,2189.00,2142.00,2144.00,225547
30-Sep-14,2194.00,2194.00,2140.00,2152.00,308548
29-Sep-14,2176.00,2200.00,2161.00,2186.00,138990
26-Sep-14,2168.00,2213.00,2161.00,2187.00,141674
25-Sep-14,2254.00,2268.00,2166.00,2179.00,318684
24-Sep-14,2277.00,2277.00,2190.00,2258.00,347829
23-Sep-14,2357.00,2367.00,2318.00,2325.00,95743
22-Sep-14,2399.00,2418.36,2364.00,2370.00,136665
19-Sep-14,2387.00,2435.00,2376.56,2415.00,238705
18-Sep-14,2336.00,2372.00,2336.00,2352.00,143929
17-Sep-14,2371.00,2397.00,2332.00,2337.00,148893
16-Sep-14,2344.00,2364.00,2335.00,2355.00,134216
15-Sep-14,2332.00,2369.00,2324.00,2356.00,146517
12-Sep-14,2343.00,2400.00,2313.00,2336.00,204525
11-Sep-14,2327.00,2366.00,2309.00,2321.00,100692
10-Sep-14,2366.00,2377.00,2326.00,2327.00,136524
9-Sep-14,2387.00,2408.00,2345.00,2368.30,256010
8-Sep-14,2453.00,2455.00,2387.00,2402.00,110213
5-Sep-14,2462.00,2465.00,2437.00,2458.00,91289
4-Sep-14,2452.00,2470.00,2440.00,2461.00,152871
3-Sep-14,2484.00,2507.00,2452.00,2497.08,207345
2-Sep-14,2529.00,2553.10,2480.00,2480.00,275494
1-Sep-14,2520.00,2538.00,2516.00,2528.00,61575
29-Aug-14,2532.00,2532.00,2503.05,2520.00,181386
28-Aug-14,2503.00,2540.00,2501.00,2530.00,118189
27-Aug-14,2495.00,2549.36,2495.00,2514.00,89321
26-Aug-14,2508.00,2512.00,2467.00,2510.00,87050
22-Aug-14,2506.00,2508.00,2471.00,2483.00,126380
21-Aug-14,2483.00,2511.00,2483.00,2506.00,111157
20-Aug-14,2455.00,2500.76,2453.00,2486.00,296005
19-Aug-14,2431.00,2464.00,2428.00,2457.00,123415
18-Aug-14,2435.00,2435.00,2405.00,2414.00,107530
15-Aug-14,2407.00,2431.00,2389.00,2403.00,144520
14-Aug-14,2312.00,2421.00,2312.00,2412.00,169280
13-Aug-14,2301.00,2329.00,2276.00,2321.00,116905
12-Aug-14,2297.00,2313.00,2290.00,2297.00,118152
11-Aug-14,2283.00,2316.00,2257.04,2308.00,101406
8-Aug-14,2216.00,2265.00,2215.00,2255.00,186039
7-Aug-14,2221.00,2260.00,2219.00,2241.00,131416
6-Aug-14,2200.00,2239.00,2200.00,2222.00,153390
5-Aug-14,2237.00,2238.00,2215.00,2215.00,159034
4-Aug-14,2240.00,2249.24,2216.00,2231.00,147742
1-Aug-14,2277.00,2277.00,2218.55,2231.00,354350
31-Jul-14,2234.00,2279.00,2202.00,2275.00,269262
30-Jul-14,2311.00,2337.39,2234.00,2234.00,427642
29-Jul-14,2213.00,2302.00,2200.00,2273.17,348892
28-Jul-14,2176.00,2212.00,2156.00,2208.00,169892
25-Jul-14,2192.00,2200.00,2159.00,2170.00,173619
24-Jul-14,2141.00,2198.00,2140.00,2198.00,156596
23-Jul-14,2198.00,2210.00,2142.00,2150.00,189480
22-Jul-14,2197.00,2213.00,2175.00,2203.00,101071
21-Jul-14,2184.00,2201.00,2145.00,2183.00,133426
18-Jul-14,2150.00,2176.00,2126.00,2171.00,118720
17-Jul-14,2150.00,2177.00,2139.00,2171.00,133531
16-Jul-14,2133.00,2154.00,2123.00,2140.00,172777
15-Jul-14,2138.00,2158.00,2131.00,2131.00,135768
14-Jul-14,2112.00,2152.00,2104.00,2150.00,166495
11-Jul-14,2091.00,2107.00,2064.00,2100.00,185579
10-Jul-14,2121.00,2130.00,2047.00,2079.00,239979
9-Jul-14,2167.00,2171.00,2093.00,2127.00,276431
8-Jul-14,2290.00,2290.00,2166.00,2167.00,271203
7-Jul-14,2318.00,2318.00,2273.00,2280.00,184929
4-Jul-14,2265.00,2326.00,2265.00,2307.00,239248
3-Jul-14,2201.00,2272.00,2200.00,2263.00,308507
2-Jul-14,2179.00,2213.00,2168.00,2187.00,242225
1-Jul-14,2154.00,2177.00,2137.90,2171.00,125692
30-Jun-14,2147.00,2161.00,2139.00,2144.00,297736
27-Jun-14,2144.00,2154.00,2121.00,2141.00,179193
26-Jun-14,2094.00,2180.00,2084.00,2144.00,215357
25-Jun-14,2118.00,2128.00,2086.00,2086.00,168523
24-Jun-14,2164.00,2166.00,2126.00,2126.00,197786
23-Jun-14,2183.00,2190.00,2153.00,2154.00,187669
20-Jun-14,2182.00,2195.00,2182.00,2186.00,274726
19-Jun-14,2207.00,2219.00,2172.00,2180.00,191918
18-Jun-14,2180.00,2227.00,2180.00,2200.00,444866
17-Jun-14,2138.00,2169.00,2125.00,2169.00,264997
16-Jun-14,2132.00,2144.00,2110.00,2135.00,200846
13-Jun-14,2170.00,2171.00,2099.00,2129.00,219233
12-Jun-14,2196.00,2196.00,2171.00,2177.00,120135
11-Jun-14,2212.00,2212.00,2147.00,2180.00,251274
10-Jun-14,2231.00,2231.00,2190.45,2199.00,221120
9-Jun-14,2230.00,2240.00,2213.27,2227.00,127212
6-Jun-14,2220.00,2228.00,2203.66,2221.00,239126
5-Jun-14,2215.00,2236.00,2200.00,2212.00,167324
4-Jun-14,2211.00,2226.00,2194.76,2222.89,158818
3-Jun-14,2291.00,2298.00,2202.00,2210.89,266485
2-Jun-14,2305.00,2306.00,2273.00,2291.89,150334
30-May-14,2284.00,2302.00,2237.00,2292.00,437269
29-May-14,2275.00,2285.46,2249.00,2280.00,145455
28-May-14,2344.00,2344.00,2261.00,2261.89,298390
27-May-14,2350.00,2351.22,2315.00,2340.00,131151
23-May-14,2327.00,2355.00,2323.00,2331.00,178842
22-May-14,2348.00,2418.00,2326.00,2327.00,326458
21-May-14,2260.00,2333.00,2260.00,2330.00,210345
20-May-14,2157.00,2274.00,2154.00,2267.00,240929
19-May-14,2113.00,2160.00,2095.98,2150.00,166529
16-May-14,2197.00,2215.61,2098.00,2110.00,292103
15-May-14,2295.00,2300.00,2187.00,2200.00,208479
14-May-14,2374.00,2374.00,2283.00,2286.00,124606
13-May-14,2388.00,2388.00,2358.00,2367.00,68999
12-May-14,2412.00,2420.00,2364.60,2370.00,105235
9-May-14,2424.00,2449.00,2405.00,2409.00,186454
8-May-14,2370.00,2398.00,2367.00,2397.00,112457
7-May-14,2419.00,2419.00,2354.00,2365.00,127924
6-May-14,2438.00,2454.00,2413.00,2421.00,98722
2-May-14,2439.00,2463.00,2423.00,2438.00,166345
1-May-14,2432.00,2460.00,2418.00,2437.00,110433
30-Apr-14,2405.00,2415.00,2370.00,2410.00,204187
29-Apr-14,2443.00,2462.00,2397.00,2414.00,162049
28-Apr-14,2365.00,2440.00,2346.00,2381.84,287306
25-Apr-14,2391.00,2404.00,2339.00,2350.00,112268
24-Apr-14,2440.00,2466.00,2392.00,2401.00,161768
23-Apr-14,2423.00,2446.00,2418.00,2428.00,107892
22-Apr-14,2403.00,2438.00,2396.01,2416.00,212271
17-Apr-14,2386.00,2423.00,2376.00,2397.00,140093
16-Apr-14,2325.00,2394.00,2325.00,2386.00,220016
15-Apr-14,2299.00,2330.00,2283.37,2305.00,170859
14-Apr-14,2366.00,2366.23,2273.00,2301.00,209629
11-Apr-14,2398.00,2400.00,2344.00,2373.00,158263
10-Apr-14,2465.00,2475.00,2424.00,2426.00,198377
9-Apr-14,2436.00,2480.00,2424.00,2465.00,408260
8-Apr-14,2480.00,2498.00,2395.99,2411.00,277847
7-Apr-14,2554.00,2554.00,2419.00,2477.00,301438
4-Apr-14,2624.00,2626.00,2554.00,2555.55,148055
3-Apr-14,2622.00,2639.00,2604.00,2610.00,68620
2-Apr-14,2635.00,2664.00,2624.00,2627.00,67294
1-Apr-14,2649.00,2665.00,2621.00,2631.00,143013
31-Mar-14,2627.00,2638.00,2613.15,2638.00,128944
28-Mar-14,2611.00,2623.00,2600.00,2606.00,91251
27-Mar-14,2624.00,2634.66,2581.00,2604.00,139677
26-Mar-14,2613.00,2642.00,2598.00,2637.00,139835
25-Mar-14,2599.00,2627.00,2596.00,2612.00,118058
24-Mar-14,2686.00,2687.00,2596.24,2607.00,117758
21-Mar-14,2651.00,2683.00,2651.00,2669.00,312685
20-Mar-14,2663.00,2663.00,2608.00,2646.00,103415
19-Mar-14,2671.00,2681.00,2641.00,2671.00,139070
18-Mar-14,2683.00,2706.00,2639.00,2664.00,125155
17-Mar-14,2647.00,2695.00,2641.00,2692.00,90846
14-Mar-14,2624.00,2633.00,2599.00,2632.00,124330
13-Mar-14,2622.00,2637.00,2602.00,2633.00,151966
12-Mar-14,2659.00,2671.00,2552.00,2626.00,235499
11-Mar-14,2667.00,2682.00,2645.00,2673.00,129272
10-Mar-14,2706.00,2715.00,2646.00,2658.00,106231
7-Mar-14,2726.00,2734.00,2688.00,2702.00,175287
6-Mar-14,2755.00,2769.00,2727.00,2727.00,123080
5-Mar-14,2712.00,2752.00,2705.00,2740.00,192517
4-Mar-14,2718.00,2743.00,2704.00,2709.00,232843
3-Mar-14,2706.00,2730.00,2686.00,2688.00,233026
28-Feb-14,2700.00,2792.00,2688.00,2755.00,439825
27-Feb-14,2621.00,2630.00,2598.00,2625.00,132456
26-Feb-14,2645.00,2652.00,2611.00,2615.00,182583
25-Feb-14,2669.00,2673.00,2620.00,2645.00,329626
24-Feb-14,2760.00,2770.00,2610.00,2635.32,307206
21-Feb-14,2773.00,2788.00,2747.00,2758.25,149339
20-Feb-14,2732.00,2771.00,2709.00,2769.00,168277
19-Feb-14,2744.00,2770.00,2740.00,2743.00,163840
18-Feb-14,2716.00,2748.00,2680.00,2746.00,240310
17-Feb-14,2726.00,2733.00,2666.00,2715.00,210890
14-Feb-14,2784.00,2785.00,2709.00,2717.00,194409
13-Feb-14,2747.00,2777.00,2693.00,2777.00,130442
12-Feb-14,2742.00,2758.00,2730.00,2747.00,131026
11-Feb-14,2700.00,2737.00,2700.00,2737.00,110228
10-Feb-14,2694.00,2701.00,2651.00,2687.00,113367
7-Feb-14,2677.00,2700.00,2657.00,2683.00,103696
6-Feb-14,2620.00,2658.00,2605.00,2656.00,121755
5-Feb-14,2577.00,2615.00,2570.00,2599.00,125568
4-Feb-14,2568.00,2585.00,2546.00,2580.00,155131
3-Feb-14,2525.00,2588.00,2466.00,2569.00,171218
31-Jan-14,2513.00,2557.00,2485.00,2532.00,156742
30-Jan-14,2547.00,2561.00,2528.00,2545.00,87217
29-Jan-14,2542.00,2562.00,2515.00,2537.00,132535
28-Jan-14,2477.00,2529.00,2477.00,2523.00,147128
27-Jan-14,2471.00,2486.00,2441.00,2470.00,144079
24-Jan-14,2535.00,2549.00,2455.00,2468.00,170701
23-Jan-14,2566.00,2589.00,2534.00,2539.00,124564
22-Jan-14,2583.00,2601.00,2576.00,2582.00,59848
21-Jan-14,2591.00,2606.00,2581.00,2584.00,81645
20-Jan-14,2589.00,2608.00,2581.00,2593.00,116588
17-Jan-14,2634.00,2669.00,2569.00,2584.00,195550
16-Jan-14,2685.00,2704.00,2640.00,2644.00,135669
15-Jan-14,2683.00,2697.00,2671.00,2676.00,91951
14-Jan-14,2640.00,2682.00,2631.00,2678.00,117390
13-Jan-14,2687.00,2687.00,2631.00,2660.00,107348
10-Jan-14,2681.00,2689.00,2657.00,2676.00,201317
9-Jan-14,2719.00,2726.00,2652.00,2673.00,199788
8-Jan-14,2730.00,2774.00,2701.00,2711.00,195055
7-Jan-14,2799.00,2814.00,2778.00,2802.00,132674
6-Jan-14,2756.00,2810.00,2744.00,2805.00,95149
3-Jan-14,2738.00,2760.00,2715.00,2752.00,83480
2-Jan-14,2743.00,2789.00,2718.00,2741.00,204344
31-Dec-13,2673.00,2740.00,2668.00,2740.00,58589
30-Dec-13,2693.00,2701.00,2661.00,2663.00,49134
27-Dec-13,2635.00,2681.00,2631.00,2678.00,98682
24-Dec-13,2636.00,2648.00,2616.00,2616.00,15336
23-Dec-13,2577.00,2634.00,2577.00,2626.00,92359
20-Dec-13,2565.00,2623.00,2553.00,2570.00,384426
19-Dec-13,2513.00,2560.00,2513.00,2560.00,128111
18-Dec-13,2504.00,2525.00,2484.00,2511.97,104695
17-Dec-13,2476.00,2527.00,2474.00,2500.00,131794
16-Dec-13,2445.00,2496.00,2442.00,2486.00,135217
13-Dec-13,2439.00,2463.00,2439.00,2449.00,103812
12-Dec-13,2461.00,2510.00,2441.00,2445.00,109080
11-Dec-13,2477.00,2508.00,2473.00,2473.00,86253
10-Dec-13,2474.00,2500.00,2468.00,2481.00,90169
9-Dec-13,2511.00,2511.00,2462.00,2477.91,116459
6-Dec-13,2532.00,2532.00,2472.00,2496.00,125539
5-Dec-13,2500.00,2507.00,2264.00,2479.50,269393
4-Dec-13,2540.00,2572.00,2512.00,2512.00,118644
3-Dec-13,2542.00,2560.00,2522.00,2522.00,129594
2-Dec-13,2538.00,2571.00,2516.00,2526.00,141097
29-Nov-13,2551.00,2584.00,2538.00,2538.00,163674
28-Nov-13,2551.00,2561.00,2505.00,2550.00,120535
27-Nov-13,2533.00,2554.00,2518.00,2534.00,78308
26-Nov-13,2533.00,2546.00,2513.00,2513.00,90462
25-Nov-13,2528.00,2551.00,2517.00,2528.00,66282
22-Nov-13,2477.00,2534.00,2477.00,2510.00,102412
21-Nov-13,2464.00,2526.00,2464.00,2483.00,133876
20-Nov-13,2512.00,2518.00,2469.00,2478.00,80728
19-Nov-13,2537.00,2552.00,2509.00,2514.00,88846
18-Nov-13,2557.00,2572.00,2535.00,2551.00,114270
15-Nov-13,2570.00,2570.00,2520.00,2559.00,99896
14-Nov-13,2521.00,2575.00,2521.00,2540.00,152691
13-Nov-13,2597.00,2610.00,2510.00,2510.00,222528
12-Nov-13,2628.00,2645.00,2602.00,2603.00,112254
11-Nov-13,2622.00,2641.00,2608.00,2621.00,122367
8-Nov-13,2619.00,2652.00,2568.00,2614.00,252993
7-Nov-13,2603.00,2659.00,2599.00,2625.00,142538
6-Nov-13,2644.00,2657.00,2622.00,2627.00,158559
5-Nov-13,2662.00,2662.00,2598.00,2636.00,151812
4-Nov-13,2639.00,2669.00,2639.00,2651.00,86842
1-Nov-13,2647.00,2678.00,2633.00,2641.00,133996
31-Oct-13,2636.00,2655.00,2615.00,2652.00,160429
30-Oct-13,2606.00,2672.00,2606.00,2626.20,89083
29-Oct-13,2612.00,2627.00,2589.00,2608.00,103084
28-Oct-13,2624.00,2634.00,2610.00,2618.00,52134
25-Oct-13,2623.00,2627.00,2588.00,2614.00,96047
24-Oct-13,2624.00,2647.00,2616.00,2636.00,72795
23-Oct-13,2610.00,-,2606.00,2625.00,181521
22-Oct-13,2634.00,2668.00,2617.00,2621.00,140135
21-Oct-13,2590.00,2641.00,2586.00,2634.00,169999
18-Oct-13,2612.00,2612.00,2541.00,2577.00,143434
17-Oct-13,2530.00,2558.00,2514.00,2551.36,153300
16-Oct-13,2511.00,2554.00,2511.00,2549.21,146828
15-Oct-13,2430.00,2553.00,2429.00,2533.62,244193
14-Oct-13,2391.00,2411.00,2391.00,2409.00,107169
11-Oct-13,2387.00,2413.00,2374.00,2400.00,114648
10-Oct-13,2368.00,2376.00,2339.00,2375.00,133513
9-Oct-13,2372.00,2373.00,2341.00,2357.00,197711
8-Oct-13,2366.00,2373.00,2353.00,2360.00,121547
7-Oct-13,2381.00,2381.00,2343.00,2363.00,94737
4-Oct-13,2370.00,2395.00,2333.00,2367.00,201075
3-Oct-13,2338.00,2373.00,2318.00,2338.00,95716
2-Oct-13,2375.00,2376.00,2335.00,2338.00,136393
1-Oct-13,2367.00,2394.00,2357.00,2371.00,139236
30-Sep-13,2323.00,2369.00,2300.00,2369.00,170009
27-Sep-13,2340.00,2352.00,2315.00,2347.00,88317
26-Sep-13,2340.00,2340.00,2306.00,2317.30,90401
25-Sep-13,2344.00,2344.00,2283.00,2309.00,156716
24-Sep-13,2291.00,2340.00,2273.00,2332.00,130037
20-Sep-13,2355.00,2365.00,2301.00,2301.00,208937
19-Sep-13,2369.00,2386.00,2336.00,2341.00,138059
18-Sep-13,2363.00,2379.00,2345.00,2355.00,107508
17-Sep-13,2421.00,2421.00,2348.00,2356.00,135346
16-Sep-13,2392.00,2404.00,2373.00,2386.00,70514
13-Sep-13,2369.00,2397.00,2368.00,2381.00,113892
12-Sep-13,2401.00,2401.00,2365.00,2375.00,110466
11-Sep-13,2382.00,2415.00,2382.00,2395.00,84636
10-Sep-13,2381.00,2413.00,2381.00,2398.00,69706
9-Sep-13,2398.00,2398.00,2371.00,2379.00,130100
6-Sep-13,2379.00,2382.00,2352.00,2382.00,108722
5-Sep-13,2400.00,2416.00,2372.00,2382.00,143176
4-Sep-13,2344.00,2384.00,2328.00,2384.00,103167
3-Sep-13,2365.00,2389.00,2337.00,2367.82,153687
2-Sep-13,2333.00,2380.00,2333.00,2369.00,155832
30-Aug-13,2338.00,2360.00,2301.00,2326.00,154215
29-Aug-13,2283.00,2357.00,2282.00,2357.00,127478
28-Aug-13,2327.00,2338.00,2280.00,2283.00,132464
27-Aug-13,2361.00,2372.00,2324.00,2329.00,110000
23-Aug-13,2380.00,2394.00,2358.00,2360.00,87808
22-Aug-13,2352.00,2381.00,2350.00,2373.00,116889
21-Aug-13,2355.00,2383.00,2345.00,2351.00,115134
20-Aug-13,2377.00,2391.00,2352.00,2362.00,123508
19-Aug-13,2286.00,2371.00,2273.00,2364.00,217149
16-Aug-13,2301.00,2310.00,2228.00,2264.00,328105
15-Aug-13,2430.00,2430.00,2298.00,2298.00,180970
14-Aug-13,2369.00,2427.00,2362.00,2412.00,194917
13-Aug-13,2387.00,2413.00,2367.00,2379.00,139915
12-Aug-13,2402.00,2438.00,2375.00,2390.00,147716
9-Aug-13,2436.00,2446.00,2382.00,2392.00,181172
8-Aug-13,2420.00,2449.00,2416.00,2424.00,112852
7-Aug-13,2444.00,2465.00,2414.00,2422.00,115467
6-Aug-13,2434.00,2477.00,2397.00,2451.00,225124
5-Aug-13,2507.00,2507.00,2434.00,2448.90,266575
2-Aug-13,2427.00,2468.00,2427.00,2445.00,134467
1-Aug-13,2430.00,2467.00,2430.00,2460.00,161237
31-Jul-13,2296.00,2480.00,2296.00,2431.00,314391
30-Jul-13,2275.00,2330.00,2275.00,2310.00,158731
29-Jul-13,2252.00,2272.00,2240.00,2256.00,115429
26-Jul-13,2262.00,2306.00,2231.00,2246.00,113320
25-Jul-13,2238.00,2252.00,2217.00,2250.00,76975
24-Jul-13,2244.00,2252.00,2214.00,2233.00,161909
23-Jul-13,2299.00,2303.00,2232.00,2234.00,141900
22-Jul-13,2290.00,2320.00,2290.00,2303.00,65822
19-Jul-13,2300.00,2307.00,2292.00,2300.00,99175
18-Jul-13,2285.00,2306.00,2280.00,2306.00,119011
17-Jul-13,2297.00,2304.56,2238.00,2291.00,128925
16-Jul-13,2323.00,2326.16,2283.74,2299.00,111208
15-Jul-13,2315.00,2357.00,2295.00,2317.00,114627
12-Jul-13,2259.00,2307.00,2259.00,2303.00,152800
11-Jul-13,2280.00,2280.00,2246.00,2255.00,90294
10-Jul-13,2226.00,2263.00,2207.00,2263.00,142051
9-Jul-13,2227.00,2252.00,2204.00,2226.00,138011
8-Jul-13,2242.00,2242.00,2194.00,2232.00,149455
5-Jul-13,2181.00,2235.00,2181.00,2205.00,102905
4-Jul-13,2169.00,2186.00,2149.00,2185.00,81359
3-Jul-13,2160.00,2160.00,2127.00,2151.00,122623
2-Jul-13,2109.00,2156.00,2109.00,2153.00,127231
1-Jul-13,2094.00,2112.00,2082.00,2112.00,113641
28-Jun-13,2091.00,2113.00,2075.00,2084.00,130710
27-Jun-13,2085.00,2117.00,2066.00,2108.00,138159
26-Jun-13,2023.00,2066.00,2013.00,2063.00,154613
25-Jun-13,1989.00,2022.00,1982.00,2007.00,214301
24-Jun-13,2001.00,2011.00,1954.66,1972.00,192374
21-Jun-13,2032.00,2058.00,2008.00,2011.00,355153
20-Jun-13,2046.00,2048.93,2016.00,2032.00,160945
19-Jun-13,2066.00,2072.00,2039.00,2062.00,164334
18-Jun-13,2055.00,2070.00,2049.00,2056.00,129175
17-Jun-13,2061.00,2071.00,2046.00,2052.00,133109
14-Jun-13,2090.00,2098.00,2058.00,2062.00,155941
13-Jun-13,2082.00,2082.94,2047.00,2078.00,123527
12-Jun-13,2064.00,2131.00,2063.30,2097.00,272798
11-Jun-13,2061.00,2072.34,2052.00,2070.00,141775
10-Jun-13,2034.00,2070.00,2026.00,2061.00,102481
7-Jun-13,2023.00,2037.00,2009.00,2023.00,223470
6-Jun-13,2018.00,2034.00,2014.00,2016.00,176809
5-Jun-13,2047.00,2054.00,2010.00,2015.00,159697
4-Jun-13,2043.00,2068.00,2028.00,2052.00,162199
3-Jun-13,2045.00,2062.00,2024.89,2042.00,106309
31-May-13,2084.00,2084.00,2045.41,2046.00,204345
30-May-13,2049.00,2080.00,2040.00,2080.00,137536
29-May-13,2099.00,2099.00,2034.00,2044.93,149605
28-May-13,2066.00,2107.00,2058.96,2100.00,220394
24-May-13,2080.00,2109.00,2028.00,2055.00,242688
23-May-13,2084.00,2087.00,1984.00,2031.00,331189
22-May-13,2138.00,2138.00,2096.00,2104.00,157296
21-May-13,2100.00,2127.00,2098.00,2127.00,189659
20-May-13,2094.00,2115.00,2079.00,2102.00,129745
17-May-13,2058.00,2088.00,2052.00,2088.00,374528
16-May-13,2023.00,2067.00,2015.00,2056.00,196130
15-May-13,2004.00,2023.00,1998.00,2019.00,80082
14-May-13,2000.00,2016.00,1991.00,2007.00,140505
13-May-13,1988.00,2010.00,1970.00,1999.00,141720
10-May-13,1966.00,1981.00,1930.00,1979.00,230773
9-May-13,1947.00,1978.00,1944.00,1961.00,182178
8-May-13,1928.00,1989.00,1915.00,1957.00,407499
7-May-13,1920.00,1938.00,1905.00,1908.00,118649
3-May-13,1937.00,1945.00,1911.00,1932.00,216653
2-May-13,1926.00,1946.00,1914.00,1921.85,163789
1-May-13,1922.00,1945.00,1889.00,1942.00,250072
30-Apr-13,1883.00,1926.00,1882.00,1921.00,344014
29-Apr-13,1862.00,1889.00,1828.00,1884.00,242793
26-Apr-13,1813.00,1828.00,1800.00,1827.00,141389
25-Apr-13,1824.00,1840.00,1814.00,1819.00,118836
24-Apr-13,1820.00,1847.00,1816.00,1827.00,190907
23-Apr-13,1780.00,1831.00,1777.61,1829.00,190678
22-Apr-13,1779.00,1791.00,1769.00,1776.00,126745
19-Apr-13,1764.00,1785.00,1751.00,1772.00,163943
18-Apr-13,1759.00,1772.00,1738.40,1758.00,178362
17-Apr-13,1797.00,1797.00,1751.00,1759.00,113426
16-Apr-13,1783.00,1792.00,1766.00,1783.00,84533
15-Apr-13,1814.00,1823.00,1784.00,1787.00,178832
12-Apr-13,1827.00,1845.00,1814.00,1825.00,125771
11-Apr-13,1846.00,1850.00,1834.00,1840.00,146780
10-Apr-13,1809.00,1847.00,1802.00,1841.00,133498
9-Apr-13,1800.00,1811.00,1782.00,1793.00,117383
8-Apr-13,1777.00,1804.28,1777.00,1798.00,137619
5-Apr-13,1819.00,1819.00,1774.00,1781.00,174551
4-Apr-13,1810.00,1851.00,1797.00,1806.00,269686
3-Apr-13,1798.00,1805.00,1776.00,1796.82,122615
2-Apr-13,1782.00,1816.00,1763.00,1801.87,142867
28-Mar-13,1786.00,1800.00,1774.00,1784.97,161070
27-Mar-13,1790.00,1794.65,1772.00,1779.68,108578
26-Mar-13,1797.00,1800.00,1765.60,1787.00,119449
25-Mar-13,1758.00,1810.00,1752.00,1794.00,168242
22-Mar-13,1774.00,1782.00,1750.00,1754.00,117304
21-Mar-13,1803.00,1806.00,1755.00,1774.00,137187
20-Mar-13,1796.00,1797.00,1775.00,1787.00,142217
19-Mar-13,1800.00,1809.00,1790.04,1796.00,119388
18-Mar-13,1766.00,1798.00,1756.00,1798.00,99935
15-Mar-13,1782.00,1794.00,1772.00,1780.00,278396
14-Mar-13,1782.00,1788.00,1773.00,1782.00,113042
13-Mar-13,1779.00,1787.15,1774.91,1782.00,69005
12-Mar-13,1779.00,1798.00,1775.00,1779.00,106228
11-Mar-13,1779.00,1787.32,1765.00,1776.00,97661
8-Mar-13,1797.00,1797.00,1772.00,1781.00,111087
7-Mar-13,1797.00,1801.00,1782.00,1792.00,140633
6-Mar-13,1797.00,1809.00,1787.00,1791.00,179408
5-Mar-13,1774.00,1813.00,1774.00,1793.00,262301
4-Mar-13,1803.00,1805.00,1752.00,1771.00,349228
1-Mar-13,1769.00,1784.00,1714.00,1761.00,268235
28-Feb-13,1741.00,1748.00,1708.00,1723.00,186910
27-Feb-13,1730.00,1738.17,1723.00,1738.00,230398
26-Feb-13,1736.00,1738.00,1717.00,1733.00,150815
25-Feb-13,1753.00,1758.00,1740.49,1749.00,171618
22-Feb-13,1755.00,1767.00,1744.00,1755.00,109905
21-Feb-13,1764.00,1764.00,1720.34,1747.00,103399
20-Feb-13,1756.00,1777.00,1743.00,1759.00,131171
19-Feb-13,1705.00,1756.00,1701.00,1751.00,160461
18-Feb-13,1709.00,1721.00,1700.00,1705.00,155798
15-Feb-13,1701.00,1714.00,1696.00,1710.00,416184
14-Feb-13,1737.00,1740.00,1707.00,1707.00,174575
13-Feb-13,1700.00,1753.00,1699.67,1735.00,198451
12-Feb-13,1704.00,1715.00,1700.00,1705.00,172954
11-Feb-13,1714.00,1719.96,1702.00,1711.00,89169
8-Feb-13,1706.00,1718.00,1702.00,1710.00,101757
7-Feb-13,1703.00,1708.00,1690.00,1700.00,227772
6-Feb-13,1703.00,1705.00,1689.00,1698.00,270836
5-Feb-13,1697.00,1716.48,1693.00,1696.00,124257
4-Feb-13,1693.00,1706.00,1684.60,1698.00,197144
1-Feb-13,1680.00,1715.00,1676.00,1697.00,274612
31-Jan-13,1704.00,1715.90,1669.00,1676.00,223514
30-Jan-13,1697.00,1711.80,1694.90,1710.00,142100
29-Jan-13,1685.00,1705.00,1678.50,1703.00,161423
28-Jan-13,1665.00,1690.00,1665.00,1685.00,198899
25-Jan-13,1633.00,1677.00,1633.00,1674.00,218819
24-Jan-13,1640.00,1645.00,1631.00,1639.00,117432
23-Jan-13,1619.00,1637.00,1600.00,1633.00,201986
22-Jan-13,1590.00,1610.00,1580.00,1599.00,190552
21-Jan-13,1567.00,1567.00,1549.00,1555.00,112448
18-Jan-13,1537.00,1568.00,1537.00,1561.00,121727
17-Jan-13,1530.00,1542.00,1519.00,1537.00,106099
16-Jan-13,1532.00,1545.00,1526.00,1528.00,128803
15-Jan-13,1518.00,1533.00,1515.00,1533.00,113336
14-Jan-13,1541.00,1541.00,1515.00,1520.00,167910
11-Jan-13,1528.00,1547.00,1528.00,1536.00,147777
10-Jan-13,1514.00,1535.00,1514.00,1528.00,99272
9-Jan-13,1498.00,1519.00,1485.00,1510.00,221853
8-Jan-13,1478.00,1509.00,1478.00,1488.00,149778
7-Jan-13,1470.00,1496.00,1458.00,1481.00,219684
4-Jan-13,1462.00,1486.00,1453.00,1475.00,162053
3-Jan-13,1454.00,1468.40,1454.00,1460.00,134608
2-Jan-13,1436.00,1469.00,1436.00,1452.00,237757
