31-Dec-15,611.50,612.28,600.72,603.50,249874
30-Dec-15,612.00,613.00,605.50,611.00,1062516
29-Dec-15,597.00,612.00,597.00,612.00,1642324
24-Dec-15,602.00,602.00,595.50,596.00,216506
23-Dec-15,591.00,600.75,591.00,600.00,1482120
22-Dec-15,593.50,593.50,585.00,589.50,1666363
21-Dec-15,589.50,597.50,588.50,589.50,1226585
18-Dec-15,584.50,598.50,579.00,590.00,3834446
16-Dec-15,589.50,590.00,586.50,587.00,2028778
15-Dec-15,584.00,591.00,581.50,589.50,3272212
14-Dec-15,592.00,592.50,579.50,579.50,2072013
11-Dec-15,591.50,595.00,588.00,589.00,1799834
10-Dec-15,600.00,602.00,590.00,592.00,2613731
9-Dec-15,605.50,609.78,602.00,603.50,2538677
8-Dec-15,612.50,625.18,604.60,605.50,3116028
7-Dec-15,613.50,625.50,612.50,614.00,2826922
4-Dec-15,584.00,614.00,584.00,611.50,4374269
3-Dec-15,578.00,590.00,570.50,581.50,4390158
2-Dec-15,570.00,579.50,540.50,577.00,4820328
1-Dec-15,589.50,589.50,571.50,576.50,3205471
30-Nov-15,576.50,587.50,574.00,586.50,2888283
27-Nov-15,570.00,577.50,568.50,574.50,1277723
26-Nov-15,574.50,584.00,572.50,574.00,1302339
25-Nov-15,561.00,578.00,561.00,572.50,1379563
24-Nov-15,564.50,567.00,553.00,558.50,2034375
23-Nov-15,557.50,567.00,557.50,565.00,1528620
20-Nov-15,564.00,564.00,556.50,561.50,1536046
19-Nov-15,551.50,563.50,549.50,561.50,1902940
18-Nov-15,543.00,547.00,541.50,546.50,1243593
17-Nov-15,544.00,548.50,543.39,545.00,1226594
16-Nov-15,533.00,540.00,532.50,538.50,896943
13-Nov-15,539.00,540.50,535.50,537.50,1280945
12-Nov-15,538.50,543.00,537.00,540.00,1396180
11-Nov-15,534.00,541.00,534.00,538.50,1666334
10-Nov-15,544.50,545.14,531.17,534.00,1535879
9-Nov-15,544.50,546.50,541.50,542.00,1258669
6-Nov-15,545.00,547.00,542.00,543.00,1796712
5-Nov-15,546.00,546.50,544.00,545.00,1528639
4-Nov-15,544.00,545.50,543.00,545.00,1870551
3-Nov-15,543.00,544.11,538.00,543.00,1126368
2-Nov-15,540.50,546.00,540.50,542.50,1270994
30-Oct-15,546.50,548.50,541.50,545.00,1516087
29-Oct-15,545.00,553.50,543.00,546.00,1605257
28-Oct-15,536.00,544.50,536.00,544.50,1240571
27-Oct-15,541.00,543.00,536.00,536.00,1406330
26-Oct-15,540.00,543.50,538.00,542.00,1230728
23-Oct-15,544.00,547.28,538.50,540.00,2171415
22-Oct-15,540.00,544.50,539.50,542.50,1438151
21-Oct-15,530.00,541.50,529.00,541.00,1283717
20-Oct-15,525.00,530.00,524.00,529.50,1613555
19-Oct-15,526.00,530.00,522.50,525.00,1669134
16-Oct-15,531.50,535.00,522.00,525.50,1716268
15-Oct-15,522.50,528.00,520.50,527.00,1554704
14-Oct-15,523.00,524.50,517.50,520.00,1741762
13-Oct-15,525.50,528.50,520.50,527.00,1441384
12-Oct-15,521.00,525.00,518.50,524.00,1038401
9-Oct-15,523.00,526.00,516.50,520.00,1387505
8-Oct-15,511.50,521.00,511.50,518.00,1331548
7-Oct-15,517.00,519.00,511.50,512.50,1686594
6-Oct-15,518.50,520.50,515.00,515.50,2058455
5-Oct-15,512.00,519.50,512.00,517.50,2483394
2-Oct-15,509.00,511.50,501.00,504.50,1716919
1-Oct-15,505.00,511.00,502.50,506.00,2806104
30-Sep-15,500.00,501.00,495.00,499.40,2612194
29-Sep-15,508.00,508.50,491.40,491.40,2603125
28-Sep-15,519.00,519.00,512.00,513.50,1367902
25-Sep-15,515.00,527.00,514.00,519.50,1728200
24-Sep-15,506.00,509.50,503.50,508.00,1826114
23-Sep-15,497.60,508.00,494.50,505.50,1392205
22-Sep-15,514.00,514.50,497.80,497.80,1476796
21-Sep-15,511.50,517.00,509.50,513.50,1488599
18-Sep-15,515.00,516.50,507.50,513.00,1879896
17-Sep-15,513.50,517.50,512.50,515.00,1826363
16-Sep-15,511.50,517.00,507.50,513.50,2076245
15-Sep-15,505.00,513.00,503.00,510.50,1313805
14-Sep-15,508.00,512.50,504.50,506.00,1665409
11-Sep-15,508.50,509.00,500.50,505.00,1558092
10-Sep-15,512.00,516.00,506.50,508.50,1839314
9-Sep-15,513.00,517.00,510.00,516.00,1900775
8-Sep-15,506.00,512.50,504.46,504.50,1492499
7-Sep-15,503.00,504.50,498.90,503.50,813564
4-Sep-15,499.60,505.50,499.10,499.10,2177687
3-Sep-15,506.50,512.50,502.91,504.00,1500957
2-Sep-15,506.00,508.50,500.00,501.50,2414908
1-Sep-15,505.00,508.50,501.50,504.00,2667681
28-Aug-15,515.00,516.00,504.50,515.50,2451248
27-Aug-15,504.00,517.00,500.00,513.50,2876170
26-Aug-15,496.70,498.43,492.40,495.00,3010219
25-Aug-15,493.00,505.00,492.90,503.50,2504251
24-Aug-15,488.20,495.22,482.90,489.70,4920041
21-Aug-15,503.00,511.00,498.30,501.50,2294020
20-Aug-15,516.00,518.00,508.50,509.00,2065523
19-Aug-15,519.50,526.00,513.50,520.00,1675931
18-Aug-15,525.00,526.50,522.50,522.50,1621312
17-Aug-15,526.00,528.50,521.50,526.00,1364051
14-Aug-15,520.00,526.00,519.00,523.50,1732887
13-Aug-15,517.50,522.00,516.00,518.00,1963451
12-Aug-15,517.50,524.11,505.50,511.00,1778780
11-Aug-15,524.50,527.00,521.96,522.00,1509673
10-Aug-15,522.00,527.00,520.00,525.50,1603592
7-Aug-15,521.00,522.00,516.00,519.00,1620329
6-Aug-15,525.50,530.50,520.50,523.50,1572857
5-Aug-15,514.50,528.50,512.50,528.50,2400008
4-Aug-15,516.00,516.50,510.50,514.50,2011121
3-Aug-15,519.50,522.00,511.50,516.00,2397595
31-Jul-15,517.00,522.00,512.14,521.00,2379749
30-Jul-15,515.00,517.50,510.00,515.00,1962467
29-Jul-15,523.00,523.00,512.00,514.50,2344071
28-Jul-15,522.50,523.50,517.50,520.00,1584459
27-Jul-15,539.00,540.50,517.50,520.50,2848854
24-Jul-15,543.00,550.50,540.50,541.00,1630219
23-Jul-15,547.00,549.50,540.00,543.50,1790683
22-Jul-15,528.50,548.50,528.50,541.00,3029587
21-Jul-15,535.50,537.50,533.00,535.50,1570865
20-Jul-15,530.00,542.50,529.75,536.00,1633535
17-Jul-15,536.00,539.88,363.39,530.50,1694962
16-Jul-15,532.50,538.00,529.00,535.00,1674961
15-Jul-15,531.50,534.00,530.00,531.50,1197586
14-Jul-15,532.50,534.50,526.50,533.00,1894020
13-Jul-15,527.50,533.00,527.50,533.00,1429537
10-Jul-15,524.00,526.00,522.00,524.00,1442084
9-Jul-15,506.50,524.00,506.50,519.50,2486028
8-Jul-15,504.50,511.00,503.00,506.00,2762900
7-Jul-15,510.00,513.50,502.00,502.50,1941449
6-Jul-15,505.00,510.50,502.88,508.50,1768252
3-Jul-15,509.50,515.32,509.50,510.50,1143981
2-Jul-15,520.00,521.50,507.50,510.50,2586400
1-Jul-15,514.50,526.00,514.18,520.00,2168631
30-Jun-15,522.50,525.00,512.50,512.50,3757570
29-Jun-15,513.00,534.50,507.50,526.50,3742240
26-Jun-15,533.50,535.00,529.50,530.00,2184221
25-Jun-15,515.00,540.50,512.00,536.00,4549538
24-Jun-15,547.50,549.14,511.00,516.00,5086469
23-Jun-15,544.50,553.50,544.50,549.00,2605516
22-Jun-15,546.50,550.00,538.00,540.50,2368877
19-Jun-15,540.50,548.00,537.19,539.00,3755423
18-Jun-15,539.00,540.00,531.00,539.00,2419973
17-Jun-15,544.00,545.00,540.18,540.50,1327039
16-Jun-15,544.00,546.00,534.50,543.00,1914751
15-Jun-15,550.00,551.50,542.50,545.50,2286095
12-Jun-15,553.50,556.65,549.50,551.50,1309985
11-Jun-15,549.50,556.00,549.00,554.00,1716347
10-Jun-15,540.00,551.00,537.50,549.00,2946085
9-Jun-15,543.00,545.87,539.71,541.00,1706045
8-Jun-15,547.00,549.00,544.50,544.50,1545458
5-Jun-15,556.50,559.00,546.50,547.50,2598924
4-Jun-15,561.50,564.00,552.00,557.00,3882955
3-Jun-15,567.50,571.00,562.50,562.50,2502494
2-Jun-15,578.00,580.50,565.50,567.00,2504010
1-Jun-15,570.00,575.50,569.00,573.50,2010765
29-May-15,577.00,579.00,565.00,568.50,3144770
28-May-15,575.00,580.00,571.50,577.50,3346805
27-May-15,567.50,572.18,567.50,570.00,2139447
26-May-15,573.50,573.68,566.00,567.50,2648154
22-May-15,575.00,577.50,570.50,572.00,1233666
21-May-15,574.50,584.00,571.50,574.50,2216332
20-May-15,571.50,576.50,566.50,575.50,2699719
19-May-15,560.00,573.50,559.50,570.50,2762219
18-May-15,545.50,563.50,545.50,561.50,2376678
15-May-15,543.00,549.00,540.00,544.00,1654800
14-May-15,540.50,545.50,537.50,544.00,2933329
13-May-15,543.00,549.50,541.50,543.00,2766426
12-May-15,556.50,558.50,539.00,541.00,4609660
11-May-15,544.50,564.00,541.50,556.00,4123880
8-May-15,535.00,545.50,532.50,543.50,3908997
7-May-15,541.00,545.00,523.50,526.50,4462649
6-May-15,501.50,541.50,483.50,536.00,8067632
5-May-15,492.80,502.00,490.30,496.50,4092356
1-May-15,484.90,489.70,479.00,489.00,1656310
30-Apr-15,485.10,486.90,477.30,486.00,3474476
29-Apr-15,488.10,491.90,484.80,485.90,2569343
28-Apr-15,491.00,492.11,483.40,488.30,2186737
27-Apr-15,483.80,491.90,477.20,491.80,2895489
24-Apr-15,488.00,490.50,482.70,484.70,1703725
23-Apr-15,482.60,486.80,478.80,486.80,3430277
22-Apr-15,479.80,485.10,478.30,481.60,3386129
21-Apr-15,476.20,483.00,474.50,478.70,3004042
20-Apr-15,469.80,473.10,466.80,472.80,1524133
17-Apr-15,478.30,482.50,468.50,469.30,2435804
16-Apr-15,485.40,485.80,477.60,479.30,1975460
15-Apr-15,479.60,484.90,478.30,483.50,2289388
14-Apr-15,476.70,482.50,476.00,480.70,2341914
13-Apr-15,483.20,484.00,474.00,477.60,2162181
10-Apr-15,478.20,484.40,477.10,484.00,2471718
9-Apr-15,474.40,480.10,473.55,476.90,2212420
8-Apr-15,470.50,474.70,470.50,472.20,2189902
7-Apr-15,470.90,474.90,470.40,473.40,1869371
2-Apr-15,467.70,470.60,465.00,469.90,1325610
1-Apr-15,465.60,470.60,464.70,468.80,3087408
31-Mar-15,468.70,475.10,465.40,466.70,3862165
30-Mar-15,465.80,471.21,463.40,469.00,3140730
27-Mar-15,465.20,470.70,458.40,461.90,3169524
26-Mar-15,465.30,465.90,458.40,465.30,2717967
25-Mar-15,480.00,481.80,466.30,468.50,3722680
24-Mar-15,479.00,487.40,478.30,481.70,3108653
23-Mar-15,480.90,480.90,473.13,478.60,2048305
20-Mar-15,482.50,485.70,480.30,480.30,4869137
19-Mar-15,480.50,483.20,478.10,481.10,1938612
18-Mar-15,478.80,481.20,476.40,478.40,2455137
17-Mar-15,474.30,479.90,473.00,478.70,2579214
16-Mar-15,474.40,476.80,470.80,474.20,2539938
13-Mar-15,469.00,477.30,464.60,472.70,2605093
12-Mar-15,477.90,482.00,476.00,476.80,2372008
11-Mar-15,478.80,481.90,473.50,476.30,2548294
10-Mar-15,484.10,491.70,476.30,476.80,2888233
9-Mar-15,491.00,491.00,483.30,486.00,1869787
6-Mar-15,492.10,497.00,490.90,491.40,2188141
5-Mar-15,485.00,494.70,484.20,491.70,2018237
4-Mar-15,482.20,484.80,477.30,484.80,1300041
3-Mar-15,485.70,490.10,482.80,482.80,1444769
2-Mar-15,485.20,495.90,482.60,484.20,1924333
27-Feb-15,486.20,487.10,483.40,484.50,2380483
26-Feb-15,483.60,488.30,481.50,488.30,1801404
25-Feb-15,483.50,484.50,478.60,482.80,1953464
24-Feb-15,479.00,486.90,479.00,483.50,2804752
23-Feb-15,473.80,479.40,473.60,479.10,1484419
20-Feb-15,471.70,472.30,469.80,471.60,2297844
19-Feb-15,470.20,474.46,469.43,472.00,1604224
18-Feb-15,465.40,470.60,463.70,470.10,2191510
17-Feb-15,469.30,470.40,464.20,464.90,2336486
16-Feb-15,470.90,472.10,465.00,470.40,1849942
13-Feb-15,476.20,481.70,466.70,471.40,2424477
12-Feb-15,473.40,479.90,472.40,474.70,2344335
11-Feb-15,478.30,481.30,475.00,481.20,2287522
10-Feb-15,477.10,479.00,472.40,478.70,3137550
9-Feb-15,484.10,484.10,475.20,476.10,2076325
6-Feb-15,485.40,486.60,483.20,484.90,1552502
5-Feb-15,482.80,487.80,482.80,485.40,2272508
4-Feb-15,480.90,484.60,478.90,484.40,2936671
3-Feb-15,477.90,482.30,476.80,480.40,2155788
2-Feb-15,479.90,481.10,474.70,477.00,2436923
30-Jan-15,482.70,484.09,479.90,480.20,3294196
29-Jan-15,479.80,483.50,475.70,481.50,3356856
28-Jan-15,482.40,486.20,468.00,481.70,7502442
27-Jan-15,480.80,486.00,479.90,484.00,3148419
26-Jan-15,477.70,481.60,474.90,480.00,2713907
23-Jan-15,479.00,480.00,476.30,478.70,3009509
22-Jan-15,471.30,483.27,471.30,477.60,4253061
21-Jan-15,472.50,474.60,469.40,472.10,1994012
20-Jan-15,469.30,476.10,468.50,471.60,2467905
19-Jan-15,467.70,469.90,466.50,469.00,1208167
16-Jan-15,464.50,469.80,461.80,469.20,1464348
15-Jan-15,465.00,467.70,459.10,467.70,2081260
14-Jan-15,458.60,465.20,458.50,461.90,3021482
13-Jan-15,463.50,467.50,458.70,463.40,3225767
12-Jan-15,464.40,467.50,462.00,465.00,2562278
9-Jan-15,464.00,469.50,460.80,462.60,2357226
8-Jan-15,456.50,465.60,453.50,465.60,3723144
7-Jan-15,461.30,463.50,454.80,460.00,2806190
6-Jan-15,467.80,468.00,457.75,459.80,2551272
5-Jan-15,466.70,470.70,465.89,467.80,2620693
31-Dec-14,469.40,470.40,464.60,465.70,406148
30-Dec-14,467.50,469.40,464.20,468.80,1935305
29-Dec-14,465.10,473.60,464.10,469.00,1633232
24-Dec-14,461.60,464.13,459.80,464.00,328093
23-Dec-14,461.50,462.80,458.10,462.70,1961743
22-Dec-14,459.40,463.20,456.40,461.00,2311880
19-Dec-14,449.10,458.60,448.70,457.60,5986522
18-Dec-14,442.10,448.20,438.20,446.30,2496570
17-Dec-14,434.10,439.90,431.00,437.70,2224186
16-Dec-14,430.30,439.20,427.70,438.20,3572227
15-Dec-14,434.00,437.70,429.30,429.70,2899328
12-Dec-14,437.20,438.90,433.10,433.60,3191717
11-Dec-14,437.50,439.40,432.20,438.90,3146144
10-Dec-14,437.10,441.50,436.80,437.40,2665227
9-Dec-14,444.20,446.30,436.80,437.10,2707893
8-Dec-14,447.50,451.80,441.60,446.50,2785382
5-Dec-14,452.90,456.60,447.50,447.90,4761299
4-Dec-14,423.40,458.10,423.40,449.60,8488224
3-Dec-14,404.00,428.30,403.90,422.10,4881468
2-Dec-14,403.00,406.70,399.70,403.20,3562964
1-Dec-14,406.00,407.00,401.90,402.10,3040718
28-Nov-14,401.00,408.20,399.40,407.10,2548107
27-Nov-14,406.50,408.54,399.20,400.90,2335176
26-Nov-14,407.70,409.40,404.80,406.90,2607553
25-Nov-14,401.30,406.90,398.50,406.90,4315817
24-Nov-14,399.20,401.80,396.90,401.30,1947266
21-Nov-14,393.00,399.00,391.00,399.00,2803400
20-Nov-14,391.20,393.00,389.40,392.80,2062510
19-Nov-14,394.10,394.10,389.80,391.90,2334408
18-Nov-14,391.40,393.40,389.80,392.70,1696789
17-Nov-14,385.70,390.60,385.40,390.60,2108007
14-Nov-14,389.50,390.70,387.10,390.70,2051122
13-Nov-14,383.00,389.30,382.90,388.50,2314050
12-Nov-14,381.20,382.90,379.80,381.00,1910783
11-Nov-14,381.30,381.90,380.30,381.60,1310566
10-Nov-14,374.20,380.20,373.40,380.20,2508537
7-Nov-14,381.50,382.00,374.20,375.40,3925007
6-Nov-14,377.80,380.70,375.60,380.20,1768780
5-Nov-14,372.80,379.90,372.40,378.80,2384840
4-Nov-14,374.60,376.30,368.00,370.90,3290643
3-Nov-14,377.70,379.20,374.40,375.00,2111254
31-Oct-14,379.30,380.50,375.30,377.70,2932015
30-Oct-14,372.00,375.60,370.90,375.60,1813748
29-Oct-14,370.60,372.10,369.40,371.00,2008199
28-Oct-14,369.20,371.00,367.70,369.20,1328054
27-Oct-14,369.40,369.90,364.80,367.30,1552001
24-Oct-14,366.50,366.94,363.60,366.80,1774892
23-Oct-14,366.20,366.90,363.00,366.60,1856290
22-Oct-14,363.70,368.30,362.96,365.90,2985177
21-Oct-14,356.00,363.00,355.20,362.60,3488692
20-Oct-14,357.40,360.30,355.00,356.10,2515416
17-Oct-14,350.00,358.70,349.83,358.70,3390312
16-Oct-14,355.30,358.40,347.00,350.80,5552434
15-Oct-14,360.60,360.90,353.00,353.40,3830692
14-Oct-14,350.70,360.10,350.70,359.20,3193089
13-Oct-14,347.70,352.80,346.70,352.50,2545567
10-Oct-14,350.00,353.30,349.40,350.10,2785148
9-Oct-14,356.30,356.50,350.60,351.20,2342734
8-Oct-14,355.50,356.30,349.70,353.20,3283203
7-Oct-14,357.60,357.64,352.90,356.40,2999938
6-Oct-14,358.50,359.64,356.30,358.20,1981443
3-Oct-14,356.20,360.00,354.20,357.80,2139612
2-Oct-14,361.10,361.30,354.90,355.20,3751641
1-Oct-14,365.00,366.90,360.90,361.40,2338787
30-Sep-14,369.50,369.80,365.30,365.40,3092592
29-Sep-14,372.60,373.10,367.50,369.80,2011276
26-Sep-14,370.80,374.00,368.70,372.50,1768147
25-Sep-14,372.70,376.20,369.50,370.50,2894541
24-Sep-14,372.50,376.20,370.40,372.30,2749997
23-Sep-14,377.30,377.30,372.10,373.10,2789039
22-Sep-14,375.10,378.00,373.90,377.00,1883580
19-Sep-14,380.40,380.90,375.00,376.00,4350945
18-Sep-14,373.90,377.10,373.90,377.00,2021993
17-Sep-14,377.30,379.00,374.00,374.00,2697417
16-Sep-14,381.70,381.90,375.50,376.50,2217316
15-Sep-14,381.20,383.90,377.00,383.00,2095498
12-Sep-14,384.00,384.10,377.60,382.80,2645161
11-Sep-14,390.20,390.41,379.90,382.90,2642159
10-Sep-14,388.00,390.40,388.00,389.50,1686854
9-Sep-14,389.40,391.00,385.20,389.80,1947111
8-Sep-14,388.90,390.00,385.90,389.50,2162390
5-Sep-14,397.60,397.60,389.00,389.70,2933407
4-Sep-14,402.00,403.50,394.40,395.70,2386614
3-Sep-14,399.40,404.60,398.60,401.50,1605567
2-Sep-14,397.40,399.00,394.50,399.00,1625175
1-Sep-14,394.50,397.20,393.10,396.10,1243244
29-Aug-14,394.60,395.40,391.70,393.70,1688081
28-Aug-14,396.70,396.70,392.40,393.80,2084973
27-Aug-14,396.00,397.60,392.70,396.50,2104679
26-Aug-14,400.00,402.30,396.70,397.00,2062962
22-Aug-14,398.70,399.70,396.70,398.40,1350888
21-Aug-14,397.30,399.30,395.20,398.10,1245579
20-Aug-14,397.90,400.65,396.10,396.70,1597874
19-Aug-14,398.20,398.70,396.10,397.10,1633402
18-Aug-14,394.10,400.50,393.26,396.80,2163757
15-Aug-14,390.80,394.30,389.00,392.20,2584502
14-Aug-14,389.50,392.20,389.00,390.50,2108439
13-Aug-14,390.10,391.04,387.00,390.20,2162742
12-Aug-14,387.80,389.10,384.10,388.90,1978025
11-Aug-14,389.10,390.00,387.00,388.00,2180350
8-Aug-14,379.70,389.90,379.70,387.00,3758358
7-Aug-14,373.30,383.00,371.00,382.10,3981729
6-Aug-14,368.70,375.70,368.70,370.70,2607363
5-Aug-14,366.70,370.50,365.50,368.10,1820411
4-Aug-14,367.90,367.90,363.00,366.00,1850600
1-Aug-14,369.10,369.10,363.80,366.00,3194667
31-Jul-14,371.00,372.20,367.70,369.10,3158821
30-Jul-14,372.40,372.60,369.60,370.20,1849924
29-Jul-14,370.80,372.70,369.50,371.80,2614746
28-Jul-14,371.60,372.50,367.70,370.10,2600543
25-Jul-14,371.70,375.60,368.80,370.00,2299118
24-Jul-14,377.90,377.90,371.70,374.00,2756809
23-Jul-14,378.40,385.00,372.20,377.00,3496730
22-Jul-14,381.50,382.80,378.40,381.00,1836406
21-Jul-14,378.60,379.80,376.90,379.20,1272640
18-Jul-14,377.70,378.40,376.30,378.30,1428947
17-Jul-14,378.70,380.47,375.80,379.00,2020285
16-Jul-14,376.50,381.46,375.80,379.40,2074974
15-Jul-14,376.90,377.30,374.40,375.10,1884623
14-Jul-14,376.50,379.80,374.90,377.70,1739885
11-Jul-14,373.20,375.10,368.10,375.00,2466062
10-Jul-14,377.60,381.90,370.20,373.00,2329653
9-Jul-14,383.50,383.50,377.10,377.50,2080991
8-Jul-14,384.00,385.30,378.10,383.20,2722609
7-Jul-14,386.30,387.30,382.10,383.00,1687876
4-Jul-14,388.60,389.40,385.90,386.10,1216712
3-Jul-14,386.20,389.60,385.00,388.50,1812995
2-Jul-14,386.50,389.50,384.50,386.40,2623649
1-Jul-14,384.60,387.40,382.70,386.30,2051422
30-Jun-14,384.70,388.40,384.06,384.06,2687723
27-Jun-14,384.20,385.50,380.70,384.80,1586294
26-Jun-14,380.10,386.00,380.10,384.40,1837705
25-Jun-14,380.10,382.30,374.50,379.00,3382646
24-Jun-14,387.60,388.70,380.60,383.60,2529028
23-Jun-14,391.70,391.70,386.40,387.10,1555809
20-Jun-14,390.50,394.00,388.20,391.20,1790630
19-Jun-14,392.90,397.30,391.00,391.20,1436820
18-Jun-14,391.10,395.60,389.20,389.20,1379412
17-Jun-14,390.80,397.90,389.80,391.40,2714801
16-Jun-14,393.80,398.40,387.80,390.60,1823693
13-Jun-14,403.50,404.60,393.90,395.70,1916535
12-Jun-14,403.50,406.30,401.90,404.60,1453279
11-Jun-14,410.90,411.70,402.80,403.20,1875885
10-Jun-14,412.20,412.30,408.50,410.40,1441335
9-Jun-14,413.30,414.20,411.60,412.20,869291
6-Jun-14,410.80,414.20,409.60,412.90,918396
5-Jun-14,415.40,417.47,409.90,410.70,1402384
4-Jun-14,411.20,418.85,410.90,414.80,1671221
3-Jun-14,412.00,415.66,408.30,411.28,1244240
2-Jun-14,411.20,417.39,410.20,413.38,1400111
30-May-14,411.80,419.39,409.78,409.78,2712538
29-May-14,413.50,416.57,408.00,411.80,1295773
28-May-14,414.20,419.50,412.30,414.08,1440558
27-May-14,404.30,417.58,400.00,413.80,1540048
23-May-14,401.40,406.03,400.10,401.60,1151433
22-May-14,401.90,406.80,400.80,401.50,1788612
21-May-14,402.20,405.00,399.50,402.20,1599941
20-May-14,399.30,404.40,397.90,402.70,1790542
19-May-14,398.40,402.20,396.10,397.70,2197767
16-May-14,393.20,397.60,386.80,397.50,2950131
15-May-14,400.50,402.00,386.94,392.40,2604274
14-May-14,403.00,406.30,399.10,400.10,1730400
13-May-14,403.10,406.80,400.60,406.00,2517897
12-May-14,397.10,406.70,397.10,403.00,3007702
9-May-14,398.80,398.80,387.90,396.50,4236806
8-May-14,419.70,419.70,389.30,399.50,5512052
7-May-14,426.10,428.02,420.50,422.00,2625005
6-May-14,423.50,427.40,422.38,427.40,1784923
2-May-14,424.60,424.60,419.90,422.50,2463435
1-May-14,425.10,428.85,420.60,420.80,1157533
30-Apr-14,418.70,426.40,418.70,426.40,2157639
29-Apr-14,418.60,426.70,416.80,419.90,2751769
28-Apr-14,416.70,421.70,416.10,418.30,1860105
25-Apr-14,414.20,417.10,412.60,417.10,1823855
24-Apr-14,413.60,419.70,410.60,415.80,1629346
23-Apr-14,411.20,412.40,409.40,411.70,1743775
22-Apr-14,403.10,413.90,402.08,411.00,3093389
17-Apr-14,399.70,403.90,396.20,403.00,1972244
16-Apr-14,395.60,399.40,395.36,398.70,1971188
15-Apr-14,388.20,393.60,387.50,391.70,2139103
14-Apr-14,388.20,389.70,383.40,389.70,2058890
11-Apr-14,395.00,395.50,381.90,390.60,2476378
10-Apr-14,405.00,409.24,399.00,399.00,2548771
9-Apr-14,395.30,404.70,394.30,402.20,1749877
8-Apr-14,401.60,403.00,393.70,395.10,2338254
7-Apr-14,405.30,408.10,402.00,403.20,1743219
4-Apr-14,413.40,415.30,409.20,410.10,1561147
3-Apr-14,418.20,419.40,413.20,413.90,1351443
2-Apr-14,417.90,422.50,417.60,418.26,1455368
1-Apr-14,419.60,420.00,415.40,418.24,1903967
31-Mar-14,420.90,422.30,417.30,418.08,1457739
28-Mar-14,418.40,423.20,416.70,420.00,1568470
27-Mar-14,424.60,426.60,417.20,418.28,2244524
26-Mar-14,430.10,432.70,425.60,427.30,2286573
25-Mar-14,424.20,434.70,423.17,429.90,2775676
24-Mar-14,423.50,433.10,417.20,423.50,2542205
21-Mar-14,419.30,424.40,417.20,424.40,3858585
20-Mar-14,421.80,423.10,416.20,420.20,1694188
19-Mar-14,415.60,426.30,413.70,424.40,2524617
18-Mar-14,410.60,416.40,410.00,415.90,2172849
17-Mar-14,404.10,413.70,403.20,411.10,1700896
14-Mar-14,407.10,409.20,401.70,403.10,1726904
13-Mar-14,411.00,412.30,408.00,409.20,1837670
12-Mar-14,413.60,415.00,410.20,411.20,1569108
11-Mar-14,418.10,418.10,415.50,416.00,1419274
10-Mar-14,420.50,421.30,415.80,417.50,1696146
7-Mar-14,424.70,425.40,419.00,419.40,1892059
6-Mar-14,425.20,426.80,420.80,422.90,1281058
5-Mar-14,423.90,425.40,422.40,423.50,1290625
4-Mar-14,424.70,427.40,423.40,424.40,2273478
3-Mar-14,426.00,426.50,419.00,422.80,1558931
28-Feb-14,432.40,433.90,429.80,431.70,2908281
27-Feb-14,434.60,435.20,429.20,433.20,1598513
26-Feb-14,435.70,438.90,433.90,435.30,1550150
25-Feb-14,429.50,436.70,426.80,435.50,3829525
24-Feb-14,423.40,430.00,420.80,429.40,2204142
21-Feb-14,425.80,426.30,422.40,423.40,2568858
20-Feb-14,420.60,424.30,417.90,424.00,1923422
19-Feb-14,422.50,424.10,421.00,422.00,1176545
18-Feb-14,421.40,423.70,418.50,422.70,1984423
17-Feb-14,414.20,422.20,413.40,420.90,1812791
14-Feb-14,414.70,417.40,414.40,416.00,1200617
13-Feb-14,417.70,419.90,411.60,415.10,2080783
12-Feb-14,421.20,424.60,418.60,419.60,2989722
11-Feb-14,420.60,428.10,419.80,428.10,2464045
10-Feb-14,415.50,420.20,414.60,420.00,1621957
7-Feb-14,413.00,419.90,413.00,416.00,1995189
6-Feb-14,407.90,414.10,407.90,412.90,2101798
5-Feb-14,414.30,415.80,406.90,407.20,1915293
4-Feb-14,406.20,417.60,402.00,414.80,2516362
3-Feb-14,407.10,417.50,407.10,409.50,2467224
31-Jan-14,419.70,419.70,406.40,408.30,3426316
30-Jan-14,418.30,421.50,413.80,420.50,1914497
29-Jan-14,425.80,428.20,416.40,418.00,2390676
28-Jan-14,415.00,428.00,414.80,423.50,2401672
27-Jan-14,421.00,422.20,412.10,415.50,2516813
24-Jan-14,430.90,433.20,416.80,419.50,3632283
23-Jan-14,426.80,432.20,423.90,431.40,3225842
22-Jan-14,414.40,438.80,414.40,426.90,3803995
21-Jan-14,411.00,413.70,408.90,413.10,1997258
20-Jan-14,411.70,412.20,409.30,411.70,1055203
17-Jan-14,404.20,411.00,404.20,410.80,2470670
16-Jan-14,399.50,406.00,398.60,405.70,1591482
15-Jan-14,394.00,401.30,393.90,400.50,1901217
14-Jan-14,398.50,402.90,393.20,393.60,2504087
13-Jan-14,400.30,402.20,399.10,401.70,847260
10-Jan-14,397.00,401.60,396.00,400.90,1503445
9-Jan-14,397.40,402.40,394.70,396.30,1920294
8-Jan-14,396.40,397.50,389.30,397.50,1829847
7-Jan-14,396.70,396.70,392.50,393.60,1382801
6-Jan-14,400.50,402.30,394.30,395.50,1911360
3-Jan-14,395.10,403.20,393.80,400.70,2091324
2-Jan-14,405.80,406.10,393.80,394.10,2885687
31-Dec-13,403.50,405.80,401.70,403.70,394914
30-Dec-13,406.60,407.80,401.50,401.60,2501781
27-Dec-13,403.10,407.60,402.80,406.20,1203062
24-Dec-13,401.60,404.70,401.60,403.10,212008
23-Dec-13,398.40,403.80,395.50,403.70,1475177
20-Dec-13,393.60,397.00,390.20,397.00,3959580
19-Dec-13,389.30,396.30,388.20,392.10,2020149
18-Dec-13,384.00,386.60,382.30,385.30,1875947
17-Dec-13,375.30,384.50,374.10,382.30,2363285
16-Dec-13,374.10,377.40,373.20,375.00,1746487
13-Dec-13,373.10,376.90,369.80,375.50,2127745
12-Dec-13,370.60,374.60,369.90,373.40,2408559
11-Dec-13,373.30,376.70,370.70,372.10,1954954
10-Dec-13,371.70,376.40,370.10,373.00,2086918
9-Dec-13,373.00,375.60,369.90,371.80,2726243
6-Dec-13,369.80,375.50,368.80,372.10,2100877
5-Dec-13,370.00,374.00,368.80,370.00,4503882
4-Dec-13,361.70,381.30,361.70,372.90,7530162
3-Dec-13,347.80,348.70,346.10,347.40,2062245
2-Dec-13,347.60,349.20,346.10,347.20,1169496
29-Nov-13,349.80,351.70,348.40,348.40,2203163
28-Nov-13,348.10,350.40,347.40,349.50,1670229
27-Nov-13,346.00,350.00,345.10,347.80,1362105
26-Nov-13,348.90,350.40,346.60,346.60,2344440
25-Nov-13,346.80,351.10,346.80,349.50,860200
22-Nov-13,342.80,347.20,342.20,345.70,1398947
21-Nov-13,343.50,344.70,341.00,342.60,1345873
20-Nov-13,348.80,348.80,344.90,345.20,1173149
19-Nov-13,344.90,349.20,344.00,348.70,905927
18-Nov-13,347.20,348.70,344.80,345.70,1296187
15-Nov-13,350.00,351.70,347.60,348.70,2060746
14-Nov-13,348.20,351.20,347.90,349.30,1716033
13-Nov-13,343.80,348.50,343.80,346.00,1727134
12-Nov-13,348.80,349.70,344.20,345.80,1840955
11-Nov-13,345.40,350.20,345.40,349.00,1231740
8-Nov-13,342.90,344.90,341.70,344.50,1711824
7-Nov-13,346.90,349.50,344.30,345.40,1962428
6-Nov-13,341.30,347.20,340.70,346.00,2397799
5-Nov-13,339.10,340.80,337.90,339.70,1976902
4-Nov-13,337.00,339.30,337.00,338.20,959819
1-Nov-13,339.50,339.50,336.00,337.10,1516111
31-Oct-13,337.60,338.30,335.40,337.10,2367483
30-Oct-13,335.50,337.50,334.10,337.50,1303130
29-Oct-13,333.20,334.70,330.80,334.70,1497832
28-Oct-13,335.20,337.20,333.10,334.40,2291061
25-Oct-13,325.00,332.30,324.20,331.90,2397240
24-Oct-13,327.00,327.60,324.20,327.00,2388556
23-Oct-13,331.80,-,326.40,327.00,2669639
22-Oct-13,332.90,333.10,331.60,333.10,1503386
21-Oct-13,331.20,333.00,328.90,332.50,1822579
18-Oct-13,322.70,329.50,322.30,329.30,2196294
17-Oct-13,317.30,323.00,317.30,322.20,1271004
16-Oct-13,318.20,321.10,317.90,320.00,2281055
15-Oct-13,324.90,325.90,320.00,320.00,1968093
14-Oct-13,321.00,326.10,315.80,323.70,1661602
11-Oct-13,318.90,322.90,318.70,322.90,2582990
10-Oct-13,314.00,320.00,311.60,318.30,3080151
9-Oct-13,319.20,319.40,312.00,312.90,3942320
8-Oct-13,324.60,326.10,320.60,320.60,2432649
7-Oct-13,329.10,329.10,323.40,324.30,1829224
4-Oct-13,333.70,333.70,328.80,329.00,1524360
3-Oct-13,331.90,334.30,331.10,333.90,1906827
2-Oct-13,328.90,334.70,328.00,333.20,2448115
1-Oct-13,330.50,332.50,328.40,330.60,2131638
30-Sep-13,328.20,329.80,327.30,329.80,2237081
27-Sep-13,335.50,336.20,329.80,329.90,2072827
26-Sep-13,336.10,336.60,333.30,335.90,1874684
25-Sep-13,346.00,346.00,334.40,335.50,2517605
24-Sep-13,347.30,349.70,346.20,347.10,1358289
20-Sep-13,347.40,350.00,346.70,346.70,2605536
19-Sep-13,352.00,352.20,348.40,349.10,1586310
18-Sep-13,354.20,354.40,348.60,349.90,1825097
17-Sep-13,360.90,361.50,353.00,353.00,2071748
16-Sep-13,357.50,362.10,354.80,360.40,1906227
13-Sep-13,349.60,351.80,349.30,350.70,1354620
12-Sep-13,348.90,350.60,347.00,349.70,1480803
11-Sep-13,346.70,347.50,344.70,347.50,1368968
10-Sep-13,345.00,348.30,344.90,346.60,1653056
9-Sep-13,345.90,346.20,342.00,344.40,2496888
6-Sep-13,347.20,350.30,344.90,345.80,2665368
5-Sep-13,351.70,355.10,348.60,352.10,1150187
4-Sep-13,350.10,352.30,347.10,351.60,1653682
3-Sep-13,349.80,352.00,347.70,350.00,1810264
2-Sep-13,346.90,350.10,344.90,349.60,1390803
30-Aug-13,350.30,350.80,342.90,344.10,3410608
29-Aug-13,349.80,352.20,347.70,350.20,1315845
28-Aug-13,349.50,350.00,346.00,349.70,1370116
27-Aug-13,354.40,355.20,349.80,350.30,1571001
23-Aug-13,353.50,357.30,353.10,355.20,1185703
22-Aug-13,352.20,354.80,352.00,353.40,970865
21-Aug-13,355.10,355.60,352.10,352.10,1192816
20-Aug-13,355.00,355.30,352.00,355.00,1107497
19-Aug-13,354.20,357.30,352.90,356.50,1121115
16-Aug-13,352.00,354.50,351.20,353.00,1448874
15-Aug-13,359.40,359.40,351.90,352.00,1622528
14-Aug-13,359.20,362.40,359.20,359.50,1161898
13-Aug-13,357.10,360.20,355.70,359.10,835036
12-Aug-13,358.80,361.10,355.70,357.00,977420
9-Aug-13,357.40,360.50,356.10,358.80,1263975
8-Aug-13,352.90,359.40,352.90,357.20,1559887
7-Aug-13,353.90,354.70,350.70,353.20,1555252
6-Aug-13,353.60,357.00,351.70,354.00,1437714
5-Aug-13,352.30,355.90,352.00,353.70,1009237
2-Aug-13,355.10,356.90,351.90,352.40,1054295
1-Aug-13,352.50,355.50,351.70,355.00,1264042
31-Jul-13,350.80,354.10,350.20,350.50,2068347
30-Jul-13,351.60,355.10,351.00,353.40,1195566
29-Jul-13,351.20,354.70,349.30,351.50,1309032
26-Jul-13,354.30,354.30,349.70,351.10,1246693
25-Jul-13,355.50,356.90,349.60,352.10,2020847
24-Jul-13,358.90,358.90,354.90,356.60,1829805
23-Jul-13,355.90,368.80,352.20,359.00,4107446
22-Jul-13,355.70,356.00,351.40,352.80,1441793
19-Jul-13,355.60,357.50,352.80,355.60,3556560
18-Jul-13,362.00,362.00,355.30,357.10,2400024
17-Jul-13,362.30,362.80,355.40,362.10,2427422
16-Jul-13,356.30,360.30,354.30,359.80,2656804
15-Jul-13,368.30,370.30,352.30,356.10,3686241
12-Jul-13,364.10,368.60,364.10,366.90,1194213
11-Jul-13,366.30,366.60,361.00,364.00,1346811
10-Jul-13,364.50,368.43,358.60,362.20,1683626
9-Jul-13,361.40,365.40,361.40,364.40,1516934
8-Jul-13,360.60,363.00,358.70,360.50,1125403
5-Jul-13,359.60,364.50,357.50,357.60,2150410
4-Jul-13,346.20,359.80,346.20,359.40,1566190
3-Jul-13,350.10,350.70,343.60,346.10,1570546
2-Jul-13,351.60,352.20,349.50,351.10,1401157
1-Jul-13,340.70,353.40,340.70,351.50,3210452
28-Jun-13,342.40,342.80,339.40,340.20,2802898
27-Jun-13,333.70,343.60,333.00,342.50,2302641
26-Jun-13,335.50,338.20,330.30,333.60,3110486
25-Jun-13,333.00,336.00,331.25,335.40,3868130
24-Jun-13,333.30,334.20,328.80,330.60,2345901
21-Jun-13,335.20,339.90,332.60,333.30,6486191
20-Jun-13,336.20,354.52,333.60,335.10,3041497
19-Jun-13,333.20,340.60,331.00,340.00,3290074
18-Jun-13,337.80,340.60,332.80,333.20,2862082
17-Jun-13,341.37,343.60,337.40,337.90,1600658
14-Jun-13,339.20,340.70,336.40,339.30,1539996
13-Jun-13,333.30,337.30,331.70,334.99,1673841
12-Jun-13,342.90,342.90,336.30,337.03,1999894
11-Jun-13,346.30,348.30,339.80,341.70,3153826
10-Jun-13,348.50,349.90,345.50,346.80,1546688
7-Jun-13,370.90,370.90,363.10,366.10,2229469
6-Jun-13,374.90,377.80,369.50,369.90,1676742
5-Jun-13,370.80,376.00,370.60,374.60,1922409
4-Jun-13,375.90,378.30,372.30,372.50,1889084
3-Jun-13,382.00,382.00,373.90,373.90,2216412
31-May-13,384.80,388.10,380.00,384.10,4562291
30-May-13,379.10,388.20,378.80,386.70,1719566
29-May-13,385.50,385.50,378.00,380.20,1880289
28-May-13,382.30,387.20,382.30,386.50,2497268
24-May-13,384.00,385.20,378.90,381.00,2651971
23-May-13,381.50,384.30,376.40,383.10,2648316
22-May-13,383.40,391.10,383.30,386.30,2510569
21-May-13,387.20,388.60,383.00,384.40,2174237
20-May-13,381.60,388.70,379.80,387.20,2282360
17-May-13,374.20,382.80,373.70,382.40,2251935
16-May-13,370.20,377.80,368.70,374.80,2302136
15-May-13,370.70,373.00,368.40,370.50,1760309
14-May-13,370.10,375.50,367.20,375.50,2089210
13-May-13,369.50,371.50,368.00,369.20,1508655
10-May-13,366.00,368.80,364.50,368.80,1529836
9-May-13,357.80,366.10,352.90,366.10,1877009
8-May-13,358.70,369.70,358.60,365.00,3555551
7-May-13,354.40,357.70,353.10,356.90,2695507
3-May-13,353.10,357.90,351.90,356.20,1522834
2-May-13,356.90,360.40,351.20,353.20,2284670
1-May-13,356.30,359.80,356.30,358.80,1017118
30-Apr-13,359.30,360.80,354.10,355.00,2707881
29-Apr-13,358.90,360.70,355.50,358.20,2416981
26-Apr-13,361.10,362.70,356.40,358.50,2739142
25-Apr-13,363.40,364.70,360.50,361.70,2039951
24-Apr-13,360.30,363.80,359.20,363.80,2302373
23-Apr-13,353.90,360.70,353.90,359.70,2005198
22-Apr-13,356.20,360.00,352.90,354.10,1514119
19-Apr-13,352.50,359.10,352.50,358.30,1649434
18-Apr-13,358.00,360.80,357.50,357.90,1329039
17-Apr-13,361.60,363.30,356.10,356.30,2174820
16-Apr-13,357.00,359.90,355.50,359.30,1352776
15-Apr-13,359.98,360.90,357.03,358.82,1601160
12-Apr-13,356.90,360.70,355.70,359.50,1490025
11-Apr-13,353.20,363.40,353.20,359.20,2050622
10-Apr-13,347.40,354.70,346.50,353.70,2385609
9-Apr-13,349.10,351.70,346.90,347.10,1942165
8-Apr-13,348.10,351.20,346.50,347.40,1405695
5-Apr-13,350.40,351.50,345.80,346.80,2234032
4-Apr-13,355.80,357.80,349.60,349.80,1804396
3-Apr-13,359.03,359.11,355.87,356.50,2301348
2-Apr-13,358.80,367.00,358.80,360.10,2006858
28-Mar-13,355.60,361.60,353.80,360.50,2498361
27-Mar-13,355.60,360.90,352.20,354.30,1995779
26-Mar-13,356.40,357.50,354.10,354.70,1515529
25-Mar-13,354.80,360.90,349.80,354.60,2161001
22-Mar-13,352.20,358.10,351.60,354.70,2511860
21-Mar-13,354.70,356.20,351.00,353.60,2958386
20-Mar-13,363.00,363.90,357.60,359.20,2479467
19-Mar-13,361.60,363.60,358.90,361.10,2819474
18-Mar-13,355.90,362.50,326.30,361.30,3446720
15-Mar-13,365.30,365.60,358.10,359.60,5253859
14-Mar-13,359.90,366.90,359.90,364.00,3390093
13-Mar-13,360.10,363.00,359.20,360.00,2329670
12-Mar-13,358.80,363.60,357.50,360.20,3310409
11-Mar-13,358.70,361.00,351.20,359.70,3218221
8-Mar-13,370.70,374.80,362.70,367.60,2734968
7-Mar-13,362.90,371.40,362.00,370.40,2532316
6-Mar-13,363.30,363.30,360.00,362.00,1709363
5-Mar-13,358.90,363.20,358.90,362.50,1559052
4-Mar-13,356.70,359.80,354.20,357.10,2103389
1-Mar-13,358.10,360.60,354.70,358.00,1796048
28-Feb-13,357.20,361.30,356.60,357.70,3090991
27-Feb-13,354.72,362.34,353.77,356.82,2009217
26-Feb-13,355.00,355.00,352.10,353.60,1569325
25-Feb-13,360.30,362.30,357.00,358.40,1506460
22-Feb-13,349.80,361.30,349.80,360.80,2121617
21-Feb-13,358.30,358.50,348.90,350.20,2076997
20-Feb-13,355.10,363.60,354.50,359.80,1850332
19-Feb-13,349.77,354.85,349.77,354.72,1821583
18-Feb-13,355.80,356.20,349.80,349.80,1915531
15-Feb-13,351.70,358.40,350.60,355.50,2306986
14-Feb-13,349.80,352.80,348.10,350.90,1752639
13-Feb-13,354.20,357.30,349.00,350.60,2877375
12-Feb-13,351.88,361.06,349.25,361.03,3017363
11-Feb-13,347.50,352.30,344.50,351.80,2485874
8-Feb-13,342.20,348.60,341.50,347.80,2471242
7-Feb-13,346.62,347.58,340.52,340.62,2100209
6-Feb-13,346.30,349.60,344.60,346.60,1665094
5-Feb-13,343.30,345.40,341.90,345.20,2203690
4-Feb-13,343.36,345.85,341.15,342.41,1731119
1-Feb-13,340.60,343.80,340.60,342.40,2186111
31-Jan-13,349.00,349.20,339.50,339.50,3945143
30-Jan-13,342.70,349.90,341.90,348.80,2570232
29-Jan-13,341.40,342.80,340.40,341.90,2467595
28-Jan-13,342.20,345.04,341.77,342.62,1868317
25-Jan-13,335.40,342.90,334.50,342.60,2489225
24-Jan-13,328.50,336.70,327.60,334.60,1760317
23-Jan-13,332.70,335.80,325.40,329.30,3464697
22-Jan-13,333.90,334.50,331.80,333.30,2687234
21-Jan-13,335.00,336.60,330.30,333.50,1804299
18-Jan-13,329.20,334.50,328.90,333.80,2008619
17-Jan-13,330.60,330.90,327.40,329.20,2350453
16-Jan-13,327.05,332.24,326.84,330.73,1978596
15-Jan-13,325.40,328.90,324.20,327.70,2367912
14-Jan-13,328.21,328.21,323.03,326.10,2832618
11-Jan-13,329.00,333.00,328.50,329.90,2087651
10-Jan-13,326.60,327.10,325.20,326.40,1962655
9-Jan-13,324.00,326.60,323.40,325.80,1715936
8-Jan-13,320.90,323.10,320.30,322.40,2012750
7-Jan-13,321.05,321.90,318.60,321.90,2065185
4-Jan-13,319.79,322.00,317.64,321.90,2238117
3-Jan-13,317.90,320.30,316.50,319.50,1963007
2-Jan-13,314.10,318.50,313.50,317.70,1882229
