31-Dec-15,927.50,928.24,914.50,914.50,101356
30-Dec-15,937.00,937.50,910.50,923.50,238580
29-Dec-15,927.00,934.00,921.90,934.00,266510
24-Dec-15,921.00,930.00,918.50,921.00,46178
23-Dec-15,910.00,920.50,903.50,920.50,171829
22-Dec-15,910.00,912.50,896.00,910.50,203468
21-Dec-15,911.00,925.50,905.00,905.00,269425
18-Dec-15,915.00,929.00,909.00,914.00,694253
16-Dec-15,912.00,916.00,909.00,911.50,334397
15-Dec-15,887.00,907.50,887.00,905.00,396586
14-Dec-15,893.00,902.50,884.50,884.50,238255
11-Dec-15,908.00,912.00,894.00,894.00,230304
10-Dec-15,910.00,915.50,906.00,906.00,274702
9-Dec-15,913.00,922.00,911.00,913.50,208925
8-Dec-15,926.00,926.00,916.00,917.50,278923
7-Dec-15,923.00,932.50,921.00,929.51,454711
4-Dec-15,917.50,925.00,906.50,922.00,260866
3-Dec-15,929.50,946.00,923.00,923.00,312311
2-Dec-15,947.00,947.00,933.00,936.00,693080
1-Dec-15,941.50,945.25,928.00,939.50,755365
30-Nov-15,927.50,935.50,922.18,933.00,519498
27-Nov-15,919.00,930.00,918.00,928.00,339907
26-Nov-15,926.00,929.00,918.00,925.00,215063
25-Nov-15,914.50,932.50,914.00,932.50,559808
24-Nov-15,926.00,926.00,903.00,915.50,416245
23-Nov-15,915.50,922.00,910.88,920.00,196777
20-Nov-15,923.00,925.50,915.00,919.50,520284
19-Nov-15,927.00,927.00,915.75,918.00,428245
18-Nov-15,920.50,928.50,913.50,917.00,206203
17-Nov-15,912.50,931.50,912.50,912.72,328074
16-Nov-15,892.00,911.50,890.50,909.50,357372
13-Nov-15,905.00,906.42,893.50,901.50,216691
12-Nov-15,915.50,924.50,905.00,905.00,218612
11-Nov-15,915.00,920.50,908.00,917.50,290055
10-Nov-15,905.00,911.00,896.50,909.00,489764
9-Nov-15,921.50,927.63,898.50,905.50,461496
6-Nov-15,920.50,933.00,920.50,923.00,369274
5-Nov-15,917.00,928.00,913.00,928.00,402601
4-Nov-15,932.00,932.00,905.50,911.00,469731
3-Nov-15,940.50,940.50,921.50,923.50,306793
2-Nov-15,937.50,941.00,933.00,937.00,332239
30-Oct-15,948.00,948.00,936.43,940.50,298303
29-Oct-15,944.00,944.00,933.50,943.50,355484
28-Oct-15,933.50,940.50,932.50,940.50,239436
27-Oct-15,929.50,935.00,928.50,932.00,325615
26-Oct-15,908.50,928.00,908.50,927.00,360404
23-Oct-15,918.50,925.50,915.50,921.00,363577
22-Oct-15,918.00,918.50,908.50,917.00,505908
21-Oct-15,908.50,916.00,902.00,915.00,288710
20-Oct-15,900.00,911.50,900.00,904.50,263424
19-Oct-15,884.00,905.50,883.80,901.00,479999
16-Oct-15,886.00,888.00,878.50,883.00,407698
15-Oct-15,886.00,888.00,880.50,884.00,435619
14-Oct-15,887.00,891.00,878.00,879.00,340064
13-Oct-15,892.00,897.50,885.50,890.00,309322
12-Oct-15,899.00,899.00,888.50,891.50,318395
9-Oct-15,914.00,921.00,896.00,898.00,396892
8-Oct-15,918.00,919.50,904.00,912.50,365091
7-Oct-15,942.50,942.50,913.00,916.50,485380
6-Oct-15,927.50,928.00,919.50,919.50,232406
5-Oct-15,931.00,934.50,924.00,928.50,309063
2-Oct-15,919.50,928.00,908.00,917.00,181791
1-Oct-15,926.00,931.50,912.50,912.50,293078
30-Sep-15,924.50,924.50,910.00,917.00,470597
29-Sep-15,906.00,915.00,903.50,906.00,373428
28-Sep-15,920.00,925.00,912.00,912.00,160595
25-Sep-15,924.00,924.00,916.50,919.00,398838
24-Sep-15,911.00,922.00,908.50,909.50,286705
23-Sep-15,890.00,910.00,886.00,909.00,306251
22-Sep-15,901.50,908.00,893.00,893.00,332947
21-Sep-15,894.50,913.50,894.50,903.00,356142
18-Sep-15,890.00,904.00,888.50,902.50,784346
17-Sep-15,885.00,900.50,884.00,898.00,364248
16-Sep-15,882.50,896.50,882.50,885.00,288630
15-Sep-15,889.00,889.50,880.50,882.50,224633
14-Sep-15,895.00,900.00,885.00,885.00,307976
11-Sep-15,911.00,911.00,890.00,895.00,412122
10-Sep-15,900.00,911.50,896.50,907.00,232738
9-Sep-15,909.00,913.00,901.50,906.50,222253
8-Sep-15,891.00,904.00,891.00,893.00,200758
7-Sep-15,898.50,898.50,887.75,890.00,170747
4-Sep-15,891.50,901.00,889.50,890.50,252913
3-Sep-15,907.50,918.50,905.00,910.00,273251
2-Sep-15,896.50,905.50,889.00,900.50,407185
1-Sep-15,899.00,901.00,886.00,889.00,349095
28-Aug-15,898.00,903.00,894.00,900.00,484040
27-Aug-15,900.00,901.50,887.00,897.50,777135
26-Aug-15,908.50,910.50,889.00,901.00,599250
25-Aug-15,900.50,928.00,891.00,914.50,608814
24-Aug-15,925.00,926.00,878.00,889.50,470060
21-Aug-15,941.00,946.00,925.38,926.00,349442
20-Aug-15,953.00,959.00,946.00,949.75,285933
19-Aug-15,967.00,968.50,954.50,954.50,339759
18-Aug-15,968.00,975.50,968.00,969.50,365013
17-Aug-15,962.00,973.50,961.00,967.00,298176
14-Aug-15,960.00,968.00,955.50,962.00,274579
13-Aug-15,955.50,960.22,945.50,957.00,401297
12-Aug-15,964.00,967.38,942.50,948.00,525332
11-Aug-15,970.00,973.00,964.00,964.00,283610
10-Aug-15,966.50,972.75,958.00,971.00,467094
7-Aug-15,961.50,966.50,954.50,959.00,242895
6-Aug-15,950.00,960.00,944.96,960.00,269679
5-Aug-15,944.50,952.50,939.50,951.50,284479
4-Aug-15,929.00,948.00,927.50,946.50,282969
3-Aug-15,929.00,936.50,928.00,935.00,262348
31-Jul-15,919.50,937.50,919.50,935.00,372963
30-Jul-15,932.50,935.00,917.00,922.50,214069
29-Jul-15,933.50,933.50,914.00,926.00,359246
28-Jul-15,921.50,932.00,921.00,925.50,344177
27-Jul-15,935.50,939.50,920.50,920.50,436772
24-Jul-15,926.00,947.00,926.00,934.50,483348
23-Jul-15,937.00,937.00,920.00,925.00,370808
22-Jul-15,931.00,935.00,923.50,930.00,485001
21-Jul-15,931.50,936.00,924.50,928.00,271045
20-Jul-15,910.00,945.50,910.00,929.50,427206
17-Jul-15,919.00,927.06,913.50,927.00,379446
16-Jul-15,913.00,920.00,911.00,919.00,369564
15-Jul-15,910.00,910.00,904.00,906.50,473298
14-Jul-15,909.00,910.50,891.00,905.50,315952
13-Jul-15,879.50,905.00,873.00,903.50,491017
10-Jul-15,873.50,873.50,861.50,870.00,271516
9-Jul-15,849.00,863.50,847.44,863.00,349563
8-Jul-15,849.50,856.00,846.00,851.00,267812
7-Jul-15,851.50,859.50,846.50,849.00,410892
6-Jul-15,854.00,861.50,853.00,855.00,313041
3-Jul-15,861.50,868.50,861.00,863.50,410321
2-Jul-15,863.50,875.50,859.00,865.00,555374
1-Jul-15,869.50,877.50,862.00,877.50,348692
30-Jun-15,859.50,873.00,859.50,868.00,459557
29-Jun-15,863.50,872.00,854.00,865.00,386635
26-Jun-15,875.00,878.50,872.50,876.50,365164
25-Jun-15,866.50,885.00,865.26,881.00,652161
24-Jun-15,875.00,878.06,868.50,873.00,516257
23-Jun-15,880.50,882.00,865.50,879.00,546690
22-Jun-15,878.50,882.50,871.00,873.50,483395
19-Jun-15,865.00,874.50,863.50,868.50,921811
18-Jun-15,865.00,873.00,857.00,868.00,609923
17-Jun-15,877.00,883.00,871.00,878.50,666854
16-Jun-15,877.50,883.50,869.50,880.00,642043
15-Jun-15,866.50,880.00,866.50,874.00,541803
12-Jun-15,874.50,883.00,871.00,877.50,627855
11-Jun-15,855.50,887.50,855.50,881.50,446722
10-Jun-15,869.50,872.00,862.00,870.50,530615
9-Jun-15,861.00,873.00,856.75,866.00,434919
8-Jun-15,857.50,864.00,855.00,858.00,341925
5-Jun-15,868.50,871.00,856.50,859.50,398854
4-Jun-15,869.00,880.50,858.00,873.50,562553
3-Jun-15,881.00,883.50,869.00,871.50,680476
2-Jun-15,898.50,899.50,879.00,882.00,559456
1-Jun-15,878.50,903.00,878.00,897.50,643877
29-May-15,878.00,889.00,873.50,876.00,670721
28-May-15,883.50,891.00,876.00,880.50,440214
27-May-15,867.50,883.00,867.00,882.50,603750
26-May-15,864.50,880.50,860.00,867.50,790961
22-May-15,870.00,874.50,857.00,870.50,741734
21-May-15,884.00,892.00,854.00,872.00,557292
20-May-15,907.00,907.00,876.50,879.50,470769
19-May-15,889.00,903.67,887.00,903.00,576404
18-May-15,875.00,890.50,875.00,881.50,431507
15-May-15,867.50,881.50,863.50,881.50,640805
14-May-15,847.00,863.50,847.00,861.00,364682
13-May-15,847.50,858.50,843.00,855.50,371038
12-May-15,832.50,843.00,828.00,840.00,620425
11-May-15,836.50,843.00,831.00,841.00,565987
8-May-15,838.50,899.00,829.50,834.50,860442
7-May-15,809.50,821.50,802.60,814.50,635710
6-May-15,829.00,833.50,810.80,812.50,413817
5-May-15,836.00,848.00,834.50,835.50,469145
1-May-15,840.50,844.00,832.50,833.00,192424
30-Apr-15,843.00,843.00,829.00,840.00,393863
29-Apr-15,852.00,852.00,834.50,837.00,369135
28-Apr-15,851.50,861.00,840.50,846.50,391711
27-Apr-15,850.50,859.50,843.00,856.50,295404
24-Apr-15,853.50,854.00,844.22,852.50,374825
23-Apr-15,855.50,855.50,846.00,847.50,223570
22-Apr-15,854.50,864.00,845.00,850.00,310274
21-Apr-15,849.50,862.50,849.50,855.50,296630
20-Apr-15,847.00,852.50,846.00,852.50,290585
17-Apr-15,842.50,856.50,840.00,840.50,344196
16-Apr-15,855.00,857.50,844.50,848.50,274081
15-Apr-15,869.00,869.50,856.50,858.00,230848
14-Apr-15,857.00,866.50,854.50,866.00,224859
13-Apr-15,865.00,872.50,856.50,856.50,425088
10-Apr-15,860.00,870.50,860.00,870.00,276160
9-Apr-15,851.50,862.00,851.50,859.00,221512
8-Apr-15,848.00,856.50,842.50,851.50,277776
7-Apr-15,843.50,852.50,840.50,846.50,315858
2-Apr-15,836.00,843.00,830.46,837.00,340080
1-Apr-15,830.00,836.64,827.00,831.00,363087
31-Mar-15,844.00,846.50,830.50,830.50,464357
30-Mar-15,843.50,846.50,836.00,842.50,487113
27-Mar-15,848.50,852.00,835.00,839.00,569274
26-Mar-15,859.50,859.50,839.00,847.00,504242
25-Mar-15,866.50,882.00,854.50,858.00,544781
24-Mar-15,849.50,866.00,847.50,865.00,546890
23-Mar-15,857.00,859.00,843.00,849.00,435899
20-Mar-15,848.00,854.00,843.00,852.00,1056115
19-Mar-15,834.00,846.50,834.00,843.00,495813
18-Mar-15,803.00,830.00,803.00,828.50,468885
17-Mar-15,811.00,817.50,804.00,807.25,301200
16-Mar-15,801.00,810.50,801.00,808.50,230019
13-Mar-15,790.00,803.00,787.50,802.50,283663
12-Mar-15,789.00,796.00,783.50,786.50,469419
11-Mar-15,788.00,791.50,780.00,787.00,506564
10-Mar-15,796.50,803.50,782.50,785.00,437757
9-Mar-15,824.00,825.00,794.50,796.50,492325
6-Mar-15,832.00,832.00,813.50,816.00,490753
5-Mar-15,822.50,835.00,822.50,828.50,291951
4-Mar-15,828.50,828.50,813.00,819.00,332554
3-Mar-15,828.50,831.50,822.00,822.00,490229
2-Mar-15,811.50,825.00,811.50,825.00,365756
27-Feb-15,816.50,818.50,810.00,812.50,395792
26-Feb-15,814.00,814.50,805.00,814.00,285027
25-Feb-15,813.50,813.50,797.00,802.00,315465
24-Feb-15,805.00,810.50,803.00,808.00,347492
23-Feb-15,797.00,809.50,796.50,809.00,377714
20-Feb-15,799.00,799.50,789.00,799.50,382534
19-Feb-15,799.00,804.00,793.50,799.50,375899
18-Feb-15,801.00,807.50,793.50,800.00,450512
17-Feb-15,803.00,803.00,787.00,797.50,292323
16-Feb-15,801.00,802.00,795.50,801.00,191634
13-Feb-15,805.50,811.00,802.50,805.50,381950
12-Feb-15,795.00,806.00,795.00,804.00,434428
11-Feb-15,813.00,814.50,796.50,800.00,723077
10-Feb-15,788.00,797.50,788.00,795.50,487991
9-Feb-15,802.50,806.89,780.00,789.00,412860
6-Feb-15,805.00,815.50,805.00,806.50,597598
5-Feb-15,797.00,812.00,797.00,812.00,273697
4-Feb-15,800.50,801.50,794.50,800.00,335174
3-Feb-15,791.50,805.00,784.50,797.00,399329
2-Feb-15,782.00,791.50,777.00,791.50,542637
30-Jan-15,800.00,800.00,778.00,778.00,552629
29-Jan-15,792.50,795.00,786.00,795.00,345001
28-Jan-15,785.00,795.00,780.50,795.00,522176
27-Jan-15,797.00,799.00,782.00,783.50,509153
26-Jan-15,806.00,806.00,793.00,795.00,389639
23-Jan-15,798.50,802.50,794.00,797.00,731138
22-Jan-15,797.00,797.00,787.00,792.75,358522
21-Jan-15,802.00,806.50,795.00,797.50,356888
20-Jan-15,798.50,803.00,797.50,803.00,397597
19-Jan-15,794.50,799.00,791.00,797.00,348422
16-Jan-15,790.50,796.50,783.50,796.50,472918
15-Jan-15,795.50,796.50,783.50,791.00,485862
14-Jan-15,795.00,800.00,789.50,791.00,410674
13-Jan-15,797.50,799.50,791.00,797.00,445579
12-Jan-15,799.50,801.50,793.70,794.00,406106
9-Jan-15,791.50,799.50,791.50,796.00,635531
8-Jan-15,795.50,795.50,786.00,791.00,605654
7-Jan-15,782.50,786.50,778.00,786.50,693473
6-Jan-15,785.50,785.50,773.00,776.00,313075
5-Jan-15,773.50,783.50,773.50,780.50,415168
31-Dec-14,777.50,787.90,777.50,781.00,122617
30-Dec-14,782.00,783.00,777.00,782.00,247809
29-Dec-14,801.00,801.00,779.00,784.50,360223
24-Dec-14,793.00,793.00,780.50,784.00,95333
23-Dec-14,784.00,784.00,776.50,781.50,372215
22-Dec-14,780.50,782.00,777.00,779.78,490810
19-Dec-14,766.00,779.00,764.00,779.00,1112082
18-Dec-14,766.00,766.00,747.00,761.50,590866
17-Dec-14,751.50,757.35,749.00,754.00,564940
16-Dec-14,762.50,762.50,737.50,754.50,580844
15-Dec-14,764.50,766.00,756.00,756.00,421116
12-Dec-14,771.50,773.00,762.00,767.50,408542
11-Dec-14,781.00,781.00,769.00,774.00,397265
10-Dec-14,778.50,781.50,776.50,777.50,452874
9-Dec-14,780.00,788.50,777.50,778.50,342856
8-Dec-14,788.00,788.00,777.00,778.00,527066
5-Dec-14,793.00,801.50,783.86,800.50,349362
4-Dec-14,794.00,803.00,794.00,796.00,505232
3-Dec-14,798.50,802.50,793.00,794.50,514459
2-Dec-14,799.00,810.50,799.00,800.00,470889
1-Dec-14,790.00,807.50,790.00,800.00,565980
28-Nov-14,803.00,806.50,790.16,799.93,665073
27-Nov-14,785.00,814.50,785.00,806.00,980770
26-Nov-14,761.00,767.50,761.00,762.00,283182
25-Nov-14,759.00,766.50,759.00,762.00,425836
24-Nov-14,748.00,762.00,748.00,761.50,309418
21-Nov-14,748.00,757.50,744.00,747.00,511072
20-Nov-14,750.50,752.00,741.00,747.50,273593
19-Nov-14,755.50,756.00,742.50,752.50,367689
18-Nov-14,742.00,757.00,739.00,757.00,474199
17-Nov-14,727.00,743.50,723.50,742.00,328221
14-Nov-14,722.00,731.00,722.00,731.00,180140
13-Nov-14,724.50,728.50,719.50,725.00,207775
12-Nov-14,721.00,724.00,716.00,721.50,244512
11-Nov-14,716.00,723.50,713.31,722.00,234389
10-Nov-14,708.50,711.50,705.50,711.50,181939
7-Nov-14,723.00,723.00,706.00,709.00,312156
6-Nov-14,718.50,722.00,710.50,719.50,427771
5-Nov-14,717.00,723.00,717.00,718.50,214432
4-Nov-14,708.00,720.00,705.50,717.50,400563
3-Nov-14,717.00,718.00,705.00,705.50,434738
31-Oct-14,712.00,716.00,709.00,716.00,415594
30-Oct-14,707.50,709.50,700.50,706.50,542636
29-Oct-14,703.00,710.00,703.00,707.00,306677
28-Oct-14,699.00,705.00,699.00,703.00,210953
27-Oct-14,705.00,705.00,697.50,701.00,306254
24-Oct-14,697.00,702.00,694.00,696.50,416291
23-Oct-14,692.50,698.50,684.00,698.00,453007
22-Oct-14,680.00,692.50,679.50,690.50,509874
21-Oct-14,667.00,678.50,667.00,678.50,499006
20-Oct-14,665.50,672.50,660.50,670.00,363475
17-Oct-14,668.50,673.00,660.50,664.00,545056
16-Oct-14,663.00,666.50,648.00,655.50,582387
15-Oct-14,666.00,673.00,656.00,656.50,466730
14-Oct-14,657.50,672.00,655.38,660.00,357791
13-Oct-14,661.00,664.50,655.50,660.00,398856
10-Oct-14,663.50,669.50,657.00,665.00,444123
9-Oct-14,672.50,672.50,666.00,666.50,327106
8-Oct-14,672.50,675.50,664.00,665.00,516671
7-Oct-14,677.50,679.12,674.00,675.50,389216
6-Oct-14,678.50,683.00,677.00,678.50,209883
3-Oct-14,681.50,684.00,673.50,679.00,303937
2-Oct-14,682.00,682.00,672.00,675.00,445500
1-Oct-14,677.50,681.50,674.50,678.00,459292
30-Sep-14,684.50,687.00,676.50,681.50,340268
29-Sep-14,672.50,683.00,672.50,683.00,226421
26-Sep-14,674.50,678.50,670.00,678.00,326578
25-Sep-14,679.50,681.50,673.00,674.50,321639
24-Sep-14,677.00,680.50,672.00,679.50,372311
23-Sep-14,680.00,682.50,674.50,675.00,294962
22-Sep-14,674.00,682.50,671.50,680.00,321401
19-Sep-14,681.00,696.00,674.00,675.00,1135489
18-Sep-14,677.50,677.50,666.50,676.00,349934
17-Sep-14,670.00,677.00,668.50,675.00,314401
16-Sep-14,673.50,674.00,667.00,670.00,331275
15-Sep-14,670.00,675.50,668.50,673.50,145840
12-Sep-14,668.00,675.50,668.00,673.00,195377
11-Sep-14,674.50,676.50,666.00,670.00,205950
10-Sep-14,676.00,676.00,668.00,671.50,264289
9-Sep-14,672.00,676.00,666.50,673.00,213823
8-Sep-14,680.50,680.50,670.50,675.00,271705
5-Sep-14,683.00,684.50,676.50,680.00,299724
4-Sep-14,686.50,690.00,684.50,684.50,227664
3-Sep-14,685.50,690.00,683.00,689.00,370124
2-Sep-14,689.50,697.19,682.50,689.00,294772
1-Sep-14,685.00,691.50,685.00,690.00,357527
29-Aug-14,690.00,690.00,680.50,685.00,314469
28-Aug-14,686.50,690.00,685.00,688.50,478560
27-Aug-14,688.00,689.50,683.00,688.00,260235
26-Aug-14,688.50,698.00,684.50,689.50,193223
22-Aug-14,687.00,689.00,684.00,688.00,177288
21-Aug-14,687.00,690.00,684.00,686.00,131295
20-Aug-14,688.50,689.50,681.00,684.00,223239
19-Aug-14,689.00,692.50,685.50,688.50,242210
18-Aug-14,695.00,695.00,684.50,688.00,210225
15-Aug-14,693.50,698.00,687.00,695.00,538829
14-Aug-14,676.00,698.00,676.00,693.50,349839
13-Aug-14,678.00,684.00,675.00,681.50,282644
12-Aug-14,677.00,681.00,674.50,678.00,275353
11-Aug-14,673.00,682.00,670.50,678.00,345088
8-Aug-14,662.00,672.50,661.00,670.00,479122
7-Aug-14,662.50,670.00,657.00,667.50,378629
6-Aug-14,667.00,667.00,650.00,659.00,524218
5-Aug-14,675.50,675.50,664.50,664.50,260367
4-Aug-14,676.00,676.00,668.00,671.00,307177
1-Aug-14,676.50,678.50,663.50,674.00,670549
31-Jul-14,677.00,679.00,672.00,676.50,256905
30-Jul-14,687.50,687.50,674.00,680.50,206652
29-Jul-14,679.50,690.00,678.00,681.50,269569
28-Jul-14,682.00,682.50,676.50,680.00,239644
25-Jul-14,688.00,688.00,677.50,682.50,377235
24-Jul-14,683.50,688.00,680.50,688.00,343690
23-Jul-14,679.50,686.00,679.50,685.00,314835
22-Jul-14,664.50,686.50,664.50,683.00,338357
21-Jul-14,681.00,681.00,670.00,675.00,366090
18-Jul-14,664.00,679.00,660.50,679.00,560647
17-Jul-14,658.00,666.00,658.00,665.50,174146
16-Jul-14,655.00,663.50,655.00,661.50,286430
15-Jul-14,652.50,658.50,650.50,655.00,386735
14-Jul-14,653.00,658.00,652.50,656.50,250442
11-Jul-14,649.50,654.50,644.50,653.00,308922
10-Jul-14,642.50,648.50,640.50,645.50,469517
9-Jul-14,644.00,646.50,639.50,644.00,270153
8-Jul-14,647.00,648.00,641.50,644.00,412780
7-Jul-14,656.50,658.25,646.50,648.00,305303
4-Jul-14,660.50,662.50,656.00,656.00,202663
3-Jul-14,664.00,664.50,658.50,660.00,463824
2-Jul-14,663.00,665.00,658.00,661.50,393167
1-Jul-14,654.00,662.00,653.00,659.50,431409
30-Jun-14,655.00,658.50,652.50,656.00,377254
27-Jun-14,647.50,655.50,645.00,655.50,448098
26-Jun-14,642.50,651.50,641.00,645.00,462030
25-Jun-14,639.50,644.50,639.00,644.00,470769
24-Jun-14,636.00,640.50,633.50,636.00,602829
23-Jun-14,641.00,641.00,632.17,636.00,437544
20-Jun-14,639.00,643.00,635.50,638.00,2112158
19-Jun-14,640.00,644.50,636.00,640.00,621623
18-Jun-14,642.50,643.00,635.50,637.50,460695
17-Jun-14,647.00,649.00,638.00,640.00,746415
16-Jun-14,645.00,648.50,642.00,643.00,446747
13-Jun-14,666.50,667.00,646.00,652.79,798939
12-Jun-14,661.00,670.00,661.00,666.50,427363
11-Jun-14,670.50,670.50,660.00,662.00,583010
10-Jun-14,679.00,679.00,672.00,672.00,231337
9-Jun-14,683.00,684.00,675.50,678.00,241515
6-Jun-14,675.00,680.00,671.00,680.00,359733
5-Jun-14,673.00,675.00,662.50,671.50,485565
4-Jun-14,664.50,673.00,664.50,668.00,291996
3-Jun-14,678.50,678.50,663.00,665.97,483825
2-Jun-14,672.00,676.50,670.50,675.00,380276
30-May-14,663.50,672.50,658.50,670.47,359742
29-May-14,665.00,666.00,659.00,660.00,189455
28-May-14,665.00,666.50,660.50,664.97,181427
27-May-14,664.50,664.50,657.50,661.00,417808
23-May-14,655.00,660.50,651.50,658.50,453492
22-May-14,652.00,659.50,652.00,659.50,307892
21-May-14,655.00,661.00,652.32,653.00,320680
20-May-14,671.00,671.00,650.00,658.00,361164
19-May-14,680.00,680.00,654.50,660.00,438166
16-May-14,677.50,677.50,655.00,668.00,538477
15-May-14,680.00,681.50,665.50,675.50,521464
14-May-14,681.00,681.50,676.50,678.00,314335
13-May-14,679.50,687.00,678.80,682.00,193388
12-May-14,674.50,680.50,674.50,680.50,388258
9-May-14,673.00,677.50,669.86,674.00,268198
8-May-14,672.00,678.50,670.50,676.50,246590
7-May-14,666.00,672.00,662.00,672.00,438009
6-May-14,664.50,671.00,658.50,669.50,841438
2-May-14,665.50,671.00,661.50,664.50,306125
1-May-14,656.00,670.50,656.00,668.00,135450
30-Apr-14,668.50,670.00,656.50,661.50,338314
29-Apr-14,668.00,670.50,664.50,667.50,333906
28-Apr-14,663.50,669.00,662.00,666.00,329811
25-Apr-14,670.50,674.50,662.50,663.00,390678
24-Apr-14,674.50,675.00,664.00,670.50,303721
23-Apr-14,669.50,674.00,669.50,670.00,199942
22-Apr-14,656.50,671.00,656.50,669.00,214879
17-Apr-14,663.50,669.50,659.00,666.50,348367
16-Apr-14,659.00,661.00,653.50,660.00,405295
15-Apr-14,657.00,658.00,650.50,653.00,410406
14-Apr-14,656.00,656.00,650.00,652.50,402704
11-Apr-14,660.00,661.00,651.00,655.00,589993
10-Apr-14,655.50,668.00,655.00,665.00,972149
9-Apr-14,653.50,661.50,650.72,655.50,396242
8-Apr-14,660.50,661.00,645.50,651.00,510257
7-Apr-14,659.50,661.50,655.00,656.00,379656
4-Apr-14,661.00,664.00,656.12,660.50,503324
3-Apr-14,657.50,663.00,656.00,656.50,348352
2-Apr-14,658.50,668.50,657.50,659.00,397973
1-Apr-14,663.00,663.50,657.00,659.50,465714
31-Mar-14,653.00,659.50,650.50,658.00,538933
28-Mar-14,656.00,656.00,650.00,651.00,320946
27-Mar-14,649.50,653.00,647.50,650.50,320660
26-Mar-14,656.00,656.50,648.50,650.00,496821
25-Mar-14,646.50,656.50,644.50,652.00,648504
24-Mar-14,647.50,649.00,637.50,644.50,544006
21-Mar-14,645.00,653.00,644.00,649.50,1238574
20-Mar-14,648.50,653.50,643.00,643.50,510130
19-Mar-14,653.50,657.00,647.00,653.50,508136
18-Mar-14,649.50,658.50,645.31,651.50,547896
17-Mar-14,647.00,658.13,647.00,650.00,341830
14-Mar-14,645.00,652.50,644.50,650.50,938010
13-Mar-14,648.00,653.00,645.50,650.00,588149
12-Mar-14,654.50,658.50,648.00,648.00,842583
11-Mar-14,646.00,655.00,646.00,651.00,580771
10-Mar-14,652.50,655.00,646.00,646.00,523063
7-Mar-14,630.00,662.00,627.50,650.00,1821163
6-Mar-14,637.50,651.50,628.00,630.00,1032867
5-Mar-14,651.00,654.50,647.00,650.00,398598
4-Mar-14,652.00,655.00,648.00,652.50,399396
3-Mar-14,654.00,659.50,642.50,645.50,306299
28-Feb-14,661.00,666.00,657.00,664.00,400624
27-Feb-14,655.50,663.00,654.00,660.00,449207
26-Feb-14,661.00,662.50,653.00,658.50,329759
25-Feb-14,651.50,668.00,651.50,663.50,475024
24-Feb-14,660.00,665.00,653.50,661.00,453005
21-Feb-14,660.00,665.50,660.00,663.27,329961
20-Feb-14,643.50,661.00,643.50,648.03,372109
19-Feb-14,648.50,650.00,639.50,650.00,238403
18-Feb-14,643.00,646.50,639.50,645.00,321069
17-Feb-14,626.00,647.00,626.00,643.00,236119
14-Feb-14,648.50,648.50,638.50,640.00,259905
13-Feb-14,638.50,647.50,638.50,647.00,203944
12-Feb-14,649.00,653.00,645.50,647.00,184136
11-Feb-14,631.00,647.50,631.00,647.50,198731
10-Feb-14,631.00,639.00,631.00,631.00,171972
7-Feb-14,633.50,634.00,624.50,634.00,380668
6-Feb-14,624.50,630.50,619.50,626.50,250065
5-Feb-14,609.50,622.00,608.50,615.00,399714
4-Feb-14,622.00,622.00,611.50,614.50,371363
3-Feb-14,626.00,628.50,620.00,626.50,247108
31-Jan-14,628.50,631.00,621.00,623.00,352846
30-Jan-14,630.50,632.50,623.50,623.50,267936
29-Jan-14,633.50,634.00,624.50,624.50,332663
28-Jan-14,629.50,630.00,623.50,625.00,196301
27-Jan-14,628.00,634.00,620.00,624.00,318676
24-Jan-14,619.00,625.50,616.50,622.00,191100
23-Jan-14,628.50,628.50,619.50,624.00,319697
22-Jan-14,628.50,630.00,626.00,627.50,337731
21-Jan-14,631.00,633.50,630.00,632.00,258444
20-Jan-14,635.00,637.00,631.00,631.50,201181
17-Jan-14,634.50,637.00,631.50,633.50,362358
16-Jan-14,638.50,640.00,628.50,632.50,309385
15-Jan-14,642.50,642.50,635.00,638.00,190863
14-Jan-14,630.00,639.00,626.00,636.50,289036
13-Jan-14,647.50,651.50,640.00,641.00,272317
10-Jan-14,623.00,644.50,623.00,643.50,383339
9-Jan-14,620.50,624.50,617.50,623.00,181014
8-Jan-14,616.00,619.00,606.00,618.50,219758
7-Jan-14,618.50,618.50,614.00,614.50,179710
6-Jan-14,620.00,621.00,613.50,617.00,353499
3-Jan-14,609.00,623.50,609.00,620.00,288249
2-Jan-14,629.50,629.50,608.50,610.50,276399
31-Dec-13,614.50,627.00,614.50,627.00,106371
30-Dec-13,618.00,620.00,611.50,615.50,220408
27-Dec-13,621.50,621.50,608.00,611.50,103210
24-Dec-13,610.50,616.50,610.50,616.50,36353
23-Dec-13,590.00,612.50,590.00,611.50,125746
20-Dec-13,606.50,613.50,603.50,605.50,684791
19-Dec-13,605.00,614.50,603.50,608.50,400609
18-Dec-13,604.00,604.50,596.00,597.00,277518
17-Dec-13,614.00,619.00,598.00,598.00,390339
16-Dec-13,618.00,618.50,607.00,616.50,225612
13-Dec-13,614.00,614.00,606.50,607.00,248649
12-Dec-13,617.50,619.00,603.50,610.00,392272
11-Dec-13,605.00,609.50,605.00,607.00,259003
10-Dec-13,610.00,611.50,605.00,607.50,186053
9-Dec-13,603.50,608.50,600.50,608.00,232655
6-Dec-13,603.50,606.00,599.00,605.00,222157
5-Dec-13,600.00,606.50,597.50,603.50,418003
4-Dec-13,608.50,608.50,600.50,600.50,453964
3-Dec-13,606.00,610.50,602.00,605.00,301500
2-Dec-13,613.00,617.00,598.00,603.00,474308
29-Nov-13,624.00,626.00,614.50,616.50,321215
28-Nov-13,631.50,631.50,623.50,624.50,245442
27-Nov-13,620.00,634.00,619.00,625.50,641683
26-Nov-13,607.00,616.00,605.00,615.00,358813
25-Nov-13,615.50,616.00,605.50,606.00,339957
22-Nov-13,608.50,612.00,606.50,609.50,222005
21-Nov-13,603.00,612.00,602.50,609.50,480517
20-Nov-13,605.00,607.00,598.50,602.50,400965
19-Nov-13,598.00,604.50,597.00,604.00,146935
18-Nov-13,599.50,603.00,599.50,600.83,386100
15-Nov-13,599.50,610.50,597.50,597.50,354247
14-Nov-13,594.00,602.00,594.00,600.00,208604
13-Nov-13,593.50,598.00,588.50,589.00,368670
12-Nov-13,596.00,600.00,593.00,593.50,400853
11-Nov-13,588.00,595.00,581.50,592.50,251743
8-Nov-13,584.00,588.50,582.00,582.00,226083
7-Nov-13,584.50,597.50,584.50,588.00,227541
6-Nov-13,593.50,594.00,588.50,588.50,222850
5-Nov-13,595.00,595.50,585.00,586.50,199671
4-Nov-13,595.00,599.50,592.00,593.50,161181
1-Nov-13,596.00,597.50,591.50,594.00,205365
31-Oct-13,604.00,604.00,590.00,594.00,332194
30-Oct-13,614.50,617.50,604.50,605.00,288148
29-Oct-13,609.00,617.00,607.50,613.00,216274
28-Oct-13,617.50,617.50,608.50,608.50,201036
25-Oct-13,618.50,624.50,606.00,615.50,342624
24-Oct-13,624.50,628.50,618.50,621.50,267914
23-Oct-13,612.00,622.50,-,619.00,511784
22-Oct-13,615.50,618.50,610.50,615.00,295972
21-Oct-13,613.00,617.50,611.00,616.50,249215
18-Oct-13,622.00,627.00,613.00,613.50,268690
17-Oct-13,609.50,621.50,606.00,619.00,256846
16-Oct-13,604.00,612.00,595.00,611.50,301266
15-Oct-13,603.50,605.00,599.50,604.00,175778
14-Oct-13,599.50,603.50,598.00,600.00,150660
11-Oct-13,599.50,603.00,597.00,600.50,265257
10-Oct-13,583.00,601.50,583.00,600.00,323750
9-Oct-13,581.00,588.00,577.00,579.50,358905
8-Oct-13,588.50,591.00,584.00,586.00,242799
7-Oct-13,595.00,595.00,585.00,592.00,257167
4-Oct-13,595.50,596.00,590.50,591.00,321142
3-Oct-13,599.50,600.00,593.50,597.00,312511
2-Oct-13,604.50,604.50,594.00,598.00,342911
1-Oct-13,590.00,607.00,585.50,607.00,475892
30-Sep-13,581.50,590.00,581.50,590.00,400473
27-Sep-13,597.00,597.00,586.50,587.00,243935
26-Sep-13,594.00,599.50,590.00,595.50,197093
25-Sep-13,591.50,594.50,587.00,591.00,299570
24-Sep-13,590.00,597.00,588.00,590.50,447871
20-Sep-13,588.00,595.50,588.00,592.50,809531
19-Sep-13,586.00,601.50,586.00,590.38,563897
18-Sep-13,592.50,596.00,572.50,584.00,413860
17-Sep-13,592.50,597.00,590.50,593.50,285964
16-Sep-13,597.50,600.00,594.50,594.50,292762
13-Sep-13,593.50,596.50,592.00,595.00,365945
12-Sep-13,586.50,594.00,586.50,593.00,441994
11-Sep-13,587.00,588.50,581.50,585.00,296389
10-Sep-13,583.50,587.00,580.50,585.50,484006
9-Sep-13,584.00,584.00,579.00,580.00,331726
6-Sep-13,581.00,585.00,577.00,581.50,512677
5-Sep-13,580.00,584.00,578.50,580.00,407395
4-Sep-13,588.50,588.50,578.50,580.29,677027
3-Sep-13,602.50,602.50,586.50,586.50,752816
2-Sep-13,598.50,609.00,596.00,602.50,351362
30-Aug-13,596.00,596.50,589.00,593.50,396459
29-Aug-13,597.00,599.00,584.00,588.00,789696
28-Aug-13,590.00,597.00,587.50,593.50,577189
27-Aug-13,613.00,618.50,601.00,602.50,475938
23-Aug-13,604.50,618.50,602.00,612.50,320185
22-Aug-13,603.00,612.00,603.00,605.00,241331
21-Aug-13,618.00,618.00,605.50,606.00,253450
20-Aug-13,611.50,616.50,609.50,616.00,252907
19-Aug-13,624.50,625.00,611.00,614.50,529218
16-Aug-13,617.50,622.50,609.50,622.50,370216
15-Aug-13,630.50,630.50,609.50,613.50,470259
14-Aug-13,619.50,627.50,618.00,620.00,414437
13-Aug-13,617.50,626.00,614.50,623.00,308474
12-Aug-13,624.50,629.50,611.00,617.00,317799
9-Aug-13,629.50,632.00,624.00,628.50,252615
8-Aug-13,630.50,635.00,626.50,626.50,304353
7-Aug-13,638.50,638.50,625.50,628.00,503877
6-Aug-13,637.00,641.00,633.50,638.50,320837
5-Aug-13,642.50,648.50,635.00,635.00,316066
2-Aug-13,648.00,650.00,637.50,640.00,578026
1-Aug-13,631.50,647.50,627.00,647.50,539081
31-Jul-13,628.00,637.00,624.50,632.00,327211
30-Jul-13,622.00,630.00,620.00,626.50,555875
29-Jul-13,628.50,634.50,617.00,618.00,387561
26-Jul-13,632.50,637.00,628.00,629.50,163360
25-Jul-13,635.00,635.00,623.50,627.50,298504
24-Jul-13,636.00,640.50,630.50,637.50,330409
23-Jul-13,642.00,649.00,639.00,640.50,215821
22-Jul-13,638.50,648.50,638.50,643.50,355399
19-Jul-13,638.00,642.50,634.00,642.50,210500
18-Jul-13,634.50,637.00,631.00,637.00,265247
17-Jul-13,638.50,641.50,631.50,633.00,291864
16-Jul-13,641.50,642.50,632.00,636.00,387769
15-Jul-13,640.00,642.00,631.00,640.50,393500
12-Jul-13,644.00,650.00,638.00,649.27,198545
11-Jul-13,636.00,648.00,636.00,637.85,359452
10-Jul-13,638.00,643.50,623.50,627.06,542026
9-Jul-13,630.00,640.00,628.50,637.54,537495
8-Jul-13,622.00,630.00,622.00,627.50,324567
5-Jul-13,624.00,629.50,616.50,622.50,424550
4-Jul-13,605.00,625.50,602.50,622.00,342042
3-Jul-13,601.00,603.00,592.50,603.00,306728
2-Jul-13,594.00,602.00,587.50,602.00,735992
1-Jul-13,598.50,599.50,587.50,590.00,760826
28-Jun-13,595.00,599.00,588.00,595.00,702222
27-Jun-13,590.50,596.00,584.50,593.00,714105
26-Jun-13,590.50,601.00,590.00,591.50,398814
25-Jun-13,580.00,590.50,577.00,589.00,557467
24-Jun-13,595.00,595.00,575.00,579.00,706792
21-Jun-13,607.50,614.00,594.00,594.00,1102246
20-Jun-13,612.50,614.00,602.50,608.00,641942
19-Jun-13,616.00,617.00,607.50,617.00,815114
18-Jun-13,608.00,618.00,607.00,616.50,541460
17-Jun-13,599.50,611.00,599.50,610.00,369372
14-Jun-13,590.50,608.50,590.50,607.00,578465
13-Jun-13,587.00,597.50,581.50,590.50,501818
12-Jun-13,599.00,601.00,590.00,591.00,427492
11-Jun-13,608.00,617.50,593.00,603.00,860353
10-Jun-13,607.50,612.00,605.00,610.50,547899
7-Jun-13,594.00,607.00,581.00,607.00,499544
6-Jun-13,605.00,610.50,601.50,603.00,391595
5-Jun-13,610.50,615.00,604.50,606.50,451000
4-Jun-13,611.00,617.50,607.50,614.00,217996
3-Jun-13,613.50,618.50,604.00,611.65,429478
31-May-13,611.50,619.50,608.50,615.50,426517
30-May-13,623.00,625.50,610.50,613.00,356514
29-May-13,632.00,634.00,619.00,622.50,297923
28-May-13,640.00,649.00,634.00,634.00,526683
24-May-13,644.00,646.50,637.50,637.50,344385
23-May-13,658.00,658.00,639.00,642.00,477543
22-May-13,670.00,670.00,656.68,658.50,280487
21-May-13,665.00,668.00,661.50,668.00,237957
20-May-13,666.00,668.50,662.50,663.50,229234
17-May-13,656.00,664.50,655.00,664.00,250575
16-May-13,645.50,658.00,645.36,653.75,265119
15-May-13,637.00,657.00,637.00,657.00,305794
14-May-13,641.00,641.00,635.50,638.50,158143
13-May-13,641.00,642.00,634.50,639.50,239693
10-May-13,629.00,640.00,628.00,639.50,247478
9-May-13,626.00,630.00,621.50,630.00,205724
8-May-13,616.00,628.50,613.00,628.00,396767
7-May-13,618.00,618.00,611.00,615.00,470903
3-May-13,612.50,616.50,606.00,616.00,353228
2-May-13,610.00,611.00,604.26,610.00,304436
1-May-13,610.00,611.00,603.50,610.93,222424
30-Apr-13,600.00,609.50,600.00,607.50,370537
29-Apr-13,607.00,609.50,599.00,599.00,543834
26-Apr-13,608.00,610.00,603.50,604.50,197942
25-Apr-13,612.50,612.50,606.50,608.00,176979
24-Apr-13,608.00,611.31,603.00,611.00,395020
23-Apr-13,606.00,609.50,604.50,608.00,314612
22-Apr-13,609.00,611.00,605.50,607.00,202757
19-Apr-13,605.00,610.50,600.00,607.00,313754
18-Apr-13,606.50,606.50,600.50,602.00,243203
17-Apr-13,607.00,610.50,600.00,604.50,217207
16-Apr-13,606.50,606.50,600.00,605.00,211074
15-Apr-13,609.00,610.10,600.00,604.00,311798
12-Apr-13,603.50,608.50,598.36,608.50,324899
11-Apr-13,593.50,602.00,593.00,601.00,331113
10-Apr-13,589.50,595.00,587.50,593.00,238984
9-Apr-13,575.00,585.50,575.00,585.00,308572
8-Apr-13,573.00,575.50,569.50,574.50,232886
5-Apr-13,587.00,587.00,568.00,569.50,281944
4-Apr-13,587.00,590.50,584.50,586.00,255751
3-Apr-13,591.00,592.50,587.50,589.00,373628
2-Apr-13,578.50,589.50,578.50,587.00,448974
28-Mar-13,576.50,581.50,575.50,581.50,388431
27-Mar-13,583.00,586.00,572.50,574.50,284453
26-Mar-13,583.50,588.00,580.50,584.00,246045
25-Mar-13,596.00,596.00,585.00,586.00,185406
22-Mar-13,585.00,591.00,584.50,586.50,162422
21-Mar-13,592.50,592.50,587.00,589.50,218490
20-Mar-13,594.00,596.50,589.00,589.50,271013
19-Mar-13,592.00,594.50,586.00,591.00,219571
18-Mar-13,591.50,594.50,587.50,591.50,229786
15-Mar-13,594.00,599.50,592.50,597.50,759726
14-Mar-13,592.50,593.00,587.50,592.50,263768
13-Mar-13,585.00,589.50,585.00,589.50,314095
12-Mar-13,589.50,589.50,583.00,584.18,334867
11-Mar-13,588.50,589.50,586.00,588.50,124625
8-Mar-13,593.00,593.50,589.00,590.50,157206
7-Mar-13,584.00,592.00,584.00,590.50,199378
6-Mar-13,590.00,590.00,585.00,585.00,254423
5-Mar-13,583.00,591.00,583.00,589.00,181841
4-Mar-13,578.50,583.00,578.00,580.00,242773
1-Mar-13,582.00,584.00,578.50,580.50,360854
28-Feb-13,575.50,583.69,574.00,583.50,393605
27-Feb-13,572.00,574.50,570.00,574.00,214337
26-Feb-13,566.00,574.50,566.00,571.00,304253
25-Feb-13,570.00,575.00,569.50,573.00,256451
22-Feb-13,577.50,582.50,574.00,574.00,190197
21-Feb-13,576.00,577.00,572.00,575.00,220328
20-Feb-13,576.00,585.00,576.00,579.00,242067
19-Feb-13,582.50,584.00,578.00,578.00,203760
18-Feb-13,584.50,584.50,576.50,577.50,170533
15-Feb-13,577.50,585.00,574.50,583.00,281163
14-Feb-13,577.50,577.50,571.50,573.00,212269
13-Feb-13,578.00,580.50,572.65,574.00,268282
12-Feb-13,565.00,582.00,563.00,582.00,223226
11-Feb-13,562.00,566.50,559.00,562.50,279973
8-Feb-13,563.00,565.50,557.50,560.00,265869
7-Feb-13,565.00,567.50,557.50,557.50,288092
6-Feb-13,565.00,567.50,562.50,566.50,243503
5-Feb-13,555.00,564.00,555.00,562.00,331737
4-Feb-13,562.50,565.00,556.00,556.00,200236
1-Feb-13,552.50,563.50,552.50,562.00,203210
31-Jan-13,556.50,561.50,546.50,552.50,401553
30-Jan-13,561.50,561.50,557.00,557.50,183642
29-Jan-13,568.50,569.50,559.50,559.50,235494
28-Jan-13,570.00,570.00,563.00,567.00,253602
25-Jan-13,569.00,574.50,562.50,563.00,591641
24-Jan-13,565.00,568.50,563.00,567.00,146533
23-Jan-13,560.00,564.50,560.00,564.50,254863
22-Jan-13,579.00,579.00,564.00,565.50,174478
21-Jan-13,572.00,573.00,569.00,570.00,94553
18-Jan-13,573.50,573.50,565.00,572.50,153401
17-Jan-13,562.50,567.50,560.50,566.00,140800
16-Jan-13,568.50,569.00,563.00,563.50,152044
15-Jan-13,560.00,569.50,557.00,568.50,246000
14-Jan-13,558.00,564.50,558.00,563.50,149312
11-Jan-13,565.00,567.50,558.50,560.00,220984
10-Jan-13,568.50,568.50,562.50,562.50,129188
9-Jan-13,575.50,575.50,565.00,566.50,121710
8-Jan-13,563.50,568.00,560.00,565.50,263306
7-Jan-13,570.00,571.00,565.50,565.50,261186
4-Jan-13,571.50,573.50,567.00,567.50,290845
3-Jan-13,568.00,572.00,566.00,571.00,239558
2-Jan-13,564.50,572.50,560.50,570.50,209240
