31-Dec-15,1826.00,1831.00,1798.00,1802.00,43266
30-Dec-15,1834.00,1846.00,1812.00,1817.00,99301
29-Dec-15,1832.00,1849.00,1815.00,1847.00,135649
24-Dec-15,1824.00,1837.00,1811.71,1815.00,24195
23-Dec-15,1797.00,1824.00,1789.00,1815.00,147508
22-Dec-15,1788.00,1792.00,1767.00,1777.00,173230
21-Dec-15,1749.00,1788.00,1749.00,1765.00,193790
18-Dec-15,1754.00,1754.00,1731.00,1745.00,469248
16-Dec-15,1741.00,1757.00,1735.00,1747.00,190452
15-Dec-15,1743.00,1762.00,1733.00,1743.00,186145
14-Dec-15,1750.00,1750.00,1716.00,1721.00,222005
11-Dec-15,1753.00,1755.00,1731.00,1737.00,338418
10-Dec-15,1694.00,1758.00,1680.00,1746.00,222692
9-Dec-15,1727.00,1727.00,1690.00,1690.00,268249
8-Dec-15,1754.00,1754.00,1710.00,1714.00,247636
7-Dec-15,1749.00,1760.00,1739.00,1744.00,153087
4-Dec-15,1747.00,1747.00,1723.00,1734.00,184002
3-Dec-15,1756.00,1772.94,1742.00,1742.00,145779
2-Dec-15,1771.00,1771.00,1742.00,1749.00,197452
1-Dec-15,1787.00,1787.00,1753.00,1758.00,163359
30-Nov-15,1748.00,1791.00,1734.00,1779.00,250183
27-Nov-15,1751.00,1753.00,1738.00,1746.00,134579
26-Nov-15,1736.00,1759.00,1736.00,1750.00,145268
25-Nov-15,1706.00,1724.00,1688.00,1721.00,188193
24-Nov-15,1714.00,1714.00,1692.00,1701.00,269264
23-Nov-15,1710.00,1728.00,1703.00,1713.00,244926
20-Nov-15,1704.00,1735.00,1670.00,1725.00,393878
19-Nov-15,1646.00,1707.00,1645.00,1704.00,331008
18-Nov-15,1645.00,1649.00,1619.00,1649.00,193677
17-Nov-15,1638.00,1653.00,1626.00,1648.00,289672
16-Nov-15,1634.00,1661.00,1608.00,1629.00,324378
13-Nov-15,1688.00,1691.00,1646.00,1653.00,293278
12-Nov-15,1765.00,1765.00,1643.00,1686.00,417009
11-Nov-15,1747.00,1773.00,1744.60,1765.00,132441
10-Nov-15,1776.00,1776.14,1741.00,1756.00,248352
9-Nov-15,1774.00,1797.00,1755.00,1764.00,179272
6-Nov-15,1714.00,1775.00,1714.00,1773.00,249686
5-Nov-15,1735.00,1735.00,1715.00,1725.00,217361
4-Nov-15,1704.00,1744.00,1695.04,1738.00,284227
3-Nov-15,1685.00,1699.00,1677.00,1695.00,216203
2-Nov-15,1663.00,1684.00,1651.24,1680.00,212761
30-Oct-15,1671.00,1671.00,1649.00,1667.00,208778
29-Oct-15,1669.00,1685.24,1658.00,1662.00,132086
28-Oct-15,1687.00,1687.00,1657.00,1664.00,208199
27-Oct-15,1688.00,1698.00,1680.00,1681.00,152644
26-Oct-15,1706.00,1706.00,1693.00,1694.00,155500
23-Oct-15,1692.00,1712.30,1684.00,1703.00,267567
22-Oct-15,1645.00,1690.00,1645.00,1684.00,140349
21-Oct-15,1660.00,1660.00,1635.00,1650.00,271111
20-Oct-15,1669.00,1677.00,1642.00,1649.00,183678
19-Oct-15,1687.00,1687.00,1650.00,1660.00,189055
16-Oct-15,1724.00,1747.17,1658.00,1661.00,383815
15-Oct-15,1728.00,1728.00,1688.00,1714.00,293731
14-Oct-15,1765.00,1766.44,1742.00,1751.00,146732
13-Oct-15,1813.00,1815.00,1763.00,1767.00,208579
12-Oct-15,1811.00,1832.00,1798.00,1807.00,199682
9-Oct-15,1784.00,1816.00,1781.00,1806.67,264234
8-Oct-15,1747.00,1792.00,1747.00,1777.00,271856
7-Oct-15,1750.00,1780.00,1738.00,1772.00,236561
6-Oct-15,1748.00,1748.00,1730.00,1735.00,137792
5-Oct-15,1728.00,1745.00,1726.00,1744.00,168449
2-Oct-15,1699.00,1704.00,1673.00,1696.00,129893
1-Oct-15,1706.00,1715.00,1680.00,1684.00,145683
30-Sep-15,1706.00,1706.00,1682.00,1691.00,165024
29-Sep-15,1661.00,1695.00,1661.00,1675.00,197751
28-Sep-15,1714.00,1714.00,1680.00,1685.00,133549
25-Sep-15,1698.00,1716.00,1690.00,1712.00,182992
24-Sep-15,1676.00,1688.00,1662.00,1668.00,177539
23-Sep-15,1670.00,1687.00,1656.00,1684.00,178350
22-Sep-15,1704.00,1715.00,1661.00,1678.00,253949
21-Sep-15,1718.00,1731.00,1693.00,1701.00,147505
18-Sep-15,1757.00,1757.00,1707.00,1717.00,294882
17-Sep-15,1762.00,1765.00,1751.16,1755.00,176522
16-Sep-15,1755.00,1777.00,1748.00,1777.00,154995
15-Sep-15,1761.00,1761.00,1719.00,1751.00,147979
14-Sep-15,1744.00,1763.00,1731.00,1744.00,181429
11-Sep-15,1754.00,1762.00,1726.00,1741.00,121830
10-Sep-15,1764.00,1764.00,1744.00,1753.00,150177
9-Sep-15,1821.00,1821.00,1768.00,1777.20,346298
8-Sep-15,1794.00,1806.00,1783.00,1788.93,162461
7-Sep-15,1808.00,1808.00,1781.00,1787.00,95918
4-Sep-15,1795.00,1809.00,1779.00,1790.00,252016
3-Sep-15,1833.00,1833.00,1797.00,1817.00,197983
2-Sep-15,1829.00,1842.00,1816.00,1816.00,197211
1-Sep-15,1796.00,1832.00,1796.00,1825.00,327635
28-Aug-15,1788.00,1824.00,1782.00,1824.00,144062
27-Aug-15,1788.00,1791.00,1765.00,1790.00,161618
26-Aug-15,1746.00,1769.00,1713.00,1747.00,255195
25-Aug-15,1761.00,1790.00,1746.00,1753.00,310248
24-Aug-15,1774.00,1778.96,1705.00,1737.00,217818
21-Aug-15,1820.00,1835.00,1805.00,1805.00,167738
20-Aug-15,1854.00,1871.00,1839.00,1845.00,174584
19-Aug-15,1894.00,1894.00,1858.00,1860.00,229063
18-Aug-15,1907.00,1911.00,1878.00,1900.00,150068
17-Aug-15,1912.00,1920.00,1898.00,1903.00,157408
14-Aug-15,1912.00,1912.00,1898.00,1903.60,199813
13-Aug-15,1923.00,1928.00,1893.00,1903.00,203061
12-Aug-15,1934.00,1949.48,1882.04,1893.00,197019
11-Aug-15,1963.00,1984.00,1940.00,1945.00,309706
10-Aug-15,1953.00,1968.00,1933.00,1967.00,200335
7-Aug-15,1929.00,1945.00,1927.00,1935.00,241584
6-Aug-15,1944.00,1953.00,1925.00,1940.00,230166
5-Aug-15,1981.00,1981.00,1942.00,1950.00,235619
4-Aug-15,1939.00,1976.00,1930.00,1970.00,286851
3-Aug-15,1943.00,1959.00,1927.00,1934.00,208934
31-Jul-15,1996.00,1996.00,1936.00,1953.00,408115
30-Jul-15,1933.00,2007.00,1902.00,1979.00,335781
29-Jul-15,1955.00,1956.00,1925.00,1948.00,204167
28-Jul-15,1927.00,1939.00,1910.00,1936.00,220161
27-Jul-15,1944.00,1945.47,1921.00,1921.00,188671
24-Jul-15,1965.00,1982.00,1938.44,1939.00,195490
23-Jul-15,1940.00,1987.00,1935.00,1973.00,225417
22-Jul-15,1949.00,1949.00,1918.00,1925.00,215523
21-Jul-15,1968.00,1975.00,1947.00,1954.00,137747
20-Jul-15,1963.00,1980.00,1959.15,1966.00,121633
17-Jul-15,1984.00,1984.00,1962.00,1968.00,147769
16-Jul-15,1974.00,1988.00,1969.00,1978.00,186483
15-Jul-15,2011.00,2016.90,1957.00,1967.00,225032
14-Jul-15,2029.00,2035.00,2004.00,2011.00,194978
13-Jul-15,2027.00,2059.00,2019.00,2026.00,235290
10-Jul-15,2048.00,2048.00,2021.00,2029.00,191170
9-Jul-15,1987.00,2018.00,1968.00,2008.00,169860
8-Jul-15,2015.00,2018.00,1962.00,1965.00,228267
7-Jul-15,2073.00,2077.00,1999.15,2005.00,204231
6-Jul-15,2063.00,2097.24,2056.00,2067.00,186472
3-Jul-15,2123.00,2123.00,2073.00,2078.00,187451
2-Jul-15,2123.00,2134.00,2103.00,2111.00,153465
1-Jul-15,2119.00,2140.00,2104.00,2126.00,168706
30-Jun-15,2093.00,2122.00,2080.24,2110.00,319663
29-Jun-15,2105.00,2120.00,2074.00,2095.00,161804
26-Jun-15,2156.00,2180.00,2142.00,2157.00,120829
25-Jun-15,2152.00,2188.00,2152.00,2179.00,184486
24-Jun-15,2205.00,2222.00,2168.00,2168.00,182332
23-Jun-15,2229.00,2245.00,2207.00,2210.00,174125
22-Jun-15,2213.00,2216.00,2180.54,2212.00,234718
19-Jun-15,2159.00,2191.20,2152.00,2191.20,272659
18-Jun-15,2170.00,2180.75,2113.00,2156.00,239962
17-Jun-15,2159.00,2166.00,2126.00,2139.00,134125
16-Jun-15,2149.00,2160.00,2118.00,2147.00,231940
15-Jun-15,2164.00,2171.38,2140.00,2149.00,121866
12-Jun-15,2211.00,2226.00,2179.00,2189.00,210513
11-Jun-15,2243.00,2269.00,2217.00,2226.00,166053
10-Jun-15,2233.00,2243.00,2204.00,2239.00,178240
9-Jun-15,2203.00,2228.00,2189.00,2225.00,205865
8-Jun-15,2204.00,2213.00,2190.00,2200.00,165959
5-Jun-15,2235.00,2235.00,2199.00,2209.00,173411
4-Jun-15,2278.00,2282.00,2237.00,2244.00,238036
3-Jun-15,2278.00,2304.00,2232.00,2290.00,284907
2-Jun-15,2351.00,2351.00,2315.88,2322.00,148895
1-Jun-15,2340.00,2357.00,2320.00,2332.00,152212
29-May-15,2361.00,2375.00,2335.00,2338.00,236374
28-May-15,2360.00,2363.00,2339.00,2353.00,145671
27-May-15,2335.00,2420.00,2332.00,2394.00,281335
26-May-15,2312.00,2332.00,2304.00,2331.00,152887
22-May-15,2310.00,2338.00,2301.00,2327.00,117660
21-May-15,2308.00,2316.00,2286.00,2310.00,96371
20-May-15,2293.00,2320.00,2290.00,2310.00,138404
19-May-15,2286.00,2321.00,2283.00,2304.00,191909
18-May-15,2282.00,2306.00,2273.00,2289.00,115218
15-May-15,2300.00,2306.00,2280.00,2287.00,117279
14-May-15,2249.00,2293.00,2232.00,2285.00,203379
13-May-15,2220.00,2247.00,2215.00,2243.00,193605
12-May-15,2203.00,2214.60,2185.00,2205.00,248017
11-May-15,2250.00,2264.00,2218.00,2222.00,168938
8-May-15,2243.00,2352.00,2200.00,2249.00,366847
7-May-15,2178.00,2199.00,2145.00,2191.00,207770
6-May-15,2189.00,2200.00,2168.08,2175.00,128426
5-May-15,2183.00,2212.00,2177.00,2183.00,301225
1-May-15,2144.00,2176.00,2144.00,2169.00,93254
30-Apr-15,2138.00,2153.00,2112.00,2147.00,264934
29-Apr-15,2190.00,2213.00,2132.00,2132.00,252865
28-Apr-15,2253.00,2253.00,2182.00,2190.00,344577
27-Apr-15,2250.00,2270.50,2229.00,2245.00,219357
24-Apr-15,2192.00,2243.00,2170.00,2231.00,291838
23-Apr-15,2274.00,2290.00,2237.00,2250.00,194347
22-Apr-15,2300.00,2322.00,2261.00,2271.00,231757
21-Apr-15,2252.00,2291.00,2244.15,2287.00,177882
20-Apr-15,2252.00,2269.00,2223.00,2233.00,127547
17-Apr-15,2292.00,2292.30,2221.00,2238.00,169030
16-Apr-15,2270.00,2270.00,2240.00,2241.00,173033
15-Apr-15,2289.00,2297.00,2261.00,2268.00,146268
14-Apr-15,2265.00,2280.00,2245.42,2271.00,106416
13-Apr-15,2315.00,2320.00,2268.00,2269.00,187098
10-Apr-15,2272.00,2317.00,2271.00,2312.00,236367
9-Apr-15,2241.00,2260.00,2224.00,2260.00,183511
8-Apr-15,2227.00,2241.00,2216.00,2221.00,194266
7-Apr-15,2197.00,2226.00,2195.00,2223.00,270740
2-Apr-15,2165.00,2194.00,2151.00,2188.00,160075
1-Apr-15,2152.00,2173.00,2137.00,2155.00,190732
31-Mar-15,2167.00,2212.00,2160.00,2160.00,222472
30-Mar-15,2185.00,2205.00,2164.00,2173.00,187528
27-Mar-15,2171.00,2197.55,2150.50,2164.00,200557
26-Mar-15,2208.00,2224.00,2162.00,2179.00,169854
25-Mar-15,2246.00,2260.00,2224.00,2230.00,124859
24-Mar-15,2236.00,2267.00,2231.00,2240.00,195400
23-Mar-15,2256.00,2260.00,2234.00,2255.77,106326
20-Mar-15,2259.00,2263.00,2245.88,2253.00,195348
19-Mar-15,2275.00,2297.00,2253.00,2259.00,156161
18-Mar-15,2252.00,2285.00,2244.00,2263.00,186150
17-Mar-15,2267.00,2282.00,2212.00,2243.00,184228
16-Mar-15,2260.00,2278.00,2240.00,2273.00,179682
13-Mar-15,2225.00,2242.00,2215.00,2242.00,142404
12-Mar-15,2201.00,2239.00,2201.00,2217.00,207261
11-Mar-15,2187.00,2198.00,2164.00,2186.00,236607
10-Mar-15,2183.00,2207.00,2168.00,2176.49,204329
9-Mar-15,2210.00,2235.00,2189.00,2200.00,161508
6-Mar-15,2248.00,2262.00,2219.00,2222.00,192325
5-Mar-15,2209.00,2246.00,2188.00,2240.00,222000
4-Mar-15,2185.00,2198.00,2165.00,2196.00,214224
3-Mar-15,2207.00,2228.00,2175.00,2176.00,193313
2-Mar-15,2183.00,2218.00,2179.00,2197.00,187504
27-Feb-15,2200.00,2245.00,2165.00,2177.00,258217
26-Feb-15,2175.00,2205.00,2159.00,2205.00,180316
25-Feb-15,2181.00,2203.00,2161.00,2168.00,151341
24-Feb-15,2181.00,2202.00,2161.44,2195.00,171056
23-Feb-15,2200.00,2217.00,2178.00,2189.00,175464
20-Feb-15,2184.00,2199.00,2176.00,2196.00,197556
19-Feb-15,2186.00,2186.00,2162.00,2177.00,221818
18-Feb-15,2110.00,2189.00,2110.00,2182.00,199818
17-Feb-15,2126.00,2139.00,2093.00,2110.00,236340
16-Feb-15,2140.00,2148.00,2127.00,2132.00,188661
13-Feb-15,2132.00,2156.00,2124.00,2146.00,207755
12-Feb-15,2086.00,2125.00,2076.00,2118.00,406091
11-Feb-15,2084.00,2093.00,2076.00,2084.00,265509
10-Feb-15,2076.00,2100.00,2058.00,2093.00,364869
9-Feb-15,2100.00,2100.00,2052.00,2066.00,421243
6-Feb-15,2089.00,2100.00,2078.00,2100.00,302687
5-Feb-15,2107.00,2107.00,2088.00,2100.15,318202
4-Feb-15,2132.00,2136.00,2111.00,2113.00,158987
3-Feb-15,2100.00,2133.00,2093.00,2124.00,203796
2-Feb-15,2090.00,2097.00,2076.00,2090.00,283280
30-Jan-15,2128.00,2150.00,2076.00,2090.00,341149
29-Jan-15,2162.00,2162.00,2115.62,2130.00,330718
28-Jan-15,2204.00,2208.00,2160.00,2169.00,267827
27-Jan-15,2220.00,2237.00,2181.00,2189.00,140421
26-Jan-15,2204.00,2246.83,2204.00,2220.00,278398
23-Jan-15,2179.00,2225.00,2177.00,2218.00,290291
22-Jan-15,2155.00,2188.00,2148.00,2172.00,164955
21-Jan-15,2110.00,2169.00,2104.00,2169.00,227454
20-Jan-15,2084.00,2111.00,2084.00,2110.00,219883
19-Jan-15,2090.00,2108.00,2078.00,2091.00,224716
16-Jan-15,2020.00,2117.00,2020.00,2083.08,491198
15-Jan-15,1992.00,2010.00,1948.03,1965.00,263145
14-Jan-15,2015.00,2024.00,1983.00,2008.00,188673
13-Jan-15,2029.00,2044.00,2015.00,2034.00,301326
12-Jan-15,2042.00,2050.00,2018.00,2020.00,205401
9-Jan-15,2045.00,2057.00,2017.00,2039.00,298764
8-Jan-15,2050.00,2062.00,2029.60,2048.00,227964
7-Jan-15,2016.00,2039.00,2004.00,2018.00,158911
6-Jan-15,2094.00,2094.00,1995.00,1997.00,226118
5-Jan-15,2092.00,2120.00,2071.00,2080.00,123364
31-Dec-14,2098.00,2111.00,2086.00,2102.00,33518
30-Dec-14,2099.00,2106.00,2077.35,2084.00,74486
29-Dec-14,2128.00,2128.00,2069.00,2098.00,100002
24-Dec-14,2051.00,2115.00,2051.00,2075.00,25446
23-Dec-14,2087.00,2127.00,2087.00,2104.00,115240
22-Dec-14,2087.00,2102.00,2062.00,2086.00,190179
19-Dec-14,2095.00,2143.28,2089.00,2095.00,375987
18-Dec-14,2072.00,2096.00,2036.00,2094.00,209873
17-Dec-14,2059.00,2059.00,2017.00,2035.00,166759
16-Dec-14,1999.00,2068.00,1984.60,2066.00,344994
15-Dec-14,1990.00,2024.00,1972.00,1998.00,166116
12-Dec-14,1982.00,2007.87,1956.00,1979.00,168327
11-Dec-14,1999.00,2015.00,1970.00,1986.00,269213
10-Dec-14,1976.00,2000.00,1970.00,1984.00,172799
9-Dec-14,1964.00,1976.00,1947.00,1964.00,186598
8-Dec-14,1975.00,1990.00,1966.80,1980.00,121067
5-Dec-14,1942.00,1978.00,1935.00,1977.00,145910
4-Dec-14,1946.00,1946.00,1917.00,1934.50,86888
3-Dec-14,1909.00,1945.00,1894.00,1930.00,142062
2-Dec-14,1897.00,1935.00,1894.00,1906.00,243551
1-Dec-14,1862.00,1898.00,1862.00,1884.00,260807
28-Nov-14,1890.00,1896.00,1874.00,1887.00,153209
27-Nov-14,1902.00,1902.00,1872.00,1896.84,142270
26-Nov-14,1887.00,1900.00,1885.00,1892.00,187288
25-Nov-14,1896.00,1897.75,1880.00,1887.00,265426
24-Nov-14,1889.00,1898.00,1882.00,1887.00,212261
21-Nov-14,1840.00,1902.00,1830.00,1885.00,311324
20-Nov-14,1837.00,1846.00,1818.32,1833.00,190553
19-Nov-14,1860.00,1860.00,1833.00,1839.00,145402
18-Nov-14,1878.00,1889.87,1862.00,1862.00,304048
17-Nov-14,1888.00,1900.00,1864.00,1870.00,252236
14-Nov-14,1903.00,1908.00,1885.00,1906.00,97212
13-Nov-14,1922.00,1931.00,1890.00,1902.00,152409
12-Nov-14,1892.00,1935.08,1892.00,1915.00,272271
11-Nov-14,1904.00,1915.00,1894.00,1905.96,113299
10-Nov-14,1884.00,1915.00,1880.00,1892.00,185314
7-Nov-14,1899.00,1925.00,1878.00,1886.00,245659
6-Nov-14,1837.00,1912.00,1837.00,1898.00,282800
5-Nov-14,1818.00,1853.00,1812.00,1839.00,164587
4-Nov-14,1794.00,1824.00,1791.00,1804.00,227998
3-Nov-14,1798.00,1821.00,1792.00,1797.00,194115
31-Oct-14,1783.00,1809.00,1770.00,1781.67,217405
30-Oct-14,1772.00,1792.00,1740.00,1755.00,187256
29-Oct-14,1714.00,1796.00,1714.00,1767.00,271611
28-Oct-14,1692.00,1723.24,1686.00,1710.00,231003
27-Oct-14,1706.00,1720.00,1676.00,1688.00,340948
24-Oct-14,1628.00,1745.67,1626.00,1715.00,522493
23-Oct-14,1698.00,1698.00,1627.00,1645.00,373954
22-Oct-14,1693.00,1730.00,1692.00,1694.00,302014
21-Oct-14,1640.00,1703.00,1634.00,1692.00,262750
20-Oct-14,1657.00,1685.00,1645.00,1651.00,285005
17-Oct-14,1658.00,1708.00,1657.00,1674.00,347022
16-Oct-14,1640.00,1672.00,1606.00,1662.00,373356
15-Oct-14,1692.00,1700.00,1645.00,1658.00,340194
14-Oct-14,1640.00,1693.00,1628.00,1687.00,240746
13-Oct-14,1660.00,1677.56,1635.00,1643.00,205009
10-Oct-14,1695.00,1696.00,1640.00,1671.00,259341
9-Oct-14,1749.00,1751.00,1694.00,1710.00,227802
8-Oct-14,1764.00,1765.00,1707.00,1725.00,259673
7-Oct-14,1805.00,1815.00,1765.00,1765.00,272338
6-Oct-14,1792.00,1810.00,1787.00,1808.00,316071
3-Oct-14,1777.00,1798.00,1764.00,1792.00,210717
2-Oct-14,1779.00,1779.00,1738.00,1754.00,306806
1-Oct-14,1818.00,1818.00,1774.00,1778.00,267489
30-Sep-14,1837.00,1843.00,1808.00,1808.00,344909
29-Sep-14,1840.00,1843.00,1813.00,1837.00,232896
26-Sep-14,1859.00,1864.00,1829.00,1831.00,255899
25-Sep-14,1883.00,1898.00,1845.00,1862.00,224415
24-Sep-14,1930.00,1930.00,1881.00,1892.00,221842
23-Sep-14,1980.00,1980.00,1918.00,1925.00,181293
22-Sep-14,1985.00,2001.00,1974.00,1988.00,159036
19-Sep-14,1999.00,2018.00,1994.00,1999.00,370613
18-Sep-14,1979.00,1992.00,1972.00,1992.00,185537
17-Sep-14,2002.00,2044.00,1981.00,1981.00,237716
16-Sep-14,2011.00,2052.00,1968.00,1981.00,209610
15-Sep-14,1989.00,2041.00,1980.00,2006.00,267601
12-Sep-14,1985.00,1997.00,1966.00,1989.00,269423
11-Sep-14,1976.00,1996.00,1960.00,1978.00,282465
10-Sep-14,1991.00,1992.00,1958.00,1960.00,189107
9-Sep-14,1969.00,1997.00,1969.00,1981.00,116123
8-Sep-14,1984.00,1993.00,1958.00,1974.00,164261
5-Sep-14,1975.00,1995.00,1975.00,1990.00,109066
4-Sep-14,1973.00,1982.00,1963.00,1982.00,136318
3-Sep-14,1981.00,1988.00,1961.57,1984.00,167582
2-Sep-14,1952.00,1977.00,1952.00,1972.00,112765
1-Sep-14,1962.00,1962.00,1925.00,1958.00,120881
29-Aug-14,1957.00,1969.00,1933.00,1947.00,272704
28-Aug-14,2041.00,2045.00,1934.15,1942.00,274035
27-Aug-14,2039.00,2054.00,2032.00,2050.00,141907
26-Aug-14,2042.00,2056.00,2007.00,2044.00,136820
22-Aug-14,2019.00,2026.00,2007.00,2015.00,163302
21-Aug-14,2016.00,2025.88,1999.00,2017.00,110668
20-Aug-14,2030.00,2038.85,2008.00,2015.00,269098
19-Aug-14,2026.00,2039.00,2024.00,2034.00,131366
18-Aug-14,2030.00,2049.00,1999.00,2024.00,161901
15-Aug-14,2007.00,2028.00,2003.00,2015.00,123796
14-Aug-14,2002.00,2012.00,1991.00,2008.00,103014
13-Aug-14,2003.00,2007.00,1982.00,2000.00,115683
12-Aug-14,1988.00,2005.00,1979.23,1997.00,175209
11-Aug-14,1970.00,2001.00,1968.00,1989.00,142563
8-Aug-14,1957.00,1967.00,1931.00,1950.40,185790
7-Aug-14,1930.00,1991.00,1918.00,1981.90,295963
6-Aug-14,1920.00,1939.00,1895.00,1930.00,219559
5-Aug-14,1900.00,1925.00,1895.00,1908.85,193858
4-Aug-14,1916.00,1916.00,1881.00,1904.00,182182
1-Aug-14,1915.00,1926.00,1868.00,1916.00,295238
31-Jul-14,1910.00,1914.00,1863.00,1908.00,287986
30-Jul-14,1967.00,1967.00,1899.00,1906.00,258833
29-Jul-14,1910.00,1962.00,1900.00,1960.00,396155
28-Jul-14,1931.00,1933.28,1874.00,1908.44,278542
25-Jul-14,2050.00,2060.00,1915.00,2021.06,901086
24-Jul-14,2081.00,2095.00,2058.00,2095.00,315138
23-Jul-14,2094.00,2102.00,2069.00,2075.00,275615
22-Jul-14,2157.00,2157.00,2094.00,2099.00,219500
21-Jul-14,2136.00,2143.00,2108.00,2138.00,105048
18-Jul-14,2149.00,2154.00,2125.00,2143.00,132595
17-Jul-14,2159.00,2186.00,2135.00,2163.00,155510
16-Jul-14,2120.00,2176.00,2120.00,2170.00,132358
15-Jul-14,2145.00,2164.00,2102.00,2119.00,160491
14-Jul-14,2140.00,2154.00,2131.00,2151.00,106739
11-Jul-14,2134.00,2166.00,2126.00,2138.00,124070
10-Jul-14,2174.00,2174.00,2118.00,2135.00,152726
9-Jul-14,2159.00,2172.00,2141.00,2168.00,202558
8-Jul-14,2213.00,2218.00,2148.00,2176.19,238700
7-Jul-14,2228.00,2231.00,2194.00,2218.62,165118
4-Jul-14,2233.00,2242.00,2211.00,2224.00,142077
3-Jul-14,2240.00,2255.00,2217.00,2234.00,200328
2-Jul-14,2237.00,2252.00,2218.00,2218.00,257568
1-Jul-14,2228.00,2242.00,2221.00,2230.53,185608
30-Jun-14,2244.00,2244.00,2212.00,2220.00,257692
27-Jun-14,2221.00,2247.03,2212.00,2228.00,147702
26-Jun-14,2212.00,2243.00,2204.00,2220.00,179203
25-Jun-14,2253.00,2256.00,2205.00,2209.00,165663
24-Jun-14,2297.00,2304.00,2238.00,2254.00,171949
23-Jun-14,2315.00,2330.46,2295.00,2300.00,58623
20-Jun-14,2327.00,2358.00,2317.00,2326.00,107377
19-Jun-14,2337.00,2350.00,2312.00,2316.00,92460
18-Jun-14,2318.00,2335.00,2298.00,2319.30,119487
17-Jun-14,2324.00,2351.25,2294.00,2307.00,107051
16-Jun-14,2348.00,2348.00,2310.00,2324.00,133111
13-Jun-14,2420.00,2420.00,2327.00,2347.00,187322
12-Jun-14,2325.00,2384.00,2314.00,2374.00,185060
11-Jun-14,2345.00,2346.00,2290.00,2314.00,162632
10-Jun-14,2350.00,2358.00,2324.00,2340.00,117691
9-Jun-14,2406.00,2406.00,2341.00,2363.00,99003
6-Jun-14,2350.00,2402.00,2327.00,2358.32,264977
5-Jun-14,2337.00,2343.00,2301.00,2340.00,151009
4-Jun-14,2294.00,2325.80,2277.00,2308.96,95465
3-Jun-14,2314.00,2317.32,2284.00,2317.32,131375
2-Jun-14,2296.00,2323.00,2296.00,2308.00,81066
30-May-14,2283.00,2306.00,2279.90,2296.00,138106
29-May-14,2277.00,2309.00,2277.00,2280.00,70853
28-May-14,2288.00,2295.00,2269.00,2282.00,113998
27-May-14,2231.00,2314.00,2231.00,2300.00,115476
23-May-14,2256.00,2276.00,2230.00,2242.00,152964
22-May-14,2225.00,2269.00,2225.00,2253.05,117174
21-May-14,2188.00,2227.63,2161.90,2203.13,112083
20-May-14,2195.00,2203.00,2176.00,2178.00,114365
19-May-14,2152.00,2192.00,2150.00,2188.00,144663
16-May-14,2242.00,2242.00,2148.00,2162.00,138871
15-May-14,2261.00,2267.00,2207.00,2229.00,193383
14-May-14,2316.00,2316.00,2266.00,2268.00,112704
13-May-14,2320.00,2341.00,2286.00,2295.35,214690
12-May-14,2274.00,2329.00,2274.00,2329.00,87427
9-May-14,2300.00,2309.00,2271.00,2277.00,78797
8-May-14,2296.00,2316.00,2276.00,2297.97,155886
7-May-14,2281.00,2304.00,2266.00,2296.00,303335
6-May-14,2242.00,2287.00,2230.20,2279.00,263755
2-May-14,2200.00,2242.00,2196.00,2227.78,104226
1-May-14,2220.00,2230.94,2181.00,2200.00,32185
30-Apr-14,2201.00,2225.00,2198.00,2225.00,213098
29-Apr-14,2236.00,2276.00,2206.00,2206.00,180598
28-Apr-14,2244.00,2265.00,2218.00,2218.00,141041
25-Apr-14,2304.00,2307.00,2234.00,2238.00,136843
24-Apr-14,2375.00,2379.00,2293.00,2304.58,167029
23-Apr-14,2354.00,2366.00,2324.00,2352.00,149429
22-Apr-14,2274.00,2366.00,2274.00,2350.00,215073
17-Apr-14,2263.00,2284.00,2256.00,2272.00,101835
16-Apr-14,2247.00,2269.00,2226.00,2258.00,175578
15-Apr-14,2228.00,2239.00,2215.00,2219.00,121439
14-Apr-14,2254.00,2254.00,2184.00,2220.00,105369
11-Apr-14,2263.00,2270.00,2219.00,2250.00,109085
10-Apr-14,2308.00,2316.49,2284.00,2285.00,104382
9-Apr-14,2297.00,2310.00,2288.00,2296.00,89083
8-Apr-14,2316.00,2321.96,2259.00,2286.00,150483
7-Apr-14,2379.00,2380.00,2310.00,2310.00,119577
4-Apr-14,2367.00,2391.00,2361.00,2381.00,104946
3-Apr-14,2356.00,2369.00,2343.00,2356.00,99098
2-Apr-14,2315.00,2369.00,2294.00,2359.00,137591
1-Apr-14,2329.00,2343.00,2306.97,2317.36,158488
31-Mar-14,2313.00,2325.00,2296.00,2318.00,115178
28-Mar-14,2292.00,2302.00,2287.00,2300.00,153049
27-Mar-14,2287.00,2309.00,2273.00,2291.00,117674
26-Mar-14,2274.00,2314.00,2274.00,2305.00,124327
25-Mar-14,2266.00,2290.00,2260.00,2280.00,155764
24-Mar-14,2294.00,2295.00,2249.00,2254.00,130666
21-Mar-14,2268.00,2311.00,2257.00,2284.00,320019
20-Mar-14,2259.00,2266.00,2235.20,2251.00,208266
19-Mar-14,2294.00,2299.00,2274.00,2280.00,120355
18-Mar-14,2296.00,2305.00,2278.00,2285.00,155374
17-Mar-14,2287.00,2323.00,2286.00,2303.00,147065
14-Mar-14,2264.00,2280.00,2238.00,2278.00,152601
13-Mar-14,2312.00,2321.00,2282.00,2282.00,171071
12-Mar-14,2347.00,2347.00,2296.00,2314.00,138467
11-Mar-14,2348.00,2361.00,2334.00,2348.00,85688
10-Mar-14,2367.00,2377.00,2337.00,2349.00,150113
7-Mar-14,2386.00,2395.00,2361.00,2365.00,211294
6-Mar-14,2424.00,2424.00,2380.00,2380.00,286245
5-Mar-14,2426.00,2455.00,2400.00,2403.00,123945
4-Mar-14,2440.00,2456.00,2433.00,2436.00,276783
3-Mar-14,2436.00,2436.00,2389.00,2413.00,240800
28-Feb-14,2449.00,2471.00,2442.00,2457.00,227219
27-Feb-14,2404.00,2493.00,2404.00,2462.00,153343
26-Feb-14,2463.00,2471.00,2436.00,2459.00,171907
25-Feb-14,2452.00,2479.00,2442.00,2465.00,222211
24-Feb-14,2422.00,2457.00,2416.00,2452.00,136089
21-Feb-14,2424.00,2445.00,2401.00,2439.00,130257
20-Feb-14,2363.00,2416.00,2357.00,2410.00,146331
19-Feb-14,2373.00,2404.00,2366.00,2391.00,106417
18-Feb-14,2348.00,2390.00,2337.00,2386.00,166649
17-Feb-14,2350.00,2372.00,2336.00,2355.00,159619
14-Feb-14,2347.00,2347.00,2333.00,2340.00,151271
13-Feb-14,2355.00,2355.00,2323.00,2338.00,151314
12-Feb-14,2366.00,2374.00,2346.00,2349.00,139045
11-Feb-14,2338.00,2369.00,2324.00,2369.00,259018
10-Feb-14,2307.00,2335.00,2294.00,2330.00,218569
7-Feb-14,2313.00,2313.00,2283.00,2307.00,215179
6-Feb-14,2278.00,2301.00,2247.00,2301.00,255602
5-Feb-14,2280.00,2297.00,2254.00,2264.00,282310
4-Feb-14,2228.00,2272.00,2202.00,2258.00,270588
3-Feb-14,2225.00,2266.00,2218.00,2228.00,243299
31-Jan-14,2260.00,2272.00,2192.00,2222.00,178757
30-Jan-14,2247.00,2264.00,2217.00,2256.00,107079
29-Jan-14,2304.00,2304.00,2226.00,2256.00,290927
28-Jan-14,2249.00,2285.00,2249.00,2275.00,158874
27-Jan-14,2266.00,2274.00,2241.00,2248.00,217407
24-Jan-14,2324.00,2337.00,2269.00,2279.00,199640
23-Jan-14,2359.00,2396.00,2325.00,2333.00,150151
22-Jan-14,2380.00,2403.00,2369.00,2372.00,209859
21-Jan-14,2370.00,2388.00,2355.00,2384.00,172365
20-Jan-14,2389.00,2414.00,2371.00,2379.00,234863
17-Jan-14,2496.00,2515.00,2386.00,2413.00,255986
16-Jan-14,2479.00,2491.00,2445.00,2482.00,202103
15-Jan-14,2477.00,2509.00,2462.00,2469.00,157725
14-Jan-14,2470.00,2470.00,2429.00,2458.00,188036
13-Jan-14,2488.00,2496.00,2444.00,2475.00,170400
10-Jan-14,2402.00,2478.00,2347.00,2476.00,300102
9-Jan-14,2511.00,2511.00,2457.00,2460.00,142184
8-Jan-14,2499.00,2518.00,2484.00,2500.00,135236
7-Jan-14,2540.00,2540.00,2491.00,2504.00,164185
6-Jan-14,2552.00,2561.00,2526.00,2535.00,129190
3-Jan-14,2538.00,2556.00,2520.00,2547.00,229650
2-Jan-14,2571.00,2572.00,2533.00,2533.00,239291
31-Dec-13,2550.00,2561.00,2549.00,2561.00,195816
30-Dec-13,2535.00,2560.00,2535.00,2550.00,116597
27-Dec-13,2486.00,2543.00,2486.00,2540.00,272197
24-Dec-13,2500.00,2504.00,2487.00,2499.00,44772
23-Dec-13,2526.00,2526.00,2445.00,2500.00,205634
20-Dec-13,2482.00,2535.00,2478.00,2516.00,241871
19-Dec-13,2485.00,2524.00,2470.00,2492.00,161931
18-Dec-13,2413.00,2461.00,2405.00,2459.00,176445
17-Dec-13,2375.00,2425.00,2374.00,2410.00,169614
16-Dec-13,2327.00,2391.00,2313.00,2385.00,134892
13-Dec-13,2308.00,2324.00,2296.00,2318.00,103590
12-Dec-13,2357.00,2360.00,2284.00,2302.00,146760
11-Dec-13,2365.00,2379.00,2350.00,2360.00,101058
10-Dec-13,2386.00,2394.00,2360.00,2372.00,187393
9-Dec-13,2380.00,2389.00,2363.00,2379.00,168578
6-Dec-13,2368.00,2388.00,2344.00,2374.00,157002
5-Dec-13,2362.00,2424.00,2336.00,2366.00,148463
4-Dec-13,2414.00,2423.00,2374.00,2374.00,125439
3-Dec-13,2420.00,2431.00,2406.00,2410.00,190988
2-Dec-13,2429.00,2450.00,2406.00,2420.00,177284
29-Nov-13,2437.00,2463.00,2418.00,2433.00,144247
28-Nov-13,2385.00,2443.00,2385.00,2421.00,131531
27-Nov-13,2368.00,2412.00,2360.00,2398.00,130640
26-Nov-13,2358.00,2384.00,2358.00,2361.00,126605
25-Nov-13,2362.00,2373.00,2348.00,2365.00,111324
22-Nov-13,2319.00,2348.00,2319.00,2338.00,73064
21-Nov-13,2335.00,2369.00,2323.00,2332.00,94320
20-Nov-13,2362.00,2369.00,2326.00,2355.00,128727
19-Nov-13,2353.00,2374.00,2350.00,2364.00,118890
18-Nov-13,2332.00,2368.00,2313.00,2368.00,129427
15-Nov-13,2297.00,2339.00,2297.00,2335.00,127753
14-Nov-13,2312.00,2317.00,2293.00,2293.00,188917
13-Nov-13,2318.00,2322.00,2271.00,2283.00,164023
12-Nov-13,2284.00,2319.00,2278.00,2319.00,175723
11-Nov-13,2291.00,2302.00,2269.00,2282.43,203366
8-Nov-13,2298.00,2308.00,2282.00,2291.00,176266
7-Nov-13,2304.00,2317.00,2292.00,2303.00,254422
6-Nov-13,2323.00,2340.00,2303.00,2305.00,138089
5-Nov-13,2321.00,2327.00,2293.00,2310.00,95706
4-Nov-13,2302.00,2361.00,2302.00,2360.00,168359
1-Nov-13,2311.00,2324.00,2292.00,2295.00,134394
31-Oct-13,2290.00,2330.00,2289.00,2312.00,210009
30-Oct-13,2294.00,2317.00,2287.00,2295.00,100296
29-Oct-13,2280.00,2305.00,2268.00,2286.00,122378
28-Oct-13,2293.00,2306.00,2271.00,2286.00,131187
25-Oct-13,2290.00,2300.00,2275.00,2296.00,105906
24-Oct-13,2283.00,2322.00,2283.00,2302.00,169264
23-Oct-13,2268.00,2289.00,-,2277.00,156614
22-Oct-13,2307.00,2319.00,2267.00,2281.00,161958
21-Oct-13,2261.00,2317.00,2241.00,2307.00,195617
18-Oct-13,2195.00,2287.00,2187.00,2246.50,471355
17-Oct-13,2243.00,2248.00,2184.00,2219.00,172111
16-Oct-13,2216.00,2256.00,2199.00,2245.00,150158
15-Oct-13,2228.00,2276.00,2228.00,2233.00,195207
14-Oct-13,2233.00,2278.00,2218.00,2278.00,132072
11-Oct-13,2237.00,2239.00,2220.00,2234.00,111203
10-Oct-13,2213.00,2245.00,2204.00,2236.00,187837
9-Oct-13,2206.00,2214.00,2181.00,2203.00,221956
8-Oct-13,2228.00,2230.00,2208.00,2215.00,227494
7-Oct-13,2180.00,2223.00,2179.00,2213.00,174098
4-Oct-13,2197.00,2227.00,2197.00,2218.00,149709
3-Oct-13,2216.00,2230.00,2201.00,2202.00,87307
2-Oct-13,2233.00,2253.00,2216.00,2219.00,99880
1-Oct-13,2220.00,2252.00,2211.00,2250.00,120897
30-Sep-13,2177.00,2213.00,2177.00,2206.00,218916
27-Sep-13,2207.00,2228.00,2202.00,2209.00,95013
26-Sep-13,2220.00,2220.00,2201.00,2210.00,78542
25-Sep-13,2212.00,2233.00,2210.00,2211.00,115426
24-Sep-13,2225.00,2242.00,2220.00,2225.00,157683
20-Sep-13,2224.00,2278.00,2215.00,2233.00,236667
19-Sep-13,2268.00,2277.00,2214.00,2221.00,127439
18-Sep-13,2223.00,2260.00,2214.00,2234.00,150338
17-Sep-13,2290.00,2291.00,2193.00,2214.00,339658
16-Sep-13,2315.00,2322.00,2292.00,2297.00,71644
13-Sep-13,2298.00,2306.00,2284.00,2295.00,87602
12-Sep-13,2320.00,2320.00,2266.00,2301.00,149873
11-Sep-13,2351.00,2351.00,2301.00,2315.00,230205
10-Sep-13,2330.00,2350.00,2304.00,2322.00,384412
9-Sep-13,2322.00,2326.00,2273.00,2316.00,171811
6-Sep-13,2333.00,2347.00,2306.00,2329.00,270099
5-Sep-13,2317.00,2346.00,2313.00,2330.00,243350
4-Sep-13,2282.00,2326.00,2267.00,2320.00,195812
3-Sep-13,2265.00,2296.00,2262.00,2280.00,194708
2-Sep-13,2239.00,2269.00,2226.00,2268.00,167658
30-Aug-13,2225.00,2241.00,2203.00,2221.00,212856
29-Aug-13,2220.00,2251.00,2218.00,2237.00,166722
28-Aug-13,2247.00,2247.00,2212.00,2220.00,203618
27-Aug-13,2257.00,2263.00,2220.00,2248.00,330824
23-Aug-13,2273.00,2294.00,2260.00,2260.00,231840
22-Aug-13,2231.00,2279.00,2231.00,2264.00,171864
21-Aug-13,2268.00,2281.00,2243.00,2246.00,174978
20-Aug-13,2275.00,2288.00,2265.00,2275.00,297702
19-Aug-13,2260.00,2319.00,2260.00,2301.00,281898
16-Aug-13,2230.00,2255.00,2206.00,2255.00,148868
15-Aug-13,2270.00,2277.00,2225.00,2226.00,204110
14-Aug-13,2243.00,2279.00,2243.00,2270.00,135560
13-Aug-13,2257.00,2277.00,2229.00,2241.00,128825
12-Aug-13,2255.00,2265.00,2225.00,2243.00,124018
9-Aug-13,2239.00,2267.00,2230.00,2257.00,144709
8-Aug-13,2211.00,2264.00,2211.00,2237.00,191978
7-Aug-13,2206.00,2226.00,2191.00,2213.00,217255
6-Aug-13,2217.00,2218.00,2193.00,2214.00,230178
5-Aug-13,2212.00,2224.00,2200.00,2211.00,124037
2-Aug-13,2193.00,2222.00,2191.00,2211.00,270011
1-Aug-13,2118.00,2197.00,2118.00,2191.00,230269
31-Jul-13,2080.00,2123.00,2080.00,2110.00,217924
30-Jul-13,2037.00,2096.00,2037.00,2090.00,107147
29-Jul-13,2060.00,2071.00,2039.00,2053.00,138552
26-Jul-13,2074.00,2113.00,2035.00,2060.00,286439
25-Jul-13,2127.00,2127.00,2075.00,2077.00,193386
24-Jul-13,2100.00,2131.00,2069.00,2107.00,155066
23-Jul-13,2100.00,2115.00,2079.00,2085.00,139075
22-Jul-13,2092.00,2113.00,2078.00,2099.00,161773
19-Jul-13,2022.00,2099.00,2011.00,2083.00,235014
18-Jul-13,2040.00,2053.00,2031.00,2035.00,138020
17-Jul-13,2050.00,2124.00,2016.00,2046.00,265429
16-Jul-13,2009.00,2036.00,2002.00,2022.00,207813
15-Jul-13,1998.00,2022.00,1977.00,2018.00,227296
12-Jul-13,2000.00,2028.00,1991.00,1994.00,224198
11-Jul-13,1941.00,1977.31,1897.00,1975.00,302654
10-Jul-13,2010.00,2029.20,1931.00,1940.00,259922
9-Jul-13,2010.00,2038.00,1991.00,2026.00,233224
8-Jul-13,2019.00,2028.00,1995.00,2006.00,160479
5-Jul-13,2026.00,2036.00,1984.00,1991.00,142175
4-Jul-13,2003.00,2049.00,1982.00,2021.00,139383
3-Jul-13,1951.00,1983.00,1945.00,1975.00,191587
2-Jul-13,1973.00,1990.00,1948.00,1963.00,184866
1-Jul-13,1915.00,1979.80,1915.00,1971.00,181323
28-Jun-13,1951.00,1973.00,1901.00,1910.00,220582
27-Jun-13,1937.00,1967.00,1895.00,1958.00,158547
26-Jun-13,1894.00,1950.00,1888.95,1925.00,220185
25-Jun-13,1844.00,1891.00,1839.00,1886.00,319625
24-Jun-13,1872.00,1872.00,1831.00,1834.00,324796
21-Jun-13,1950.00,1980.00,1875.00,1875.00,490927
20-Jun-13,2041.00,2041.00,1946.00,1950.00,237696
19-Jun-13,2090.00,2096.00,2059.00,2062.00,236116
18-Jun-13,2062.00,2103.00,2048.05,2090.00,190245
17-Jun-13,2051.00,2070.00,2045.00,2061.00,126545
14-Jun-13,2028.00,2065.00,2028.00,2046.00,205391
13-Jun-13,2013.00,2034.00,1983.00,2025.00,204258
12-Jun-13,2029.00,2047.00,2017.00,2035.00,244000
11-Jun-13,2037.00,2039.00,1993.00,2026.00,278386
10-Jun-13,2032.00,2056.00,2022.00,2037.00,187007
7-Jun-13,2028.00,2053.00,2010.00,2036.00,157105
6-Jun-13,2051.00,2067.00,2018.00,2024.00,306874
5-Jun-13,2038.00,2071.00,2029.00,2061.00,385285
4-Jun-13,2086.00,2102.00,2038.00,2052.00,137835
3-Jun-13,2077.00,2096.50,2061.00,2079.00,152192
31-May-13,2106.00,2111.00,2062.00,2087.00,158844
30-May-13,2065.00,2118.00,2042.00,2112.00,164322
29-May-13,2083.00,2092.00,2032.00,2070.00,182284
28-May-13,2108.00,2150.00,2100.00,2112.00,181889
24-May-13,2069.00,2104.00,2069.00,2090.00,299378
23-May-13,2082.00,2082.00,2047.00,2068.00,284509
22-May-13,2115.00,2118.00,2090.00,2107.00,248911
21-May-13,2106.00,2125.00,2091.00,2100.00,231900
20-May-13,2123.00,2148.00,2106.00,2112.00,207196
17-May-13,2116.00,2141.00,2106.05,2124.00,243356
16-May-13,2156.00,2158.00,2116.00,2122.00,222476
15-May-13,2154.00,2172.00,2130.00,2135.00,158736
14-May-13,2151.00,2166.00,2133.00,2153.00,157178
13-May-13,2167.00,2176.00,2121.00,2154.00,124961
10-May-13,2133.00,2165.00,2128.00,2163.00,186602
9-May-13,2115.00,2154.00,2110.00,2136.00,203388
8-May-13,2112.00,2146.76,2108.00,2127.00,240780
7-May-13,2112.00,2150.05,2101.00,2113.00,166669
3-May-13,2071.00,2140.00,2061.00,2122.00,164560
2-May-13,2130.00,2130.00,2046.00,2064.00,319979
1-May-13,2107.00,2159.00,2083.57,2130.00,121631
30-Apr-13,2108.00,2129.00,2082.00,2110.00,253618
29-Apr-13,2098.00,2110.48,2065.00,2100.00,256042
26-Apr-13,2062.00,2119.00,2057.00,2097.00,441302
25-Apr-13,2029.00,2067.00,2025.00,2056.00,196612
24-Apr-13,2011.00,2039.00,1987.00,2029.00,313919
23-Apr-13,1921.00,2023.00,1905.00,2007.00,748054
22-Apr-13,1881.00,1935.00,1835.00,1880.00,470243
19-Apr-13,1976.20,1994.00,1878.00,1961.94,1445021
18-Apr-13,2205.00,2260.00,2196.68,2225.00,202030
17-Apr-13,2275.00,2290.00,2202.00,2205.00,262071
16-Apr-13,2280.00,2297.00,2245.00,2263.00,239816
15-Apr-13,2315.00,2317.00,2255.00,2291.00,134905
12-Apr-13,2409.00,2409.00,2309.00,2321.00,199836
11-Apr-13,2238.00,2374.00,2238.00,2351.00,272386
10-Apr-13,2256.00,2276.00,2236.00,2253.00,280404
9-Apr-13,2305.00,2305.00,2236.00,2256.00,226038
8-Apr-13,2268.00,2309.00,2268.00,2293.00,175145
5-Apr-13,2381.00,2393.00,2271.00,2276.00,247865
4-Apr-13,2444.00,2452.00,2355.00,2367.00,302015
3-Apr-13,2460.00,2465.00,2429.00,2450.00,278163
2-Apr-13,2475.00,2488.00,2452.00,2466.00,232617
28-Mar-13,2400.00,2464.00,2386.00,2456.00,174298
27-Mar-13,2411.00,2439.00,2376.00,2399.00,197816
26-Mar-13,2422.00,2440.00,2405.00,2420.00,209636
25-Mar-13,2410.00,2468.00,2409.85,2415.00,178586
22-Mar-13,2422.00,2429.00,2393.00,2405.00,264569
21-Mar-13,2438.00,2440.00,2405.00,2420.00,176875
20-Mar-13,2449.00,2459.00,2432.00,2441.00,143223
19-Mar-13,2441.00,2455.00,2433.00,2437.00,125658
18-Mar-13,2444.00,2455.56,2430.00,2448.00,200629
15-Mar-13,2458.00,2481.00,2446.00,2470.00,363651
14-Mar-13,2418.00,2484.00,2408.80,2463.00,423805
13-Mar-13,2385.00,2417.00,2356.00,2408.00,312920
12-Mar-13,2323.00,2389.00,2318.85,2380.00,279142
11-Mar-13,2365.00,2388.00,2325.00,2339.00,226649
8-Mar-13,2371.00,2393.00,2356.00,2374.00,178805
7-Mar-13,2397.00,2397.00,2358.00,2383.00,209655
6-Mar-13,2395.00,2405.00,2381.00,2389.00,217811
5-Mar-13,2377.00,2402.00,2375.00,2390.00,176575
4-Mar-13,2382.00,2395.00,2339.00,2362.00,272699
1-Mar-13,2369.00,2387.00,2352.00,2378.00,270345
28-Feb-13,2375.00,2381.00,2360.00,2375.00,260120
27-Feb-13,2357.00,2379.00,2350.00,2370.00,264611
26-Feb-13,2353.00,2377.00,2326.48,2354.00,403794
25-Feb-13,2490.00,2490.00,2387.00,2398.00,411906
22-Feb-13,2400.00,2509.00,2400.00,2459.00,337111
21-Feb-13,2430.00,2433.00,2375.00,2399.00,269169
20-Feb-13,2385.00,2507.00,2385.00,2440.00,223315
19-Feb-13,2445.00,2445.00,2404.00,2425.00,174519
18-Feb-13,2410.00,2420.00,2397.00,2411.00,91763
15-Feb-13,2373.00,2431.00,2372.00,2410.00,178149
14-Feb-13,2418.00,2418.00,2370.00,2397.00,137824
13-Feb-13,2329.00,2434.00,2329.00,2415.00,230402
12-Feb-13,2314.00,2349.00,2297.00,2346.00,135575
11-Feb-13,2317.00,2317.00,2278.00,2308.00,83184
8-Feb-13,2293.00,2312.00,2274.00,2307.00,106285
7-Feb-13,2301.00,2321.00,2288.00,2300.00,136779
6-Feb-13,2271.00,2333.00,2271.00,2303.00,169263
5-Feb-13,2282.00,2289.00,2235.00,2275.00,205553
4-Feb-13,2305.00,2324.00,2278.00,2284.00,137445
1-Feb-13,2213.00,2331.00,2213.00,2314.00,200714
31-Jan-13,2227.00,2243.00,2210.55,2214.00,261816
30-Jan-13,2220.00,2233.00,2203.00,2225.00,99301
29-Jan-13,2209.00,2224.00,2197.00,2216.00,165362
28-Jan-13,2213.00,2220.00,2187.00,2203.00,157208
25-Jan-13,2223.00,2228.00,2196.00,2213.00,300340
24-Jan-13,2209.00,2222.00,2190.00,2215.00,142593
23-Jan-13,2196.00,2219.00,2192.00,2200.00,157511
22-Jan-13,2176.00,2216.00,2168.00,2198.00,247805
21-Jan-13,2236.00,2236.00,2120.00,2170.00,226356
18-Jan-13,2050.00,2196.00,2050.00,2190.00,570067
17-Jan-13,2015.00,2049.00,2010.00,2023.00,123547
16-Jan-13,1979.00,2025.00,1979.00,2007.00,165673
15-Jan-13,1972.00,1999.00,1961.00,1988.00,135084
14-Jan-13,1985.00,1994.00,1965.00,1976.00,251757
11-Jan-13,1980.00,1989.00,1960.00,1983.00,295466
10-Jan-13,1980.00,2005.00,1956.00,1971.00,432848
9-Jan-13,2006.00,2029.00,1991.98,2015.00,232488
8-Jan-13,2071.00,2082.00,2046.00,2046.00,166864
7-Jan-13,2105.00,2105.00,2056.00,2080.00,109019
4-Jan-13,2102.00,2110.00,2066.00,2100.00,102614
3-Jan-13,2092.00,2119.00,2085.00,2093.00,177097
2-Jan-13,2053.00,2099.00,2037.00,2088.00,169896
