31-Dec-15,121.50,121.90,119.90,121.10,361525
30-Dec-15,122.00,122.00,119.50,120.80,1294894
29-Dec-15,122.00,122.00,118.80,121.60,2733394
24-Dec-15,121.20,122.40,120.00,120.70,488991
23-Dec-15,121.60,121.89,119.90,120.30,1997927
22-Dec-15,119.80,121.30,119.00,120.20,1774018
21-Dec-15,117.70,120.70,117.30,119.60,2496247
18-Dec-15,118.30,119.30,116.60,117.80,4106689
16-Dec-15,118.70,120.20,116.90,119.40,2653498
15-Dec-15,114.40,118.80,114.10,117.80,3532241
14-Dec-15,113.80,115.00,112.30,113.00,4051545
11-Dec-15,112.70,114.70,109.90,113.00,5480112
10-Dec-15,117.30,119.90,115.20,115.70,4083269
9-Dec-15,119.30,120.10,118.30,118.40,3570146
8-Dec-15,119.50,120.20,117.50,118.80,3332411
7-Dec-15,118.70,120.80,118.70,120.10,3413616
4-Dec-15,118.40,121.00,117.10,119.50,4094408
3-Dec-15,120.00,121.00,118.20,118.90,3974704
2-Dec-15,118.90,120.20,117.77,119.30,3726176
1-Dec-15,120.00,120.80,118.90,119.90,4376569
30-Nov-15,116.40,120.10,115.90,119.90,5911657
27-Nov-15,113.60,118.30,112.12,117.90,6502137
26-Nov-15,109.60,115.50,108.60,113.70,5652841
25-Nov-15,103.00,109.10,102.50,109.00,11588184
24-Nov-15,102.10,102.60,97.65,98.35,7730869
23-Nov-15,104.00,104.00,100.64,102.10,5582772
20-Nov-15,105.50,106.59,103.70,104.00,3501229
19-Nov-15,106.10,107.40,105.90,106.00,2614267
18-Nov-15,104.40,106.30,103.30,105.90,4611154
17-Nov-15,102.90,105.10,102.40,104.40,5244491
16-Nov-15,104.10,105.90,100.54,101.90,6086471
13-Nov-15,110.30,111.48,105.70,107.00,4528110
12-Nov-15,113.50,113.60,110.40,111.20,2519921
11-Nov-15,112.00,113.40,111.30,113.40,2470118
10-Nov-15,114.50,114.50,110.60,111.20,3248903
9-Nov-15,116.00,116.00,113.40,113.80,2615417
6-Nov-15,113.10,117.50,111.90,115.20,4507105
5-Nov-15,118.40,118.40,110.90,112.20,6697691
4-Nov-15,122.20,122.80,121.00,121.00,2420859
3-Nov-15,122.30,122.30,121.30,122.10,2009623
2-Nov-15,121.60,123.10,121.60,121.80,2131608
30-Oct-15,122.50,122.92,121.80,122.90,3335122
29-Oct-15,122.70,122.79,120.94,121.90,3127722
28-Oct-15,122.70,123.40,121.40,122.50,3412782
27-Oct-15,124.60,125.64,123.00,123.00,2266033
26-Oct-15,125.40,126.90,124.60,124.60,2205993
23-Oct-15,124.70,127.20,123.70,126.00,2959532
22-Oct-15,122.70,124.20,121.70,123.80,1526302
21-Oct-15,123.10,124.70,121.96,123.20,2790953
20-Oct-15,121.60,123.20,120.90,122.70,2092296
19-Oct-15,119.90,121.50,118.30,121.30,1800038
16-Oct-15,120.40,122.60,120.10,120.30,2095159
15-Oct-15,119.80,120.33,118.40,120.30,2149832
14-Oct-15,118.40,120.20,118.40,119.40,1507819
13-Oct-15,119.70,120.80,118.40,120.00,1880394
12-Oct-15,121.40,122.00,119.59,119.80,2201938
9-Oct-15,122.00,122.60,121.45,121.90,2166012
8-Oct-15,120.30,121.50,119.34,121.50,3365864
7-Oct-15,121.20,121.70,119.09,119.80,4084494
6-Oct-15,122.00,122.00,120.50,120.90,4820141
5-Oct-15,122.00,122.90,121.20,121.50,3509568
2-Oct-15,120.60,122.20,119.30,120.00,2864923
1-Oct-15,116.80,120.50,116.80,119.70,4768412
30-Sep-15,114.60,116.40,113.92,115.70,4030201
29-Sep-15,114.60,114.90,112.40,112.40,3692830
28-Sep-15,117.50,118.22,114.70,115.60,2545086
25-Sep-15,120.70,120.76,118.20,118.20,3725941
24-Sep-15,118.60,122.44,117.00,119.00,5890709
23-Sep-15,114.70,116.66,112.80,115.90,4179882
22-Sep-15,119.20,120.80,114.00,114.20,6637875
21-Sep-15,119.40,120.70,118.65,119.20,3324677
18-Sep-15,118.40,119.20,117.60,119.00,4695452
17-Sep-15,118.80,120.26,118.50,119.40,2333404
16-Sep-15,118.00,119.00,117.10,118.40,4480788
15-Sep-15,115.50,117.00,115.20,115.59,3626141
14-Sep-15,113.40,116.20,113.40,114.10,3542060
11-Sep-15,114.40,115.30,113.00,114.30,3994703
10-Sep-15,111.90,114.30,111.30,113.50,5593089
9-Sep-15,111.00,113.84,110.10,112.50,6711786
8-Sep-15,106.10,109.40,106.10,108.60,4687025
7-Sep-15,106.20,107.00,104.80,105.90,1953558
4-Sep-15,108.90,108.90,105.40,105.50,5479316
3-Sep-15,106.00,109.83,105.80,108.70,5421732
2-Sep-15,103.40,104.90,102.10,103.70,3609449
1-Sep-15,105.20,106.12,102.70,103.40,3654898
28-Aug-15,107.10,107.59,105.90,107.20,3170750
27-Aug-15,106.60,107.11,105.50,106.70,3376971
26-Aug-15,102.80,105.70,101.40,103.80,4299769
25-Aug-15,102.00,106.40,101.70,104.30,9587404
24-Aug-15,105.20,105.20,99.05,104.20,9510714
21-Aug-15,111.00,111.70,107.70,107.90,4785428
20-Aug-15,111.20,113.10,109.97,111.40,5543368
19-Aug-15,113.50,114.60,111.90,112.20,3832293
18-Aug-15,114.20,115.20,113.30,113.80,2258218
17-Aug-15,115.90,115.90,113.50,114.50,2912475
14-Aug-15,116.00,117.40,113.90,114.80,2981135
13-Aug-15,114.30,117.10,114.00,115.60,5634810
12-Aug-15,114.70,115.26,111.20,112.40,6337590
11-Aug-15,115.50,116.69,115.40,116.00,5467074
10-Aug-15,116.80,117.30,115.60,116.40,7696660
7-Aug-15,116.00,117.80,115.28,116.80,3056321
6-Aug-15,118.20,118.90,116.20,116.30,3775346
5-Aug-15,117.50,119.00,115.50,118.80,6304938
4-Aug-15,117.20,118.70,116.20,118.50,5510125
3-Aug-15,119.40,119.90,116.28,116.90,6371932
31-Jul-15,126.90,126.90,117.50,119.90,11819120
30-Jul-15,124.00,130.11,122.00,125.90,9429936
29-Jul-15,126.10,126.60,124.40,126.40,2516907
28-Jul-15,124.40,125.90,123.20,125.30,4123546
27-Jul-15,125.80,125.90,123.00,124.20,4253225
24-Jul-15,128.50,130.73,125.50,125.80,3200041
23-Jul-15,130.00,131.60,128.70,129.20,3457857
22-Jul-15,129.00,132.00,128.44,129.60,2221055
21-Jul-15,130.70,130.80,129.20,129.50,2218937
20-Jul-15,130.30,131.20,129.54,129.70,2006632
17-Jul-15,129.60,131.50,128.90,130.30,2293286
16-Jul-15,130.30,131.40,129.36,129.60,3719685
15-Jul-15,130.40,130.40,128.51,130.00,1994342
14-Jul-15,130.70,130.80,129.27,129.90,2535277
13-Jul-15,128.40,131.50,128.40,130.40,2754566
10-Jul-15,128.00,128.90,126.80,128.11,3819843
9-Jul-15,123.40,126.93,123.34,126.60,3478036
8-Jul-15,123.80,124.10,122.10,123.20,2740253
7-Jul-15,125.00,126.90,122.70,123.60,6377220
6-Jul-15,131.00,131.00,125.10,125.60,6310277
3-Jul-15,134.20,134.80,131.10,131.90,3671805
2-Jul-15,136.40,136.70,134.20,134.90,3910768
1-Jul-15,137.50,138.80,134.60,136.40,5755940
30-Jun-15,138.10,138.70,136.60,136.80,5588872
29-Jun-15,139.90,140.60,132.70,138.80,7955071
26-Jun-15,145.40,146.50,143.60,144.20,3387697
25-Jun-15,146.00,146.80,144.90,145.20,2367997
24-Jun-15,145.00,147.40,143.30,146.80,4366145
23-Jun-15,147.20,147.72,144.30,145.20,3115964
22-Jun-15,144.60,146.70,141.00,146.60,4572697
19-Jun-15,139.20,144.10,139.20,142.60,9730810
18-Jun-15,139.50,140.20,135.60,140.00,6861121
17-Jun-15,138.80,141.40,137.70,139.40,5581973
16-Jun-15,139.60,139.60,135.20,138.12,5896305
15-Jun-15,138.90,142.30,137.90,139.70,5529429
12-Jun-15,139.40,142.20,137.67,138.90,3815345
11-Jun-15,142.40,145.00,139.87,140.70,4934645
10-Jun-15,143.10,143.50,141.60,142.60,5380148
9-Jun-15,142.70,144.20,142.30,142.90,2176411
8-Jun-15,146.10,146.30,142.97,143.40,4816251
5-Jun-15,143.50,147.77,142.00,146.50,5923083
4-Jun-15,142.50,145.13,141.70,143.70,4491264
3-Jun-15,143.80,145.30,143.10,143.10,5454527
2-Jun-15,142.60,144.90,140.70,144.70,3652697
1-Jun-15,143.80,145.30,141.60,142.00,3867574
29-May-15,144.00,146.10,142.90,144.30,5579151
28-May-15,145.60,146.80,143.60,143.60,3105099
27-May-15,145.10,146.20,143.80,145.60,4484101
26-May-15,146.30,147.33,143.80,145.20,4245509
22-May-15,149.00,151.34,146.56,147.30,4620818
21-May-15,154.70,154.70,145.50,148.40,7948140
20-May-15,160.10,160.50,152.10,152.10,8576988
19-May-15,155.50,160.10,154.20,157.00,7335719
18-May-15,160.90,160.90,154.30,156.10,4904525
15-May-15,157.50,161.70,156.70,161.30,4384643
14-May-15,156.40,159.80,154.00,157.10,5440976
13-May-15,157.40,162.20,155.70,156.60,7148007
12-May-15,153.70,160.60,152.80,156.10,9821824
11-May-15,148.50,153.53,148.30,153.00,3168859
8-May-15,151.70,154.20,147.80,149.70,4999582
7-May-15,145.20,148.70,141.40,148.40,3791800
6-May-15,142.60,145.80,142.27,144.90,4134428
5-May-15,145.20,145.20,141.90,143.80,3549445
1-May-15,145.20,145.20,141.80,142.50,1804430
30-Apr-15,144.80,145.10,141.80,143.94,3973321
29-Apr-15,145.30,146.60,142.30,143.90,3259172
28-Apr-15,146.70,147.50,143.10,145.40,2753768
27-Apr-15,147.60,147.60,145.00,147.30,1446315
24-Apr-15,148.30,148.40,146.10,147.10,2369304
23-Apr-15,147.30,148.30,144.50,147.50,2004242
22-Apr-15,148.70,148.70,144.10,146.70,2478271
21-Apr-15,144.20,148.10,143.80,147.30,3634925
20-Apr-15,141.70,145.00,141.00,143.20,1945002
17-Apr-15,145.00,145.00,140.30,142.20,2992785
16-Apr-15,148.00,148.30,143.70,144.20,3086180
15-Apr-15,148.20,149.03,146.10,147.40,1471553
14-Apr-15,148.10,149.80,145.70,147.60,1878386
13-Apr-15,149.80,150.85,148.01,148.80,2207400
10-Apr-15,149.20,150.80,147.70,150.50,1792767
9-Apr-15,148.60,150.00,147.36,148.10,2860209
8-Apr-15,148.90,150.90,146.80,147.70,3742732
7-Apr-15,145.70,151.50,144.80,150.00,6248584
2-Apr-15,142.10,145.00,139.80,144.60,4464616
1-Apr-15,144.20,144.80,139.40,141.60,4910510
31-Mar-15,144.00,148.04,141.90,145.70,6429124
30-Mar-15,141.70,143.64,140.80,143.10,3313481
27-Mar-15,141.10,142.03,139.40,140.50,3586099
26-Mar-15,139.00,140.75,136.70,139.90,3477832
25-Mar-15,146.00,147.00,139.40,140.00,6038523
24-Mar-15,143.90,149.65,140.20,146.10,4852313
23-Mar-15,144.30,145.36,140.76,142.20,3072684
20-Mar-15,144.00,146.30,141.80,145.60,6137341
19-Mar-15,143.00,146.20,142.40,142.90,4212389
18-Mar-15,148.40,149.30,143.50,144.10,7576917
17-Mar-15,154.90,155.72,150.10,150.60,3929229
16-Mar-15,158.50,158.50,151.80,153.90,6294685
13-Mar-15,149.40,159.20,148.49,158.70,10624029
12-Mar-15,142.20,149.10,141.10,148.60,6495373
11-Mar-15,140.30,142.40,140.00,141.40,4229095
10-Mar-15,145.20,146.33,142.50,143.67,4990016
9-Mar-15,149.90,152.80,143.80,146.20,11540690
6-Mar-15,134.00,150.70,133.99,150.30,27740581
5-Mar-15,118.70,121.03,118.70,120.60,4443986
4-Mar-15,123.80,124.20,116.87,119.48,8595414
3-Mar-15,125.50,127.22,122.70,123.30,3307543
2-Mar-15,124.50,125.70,124.10,124.50,5665467
27-Feb-15,125.90,126.40,123.90,125.10,3719671
26-Feb-15,124.00,125.60,123.10,125.60,3575324
25-Feb-15,124.00,124.10,122.90,123.20,3533800
24-Feb-15,123.90,123.90,122.80,123.60,3882207
23-Feb-15,124.40,125.00,122.50,123.00,4136417
20-Feb-15,121.90,123.30,121.90,123.00,2379802
19-Feb-15,122.50,123.80,121.50,122.80,4876071
18-Feb-15,122.00,122.60,120.80,122.00,4316737
17-Feb-15,123.00,124.38,120.70,121.10,6607993
16-Feb-15,127.30,127.80,123.60,124.00,7156807
13-Feb-15,128.80,128.80,127.60,128.00,5950633
12-Feb-15,126.30,128.50,125.20,128.30,6169189
11-Feb-15,129.80,130.63,124.60,125.90,14276698
10-Feb-15,127.00,134.20,127.00,133.20,9233390
9-Feb-15,126.30,127.90,126.10,127.60,4438219
6-Feb-15,126.10,127.86,126.00,127.60,2211859
5-Feb-15,125.00,127.20,125.00,127.20,4253859
4-Feb-15,130.80,130.80,125.00,127.45,5781744
3-Feb-15,128.70,130.64,128.64,130.00,5423964
2-Feb-15,127.70,128.80,127.40,128.80,5832500
30-Jan-15,126.10,129.30,125.70,128.30,5808646
29-Jan-15,126.80,126.90,125.00,125.80,3608351
28-Jan-15,127.00,128.00,126.00,126.60,3350192
27-Jan-15,127.20,128.66,125.85,126.50,4606480
26-Jan-15,124.30,127.40,124.30,126.70,4225494
23-Jan-15,126.60,127.90,125.00,125.10,4777590
22-Jan-15,125.40,127.30,122.69,126.10,6648965
21-Jan-15,127.20,128.60,126.30,127.80,3035666
20-Jan-15,127.00,128.50,125.81,126.60,3510290
19-Jan-15,129.10,129.40,126.60,127.08,4791041
16-Jan-15,129.10,129.50,127.70,128.50,4321168
15-Jan-15,130.50,130.74,127.86,129.60,5396621
14-Jan-15,130.00,130.20,127.40,129.50,6301932
13-Jan-15,126.80,132.10,126.40,131.40,5602774
12-Jan-15,126.60,128.40,126.36,126.90,5043142
9-Jan-15,126.50,128.20,125.90,126.70,4050913
8-Jan-15,126.40,126.90,124.80,126.70,4646536
7-Jan-15,124.20,125.90,122.70,125.40,4432861
6-Jan-15,126.40,127.40,122.40,122.50,4753454
5-Jan-15,127.80,131.10,125.20,125.40,4148907
31-Dec-14,127.60,129.00,125.60,127.90,1203840
30-Dec-14,127.20,128.54,125.70,127.30,2402214
29-Dec-14,125.50,128.20,124.60,126.60,2910168
24-Dec-14,124.80,128.60,123.80,126.90,1358748
23-Dec-14,125.00,126.50,124.40,126.00,2394688
22-Dec-14,123.60,125.60,123.24,125.00,3267615
19-Dec-14,124.60,125.76,122.60,123.90,7021604
18-Dec-14,119.70,125.80,119.30,123.90,4853508
17-Dec-14,116.00,118.89,114.40,117.90,3466399
16-Dec-14,116.70,118.08,114.30,117.40,5112784
15-Dec-14,115.20,120.50,115.10,117.20,5008770
12-Dec-14,116.20,117.60,114.74,115.20,4312603
11-Dec-14,118.90,120.50,115.90,117.40,8821616
10-Dec-14,125.20,125.80,121.90,121.90,4919046
9-Dec-14,126.00,127.18,122.55,123.90,5117318
8-Dec-14,126.00,129.60,125.12,127.40,3701785
5-Dec-14,126.30,128.40,125.30,126.70,4345462
4-Dec-14,126.00,127.40,123.97,124.80,3576064
3-Dec-14,123.10,125.54,122.10,125.00,4906865
2-Dec-14,122.00,127.30,120.88,123.60,5015782
1-Dec-14,120.30,121.60,117.26,121.00,8128858
28-Nov-14,119.20,122.25,116.56,121.80,9685629
27-Nov-14,113.80,120.04,112.20,119.20,21505249
26-Nov-14,110.00,116.13,104.60,111.95,50854673
25-Nov-14,136.90,137.90,134.96,137.90,5335469
24-Nov-14,136.30,137.10,135.30,136.40,4184962
21-Nov-14,137.80,137.90,134.70,136.00,4938801
20-Nov-14,136.10,138.70,135.60,138.30,2943972
19-Nov-14,135.40,135.70,134.45,135.20,3603244
18-Nov-14,136.00,138.70,134.30,134.90,3350997
17-Nov-14,133.40,136.08,132.38,135.00,2814152
14-Nov-14,130.10,134.66,129.85,134.40,3298880
13-Nov-14,129.30,131.05,129.00,129.70,2293968
12-Nov-14,130.50,131.05,128.32,128.90,3465087
11-Nov-14,127.20,130.70,127.20,130.10,3177503
10-Nov-14,125.50,129.40,124.17,129.40,3336583
7-Nov-14,127.50,129.90,125.20,125.50,3473619
6-Nov-14,127.60,129.10,126.05,127.20,3801380
5-Nov-14,128.20,129.80,127.10,128.90,2850135
4-Nov-14,125.20,129.90,125.05,126.70,6885495
3-Nov-14,124.70,126.34,123.40,125.10,4324324
31-Oct-14,124.50,127.89,123.20,124.20,5659951
30-Oct-14,122.60,124.30,118.80,122.30,4787764
29-Oct-14,118.40,122.00,118.40,121.40,5361772
28-Oct-14,116.10,118.23,115.50,117.80,3161969
27-Oct-14,116.70,118.00,114.87,115.80,3866437
24-Oct-14,114.50,115.80,113.10,115.30,4254089
23-Oct-14,116.50,117.00,113.30,114.90,4575999
22-Oct-14,118.00,118.30,114.30,116.70,4961333
21-Oct-14,109.70,117.80,109.20,117.80,7030870
20-Oct-14,109.90,112.10,109.00,110.10,7030252
17-Oct-14,103.30,111.30,103.10,110.20,11685707
16-Oct-14,102.90,105.20,99.40,103.10,9613192
15-Oct-14,104.50,109.90,101.30,102.50,9485095
14-Oct-14,102.20,104.40,100.60,104.10,6499898
13-Oct-14,104.00,104.54,100.60,102.60,10851974
10-Oct-14,106.50,107.20,101.60,105.60,9104908
9-Oct-14,111.60,112.40,107.50,108.00,6463862
8-Oct-14,112.00,112.40,108.30,109.90,7324275
7-Oct-14,118.70,118.82,112.50,112.60,6671507
6-Oct-14,117.50,119.90,116.50,119.00,2766505
3-Oct-14,115.70,117.33,115.20,116.50,4226394
2-Oct-14,115.70,117.90,114.00,114.10,4279367
1-Oct-14,118.10,120.20,114.60,115.00,4562219
30-Sep-14,119.30,119.80,117.70,119.00,3362468
29-Sep-14,118.40,119.90,117.60,119.30,2500466
26-Sep-14,118.90,119.40,116.20,117.80,2907667
25-Sep-14,117.50,121.10,117.30,119.20,4917737
24-Sep-14,119.20,120.40,116.40,117.10,3891795
23-Sep-14,120.10,120.13,117.20,119.00,4797510
22-Sep-14,121.60,122.60,119.10,119.50,3928865
19-Sep-14,125.00,125.30,122.90,123.50,5617965
18-Sep-14,121.20,123.00,120.80,122.00,4223656
17-Sep-14,123.00,124.00,120.50,120.50,5946935
16-Sep-14,125.50,126.62,120.00,122.00,16247412
15-Sep-14,134.40,135.15,129.60,130.00,4695090
12-Sep-14,132.30,135.40,131.83,135.00,4652628
11-Sep-14,134.90,135.10,130.00,131.50,3491748
10-Sep-14,136.00,136.80,133.70,133.90,2982157
9-Sep-14,134.90,137.82,133.50,136.70,3639940
8-Sep-14,135.40,136.30,133.48,134.63,4386399
5-Sep-14,135.00,140.69,135.00,136.20,9330902
4-Sep-14,129.90,135.02,129.00,134.70,6036826
3-Sep-14,128.70,130.80,127.20,130.10,5214570
2-Sep-14,126.50,129.93,125.70,127.60,3860013
1-Sep-14,124.90,126.30,123.20,125.50,1773479
29-Aug-14,128.70,129.04,123.50,124.80,7106934
28-Aug-14,130.20,131.00,127.10,128.80,3417371
27-Aug-14,128.90,131.00,127.72,130.20,4383064
26-Aug-14,126.50,129.10,124.30,127.22,6289436
22-Aug-14,120.90,125.30,120.76,125.20,5022231
21-Aug-14,124.00,124.00,118.40,121.00,7039862
20-Aug-14,129.00,129.30,123.60,124.00,7902595
19-Aug-14,130.00,132.70,128.00,128.30,6021397
18-Aug-14,129.10,130.90,128.43,129.30,3497974
15-Aug-14,127.20,129.90,127.00,127.80,8302144
14-Aug-14,122.40,128.28,121.77,126.70,5883089
13-Aug-14,118.80,123.60,117.70,123.00,5295918
12-Aug-14,117.70,120.00,117.50,118.70,3346048
11-Aug-14,116.10,119.87,116.10,117.74,2509087
8-Aug-14,117.10,117.60,112.88,115.20,7228482
7-Aug-14,117.90,119.90,116.60,118.40,2986404
6-Aug-14,117.70,118.40,116.20,118.10,3266583
5-Aug-14,120.00,120.40,117.48,118.50,5738496
4-Aug-14,121.10,121.93,118.30,118.60,5153966
1-Aug-14,122.40,122.50,118.40,120.70,10884604
31-Jul-14,126.10,128.90,120.62,122.40,16277378
30-Jul-14,119.90,131.93,118.40,121.90,5885626
29-Jul-14,117.60,122.65,117.60,119.70,6052570
28-Jul-14,119.00,119.10,116.80,117.96,2949377
25-Jul-14,118.20,120.60,117.84,118.50,2724027
24-Jul-14,121.70,121.96,118.30,119.00,4678640
23-Jul-14,120.90,125.20,120.90,122.30,2745496
22-Jul-14,119.30,122.00,118.34,121.70,4685672
21-Jul-14,122.40,122.52,118.30,118.60,4290021
18-Jul-14,123.70,124.05,120.20,122.70,3716579
17-Jul-14,125.80,125.92,122.70,124.70,7926372
16-Jul-14,124.00,127.40,122.50,126.20,6911033
15-Jul-14,123.30,125.40,121.07,123.60,4716577
14-Jul-14,124.50,125.90,122.30,123.70,3830860
11-Jul-14,124.30,126.60,123.50,124.50,5790806
10-Jul-14,126.10,127.80,120.80,123.70,8247363
9-Jul-14,126.60,129.50,125.80,126.50,8473643
8-Jul-14,133.80,135.18,126.90,128.51,8192773
7-Jul-14,137.60,138.40,134.00,134.30,4063991
4-Jul-14,136.90,139.36,136.40,137.60,3241141
3-Jul-14,133.10,138.48,132.40,136.60,6404945
2-Jul-14,134.20,136.40,132.50,132.60,4295645
1-Jul-14,133.60,135.40,132.30,133.94,4660152
30-Jun-14,135.00,135.00,132.80,133.66,4802205
27-Jun-14,132.70,135.80,130.30,134.60,4232638
26-Jun-14,134.50,136.70,130.30,132.20,5649452
25-Jun-14,132.40,135.10,129.60,134.40,8982556
24-Jun-14,136.10,137.60,132.00,133.54,7402569
23-Jun-14,139.40,139.91,136.48,136.50,4595042
20-Jun-14,136.00,141.50,135.38,139.70,8728363
19-Jun-14,137.40,140.80,134.40,139.23,7728685
18-Jun-14,138.90,138.90,132.20,134.00,9329838
17-Jun-14,141.60,143.40,135.80,137.90,9011855
16-Jun-14,139.90,142.10,135.30,141.50,9751660
13-Jun-14,149.90,149.90,139.80,140.00,11546944
12-Jun-14,153.80,153.80,149.70,149.70,2194308
11-Jun-14,154.40,155.13,149.50,152.50,3642143
10-Jun-14,156.10,156.10,153.96,154.40,3488514
9-Jun-14,158.00,158.20,154.92,156.00,2519300
6-Jun-14,158.90,158.90,156.25,157.30,4470468
5-Jun-14,159.20,159.65,155.30,155.70,3026381
4-Jun-14,160.00,160.50,156.43,158.60,3958289
3-Jun-14,165.00,165.00,159.10,159.50,4170475
2-Jun-14,165.90,167.10,162.60,165.00,2853169
30-May-14,162.00,165.10,162.00,164.26,3929288
29-May-14,163.90,165.80,160.50,162.21,2371821
28-May-14,161.30,165.85,161.30,162.30,4730294
27-May-14,159.40,163.50,159.40,162.68,3016959
23-May-14,159.50,161.20,158.20,159.20,2012976
22-May-14,159.20,162.00,156.60,159.91,6904165
21-May-14,154.30,159.73,152.90,158.01,7966523
20-May-14,151.70,155.60,150.20,153.01,6892197
19-May-14,153.30,157.20,148.40,151.21,8694250
16-May-14,158.40,161.28,145.00,152.71,16029180
15-May-14,180.00,182.84,155.80,156.10,24025103
14-May-14,183.40,183.40,178.30,178.60,5658503
13-May-14,183.00,184.76,180.00,183.20,3433038
12-May-14,181.10,182.50,178.70,181.90,2064743
9-May-14,177.00,181.90,176.16,180.40,3199235
8-May-14,178.20,179.10,176.70,178.21,1884819
7-May-14,180.00,180.70,177.18,178.00,2077489
6-May-14,180.70,180.70,175.70,177.74,3903069
2-May-14,180.00,181.33,178.20,180.80,3705564
1-May-14,176.50,180.00,175.60,179.90,1621231
30-Apr-14,177.70,178.75,174.00,174.70,5663976
29-Apr-14,176.10,177.70,174.00,175.00,3506241
28-Apr-14,178.90,178.90,173.62,175.00,2291321
25-Apr-14,176.70,178.70,174.07,177.20,3279067
24-Apr-14,178.90,180.80,175.40,177.20,3497662
23-Apr-14,179.20,182.80,177.20,178.00,7176586
22-Apr-14,172.60,175.25,171.00,173.60,3871169
17-Apr-14,164.30,172.30,164.30,171.10,4181448
16-Apr-14,161.40,164.60,161.20,164.10,5126005
15-Apr-14,164.70,168.68,158.80,161.07,5234781
14-Apr-14,171.70,171.70,159.22,163.86,7322129
11-Apr-14,173.10,176.90,168.70,172.00,6733779
10-Apr-14,178.70,183.40,174.90,178.96,5992970
9-Apr-14,176.50,181.50,175.80,177.43,3099935
8-Apr-14,179.50,182.00,172.00,176.14,5146690
7-Apr-14,180.00,180.90,177.00,178.70,2177828
4-Apr-14,184.00,184.63,181.30,181.50,2125600
3-Apr-14,181.40,184.50,181.20,183.00,2818797
2-Apr-14,182.50,183.50,180.40,181.60,3560068
1-Apr-14,180.40,183.00,179.44,182.40,4717913
31-Mar-14,177.80,180.30,176.10,180.30,3453216
28-Mar-14,182.40,183.70,176.90,177.60,3523883
27-Mar-14,179.80,185.10,175.34,181.20,6441858
26-Mar-14,177.60,183.60,176.30,181.20,6760851
25-Mar-14,171.10,177.30,171.00,175.20,3658029
24-Mar-14,173.00,174.60,168.62,170.10,4474549
21-Mar-14,175.50,176.15,172.90,172.90,9059502
20-Mar-14,175.90,176.70,174.88,175.80,2463444
19-Mar-14,179.20,179.60,175.50,176.85,2820516
18-Mar-14,180.00,180.70,176.90,178.80,2388879
17-Mar-14,178.50,182.70,178.50,180.10,2498337
14-Mar-14,176.30,179.10,175.10,178.70,4398916
13-Mar-14,184.20,184.30,178.40,179.08,3337329
12-Mar-14,183.40,185.80,183.30,184.30,2529710
11-Mar-14,184.50,186.10,182.90,184.50,3147395
10-Mar-14,184.30,187.30,182.70,184.50,3647828
7-Mar-14,188.60,189.40,183.10,183.80,4317363
6-Mar-14,185.50,189.20,185.20,189.00,3954260
5-Mar-14,186.70,188.10,184.10,184.25,2186146
4-Mar-14,181.80,187.60,181.50,183.60,5202170
3-Mar-14,182.00,182.30,177.40,181.00,5455823
28-Feb-14,182.40,185.30,179.50,185.30,4378055
27-Feb-14,179.90,183.40,177.80,182.75,3580513
26-Feb-14,183.40,184.00,180.00,180.60,2865367
25-Feb-14,182.80,184.80,180.30,183.50,4427690
24-Feb-14,179.80,181.20,178.20,181.20,2950802
21-Feb-14,179.00,180.80,178.90,180.80,2583248
20-Feb-14,177.40,179.40,173.80,178.60,6897139
19-Feb-14,182.10,183.10,176.60,179.60,3142158
18-Feb-14,182.00,184.30,180.10,182.80,4037231
17-Feb-14,182.40,184.00,180.80,182.50,2286846
14-Feb-14,182.70,184.40,180.70,181.70,2375309
13-Feb-14,183.90,185.20,180.50,182.88,5058664
12-Feb-14,183.60,185.70,182.20,185.10,5562901
11-Feb-14,184.90,185.20,179.20,181.40,8751085
10-Feb-14,186.50,188.20,183.80,185.89,5087101
7-Feb-14,183.70,185.90,182.70,185.40,3988759
6-Feb-14,181.90,185.00,179.60,182.06,6056993
5-Feb-14,177.90,181.40,176.40,181.40,5412628
4-Feb-14,175.30,176.50,171.80,174.82,4217675
3-Feb-14,179.90,182.00,175.40,178.20,4079412
31-Jan-14,179.00,181.00,174.00,179.90,5207916
30-Jan-14,176.50,179.60,174.50,179.30,4654120
29-Jan-14,178.30,181.10,174.90,174.60,5424848
28-Jan-14,169.10,178.30,169.10,174.34,5142937
27-Jan-14,167.80,169.70,164.00,169.30,5980850
24-Jan-14,176.40,178.00,168.00,168.50,6169161
23-Jan-14,181.20,181.50,174.20,175.40,4287914
22-Jan-14,181.20,183.90,180.00,181.40,2922923
21-Jan-14,186.10,187.00,178.40,180.10,4997763
20-Jan-14,186.80,187.40,183.50,186.20,2210128
17-Jan-14,183.90,186.80,181.20,186.70,3808971
16-Jan-14,186.80,187.00,182.40,183.00,3566058
15-Jan-14,186.40,189.70,185.80,186.10,6559785
14-Jan-14,181.00,186.20,179.60,185.90,3328487
13-Jan-14,183.00,184.30,179.60,180.20,4015998
10-Jan-14,176.90,184.00,176.90,182.48,7573575
9-Jan-14,171.40,180.50,171.10,176.70,6802841
8-Jan-14,170.50,172.90,170.00,171.70,4208731
7-Jan-14,170.20,171.50,168.60,170.50,5405024
6-Jan-14,171.40,172.30,167.50,169.50,2552228
3-Jan-14,168.00,172.80,167.70,171.20,5255052
2-Jan-14,167.90,173.40,166.10,168.60,4647053
31-Dec-13,166.60,168.60,165.00,167.20,916311
30-Dec-13,168.60,168.70,165.30,166.50,2297780
27-Dec-13,164.10,168.40,163.40,168.10,1216852
24-Dec-13,166.90,167.90,164.80,164.80,357536
23-Dec-13,165.90,167.00,164.00,166.30,1763195
20-Dec-13,166.80,168.70,164.30,164.90,6925401
19-Dec-13,165.70,169.60,165.70,168.20,3313932
18-Dec-13,166.00,166.80,163.60,164.50,2567533
17-Dec-13,163.50,164.50,161.20,164.40,2709847
16-Dec-13,161.50,164.20,159.10,163.60,4100513
13-Dec-13,163.60,165.10,161.00,162.30,4261537
12-Dec-13,170.00,170.30,166.30,166.45,3659591
11-Dec-13,170.50,171.60,167.00,170.20,3944438
10-Dec-13,172.50,173.00,168.20,170.00,3301458
9-Dec-13,172.00,173.60,170.30,171.50,5140675
6-Dec-13,171.90,172.60,170.40,171.10,4830563
5-Dec-13,169.00,172.70,167.10,171.45,4485595
4-Dec-13,168.30,173.80,167.10,169.00,5225937
3-Dec-13,174.60,174.90,167.60,172.60,7465432
2-Dec-13,173.20,177.00,171.90,175.30,7042545
29-Nov-13,174.90,179.50,168.50,173.80,11686272
28-Nov-13,170.00,179.30,167.00,170.92,31004649
27-Nov-13,152.90,154.20,150.90,153.20,4524519
26-Nov-13,152.40,153.40,150.40,152.60,4109660
25-Nov-13,150.50,153.90,150.10,151.22,8409637
22-Nov-13,153.80,154.00,147.70,148.43,5983688
21-Nov-13,152.00,155.10,149.10,154.30,6031093
20-Nov-13,146.90,151.60,142.60,151.10,5659651
19-Nov-13,141.80,148.70,141.30,147.50,10307534
18-Nov-13,140.50,142.00,138.50,140.50,4006398
15-Nov-13,140.10,141.60,136.80,140.50,5481732
14-Nov-13,146.40,146.40,138.50,139.50,6006193
13-Nov-13,146.10,146.10,139.20,143.80,5226729
12-Nov-13,145.70,146.50,144.80,145.90,2403672
11-Nov-13,146.60,147.90,145.30,145.70,2665825
8-Nov-13,141.00,146.50,139.10,145.80,5418311
7-Nov-13,141.90,146.50,140.80,142.40,5823247
6-Nov-13,139.80,142.30,138.00,141.90,4186893
5-Nov-13,141.00,141.00,136.40,138.90,3510521
4-Nov-13,144.80,145.80,138.60,139.50,5377781
1-Nov-13,144.10,145.90,141.30,144.50,4480511
31-Oct-13,143.70,146.60,141.30,143.57,5345798
30-Oct-13,138.10,144.70,138.10,144.40,5352136
29-Oct-13,136.90,142.40,132.70,135.97,6428590
28-Oct-13,147.00,147.00,136.50,137.67,10121754
25-Oct-13,147.80,148.60,145.80,146.40,3172346
24-Oct-13,148.30,148.90,146.30,148.00,3431828
23-Oct-13,148.80,-,147.10,149.50,3127707
22-Oct-13,150.30,150.70,145.90,148.30,5052878
21-Oct-13,151.60,151.80,149.50,149.76,3265180
18-Oct-13,149.30,151.70,148.70,151.50,4823549
17-Oct-13,149.80,152.20,147.50,148.40,4958319
16-Oct-13,150.00,151.90,146.80,150.30,5087041
15-Oct-13,151.00,155.90,149.90,153.95,5491335
14-Oct-13,147.20,150.70,146.60,148.83,4311683
11-Oct-13,145.70,150.10,145.10,146.50,3709218
10-Oct-13,145.60,147.10,144.40,145.10,4678852
9-Oct-13,143.00,145.90,142.10,144.90,4943726
8-Oct-13,148.70,148.70,142.60,145.00,6013454
7-Oct-13,153.50,153.50,147.50,148.66,3681256
4-Oct-13,151.00,152.20,148.70,151.20,5538164
3-Oct-13,152.40,152.40,149.30,150.64,3204797
2-Oct-13,151.30,153.60,149.00,151.90,4601303
1-Oct-13,154.00,154.60,150.50,151.60,5068137
30-Sep-13,145.40,154.50,145.40,153.13,7201460
27-Sep-13,146.00,149.90,143.00,147.50,5452213
26-Sep-13,156.90,156.90,142.30,147.00,15363393
25-Sep-13,154.50,157.80,152.50,155.60,4636366
24-Sep-13,155.50,157.80,153.30,155.10,3366865
20-Sep-13,155.90,158.00,155.00,157.65,7016135
19-Sep-13,157.30,159.50,154.20,155.50,4276832
18-Sep-13,157.60,157.60,153.30,155.30,3633018
17-Sep-13,160.00,160.00,156.70,157.73,2819027
16-Sep-13,160.00,160.90,157.70,159.70,4665355
13-Sep-13,157.20,159.50,155.80,158.80,2776849
12-Sep-13,156.90,159.50,152.80,157.68,5347136
11-Sep-13,156.50,157.90,154.60,157.37,4491905
10-Sep-13,151.00,158.70,151.00,156.48,6698797
9-Sep-13,148.20,150.70,147.10,150.00,4743618
6-Sep-13,138.40,148.60,138.40,146.10,13499176
5-Sep-13,136.60,139.70,135.10,138.70,4015621
4-Sep-13,141.90,142.00,132.20,136.75,10291476
3-Sep-13,145.30,148.20,142.50,143.50,4992218
2-Sep-13,142.20,147.80,142.20,145.20,5512437
30-Aug-13,141.40,146.40,139.10,141.00,7517886
29-Aug-13,133.40,141.50,133.10,141.00,10044613
28-Aug-13,134.50,135.20,128.90,132.12,15331315
27-Aug-13,148.10,148.30,134.60,137.50,9738149
23-Aug-13,148.00,150.00,145.70,148.70,3721918
22-Aug-13,145.40,149.00,144.70,147.78,3307920
21-Aug-13,146.60,149.60,144.90,145.80,3157771
20-Aug-13,148.90,149.20,145.10,147.50,4256677
19-Aug-13,146.30,152.30,145.70,150.37,5021189
16-Aug-13,145.70,148.80,143.30,146.30,7734260
15-Aug-13,158.00,159.00,141.60,146.34,13966330
14-Aug-13,158.30,160.00,154.20,158.50,6234115
13-Aug-13,163.60,164.40,157.70,158.12,4059339
12-Aug-13,162.80,164.10,160.70,162.40,4270890
9-Aug-13,166.50,166.50,161.40,162.30,3524616
8-Aug-13,164.10,166.90,162.50,165.60,3732157
7-Aug-13,169.70,170.90,162.00,162.60,6450461
6-Aug-13,170.00,170.80,167.00,170.60,6832334
5-Aug-13,164.80,170.40,164.30,169.90,6591388
2-Aug-13,159.30,163.00,157.60,161.00,4477343
1-Aug-13,154.00,161.90,152.00,158.51,11258731
31-Jul-13,148.50,154.10,147.90,153.60,7497846
30-Jul-13,148.90,151.40,147.20,149.94,5771133
29-Jul-13,151.60,152.60,147.30,148.10,4668902
26-Jul-13,152.90,155.00,150.10,151.00,4408595
25-Jul-13,150.20,154.90,149.30,152.40,3521473
24-Jul-13,148.70,152.00,148.70,150.80,3654634
23-Jul-13,151.60,154.00,148.50,152.00,5865994
22-Jul-13,149.30,151.90,147.90,151.80,5362776
19-Jul-13,150.50,154.00,144.50,149.20,5377187
18-Jul-13,146.50,154.50,145.78,152.40,6652817
17-Jul-13,146.60,147.80,144.30,146.50,6849823
16-Jul-13,144.90,146.62,141.16,142.60,6494775
15-Jul-13,141.40,146.51,140.90,145.70,5708286
12-Jul-13,139.50,143.72,139.14,141.30,7206018
11-Jul-13,143.30,144.21,138.96,139.50,5136138
10-Jul-13,142.30,145.00,135.98,140.10,4700147
9-Jul-13,144.00,146.58,141.50,143.10,5067541
8-Jul-13,141.40,147.60,140.80,143.50,5372091
5-Jul-13,142.70,147.29,139.10,140.30,9085352
4-Jul-13,136.40,145.16,135.70,143.00,8134186
3-Jul-13,133.10,136.21,131.90,135.90,6387605
2-Jul-13,133.30,135.41,131.10,135.10,8731767
1-Jul-13,130.48,134.40,129.42,133.00,9801946
28-Jun-13,124.00,130.20,123.00,129.30,13414229
27-Jun-13,123.00,125.91,120.20,124.10,5474846
26-Jun-13,116.10,122.92,115.20,121.80,8102662
25-Jun-13,114.00,116.40,111.30,115.80,8396157
24-Jun-13,120.60,121.90,112.55,113.00,10820996
21-Jun-13,123.70,125.99,121.00,121.00,14070274
20-Jun-13,124.00,127.33,120.07,124.50,5626845
19-Jun-13,125.80,129.60,124.70,126.50,5306917
18-Jun-13,120.20,127.80,119.30,126.00,5049908
17-Jun-13,115.50,122.25,115.10,120.80,7111083
14-Jun-13,114.80,117.87,113.20,115.00,12146071
13-Jun-13,112.00,113.50,110.14,113.50,9199154
12-Jun-13,111.70,115.55,110.50,113.10,8533702
11-Jun-13,116.00,116.30,110.60,112.10,8865131
10-Jun-13,117.40,119.70,115.00,115.30,8713305
7-Jun-13,116.70,119.80,110.52,118.00,9101669
6-Jun-13,125.10,125.62,115.40,116.10,8399318
5-Jun-13,125.00,135.28,122.70,125.80,8950884
4-Jun-13,144.00,148.99,140.40,142.30,2694200
3-Jun-13,143.00,147.92,137.00,143.20,2919436
31-May-13,146.20,150.62,141.91,142.80,4874160
30-May-13,147.50,149.90,146.17,146.20,2098608
29-May-13,151.10,153.05,148.00,148.00,3755898
28-May-13,151.10,155.32,149.00,152.10,2862369
24-May-13,153.00,156.00,148.21,149.50,2335941
23-May-13,151.90,152.00,142.60,148.70,3976714
22-May-13,151.00,152.60,143.92,150.00,4221148
21-May-13,155.30,157.20,151.40,151.60,4057924
20-May-13,157.00,157.00,150.32,154.40,4345540
17-May-13,164.00,164.00,151.30,158.50,8245936
16-May-13,148.00,166.70,145.02,164.10,16636950
15-May-13,141.30,145.70,141.00,144.70,2509457
14-May-13,139.90,142.36,137.90,140.60,1661181
13-May-13,139.60,140.70,137.20,138.60,2472614
10-May-13,137.46,140.60,136.80,139.60,2177551
9-May-13,133.70,138.80,131.79,137.60,4140011
8-May-13,134.60,135.80,132.60,133.80,3298097
7-May-13,135.50,139.03,134.00,134.80,5477633
3-May-13,132.60,137.17,131.90,136.50,2791356
2-May-13,129.30,134.30,129.30,133.10,2950098
1-May-13,129.50,132.00,127.00,132.00,1380778
30-Apr-13,131.20,132.36,126.00,129.50,5693121
29-Apr-13,131.50,134.70,129.70,130.50,2628941
26-Apr-13,128.30,132.24,127.10,131.50,3179226
25-Apr-13,126.00,130.60,125.70,129.10,3447007
24-Apr-13,125.00,129.83,123.10,127.00,2958677
23-Apr-13,121.20,126.30,120.20,125.50,4070313
22-Apr-13,121.90,125.69,120.21,121.20,3299808
19-Apr-13,117.90,122.70,116.10,121.50,3994782
18-Apr-13,118.80,118.94,115.50,117.10,2279710
17-Apr-13,115.60,118.00,113.20,117.60,3272779
16-Apr-13,116.10,116.60,112.00,115.00,3258687
15-Apr-13,116.40,117.70,114.70,117.00,4043706
12-Apr-13,117.20,118.28,115.20,117.20,5022136
11-Apr-13,113.50,117.90,113.10,117.00,5219322
10-Apr-13,108.60,114.90,108.60,114.40,3702514
9-Apr-13,109.70,111.90,108.50,109.90,3564252
8-Apr-13,106.70,111.79,106.70,107.70,3582923
5-Apr-13,113.70,114.50,104.78,105.80,4056561
4-Apr-13,114.90,115.40,111.44,113.70,2746614
3-Apr-13,115.60,116.66,114.00,114.50,2436813
2-Apr-13,112.50,117.00,112.50,115.40,4112044
28-Mar-13,114.40,117.10,112.16,112.40,4117061
27-Mar-13,117.30,118.90,113.00,114.20,3573834
26-Mar-13,113.20,118.45,109.55,115.70,4239844
25-Mar-13,115.00,121.70,112.60,112.70,6574342
22-Mar-13,112.00,114.40,108.50,111.70,4085479
21-Mar-13,108.00,113.00,106.20,111.90,5932250
20-Mar-13,106.60,109.40,104.59,106.60,5589600
19-Mar-13,111.40,115.00,103.70,105.40,7119663
18-Mar-13,111.90,119.50,104.32,111.50,7379752
15-Mar-13,122.75,129.28,112.75,115.50,26057144
14-Mar-13,102.50,124.17,102.50,123.25,23545747
13-Mar-13,98.00,106.10,91.00,100.75,50116113
12-Mar-13,83.25,89.00,83.22,87.00,7534237
11-Mar-13,75.25,85.00,75.00,83.00,7298709
8-Mar-13,82.75,82.75,69.40,75.75,21834676
7-Mar-13,86.25,86.25,81.59,82.50,5299304
6-Mar-13,85.75,88.50,85.08,86.00,3760515
5-Mar-13,83.50,86.57,83.00,85.50,3487270
4-Mar-13,87.50,88.00,82.25,83.50,4423111
1-Mar-13,87.50,89.36,85.50,87.75,5072736
28-Feb-13,90.25,92.75,86.50,87.00,5684209
27-Feb-13,88.50,90.50,85.34,90.00,7247853
26-Feb-13,90.00,91.40,87.50,88.50,6390145
25-Feb-13,95.00,95.79,91.67,92.50,3906959
22-Feb-13,93.00,96.40,92.75,94.00,7302112
21-Feb-13,96.00,96.20,90.50,92.75,7914298
20-Feb-13,94.50,97.38,94.00,95.50,3434300
19-Feb-13,93.50,95.75,92.00,95.25,5288634
18-Feb-13,90.50,94.41,89.20,92.75,5095092
15-Feb-13,91.75,92.00,88.25,90.20,5689975
14-Feb-13,92.50,93.50,89.50,91.50,4865973
13-Feb-13,89.50,95.33,89.00,92.25,7277894
12-Feb-13,88.00,91.00,85.50,91.00,5701586
11-Feb-13,89.50,91.02,88.00,88.50,6908362
8-Feb-13,88.00,92.00,86.12,88.00,13315175
7-Feb-13,72.00,85.50,70.92,85.50,28061960
6-Feb-13,70.00,71.88,68.75,71.50,10314954
5-Feb-13,67.25,69.75,65.94,69.75,3657305
4-Feb-13,70.00,71.00,66.50,67.25,4012520
1-Feb-13,70.00,71.75,69.00,70.00,8384700
31-Jan-13,65.50,68.65,62.92,67.25,8020306
30-Jan-13,67.50,68.65,64.50,66.50,5193689
29-Jan-13,66.50,71.50,65.75,67.25,14215598
28-Jan-13,59.50,66.75,59.48,66.50,10519121
25-Jan-13,56.00,59.75,56.00,59.25,9440364
24-Jan-13,53.24,56.00,52.25,55.25,4201144
23-Jan-13,53.75,54.00,50.59,53.25,6852527
22-Jan-13,55.75,56.07,54.00,54.25,3251013
21-Jan-13,56.25,56.86,54.25,56.00,3213041
18-Jan-13,55.25,57.00,54.86,56.25,2979854
17-Jan-13,54.75,55.71,54.00,54.75,2506895
16-Jan-13,57.25,57.89,53.08,54.75,6984987
15-Jan-13,57.75,59.81,57.03,57.25,4600580
14-Jan-13,55.50,59.00,55.25,57.50,9260018
11-Jan-13,52.25,56.50,51.82,55.25,7037853
10-Jan-13,50.50,52.75,50.25,52.00,4764415
9-Jan-13,48.50,50.53,47.93,50.25,5275027
8-Jan-13,45.25,48.50,43.25,48.25,7215876
7-Jan-13,50.25,50.50,44.00,46.25,5209834
4-Jan-13,50.25,50.75,48.50,49.25,3923019
3-Jan-13,51.50,51.50,49.31,50.00,4058568
2-Jan-13,49.25,51.61,48.85,51.00,6791039
