31-Dec-15,368.90,378.10,368.90,372.10,47606
30-Dec-15,377.60,378.70,368.80,373.20,122962
29-Dec-15,368.00,381.10,362.65,378.10,176015
24-Dec-15,360.40,366.80,360.40,366.40,23161
23-Dec-15,370.70,373.30,363.40,369.00,92295
22-Dec-15,376.30,376.30,365.30,367.90,134684
21-Dec-15,361.10,371.61,359.00,368.60,332493
18-Dec-15,358.40,367.30,356.80,363.10,381586
16-Dec-15,351.90,357.90,339.60,344.00,365903
15-Dec-15,344.30,358.60,344.30,355.35,166428
14-Dec-15,355.80,357.70,347.10,348.40,218396
11-Dec-15,358.10,358.10,348.00,351.80,209617
10-Dec-15,367.30,367.30,354.00,354.20,268772
9-Dec-15,366.00,368.88,360.50,365.50,493604
8-Dec-15,353.00,358.00,353.00,357.40,173806
7-Dec-15,356.70,358.10,349.60,356.50,207930
4-Dec-15,353.00,356.70,347.40,350.70,176383
3-Dec-15,350.60,361.50,350.60,356.50,309450
2-Dec-15,354.00,357.90,347.30,352.10,227964
1-Dec-15,348.60,352.80,346.70,351.10,274200
30-Nov-15,345.20,354.30,345.20,349.90,272281
27-Nov-15,351.50,352.80,345.50,348.80,230771
26-Nov-15,341.50,354.00,338.90,349.00,201834
25-Nov-15,343.20,348.80,338.00,340.60,405031
24-Nov-15,344.20,348.80,341.50,344.60,313340
23-Nov-15,344.60,351.60,344.60,346.50,256830
20-Nov-15,345.40,351.90,345.40,347.00,318881
19-Nov-15,355.20,357.80,347.30,347.30,304370
18-Nov-15,352.60,359.40,352.60,357.30,360536
17-Nov-15,348.80,359.80,348.00,355.30,533934
16-Nov-15,335.70,346.00,330.90,346.00,490399
13-Nov-15,324.30,337.30,324.30,330.00,306712
12-Nov-15,321.40,327.80,319.10,327.60,759864
11-Nov-15,350.00,361.60,315.10,322.90,1387139
10-Nov-15,366.20,366.94,350.00,353.40,766577
9-Nov-15,358.00,369.00,352.64,360.60,1046650
6-Nov-15,319.00,364.00,287.10,358.70,3164215
5-Nov-15,335.20,335.20,326.50,328.80,227216
4-Nov-15,330.00,333.40,325.00,332.20,390702
3-Nov-15,341.80,346.80,324.77,345.00,451905
2-Nov-15,342.10,354.80,342.10,351.40,103312
30-Oct-15,340.70,351.80,340.70,351.80,217111
29-Oct-15,349.00,353.30,345.80,346.50,152981
28-Oct-15,338.60,350.20,338.60,347.60,212845
27-Oct-15,340.60,349.10,340.60,345.70,139162
26-Oct-15,353.20,354.90,340.40,343.80,124482
23-Oct-15,348.80,348.80,339.20,341.60,274010
22-Oct-15,344.60,350.50,337.90,348.00,169616
21-Oct-15,345.00,355.00,345.00,353.30,156931
20-Oct-15,357.90,357.90,346.20,349.10,134588
19-Oct-15,349.90,350.10,342.40,348.90,221517
16-Oct-15,349.30,349.30,341.30,343.00,301941
15-Oct-15,339.60,346.90,338.60,341.00,235333
14-Oct-15,357.30,357.30,339.30,339.30,163467
13-Oct-15,356.70,356.70,348.90,348.90,120146
12-Oct-15,348.80,362.80,348.80,355.40,128703
9-Oct-15,369.60,373.60,356.70,358.50,198649
8-Oct-15,370.70,373.16,367.10,369.40,203541
7-Oct-15,387.10,387.30,372.30,373.40,183936
6-Oct-15,386.90,387.30,383.30,384.70,201212
5-Oct-15,384.40,386.60,383.40,386.00,201533
2-Oct-15,376.50,381.00,375.10,379.50,156088
1-Oct-15,377.30,379.90,372.40,375.00,181440
30-Sep-15,378.80,378.80,373.80,373.90,301900
29-Sep-15,378.00,381.00,370.20,371.20,210966
28-Sep-15,383.30,386.90,379.40,381.00,196147
25-Sep-15,385.00,385.90,381.50,385.00,344111
24-Sep-15,379.40,384.50,373.30,378.40,228322
23-Sep-15,368.00,383.40,368.00,380.40,125967
22-Sep-15,382.00,382.00,372.30,376.30,276819
21-Sep-15,374.30,385.20,374.30,381.30,106610
18-Sep-15,383.00,386.00,380.50,380.50,333170
17-Sep-15,383.80,387.40,382.60,384.10,169569
16-Sep-15,387.40,387.40,381.00,383.30,189218
15-Sep-15,382.20,386.80,377.30,383.50,320029
14-Sep-15,389.10,390.70,382.90,385.00,248669
11-Sep-15,393.30,394.20,389.40,389.60,259677
10-Sep-15,389.00,396.50,388.20,391.10,239262
9-Sep-15,393.00,394.80,388.50,389.50,289397
8-Sep-15,377.20,389.40,376.00,385.10,293122
7-Sep-15,371.60,376.60,366.70,374.40,161915
4-Sep-15,374.70,378.00,366.70,368.00,259214
3-Sep-15,378.40,380.00,375.70,377.90,330223
2-Sep-15,371.00,374.20,369.30,371.60,223363
1-Sep-15,377.50,377.50,369.00,372.20,397376
28-Aug-15,375.00,377.30,369.80,377.30,367381
27-Aug-15,379.10,379.10,365.88,375.00,477368
26-Aug-15,379.50,381.30,371.70,372.30,537541
25-Aug-15,381.30,389.70,381.20,385.00,293008
24-Aug-15,380.60,385.00,371.80,378.20,431869
21-Aug-15,387.10,392.10,387.10,389.20,309100
20-Aug-15,396.20,397.10,390.50,392.90,498635
19-Aug-15,398.10,401.98,396.00,396.00,273667
18-Aug-15,399.60,402.50,397.66,401.00,306144
17-Aug-15,402.50,403.82,396.70,399.90,296742
14-Aug-15,401.80,404.00,397.20,401.90,279927
13-Aug-15,402.60,404.30,397.70,399.20,337759
12-Aug-15,401.40,404.80,396.50,398.00,534827
11-Aug-15,403.70,408.60,402.16,405.60,298089
10-Aug-15,410.70,411.10,404.00,406.40,215975
7-Aug-15,415.20,415.20,408.90,410.50,371570
6-Aug-15,413.80,415.50,409.10,414.80,316630
5-Aug-15,414.00,415.50,408.80,413.10,308717
4-Aug-15,412.30,415.90,410.84,414.20,490258
3-Aug-15,401.70,414.00,401.70,413.00,389517
31-Jul-15,391.00,405.90,390.30,399.40,376342
30-Jul-15,383.70,391.70,383.70,391.70,254453
29-Jul-15,382.80,393.30,379.70,381.70,369170
28-Jul-15,383.00,393.70,383.00,385.80,267508
27-Jul-15,391.50,391.50,384.10,386.70,197519
24-Jul-15,390.50,395.60,389.60,390.00,186119
23-Jul-15,385.80,391.90,385.80,390.00,185001
22-Jul-15,385.50,392.50,385.50,390.80,279864
21-Jul-15,389.80,395.00,389.80,391.00,223010
20-Jul-15,388.00,395.60,388.00,391.40,258768
17-Jul-15,390.30,398.20,390.30,395.30,156255
16-Jul-15,387.50,393.80,380.30,391.00,258822
15-Jul-15,378.60,389.80,378.60,388.20,217990
14-Jul-15,385.80,386.30,377.70,380.90,205112
13-Jul-15,374.70,387.00,372.40,386.90,235470
10-Jul-15,370.30,374.00,369.00,373.30,268017
9-Jul-15,365.00,369.40,365.00,368.80,359218
8-Jul-15,359.00,367.60,358.60,363.00,561260
7-Jul-15,360.00,366.00,359.10,359.40,250163
6-Jul-15,363.10,366.00,360.00,362.10,271840
3-Jul-15,365.80,370.10,365.80,367.90,180886
2-Jul-15,361.60,369.10,361.60,369.10,217984
1-Jul-15,361.60,368.20,361.60,364.00,172659
30-Jun-15,362.90,370.40,361.60,366.90,242378
29-Jun-15,367.80,373.30,364.90,366.30,216202
26-Jun-15,377.90,379.30,374.40,377.40,203627
25-Jun-15,374.00,379.60,374.00,376.40,283226
24-Jun-15,374.30,379.30,374.30,377.60,181139
23-Jun-15,370.10,378.00,370.10,375.80,297679
22-Jun-15,371.90,372.90,363.00,370.70,225595
19-Jun-15,372.90,372.90,362.70,363.00,740587
18-Jun-15,367.60,372.70,361.00,371.40,438306
17-Jun-15,374.70,379.20,368.90,369.50,341142
16-Jun-15,369.60,379.60,367.40,376.20,467348
15-Jun-15,394.40,397.50,370.00,373.80,886415
12-Jun-15,398.00,405.70,398.00,403.70,346458
11-Jun-15,400.70,408.90,400.10,402.20,331057
10-Jun-15,401.20,405.30,397.20,402.90,370293
9-Jun-15,397.50,401.30,394.60,399.00,482998
8-Jun-15,397.00,403.70,394.90,399.60,486650
5-Jun-15,400.80,401.50,397.40,398.00,361083
4-Jun-15,401.30,402.70,398.80,400.90,431486
3-Jun-15,399.80,406.90,397.40,401.30,544679
2-Jun-15,397.50,398.00,392.76,396.20,317718
1-Jun-15,399.20,399.80,395.34,395.80,216512
29-May-15,399.60,403.50,395.40,400.28,383174
28-May-15,393.80,399.70,388.40,398.00,489918
27-May-15,387.00,395.00,387.00,394.00,708890
26-May-15,397.80,397.80,388.80,389.50,368924
22-May-15,385.90,395.00,385.90,390.60,519103
21-May-15,380.00,384.70,379.70,381.00,494268
20-May-15,376.00,380.00,374.10,379.00,838251
19-May-15,377.00,378.80,374.20,377.25,410867
18-May-15,377.00,377.00,371.10,374.00,340239
15-May-15,375.20,377.00,371.30,376.80,371305
14-May-15,376.60,376.70,371.30,374.20,337031
13-May-15,376.40,376.40,371.60,374.60,465063
12-May-15,372.40,375.50,371.50,373.90,472355
11-May-15,378.00,378.00,373.10,375.40,692562
8-May-15,372.00,383.80,367.50,377.80,983754
7-May-15,362.40,367.00,357.20,365.30,1038767
6-May-15,356.40,360.90,353.90,359.50,626350
5-May-15,361.70,361.70,351.20,353.70,653113
1-May-15,362.40,362.40,354.30,354.60,291989
30-Apr-15,364.50,364.50,358.10,358.20,588199
29-Apr-15,368.00,368.00,360.40,361.20,402556
28-Apr-15,367.50,367.50,361.20,363.90,206073
27-Apr-15,359.50,364.90,359.50,364.10,352300
24-Apr-15,374.90,374.90,365.90,366.50,294395
23-Apr-15,370.00,370.70,366.00,370.00,716833
22-Apr-15,371.90,376.40,370.90,376.30,330246
21-Apr-15,364.00,374.00,364.00,372.00,212463
20-Apr-15,361.50,365.30,360.00,363.50,156084
17-Apr-15,368.90,372.00,360.80,361.60,258360
16-Apr-15,376.70,376.80,370.60,370.90,209296
15-Apr-15,381.90,381.90,371.10,373.30,224978
14-Apr-15,384.50,384.50,377.70,378.00,457541
13-Apr-15,384.50,386.70,380.40,380.40,189217
10-Apr-15,384.00,386.00,383.90,384.10,380172
9-Apr-15,384.40,387.00,382.00,383.30,314542
8-Apr-15,381.40,384.00,379.20,382.50,572176
7-Apr-15,382.00,383.00,378.30,380.50,460790
2-Apr-15,380.10,381.80,379.60,380.95,480653
1-Apr-15,375.80,380.20,372.90,379.40,330275
31-Mar-15,385.10,386.10,373.40,373.40,397926
30-Mar-15,380.60,385.20,378.00,383.90,334404
27-Mar-15,381.10,386.00,375.10,376.80,308257
26-Mar-15,380.80,387.60,376.50,379.00,553547
25-Mar-15,384.10,386.40,378.90,380.50,622553
24-Mar-15,383.90,387.70,380.10,381.50,405637
23-Mar-15,380.70,393.10,379.79,385.30,538614
20-Mar-15,381.50,384.10,372.90,384.10,876057
19-Mar-15,380.70,384.10,375.90,379.00,442868
18-Mar-15,371.50,382.60,366.30,378.00,592618
17-Mar-15,375.70,376.00,367.08,369.70,431421
16-Mar-15,369.10,376.40,367.10,373.60,373953
13-Mar-15,368.50,370.40,363.80,365.00,407313
12-Mar-15,366.50,367.50,362.30,365.00,317698
11-Mar-15,361.10,366.20,353.90,364.60,630118
10-Mar-15,362.00,368.60,357.40,357.50,556564
9-Mar-15,370.20,374.90,364.97,365.00,232513
6-Mar-15,352.00,378.40,350.50,377.00,573400
5-Mar-15,351.70,353.80,348.70,353.60,740829
4-Mar-15,343.40,353.30,337.60,352.00,757008
3-Mar-15,344.60,346.40,321.80,331.50,808781
2-Mar-15,339.10,354.60,339.10,352.00,248857
27-Feb-15,340.10,349.40,340.10,348.30,359834
26-Feb-15,342.00,344.40,340.50,340.60,211587
25-Feb-15,337.00,346.50,333.69,342.00,588437
24-Feb-15,335.00,336.90,332.00,335.00,561046
23-Feb-15,339.90,339.90,333.00,333.00,331498
20-Feb-15,335.00,339.00,333.00,336.90,320083
19-Feb-15,334.30,337.00,330.90,334.00,289247
18-Feb-15,327.90,334.50,327.50,333.50,269724
17-Feb-15,327.80,335.50,327.80,332.00,154579
16-Feb-15,332.20,335.60,331.70,333.00,73593
13-Feb-15,328.30,338.00,328.30,334.00,254190
12-Feb-15,327.70,331.30,326.90,329.20,207452
11-Feb-15,326.70,334.60,324.69,327.70,160320
10-Feb-15,322.10,329.00,322.10,325.10,216976
9-Feb-15,333.70,333.70,321.90,326.10,223800
6-Feb-15,338.90,338.90,331.02,333.00,152401
5-Feb-15,327.00,336.70,327.00,334.00,146271
4-Feb-15,331.40,339.20,330.00,333.00,107055
3-Feb-15,332.80,341.00,331.05,336.50,287108
2-Feb-15,332.00,337.90,329.10,330.50,105097
30-Jan-15,330.00,337.50,327.80,334.80,176939
29-Jan-15,328.70,329.80,326.10,328.00,217092
28-Jan-15,333.40,335.20,327.10,335.20,158886
27-Jan-15,334.00,334.00,323.00,328.20,176240
26-Jan-15,319.40,330.60,319.40,329.50,156569
23-Jan-15,330.00,330.50,322.20,325.60,150692
22-Jan-15,316.20,331.70,316.20,328.60,217255
21-Jan-15,317.60,321.10,312.17,321.10,146615
20-Jan-15,313.00,323.10,311.20,317.50,206515
19-Jan-15,304.90,312.65,304.90,310.20,212840
16-Jan-15,309.10,311.20,303.70,309.40,201461
15-Jan-15,307.30,310.30,302.70,308.40,307710
14-Jan-15,304.40,310.00,300.54,303.40,409476
13-Jan-15,288.60,314.20,288.60,311.20,579185
12-Jan-15,290.00,292.30,284.70,288.00,364799
9-Jan-15,291.40,298.04,291.00,292.40,365175
8-Jan-15,288.80,292.10,285.10,291.50,298362
7-Jan-15,281.00,287.30,281.00,284.40,230964
6-Jan-15,283.30,286.30,278.00,282.60,285561
5-Jan-15,283.50,286.20,277.70,279.70,230196
31-Dec-14,282.20,293.70,281.80,283.90,103600
30-Dec-14,282.50,286.60,275.50,285.30,106191
29-Dec-14,290.60,290.60,280.50,281.40,128307
24-Dec-14,285.30,297.00,279.30,285.60,84142
23-Dec-14,281.20,288.60,274.70,286.10,214317
22-Dec-14,285.60,289.13,277.00,279.60,273507
19-Dec-14,281.40,292.30,281.40,283.80,1598516
18-Dec-14,274.20,287.70,265.65,282.80,480391
17-Dec-14,260.60,271.10,260.30,270.00,608671
16-Dec-14,251.20,260.70,249.30,260.70,457050
15-Dec-14,252.30,259.80,252.00,253.30,342640
12-Dec-14,257.60,257.60,248.80,253.00,397659
11-Dec-14,247.00,257.80,246.50,255.30,330311
10-Dec-14,249.80,249.80,244.80,247.50,268310
9-Dec-14,247.90,253.10,245.00,246.20,299212
8-Dec-14,254.30,254.90,249.70,251.70,160124
5-Dec-14,252.30,257.42,251.40,253.70,400807
4-Dec-14,246.50,249.90,246.50,249.80,449273
3-Dec-14,249.50,249.50,245.70,247.00,649725
2-Dec-14,246.20,246.90,243.30,245.10,163632
1-Dec-14,258.60,258.60,242.60,243.00,479101
28-Nov-14,257.00,257.00,251.20,252.20,306279
27-Nov-14,256.00,257.30,251.68,255.00,363591
26-Nov-14,254.50,255.80,250.70,254.50,489412
25-Nov-14,251.90,253.60,248.20,251.70,506189
24-Nov-14,251.70,256.80,249.60,250.80,692604
21-Nov-14,257.60,260.10,250.40,253.50,696634
20-Nov-14,265.60,268.00,257.50,268.00,445131
19-Nov-14,276.80,276.80,260.10,262.80,407334
18-Nov-14,280.00,280.00,271.50,274.10,326241
17-Nov-14,283.40,284.15,278.00,278.90,196813
14-Nov-14,277.30,284.70,275.00,282.33,457253
13-Nov-14,275.00,277.20,271.70,274.10,181092
12-Nov-14,269.70,276.00,268.70,275.60,170667
11-Nov-14,273.00,279.10,265.70,269.10,246262
10-Nov-14,275.90,275.90,270.70,275.00,183398
7-Nov-14,274.90,278.00,264.90,275.00,509271
6-Nov-14,282.20,285.80,280.35,282.00,222814
5-Nov-14,287.40,288.20,281.50,285.90,119198
4-Nov-14,278.50,288.70,278.50,285.40,156806
3-Nov-14,286.20,286.80,279.65,282.90,160303
31-Oct-14,283.30,287.20,279.54,284.10,305507
30-Oct-14,284.90,284.90,276.80,277.60,231033
29-Oct-14,276.80,284.90,272.32,282.90,267215
28-Oct-14,273.00,275.40,261.38,274.50,227190
27-Oct-14,272.20,273.26,265.50,266.40,167463
24-Oct-14,276.30,276.90,270.20,273.60,95425
23-Oct-14,278.80,279.10,267.80,270.00,306038
22-Oct-14,264.60,281.50,264.60,277.10,195638
21-Oct-14,270.50,271.40,264.90,267.40,108636
20-Oct-14,259.10,267.80,258.07,267.80,153680
17-Oct-14,258.00,267.00,247.50,262.10,366665
16-Oct-14,254.60,261.40,249.00,255.30,351303
15-Oct-14,267.70,269.90,256.90,257.50,269626
14-Oct-14,259.10,268.30,256.00,264.90,237939
13-Oct-14,257.40,268.00,257.32,258.20,214449
10-Oct-14,262.50,264.40,254.30,260.10,317143
9-Oct-14,268.30,273.16,262.60,264.00,200381
8-Oct-14,269.20,273.30,263.20,263.50,227184
7-Oct-14,259.30,273.20,258.90,271.60,157327
6-Oct-14,260.90,262.50,255.50,259.00,224235
3-Oct-14,259.30,261.90,256.80,258.90,98207
2-Oct-14,268.70,268.70,255.00,256.90,185701
1-Oct-14,266.80,267.70,260.50,262.70,133073
30-Sep-14,268.00,269.60,265.00,268.00,191417
29-Sep-14,271.50,275.10,262.39,269.00,186532
26-Sep-14,277.20,280.30,269.70,271.00,182276
25-Sep-14,281.90,286.60,274.00,277.80,239369
24-Sep-14,291.10,291.10,282.00,283.30,124337
23-Sep-14,288.80,290.40,274.00,288.30,225587
22-Sep-14,290.00,290.00,284.60,287.60,195181
19-Sep-14,284.70,293.00,279.80,290.90,402650
18-Sep-14,278.00,284.80,277.70,280.60,175292
17-Sep-14,277.00,280.80,274.90,277.00,110270
16-Sep-14,274.60,278.20,270.10,273.20,125674
15-Sep-14,275.10,278.00,271.90,275.00,161292
12-Sep-14,275.60,281.10,274.70,276.10,137145
11-Sep-14,277.50,283.28,275.00,275.50,239156
10-Sep-14,271.30,280.00,269.10,277.70,219882
9-Sep-14,271.50,275.90,269.50,270.10,140654
8-Sep-14,271.50,273.60,269.50,271.10,109226
5-Sep-14,275.50,275.60,271.80,273.80,147933
4-Sep-14,276.00,276.00,270.80,275.40,103132
3-Sep-14,274.50,275.80,270.10,274.60,101608
2-Sep-14,270.60,272.50,269.00,271.50,144647
1-Sep-14,270.90,272.20,269.10,270.70,115794
29-Aug-14,270.90,272.31,269.60,270.50,247842
28-Aug-14,276.10,276.80,271.10,271.40,99487
27-Aug-14,272.30,278.00,271.70,274.00,206471
26-Aug-14,273.00,274.50,272.20,273.50,87369
22-Aug-14,273.10,273.10,271.10,272.50,82738
21-Aug-14,275.20,275.20,271.30,273.10,92745
20-Aug-14,276.80,276.80,271.40,272.50,156187
19-Aug-14,281.00,281.30,275.10,275.50,105312
18-Aug-14,275.40,279.80,270.90,278.40,109782
15-Aug-14,277.70,287.70,271.60,273.80,299496
14-Aug-14,274.30,279.40,271.58,272.70,174575
13-Aug-14,267.40,273.30,260.00,270.90,229184
12-Aug-14,268.00,272.80,263.50,267.00,253395
11-Aug-14,263.90,272.60,261.18,267.65,247119
8-Aug-14,256.20,265.30,254.90,262.00,215334
7-Aug-14,262.80,265.00,258.70,259.40,186395
6-Aug-14,263.60,263.80,256.30,259.90,281813
5-Aug-14,255.80,263.50,255.04,263.50,524140
4-Aug-14,251.60,256.10,248.10,253.30,248235
1-Aug-14,243.10,251.90,240.50,250.00,406592
31-Jul-14,248.00,251.50,243.60,245.59,363444
30-Jul-14,244.80,251.10,237.80,250.16,712924
29-Jul-14,236.00,253.30,236.00,240.00,380391
28-Jul-14,242.30,243.63,234.40,239.00,295336
25-Jul-14,244.00,248.40,240.46,243.10,267527
24-Jul-14,252.50,252.50,243.60,244.00,177498
23-Jul-14,247.00,252.70,244.30,252.00,174537
22-Jul-14,252.70,254.00,244.20,245.70,286659
21-Jul-14,252.30,254.40,251.40,253.00,176906
18-Jul-14,260.70,260.70,253.00,255.60,425417
17-Jul-14,250.40,263.00,245.96,260.00,585590
16-Jul-14,245.90,252.90,245.90,250.00,265958
15-Jul-14,252.50,256.07,248.30,250.30,238266
14-Jul-14,247.10,256.40,244.60,253.90,127546
11-Jul-14,250.80,258.14,245.40,246.00,214705
10-Jul-14,241.50,249.60,239.80,248.63,365688
9-Jul-14,253.80,253.80,239.95,242.30,180716
8-Jul-14,258.00,259.90,249.98,252.60,227184
7-Jul-14,260.40,263.42,254.30,258.50,192168
4-Jul-14,262.10,263.70,258.40,262.00,55912
3-Jul-14,259.80,266.70,259.00,261.40,242425
2-Jul-14,259.00,259.50,255.35,257.20,275814
1-Jul-14,263.30,264.80,258.40,262.90,196642
30-Jun-14,266.60,270.60,258.70,264.60,237428
27-Jun-14,262.30,276.39,258.80,267.60,364177
26-Jun-14,248.90,267.70,248.90,266.80,239042
25-Jun-14,255.00,255.01,248.00,249.80,132554
24-Jun-14,257.70,261.68,248.70,251.90,294714
23-Jun-14,265.00,268.44,257.70,258.50,185827
20-Jun-14,263.00,269.10,258.30,264.60,691644
19-Jun-14,268.90,271.50,259.50,263.20,328655
18-Jun-14,272.20,273.90,267.10,269.00,197478
17-Jun-14,270.50,271.25,264.70,268.50,262339
16-Jun-14,279.70,281.30,267.60,268.80,556573
13-Jun-14,285.20,285.20,272.50,278.00,206186
12-Jun-14,285.20,290.30,280.90,285.20,141009
11-Jun-14,287.70,287.70,279.30,281.30,86500
10-Jun-14,284.90,290.34,282.90,285.60,145453
9-Jun-14,282.50,288.00,278.70,284.70,98801
6-Jun-14,281.10,286.03,276.10,280.90,117617
5-Jun-14,289.90,289.90,278.54,279.60,240475
4-Jun-14,303.10,303.40,286.60,287.40,293429
3-Jun-14,295.00,308.00,294.50,304.00,271149
2-Jun-14,292.80,292.80,290.10,290.20,56981
30-May-14,289.70,295.03,288.20,289.80,120548
29-May-14,285.70,292.80,285.70,288.10,104010
28-May-14,288.20,288.50,283.70,287.30,137511
27-May-14,281.40,286.20,279.70,283.80,134863
23-May-14,281.10,281.90,276.70,278.20,138666
22-May-14,277.80,282.90,275.50,280.90,259076
21-May-14,276.40,284.50,276.40,280.00,160209
20-May-14,275.50,287.66,275.50,280.00,225618
19-May-14,282.20,283.30,278.61,281.80,214835
16-May-14,287.50,292.17,276.00,281.50,270924
15-May-14,304.70,304.70,287.00,287.70,194934
14-May-14,303.00,307.40,295.20,302.90,239992
13-May-14,303.30,304.80,297.80,303.00,190985
12-May-14,303.80,303.90,291.02,303.00,312015
9-May-14,304.90,304.90,281.05,297.20,522269
8-May-14,317.10,321.40,313.00,315.70,198641
7-May-14,323.50,323.50,317.00,317.50,350633
6-May-14,315.30,323.60,315.00,322.90,171873
2-May-14,321.10,321.10,315.00,317.00,116631
1-May-14,326.20,326.22,316.50,317.60,92757
30-Apr-14,317.00,318.40,315.30,317.90,290023
29-Apr-14,310.80,320.20,310.80,318.00,257302
28-Apr-14,301.80,322.80,301.42,322.80,160213
25-Apr-14,306.00,309.40,301.00,301.60,127812
24-Apr-14,293.50,305.40,293.11,305.40,206179
23-Apr-14,305.60,305.65,290.50,293.50,164306
22-Apr-14,302.50,317.59,302.50,312.10,258685
17-Apr-14,295.80,304.60,295.80,304.60,160756
16-Apr-14,292.20,300.50,290.50,299.90,201523
15-Apr-14,299.60,303.40,288.10,290.40,254877
14-Apr-14,310.30,312.80,301.80,303.30,146822
11-Apr-14,304.60,314.70,302.60,312.80,123157
10-Apr-14,320.10,324.20,311.30,312.70,150316
9-Apr-14,305.80,320.90,304.14,319.90,347128
8-Apr-14,289.30,303.40,289.30,302.50,248722
7-Apr-14,283.10,294.90,280.70,294.90,222561
4-Apr-14,278.10,286.40,278.10,282.36,266801
3-Apr-14,287.70,289.40,277.20,281.00,186038
2-Apr-14,289.40,292.70,283.00,283.00,175738
1-Apr-14,275.80,295.30,275.80,289.43,344623
31-Mar-14,274.70,285.78,274.70,281.90,146211
28-Mar-14,278.90,282.50,272.20,278.10,178813
27-Mar-14,276.60,287.14,270.04,281.70,213778
26-Mar-14,276.60,283.86,275.00,277.20,150548
25-Mar-14,278.70,286.00,277.60,278.60,143018
24-Mar-14,275.00,282.90,273.20,275.50,168792
21-Mar-14,286.10,290.00,276.20,276.30,600881
20-Mar-14,294.80,295.90,284.50,284.60,299155
19-Mar-14,299.30,307.30,295.40,296.30,276506
18-Mar-14,306.40,311.30,299.10,299.40,274043
17-Mar-14,307.30,313.24,307.30,309.70,142222
14-Mar-14,313.10,319.50,311.40,311.80,168430
13-Mar-14,320.90,325.40,318.80,320.10,171284
12-Mar-14,329.50,329.50,323.30,326.50,121403
11-Mar-14,331.20,336.80,330.00,330.00,164099
10-Mar-14,329.60,335.70,329.60,332.90,123836
7-Mar-14,337.70,343.80,332.10,333.40,114645
6-Mar-14,331.00,342.30,331.00,339.90,159438
5-Mar-14,326.60,333.30,319.30,330.80,251492
4-Mar-14,315.00,331.20,315.00,330.00,217105
3-Mar-14,329.60,332.60,324.80,327.50,162030
28-Feb-14,327.00,336.80,323.30,335.00,152468
27-Feb-14,318.70,325.90,315.80,324.00,157774
26-Feb-14,330.50,333.30,317.20,323.30,167079
25-Feb-14,335.20,339.60,331.30,332.20,216375
24-Feb-14,343.80,345.00,334.70,339.00,146038
21-Feb-14,337.10,344.00,334.60,339.00,150625
20-Feb-14,335.60,339.30,326.90,336.50,73193
19-Feb-14,335.60,343.80,335.60,339.00,53787
18-Feb-14,338.20,343.20,338.20,340.00,84602
17-Feb-14,337.90,344.70,337.90,341.70,70861
14-Feb-14,335.20,343.80,335.20,339.80,72508
13-Feb-14,327.00,336.00,327.00,336.00,128665
12-Feb-14,340.10,344.70,331.40,333.40,104737
11-Feb-14,333.30,348.60,333.30,340.90,100929
10-Feb-14,328.60,335.90,327.70,335.80,67318
7-Feb-14,328.20,335.70,327.90,331.40,97348
6-Feb-14,325.00,335.00,322.00,329.20,159337
5-Feb-14,313.00,320.50,312.20,319.10,148703
4-Feb-14,312.70,328.70,312.70,317.00,170881
3-Feb-14,331.50,333.50,318.60,318.60,159403
31-Jan-14,334.10,344.40,328.70,332.00,158172
30-Jan-14,337.60,339.80,329.20,331.80,84384
29-Jan-14,339.70,344.80,332.10,339.00,233072
28-Jan-14,329.60,339.80,327.30,334.80,83355
27-Jan-14,348.30,348.30,329.70,332.50,138519
24-Jan-14,362.60,362.60,341.90,343.60,148834
23-Jan-14,377.30,377.30,356.20,361.60,99826
22-Jan-14,385.60,387.80,367.70,368.00,191805
21-Jan-14,388.10,388.10,380.20,382.50,122495
20-Jan-14,389.90,390.00,385.00,385.00,65494
17-Jan-14,387.10,389.90,385.70,388.30,79886
16-Jan-14,391.60,394.80,386.00,388.80,181403
15-Jan-14,387.00,395.30,386.00,393.00,149943
14-Jan-14,381.80,386.60,377.80,385.30,112281
13-Jan-14,378.00,387.00,367.70,385.20,201523
10-Jan-14,364.80,381.50,362.90,381.50,113138
9-Jan-14,372.00,372.00,364.00,365.30,117269
8-Jan-14,372.60,379.40,372.60,376.50,121441
7-Jan-14,372.20,378.00,369.20,374.20,70217
6-Jan-14,371.80,374.90,367.40,370.20,65563
3-Jan-14,370.60,375.00,365.00,370.90,96734
2-Jan-14,385.30,385.30,368.90,370.00,109052
31-Dec-13,379.90,380.90,375.00,376.50,52924
30-Dec-13,373.20,387.80,373.20,380.70,126167
27-Dec-13,369.20,379.90,369.20,376.80,58883
24-Dec-13,373.60,375.30,369.20,373.10,30600
23-Dec-13,362.30,367.10,357.60,363.40,77754
20-Dec-13,358.50,366.80,358.50,363.50,338176
19-Dec-13,352.40,359.80,350.20,359.80,160331
18-Dec-13,347.90,350.60,346.10,348.50,113898
17-Dec-13,339.10,348.40,338.70,348.40,150762
16-Dec-13,328.10,339.50,326.80,339.50,62762
13-Dec-13,328.70,330.20,325.50,327.50,41604
12-Dec-13,338.30,338.30,327.10,328.00,122223
11-Dec-13,339.70,344.00,337.30,338.00,135192
10-Dec-13,334.60,346.50,334.60,340.60,218490
9-Dec-13,324.40,335.10,323.10,335.10,137300
6-Dec-13,326.90,331.40,320.40,322.90,117911
5-Dec-13,323.20,330.80,322.30,327.20,152795
4-Dec-13,326.10,327.90,322.90,325.00,111648
3-Dec-13,323.80,325.70,318.20,325.00,297624
2-Dec-13,334.00,336.10,324.80,324.80,158824
29-Nov-13,328.30,336.10,328.30,335.00,104489
28-Nov-13,323.20,333.20,323.20,333.20,68114
27-Nov-13,322.90,328.90,320.70,326.30,75884
26-Nov-13,322.20,328.20,322.00,322.10,135662
25-Nov-13,315.80,325.30,314.60,323.00,150941
22-Nov-13,310.10,316.70,310.00,314.20,104681
21-Nov-13,310.00,314.20,310.00,311.00,105686
20-Nov-13,314.90,316.30,310.00,310.00,209252
19-Nov-13,313.00,316.40,309.50,315.90,153183
18-Nov-13,307.60,315.20,307.60,314.50,118030
15-Nov-13,305.00,310.10,305.00,308.90,212037
14-Nov-13,313.40,314.30,305.60,307.60,190764
13-Nov-13,305.90,324.90,305.90,312.20,344830
12-Nov-13,313.70,314.80,307.20,314.80,258289
11-Nov-13,303.50,313.00,303.50,313.00,310671
8-Nov-13,304.40,307.40,293.30,307.40,595751
7-Nov-13,315.90,318.60,310.80,314.11,232701
6-Nov-13,314.60,320.80,314.60,317.00,138722
5-Nov-13,314.40,317.00,310.30,316.50,146031
4-Nov-13,315.90,320.00,311.30,313.50,185975
1-Nov-13,318.00,320.10,306.90,313.60,191331
31-Oct-13,316.00,318.40,311.10,318.00,289403
30-Oct-13,309.60,318.00,309.60,316.00,254527
29-Oct-13,302.30,316.20,302.30,310.10,151323
28-Oct-13,317.90,317.90,304.30,307.60,117162
25-Oct-13,320.10,330.60,302.00,309.60,344644
24-Oct-13,332.10,333.00,320.60,321.40,155113
23-Oct-13,330.00,333.60,325.00,325.00,134686
22-Oct-13,329.10,335.30,329.10,333.80,130040
21-Oct-13,327.40,334.60,327.40,330.00,97805
18-Oct-13,329.00,330.00,324.80,328.00,138730
17-Oct-13,323.50,329.70,323.50,327.10,116215
16-Oct-13,327.40,331.30,321.00,324.70,159997
15-Oct-13,334.40,335.20,326.50,328.90,165934
14-Oct-13,326.00,332.90,320.00,332.90,128317
11-Oct-13,325.00,328.60,324.00,326.00,128607
10-Oct-13,316.70,328.20,316.60,325.00,184395
9-Oct-13,323.70,323.70,312.50,312.90,192934
8-Oct-13,329.40,329.40,322.00,322.00,226820
7-Oct-13,328.90,333.30,326.80,330.30,109338
4-Oct-13,334.10,337.10,329.30,330.20,161725
3-Oct-13,340.50,340.50,329.60,332.60,179716
2-Oct-13,338.80,339.80,331.50,332.80,192368
1-Oct-13,345.60,346.30,335.80,339.00,136094
30-Sep-13,345.00,346.20,338.90,346.20,173388
27-Sep-13,354.00,354.50,344.70,345.98,136410
26-Sep-13,343.80,357.50,339.50,353.00,184346
25-Sep-13,349.80,354.40,342.00,345.87,178742
24-Sep-13,350.40,353.10,345.70,350.90,260236
20-Sep-13,368.30,373.00,352.50,352.50,332738
19-Sep-13,378.10,379.70,369.20,369.50,166773
18-Sep-13,372.50,377.20,369.80,371.00,128742
17-Sep-13,373.70,375.80,369.10,370.10,176975
16-Sep-13,380.40,383.50,374.70,374.70,157392
13-Sep-13,389.20,389.20,375.90,380.00,152099
12-Sep-13,389.10,389.10,379.10,384.00,195192
11-Sep-13,385.90,400.30,385.90,392.20,162123
10-Sep-13,379.70,399.90,379.70,395.90,191118
9-Sep-13,380.00,389.60,375.30,387.40,157418
6-Sep-13,376.50,386.90,373.90,381.00,127519
5-Sep-13,364.20,382.40,364.20,382.40,249695
4-Sep-13,357.50,363.60,353.70,363.20,145428
3-Sep-13,355.00,364.60,353.30,359.90,154965
2-Sep-13,345.80,361.30,342.50,361.30,275067
30-Aug-13,338.30,344.00,336.50,341.70,167422
29-Aug-13,336.80,343.10,336.50,339.00,207558
28-Aug-13,330.50,342.20,330.50,338.80,247920
27-Aug-13,334.00,334.00,323.70,331.60,368885
23-Aug-13,338.20,343.60,330.90,331.00,297280
22-Aug-13,334.50,344.30,334.20,341.80,154413
21-Aug-13,339.60,339.60,329.20,332.00,113662
20-Aug-13,334.10,339.00,331.50,334.50,97433
19-Aug-13,336.40,338.40,333.50,337.50,141026
16-Aug-13,336.70,336.70,331.20,334.70,93131
15-Aug-13,339.30,339.80,330.80,331.50,163850
14-Aug-13,338.50,341.90,338.50,339.90,183386
13-Aug-13,344.40,345.90,337.50,339.00,148697
12-Aug-13,347.50,351.10,343.10,344.80,186526
9-Aug-13,340.70,351.80,340.70,346.40,103240
8-Aug-13,335.00,345.00,334.90,343.60,176947
7-Aug-13,338.20,340.60,332.20,335.70,148526
6-Aug-13,345.90,345.90,335.70,337.70,245265
5-Aug-13,337.70,344.30,334.80,342.30,359718
2-Aug-13,340.30,340.80,329.50,336.90,261668
1-Aug-13,334.30,341.40,332.70,338.60,299060
31-Jul-13,322.00,334.40,322.00,332.90,468749
30-Jul-13,338.00,346.00,312.90,332.00,708760
29-Jul-13,350.50,350.70,343.60,344.50,344586
26-Jul-13,355.90,355.90,341.90,344.50,462021
25-Jul-13,361.20,363.20,354.00,354.00,234183
24-Jul-13,365.10,365.10,360.90,364.00,122508
23-Jul-13,365.20,366.60,360.70,362.20,197648
22-Jul-13,368.80,368.80,357.90,360.70,206226
19-Jul-13,364.00,371.50,360.20,367.10,347082
18-Jul-13,350.60,364.52,350.33,363.90,188620
17-Jul-13,349.00,354.30,348.40,350.00,313188
16-Jul-13,347.50,354.10,347.50,352.00,194369
15-Jul-13,342.50,348.60,342.40,348.10,150454
12-Jul-13,340.40,344.00,335.40,341.20,279372
11-Jul-13,344.10,346.00,340.40,341.60,343998
10-Jul-13,360.00,360.80,342.50,347.60,597556
9-Jul-13,349.10,363.80,349.10,362.00,408690
8-Jul-13,334.20,353.61,334.20,352.80,289551
5-Jul-13,332.40,339.00,329.58,334.30,393923
4-Jul-13,318.80,335.00,317.60,335.00,395280
3-Jul-13,316.00,318.80,313.10,318.80,147185
2-Jul-13,319.80,320.50,317.60,318.00,215069
1-Jul-13,318.90,320.30,316.40,320.30,278048
28-Jun-13,317.50,319.00,311.70,319.00,411013
27-Jun-13,307.80,318.30,307.00,317.20,397949
26-Jun-13,316.80,317.00,303.20,310.00,532120
25-Jun-13,305.50,318.00,301.28,317.40,442332
24-Jun-13,300.60,306.50,300.60,305.20,563452
21-Jun-13,298.60,305.30,298.60,305.00,420164
20-Jun-13,292.00,306.19,289.85,305.00,803600
19-Jun-13,294.00,294.00,288.40,292.50,304531
18-Jun-13,292.00,294.70,290.90,294.70,415472
17-Jun-13,289.40,292.80,288.70,291.30,219760
14-Jun-13,288.90,292.70,285.09,292.70,448525
13-Jun-13,288.70,290.50,283.50,287.00,319738
12-Jun-13,287.20,291.50,277.20,290.70,373546
11-Jun-13,293.40,293.40,286.60,290.60,194112
10-Jun-13,297.70,297.70,290.80,292.00,145842
7-Jun-13,288.00,296.86,281.57,294.30,240698
6-Jun-13,289.10,293.76,284.30,284.30,226622
5-Jun-13,285.20,289.70,283.50,286.00,230486
4-Jun-13,288.00,292.60,285.30,289.00,177263
3-Jun-13,291.70,292.40,285.90,285.90,113747
31-May-13,302.30,302.30,289.81,294.10,213676
30-May-13,281.70,298.13,281.60,295.00,423753
29-May-13,277.20,281.50,273.80,274.90,111772
28-May-13,274.70,279.60,274.70,279.00,128266
24-May-13,276.00,276.00,271.40,273.80,145273
23-May-13,275.20,280.20,274.50,275.60,238705
22-May-13,276.20,285.00,270.30,280.00,292654
21-May-13,277.50,279.90,275.10,275.60,226434
20-May-13,284.00,284.90,274.60,274.70,228181
17-May-13,279.40,281.20,274.10,280.00,136557
16-May-13,275.10,278.40,273.30,275.10,149375
15-May-13,280.30,284.40,274.10,274.30,284600
14-May-13,268.00,282.60,268.00,281.00,653012
13-May-13,265.10,270.61,262.88,265.00,284969
10-May-13,268.20,271.10,266.83,268.30,280455
9-May-13,250.00,269.10,249.30,269.10,517066
8-May-13,246.60,255.60,245.30,251.40,360835
7-May-13,243.20,249.60,243.00,247.10,414078
3-May-13,243.20,246.90,242.80,243.50,236621
2-May-13,243.90,247.40,242.00,243.50,360668
1-May-13,241.20,247.20,241.20,244.60,160391
30-Apr-13,243.20,244.70,242.10,244.50,283437
29-Apr-13,246.40,248.50,240.81,242.80,86551
26-Apr-13,246.30,246.30,240.70,242.70,132542
25-Apr-13,246.90,249.10,245.40,247.70,197570
24-Apr-13,244.20,250.00,239.27,242.50,392278
23-Apr-13,255.70,258.22,252.00,253.80,182729
22-Apr-13,256.30,259.17,252.30,254.70,177367
19-Apr-13,253.00,255.50,251.50,254.70,337481
18-Apr-13,253.20,255.50,247.60,251.00,278798
17-Apr-13,261.70,266.10,251.90,253.80,537833
16-Apr-13,255.70,262.60,253.70,259.40,346705
15-Apr-13,256.90,260.60,249.90,254.70,462912
12-Apr-13,253.00,257.02,252.30,255.60,176480
11-Apr-13,249.60,255.70,247.00,253.30,206995
10-Apr-13,244.50,251.90,244.50,250.10,299078
9-Apr-13,246.80,251.50,244.20,250.50,296306
8-Apr-13,257.70,257.70,243.70,247.70,246122
5-Apr-13,266.30,266.30,243.50,251.60,862355
4-Apr-13,255.70,266.10,252.20,265.80,938902
3-Apr-13,255.40,257.70,252.10,255.80,432244
2-Apr-13,258.50,261.90,254.50,257.00,370566
28-Mar-13,270.10,273.10,255.00,259.20,334350
27-Mar-13,275.90,275.90,268.40,269.90,357930
26-Mar-13,279.30,281.50,276.10,278.40,268928
25-Mar-13,281.20,285.50,277.20,278.00,330861
22-Mar-13,279.10,286.90,276.50,282.20,298503
21-Mar-13,277.50,279.70,276.10,278.80,298286
20-Mar-13,281.30,281.30,276.90,278.20,152287
19-Mar-13,279.00,281.80,277.30,279.10,321562
18-Mar-13,277.70,281.50,277.25,279.90,254169
15-Mar-13,276.30,283.10,275.70,282.00,527867
14-Mar-13,275.00,276.00,267.60,275.50,399526
13-Mar-13,266.60,275.00,263.70,273.20,644092
12-Mar-13,269.00,272.60,264.30,268.90,423043
11-Mar-13,268.00,274.80,263.82,270.30,925770
8-Mar-13,275.80,276.40,271.30,275.20,287251
7-Mar-13,280.60,280.60,266.10,276.15,343940
6-Mar-13,277.40,284.58,274.90,278.07,792579
5-Mar-13,256.00,281.05,251.58,280.00,847548
4-Mar-13,273.70,273.70,255.10,259.80,567972
1-Mar-13,276.60,281.90,274.00,274.70,205388
28-Feb-13,280.10,282.80,277.30,279.80,280241
27-Feb-13,283.90,283.90,273.76,280.70,248751
26-Feb-13,285.00,285.00,273.21,278.60,342761
25-Feb-13,290.00,292.60,283.70,288.00,305304
22-Feb-13,287.10,288.30,281.90,288.00,237001
21-Feb-13,286.10,287.50,281.50,287.00,420589
20-Feb-13,285.00,290.60,284.90,290.00,296385
19-Feb-13,285.00,287.50,281.60,285.70,220305
18-Feb-13,285.30,285.30,280.20,283.00,219225
15-Feb-13,289.90,293.14,266.40,282.80,1160771
14-Feb-13,300.00,303.80,295.40,300.60,518777
13-Feb-13,290.00,304.40,288.60,301.50,747640
12-Feb-13,279.30,292.60,279.30,288.71,828639
11-Feb-13,284.30,285.35,279.90,280.80,348904
8-Feb-13,271.90,285.13,271.00,285.10,707667
7-Feb-13,272.30,274.21,268.20,268.70,764530
6-Feb-13,252.70,276.30,252.30,259.97,1968820
5-Feb-13,239.70,254.70,237.65,251.60,494686
4-Feb-13,243.20,243.77,240.20,240.50,193150
1-Feb-13,240.30,243.80,237.50,242.50,284489
31-Jan-13,242.20,243.95,236.60,240.00,523872
30-Jan-13,252.20,252.30,242.10,243.20,234649
29-Jan-13,256.60,256.60,250.50,251.10,394441
28-Jan-13,250.80,254.00,249.94,251.70,274459
25-Jan-13,251.90,254.30,248.80,250.00,243140
24-Jan-13,250.10,254.13,237.22,251.70,312842
23-Jan-13,260.90,260.90,251.90,252.90,144466
22-Jan-13,262.40,264.31,259.00,259.50,114049
21-Jan-13,259.00,262.70,256.32,262.70,177085
18-Jan-13,265.00,266.10,264.11,264.30,229258
17-Jan-13,267.50,267.50,264.60,265.00,135919
16-Jan-13,269.20,269.20,262.56,267.50,125052
15-Jan-13,269.90,272.90,266.90,268.50,137954
14-Jan-13,265.00,270.60,263.02,269.80,125011
11-Jan-13,269.70,271.58,264.30,264.50,189337
10-Jan-13,269.30,272.30,267.80,269.40,149034
9-Jan-13,264.90,269.90,264.70,268.40,114117
8-Jan-13,261.50,265.67,259.40,263.60,142879
7-Jan-13,262.80,264.90,262.10,262.60,185162
4-Jan-13,261.30,263.08,258.50,261.10,213185
3-Jan-13,257.00,264.00,255.80,260.50,218829
2-Jan-13,254.40,258.50,253.30,256.00,192698
