31-Dec-15,1060.00,1065.00,1052.00,1052.00,1046
30-Dec-15,1061.00,1062.95,1052.00,1058.00,5569
29-Dec-15,1060.00,1064.00,1055.82,1056.65,11834
24-Dec-15,1060.00,1060.00,1054.00,1054.00,747
23-Dec-15,1044.00,1058.00,1037.00,1055.00,16381
22-Dec-15,1034.00,1035.40,1022.00,1023.50,23656
21-Dec-15,1037.00,1043.00,1023.00,1030.50,5850
18-Dec-15,1032.00,1038.00,1019.00,1019.00,44729
16-Dec-15,1030.00,1036.16,1022.00,1024.83,14753
15-Dec-15,1020.00,1035.00,1011.37,1028.14,15838
14-Dec-15,1023.00,1023.00,1002.00,1002.00,11457
11-Dec-15,1028.00,1028.00,1005.00,1015.00,14701
10-Dec-15,1024.00,1039.00,1022.00,1027.00,16544
9-Dec-15,1055.00,1055.00,1036.00,1036.00,36203
8-Dec-15,1070.00,1070.00,1035.55,1045.00,28440
7-Dec-15,1061.00,1073.00,1055.00,1073.00,19501
4-Dec-15,1054.00,1063.00,1051.00,1055.00,13699
3-Dec-15,1067.00,1090.00,1058.00,1062.50,36183
2-Dec-15,1081.00,1085.50,1071.75,1077.00,31027
1-Dec-15,1066.00,1077.00,1066.00,1070.00,26544
30-Nov-15,1070.00,1071.70,1057.00,1066.00,30612
27-Nov-15,1065.00,1069.92,1060.00,1062.00,39696
26-Nov-15,1068.00,1072.00,1065.00,1068.00,9166
25-Nov-15,1063.00,1072.00,1056.10,1067.00,21586
24-Nov-15,1067.00,1067.00,1042.00,1053.00,26953
23-Nov-15,1068.00,1076.30,1058.67,1074.00,11351
20-Nov-15,1074.00,1075.00,1062.00,1070.00,18484
19-Nov-15,1076.00,1076.00,1064.00,1064.00,40233
18-Nov-15,1065.00,1072.00,1052.00,1064.00,5385
17-Nov-15,1065.00,1075.00,1053.00,1060.00,22542
16-Nov-15,1038.00,1048.00,1031.00,1044.00,20576
13-Nov-15,1060.00,1060.00,1034.00,1037.00,12164
12-Nov-15,1070.00,1078.19,1052.78,1067.50,11622
11-Nov-15,1081.00,1093.59,1072.00,1075.00,11239
10-Nov-15,1081.00,1090.32,1073.53,1080.00,27462
9-Nov-15,1083.00,1095.00,1077.00,1077.16,29968
6-Nov-15,1087.00,1094.50,1083.00,1085.00,8536
5-Nov-15,1094.00,1098.00,1085.00,1090.43,41264
4-Nov-15,1100.00,1110.58,1091.60,1096.00,8394
3-Nov-15,1085.00,1092.40,1080.88,1084.00,9894
2-Nov-15,1076.00,1087.50,1076.00,1082.00,2233
30-Oct-15,1104.00,1104.00,1080.00,1086.00,19039
29-Oct-15,1099.00,1102.20,1086.00,1091.00,7084
28-Oct-15,1096.00,1101.00,1090.00,1093.00,32393
27-Oct-15,1090.00,1101.82,1090.00,1094.00,15803
26-Oct-15,1104.00,1105.70,1091.00,1095.00,18247
23-Oct-15,1100.00,1116.50,1096.00,1106.00,9773
22-Oct-15,1087.00,1100.00,1084.00,1100.00,18917
21-Oct-15,1088.00,1097.00,1086.95,1087.00,23934
20-Oct-15,1096.00,1097.00,1084.75,1086.00,8810
19-Oct-15,1093.00,1103.00,1088.00,1089.00,33101
16-Oct-15,1105.00,1106.30,1088.00,1100.00,21849
15-Oct-15,1084.00,1094.00,1082.10,1090.00,9218
14-Oct-15,1077.00,1095.30,1077.00,1083.30,1732
13-Oct-15,1090.00,1095.00,1082.00,1090.00,16487
12-Oct-15,1097.00,1105.56,1091.00,1093.70,10369
9-Oct-15,1094.00,1104.08,1092.43,1098.00,25893
8-Oct-15,1082.00,1088.65,1075.00,1081.00,33545
7-Oct-15,1087.00,1096.00,1078.00,1081.00,30867
6-Oct-15,1080.00,1087.00,1074.00,1084.00,47133
5-Oct-15,1074.00,1081.00,1066.51,1074.00,7083
2-Oct-15,1051.00,1058.98,1035.25,1054.00,33182
1-Oct-15,1065.00,1069.00,1039.89,1052.00,33356
30-Sep-15,1041.00,1051.00,1040.00,1043.00,10923
29-Sep-15,1022.00,1034.00,1020.00,1023.00,20241
28-Sep-15,1046.00,1048.65,1028.00,1048.28,5824
25-Sep-15,1045.00,1058.00,1042.00,1048.50,9082
24-Sep-15,1050.00,1055.00,1031.00,1041.00,13729
23-Sep-15,1029.00,1055.00,1026.00,1043.00,12336
22-Sep-15,1056.00,1057.07,1026.00,1034.00,23128
21-Sep-15,1064.00,1065.00,1054.05,1055.00,6806
18-Sep-15,1071.00,1075.00,1055.00,1066.00,76862
17-Sep-15,1072.00,1078.00,1066.00,1074.00,10382
16-Sep-15,1074.00,1081.60,1070.00,1076.00,9704
15-Sep-15,1067.00,1067.00,1053.00,1063.00,10061
14-Sep-15,1072.00,1073.71,1057.00,1057.00,7971
11-Sep-15,1067.00,1073.25,1058.93,1067.00,19356
10-Sep-15,1073.00,1084.00,1064.00,1075.13,71189
9-Sep-15,1120.00,1125.00,1095.00,1095.00,50730
8-Sep-15,1105.00,1113.23,1090.00,1098.73,11403
7-Sep-15,1100.00,1103.04,1086.30,1096.00,4192
4-Sep-15,1101.00,1109.00,1080.00,1083.00,12455
3-Sep-15,1105.00,1119.01,1104.66,1113.20,7728
2-Sep-15,1090.00,1112.50,1078.42,1098.00,42291
1-Sep-15,1100.00,1103.94,1082.00,1088.00,26375
28-Aug-15,1106.00,1125.00,1105.97,1118.00,46487
27-Aug-15,1116.00,1116.00,1098.00,1109.00,19476
26-Aug-15,1082.00,1106.00,1078.88,1090.00,15688
25-Aug-15,1075.00,1120.00,1075.00,1108.00,55278
24-Aug-15,1077.00,1082.48,1040.00,1072.00,62555
21-Aug-15,1110.00,1125.00,1095.00,1096.00,19783
20-Aug-15,1119.00,1127.44,1106.00,1125.00,23926
19-Aug-15,1141.00,1152.12,1125.00,1125.00,19697
18-Aug-15,1152.00,1157.00,1143.60,1154.00,11055
17-Aug-15,1157.00,1158.30,1141.15,1148.00,4110
14-Aug-15,1156.00,1165.00,1146.35,1158.00,13030
13-Aug-15,1156.00,1167.68,1150.56,1157.00,2632
12-Aug-15,1154.00,1155.60,1140.00,1149.00,15670
11-Aug-15,1175.00,1177.80,1157.00,1168.00,11457
10-Aug-15,1172.00,1172.00,1158.25,1164.00,24040
7-Aug-15,1170.00,1175.00,1164.00,1168.55,11707
6-Aug-15,1163.00,1172.00,1155.73,1163.60,16136
5-Aug-15,1158.00,1169.00,1154.07,1162.00,97039
4-Aug-15,1166.00,1166.00,1152.55,1154.00,41460
3-Aug-15,1165.00,1168.60,1161.00,1165.00,34827
31-Jul-15,1157.00,1169.00,1157.00,1163.20,7448
30-Jul-15,1162.00,1170.00,1156.00,1158.55,17329
29-Jul-15,1169.00,1169.00,1155.00,1162.50,12428
28-Jul-15,1168.00,1168.00,1155.00,1155.00,6949
27-Jul-15,1162.00,1163.00,1152.00,1152.00,8521
24-Jul-15,1168.00,1168.00,1155.00,1159.00,7657
23-Jul-15,1169.00,1175.00,1161.00,1161.00,4777
22-Jul-15,1177.00,1177.00,1162.00,1168.00,12019
21-Jul-15,1180.00,1187.00,1179.00,1179.00,3281
20-Jul-15,1177.00,1197.00,1173.10,1186.50,24965
17-Jul-15,1173.00,1180.00,1167.00,1176.00,10377
16-Jul-15,1172.00,1180.00,1165.10,1176.00,5004
15-Jul-15,1160.00,1174.34,1159.61,1174.34,20512
14-Jul-15,1178.00,1184.00,1162.07,1163.00,7368
13-Jul-15,1188.00,1190.00,1173.53,1180.00,6697
10-Jul-15,1188.00,1188.00,1161.00,1167.50,6244
9-Jul-15,1163.00,1169.80,1154.11,1160.00,24910
8-Jul-15,1164.00,1165.00,1150.20,1161.30,13534
7-Jul-15,1167.00,1171.00,1152.00,1165.00,23198
6-Jul-15,1169.00,1174.00,1161.50,1171.40,8508
3-Jul-15,1177.00,1180.49,1169.00,1180.49,3697
2-Jul-15,1168.00,1180.00,1165.78,1177.00,36732
1-Jul-15,1162.00,1186.56,1162.00,1168.35,27811
30-Jun-15,1163.00,1168.80,1157.42,1161.00,27102
29-Jun-15,1160.00,1183.40,1153.00,1170.00,12059
26-Jun-15,1184.00,1187.67,1175.00,1180.00,15890
25-Jun-15,1197.00,1197.10,1184.10,1187.00,13133
24-Jun-15,1199.00,1200.00,1185.66,1189.00,10817
23-Jun-15,1193.00,1196.75,1187.00,1194.00,16796
22-Jun-15,1189.00,1196.00,1177.06,1193.00,12676
19-Jun-15,1173.00,1183.34,1170.00,1182.00,60340
18-Jun-15,1174.00,1178.00,1163.00,1174.00,22945
17-Jun-15,1185.00,1185.50,1169.00,1176.00,20480
16-Jun-15,1179.00,1179.00,1161.00,1170.00,32572
15-Jun-15,1186.00,1192.00,1170.71,1170.80,16319
12-Jun-15,1192.00,1202.60,1186.00,1192.00,12324
11-Jun-15,1188.00,1207.00,1187.74,1200.00,5098
10-Jun-15,1203.00,1209.00,1192.50,1203.00,24581
9-Jun-15,1200.00,1205.60,1188.98,1196.00,16768
8-Jun-15,1205.00,1207.07,1194.00,1196.08,14004
5-Jun-15,1200.00,1207.68,1197.09,1200.00,21525
4-Jun-15,1210.00,1221.16,1197.00,1210.00,34950
3-Jun-15,1217.00,1229.00,1210.00,1220.00,32639
2-Jun-15,1220.00,1221.00,1205.00,1214.90,40892
1-Jun-15,1212.00,1221.76,1209.00,1215.00,12384
29-May-15,1221.00,1224.10,1207.00,1212.00,22694
28-May-15,1221.00,1227.00,1216.00,1223.00,29459
27-May-15,1218.00,1225.96,1202.00,1223.00,12380
26-May-15,1230.00,1235.01,1205.00,1220.47,46620
22-May-15,1226.00,1230.00,1217.35,1229.00,11794
21-May-15,1221.00,1226.00,1212.40,1214.00,1979
20-May-15,1218.00,1221.00,1209.52,1220.00,14569
19-May-15,1229.00,1234.00,1210.00,1215.00,35036
18-May-15,1210.00,1219.00,1205.45,1207.00,13279
15-May-15,1225.00,1225.00,1209.00,1221.00,17318
14-May-15,1201.00,1221.00,1200.00,1215.00,22403
13-May-15,1213.00,1223.70,1209.00,1213.00,35680
12-May-15,1224.00,1224.00,1189.00,1203.25,26735
11-May-15,1214.00,1230.00,1214.00,1222.00,13187
8-May-15,1200.00,1225.00,1200.00,1222.00,75529
7-May-15,1177.00,1185.00,1168.00,1180.50,11105
6-May-15,1188.00,1193.00,1178.00,1181.00,25411
5-May-15,1190.00,1199.08,1185.00,1195.00,34008
1-May-15,1184.00,1189.00,1176.00,1189.00,8556
30-Apr-15,1183.00,1194.00,1180.00,1183.00,29137
29-Apr-15,1189.00,1195.35,1179.00,1193.25,37480
28-Apr-15,1203.00,1203.92,1182.00,1193.00,25051
27-Apr-15,1199.00,1207.00,1187.00,1200.00,11293
24-Apr-15,1199.00,1208.00,1195.00,1196.00,21793
23-Apr-15,1200.00,1200.00,1192.00,1196.00,20747
22-Apr-15,1207.00,1207.00,1190.00,1196.00,29962
21-Apr-15,1205.00,1212.00,1191.00,1199.00,39968
20-Apr-15,1204.00,1210.60,1198.00,1201.00,11108
17-Apr-15,1208.00,1213.00,1189.00,1193.00,26636
16-Apr-15,1208.00,1211.50,1198.40,1202.00,30037
15-Apr-15,1207.00,1215.00,1201.00,1209.00,20727
14-Apr-15,1207.00,1210.89,1199.00,1205.00,36499
13-Apr-15,1208.00,1215.00,1203.00,1204.00,26189
10-Apr-15,1212.00,1219.00,1203.34,1209.40,42054
9-Apr-15,1201.00,1204.50,1195.00,1200.16,18073
8-Apr-15,1202.00,1206.00,1188.00,1191.50,27386
7-Apr-15,1180.00,1200.00,1172.50,1200.00,34115
2-Apr-15,1164.00,1174.00,1160.95,1170.00,18282
1-Apr-15,1162.00,1175.00,1154.50,1171.50,27980
31-Mar-15,1172.00,1175.15,1155.00,1156.50,35879
30-Mar-15,1178.00,1178.60,1165.00,1166.50,19572
27-Mar-15,1172.00,1172.00,1161.55,1167.00,44430
26-Mar-15,1163.00,1169.99,1160.00,1167.00,32937
25-Mar-15,1178.00,1179.00,1169.04,1179.00,31597
24-Mar-15,1173.00,1180.00,1169.75,1175.50,37138
23-Mar-15,1170.00,1178.00,1160.98,1168.31,45063
20-Mar-15,1163.00,1179.00,1162.00,1175.00,56250
19-Mar-15,1160.00,1166.44,1157.00,1162.00,29712
18-Mar-15,1145.00,1159.00,1140.00,1151.50,62589
17-Mar-15,1146.00,1148.00,1133.00,1140.00,62222
16-Mar-15,1145.00,1145.00,1131.00,1134.20,18714
13-Mar-15,1140.00,1146.00,1132.00,1134.00,16410
12-Mar-15,1134.00,1141.76,1130.00,1140.00,9209
11-Mar-15,1151.00,1160.00,1141.00,1152.00,34111
10-Mar-15,1164.00,1169.49,1147.25,1158.00,56222
9-Mar-15,1168.00,1172.00,1161.00,1164.00,13562
6-Mar-15,1178.00,1180.00,1170.03,1173.20,19644
5-Mar-15,1175.00,1181.00,1166.00,1181.00,11273
4-Mar-15,1165.00,1174.96,1155.65,1163.00,49243
3-Mar-15,1180.00,1192.00,1168.00,1171.00,30295
2-Mar-15,1183.00,1190.00,1179.00,1180.00,33426
27-Feb-15,1194.00,1194.00,1183.85,1190.00,13172
26-Feb-15,1195.00,1199.00,1186.00,1190.00,39556
25-Feb-15,1198.00,1205.00,1187.68,1195.00,30357
24-Feb-15,1201.00,1201.00,1190.00,1197.00,35509
23-Feb-15,1198.00,1204.25,1189.84,1202.00,8739
20-Feb-15,1198.00,1199.64,1185.77,1199.00,12692
19-Feb-15,1190.00,1202.00,1188.00,1195.00,16034
18-Feb-15,1202.00,1209.00,1192.00,1195.00,14112
17-Feb-15,1194.00,1207.00,1190.00,1196.00,36587
16-Feb-15,1206.00,1208.00,1195.00,1195.02,8859
13-Feb-15,1197.00,1208.00,1190.09,1198.00,40424
12-Feb-15,1190.00,1199.00,1186.00,1194.00,14949
11-Feb-15,1187.00,1196.60,1180.40,1185.00,35543
10-Feb-15,1180.00,1187.45,1165.03,1181.00,53099
9-Feb-15,1172.00,1177.00,1163.00,1173.00,18825
6-Feb-15,1180.00,1182.00,1170.14,1177.00,8408
5-Feb-15,1174.00,1184.00,1170.00,1170.03,13767
4-Feb-15,1182.00,1186.55,1172.00,1175.00,15669
3-Feb-15,1175.00,1188.00,1172.43,1186.00,27555
2-Feb-15,1181.00,1182.00,1166.00,1173.00,23887
30-Jan-15,1183.00,1188.83,1172.18,1176.00,7983
29-Jan-15,1176.00,1185.00,1171.00,1176.25,16405
28-Jan-15,1181.00,1188.00,1172.20,1179.70,8628
27-Jan-15,1204.00,1204.00,1176.00,1185.00,20239
26-Jan-15,1189.00,1197.00,1175.70,1195.20,33800
23-Jan-15,1190.00,1196.00,1178.00,1190.00,40764
22-Jan-15,1181.00,1192.00,1175.00,1185.00,136143
21-Jan-15,1184.00,1189.00,1176.00,1183.00,55626
20-Jan-15,1191.00,1191.00,1172.31,1172.31,29046
19-Jan-15,1185.00,1191.00,1176.00,1177.00,30443
16-Jan-15,1179.00,1182.00,1164.44,1178.00,69816
15-Jan-15,1181.00,1185.00,1147.55,1169.67,76588
14-Jan-15,1173.00,1177.50,1153.50,1171.50,22082
13-Jan-15,1179.00,1190.00,1166.44,1188.00,10304
12-Jan-15,1182.00,1192.00,1171.33,1172.26,29578
9-Jan-15,1190.00,1195.10,1175.78,1186.00,9113
8-Jan-15,1177.00,1196.00,1176.00,1195.00,55410
7-Jan-15,1168.00,1177.34,1162.00,1173.26,27258
6-Jan-15,1175.00,1177.00,1148.51,1160.00,49310
5-Jan-15,1185.00,1196.55,1170.00,1174.00,17529
31-Dec-14,1197.00,1198.00,1188.25,1191.00,18476
30-Dec-14,1190.00,1197.75,1181.25,1188.00,8019
29-Dec-14,1200.00,1206.25,1192.52,1198.00,13317
24-Dec-14,1203.00,1208.00,1193.00,1193.00,16986
23-Dec-14,1197.00,1204.00,1194.32,1202.00,12765
22-Dec-14,1196.00,1199.28,1186.00,1188.00,9077
19-Dec-14,1191.00,1196.00,1176.00,1182.40,90773
18-Dec-14,1165.00,1179.00,1165.00,1173.00,39215
17-Dec-14,1150.00,1163.00,1148.56,1149.00,78801
16-Dec-14,1145.00,1168.00,1133.00,1161.00,42686
15-Dec-14,1165.00,1170.00,1138.00,1138.00,11832
12-Dec-14,1172.00,1185.00,1155.01,1156.00,28307
11-Dec-14,1186.00,1195.00,1175.00,1186.00,26446
10-Dec-14,1206.00,1206.20,1179.00,1191.02,33309
9-Dec-14,1209.00,1210.00,1194.00,1195.00,13064
8-Dec-14,1228.00,1228.00,1217.14,1219.95,27696
5-Dec-14,1220.00,1229.00,1215.35,1228.00,14412
4-Dec-14,1220.00,1220.00,1210.00,1216.29,16636
3-Dec-14,1220.00,1224.00,1214.00,1218.00,10611
2-Dec-14,1206.00,1220.00,1200.85,1219.00,16821
1-Dec-14,1214.00,1215.00,1201.00,1203.50,10341
28-Nov-14,1212.00,1220.00,1204.00,1209.00,19876
27-Nov-14,1219.00,1220.00,1212.13,1212.13,12092
26-Nov-14,1220.00,1225.00,1211.00,1212.00,27233
25-Nov-14,1206.00,1219.00,1206.00,1214.55,5593
24-Nov-14,1212.00,1220.00,1212.00,1212.00,9897
21-Nov-14,1202.00,1224.00,1202.00,1214.00,23476
20-Nov-14,1208.00,1211.80,1197.92,1202.00,2778
19-Nov-14,1214.00,1214.00,1202.00,1209.00,8547
18-Nov-14,1208.00,1216.94,1200.52,1205.66,24895
17-Nov-14,1190.00,1210.00,1190.00,1209.00,35255
14-Nov-14,1205.00,1205.00,1191.40,1200.00,15667
13-Nov-14,1202.00,1210.00,1195.26,1200.00,22390
12-Nov-14,1197.00,1200.84,1190.96,1195.00,15354
11-Nov-14,1202.00,1210.00,1194.03,1195.00,22457
10-Nov-14,1191.00,1202.00,1187.99,1196.00,22229
7-Nov-14,1197.00,1202.00,1180.00,1183.00,29769
6-Nov-14,1184.00,1192.86,1180.88,1187.00,41414
5-Nov-14,1181.00,1196.40,1176.00,1183.14,25542
4-Nov-14,1177.00,1179.00,1164.00,1164.79,17728
3-Nov-14,1191.00,1193.74,1174.52,1177.00,11538
31-Oct-14,1186.00,1198.00,1184.00,1191.46,75140
30-Oct-14,1186.00,1189.00,1163.00,1177.00,104382
29-Oct-14,1180.00,1188.00,1176.00,1178.76,22690
28-Oct-14,1177.00,1178.00,1168.44,1174.50,17493
27-Oct-14,1178.00,1181.00,1160.90,1165.00,29957
24-Oct-14,1162.00,1178.00,1162.00,1166.00,11365
23-Oct-14,1167.00,1173.00,1151.00,1160.13,44768
22-Oct-14,1164.00,1169.00,1155.15,1167.76,17310
21-Oct-14,1137.00,1160.00,1133.50,1157.00,19048
20-Oct-14,1152.00,1152.00,1131.00,1139.25,25722
17-Oct-14,1129.00,1155.00,1127.63,1155.00,57436
16-Oct-14,1151.00,1152.35,1098.25,1127.00,77596
15-Oct-14,1165.00,1165.00,1128.00,1136.22,29270
14-Oct-14,1151.00,1166.00,1141.00,1160.00,23283
13-Oct-14,1148.00,1164.16,1143.50,1157.28,44760
10-Oct-14,1165.00,1166.00,1150.00,1159.80,52582
9-Oct-14,1191.00,1195.50,1173.00,1187.00,28076
8-Oct-14,1180.00,1188.24,1172.00,1183.00,12912
7-Oct-14,1199.00,1199.00,1181.55,1191.00,9707
6-Oct-14,1194.00,1204.74,1193.24,1200.00,5252
3-Oct-14,1190.00,1200.60,1183.52,1191.00,33504
2-Oct-14,1196.00,1197.60,1173.00,1173.00,26883
1-Oct-14,1206.00,1206.46,1190.00,1191.00,29135
30-Sep-14,1213.00,1214.00,1197.00,1211.00,10136
29-Sep-14,1208.00,1217.00,1208.00,1208.00,15020
26-Sep-14,1205.00,1218.00,1204.00,1215.00,10809
25-Sep-14,1220.00,1225.28,1207.00,1212.89,20009
24-Sep-14,1219.00,1223.00,1214.00,1219.00,14378
23-Sep-14,1225.00,1231.90,1212.00,1215.00,37324
22-Sep-14,1241.00,1241.00,1227.00,1230.70,18709
19-Sep-14,1241.00,1252.00,1232.00,1245.00,105598
18-Sep-14,1222.00,1231.00,1213.00,1228.00,21681
17-Sep-14,1220.00,1227.00,1216.00,1220.00,16511
16-Sep-14,1215.00,1225.00,1207.83,1207.83,19391
15-Sep-14,1209.00,1225.00,1208.00,1216.00,18880
12-Sep-14,1223.00,1228.00,1216.00,1220.00,20721
11-Sep-14,1223.00,1227.00,1213.00,1214.00,15371
10-Sep-14,1224.00,1226.00,1212.00,1214.00,42389
9-Sep-14,1236.00,1250.00,1232.00,1234.55,13902
8-Sep-14,1247.00,1250.00,1234.00,1237.00,20419
5-Sep-14,1262.00,1267.05,1247.00,1253.00,10451
4-Sep-14,1268.00,1274.00,1258.00,1268.00,13950
3-Sep-14,1265.00,1271.00,1257.32,1262.00,15415
2-Sep-14,1256.00,1264.60,1252.00,1263.00,6861
1-Sep-14,1250.00,1258.00,1248.00,1258.00,5797
29-Aug-14,1255.00,1258.65,1245.00,1248.44,7940
28-Aug-14,1249.00,1255.53,1245.00,1251.60,5294
27-Aug-14,1250.00,1258.00,1248.72,1253.00,6190
26-Aug-14,1249.00,1256.00,1241.00,1255.00,5172
22-Aug-14,1231.00,1243.00,1231.00,1240.00,3143
21-Aug-14,1235.00,1239.00,1229.00,1238.00,6854
20-Aug-14,1236.00,1238.60,1230.00,1233.20,12859
19-Aug-14,1238.00,1241.00,1232.00,1240.00,2796
18-Aug-14,1239.00,1243.00,1232.00,1236.00,14515
15-Aug-14,1230.00,1239.00,1223.00,1225.55,25089
14-Aug-14,1220.00,1230.00,1213.00,1229.00,15390
13-Aug-14,1220.00,1223.00,1210.04,1217.96,16161
12-Aug-14,1217.00,1217.00,1206.00,1212.20,8035
11-Aug-14,1196.00,1218.00,1196.00,1214.60,28602
8-Aug-14,1188.00,1200.00,1183.59,1199.50,44840
7-Aug-14,1199.00,1210.40,1190.00,1190.00,14121
6-Aug-14,1209.00,1216.00,1193.00,1208.56,29566
5-Aug-14,1209.00,1224.00,1209.00,1209.00,10039
4-Aug-14,1214.00,1218.95,1207.00,1207.00,12076
1-Aug-14,1216.00,1216.50,1199.99,1215.00,28318
31-Jul-14,1222.00,1228.01,1212.67,1214.00,2260
30-Jul-14,1232.00,1235.20,1218.00,1223.80,15948
29-Jul-14,1215.00,1236.00,1215.00,1227.00,6662
28-Jul-14,1230.00,1231.00,1216.00,1223.50,10993
25-Jul-14,1230.00,1233.00,1224.00,1225.00,2980
24-Jul-14,1231.00,1237.00,1223.33,1234.00,10722
23-Jul-14,1238.00,1240.00,1230.00,1232.00,8226
22-Jul-14,1218.00,1245.00,1218.00,1244.10,16826
21-Jul-14,1219.00,1227.10,1216.00,1217.20,4388
18-Jul-14,1210.00,1229.00,1210.00,1229.00,20534
17-Jul-14,1218.00,1227.00,1214.55,1219.00,11422
16-Jul-14,1226.00,1233.43,1221.40,1223.50,10220
15-Jul-14,1233.00,1237.67,1220.00,1222.00,22963
14-Jul-14,1236.00,1237.50,1229.00,1235.00,7267
11-Jul-14,1234.00,1236.00,1219.00,1220.00,16566
10-Jul-14,1241.00,1242.00,1214.00,1229.00,23805
9-Jul-14,1237.00,1244.12,1230.00,1233.00,7875
8-Jul-14,1259.00,1259.00,1239.00,1245.00,18019
7-Jul-14,1264.00,1264.00,1249.00,1261.17,17143
4-Jul-14,1261.00,1263.00,1253.51,1261.00,5669
3-Jul-14,1249.00,1261.00,1248.00,1251.00,9353
2-Jul-14,1249.00,1252.60,1244.57,1247.00,10720
1-Jul-14,1233.00,1246.00,1233.00,1246.00,13020
30-Jun-14,1242.00,1243.00,1235.60,1243.00,5373
27-Jun-14,1236.00,1239.00,1227.51,1238.49,3781
26-Jun-14,1230.00,1237.00,1223.60,1234.00,19115
25-Jun-14,1230.00,1238.89,1221.00,1231.00,15487
24-Jun-14,1241.00,1244.13,1230.00,1234.49,34645
23-Jun-14,1240.00,1248.00,1238.00,1240.80,5654
20-Jun-14,1244.00,1257.00,1244.00,1248.00,34455
19-Jun-14,1246.00,1251.00,1242.00,1246.00,14291
18-Jun-14,1235.00,1240.00,1231.00,1237.00,23795
17-Jun-14,1242.00,1242.89,1225.00,1240.00,29106
16-Jun-14,1245.00,1245.00,1234.00,1234.00,22139
13-Jun-14,1247.00,1253.49,1234.00,1239.00,16003
12-Jun-14,1249.00,1258.00,1248.00,1258.00,3517
11-Jun-14,1249.00,1257.00,1248.42,1249.00,2908
10-Jun-14,1249.00,1258.00,1249.00,1258.00,8365
9-Jun-14,1256.00,1259.89,1250.00,1255.49,6609
6-Jun-14,1241.00,1258.00,1240.68,1258.00,21026
5-Jun-14,1242.00,1249.00,1238.00,1246.00,10565
4-Jun-14,1244.00,1248.49,1240.00,1244.00,2723
3-Jun-14,1250.00,1253.00,1242.00,1243.00,8736
2-Jun-14,1252.00,1259.20,1249.00,1254.00,5819
30-May-14,1253.00,1259.00,1249.00,1252.00,7870
29-May-14,1242.00,1258.00,1240.00,1248.50,12720
28-May-14,1246.00,1247.00,1241.50,1243.00,6456
27-May-14,1239.00,1246.14,1234.80,1241.00,12906
23-May-14,1233.00,1243.99,1230.00,1240.00,6248
22-May-14,1230.00,1244.00,1230.00,1242.00,10264
21-May-14,1227.00,1239.00,1224.61,1229.00,24309
20-May-14,1233.00,1236.00,1222.00,1223.00,47639
19-May-14,1235.00,1235.00,1223.00,1228.00,26599
16-May-14,1241.00,1241.00,1226.00,1232.00,21486
15-May-14,1247.00,1247.00,1224.00,1241.00,22128
14-May-14,1239.00,1247.00,1238.00,1242.10,7545
13-May-14,1239.00,1244.45,1239.00,1244.00,26302
12-May-14,1237.00,1239.00,1226.00,1230.00,22508
9-May-14,1230.00,1240.89,1223.00,1225.00,45561
8-May-14,1234.00,1241.00,1232.11,1239.00,21955
7-May-14,1226.00,1234.00,1224.00,1234.00,7991
6-May-14,1236.00,1240.00,1227.61,1231.50,9456
2-May-14,1234.00,1245.00,1234.00,1236.00,12370
1-May-14,1236.00,1241.00,1232.00,1241.00,9485
30-Apr-14,1236.00,1242.00,1224.00,1238.00,21439
29-Apr-14,1234.00,1244.00,1233.75,1243.50,17891
28-Apr-14,1226.00,1236.89,1223.25,1227.00,12158
25-Apr-14,1225.00,1233.00,1217.00,1223.00,22532
24-Apr-14,1227.00,1241.53,1223.00,1233.00,26021
23-Apr-14,1235.00,1242.00,1223.00,1233.00,4303
22-Apr-14,1231.00,1242.00,1231.00,1238.89,10200
17-Apr-14,1222.00,1225.00,1213.00,1213.00,1075
16-Apr-14,1221.00,1227.10,1218.00,1221.00,9753
15-Apr-14,1208.00,1218.00,1204.00,1216.00,17326
14-Apr-14,1200.00,1210.00,1195.00,1210.00,23424
11-Apr-14,1208.00,1215.79,1205.00,1215.00,22750
10-Apr-14,1235.00,1236.00,1224.40,1227.00,5047
9-Apr-14,1212.00,1229.00,1212.00,1221.81,19422
8-Apr-14,1215.00,1217.39,1196.56,1213.00,18258
7-Apr-14,1225.00,1228.77,1206.00,1214.89,26707
4-Apr-14,1219.00,1239.00,1215.43,1225.00,26281
3-Apr-14,1223.00,1227.92,1209.00,1222.00,28389
2-Apr-14,1231.00,1238.30,1224.00,1230.33,51770
1-Apr-14,1222.00,1237.00,1214.55,1236.00,25228
31-Mar-14,1229.00,1229.00,1210.00,1219.00,14909
28-Mar-14,1216.00,1221.89,1211.00,1220.00,14084
27-Mar-14,1218.00,1219.33,1206.43,1214.31,12324
26-Mar-14,1227.00,1233.00,1219.00,1224.50,13073
25-Mar-14,1214.00,1230.83,1210.16,1227.17,14753
24-Mar-14,1225.00,1225.00,1210.00,1211.00,25015
21-Mar-14,1215.00,1226.49,1211.00,1213.00,34531
20-Mar-14,1220.00,1225.00,1210.00,1224.00,13673
19-Mar-14,1230.00,1236.71,1221.80,1236.71,23599
18-Mar-14,1222.00,1230.00,1222.00,1227.00,21578
17-Mar-14,1224.00,1234.00,1223.00,1228.11,21638
14-Mar-14,1214.00,1226.00,1214.00,1216.00,9166
13-Mar-14,1253.00,1253.00,1223.00,1237.00,15677
12-Mar-14,1250.00,1250.00,1238.00,1248.40,13007
11-Mar-14,1272.00,1279.00,1266.00,1271.00,8506
10-Mar-14,1273.00,1277.00,1260.00,1260.00,18124
7-Mar-14,1275.00,1279.00,1264.00,1265.00,16181
6-Mar-14,1278.00,1279.00,1271.00,1274.00,16123
5-Mar-14,1280.00,1280.00,1270.00,1270.00,6015
4-Mar-14,1266.00,1287.00,1263.00,1285.00,27735
3-Mar-14,1266.00,1266.00,1248.00,1256.11,22469
28-Feb-14,1278.00,1287.00,1273.00,1280.00,8555
27-Feb-14,1266.00,1285.00,1266.00,1278.00,13368
26-Feb-14,1274.00,1279.00,1270.00,1276.00,14949
25-Feb-14,1275.00,1284.00,1274.00,1275.00,35866
24-Feb-14,1274.00,1285.00,1269.00,1278.49,29314
21-Feb-14,1278.00,1283.00,1274.00,1274.00,19558
20-Feb-14,1250.00,1275.00,1250.00,1275.00,20038
19-Feb-14,1258.00,1276.00,1256.00,1276.00,23203
18-Feb-14,1253.00,1266.00,1251.00,1265.00,11749
17-Feb-14,1247.00,1258.00,1245.00,1252.70,19332
14-Feb-14,1244.00,1249.00,1240.00,1248.00,8321
13-Feb-14,1238.00,1244.00,1232.00,1241.50,18096
12-Feb-14,1234.00,1247.00,1234.00,1246.00,7377
11-Feb-14,1226.00,1241.00,1226.00,1239.00,7825
10-Feb-14,1225.00,1232.00,1223.00,1229.00,2322
7-Feb-14,1225.00,1236.00,1224.00,1232.00,8525
6-Feb-14,1216.00,1230.00,1210.00,1230.00,14175
5-Feb-14,1201.00,1215.00,1200.00,1214.00,18993
4-Feb-14,1197.00,1215.00,1197.00,1215.00,16003
3-Feb-14,1205.00,1221.00,1205.00,1213.75,29543
31-Jan-14,1227.00,1227.00,1200.00,1216.00,37760
30-Jan-14,1215.00,1227.00,1211.00,1217.00,28439
29-Jan-14,1235.00,1241.00,1206.00,1216.00,31279
28-Jan-14,1221.00,1231.00,1217.00,1224.60,18112
27-Jan-14,1230.00,1231.00,1211.00,1214.00,37880
24-Jan-14,1249.00,1254.00,1231.00,1233.00,16845
23-Jan-14,1253.00,1262.00,1245.00,1248.00,13895
22-Jan-14,1253.00,1264.00,1253.00,1259.11,8038
21-Jan-14,1267.00,1272.00,1254.00,1254.00,10858
20-Jan-14,1265.00,1267.00,1259.00,1261.00,4443
17-Jan-14,1269.00,1269.00,1256.00,1257.11,11391
16-Jan-14,1263.00,1269.00,1256.00,1268.00,19269
15-Jan-14,1260.00,1265.00,1256.00,1264.00,8067
14-Jan-14,1256.00,1257.00,1247.00,1257.00,17501
13-Jan-14,1259.00,1264.00,1254.00,1263.00,15716
10-Jan-14,1240.00,1261.00,1240.00,1256.25,26931
9-Jan-14,1247.00,1256.00,1237.00,1242.00,20304
8-Jan-14,1256.00,1256.00,1247.00,1254.00,13389
7-Jan-14,1245.00,1262.00,1245.00,1258.12,25092
6-Jan-14,1249.00,1254.00,1240.00,1240.00,23206
3-Jan-14,1249.00,1254.00,1245.00,1256.79,12321
2-Jan-14,1245.00,1251.00,1244.00,1244.06,7953
31-Dec-13,1246.00,1246.00,1246.00,1246.00,2400
30-Dec-13,1243.00,1250.00,1241.00,1241.00,2822
27-Dec-13,1236.00,1250.00,1236.00,1250.00,8390
24-Dec-13,1240.00,1244.00,1237.00,1241.44,1343
23-Dec-13,1229.00,1240.00,1226.00,1240.00,5113
20-Dec-13,1224.00,1230.00,1222.00,1229.00,59669
19-Dec-13,1227.00,1231.00,1217.00,1226.00,13663
18-Dec-13,1206.00,1219.00,1206.00,1214.00,23279
17-Dec-13,1208.00,1218.00,1208.00,1218.00,53007
16-Dec-13,1209.00,1218.00,1198.00,1216.00,40154
13-Dec-13,1208.00,1212.00,1204.00,1210.00,20064
12-Dec-13,1203.00,1208.00,1197.00,1201.00,11248
11-Dec-13,1211.00,1211.00,1203.00,1209.00,16106
10-Dec-13,1210.00,1215.00,1204.00,1204.50,16047
9-Dec-13,1214.00,1221.00,1206.00,1211.00,14730
6-Dec-13,1208.00,1210.00,1200.00,1205.00,17303
5-Dec-13,1198.00,1206.00,1195.00,1203.00,17804
4-Dec-13,1209.00,1211.00,1197.00,1211.00,25012
3-Dec-13,1215.00,1215.00,1202.00,1206.00,35253
2-Dec-13,1233.00,1233.00,1212.00,1212.00,20613
29-Nov-13,1228.00,1233.00,1223.00,1230.00,19848
28-Nov-13,1228.00,1234.00,1228.00,1232.00,12050
27-Nov-13,1230.00,1234.00,1226.00,1232.00,7986
26-Nov-13,1229.00,1230.00,1221.00,1224.00,14182
25-Nov-13,1239.00,1240.00,1231.00,1237.00,2761
22-Nov-13,1228.00,1228.00,1222.00,1223.00,16969
21-Nov-13,1230.00,1236.00,1224.00,1233.30,14501
20-Nov-13,1233.00,1235.00,1225.00,1237.00,17365
19-Nov-13,1237.00,1237.00,1226.00,1231.00,14716
18-Nov-13,1235.00,1250.00,1235.00,1241.00,27524
15-Nov-13,1221.00,1235.00,1221.00,1229.51,11470
14-Nov-13,1234.00,1234.00,1217.00,1222.00,7697
13-Nov-13,1218.00,1223.00,1207.00,1213.00,34555
12-Nov-13,1224.00,1227.00,1217.00,1217.00,20814
11-Nov-13,1220.00,1228.00,1220.00,1224.00,2628
8-Nov-13,1207.00,1217.00,1207.00,1212.00,10530
7-Nov-13,1222.00,1232.00,1216.00,1217.00,22850
6-Nov-13,1225.00,1226.00,1223.00,1224.89,5921
5-Nov-13,1220.00,1225.00,1215.00,1219.00,12776
4-Nov-13,1232.00,1234.00,1226.00,1226.00,12518
1-Nov-13,1223.00,1229.00,1223.00,1224.00,34998
31-Oct-13,1230.00,1234.00,1217.00,1223.75,12301
30-Oct-13,1239.00,1249.00,1233.00,1235.00,10069
29-Oct-13,1223.00,1241.00,1223.00,1241.68,22006
28-Oct-13,1219.00,1226.00,1219.00,1226.30,13116
25-Oct-13,1223.00,1228.00,1219.00,1223.00,7760
24-Oct-13,1227.00,1231.00,1218.00,1225.80,12407
23-Oct-13,1225.00,1227.00,1216.00,1215.96,13199
22-Oct-13,1226.00,1237.00,1221.00,1227.00,22700
21-Oct-13,1220.00,1227.00,1217.00,1225.00,15634
18-Oct-13,1216.00,1219.00,1210.00,1215.71,10647
17-Oct-13,1208.00,1208.00,1191.00,1208.00,31104
16-Oct-13,1199.00,1207.00,1184.00,1200.02,61592
15-Oct-13,1203.00,1206.00,1191.00,1198.00,22096
14-Oct-13,1194.00,1199.00,1186.00,1197.00,25214
11-Oct-13,1188.00,1193.00,1181.00,1192.70,10938
10-Oct-13,1170.00,1185.00,1170.00,1180.00,22015
9-Oct-13,1165.00,1169.00,1156.00,1160.00,77659
8-Oct-13,1176.00,1180.00,1161.00,1164.50,33236
7-Oct-13,1170.00,1182.00,1170.00,1179.11,7227
4-Oct-13,1189.00,1190.00,1170.00,1180.00,28686
3-Oct-13,1178.00,1188.00,1172.00,1176.00,15151
2-Oct-13,1181.00,1185.00,1168.00,1179.50,17044
1-Oct-13,1175.00,1182.00,1173.00,1180.00,10476
30-Sep-13,1173.00,1184.00,1173.00,1184.00,30743
27-Sep-13,1200.00,1202.00,1178.00,1196.40,9439
26-Sep-13,1194.00,1200.00,1189.00,1195.00,21140
25-Sep-13,1202.00,1202.00,1193.00,1194.00,10696
24-Sep-13,1180.00,1203.00,1180.00,1194.00,26619
20-Sep-13,1200.00,1203.00,1182.00,1182.00,64971
19-Sep-13,1218.00,1218.00,1195.00,1219.75,37964
18-Sep-13,1194.00,1198.00,1190.00,1207.00,36336
17-Sep-13,1201.00,1208.00,1190.00,1207.00,37023
16-Sep-13,1210.00,1219.00,1206.00,1209.40,73346
13-Sep-13,1197.00,1205.00,1197.00,1200.00,7369
12-Sep-13,1202.00,1204.00,1194.00,1221.00,4007
11-Sep-13,1204.00,1204.00,1190.00,1191.00,46850
10-Sep-13,1209.00,1222.00,1209.00,1216.11,6343
9-Sep-13,1207.00,1208.00,1198.00,1205.30,8090
6-Sep-13,1195.00,1211.00,1191.00,1198.00,22844
5-Sep-13,1209.00,1211.00,1197.00,1197.00,6407
4-Sep-13,1198.00,1199.00,1182.00,1198.00,9620
3-Sep-13,1207.00,1207.00,1186.00,1192.89,18333
2-Sep-13,1182.00,1205.00,1182.00,1196.00,14301
30-Aug-13,1194.00,1194.00,1177.00,1172.00,7119
29-Aug-13,1194.00,1194.00,1179.00,1186.00,22491
28-Aug-13,1188.00,1188.00,1166.00,1180.50,57307
27-Aug-13,1209.00,1209.00,1181.00,1197.00,17082
23-Aug-13,1197.00,1204.00,1194.00,1198.00,9456
22-Aug-13,1176.00,1194.00,1176.00,1179.80,11437
21-Aug-13,1172.00,1174.00,1166.00,1172.00,10924
20-Aug-13,1176.00,1179.00,1168.00,1179.00,6583
19-Aug-13,1180.00,1187.00,1174.00,1177.00,8756
16-Aug-13,1180.00,1193.00,1178.00,1188.00,9142
15-Aug-13,1196.00,1196.00,1177.00,1177.00,19138
14-Aug-13,1201.00,1213.00,1201.00,1203.00,6754
13-Aug-13,1204.00,1212.00,1202.00,1202.00,4300
12-Aug-13,1215.00,1215.00,1198.00,1195.00,13198
9-Aug-13,1205.00,1207.00,1191.00,1192.50,16649
8-Aug-13,1191.00,1196.00,1189.00,1199.50,13379
7-Aug-13,1198.00,1205.00,1185.00,1191.00,4860
6-Aug-13,1206.00,1213.00,1204.00,1205.00,6164
5-Aug-13,1221.00,1223.00,1203.00,1207.00,15578
2-Aug-13,1233.00,1234.00,1217.00,1221.00,15028
1-Aug-13,1220.00,1232.00,1219.00,1225.14,2599
31-Jul-13,1209.00,1220.00,1209.00,1213.00,8693
30-Jul-13,1209.00,1213.00,1204.00,1208.00,2918
29-Jul-13,1206.00,1213.00,1199.00,1204.00,5793
26-Jul-13,1209.00,1209.00,1198.00,1207.00,7225
25-Jul-13,1209.00,1209.00,1195.00,1201.00,16002
24-Jul-13,1214.00,1218.00,1205.00,1212.00,14419
23-Jul-13,1214.00,1217.00,1208.00,1210.40,5360
22-Jul-13,1199.00,1215.00,1199.00,1207.00,8867
19-Jul-13,1206.00,1206.00,1197.00,1203.00,4902
18-Jul-13,1200.00,1214.00,1198.16,1212.00,31017
17-Jul-13,1199.00,1205.00,1194.51,1205.00,28711
16-Jul-13,1200.00,1207.00,1199.00,1200.00,8672
15-Jul-13,1195.00,1211.00,1195.00,1200.00,3640
12-Jul-13,1200.00,1240.00,1187.00,1187.00,44243
11-Jul-13,1212.00,1223.00,1189.00,1189.00,11279
10-Jul-13,1187.00,1203.89,1187.00,1198.00,6781
9-Jul-13,1205.00,1205.00,1194.00,1202.00,25410
8-Jul-13,1189.00,1198.00,1183.21,1198.00,20913
5-Jul-13,1195.00,1199.89,1170.00,1181.00,31182
4-Jul-13,1146.00,1188.00,1145.00,1188.00,44046
3-Jul-13,1143.00,1152.89,1130.00,1150.00,23852
2-Jul-13,1156.00,1162.00,1146.00,1162.00,17955
1-Jul-13,1145.00,1165.00,1141.00,1164.00,13664
28-Jun-13,1146.00,1151.00,1132.00,1142.00,19166
27-Jun-13,1125.00,1150.00,1124.40,1139.00,9537
26-Jun-13,1118.00,1142.00,1114.00,1136.00,23823
25-Jun-13,1113.00,1120.40,1109.00,1109.00,30794
24-Jun-13,1127.00,1133.40,1102.00,1110.00,11330
21-Jun-13,1137.00,1144.30,1122.44,1131.00,40965
20-Jun-13,1145.00,1154.00,1126.00,1126.00,12931
19-Jun-13,1155.00,1163.06,1150.80,1162.00,29777
18-Jun-13,1158.00,1172.00,1156.00,1162.00,16659
17-Jun-13,1165.00,1171.99,1157.00,1157.00,13192
14-Jun-13,1147.00,1164.99,1145.76,1159.00,45339
13-Jun-13,1119.00,1148.89,1119.00,1147.00,35874
12-Jun-13,1142.00,1152.00,1132.00,1132.00,38911
11-Jun-13,1138.00,1145.00,1126.00,1143.00,22404
10-Jun-13,1148.00,1152.67,1147.00,1151.00,22107
7-Jun-13,1120.00,1144.99,1120.00,1140.00,44718
6-Jun-13,1137.00,1138.00,1117.00,1117.00,12550
5-Jun-13,1144.00,1153.00,1132.00,1132.00,37204
4-Jun-13,1154.00,1159.48,1151.00,1151.00,5427
3-Jun-13,1151.00,1158.84,1145.00,1149.00,12041
31-May-13,1162.00,1167.60,1152.01,1159.00,53623
30-May-13,1174.00,1174.00,1161.00,1170.00,14404
29-May-13,1187.00,1187.00,1168.01,1177.00,20634
28-May-13,1179.00,1196.00,1175.01,1196.00,24071
24-May-13,1182.00,1183.00,1166.00,1166.00,36765
23-May-13,1185.00,1187.00,1170.00,1178.00,41120
22-May-13,1195.00,1214.49,1194.46,1211.00,15451
21-May-13,1187.00,1202.00,1186.46,1198.00,4549
20-May-13,1182.00,1194.00,1182.00,1194.00,39169
17-May-13,1175.00,1182.00,1170.00,1182.00,26060
16-May-13,1173.00,1183.75,1172.00,1172.00,37405
15-May-13,1175.00,1179.00,1171.00,1174.00,9309
14-May-13,1164.00,1178.00,1163.00,1178.00,22803
13-May-13,1160.00,1163.93,1159.00,1160.00,15936
10-May-13,1152.00,1162.00,1152.00,1160.00,17777
9-May-13,1158.00,1161.00,1152.00,1161.00,10974
8-May-13,1153.00,1159.00,1149.01,1155.00,6016
7-May-13,1150.00,1155.00,1147.57,1152.00,7403
3-May-13,1143.00,1155.00,1137.00,1152.00,26882
2-May-13,1135.00,1143.00,1129.00,1143.00,27597
1-May-13,1131.00,1140.00,1128.00,1140.00,17560
30-Apr-13,1146.00,1146.00,1128.50,1133.00,13375
29-Apr-13,1138.00,1143.00,1134.00,1143.00,15493
26-Apr-13,1144.00,1144.00,1130.00,1135.00,10597
25-Apr-13,1146.00,1149.00,1140.00,1140.00,19172
24-Apr-13,1133.00,1148.00,1128.33,1148.00,30820
23-Apr-13,1114.00,1134.00,1109.00,1134.00,58291
22-Apr-13,1110.00,1119.00,1107.00,1114.00,6147
19-Apr-13,1106.00,1110.00,1102.16,1110.00,12090
18-Apr-13,1104.00,1108.00,1098.88,1104.00,30704
17-Apr-13,1109.00,1114.80,1090.00,1090.00,16191
16-Apr-13,1107.00,1110.00,1100.00,1109.00,16530
15-Apr-13,1116.00,1116.00,1101.00,1116.00,24421
12-Apr-13,1113.00,1119.24,1108.00,1116.00,44523
11-Apr-13,1124.00,1126.00,1117.70,1125.00,15134
10-Apr-13,1110.00,1128.00,1102.01,1125.00,37213
9-Apr-13,1104.00,1110.00,1099.01,1108.00,30776
8-Apr-13,1095.00,1099.00,1089.54,1094.00,4762
5-Apr-13,1109.00,1109.00,1077.00,1093.00,45619
4-Apr-13,1118.00,1123.90,1101.00,1105.00,28543
3-Apr-13,1127.00,1128.28,1118.40,1120.00,17499
2-Apr-13,1114.00,1130.44,1113.00,1129.00,10177
28-Mar-13,1115.00,1116.00,1102.01,1105.00,43513
27-Mar-13,1115.00,1115.00,1098.00,1110.00,20534
26-Mar-13,1115.00,1115.00,1103.00,1113.00,37629
25-Mar-13,1112.00,1118.00,1098.19,1104.00,29813
22-Mar-13,1099.00,1114.00,1096.00,1111.00,33924
21-Mar-13,1100.00,1104.00,1091.00,1099.00,14162
20-Mar-13,1112.00,1113.00,1101.25,1106.00,16100
19-Mar-13,1107.00,1111.00,1096.01,1103.00,11642
18-Mar-13,1105.00,1113.79,1090.00,1109.00,72976
15-Mar-13,1116.00,1117.00,1102.01,1116.00,70746
14-Mar-13,1114.00,1119.00,1109.00,1116.00,37607
13-Mar-13,1110.00,1118.00,1102.71,1107.00,9076
12-Mar-13,1128.00,1134.00,1123.80,1134.00,28082
11-Mar-13,1123.00,1132.40,1120.61,1124.00,10382
8-Mar-13,1126.00,1129.00,1120.00,1127.00,7351
7-Mar-13,1120.00,1120.00,1110.80,1119.00,2406
6-Mar-13,1120.00,1120.17,1111.90,1115.00,20097
5-Mar-13,1113.00,1118.00,1107.00,1108.00,18922
4-Mar-13,1106.00,1105.00,1093.00,1100.00,5320
1-Mar-13,1106.00,1112.00,1092.00,1112.00,8145
28-Feb-13,1105.00,1108.50,1099.00,1108.00,18738
27-Feb-13,1090.00,1101.00,1082.00,1101.00,13262
26-Feb-13,1086.00,1090.00,1068.50,1090.00,10838
25-Feb-13,1090.00,1103.00,1086.00,1103.00,17524
22-Feb-13,1085.00,1093.00,1081.49,1093.00,4961
21-Feb-13,1094.00,1104.00,1080.39,1081.00,11428
20-Feb-13,1095.00,1106.00,1092.00,1104.00,29746
19-Feb-13,1087.00,1095.00,1082.00,1095.00,44119
18-Feb-13,1087.00,1087.00,1079.00,1079.00,3133
15-Feb-13,1078.00,1085.00,1077.00,1082.00,9008
14-Feb-13,1091.00,1091.00,1078.00,1079.00,21302
13-Feb-13,1074.00,1092.00,1074.00,1092.00,17486
12-Feb-13,1076.00,1079.00,1070.00,1079.00,7977
11-Feb-13,1073.00,1077.00,1069.33,1076.00,7849
8-Feb-13,1073.00,1075.74,1066.00,1075.00,26457
7-Feb-13,1078.00,1079.00,1065.23,1069.00,9560
6-Feb-13,1075.00,1086.49,1073.00,1073.00,9070
5-Feb-13,1079.00,1083.00,1074.00,1074.00,646
4-Feb-13,1083.00,1090.00,1075.00,1075.00,16993
1-Feb-13,1078.00,1090.00,1073.01,1090.00,4411
31-Jan-13,1078.00,1080.00,1073.00,1078.00,16543
30-Jan-13,1096.00,1096.00,1080.00,1087.00,10687
29-Jan-13,1093.00,1095.00,1085.00,1095.00,9365
28-Jan-13,1085.00,1093.00,1084.00,1093.00,16598
25-Jan-13,1080.00,1085.00,1079.00,1085.00,3117
24-Jan-13,1075.00,1081.10,1067.01,1080.00,21556
23-Jan-13,1075.00,1075.00,1067.00,1075.00,8564
22-Jan-13,1072.00,1076.00,1066.00,1076.00,14285
21-Jan-13,1063.00,1072.00,1057.35,1072.00,11971
18-Jan-13,1046.00,1064.00,1046.00,1064.00,17239
17-Jan-13,1037.00,1050.75,1033.90,1044.00,10900
16-Jan-13,1038.00,1046.00,1034.00,1042.00,12809
15-Jan-13,1043.00,1046.00,1039.00,1039.00,5944
14-Jan-13,1049.50,1051.00,1041.00,1042.00,13131
11-Jan-13,1045.00,1048.30,1038.00,1038.00,13778
10-Jan-13,1042.00,1048.40,1039.12,1042.00,7221
9-Jan-13,1036.00,1042.00,1030.00,1041.00,10839
8-Jan-13,1023.00,1034.00,1021.01,1034.00,10615
7-Jan-13,1031.00,1031.00,1021.60,1029.00,14029
4-Jan-13,1019.00,1030.00,1016.00,1030.00,2515
3-Jan-13,1022.00,1023.00,1015.08,1019.00,8070
2-Jan-13,1018.00,1027.00,1013.50,1023.00,11187
