31-Dec-15,2000.00,2001.00,1964.00,1973.00,82290
30-Dec-15,1998.00,2008.00,1985.00,1989.00,166757
29-Dec-15,1990.00,2008.00,1969.36,1995.07,326759
24-Dec-15,1976.00,1976.00,1960.00,1975.00,50844
23-Dec-15,1954.00,1976.80,1954.00,1962.23,257447
22-Dec-15,1960.00,1962.00,1928.00,1942.00,264347
21-Dec-15,1928.00,1968.00,1923.00,1944.00,527179
18-Dec-15,1932.00,1940.00,1914.00,1927.00,723866
16-Dec-15,1939.00,1964.15,1928.00,1937.74,522227
15-Dec-15,1918.00,1950.00,1912.00,1936.93,527577
14-Dec-15,1955.00,1971.00,1926.00,1964.24,390756
11-Dec-15,1989.00,1989.00,1949.00,1951.00,481208
10-Dec-15,1997.00,2012.00,1985.37,1991.00,273288
9-Dec-15,2010.00,2018.00,1997.00,2008.00,382518
8-Dec-15,2027.00,2033.00,2002.00,2002.00,549977
7-Dec-15,2028.00,2039.00,2016.00,2026.47,342663
4-Dec-15,2005.00,2026.00,1997.00,2013.32,306625
3-Dec-15,2021.00,2053.00,2005.00,2008.00,534299
2-Dec-15,2051.00,2059.28,2024.00,2030.02,536166
1-Dec-15,2047.00,2064.00,2040.00,2046.00,560936
30-Nov-15,2001.00,2034.00,1993.00,2033.00,457678
27-Nov-15,1987.00,2007.00,1980.00,1992.41,246291
26-Nov-15,1980.00,1993.00,1970.00,1988.26,325492
25-Nov-15,1963.00,1990.00,1955.00,1977.00,470106
24-Nov-15,1967.00,1970.00,1935.00,1955.00,426653
23-Nov-15,1966.00,1985.00,1963.00,1978.00,426004
20-Nov-15,1977.00,1988.00,1958.00,1985.67,518275
19-Nov-15,1970.00,1982.00,1959.14,1966.11,630525
18-Nov-15,1926.00,1961.00,1926.00,1951.00,542605
17-Nov-15,1915.00,1947.00,1915.00,1941.00,448397
16-Nov-15,1895.00,1912.00,1884.61,1895.84,602737
13-Nov-15,1920.00,1920.64,1885.00,1900.00,573278
12-Nov-15,1950.00,1954.00,1918.00,1931.45,559185
11-Nov-15,1965.00,1968.85,1944.00,1950.00,720919
10-Nov-15,2002.00,2002.00,1952.74,1962.00,874282
9-Nov-15,1975.00,2009.00,1975.00,1991.00,640087
6-Nov-15,1948.00,1993.00,1937.00,1977.00,565481
5-Nov-15,1951.00,1966.00,1936.00,1948.00,465334
4-Nov-15,1955.00,1964.00,1939.00,1953.00,472391
3-Nov-15,1955.00,1958.00,1938.00,1953.00,462556
2-Nov-15,1907.00,1961.00,1903.00,1947.29,484036
30-Oct-15,1910.00,1932.00,1904.88,1916.00,450042
29-Oct-15,1914.00,1914.00,1897.00,1903.00,462861
28-Oct-15,1882.00,1918.00,1882.00,1906.00,604499
27-Oct-15,1906.00,1919.10,1883.00,1883.00,637735
26-Oct-15,1940.00,1941.00,1899.00,1912.00,564788
23-Oct-15,1874.00,1943.00,1874.00,1939.00,960207
22-Oct-15,1815.00,1898.00,1806.00,1847.49,2366238
21-Oct-15,1943.00,1966.70,1930.00,1951.10,601172
20-Oct-15,1935.00,1947.70,1924.00,1933.73,641677
19-Oct-15,1928.00,1945.00,1924.00,1927.84,453875
16-Oct-15,1935.00,1949.00,1929.00,1936.00,619170
15-Oct-15,1930.00,1947.70,1920.00,1927.00,500567
14-Oct-15,1956.00,1957.50,1918.00,1918.00,509055
13-Oct-15,1965.00,1978.00,1963.00,1965.00,638353
12-Oct-15,1983.00,2000.00,1966.00,1966.08,397269
9-Oct-15,1991.00,2013.00,1979.00,1985.00,419054
8-Oct-15,1960.00,1986.00,1950.00,1982.00,505764
7-Oct-15,2001.00,2009.00,1975.00,1979.78,448682
6-Oct-15,1987.00,2013.00,1981.00,2005.23,384349
5-Oct-15,1984.00,1996.00,1972.00,1983.92,856165
2-Oct-15,1984.00,1998.00,1928.00,1973.69,905871
1-Oct-15,1982.00,2013.00,1976.00,1976.00,644487
30-Sep-15,1958.00,1976.00,1944.00,1966.00,763509
29-Sep-15,1986.00,2007.00,1927.00,1927.00,1054077
28-Sep-15,2021.00,2038.00,2008.00,2016.00,747839
25-Sep-15,2011.00,2026.00,2001.00,2022.24,543801
24-Sep-15,2006.00,2009.00,1981.00,1982.00,603468
23-Sep-15,1982.00,2016.00,1970.00,2000.73,632664
22-Sep-15,2039.00,2039.16,1985.00,1994.93,621738
21-Sep-15,2025.00,2053.00,2021.00,2038.00,486439
18-Sep-15,2049.00,2056.00,2028.00,2035.07,1118237
17-Sep-15,2055.00,2074.00,2048.00,2053.69,506501
16-Sep-15,2043.00,2066.00,2043.00,2055.56,512869
15-Sep-15,2032.00,2041.00,2019.00,2032.00,592194
14-Sep-15,2034.00,2054.00,2026.00,2028.00,504910
11-Sep-15,2031.00,2034.10,2020.00,2027.10,528564
10-Sep-15,2015.00,2048.00,2015.00,2032.32,647668
9-Sep-15,2034.00,2054.00,2019.00,2030.00,674673
8-Sep-15,1990.00,2023.00,1990.00,2006.77,439038
7-Sep-15,1997.00,2009.00,1967.00,1979.63,382012
4-Sep-15,2006.00,2007.00,1980.00,1980.00,557841
3-Sep-15,2030.00,2058.92,2024.00,2029.00,538370
2-Sep-15,2010.00,2030.00,1996.00,2013.00,503014
1-Sep-15,2014.00,2023.00,1981.00,1999.00,712449
28-Aug-15,2017.00,2048.00,2009.00,2023.68,892401
27-Aug-15,2014.00,2029.00,1993.00,2020.00,595292
26-Aug-15,1992.00,2010.00,1971.00,1973.00,519097
25-Aug-15,1953.00,2029.00,1942.00,2006.07,1383190
24-Aug-15,1975.00,1979.00,1896.00,1927.00,1005833
21-Aug-15,2025.00,2051.00,2017.00,2018.00,596334
20-Aug-15,2047.00,2055.00,2027.00,2039.00,641905
19-Aug-15,2096.00,2096.00,2059.00,2059.00,516794
18-Aug-15,2114.00,2126.00,2099.85,2104.95,533198
17-Aug-15,2130.00,2130.00,2107.00,2119.00,616317
14-Aug-15,2097.00,2119.00,2097.00,2119.00,569058
13-Aug-15,2133.00,2141.00,2089.66,2099.09,785860
12-Aug-15,2121.00,2129.00,2103.00,2111.00,790251
11-Aug-15,2120.00,2135.00,2103.00,2132.00,679162
10-Aug-15,2136.00,2138.56,2094.00,2113.63,754482
7-Aug-15,2142.00,2144.34,2107.00,2125.00,540172
6-Aug-15,2154.00,2170.00,2127.34,2168.00,812610
5-Aug-15,2198.00,2202.00,2148.00,2154.79,1108533
4-Aug-15,2220.00,2220.00,2168.00,2217.00,1197144
3-Aug-15,2236.00,2261.00,2227.00,2260.00,579289
31-Jul-15,2204.00,2251.00,2199.00,2247.00,710520
30-Jul-15,2198.00,2211.00,2175.00,2194.00,458325
29-Jul-15,2191.00,2196.00,2173.00,2195.00,511383
28-Jul-15,2186.00,2206.00,2177.00,2184.67,396444
27-Jul-15,2209.00,2222.00,2173.00,2178.00,475771
24-Jul-15,2245.00,2253.11,2119.00,2220.00,478814
23-Jul-15,2263.00,2270.00,2251.00,2256.00,458717
22-Jul-15,2225.00,2252.00,2216.00,2248.00,734529
21-Jul-15,2258.00,2262.00,2233.00,2242.00,335535
20-Jul-15,2237.00,2257.00,2237.00,2254.00,383054
17-Jul-15,2240.00,2247.00,2228.00,2247.00,594723
16-Jul-15,2233.00,2244.00,2223.00,2234.08,520893
15-Jul-15,2173.00,2230.00,2167.00,2224.00,701680
14-Jul-15,2161.00,2168.00,2136.00,2164.00,473295
13-Jul-15,2140.00,2162.00,2138.78,2162.00,502435
10-Jul-15,2117.00,2126.00,2109.00,2120.00,567154
9-Jul-15,2065.00,2106.00,2061.00,2095.00,689654
8-Jul-15,2091.00,2096.00,2054.58,2060.00,607384
7-Jul-15,2121.00,2121.00,2079.00,2080.00,386494
6-Jul-15,2118.00,2131.00,2108.00,2110.00,386502
3-Jul-15,2141.00,2152.14,2129.00,2132.00,291369
2-Jul-15,2158.00,2166.00,2144.00,2145.00,322109
1-Jul-15,2130.00,2153.00,2123.00,2146.00,448731
30-Jun-15,2119.00,2129.00,2102.00,2110.00,565598
29-Jun-15,2112.00,2156.00,2096.00,2139.36,560902
26-Jun-15,2175.00,2180.00,2163.00,2171.00,383274
25-Jun-15,2177.00,2208.00,2173.00,2187.00,471989
24-Jun-15,2210.00,2210.00,2174.00,2184.00,529797
23-Jun-15,2214.00,2225.00,2204.81,2205.00,363283
22-Jun-15,2175.00,2208.00,2162.90,2208.00,437602
19-Jun-15,2150.00,2169.00,2145.82,2149.00,960609
18-Jun-15,2125.00,2143.00,2113.00,2134.43,330688
17-Jun-15,2135.00,2154.00,2127.00,2127.00,423170
16-Jun-15,2132.00,2139.00,2114.00,2130.00,535219
15-Jun-15,2150.00,2158.00,2134.00,2135.00,416195
12-Jun-15,2185.00,2188.00,2162.00,2170.30,382849
11-Jun-15,2183.00,2218.00,2183.00,2191.00,462997
10-Jun-15,2144.00,2192.00,2134.00,2186.00,480666
9-Jun-15,2156.00,2172.00,2141.00,2145.00,393375
8-Jun-15,2147.00,2165.00,2140.00,2156.42,357369
5-Jun-15,2185.00,2185.24,2145.00,2153.00,423066
4-Jun-15,2208.00,2213.00,2181.00,2194.00,411776
3-Jun-15,2214.00,2228.00,2208.00,2219.00,362568
2-Jun-15,2225.00,2235.00,2187.00,2211.00,595156
1-Jun-15,2218.00,2244.00,2208.00,2209.00,474863
29-May-15,2235.00,2257.00,2213.00,2217.00,578526
28-May-15,2216.00,2239.00,2216.00,2238.00,353510
27-May-15,2196.00,2242.00,2196.00,2226.00,598345
26-May-15,2215.00,2217.00,2190.00,2206.83,520617
22-May-15,2198.00,2213.00,2190.00,2208.00,523245
21-May-15,2155.00,2176.44,2150.00,2176.00,409520
20-May-15,2177.00,2181.00,2161.00,2165.00,447339
19-May-15,2175.00,2188.00,2165.64,2173.00,500534
18-May-15,2153.00,2173.00,2148.00,2169.00,348291
15-May-15,2167.00,2179.00,2148.00,2154.00,636733
14-May-15,2144.00,2165.00,2124.00,2162.00,405654
13-May-15,2108.00,2186.15,2105.00,2149.00,536464
12-May-15,2120.00,2132.00,2086.00,2106.00,506954
11-May-15,2139.00,2154.00,2119.00,2130.00,446903
8-May-15,2117.00,2171.00,2114.20,2139.86,779864
7-May-15,2041.00,2071.00,2025.00,2064.00,544097
6-May-15,2040.00,2054.00,2034.00,2052.00,501791
5-May-15,2063.00,2069.00,2047.00,2047.00,725087
1-May-15,2070.00,2084.36,2044.00,2055.00,333715
30-Apr-15,2051.00,2079.00,2045.00,2078.00,944201
29-Apr-15,2066.00,2082.00,2054.00,2076.00,877359
28-Apr-15,2083.00,2094.00,2041.00,2060.00,428522
27-Apr-15,2066.00,2090.22,2049.00,2083.00,418093
24-Apr-15,2050.00,2069.00,2050.00,2060.00,335299
23-Apr-15,2075.00,2089.00,2041.00,2052.00,621998
22-Apr-15,2060.00,2086.00,2044.00,2074.00,925622
21-Apr-15,1994.00,2033.00,1991.32,2019.00,708956
20-Apr-15,1976.00,1996.56,1976.00,1986.00,747423
17-Apr-15,1973.00,1997.00,1963.00,1976.00,645406
16-Apr-15,2003.00,2003.00,1973.00,1980.00,431660
15-Apr-15,1990.00,2002.00,1985.00,1993.17,337737
14-Apr-15,1993.00,2010.00,1986.00,1992.00,268555
13-Apr-15,2002.00,2012.00,1995.00,2003.00,242432
10-Apr-15,2002.00,2013.00,1991.00,2000.16,476083
9-Apr-15,1995.00,2004.00,1982.98,2004.00,343766
8-Apr-15,1995.00,1995.00,1970.00,1985.00,336494
7-Apr-15,1970.00,1994.00,1965.00,1989.00,343295
2-Apr-15,1950.00,1966.00,1936.00,1965.00,339607
1-Apr-15,1941.00,1965.78,1936.00,1958.00,552893
31-Mar-15,1947.00,1988.00,1939.00,1950.00,1095909
30-Mar-15,1941.00,1956.00,1921.34,1940.00,634736
27-Mar-15,1950.00,1963.00,1923.00,1927.00,559517
26-Mar-15,1944.00,1958.00,1937.00,1948.00,862027
25-Mar-15,1970.00,1978.00,1954.00,1958.00,867040
24-Mar-15,1989.00,2000.02,1983.00,1994.96,376704
23-Mar-15,1985.00,1993.00,1979.00,1989.00,439724
20-Mar-15,2006.00,2006.00,1979.00,1984.00,517878
19-Mar-15,1995.00,2006.00,1985.00,1996.00,520522
18-Mar-15,1949.00,1991.00,1949.00,1984.00,545551
17-Mar-15,1942.00,1961.00,1935.00,1950.00,572506
16-Mar-15,1942.00,1951.00,1930.00,1941.64,547634
13-Mar-15,1945.00,1953.00,1927.00,1938.43,722322
12-Mar-15,1960.00,1978.00,1946.00,1967.00,482242
11-Mar-15,1955.00,1969.64,1939.00,1956.00,509210
10-Mar-15,1970.00,1995.01,1944.00,1946.00,544943
9-Mar-15,1997.00,2008.00,1965.36,1969.00,438006
6-Mar-15,2000.00,2018.00,2000.00,2010.00,588511
5-Mar-15,1978.00,2009.00,1972.00,2000.71,502504
4-Mar-15,1937.00,1977.00,1920.00,1975.00,730621
3-Mar-15,2020.00,2029.00,1942.00,1944.00,887476
2-Mar-15,2007.00,2043.00,2005.00,2025.00,582728
27-Feb-15,2011.00,2024.00,2007.00,2016.00,373643
26-Feb-15,2000.00,2021.00,1977.00,1999.94,409436
25-Feb-15,1996.00,2007.00,1992.00,2005.00,294836
24-Feb-15,2032.00,2038.00,1981.00,1998.00,520324
23-Feb-15,2020.00,2045.00,2003.16,2032.00,388000
20-Feb-15,2011.00,2019.00,2004.00,2016.00,480097
19-Feb-15,1996.00,2021.00,1990.00,2012.00,378891
18-Feb-15,1979.00,2005.00,1979.00,2003.00,426531
17-Feb-15,1963.00,1985.00,1948.30,1984.00,382752
16-Feb-15,1977.00,1986.00,1967.00,1978.00,233699
13-Feb-15,1991.00,2005.00,1975.00,1980.00,415648
12-Feb-15,1970.00,2001.60,1970.00,1991.00,498596
11-Feb-15,1960.00,1982.00,1960.00,1981.00,284428
10-Feb-15,1942.00,1970.00,1942.00,1967.00,454066
9-Feb-15,1957.00,1959.74,1933.00,1940.00,366300
6-Feb-15,1947.00,1976.00,1941.00,1964.00,437595
5-Feb-15,1941.00,1956.00,1933.20,1954.00,336276
4-Feb-15,1967.00,1970.28,1936.00,1943.36,631907
3-Feb-15,1917.00,1976.00,1917.00,1972.00,606879
2-Feb-15,1925.00,1936.00,1906.00,1915.00,500414
30-Jan-15,1936.00,1955.00,1917.00,1922.00,633987
29-Jan-15,1927.00,1936.00,1914.00,1933.00,486356
28-Jan-15,1916.00,1933.00,1895.00,1933.00,480161
27-Jan-15,1939.00,1943.00,1905.00,1908.00,411341
26-Jan-15,1932.00,1957.00,1921.00,1935.00,396432
23-Jan-15,1915.00,1933.00,1910.00,1933.00,463332
22-Jan-15,1877.00,1909.00,1870.08,1907.00,637129
21-Jan-15,1854.00,1872.00,1843.00,1872.00,493686
20-Jan-15,1862.00,1874.00,1850.23,1855.00,550379
19-Jan-15,1808.00,1853.36,1808.00,1852.00,601957
16-Jan-15,1766.00,1787.00,1752.00,1784.00,536592
15-Jan-15,1784.00,1801.00,1751.00,1781.00,670571
14-Jan-15,1801.00,1805.00,1757.00,1774.00,647910
13-Jan-15,1794.00,1831.00,1793.00,1821.00,583876
12-Jan-15,1785.00,1808.00,1780.00,1801.14,593505
9-Jan-15,1813.00,1817.20,1777.00,1796.62,577003
8-Jan-15,1795.00,1846.00,1795.00,1813.00,588380
7-Jan-15,1780.00,1800.75,1767.00,1788.81,495326
6-Jan-15,1807.00,1810.00,1753.00,1767.00,508600
5-Jan-15,1833.00,1869.00,1807.00,1812.00,521352
31-Dec-14,1844.00,1857.00,1832.00,1857.00,96658
30-Dec-14,1830.00,1842.00,1827.00,1842.00,282847
29-Dec-14,1860.00,1866.00,1828.00,1840.00,290812
24-Dec-14,1825.00,1855.04,1825.00,1850.00,59390
23-Dec-14,1849.00,1867.00,1845.00,1853.00,301150
22-Dec-14,1824.00,1848.00,1819.64,1847.00,327419
19-Dec-14,1840.00,1856.00,1815.72,1824.00,703766
18-Dec-14,1792.00,1858.00,1791.00,1813.05,613882
17-Dec-14,1762.00,1784.00,1749.00,1773.00,504789
16-Dec-14,1759.00,1774.00,1721.00,1741.01,764022
15-Dec-14,1758.00,1788.00,1738.00,1755.00,478605
12-Dec-14,1775.00,1786.00,1762.00,1762.00,548320
11-Dec-14,1804.00,1807.00,1779.10,1786.00,477881
10-Dec-14,1791.00,1826.45,1786.00,1811.30,464022
9-Dec-14,1815.00,1815.00,1780.50,1783.00,531681
8-Dec-14,1838.00,1838.00,1822.00,1824.00,300744
5-Dec-14,1810.00,1845.00,1807.00,1838.00,591551
4-Dec-14,1784.00,1798.00,1781.00,1794.00,618535
3-Dec-14,1792.00,1796.00,1779.00,1781.00,481668
2-Dec-14,1797.00,1804.00,1790.00,1794.00,488815
1-Dec-14,1800.00,1808.00,1784.00,1796.00,429262
28-Nov-14,1782.00,1811.00,1773.00,1807.00,660208
27-Nov-14,1750.00,1783.00,1745.00,1782.00,388801
26-Nov-14,1778.00,1781.00,1756.00,1761.00,361866
25-Nov-14,1758.00,1775.00,1755.15,1775.00,533121
24-Nov-14,1755.00,1763.85,1750.00,1759.00,202089
21-Nov-14,1749.00,1766.53,1746.00,1755.00,478010
20-Nov-14,1731.00,1743.00,1731.00,1741.00,248858
19-Nov-14,1744.00,1744.00,1728.00,1735.00,438126
18-Nov-14,1729.00,1738.00,1724.00,1736.00,426756
17-Nov-14,1719.00,1725.25,1709.00,1718.99,293792
14-Nov-14,1730.00,1734.00,1718.00,1727.00,442066
13-Nov-14,1696.00,1724.00,1694.00,1724.00,875093
12-Nov-14,1687.00,1697.55,1676.00,1692.00,547718
11-Nov-14,1682.00,1695.00,1677.92,1688.00,610860
10-Nov-14,1655.00,1681.00,1647.75,1679.00,382347
7-Nov-14,1654.00,1684.00,1645.00,1650.00,654253
6-Nov-14,1650.00,1660.00,1637.00,1648.00,590525
5-Nov-14,1619.00,1656.00,1619.00,1656.00,674506
4-Nov-14,1618.00,1648.00,1612.00,1614.00,537432
3-Nov-14,1652.00,1658.00,1624.00,1625.00,440605
31-Oct-14,1643.00,1656.00,1633.00,1652.00,593567
30-Oct-14,1627.00,1638.00,1602.00,1620.74,512340
29-Oct-14,1605.00,1632.00,1605.00,1624.00,570177
28-Oct-14,1590.00,1607.00,1588.00,1600.00,567878
27-Oct-14,1593.00,1595.00,1574.00,1582.00,610832
24-Oct-14,1605.00,1617.00,1583.00,1586.00,652213
23-Oct-14,1616.00,1629.00,1601.00,1613.00,731553
22-Oct-14,1605.00,1627.50,1599.00,1624.00,719340
21-Oct-14,1577.00,1619.00,1574.00,1601.00,1349819
20-Oct-14,1613.00,1619.00,1574.00,1584.00,1960287
17-Oct-14,1625.00,1629.00,1571.00,1621.00,1584190
16-Oct-14,1615.00,1642.00,1578.00,1637.00,1617988
15-Oct-14,1650.00,1656.00,1599.00,1610.00,1170296
14-Oct-14,1606.00,1655.00,1604.00,1648.00,1100625
13-Oct-14,1590.00,1631.00,1589.00,1620.00,867650
10-Oct-14,1595.00,1632.00,1582.25,1618.60,914478
9-Oct-14,1630.00,1650.00,1597.00,1606.00,1227026
8-Oct-14,1618.00,1631.00,1589.00,1626.00,982615
7-Oct-14,1653.00,1674.00,1614.00,1614.00,797931
6-Oct-14,1656.00,1659.00,1632.50,1644.77,737260
3-Oct-14,1621.00,1656.28,1618.00,1654.00,523316
2-Oct-14,1632.00,1635.00,1615.00,1615.00,520170
1-Oct-14,1657.00,1682.00,1633.00,1635.00,428190
30-Sep-14,1685.00,1688.00,1649.00,1664.00,889075
29-Sep-14,1665.00,1692.00,1653.00,1687.00,455588
26-Sep-14,1667.00,1675.00,1631.00,1665.00,454160
25-Sep-14,1697.00,1713.00,1665.00,1667.00,383746
24-Sep-14,1679.00,1700.00,1675.00,1684.62,478659
23-Sep-14,1722.00,1722.00,1678.00,1690.00,459045
22-Sep-14,1711.00,1722.00,1704.00,1714.00,470785
19-Sep-14,1715.00,1746.00,1715.00,1720.00,1053694
18-Sep-14,1655.00,1703.00,1654.00,1691.66,659572
17-Sep-14,1645.00,1667.00,1637.00,1655.00,631944
16-Sep-14,1667.00,1668.00,1634.00,1643.69,384216
15-Sep-14,1673.00,1682.84,1665.00,1668.00,245371
12-Sep-14,1669.00,1690.00,1666.00,1684.00,394315
11-Sep-14,1677.00,1682.76,1665.00,1670.00,392645
10-Sep-14,1696.00,1697.00,1670.00,1677.00,423931
9-Sep-14,1682.00,1701.00,1681.00,1691.00,316592
8-Sep-14,1704.00,1706.84,1674.27,1685.00,377547
5-Sep-14,1718.00,1719.00,1703.00,1705.00,328793
4-Sep-14,1718.00,1721.00,1709.00,1717.00,382997
3-Sep-14,1723.00,1735.00,1717.00,1719.00,414154
2-Sep-14,1750.00,1756.00,1721.00,1721.00,693032
1-Sep-14,1744.00,1757.00,1738.00,1748.00,253181
29-Aug-14,1759.00,1759.00,1727.00,1743.00,441609
28-Aug-14,1751.00,1766.00,1740.00,1754.00,441077
27-Aug-14,1749.00,1771.60,1745.00,1750.00,453479
26-Aug-14,1750.00,1759.00,1742.35,1750.00,478424
22-Aug-14,1723.00,1745.15,1715.00,1740.00,392216
21-Aug-14,1707.00,1726.00,1704.00,1720.00,314082
20-Aug-14,1719.00,1725.00,1704.00,1708.00,352847
19-Aug-14,1719.00,1731.00,1714.30,1720.00,335891
18-Aug-14,1700.00,1723.00,1697.00,1708.00,347112
15-Aug-14,1686.00,1713.00,1682.00,1685.00,738236
14-Aug-14,1682.00,1693.00,1673.00,1683.00,418016
13-Aug-14,1690.00,1704.00,1676.00,1687.00,1004777
12-Aug-14,1699.00,1707.00,1681.00,1688.00,673873
11-Aug-14,1681.00,1706.00,1678.45,1703.00,322948
8-Aug-14,1645.00,1677.00,1640.00,1668.00,731799
7-Aug-14,1659.00,1673.00,1645.00,1662.00,408358
6-Aug-14,1670.00,1679.00,1654.00,1662.00,669700
5-Aug-14,1703.00,1707.55,1670.00,1676.00,1110620
4-Aug-14,1696.00,1705.00,1679.00,1703.00,715596
1-Aug-14,1671.00,1698.00,1634.00,1689.00,857061
31-Jul-14,1690.00,1694.00,1670.00,1675.00,842478
30-Jul-14,1660.00,1713.00,1645.00,1689.00,1389532
29-Jul-14,1621.00,1674.00,1621.00,1645.00,906838
28-Jul-14,1632.00,1653.00,1609.00,1620.00,768952
25-Jul-14,1611.00,1634.00,1607.00,1626.00,439620
24-Jul-14,1629.00,1637.00,1590.00,1620.00,680330
23-Jul-14,1612.00,1643.00,1612.00,1628.00,750088
22-Jul-14,1596.00,1622.00,1596.00,1620.00,493383
21-Jul-14,1609.00,1610.49,1583.00,1592.00,441359
18-Jul-14,1591.00,1607.00,1574.00,1607.00,419720
17-Jul-14,1613.00,1627.00,1601.00,1602.00,438567
16-Jul-14,1587.00,1628.00,1587.00,1620.63,521530
15-Jul-14,1585.00,1594.00,1567.00,1582.00,500929
14-Jul-14,1585.00,1596.00,1581.00,1590.00,503904
11-Jul-14,1577.00,1599.00,1569.85,1577.00,535086
10-Jul-14,1613.00,1625.00,1568.00,1574.00,1058105
9-Jul-14,1624.00,1633.00,1600.00,1616.00,528592
8-Jul-14,1661.00,1661.00,1616.00,1619.00,797838
7-Jul-14,1679.00,1688.00,1653.00,1654.00,444644
4-Jul-14,1696.00,1696.00,1676.00,1683.00,366139
3-Jul-14,1658.00,1698.00,1651.00,1693.00,563284
2-Jul-14,1680.00,1690.00,1657.00,1661.00,581205
1-Jul-14,1639.00,1683.00,1639.00,1680.00,579160
30-Jun-14,1651.00,1655.21,1632.00,1638.00,557345
27-Jun-14,1624.00,1659.00,1613.00,1654.00,698914
26-Jun-14,1590.00,1637.00,1586.00,1624.00,820295
25-Jun-14,1569.00,1582.00,1538.00,1581.00,923757
24-Jun-14,1606.00,1612.23,1571.00,1577.00,670134
23-Jun-14,1622.00,1631.00,1595.00,1599.00,500485
20-Jun-14,1615.00,1631.00,1612.00,1628.00,1117992
19-Jun-14,1594.00,1626.00,1594.00,1622.00,779566
18-Jun-14,1595.00,1600.00,1554.00,1581.00,969024
17-Jun-14,1616.00,1628.00,1593.00,1595.00,510746
16-Jun-14,1628.00,1642.00,1607.00,1616.00,603753
13-Jun-14,1669.00,1669.00,1607.00,1628.00,769161
12-Jun-14,1695.00,1695.00,1661.00,1670.00,483720
11-Jun-14,1721.00,1722.00,1673.00,1686.00,410786
10-Jun-14,1706.00,1716.00,1687.00,1715.00,510294
9-Jun-14,1726.00,1729.00,1708.00,1710.00,405500
6-Jun-14,1690.00,1727.48,1685.00,1720.00,703022
5-Jun-14,1679.00,1690.00,1665.75,1685.00,714127
4-Jun-14,1683.00,1688.00,1674.00,1681.00,476802
3-Jun-14,1708.00,1709.00,1676.00,1687.00,386144
2-Jun-14,1692.00,1712.00,1688.44,1702.00,435924
30-May-14,1685.00,1689.00,1673.00,1683.00,778086
29-May-14,1715.00,1723.00,1678.00,1685.00,467763
28-May-14,1720.00,1729.00,1704.00,1718.00,418775
27-May-14,1675.00,1731.00,1670.00,1724.00,648879
23-May-14,1678.00,1679.00,1659.99,1670.00,496738
22-May-14,1675.00,1689.00,1653.00,1671.00,469661
21-May-14,1648.00,1678.59,1633.00,1671.00,718092
20-May-14,1640.00,1649.00,1631.00,1649.00,773316
19-May-14,1638.00,1657.00,1603.00,1616.00,1090695
16-May-14,1657.00,1696.84,1605.00,1629.00,801657
15-May-14,1746.00,1750.00,1669.00,1669.00,635069
14-May-14,1756.00,1760.55,1734.70,1740.00,241532
13-May-14,1749.00,1758.00,1741.00,1756.00,420372
12-May-14,1724.00,1746.00,1710.00,1732.52,443483
9-May-14,1732.00,1732.45,1711.00,1715.00,348313
8-May-14,1753.00,1753.00,1725.00,1730.00,540642
7-May-14,1760.00,1766.00,1736.00,1745.00,437397
6-May-14,1770.00,1784.55,1756.00,1760.00,482912
2-May-14,1755.00,1777.00,1743.00,1758.00,857075
1-May-14,1710.00,1749.00,1708.00,1748.00,239419
30-Apr-14,1701.00,1718.00,1688.00,1705.00,710420
29-Apr-14,1745.00,1755.00,1711.36,1720.00,834620
28-Apr-14,1790.00,1794.34,1743.00,1744.00,597271
25-Apr-14,1768.00,1793.00,1751.00,1788.00,706971
24-Apr-14,1870.00,1875.00,1761.00,1763.00,1042338
23-Apr-14,1823.00,1836.00,1809.00,1821.58,703280
22-Apr-14,1809.00,1826.70,1795.00,1822.00,443511
17-Apr-14,1775.00,1806.00,1759.00,1803.00,708283
16-Apr-14,1730.00,1775.00,1711.00,1775.00,872227
15-Apr-14,1729.00,1741.00,1709.00,1711.00,401812
14-Apr-14,1760.00,1763.95,1697.00,1726.00,642561
11-Apr-14,1805.00,1809.00,1762.00,1769.00,597123
10-Apr-14,1853.00,1858.00,1821.00,1826.00,623621
9-Apr-14,1793.00,1855.00,1790.80,1851.00,582886
8-Apr-14,1836.00,1838.00,1771.00,1787.00,619528
7-Apr-14,1854.00,1862.55,1834.00,1837.00,405437
4-Apr-14,1893.00,1897.00,1871.00,1873.21,716048
3-Apr-14,1899.00,1903.30,1882.00,1893.00,599247
2-Apr-14,1898.00,1920.00,1894.05,1903.00,508032
1-Apr-14,1891.00,1899.85,1881.00,1892.08,473911
31-Mar-14,1885.00,1895.00,1879.00,1885.00,625662
28-Mar-14,1889.00,1895.00,1869.00,1876.00,364547
27-Mar-14,1888.00,1898.00,1882.00,1883.00,513441
26-Mar-14,1872.00,1906.37,1872.00,1895.00,707363
25-Mar-14,1840.00,1875.00,1838.00,1862.00,856732
24-Mar-14,1815.00,1829.00,1793.00,1802.00,806918
21-Mar-14,1852.00,1852.00,1812.00,1820.82,3065311
20-Mar-14,1858.00,1872.00,1845.00,1852.00,786741
19-Mar-14,1899.00,1900.00,1866.00,1874.00,489412
18-Mar-14,1871.00,1907.00,1854.00,1897.00,593847
17-Mar-14,1865.00,1884.00,1863.00,1878.00,455859
14-Mar-14,1825.00,1856.00,1819.00,1851.00,650173
13-Mar-14,1872.00,1882.00,1839.00,1839.00,757107
12-Mar-14,1880.00,1880.00,1855.00,1861.00,720972
11-Mar-14,1878.00,1886.00,1866.00,1882.00,416815
10-Mar-14,1886.00,1902.00,1863.00,1875.00,559741
7-Mar-14,1925.00,1925.00,1882.00,1882.00,599190
6-Mar-14,1949.00,1960.00,1916.00,1916.00,505245
5-Mar-14,1957.00,1957.00,1936.00,1945.00,505104
4-Mar-14,1924.00,1966.00,1924.00,1961.00,744620
3-Mar-14,1925.00,1944.00,1894.00,1904.00,548633
28-Feb-14,1961.00,1972.00,1949.00,1955.00,684162
27-Feb-14,1898.00,1963.00,1881.00,1912.44,778834
26-Feb-14,1965.00,1970.00,1906.00,1926.00,1095536
25-Feb-14,1985.00,1993.00,1953.00,1962.61,1283763
24-Feb-14,1977.00,2000.00,1976.00,1981.69,654453
21-Feb-14,1970.00,1988.00,1970.00,1976.34,791276
20-Feb-14,1926.00,1970.00,1916.00,1966.00,650105
19-Feb-14,1945.00,1948.00,1925.00,1933.00,650600
18-Feb-14,1917.00,1947.00,1897.00,1945.00,581918
17-Feb-14,1878.00,1918.00,1878.00,1903.00,547742
14-Feb-14,1872.00,1885.00,1868.00,1883.00,386752
13-Feb-14,1873.00,1878.00,1855.00,1874.00,539439
12-Feb-14,1885.00,1885.00,1865.00,1869.00,684961
11-Feb-14,1852.00,1881.00,1842.00,1881.00,907250
10-Feb-14,1846.00,1854.00,1837.00,1847.00,568517
7-Feb-14,1824.00,1846.00,1814.00,1846.00,589205
6-Feb-14,1781.00,1839.00,1771.00,1825.00,579082
5-Feb-14,1773.00,1802.00,1766.00,1774.00,717122
4-Feb-14,1750.00,1788.00,1739.00,1773.00,766056
3-Feb-14,1744.00,1782.00,1744.00,1760.00,774503
31-Jan-14,1736.00,1759.00,1714.00,1739.00,660743
30-Jan-14,1749.00,1753.00,1731.00,1742.00,617149
29-Jan-14,1764.00,1793.00,1732.00,1757.00,875290
28-Jan-14,1724.00,1765.00,1720.00,1755.00,632537
27-Jan-14,1753.00,1754.00,1708.00,1719.00,620278
24-Jan-14,1779.00,1788.00,1747.00,1751.00,681258
23-Jan-14,1815.00,1827.00,1774.00,1782.00,681267
22-Jan-14,1856.00,1867.00,1817.00,1820.00,438428
21-Jan-14,1862.00,1874.00,1852.00,1858.00,400485
20-Jan-14,1858.00,1873.00,1850.00,1864.00,200446
17-Jan-14,1853.00,1878.00,1848.00,1855.00,614289
16-Jan-14,1880.00,1887.00,1848.00,1853.00,361243
15-Jan-14,1877.00,1894.00,1872.00,1886.00,474354
14-Jan-14,1859.00,1874.00,1852.00,1871.00,549407
13-Jan-14,1884.00,1893.00,1877.00,1880.00,322763
10-Jan-14,1876.00,1900.00,1870.00,1884.00,554038
9-Jan-14,1870.00,1895.00,1855.00,1860.00,456874
8-Jan-14,1887.00,1893.00,1858.00,1868.00,422097
7-Jan-14,1896.00,1903.00,1874.00,1881.63,398709
6-Jan-14,1882.00,1912.00,1878.00,1896.00,415339
3-Jan-14,1866.00,1898.00,1858.00,1890.00,430819
2-Jan-14,1881.00,1886.00,1846.00,1873.00,560575
31-Dec-13,1847.00,1888.00,1847.00,1872.00,152307
30-Dec-13,1838.00,1855.00,1825.00,1848.00,368761
27-Dec-13,1828.00,1833.00,1813.00,1832.00,210453
24-Dec-13,1803.00,1827.00,1803.00,1814.00,39948
23-Dec-13,1802.00,1815.00,1796.00,1813.00,180233
20-Dec-13,1779.00,1806.00,1764.00,1805.00,823685
19-Dec-13,1771.00,1779.00,1759.00,1772.00,442150
18-Dec-13,1770.00,1771.00,1741.00,1749.00,588411
17-Dec-13,1722.00,1747.00,1720.00,1732.00,522283
16-Dec-13,1690.00,1728.00,1684.00,1728.00,550592
13-Dec-13,1708.00,1718.00,1695.00,1699.00,415100
12-Dec-13,1728.00,1733.00,1701.00,1701.00,656844
11-Dec-13,1741.00,1767.00,1739.00,1741.00,523604
10-Dec-13,1735.00,1763.00,1731.00,1745.00,419610
9-Dec-13,1726.00,1747.00,1724.00,1735.75,353478
6-Dec-13,1702.00,1736.00,1702.00,1726.00,406144
5-Dec-13,1697.00,1711.00,1687.00,1707.00,484052
4-Dec-13,1728.00,1743.00,1704.00,1704.00,732569
3-Dec-13,1788.00,1788.00,1720.00,1723.00,679805
2-Dec-13,1797.00,1800.00,1780.00,1781.00,495057
29-Nov-13,1783.00,1804.00,1777.00,1796.00,430963
28-Nov-13,1825.00,1846.00,1776.00,1783.00,756208
27-Nov-13,1805.00,1840.00,1805.00,1832.00,371689
26-Nov-13,1800.00,1822.00,1785.00,1820.00,538681
25-Nov-13,1804.00,1823.00,1795.00,1804.00,324343
22-Nov-13,1771.00,1813.00,1769.00,1796.00,1006161
21-Nov-13,1738.00,1776.00,1729.00,1771.00,930772
20-Nov-13,1721.00,1755.00,1719.00,1748.15,680474
19-Nov-13,1707.00,1727.00,1699.00,1722.27,377864
18-Nov-13,1709.00,1719.00,1697.00,1712.65,365346
15-Nov-13,1726.00,1739.00,1718.00,1719.00,301707
14-Nov-13,1723.00,1746.00,1723.00,1729.00,578067
13-Nov-13,1733.00,1740.00,1700.00,1707.00,635909
12-Nov-13,1748.00,1748.00,1733.00,1735.00,354664
11-Nov-13,1760.00,1760.00,1734.00,1739.58,444628
8-Nov-13,1753.00,1756.00,1730.00,1744.00,678468
7-Nov-13,1791.00,1795.00,1745.00,1759.00,1217022
6-Nov-13,1808.00,1824.00,1791.00,1804.00,793067
5-Nov-13,1868.00,1868.00,1818.00,1822.00,589169
4-Nov-13,1842.00,1875.00,1842.00,1858.00,402320
1-Nov-13,1855.00,1864.00,1834.00,1840.00,443830
31-Oct-13,1865.00,1875.00,1836.00,1856.00,682548
30-Oct-13,1808.00,1857.00,1808.00,1848.00,802637
29-Oct-13,1788.00,1816.00,1783.00,1812.18,396849
28-Oct-13,1802.00,1810.00,1777.00,1790.00,381628
25-Oct-13,1802.00,1814.00,1793.00,1804.00,313748
24-Oct-13,1807.00,1815.00,1794.00,1815.00,331813
23-Oct-13,1775.00,1816.00,-,1805.00,617517
22-Oct-13,1792.00,1799.00,1778.00,1782.00,405325
21-Oct-13,1800.00,1811.00,1791.00,1794.00,511225
18-Oct-13,1770.00,1801.00,1751.00,1791.00,799073
17-Oct-13,1750.00,1770.00,1713.00,1749.00,762416
16-Oct-13,1768.00,1788.00,1752.00,1786.00,625905
15-Oct-13,1775.00,1783.00,1765.00,1772.00,517757
14-Oct-13,1709.00,1765.00,1704.00,1763.00,854881
11-Oct-13,1638.00,1684.00,1626.00,1678.00,617842
10-Oct-13,1597.00,1625.00,1591.00,1625.00,567575
9-Oct-13,1570.00,1601.00,1557.00,1586.00,629506
8-Oct-13,1636.00,1650.00,1577.00,1578.00,784547
7-Oct-13,1678.00,1679.00,1636.00,1640.00,527367
4-Oct-13,1674.00,1686.00,1657.00,1685.00,464119
3-Oct-13,1658.00,1675.00,1657.00,1672.00,415007
2-Oct-13,1677.00,1680.00,1659.00,1665.00,292588
1-Oct-13,1653.00,1688.00,1647.00,1675.81,616806
30-Sep-13,1626.00,1650.00,1608.00,1646.66,538955
27-Sep-13,1682.00,1685.00,1644.00,1662.61,589389
26-Sep-13,1664.00,1666.00,1648.00,1650.00,342911
25-Sep-13,1652.00,1669.00,1624.00,1661.00,706174
24-Sep-13,1603.00,1632.00,1601.00,1623.00,348637
20-Sep-13,1623.00,1637.00,1613.00,1615.00,561718
19-Sep-13,1628.00,1641.00,1625.00,1630.00,547855
18-Sep-13,1626.00,1626.00,1585.00,1608.54,396481
17-Sep-13,1628.00,1637.00,1620.00,1620.00,471779
16-Sep-13,1631.00,1638.00,1624.00,1626.00,325105
13-Sep-13,1610.00,1621.00,1608.00,1611.00,285758
12-Sep-13,1630.00,1630.00,1605.00,1612.00,293324
11-Sep-13,1635.00,1646.00,1618.00,1623.00,418781
10-Sep-13,1615.00,1639.00,1610.00,1635.00,456037
9-Sep-13,1605.00,1614.00,1601.00,1606.00,472920
6-Sep-13,1600.00,1610.00,1575.00,1602.00,572485
5-Sep-13,1592.00,1616.00,1591.00,1605.00,567574
4-Sep-13,1596.00,1596.00,1558.00,1587.00,634138
3-Sep-13,1600.00,1611.00,1582.00,1596.00,309233
2-Sep-13,1587.00,1610.00,1586.00,1602.00,307351
30-Aug-13,1600.00,1601.00,1572.00,1581.77,504751
29-Aug-13,1600.00,1613.00,1579.00,1598.00,668643
28-Aug-13,1570.00,1575.00,1538.00,1559.00,616462
27-Aug-13,1614.00,1617.00,1571.00,1573.00,729644
23-Aug-13,1585.00,1621.00,1580.00,1613.00,733650
22-Aug-13,1570.00,1608.00,1570.00,1589.00,459393
21-Aug-13,1573.00,1582.00,1570.00,1575.00,335055
20-Aug-13,1569.00,1571.00,1545.00,1567.16,352720
19-Aug-13,1581.00,1589.00,1567.00,1575.11,438638
16-Aug-13,1556.00,1588.00,1552.00,1578.00,1041393
15-Aug-13,1632.00,1633.00,1547.00,1553.00,843985
14-Aug-13,1621.00,1639.00,1621.00,1628.00,293485
13-Aug-13,1639.00,1644.00,1612.00,1622.00,490297
12-Aug-13,1668.00,1677.00,1631.00,1636.00,322794
9-Aug-13,1675.00,1675.00,1661.00,1667.41,400245
8-Aug-13,1668.00,1682.00,1663.00,1668.00,432844
7-Aug-13,1685.00,1690.00,1644.00,1659.00,723822
6-Aug-13,1700.00,1710.00,1675.00,1681.00,858105
5-Aug-13,1709.00,1719.00,1692.00,1700.00,774361
2-Aug-13,1716.00,1721.00,1701.00,1711.00,431775
1-Aug-13,1707.00,1718.00,1700.00,1713.00,625886
31-Jul-13,1692.00,1709.00,1682.00,1702.00,569831
30-Jul-13,1700.00,1709.00,1698.00,1700.00,536496
29-Jul-13,1698.00,1707.00,1685.00,1698.00,553308
26-Jul-13,1670.00,1714.00,1670.00,1703.71,687773
25-Jul-13,1701.00,1719.00,1688.00,1701.00,644996
24-Jul-13,1681.00,1728.00,1665.00,1712.22,755380
23-Jul-13,1690.00,1695.00,1672.00,1675.00,385539
22-Jul-13,1689.00,1702.00,1683.00,1689.00,351882
19-Jul-13,1688.00,1704.00,1682.00,1693.94,615857
18-Jul-13,1627.00,1699.00,1627.00,1686.41,621190
17-Jul-13,1631.00,1639.00,1622.00,1633.20,331163
16-Jul-13,1662.00,1669.00,1629.00,1630.00,452880
15-Jul-13,1639.00,1664.58,1634.05,1656.00,457755
12-Jul-13,1635.00,1652.00,1629.00,1633.00,428782
11-Jul-13,1634.00,1640.37,1623.05,1636.00,526295
10-Jul-13,1617.00,1628.00,1605.00,1620.00,522750
9-Jul-13,1599.00,1622.00,1594.03,1622.00,779213
8-Jul-13,1570.00,1594.00,1558.00,1592.00,618929
5-Jul-13,1531.00,1576.09,1526.00,1556.00,687229
4-Jul-13,1520.00,1531.00,1510.00,1525.00,856078
3-Jul-13,1491.96,1513.00,1478.00,1511.00,629635
2-Jul-13,1533.00,1535.00,1494.00,1502.00,809801
1-Jul-13,1471.00,1533.00,1467.00,1531.00,701057
28-Jun-13,1462.00,1471.00,1443.00,1456.49,703673
27-Jun-13,1449.00,1473.00,1437.00,1453.91,451414
26-Jun-13,1440.00,1451.00,1433.00,1446.00,608158
25-Jun-13,1425.00,1445.36,1406.00,1431.85,829300
24-Jun-13,1460.00,1462.00,1402.00,1410.00,731051
21-Jun-13,1470.00,1512.00,1463.00,1487.26,5982010
20-Jun-13,1508.00,1521.00,1453.00,1460.00,900218
19-Jun-13,1519.00,1536.00,1497.00,1526.63,757570
18-Jun-13,1490.00,1521.00,1483.24,1510.21,650508
17-Jun-13,1529.00,1543.54,1515.00,1519.58,591284
14-Jun-13,1515.00,1531.00,1511.00,1520.00,623404
13-Jun-13,1521.00,1529.00,1502.00,1510.00,627194
12-Jun-13,1527.00,1543.00,1527.00,1538.00,546558
11-Jun-13,1542.00,1542.00,1506.00,1526.00,614845
10-Jun-13,1536.00,1543.00,1526.00,1534.00,482800
7-Jun-13,1507.00,1536.00,1502.00,1530.00,543442
6-Jun-13,1534.00,1534.00,1503.00,1504.00,589337
5-Jun-13,1547.00,1558.00,1524.00,1532.00,954211
4-Jun-13,1581.00,1590.00,1540.00,1550.00,804686
3-Jun-13,1590.00,1595.00,1554.00,1570.00,882965
31-May-13,1573.00,1611.00,1532.00,1611.00,12601616
30-May-13,1550.00,1568.00,1537.00,1567.00,803160
29-May-13,1608.00,1608.00,1558.00,1561.00,654085
28-May-13,1587.00,1611.00,1587.00,1606.00,842499
24-May-13,1592.00,1600.20,1556.00,1566.00,561152
23-May-13,1583.00,1587.00,1558.00,1582.00,908803
22-May-13,1550.00,1612.00,1546.00,1604.00,849751
21-May-13,1543.00,1550.00,1536.00,1547.00,495483
20-May-13,1552.00,1554.00,1532.00,1542.00,512133
17-May-13,1545.00,1549.00,1523.00,1539.00,1120531
16-May-13,1520.00,1566.00,1516.00,1543.00,2299024
15-May-13,1442.00,1488.00,1438.00,1484.00,817569
14-May-13,1440.00,1456.00,1432.00,1442.00,413944
13-May-13,1443.00,1457.00,1430.00,1456.00,378117
10-May-13,1457.00,1468.00,1437.00,1440.00,475340
9-May-13,1458.00,1460.00,1451.00,1459.00,446381
8-May-13,1450.00,1460.00,1441.00,1457.00,565693
7-May-13,1459.00,1459.00,1442.00,1448.00,548157
3-May-13,1450.00,1462.79,1435.00,1458.00,447582
2-May-13,1449.00,1461.00,1434.00,1443.00,466261
1-May-13,1444.00,1456.00,1425.00,1456.00,245752
30-Apr-13,1468.00,1475.00,1433.00,1434.00,736536
29-Apr-13,1477.00,1494.00,1456.00,1459.00,630390
26-Apr-13,1508.00,1510.00,1476.00,1483.00,1065997
25-Apr-13,1466.00,1531.00,1466.00,1511.00,1088547
24-Apr-13,1462.00,1467.00,1450.00,1463.52,444432
23-Apr-13,1437.00,1463.00,1430.00,1463.00,610858
22-Apr-13,1446.00,1454.00,1431.00,1436.00,343583
19-Apr-13,1422.00,1441.00,1413.00,1428.92,403330
18-Apr-13,1422.00,1438.00,1415.00,1429.00,446958
17-Apr-13,1430.00,1438.00,1390.00,1420.00,614164
16-Apr-13,1430.00,1446.00,1417.93,1417.93,602965
15-Apr-13,1446.00,1452.00,1414.00,1440.00,445929
12-Apr-13,1463.00,1466.00,1424.00,1449.00,700275
11-Apr-13,1438.00,1487.00,1433.00,1463.00,595066
10-Apr-13,1405.00,1444.00,1405.00,1424.90,552154
9-Apr-13,1379.00,1410.00,1378.00,1397.00,580274
8-Apr-13,1383.00,1390.00,1370.00,1380.00,431074
5-Apr-13,1396.00,1404.00,1365.00,1374.00,481441
4-Apr-13,1458.00,1461.00,1393.00,1393.00,771890
3-Apr-13,1457.00,1465.00,1449.00,1456.00,490181
2-Apr-13,1447.00,1466.00,1447.00,1465.00,663776
28-Mar-13,1416.00,1462.00,1416.00,1454.00,544484
27-Mar-13,1432.00,1440.00,1414.00,1419.00,481939
26-Mar-13,1426.00,1439.00,1408.00,1437.00,931931
25-Mar-13,1455.00,1463.00,1423.00,1423.00,601938
22-Mar-13,1440.00,1461.00,1420.00,1440.00,598412
21-Mar-13,1402.00,1447.05,1401.05,1443.00,772268
20-Mar-13,1389.00,1412.00,1365.56,1409.00,640122
19-Mar-13,1364.00,1387.00,1357.00,1381.00,567206
18-Mar-13,1341.00,1371.00,1334.00,1369.00,509229
15-Mar-13,1336.00,1360.26,1326.00,1356.80,1018874
14-Mar-13,1332.00,1340.00,1327.00,1329.00,454002
13-Mar-13,1338.00,1342.00,1321.00,1328.00,320484
12-Mar-13,1333.00,1344.00,1323.96,1339.00,293791
11-Mar-13,1333.00,1336.00,1314.00,1332.00,254050
8-Mar-13,1334.00,1348.00,1326.00,1335.00,330429
7-Mar-13,1322.00,1328.00,1315.00,1322.00,370437
6-Mar-13,1320.00,1328.00,1311.00,1321.00,330629
5-Mar-13,1300.00,1318.00,1290.00,1301.30,317678
4-Mar-13,1298.00,1298.38,1276.00,1292.00,475934
1-Mar-13,1270.00,1310.00,1270.00,1302.00,513779
28-Feb-13,1268.00,1277.00,1263.00,1273.59,387693
27-Feb-13,1251.00,1265.13,1245.00,1265.00,350160
26-Feb-13,1242.00,1258.00,1228.00,1248.00,469422
25-Feb-13,1255.00,1275.00,1254.00,1264.00,406493
22-Feb-13,1258.00,1268.00,1252.00,1260.00,353351
21-Feb-13,1270.00,1270.00,1249.00,1251.00,569873
20-Feb-13,1295.00,1295.00,1255.00,1271.00,770664
19-Feb-13,1294.00,1311.00,1283.00,1308.00,340780
18-Feb-13,1292.00,1302.00,1282.00,1288.00,349537
15-Feb-13,1284.00,1299.00,1275.00,1295.94,372913
14-Feb-13,1293.00,1298.77,1277.00,1283.00,314212
13-Feb-13,1279.00,1310.00,1275.00,1297.00,534163
12-Feb-13,1262.00,1275.00,1258.00,1275.00,295153
11-Feb-13,1253.00,1270.00,1253.00,1265.00,233328
8-Feb-13,1252.00,1269.00,1245.00,1257.00,453997
7-Feb-13,1251.00,1257.75,1242.00,1250.00,504310
6-Feb-13,1244.00,1265.00,1237.00,1250.00,404035
5-Feb-13,1220.00,1243.00,1220.00,1241.00,419290
4-Feb-13,1228.00,1236.00,1222.00,1226.00,578461
1-Feb-13,1210.00,1232.00,1209.00,1232.00,436161
31-Jan-13,1193.00,1210.12,1192.00,1210.00,585716
30-Jan-13,1214.00,1214.00,1188.00,1196.00,478811
29-Jan-13,1214.00,1215.00,1200.00,1210.00,240475
28-Jan-13,1225.00,1231.00,1204.00,1214.00,329278
25-Jan-13,1222.00,1224.00,1210.00,1221.40,525405
24-Jan-13,1206.00,1223.00,1197.00,1223.00,452595
23-Jan-13,1214.00,1215.00,1189.00,1201.00,560776
22-Jan-13,1222.00,1231.00,1210.00,1215.00,541721
21-Jan-13,1234.00,1236.95,1199.00,1227.00,409639
18-Jan-13,1253.00,1253.00,1229.00,1236.45,576112
17-Jan-13,1217.00,1253.00,1206.00,1245.00,1142065
16-Jan-13,1220.00,1223.00,1204.00,1218.00,656279
15-Jan-13,1206.00,1226.00,1205.00,1219.00,921245
14-Jan-13,1222.00,1235.00,1208.00,1211.00,379386
11-Jan-13,1200.00,1219.00,1198.00,1218.00,431401
10-Jan-13,1170.00,1206.00,1168.00,1195.00,714102
9-Jan-13,1126.00,1177.00,1125.00,1167.00,1023178
8-Jan-13,1130.00,1133.00,1114.00,1118.00,313852
7-Jan-13,1125.00,1137.00,1121.05,1132.00,447497
4-Jan-13,1106.00,1124.00,1101.00,1124.00,439845
3-Jan-13,1113.00,1115.00,1099.00,1107.00,209857
2-Jan-13,1099.00,1115.00,1098.00,1101.00,349558
