31-Dec-15,945.50,945.50,930.50,935.50,514899
30-Dec-15,943.50,954.50,940.62,946.00,869808
29-Dec-15,941.00,955.50,934.14,947.50,1197027
24-Dec-15,936.50,940.00,932.50,936.50,130618
23-Dec-15,930.50,941.00,924.12,937.00,1112384
22-Dec-15,932.50,932.50,919.50,920.50,1463370
21-Dec-15,911.50,928.50,905.00,922.50,1342555
18-Dec-15,922.50,936.81,914.50,914.50,2920667
16-Dec-15,936.50,941.50,934.50,937.50,1457062
15-Dec-15,929.00,939.91,925.00,938.00,1313548
14-Dec-15,927.00,937.82,922.50,923.50,1691662
11-Dec-15,935.50,936.00,920.50,921.00,1627868
10-Dec-15,945.00,946.00,930.50,936.00,1288642
9-Dec-15,950.00,954.00,942.50,944.50,1071804
8-Dec-15,951.00,951.50,942.00,945.00,1301304
7-Dec-15,952.00,959.00,948.00,951.00,1237979
4-Dec-15,957.50,960.50,948.50,950.00,1419786
3-Dec-15,977.50,984.50,958.00,961.00,1474408
2-Dec-15,983.50,986.50,972.00,977.50,899864
1-Dec-15,967.50,978.50,965.00,976.50,1342784
30-Nov-15,978.00,978.00,963.00,966.50,1869342
27-Nov-15,965.00,978.50,960.00,978.50,1110332
26-Nov-15,954.00,967.25,950.15,966.00,977490
25-Nov-15,954.00,967.45,942.44,953.00,1690140
24-Nov-15,972.50,972.50,949.00,958.00,1147380
23-Nov-15,982.00,983.19,971.00,974.00,1062648
20-Nov-15,978.00,990.00,976.00,987.00,1535634
19-Nov-15,965.00,974.50,959.00,974.50,1162262
18-Nov-15,961.50,961.50,948.50,958.00,1236157
17-Nov-15,948.50,961.50,946.00,961.50,1198731
16-Nov-15,930.00,940.00,928.00,940.00,885650
13-Nov-15,934.50,936.00,924.50,936.00,1129162
12-Nov-15,938.50,950.03,934.50,936.50,1187303
11-Nov-15,941.50,952.50,935.00,938.50,895629
10-Nov-15,940.00,944.00,933.50,938.50,1160531
9-Nov-15,949.50,949.50,932.50,936.00,1755303
6-Nov-15,975.00,979.00,953.50,957.50,1279863
5-Nov-15,975.50,987.00,965.00,976.00,1528525
4-Nov-15,967.50,987.00,963.00,982.50,1053759
3-Nov-15,981.50,983.40,964.50,967.00,1288384
2-Nov-15,986.00,995.00,981.50,983.50,924426
30-Oct-15,994.00,995.36,982.50,988.50,1433086
29-Oct-15,996.50,996.50,983.00,991.00,1546104
28-Oct-15,997.00,1001.50,989.50,992.50,1164203
27-Oct-15,998.00,1003.00,990.50,991.50,1306484
26-Oct-15,990.00,999.50,984.00,998.50,1163998
23-Oct-15,996.00,999.00,986.00,994.00,1396549
22-Oct-15,988.50,995.50,985.00,991.50,1076294
21-Oct-15,989.00,996.00,984.50,988.50,821135
20-Oct-15,982.00,992.00,981.00,991.00,908116
19-Oct-15,978.00,986.50,973.00,980.00,594019
16-Oct-15,980.50,986.50,975.78,981.00,1458014
15-Oct-15,976.50,980.00,965.50,978.50,1660121
14-Oct-15,961.00,976.67,960.50,967.50,1420435
13-Oct-15,958.50,970.75,952.50,966.50,1531694
12-Oct-15,969.50,972.19,958.00,961.50,1582420
9-Oct-15,981.00,988.50,963.00,965.00,2117824
8-Oct-15,964.50,976.00,956.00,976.00,1368711
7-Oct-15,969.00,976.00,961.00,963.00,1667096
6-Oct-15,974.50,976.00,961.94,964.00,1517731
5-Oct-15,961.00,970.50,954.50,969.50,2690917
2-Oct-15,930.50,950.00,930.50,945.00,1791640
1-Oct-15,931.00,937.19,922.50,924.50,1623574
30-Sep-15,920.00,927.00,914.50,925.00,2459012
29-Sep-15,909.00,915.50,903.50,905.50,1710332
28-Sep-15,917.50,924.50,914.00,915.00,1413407
25-Sep-15,902.00,920.50,900.50,918.50,1751733
24-Sep-15,888.00,899.00,886.00,892.00,1618672
23-Sep-15,877.00,897.50,877.00,889.50,1599467
22-Sep-15,890.00,891.05,874.86,876.50,1904031
21-Sep-15,880.50,897.50,880.50,890.00,1917409
18-Sep-15,881.50,891.50,876.50,883.00,2637009
17-Sep-15,881.00,886.00,871.00,879.50,1894916
16-Sep-15,871.50,882.00,865.50,881.00,1637163
15-Sep-15,853.00,872.00,853.00,867.00,1917319
14-Sep-15,861.00,870.50,851.50,856.00,1129496
11-Sep-15,865.00,870.00,857.50,858.50,1000972
10-Sep-15,865.00,875.68,864.00,866.00,1306565
9-Sep-15,881.50,885.52,870.50,872.00,1352114
8-Sep-15,861.00,883.00,855.50,868.50,1917902
7-Sep-15,850.50,859.00,846.62,852.00,1615962
4-Sep-15,837.00,842.00,833.00,835.00,1740261
3-Sep-15,843.50,845.38,837.00,843.00,1647788
2-Sep-15,828.00,848.50,826.00,836.50,1279279
1-Sep-15,851.00,852.00,827.00,828.00,2288114
28-Aug-15,849.50,855.00,841.50,855.00,1474036
27-Aug-15,849.50,854.50,843.00,851.00,1616731
26-Aug-15,839.50,852.00,832.00,833.50,1681127
25-Aug-15,840.50,857.50,840.50,849.50,2223612
24-Aug-15,851.50,858.50,816.50,832.00,3600662
21-Aug-15,887.00,900.50,870.94,871.00,2502256
20-Aug-15,894.50,901.00,891.84,896.00,1722243
19-Aug-15,902.50,905.50,899.32,899.50,1222277
18-Aug-15,897.00,908.50,892.50,904.50,1845167
17-Aug-15,895.50,899.00,889.00,898.00,1147470
14-Aug-15,885.00,893.25,882.00,891.00,1621595
13-Aug-15,890.00,895.66,881.00,883.00,1304765
12-Aug-15,881.50,883.37,873.00,881.50,1717122
11-Aug-15,884.50,886.44,878.50,884.00,1354408
10-Aug-15,890.00,892.00,877.62,887.00,1261622
7-Aug-15,899.00,899.00,883.00,887.50,1548509
6-Aug-15,892.50,899.38,885.50,898.50,1421961
5-Aug-15,885.00,897.00,876.50,897.00,2459875
4-Aug-15,883.50,888.50,877.15,885.50,1206672
3-Aug-15,888.50,894.00,882.00,885.50,1078089
31-Jul-15,884.50,892.50,875.50,892.00,1788814
30-Jul-15,886.00,890.50,881.50,883.00,1399980
29-Jul-15,880.50,887.00,878.50,883.50,1609825
28-Jul-15,875.00,878.88,870.82,877.50,1645142
27-Jul-15,877.00,878.81,869.00,872.50,1173623
24-Jul-15,884.00,899.38,875.50,875.50,1957210
23-Jul-15,882.00,891.50,877.50,885.50,1495988
22-Jul-15,877.00,881.50,873.50,875.00,1420853
21-Jul-15,878.00,882.50,876.00,878.50,2205983
20-Jul-15,884.00,887.50,875.50,876.00,1035620
17-Jul-15,884.00,890.50,879.50,880.00,2019120
16-Jul-15,889.50,889.50,879.50,882.50,2043617
15-Jul-15,886.00,896.00,883.00,885.00,1765306
14-Jul-15,890.50,893.00,879.33,884.00,1635666
13-Jul-15,894.50,894.50,883.50,888.50,1298295
10-Jul-15,886.50,890.88,878.50,889.00,1970756
9-Jul-15,879.50,888.00,876.00,876.00,2932575
8-Jul-15,870.00,881.00,869.00,877.50,1908348
7-Jul-15,876.00,883.00,870.00,870.00,2293581
6-Jul-15,876.50,893.00,874.00,876.50,2097070
3-Jul-15,898.00,904.00,877.00,882.50,2630080
2-Jul-15,892.50,907.38,891.00,896.50,2150069
1-Jul-15,899.00,901.50,890.50,892.00,2622007
30-Jun-15,918.50,922.84,892.00,892.00,4684692
29-Jun-15,927.50,941.50,924.50,925.50,2613069
26-Jun-15,950.00,966.64,936.50,939.50,1434209
25-Jun-15,964.00,980.64,951.00,955.00,1832515
24-Jun-15,981.50,992.92,975.50,991.50,1900089
23-Jun-15,986.50,993.00,981.44,982.50,1237240
22-Jun-15,967.00,987.00,965.00,987.00,2124564
19-Jun-15,945.00,957.00,945.00,952.00,2816863
18-Jun-15,943.00,948.50,934.50,947.00,1206211
17-Jun-15,950.00,951.00,940.94,943.50,875473
16-Jun-15,947.50,953.00,935.12,949.50,1076418
15-Jun-15,958.50,960.00,948.50,948.50,1236848
12-Jun-15,961.00,965.00,958.00,962.00,1332479
11-Jun-15,966.50,969.50,959.25,967.00,1326304
10-Jun-15,956.50,971.29,954.50,970.00,1743875
9-Jun-15,965.50,966.50,955.00,957.00,1378340
8-Jun-15,959.50,974.66,956.00,962.50,1170803
5-Jun-15,970.50,972.50,956.50,958.00,1227348
4-Jun-15,983.00,986.00,971.00,971.00,2043387
3-Jun-15,987.50,995.50,977.00,984.00,1455279
2-Jun-15,999.50,999.50,982.00,984.00,1667223
1-Jun-15,999.00,1010.00,995.00,998.00,1122859
29-May-15,1008.00,1009.00,993.50,996.00,1918132
28-May-15,996.50,1007.00,995.50,1004.00,1230144
27-May-15,980.50,996.00,977.50,994.50,1651564
26-May-15,1003.00,1006.00,974.82,977.00,2197533
22-May-15,1004.00,1010.25,1000.00,1002.00,975162
21-May-15,990.50,1029.00,990.50,1005.07,1251687
20-May-15,999.00,1010.00,994.00,1009.00,1577757
19-May-15,1004.00,1008.28,994.49,1004.00,1422181
18-May-15,995.00,1008.00,987.00,998.50,1264115
15-May-15,993.00,1001.00,986.50,992.50,2065226
14-May-15,988.00,995.00,982.00,988.00,1094962
13-May-15,986.50,995.00,979.00,988.50,1836043
12-May-15,993.00,996.00,965.50,983.50,2340999
11-May-15,999.50,1006.00,994.50,999.50,1609448
8-May-15,971.50,999.50,971.50,999.50,2645503
7-May-15,957.00,958.50,932.50,951.00,2006527
6-May-15,950.50,954.00,942.06,951.00,1450204
5-May-15,971.00,978.50,950.50,950.50,2232854
1-May-15,973.00,973.00,947.50,958.00,1124616
30-Apr-15,967.50,974.50,957.00,971.00,2369747
29-Apr-15,993.00,1003.00,963.00,963.00,2016455
28-Apr-15,991.00,995.00,980.23,986.50,1341171
27-Apr-15,1003.00,1008.00,983.50,989.50,1760776
24-Apr-15,989.00,1004.00,985.50,1003.00,1588827
23-Apr-15,974.00,1002.00,974.00,984.50,1874608
22-Apr-15,983.00,987.50,968.10,973.50,1465392
21-Apr-15,966.50,985.50,963.50,980.50,1936440
20-Apr-15,964.00,967.50,953.50,960.50,1759516
17-Apr-15,970.00,975.50,953.00,959.50,2333299
16-Apr-15,978.50,978.50,967.50,969.00,1659954
15-Apr-15,977.50,983.50,968.50,974.50,1520679
14-Apr-15,976.00,982.00,970.82,979.00,1366674
13-Apr-15,980.50,983.00,974.50,979.00,1563107
10-Apr-15,975.50,984.00,970.50,981.50,2099388
9-Apr-15,965.50,976.00,963.00,976.00,1773552
8-Apr-15,957.50,970.00,952.88,958.50,1826018
7-Apr-15,943.50,964.50,940.31,962.00,2097990
2-Apr-15,954.00,954.00,930.00,938.00,1194804
1-Apr-15,934.00,940.50,927.00,939.50,2353357
31-Mar-15,945.50,964.50,933.00,933.00,2804310
30-Mar-15,953.00,953.00,931.23,944.50,2122634
27-Mar-15,940.00,947.00,935.00,942.50,1710013
26-Mar-15,953.50,960.00,938.00,939.50,1702903
25-Mar-15,963.50,966.00,950.00,958.00,1542899
24-Mar-15,959.50,968.50,954.50,956.50,1586690
23-Mar-15,950.00,959.00,940.50,958.00,1768089
20-Mar-15,950.50,953.50,940.08,949.00,3946831
19-Mar-15,937.50,951.06,935.31,951.00,2746713
18-Mar-15,909.50,937.50,909.50,935.00,2495149
17-Mar-15,895.50,913.50,892.50,911.50,3446970
16-Mar-15,896.00,899.00,884.50,896.50,1544868
13-Mar-15,902.00,903.00,887.00,894.00,1539967
12-Mar-15,896.50,914.50,892.50,902.50,2223228
11-Mar-15,889.00,901.38,889.00,895.50,1812663
10-Mar-15,925.50,926.50,886.50,889.00,2540696
9-Mar-15,926.00,927.74,898.00,922.50,2085166
6-Mar-15,939.50,939.50,922.50,925.00,1809954
5-Mar-15,922.00,939.75,919.00,939.50,1613514
4-Mar-15,926.50,928.00,908.50,921.00,1701234
3-Mar-15,946.50,951.00,917.00,920.50,2068098
2-Mar-15,946.00,955.66,942.50,945.00,1265603
27-Feb-15,944.50,949.00,937.50,946.00,1484112
26-Feb-15,954.50,955.00,939.50,944.50,1213906
25-Feb-15,963.50,964.50,946.50,955.00,1092840
24-Feb-15,947.50,963.50,947.50,962.00,1397271
23-Feb-15,947.50,952.46,944.00,950.00,1090890
20-Feb-15,945.50,947.50,933.00,946.00,1858182
19-Feb-15,935.50,944.50,933.40,941.50,1430885
18-Feb-15,950.00,956.00,925.43,935.00,2032229
17-Feb-15,940.50,949.00,935.50,949.00,1368037
16-Feb-15,951.50,954.00,937.50,940.50,1217449
13-Feb-15,974.00,974.26,950.12,954.00,1632871
12-Feb-15,983.50,987.50,968.50,973.00,1773954
11-Feb-15,970.50,989.00,965.00,986.00,2250224
10-Feb-15,961.50,965.50,952.71,960.50,1769322
9-Feb-15,995.00,996.50,955.00,962.50,2179531
6-Feb-15,999.50,1002.00,990.50,993.50,1216815
5-Feb-15,997.00,1006.00,993.00,998.00,1191805
4-Feb-15,996.50,1004.00,984.50,1002.00,2028980
3-Feb-15,1003.00,1008.21,993.50,994.50,1818935
2-Feb-15,1030.00,1031.00,995.00,1001.00,1643377
30-Jan-15,1045.00,1045.00,1022.18,1027.00,2105097
29-Jan-15,1040.00,1042.00,1020.00,1042.00,1674020
28-Jan-15,1021.00,1032.00,1009.00,1032.00,1885439
27-Jan-15,999.50,1017.00,999.00,1015.00,1515235
26-Jan-15,991.00,1001.12,989.50,998.00,1198132
23-Jan-15,990.50,995.50,981.00,995.50,1224911
22-Jan-15,974.50,988.00,962.00,988.00,1860647
21-Jan-15,965.50,971.32,963.50,971.00,1464212
20-Jan-15,962.00,968.50,958.00,965.50,897396
19-Jan-15,963.00,968.50,954.00,962.00,697972
16-Jan-15,950.50,966.00,943.68,964.50,1992562
15-Jan-15,944.00,951.00,926.50,951.00,1702045
14-Jan-15,941.50,953.00,933.00,941.50,1959593
13-Jan-15,949.00,963.00,938.50,943.00,1758994
12-Jan-15,938.50,956.50,938.50,950.00,1816720
9-Jan-15,941.50,959.00,935.00,938.00,1442658
8-Jan-15,938.00,942.00,925.00,942.00,2255676
7-Jan-15,904.50,934.50,902.50,929.00,2454522
6-Jan-15,919.50,920.00,898.50,900.00,1443717
5-Jan-15,915.00,938.31,911.50,912.00,1670219
31-Dec-14,910.00,918.50,905.25,916.00,299498
30-Dec-14,932.00,937.55,904.00,910.00,1184505
29-Dec-14,940.00,940.00,925.62,933.50,775131
24-Dec-14,936.00,936.00,926.05,931.00,184576
23-Dec-14,933.50,935.50,925.00,933.50,1186187
22-Dec-14,928.00,937.05,927.00,930.50,1302614
19-Dec-14,915.00,932.06,914.50,922.00,3145374
18-Dec-14,910.00,917.56,900.50,914.50,2391338
17-Dec-14,915.00,921.98,905.00,918.00,2431317
16-Dec-14,920.00,923.00,902.00,917.50,3140212
15-Dec-14,901.00,908.50,894.00,896.00,2913601
12-Dec-14,871.00,912.00,870.50,903.00,4192235
11-Dec-14,881.00,887.50,871.00,872.00,1870541
10-Dec-14,872.50,887.00,872.50,882.00,1619310
9-Dec-14,895.50,898.00,872.00,872.00,1790247
8-Dec-14,894.50,904.50,887.50,898.00,1691578
5-Dec-14,901.50,905.50,895.50,900.00,2581137
4-Dec-14,902.50,902.50,890.00,891.00,2822074
3-Dec-14,902.00,904.82,896.50,898.50,1985003
2-Dec-14,913.00,913.00,898.00,899.50,2357038
1-Dec-14,905.00,912.00,899.00,908.00,2205978
28-Nov-14,907.00,912.00,903.50,905.50,2511084
27-Nov-14,911.00,911.00,895.50,907.00,2310305
26-Nov-14,910.50,915.50,906.00,908.50,1704296
25-Nov-14,914.00,915.00,905.00,914.50,2439324
24-Nov-14,913.00,913.00,904.50,910.00,984157
21-Nov-14,911.00,914.50,906.08,910.00,1903009
20-Nov-14,915.50,917.50,906.50,910.00,1656483
19-Nov-14,904.00,919.50,902.60,914.50,1973051
18-Nov-14,893.00,903.50,890.50,903.00,1976738
17-Nov-14,871.00,887.50,871.00,886.50,1379031
14-Nov-14,879.00,879.00,871.00,873.50,1575563
13-Nov-14,874.00,879.50,869.50,876.50,1219262
12-Nov-14,883.50,884.12,869.50,873.00,1780058
11-Nov-14,865.50,883.50,865.50,883.00,2056654
10-Nov-14,856.50,864.00,852.00,863.50,1145244
7-Nov-14,862.50,866.50,852.50,855.50,1240526
6-Nov-14,875.00,875.00,851.36,859.50,2024579
5-Nov-14,845.00,869.00,845.00,865.50,2153621
4-Nov-14,839.00,849.50,838.50,842.00,1727252
3-Nov-14,854.00,854.00,836.50,837.00,1300882
31-Oct-14,865.00,866.00,850.50,854.50,1882861
30-Oct-14,849.00,851.40,837.00,849.50,1155059
29-Oct-14,849.50,852.50,846.00,847.00,824720
28-Oct-14,844.50,852.50,841.00,845.00,1192235
27-Oct-14,851.50,856.00,839.00,840.00,1370214
24-Oct-14,837.00,841.50,835.00,838.00,1092720
23-Oct-14,831.50,840.50,827.00,839.00,1094715
22-Oct-14,823.00,831.17,817.00,830.00,1701287
21-Oct-14,825.00,825.00,814.50,824.00,2207545
20-Oct-14,820.00,827.00,812.00,824.50,1938334
17-Oct-14,808.50,820.50,803.50,820.50,2682382
16-Oct-14,829.50,829.50,788.50,805.50,2934233
15-Oct-14,828.00,828.00,797.00,799.00,2259015
14-Oct-14,803.50,827.50,803.50,825.50,2488867
13-Oct-14,788.50,808.58,784.00,808.00,1743080
10-Oct-14,800.50,808.00,789.55,791.50,2053285
9-Oct-14,807.00,815.00,804.50,805.00,1857990
8-Oct-14,794.00,804.50,794.00,801.50,1695992
7-Oct-14,803.50,805.00,794.50,794.50,1965647
6-Oct-14,813.50,813.50,803.00,805.00,1693960
3-Oct-14,794.00,814.14,792.50,810.00,2466540
2-Oct-14,803.50,803.50,784.00,784.50,1583522
1-Oct-14,807.00,809.50,797.00,799.50,1448940
30-Sep-14,812.50,814.00,807.00,808.00,2217113
29-Sep-14,804.00,812.00,801.00,811.00,1681142
26-Sep-14,809.00,812.00,804.92,806.50,2599379
25-Sep-14,822.50,826.50,807.00,809.00,1869338
24-Sep-14,813.00,829.50,813.00,822.00,2213984
23-Sep-14,842.00,842.00,813.18,814.00,2006321
22-Sep-14,850.00,851.00,838.28,841.50,1200599
19-Sep-14,846.50,855.00,843.50,847.50,2577706
18-Sep-14,844.00,846.50,836.05,839.00,1477941
17-Sep-14,847.00,851.50,844.00,844.00,807049
16-Sep-14,858.00,858.00,843.00,846.00,1505142
15-Sep-14,845.50,858.50,845.50,857.50,1248395
12-Sep-14,856.50,858.50,845.50,849.00,1182257
11-Sep-14,861.50,861.60,849.00,854.00,1325511
10-Sep-14,855.00,859.50,851.50,858.50,1012757
9-Sep-14,862.50,863.50,857.00,858.00,1155146
8-Sep-14,871.50,873.75,863.00,866.00,997346
5-Sep-14,880.00,882.00,873.50,874.00,1481037
4-Sep-14,884.50,885.50,878.50,879.00,1604128
3-Sep-14,874.50,890.00,874.50,884.50,1838037
2-Sep-14,874.00,877.00,860.00,872.00,1781722
1-Sep-14,876.00,877.64,870.01,873.00,1401612
29-Aug-14,890.00,891.56,872.08,877.00,2479586
28-Aug-14,896.00,902.50,888.00,889.00,1519665
27-Aug-14,895.00,897.00,889.50,896.50,2541056
26-Aug-14,902.50,911.50,893.92,908.00,1630455
22-Aug-14,894.00,896.50,891.00,896.00,1219814
21-Aug-14,890.00,899.09,889.00,893.50,1980068
20-Aug-14,877.50,890.50,874.50,890.00,1064553
19-Aug-14,878.00,880.18,873.00,876.00,663076
18-Aug-14,878.00,879.50,870.00,874.00,776449
15-Aug-14,870.00,878.77,868.00,870.50,1272808
14-Aug-14,857.50,868.50,856.00,866.00,822613
13-Aug-14,854.00,862.60,851.84,858.50,1324575
12-Aug-14,842.00,846.50,833.50,846.50,984845
11-Aug-14,843.00,848.00,837.00,844.50,1052562
8-Aug-14,836.00,841.00,834.81,838.00,1275407
7-Aug-14,846.00,848.00,840.50,843.00,1668147
6-Aug-14,850.00,854.50,839.00,848.00,2237283
5-Aug-14,862.00,872.00,854.00,855.50,2062055
4-Aug-14,856.50,865.67,852.00,858.50,1500539
1-Aug-14,883.50,883.50,855.50,856.00,2891080
31-Jul-14,891.50,896.00,886.50,890.00,1449990
30-Jul-14,905.50,905.50,891.50,894.50,848437
29-Jul-14,895.50,904.50,893.00,902.50,679267
28-Jul-14,895.00,899.02,887.00,895.50,1030298
25-Jul-14,901.50,903.25,891.50,894.00,952285
24-Jul-14,900.00,904.00,895.00,904.00,906756
23-Jul-14,899.00,902.52,895.50,901.50,1114481
22-Jul-14,893.50,901.00,891.00,901.00,985805
21-Jul-14,896.00,896.50,885.00,890.50,949695
18-Jul-14,883.00,894.50,880.00,894.00,1210413
17-Jul-14,884.50,886.00,873.55,882.00,1230138
16-Jul-14,887.00,889.00,883.00,887.50,1389839
15-Jul-14,877.50,887.00,874.08,885.00,1196827
14-Jul-14,880.00,880.50,872.50,876.50,1128450
11-Jul-14,872.00,876.50,866.50,876.50,1094369
10-Jul-14,875.50,885.75,869.55,871.00,1252929
9-Jul-14,894.00,895.00,873.50,875.50,1374599
8-Jul-14,895.00,897.50,890.50,892.00,1140176
7-Jul-14,893.50,902.00,890.00,892.00,1031890
4-Jul-14,893.00,896.00,885.00,893.00,939564
3-Jul-14,895.50,896.50,884.00,896.50,1684269
2-Jul-14,894.00,897.50,889.50,891.50,1154962
1-Jul-14,882.00,893.50,881.50,893.00,1224761
30-Jun-14,879.00,886.00,878.50,881.91,1285559
27-Jun-14,877.50,880.50,873.50,880.50,1326897
26-Jun-14,867.50,876.00,866.10,875.50,1056445
25-Jun-14,872.00,872.00,861.50,864.50,1442866
24-Jun-14,882.00,882.58,872.50,875.50,1333645
23-Jun-14,878.50,884.50,870.50,883.50,1514398
20-Jun-14,869.50,895.03,869.50,875.00,2618821
19-Jun-14,866.50,871.50,863.00,870.50,1502503
18-Jun-14,863.50,879.53,851.35,861.50,1424971
17-Jun-14,889.00,894.30,883.50,886.00,1664178
16-Jun-14,889.50,893.50,882.50,888.50,1399402
13-Jun-14,885.50,895.00,882.70,893.00,1615510
12-Jun-14,891.50,899.00,883.50,886.50,1686967
11-Jun-14,899.50,902.70,887.00,890.50,1620989
10-Jun-14,892.50,901.00,888.00,901.00,1561547
9-Jun-14,888.00,896.00,880.50,893.50,1174727
6-Jun-14,883.50,885.50,878.00,885.50,1212855
5-Jun-14,867.50,883.00,867.50,883.00,1462716
4-Jun-14,869.00,871.00,863.00,868.00,1390108
3-Jun-14,874.50,876.42,862.02,868.50,1478731
2-Jun-14,868.00,881.00,868.00,877.00,1382977
30-May-14,860.00,868.00,858.00,868.00,1909062
29-May-14,857.00,865.85,853.00,860.50,742106
28-May-14,857.00,862.50,853.50,859.96,1160132
27-May-14,850.50,858.50,845.50,858.46,1633826
23-May-14,848.00,851.00,840.00,845.96,1639443
22-May-14,858.50,862.00,849.50,854.95,1131087
21-May-14,856.00,862.00,847.00,852.46,1436402
20-May-14,851.00,858.33,849.00,853.96,1338521
19-May-14,840.00,849.50,836.00,848.08,1376964
16-May-14,843.50,844.50,833.00,837.50,1875969
15-May-14,835.50,842.50,831.00,840.46,1239869
14-May-14,834.00,846.00,834.00,836.00,1695344
13-May-14,843.00,843.00,831.00,834.50,1293284
12-May-14,821.00,839.50,817.00,839.50,1441767
9-May-14,817.00,822.50,809.00,822.50,1376836
8-May-14,817.50,827.50,810.00,819.00,1558222
7-May-14,804.50,816.50,801.94,816.50,1598851
6-May-14,797.00,807.00,795.50,804.00,1055996
2-May-14,796.50,803.00,792.00,794.00,1150206
1-May-14,795.50,802.48,792.66,794.00,439293
30-Apr-14,790.00,800.60,787.05,796.00,1543571
29-Apr-14,786.00,793.00,784.00,792.50,1293961
28-Apr-14,779.00,785.18,775.50,781.50,1208157
25-Apr-14,778.50,781.00,773.50,777.54,1062460
24-Apr-14,778.00,782.00,773.00,779.50,767790
23-Apr-14,774.50,779.00,771.50,775.50,604669
22-Apr-14,769.00,780.50,767.50,776.58,833049
17-Apr-14,777.00,777.00,767.00,769.50,1523697
16-Apr-14,775.00,777.00,767.71,775.00,1527021
15-Apr-14,754.00,773.50,754.00,769.50,1744136
14-Apr-14,758.00,759.26,749.68,753.50,1180097
11-Apr-14,760.50,763.00,751.50,758.50,1387276
10-Apr-14,772.00,773.00,763.50,766.00,1676014
9-Apr-14,770.00,776.00,767.86,770.00,1717729
8-Apr-14,785.50,787.75,769.00,770.00,2031298
7-Apr-14,790.00,794.50,786.50,788.00,1032349
4-Apr-14,789.00,799.50,788.50,793.50,1216985
3-Apr-14,794.50,797.82,786.00,788.50,1145947
2-Apr-14,800.50,807.76,795.00,795.00,1511482
1-Apr-14,790.50,805.50,788.00,801.00,1561058
31-Mar-14,799.00,799.50,785.00,788.00,1589494
28-Mar-14,795.50,799.50,789.50,796.50,1310394
27-Mar-14,798.50,799.17,787.50,792.00,1515693
26-Mar-14,799.00,809.50,795.00,799.00,1365201
25-Mar-14,797.00,805.43,793.00,798.50,1464966
24-Mar-14,802.00,804.00,790.12,796.50,1246356
21-Mar-14,792.00,805.00,789.55,804.50,3616289
20-Mar-14,791.00,791.00,780.36,790.00,1692957
19-Mar-14,799.00,802.00,792.50,795.00,1867395
18-Mar-14,791.50,803.00,789.35,799.50,1738358
17-Mar-14,787.00,795.84,783.50,792.50,1500035
14-Mar-14,785.00,791.50,780.50,786.50,2540757
13-Mar-14,807.00,807.00,793.00,794.00,2195041
12-Mar-14,800.50,806.00,798.00,804.00,1815294
11-Mar-14,795.50,801.00,790.50,801.00,2346428
10-Mar-14,787.00,798.50,785.00,795.00,2111256
7-Mar-14,783.00,791.00,779.00,787.00,2178836
6-Mar-14,793.50,795.00,781.00,783.00,1649900
5-Mar-14,787.00,795.00,786.50,793.00,1617204
4-Mar-14,781.50,788.50,777.00,786.50,1629658
3-Mar-14,771.00,781.50,767.50,779.92,2021732
28-Feb-14,779.00,784.00,777.00,779.50,2111341
27-Feb-14,782.00,782.00,774.00,780.00,2835651
26-Feb-14,778.00,783.00,770.50,780.50,2960141
25-Feb-14,781.50,789.50,779.00,785.60,3478105
24-Feb-14,776.00,782.50,774.50,781.00,2245630
21-Feb-14,776.50,779.50,768.00,776.50,2787876
20-Feb-14,762.50,773.50,760.00,773.00,1773405
19-Feb-14,761.00,766.00,756.00,765.50,1595280
18-Feb-14,756.50,762.00,749.50,760.00,2182915
17-Feb-14,750.50,760.50,750.50,757.00,1271596
14-Feb-14,748.50,753.00,744.00,753.00,1652266
13-Feb-14,744.50,745.50,737.50,745.50,1858618
12-Feb-14,752.50,752.50,742.00,745.00,2214843
11-Feb-14,741.00,752.50,737.50,752.50,2385235
10-Feb-14,734.50,738.50,729.00,738.50,1271152
7-Feb-14,727.00,733.50,724.50,733.00,1765196
6-Feb-14,718.00,729.50,713.50,725.50,2026201
5-Feb-14,713.50,715.50,704.50,714.00,1597217
4-Feb-14,721.00,724.00,713.00,713.50,1816237
3-Feb-14,715.00,727.50,713.50,722.50,1396112
31-Jan-14,723.00,729.00,705.00,716.00,1866382
30-Jan-14,720.50,732.50,715.00,723.50,1945800
29-Jan-14,741.00,741.00,712.50,719.00,3491279
28-Jan-14,722.00,737.00,706.50,737.00,3535057
27-Jan-14,703.50,717.50,684.50,713.50,4129535
24-Jan-14,706.00,708.50,696.00,700.50,2467202
23-Jan-14,702.50,724.00,700.50,705.50,3640348
22-Jan-14,698.00,704.00,696.00,703.00,1739070
21-Jan-14,689.00,700.00,686.00,696.00,1747583
20-Jan-14,689.50,691.00,686.50,690.00,1480330
17-Jan-14,691.00,695.50,682.50,688.00,1772725
16-Jan-14,690.00,693.00,678.00,689.00,4453540
15-Jan-14,666.50,668.00,656.00,659.00,1259333
14-Jan-14,655.00,665.00,655.00,665.00,910943
13-Jan-14,659.50,661.50,655.50,659.50,1627487
10-Jan-14,663.00,665.00,657.50,659.50,1254639
9-Jan-14,658.50,661.00,653.50,658.50,1495336
8-Jan-14,667.50,668.00,654.50,659.50,1887197
7-Jan-14,671.50,674.00,664.00,666.00,1873390
6-Jan-14,674.50,677.50,672.50,672.50,791705
3-Jan-14,672.00,678.50,670.50,675.00,1094656
2-Jan-14,672.00,677.50,668.50,670.00,1521827
31-Dec-13,675.00,678.00,671.50,671.50,467583
30-Dec-13,672.50,678.50,667.00,671.50,741709
27-Dec-13,672.50,677.50,667.00,669.00,906784
24-Dec-13,658.00,668.00,658.00,665.00,174740
23-Dec-13,652.50,662.00,652.00,661.50,1440859
20-Dec-13,655.50,656.50,650.50,652.00,2042979
19-Dec-13,656.50,657.00,643.00,655.00,3095829
18-Dec-13,657.00,662.50,650.50,650.50,1732855
17-Dec-13,664.00,673.00,662.50,668.00,2504745
16-Dec-13,657.00,664.50,655.00,663.00,1681924
13-Dec-13,658.50,659.00,651.00,657.00,2035784
12-Dec-13,646.00,659.50,645.00,655.50,3082300
11-Dec-13,644.50,648.00,641.00,644.50,1080563
10-Dec-13,645.00,649.50,641.00,641.50,1245014
9-Dec-13,646.00,648.00,643.50,646.50,1290345
6-Dec-13,647.00,649.50,644.00,645.50,1121112
5-Dec-13,646.00,656.00,644.00,647.00,2356398
4-Dec-13,650.00,655.50,648.00,648.50,1981384
3-Dec-13,653.00,658.00,650.00,651.50,2807343
2-Dec-13,660.00,660.50,650.50,650.50,2096897
29-Nov-13,659.50,662.50,657.00,658.50,1327456
28-Nov-13,658.50,663.50,650.00,659.00,1790080
27-Nov-13,657.50,671.00,655.50,656.50,2057372
26-Nov-13,667.50,670.00,656.00,657.00,2462175
25-Nov-13,666.50,671.00,665.00,665.50,1831742
22-Nov-13,674.00,676.00,664.00,666.00,1498236
21-Nov-13,675.00,675.50,665.50,673.50,2076771
20-Nov-13,679.50,685.00,672.50,675.00,2007478
19-Nov-13,691.00,693.50,682.00,684.50,1773774
18-Nov-13,689.50,695.00,687.00,691.50,1369515
15-Nov-13,696.50,696.50,689.00,692.50,1476037
14-Nov-13,695.00,697.50,687.00,692.50,1391466
13-Nov-13,687.50,693.50,682.00,692.00,1562415
12-Nov-13,687.50,688.50,682.50,688.50,1384891
11-Nov-13,686.50,687.50,682.00,686.00,727561
8-Nov-13,676.00,686.00,674.00,684.00,1516796
7-Nov-13,689.00,693.00,678.00,680.50,1707788
6-Nov-13,693.00,695.00,687.50,691.00,1607477
5-Nov-13,694.00,696.00,685.00,691.00,1998448
4-Nov-13,700.00,700.00,690.00,692.00,1775905
1-Nov-13,707.00,707.00,698.50,702.00,999271
31-Oct-13,713.50,716.00,701.50,704.50,1806786
30-Oct-13,717.50,721.50,710.00,714.00,1117781
29-Oct-13,717.50,720.50,714.00,718.50,1043030
28-Oct-13,720.00,722.00,706.00,713.00,1804291
25-Oct-13,717.00,722.00,715.50,718.50,801484
24-Oct-13,718.00,720.00,712.50,718.00,1001244
23-Oct-13,701.50,722.50,-,716.50,2075851
22-Oct-13,705.00,708.50,700.00,705.00,2084694
21-Oct-13,710.00,714.50,706.50,707.50,1071954
18-Oct-13,707.00,712.50,703.50,710.00,2250455
17-Oct-13,703.00,706.50,699.50,700.00,1386784
16-Oct-13,703.00,706.00,700.00,705.00,1096962
15-Oct-13,706.00,707.50,697.00,703.50,997701
14-Oct-13,696.00,703.50,696.00,699.50,819065
11-Oct-13,695.00,702.50,689.00,700.00,1029617
10-Oct-13,692.00,697.00,687.00,695.00,1069728
9-Oct-13,685.00,690.50,684.50,688.50,893181
8-Oct-13,697.00,697.00,685.50,685.50,1267783
7-Oct-13,693.50,698.00,691.00,695.50,1040207
4-Oct-13,692.50,698.00,691.00,696.00,815516
3-Oct-13,703.50,707.00,693.00,694.50,1154167
2-Oct-13,699.50,706.00,693.50,705.00,1707183
1-Oct-13,691.00,700.00,690.00,700.00,1992967
30-Sep-13,685.00,695.00,685.00,691.00,2580298
27-Sep-13,693.50,696.50,688.50,689.50,1001287
26-Sep-13,693.50,697.00,688.50,692.00,1085511
25-Sep-13,703.00,704.00,692.00,695.50,1381064
24-Sep-13,699.00,704.00,699.00,703.00,942720
20-Sep-13,703.00,712.50,702.50,704.00,2812822
19-Sep-13,700.00,713.50,695.00,707.50,3999822
18-Sep-13,705.00,712.00,688.50,691.50,3392522
17-Sep-13,688.50,706.50,688.50,703.00,3643161
16-Sep-13,686.00,691.50,684.00,687.50,796611
13-Sep-13,684.50,685.00,677.50,680.50,1034580
12-Sep-13,678.00,690.00,678.00,684.00,1540873
11-Sep-13,679.50,687.50,677.50,680.00,1875966
10-Sep-13,677.50,682.50,676.00,681.00,1579302
9-Sep-13,681.00,683.00,671.00,673.00,1374942
6-Sep-13,682.00,685.50,673.50,680.50,2403596
5-Sep-13,682.00,684.00,678.00,681.50,1270859
4-Sep-13,683.00,686.50,678.00,680.00,1804489
3-Sep-13,683.00,686.50,678.00,681.50,1665214
2-Sep-13,683.00,686.00,680.50,682.50,1245991
30-Aug-13,694.50,694.50,678.50,678.50,1957251
29-Aug-13,682.50,694.00,680.50,693.00,1090185
28-Aug-13,680.50,686.50,680.50,683.00,1281847
27-Aug-13,691.00,692.00,680.50,681.00,1477117
23-Aug-13,688.00,690.50,684.50,690.50,827518
22-Aug-13,685.50,693.00,684.50,686.50,1204117
21-Aug-13,688.50,690.50,683.50,684.00,1101558
20-Aug-13,681.00,691.00,681.00,688.00,977745
19-Aug-13,687.00,687.50,681.00,684.00,1511477
16-Aug-13,688.50,693.00,683.00,686.50,1724305
15-Aug-13,704.50,705.50,684.50,688.00,1870731
14-Aug-13,707.00,711.00,701.50,705.00,1003463
13-Aug-13,709.00,712.00,700.00,707.50,1692521
12-Aug-13,714.50,714.50,702.50,708.00,1325244
9-Aug-13,720.00,720.00,709.50,714.00,1569625
8-Aug-13,717.00,722.00,716.50,717.50,1391287
7-Aug-13,721.50,726.50,716.00,716.00,1649352
6-Aug-13,727.00,728.50,720.50,724.50,1285379
5-Aug-13,725.50,735.50,721.50,726.50,986170
2-Aug-13,724.50,730.50,722.50,725.00,1117205
1-Aug-13,722.00,724.50,715.50,722.50,1151614
31-Jul-13,721.00,728.00,719.50,721.50,1545628
30-Jul-13,716.00,728.50,716.00,721.50,1143479
29-Jul-13,717.50,727.50,708.50,714.00,1147310
26-Jul-13,718.00,721.50,712.00,716.50,1002069
25-Jul-13,712.00,721.00,708.00,717.50,1939084
24-Jul-13,713.50,717.50,707.50,710.50,1366607
23-Jul-13,720.00,721.50,713.00,713.00,1080308
22-Jul-13,727.00,727.50,716.50,716.50,1016398
19-Jul-13,717.00,729.00,717.00,727.50,1905708
18-Jul-13,709.50,723.00,708.50,720.00,1226282
17-Jul-13,718.00,720.00,707.50,710.00,1135176
16-Jul-13,710.50,718.00,708.50,713.00,1461337
15-Jul-13,706.50,715.00,706.50,711.50,1192006
12-Jul-13,719.50,722.00,704.00,706.00,1290316
11-Jul-13,715.50,719.50,707.00,719.50,1767634
10-Jul-13,714.50,715.21,706.00,711.00,1593614
9-Jul-13,709.00,717.50,707.00,716.00,1295877
8-Jul-13,706.50,707.50,698.82,704.50,1631745
5-Jul-13,701.00,709.00,694.50,702.50,1629840
4-Jul-13,689.50,707.00,688.00,701.50,1810906
3-Jul-13,692.00,698.00,683.78,686.00,1791219
2-Jul-13,685.50,696.00,681.50,695.00,1906189
1-Jul-13,685.00,689.81,681.50,685.00,1673820
28-Jun-13,680.00,688.00,675.50,684.00,3025267
27-Jun-13,674.00,684.50,671.50,680.00,2509333
26-Jun-13,669.50,676.00,648.76,672.00,2982145
25-Jun-13,657.50,669.00,656.00,665.50,3502513
24-Jun-13,649.50,662.31,647.00,655.50,3347038
21-Jun-13,666.95,688.38,649.00,649.00,6034419
20-Jun-13,687.50,703.88,665.43,665.50,3384608
19-Jun-13,709.00,725.88,691.00,692.00,3099216
18-Jun-13,724.50,730.50,722.50,726.50,2283371
17-Jun-13,731.50,738.10,724.50,724.50,2588229
14-Jun-13,736.00,739.00,723.00,729.50,2154793
13-Jun-13,722.00,734.18,721.50,730.50,2361798
12-Jun-13,715.00,736.88,715.00,728.00,4014591
11-Jun-13,732.00,740.50,714.86,732.00,2795687
10-Jun-13,746.00,746.00,714.43,734.50,2600802
7-Jun-13,740.00,752.50,731.50,749.00,4329629
6-Jun-13,747.00,754.50,737.00,737.00,2018986
5-Jun-13,754.00,758.00,746.00,746.00,1878497
4-Jun-13,748.00,757.50,745.50,754.00,2267245
3-Jun-13,754.00,759.50,748.00,755.50,2487510
31-May-13,758.50,763.37,755.50,756.00,2892067
30-May-13,755.50,765.32,753.00,758.50,2227643
29-May-13,784.00,784.47,750.50,755.00,3676298
28-May-13,790.50,793.00,779.86,787.00,3348258
24-May-13,793.50,793.50,784.00,787.00,2375125
23-May-13,780.00,795.00,775.50,787.50,2826042
22-May-13,785.00,786.50,779.50,781.50,2303506
21-May-13,785.00,787.00,781.00,787.00,1967225
20-May-13,782.00,785.00,774.00,784.50,2510311
17-May-13,763.00,767.44,757.50,765.00,1846610
16-May-13,762.50,768.00,758.50,761.50,2813251
15-May-13,748.50,763.50,748.00,762.50,2181504
14-May-13,775.00,789.50,758.50,760.50,5364282
13-May-13,740.00,740.50,737.00,739.50,1167236
10-May-13,743.50,748.50,734.68,738.50,2068014
9-May-13,742.00,745.50,740.00,743.50,1068051
8-May-13,741.00,748.50,739.66,744.00,1658825
7-May-13,742.50,750.00,738.56,741.00,2027382
3-May-13,739.50,748.00,738.00,740.50,2105406
2-May-13,744.50,748.50,735.40,739.00,2229544
1-May-13,750.00,750.00,741.00,745.50,948137
30-Apr-13,741.50,746.00,740.00,740.50,3307301
29-Apr-13,732.00,743.50,732.00,741.00,2151699
26-Apr-13,730.00,739.50,726.00,732.50,2334208
25-Apr-13,737.00,741.24,732.00,736.00,2228193
24-Apr-13,745.50,749.00,736.82,738.50,2183900
23-Apr-13,742.00,748.00,740.50,746.50,2084057
22-Apr-13,743.50,744.50,738.50,742.00,1911436
19-Apr-13,738.00,743.00,730.69,742.50,1867393
18-Apr-13,745.50,745.50,736.36,736.50,1950747
17-Apr-13,737.50,740.50,733.18,740.00,2695284
16-Apr-13,737.00,738.50,729.50,731.50,2001032
15-Apr-13,740.00,744.50,730.00,739.00,2781062
12-Apr-13,720.00,725.38,717.06,721.00,1488393
11-Apr-13,718.00,723.50,716.00,719.50,1686488
10-Apr-13,710.50,719.50,706.36,717.50,2284901
9-Apr-13,714.50,715.50,707.50,709.00,2099430
8-Apr-13,706.50,709.31,702.50,706.00,1384709
5-Apr-13,714.00,717.00,703.93,705.00,1400914
4-Apr-13,713.00,717.00,709.00,711.00,2028757
3-Apr-13,709.00,715.00,707.00,708.00,2002005
2-Apr-13,711.50,717.50,705.50,706.50,1446626
28-Mar-13,703.50,710.00,703.50,708.50,1786785
27-Mar-13,709.00,709.00,696.15,704.00,2253043
26-Mar-13,706.00,709.00,703.36,705.50,1625312
25-Mar-13,705.00,705.00,685.00,703.50,2286051
22-Mar-13,710.50,711.28,703.54,709.00,1745855
21-Mar-13,700.00,714.00,696.50,709.00,3143285
20-Mar-13,704.00,706.00,694.50,695.50,3944929
19-Mar-13,684.00,699.91,683.86,695.50,3789179
18-Mar-13,683.00,687.50,673.50,684.00,1366744
15-Mar-13,703.50,703.50,684.43,689.00,6094434
14-Mar-13,716.00,716.00,700.82,702.50,3825750
13-Mar-13,715.00,719.50,713.00,714.50,1515079
12-Mar-13,722.50,727.00,711.93,714.00,2139025
11-Mar-13,712.50,726.00,712.00,723.50,2853643
8-Mar-13,726.50,728.95,707.00,711.50,4217292
7-Mar-13,745.00,749.50,725.00,726.00,2661851
6-Mar-13,747.50,747.50,739.32,742.00,1402442
5-Mar-13,749.00,750.50,741.50,747.50,1692570
4-Mar-13,739.00,750.50,737.42,745.00,1396530
1-Mar-13,739.00,740.50,732.00,739.00,1373474
28-Feb-13,738.50,741.75,733.50,741.00,1798256
27-Feb-13,730.50,738.00,728.50,736.00,1606372
26-Feb-13,731.00,735.50,727.00,730.00,1632039
25-Feb-13,740.00,743.50,731.00,735.50,1463640
22-Feb-13,735.50,740.35,733.50,740.00,1527458
21-Feb-13,735.00,736.50,730.00,733.00,1800175
20-Feb-13,727.00,737.50,725.00,736.50,2258013
19-Feb-13,722.00,726.15,719.50,725.50,1780351
18-Feb-13,722.50,726.15,717.65,723.50,2114807
15-Feb-13,718.00,723.50,711.68,720.00,2156727
14-Feb-13,729.50,731.00,718.00,718.50,1677224
13-Feb-13,728.50,734.00,723.50,729.50,1492814
12-Feb-13,727.50,735.00,727.50,730.00,1303907
11-Feb-13,727.50,734.83,720.52,728.00,1291878
8-Feb-13,729.00,735.00,727.00,727.50,2100765
7-Feb-13,736.00,743.50,726.00,726.00,1596262
6-Feb-13,735.00,740.50,731.50,736.50,1568385
5-Feb-13,731.00,742.00,730.00,733.00,1939791
4-Feb-13,733.50,741.00,729.50,729.50,2139051
1-Feb-13,735.00,742.00,730.50,731.50,2960239
31-Jan-13,742.00,750.27,729.57,732.00,3573118
30-Jan-13,743.00,752.04,740.00,740.00,2393181
29-Jan-13,745.50,751.50,737.00,740.00,2037962
28-Jan-13,747.50,749.00,739.12,743.00,1562021
25-Jan-13,749.00,757.00,738.12,745.00,3546196
24-Jan-13,720.00,749.00,719.50,747.50,6029548
23-Jan-13,725.00,755.00,714.50,717.50,8432111
22-Jan-13,721.00,723.44,712.00,717.00,2342904
21-Jan-13,714.50,723.50,711.92,720.50,2987530
18-Jan-13,712.00,717.00,709.00,711.00,2526311
17-Jan-13,713.00,718.50,708.50,711.00,2246168
16-Jan-13,697.50,715.00,695.50,712.00,4170035
15-Jan-13,686.00,698.18,686.00,697.50,2948470
14-Jan-13,698.00,698.50,685.00,685.00,1856418
11-Jan-13,695.00,695.50,686.00,695.00,2660815
10-Jan-13,690.00,700.91,688.50,692.50,4812499
9-Jan-13,676.50,691.00,617.00,687.00,6097652
8-Jan-13,676.00,681.50,675.00,675.00,1841683
7-Jan-13,682.50,685.00,670.50,676.00,2008396
4-Jan-13,689.00,691.12,680.35,684.50,2230397
3-Jan-13,687.50,690.00,685.00,688.00,1848356
2-Jan-13,680.50,686.50,677.00,685.50,2019209
