31-Dec-15,277.50,277.50,266.10,275.20,54209
30-Dec-15,276.60,277.32,266.90,271.70,293512
29-Dec-15,280.90,284.20,269.50,276.10,453381
24-Dec-15,280.70,291.90,278.50,284.00,126924
23-Dec-15,278.80,290.80,278.20,281.60,510251
22-Dec-15,262.20,277.62,262.00,274.60,363922
21-Dec-15,262.10,280.05,260.90,263.00,439689
18-Dec-15,265.70,269.70,258.00,266.30,576421
16-Dec-15,285.50,290.20,271.36,277.20,805147
15-Dec-15,279.90,294.10,276.99,288.50,362503
14-Dec-15,286.30,292.10,274.20,276.30,433035
11-Dec-15,310.90,318.25,282.76,289.90,620110
10-Dec-15,327.20,332.00,304.30,311.30,449366
9-Dec-15,331.00,335.60,308.93,320.00,647176
8-Dec-15,331.40,350.00,317.57,323.10,794395
7-Dec-15,366.60,366.60,334.49,334.50,480527
4-Dec-15,362.70,379.57,345.70,359.70,656539
3-Dec-15,370.70,381.80,362.20,367.80,402111
2-Dec-15,376.50,382.70,367.70,374.00,439634
1-Dec-15,374.00,383.30,369.50,380.00,242478
30-Nov-15,373.80,380.30,359.64,376.80,471330
27-Nov-15,378.40,378.40,361.80,366.70,381317
26-Nov-15,377.50,383.30,365.20,370.00,557994
25-Nov-15,389.60,391.80,368.10,370.60,626046
24-Nov-15,377.30,391.80,372.00,383.30,595154
23-Nov-15,379.70,399.01,366.20,383.70,508299
20-Nov-15,383.80,399.62,376.08,382.50,686438
19-Nov-15,406.30,412.00,386.90,391.50,510263
18-Nov-15,396.00,407.00,390.89,397.40,478797
17-Nov-15,397.50,415.30,393.00,402.00,338409
16-Nov-15,403.40,420.90,391.90,397.30,234335
13-Nov-15,406.80,429.91,403.99,406.40,303563
12-Nov-15,410.40,421.80,400.36,406.80,434794
11-Nov-15,428.00,446.07,405.70,414.50,681748
10-Nov-15,455.10,461.06,426.60,429.00,637537
9-Nov-15,480.00,491.40,458.20,464.50,589852
6-Nov-15,486.70,490.76,464.10,477.70,366033
5-Nov-15,509.00,509.00,480.80,486.60,487013
4-Nov-15,506.50,518.50,486.10,509.50,661262
3-Nov-15,505.00,516.50,494.00,512.00,539175
2-Nov-15,492.20,504.00,483.20,503.00,261661
30-Oct-15,487.00,505.64,479.38,494.50,333744
29-Oct-15,494.70,495.96,472.88,487.60,442782
28-Oct-15,475.00,502.63,455.70,499.70,489439
27-Oct-15,502.50,502.50,466.20,469.80,546772
26-Oct-15,516.50,516.50,490.70,498.40,233693
23-Oct-15,500.50,524.50,495.40,509.00,489164
22-Oct-15,483.90,499.81,480.00,497.70,406571
21-Oct-15,495.90,510.26,484.09,489.10,496709
20-Oct-15,542.00,544.00,497.50,499.00,810148
19-Oct-15,569.00,575.14,542.00,542.00,300749
16-Oct-15,566.00,589.45,566.00,576.50,487628
15-Oct-15,564.50,583.09,555.00,565.00,228008
14-Oct-15,570.00,588.78,555.00,566.00,472310
13-Oct-15,617.50,617.50,575.50,581.00,720239
12-Oct-15,602.50,614.00,589.04,603.50,919961
9-Oct-15,550.00,609.00,550.00,594.50,1510315
8-Oct-15,514.50,534.23,488.20,530.00,534831
7-Oct-15,457.40,527.00,455.10,509.50,1018110
6-Oct-15,435.70,448.00,420.97,446.50,526525
5-Oct-15,427.70,441.00,426.10,429.80,352297
2-Oct-15,422.90,435.60,417.00,423.50,255160
1-Oct-15,430.80,442.30,415.20,418.00,453811
30-Sep-15,446.50,456.58,417.90,425.20,677032
29-Sep-15,429.10,457.20,418.80,440.30,673631
28-Sep-15,459.60,459.60,424.00,429.10,563406
25-Sep-15,466.10,486.20,452.20,455.40,525952
24-Sep-15,475.30,475.30,450.00,453.90,353520
23-Sep-15,464.00,486.20,463.40,469.50,448693
22-Sep-15,505.50,510.00,466.20,466.60,603038
21-Sep-15,525.00,530.50,505.00,511.50,347446
18-Sep-15,529.00,556.50,512.00,522.50,673468
17-Sep-15,545.50,569.00,511.00,538.50,416143
16-Sep-15,541.00,552.69,524.00,550.50,493930
15-Sep-15,529.00,539.64,509.50,530.50,396378
14-Sep-15,505.00,523.00,504.50,519.50,317690
11-Sep-15,522.50,522.50,501.00,511.00,475574
10-Sep-15,520.00,529.50,498.03,512.50,529701
9-Sep-15,522.50,530.27,506.00,508.00,509487
8-Sep-15,508.00,534.00,506.56,510.00,711050
7-Sep-15,513.50,541.50,512.00,517.00,274556
4-Sep-15,572.50,580.20,501.50,511.00,657009
3-Sep-15,583.50,598.00,575.00,583.50,766517
2-Sep-15,570.50,587.00,544.94,570.00,536482
1-Sep-15,541.50,575.00,537.50,561.00,1075764
28-Aug-15,532.00,560.50,531.26,547.50,753969
27-Aug-15,513.50,539.50,506.00,531.50,551418
26-Aug-15,492.90,510.00,467.21,500.50,605145
25-Aug-15,453.00,499.92,441.50,493.10,711553
24-Aug-15,459.60,464.60,433.00,440.90,520208
21-Aug-15,449.00,460.00,436.80,460.00,606358
20-Aug-15,476.00,478.80,452.00,453.00,1062003
19-Aug-15,494.90,498.00,475.10,479.30,446447
18-Aug-15,484.80,494.00,478.20,491.70,422026
17-Aug-15,493.00,497.30,481.62,488.90,570655
14-Aug-15,475.00,497.30,469.78,485.60,697147
13-Aug-15,474.00,480.00,458.50,480.00,970930
12-Aug-15,440.40,479.40,430.00,470.00,650383
11-Aug-15,502.00,502.00,442.90,454.00,874063
10-Aug-15,452.50,496.89,436.60,491.40,860266
7-Aug-15,413.00,453.80,410.90,446.70,764259
6-Aug-15,406.40,414.00,388.30,414.00,698456
5-Aug-15,401.20,419.40,398.00,411.40,853324
4-Aug-15,382.30,413.60,377.50,402.00,810602
3-Aug-15,400.20,400.20,378.23,382.40,483238
31-Jul-15,388.50,402.91,373.80,399.30,863888
30-Jul-15,396.60,399.78,383.10,385.00,921067
29-Jul-15,401.20,409.54,394.00,398.50,885698
28-Jul-15,401.90,410.50,394.27,401.20,545498
27-Jul-15,430.00,430.00,397.23,398.90,727380
24-Jul-15,447.60,448.50,430.09,432.30,511490
23-Jul-15,454.30,455.00,440.80,447.20,361596
22-Jul-15,455.60,462.03,444.00,446.90,659627
21-Jul-15,468.50,470.00,455.39,462.10,564861
20-Jul-15,470.70,470.70,459.60,462.10,374349
17-Jul-15,474.00,480.00,458.10,461.40,642831
16-Jul-15,461.00,472.88,455.20,467.30,473486
15-Jul-15,460.00,470.00,456.30,459.50,666187
14-Jul-15,451.20,459.80,441.70,452.10,567479
13-Jul-15,456.80,461.50,437.00,447.60,1118684
10-Jul-15,464.20,482.10,453.50,454.60,1042076
9-Jul-15,459.00,463.00,439.90,455.00,2093703
8-Jul-15,455.00,479.00,445.40,470.50,1800157
7-Jul-15,470.50,471.11,450.00,455.10,1452647
6-Jul-15,501.00,504.89,456.50,472.80,1431364
3-Jul-15,518.00,518.00,504.50,508.00,593381
2-Jul-15,508.00,525.50,505.00,514.50,797246
1-Jul-15,520.00,529.64,504.00,509.00,1009502
30-Jun-15,546.50,550.00,511.00,520.00,2679542
29-Jun-15,550.00,566.50,541.50,557.50,1663223
26-Jun-15,576.50,588.00,562.50,566.00,1248441
25-Jun-15,586.00,601.00,580.00,581.00,702002
24-Jun-15,593.00,597.50,577.19,591.50,788358
23-Jun-15,594.00,598.00,578.50,588.00,641776
22-Jun-15,589.00,592.00,572.00,590.00,643074
19-Jun-15,576.50,589.50,574.00,578.50,1055934
18-Jun-15,577.50,598.50,569.00,578.00,876489
17-Jun-15,585.50,599.00,573.50,583.00,781392
16-Jun-15,590.00,595.00,575.84,582.00,1034711
15-Jun-15,590.00,617.57,580.00,593.50,1121202
12-Jun-15,597.00,612.50,588.00,594.50,983150
11-Jun-15,605.50,627.00,588.00,595.00,1148150
10-Jun-15,573.50,628.00,573.50,596.50,1970265
9-Jun-15,546.50,585.00,541.00,573.00,1844975
8-Jun-15,558.00,561.00,541.50,544.50,743237
5-Jun-15,550.00,568.00,539.36,553.00,1078620
4-Jun-15,579.50,579.50,552.50,553.00,979887
3-Jun-15,598.50,605.19,580.00,585.00,816992
2-Jun-15,571.50,597.00,558.72,592.50,919928
1-Jun-15,591.00,597.94,567.00,571.00,1054067
29-May-15,585.00,590.50,573.50,587.00,813431
28-May-15,603.00,604.57,578.50,582.50,1139951
27-May-15,611.00,619.79,600.00,609.50,973465
26-May-15,632.50,639.60,609.00,616.00,1050373
22-May-15,640.50,665.00,631.50,632.50,1641511
21-May-15,649.00,670.00,631.00,635.00,1216668
20-May-15,654.50,657.50,636.50,644.00,939778
19-May-15,655.00,666.38,646.00,650.00,628888
18-May-15,673.00,679.50,658.00,663.00,579091
15-May-15,679.50,695.06,665.50,675.00,617987
14-May-15,661.00,677.50,628.84,670.50,660776
13-May-15,664.50,678.31,650.00,660.00,546586
12-May-15,666.00,680.50,646.00,657.50,633120
11-May-15,664.00,682.03,657.50,675.00,520596
8-May-15,653.50,674.50,642.50,658.50,781975
7-May-15,657.00,665.00,631.50,637.00,773584
6-May-15,672.50,683.50,659.00,665.00,834802
5-May-15,656.50,684.00,649.13,674.50,1147282
1-May-15,640.00,663.78,624.50,656.50,601487
30-Apr-15,640.00,640.00,609.50,628.50,852079
29-Apr-15,640.00,647.22,621.57,632.50,912693
28-Apr-15,648.50,661.69,633.00,645.00,924424
27-Apr-15,633.00,662.00,632.50,654.00,1002847
24-Apr-15,604.50,642.05,603.94,631.50,1009852
23-Apr-15,598.00,617.50,570.50,610.00,1133831
22-Apr-15,585.00,597.00,571.50,595.00,949942
21-Apr-15,586.00,593.50,568.00,590.00,1037281
20-Apr-15,557.00,583.50,555.54,578.00,825279
17-Apr-15,570.50,579.00,538.00,551.50,1071850
16-Apr-15,567.00,591.00,563.00,574.00,2018742
15-Apr-15,560.00,566.50,549.62,563.00,1204830
14-Apr-15,512.00,561.50,511.50,558.00,1407659
13-Apr-15,509.00,524.00,498.91,517.50,1026520
10-Apr-15,542.00,546.00,504.50,518.00,1190485
9-Apr-15,515.00,546.50,496.80,539.00,1440376
8-Apr-15,512.00,532.06,512.00,517.50,1021120
7-Apr-15,474.40,511.50,474.40,509.00,804971
2-Apr-15,496.60,500.25,476.20,479.20,850275
1-Apr-15,495.80,505.50,481.10,495.80,963684
31-Mar-15,529.00,535.50,495.80,500.00,1287792
30-Mar-15,537.50,537.50,507.50,529.00,866652
27-Mar-15,543.50,547.00,522.50,528.50,1093785
26-Mar-15,580.00,584.00,537.00,540.00,1761713
25-Mar-15,544.50,566.50,530.00,557.00,1025699
24-Mar-15,568.00,568.50,529.84,542.50,1944369
23-Mar-15,526.50,574.00,508.00,571.50,2317439
20-Mar-15,454.70,570.00,424.90,520.33,6239624
19-Mar-15,443.40,466.63,440.50,451.70,1197076
18-Mar-15,446.00,446.00,398.00,439.90,2107948
17-Mar-15,451.70,460.36,441.70,442.60,1669481
16-Mar-15,491.90,491.90,442.90,447.60,1873679
13-Mar-15,523.50,527.25,471.80,486.70,1318825
12-Mar-15,516.00,538.00,516.00,527.50,914840
11-Mar-15,526.50,534.50,512.00,521.00,1205533
10-Mar-15,570.50,572.50,534.00,535.00,1201054
9-Mar-15,566.50,586.00,565.50,574.50,551937
6-Mar-15,580.00,583.06,567.50,571.00,778064
5-Mar-15,572.50,582.42,566.00,579.50,668924
4-Mar-15,596.00,598.00,571.00,576.00,1050721
3-Mar-15,586.50,612.37,573.50,601.00,915677
2-Mar-15,598.50,607.50,572.50,582.50,770607
27-Feb-15,596.00,602.77,581.50,593.50,735161
26-Feb-15,586.00,621.39,580.00,601.50,1346102
25-Feb-15,587.00,598.50,573.50,580.50,652591
24-Feb-15,570.50,591.00,563.00,584.50,1184338
23-Feb-15,602.00,603.56,569.00,574.00,1369453
20-Feb-15,577.00,608.00,574.50,598.00,1445953
19-Feb-15,573.50,577.00,553.00,575.00,1240327
18-Feb-15,550.00,590.50,545.05,580.50,1834983
17-Feb-15,557.00,565.50,527.00,551.00,1519617
16-Feb-15,525.00,569.00,522.04,561.00,1855722
13-Feb-15,476.30,544.50,468.90,524.00,1971258
12-Feb-15,428.10,474.40,424.40,473.00,1619752
11-Feb-15,445.00,449.60,422.00,431.30,1246957
10-Feb-15,466.00,467.00,428.10,431.80,1747576
9-Feb-15,470.40,477.00,443.60,460.00,1804108
6-Feb-15,471.50,510.50,462.34,474.20,1952002
5-Feb-15,443.30,476.00,432.80,474.20,1502607
4-Feb-15,452.70,473.40,434.00,449.20,1555395
3-Feb-15,391.60,452.20,391.60,451.20,2341125
2-Feb-15,374.70,396.40,363.90,395.90,1709913
30-Jan-15,371.00,390.61,353.21,373.40,1549163
29-Jan-15,380.10,387.60,370.20,371.00,1118671
28-Jan-15,402.00,419.71,384.90,389.60,1172494
27-Jan-15,392.00,415.00,389.50,410.80,1386743
26-Jan-15,425.50,429.24,383.00,391.10,1960917
23-Jan-15,470.00,476.91,428.60,430.00,1043966
22-Jan-15,434.20,488.50,434.20,469.60,1058697
21-Jan-15,426.90,439.70,410.70,437.40,969409
20-Jan-15,399.00,433.20,399.00,430.00,1078574
19-Jan-15,407.80,408.50,387.20,397.00,963673
16-Jan-15,377.00,406.41,371.20,405.40,1371719
15-Jan-15,411.20,424.90,373.10,375.80,2292762
14-Jan-15,476.50,480.64,390.26,408.20,2477593
13-Jan-15,501.00,501.55,485.00,485.40,786793
12-Jan-15,509.00,514.73,494.60,498.50,613338
9-Jan-15,527.00,528.89,503.50,510.50,936642
8-Jan-15,527.00,538.50,522.40,530.00,920205
7-Jan-15,565.50,565.50,520.50,522.50,878496
6-Jan-15,559.50,574.50,548.50,559.50,811136
5-Jan-15,580.50,589.50,551.00,556.50,698114
31-Dec-14,579.00,579.00,567.00,574.50,96921
30-Dec-14,589.00,590.00,567.80,581.00,334852
29-Dec-14,585.00,596.50,580.50,589.00,419354
24-Dec-14,577.00,592.50,570.50,574.00,170153
23-Dec-14,581.50,596.81,569.45,594.00,290120
22-Dec-14,587.00,610.00,570.50,575.50,377192
19-Dec-14,589.00,595.20,573.00,586.00,851582
18-Dec-14,589.50,598.38,575.00,582.00,611594
17-Dec-14,540.50,586.36,539.50,581.50,715690
16-Dec-14,564.50,565.13,531.50,544.00,1193459
15-Dec-14,583.00,594.50,562.15,566.00,870048
12-Dec-14,610.50,616.37,581.50,587.00,807177
11-Dec-14,637.50,646.50,617.00,619.00,689747
10-Dec-14,654.50,665.00,637.50,639.00,330530
9-Dec-14,661.00,668.00,645.86,649.50,628680
8-Dec-14,676.50,682.60,657.00,671.50,586280
5-Dec-14,696.50,696.50,676.50,678.50,304769
4-Dec-14,703.00,705.20,681.00,688.50,487071
3-Dec-14,701.50,716.00,693.50,699.50,466275
2-Dec-14,702.50,721.00,691.00,704.00,721326
1-Dec-14,722.50,722.50,680.00,694.50,856897
28-Nov-14,785.00,786.50,725.50,729.50,749029
27-Nov-14,806.00,818.50,786.00,788.00,304387
26-Nov-14,828.00,841.00,814.84,815.00,456112
25-Nov-14,811.50,827.50,787.50,823.00,406867
24-Nov-14,805.50,815.00,798.50,806.00,405740
21-Nov-14,757.50,826.00,753.00,810.00,908646
20-Nov-14,777.00,778.56,743.00,752.00,560183
19-Nov-14,790.00,799.00,776.50,781.50,401657
18-Nov-14,811.00,818.50,797.00,797.00,412178
17-Nov-14,789.00,813.00,786.00,809.00,451712
14-Nov-14,791.00,797.50,783.50,791.50,356420
13-Nov-14,807.50,807.50,775.00,785.50,501577
12-Nov-14,797.00,806.00,785.50,796.50,349583
11-Nov-14,826.00,826.50,795.82,796.50,374273
10-Nov-14,816.50,834.00,814.50,821.00,326974
7-Nov-14,820.00,826.00,809.50,814.50,491190
6-Nov-14,806.00,825.50,802.00,818.50,328939
5-Nov-14,826.00,826.00,804.50,813.50,358474
4-Nov-14,819.50,835.43,807.00,810.00,343385
3-Nov-14,816.00,844.50,816.00,827.50,498223
31-Oct-14,822.50,829.50,812.50,822.00,394266
30-Oct-14,839.50,844.18,786.50,810.50,636175
29-Oct-14,820.50,855.50,816.50,838.50,505092
28-Oct-14,805.50,816.50,793.00,814.50,451941
27-Oct-14,840.00,841.00,796.00,806.00,435033
24-Oct-14,834.00,845.50,823.50,830.50,434701
23-Oct-14,832.50,840.50,815.50,835.00,535940
22-Oct-14,828.00,849.50,818.50,828.00,542439
21-Oct-14,802.50,836.00,792.00,828.50,437877
20-Oct-14,804.00,818.00,801.50,805.00,414836
17-Oct-14,801.50,816.50,794.00,802.00,515072
16-Oct-14,831.50,841.75,783.00,801.00,806089
15-Oct-14,854.00,869.50,824.50,824.50,431644
14-Oct-14,837.50,864.00,835.00,857.50,314491
13-Oct-14,836.50,866.74,829.00,843.50,690172
10-Oct-14,890.00,890.00,834.00,852.50,858866
9-Oct-14,926.00,956.50,915.50,923.50,442884
8-Oct-14,931.50,936.50,897.50,905.50,732697
7-Oct-14,959.00,969.50,936.00,937.50,385572
6-Oct-14,954.50,966.10,931.00,955.50,230286
3-Oct-14,943.50,955.50,931.50,936.00,258799
2-Oct-14,973.50,973.50,928.50,932.50,480227
1-Oct-14,994.00,1006.00,962.50,974.50,449925
30-Sep-14,989.50,1004.00,968.48,998.50,934377
29-Sep-14,976.50,981.00,946.50,974.50,425880
26-Sep-14,978.00,995.42,963.50,968.00,281671
25-Sep-14,1009.00,1010.00,965.50,980.00,514019
24-Sep-14,980.50,1015.00,978.30,1007.00,277916
23-Sep-14,978.00,983.50,958.00,974.50,306633
22-Sep-14,1001.00,1001.00,968.00,975.00,736145
19-Sep-14,1032.00,1035.00,1005.00,1005.00,866143
18-Sep-14,1038.00,1042.00,1013.00,1015.00,345781
17-Sep-14,1061.00,1061.00,1035.00,1039.00,188709
16-Sep-14,1050.00,1063.00,1032.00,1049.00,182691
15-Sep-14,1056.00,1071.00,1046.00,1063.00,133013
12-Sep-14,1070.00,1081.00,1055.00,1064.00,128266
11-Sep-14,1061.00,1082.00,1049.00,1068.00,189203
10-Sep-14,1074.00,1095.00,1071.00,1081.00,220150
9-Sep-14,1069.00,1092.00,1069.00,1074.00,174547
8-Sep-14,1083.00,1099.00,1067.90,1078.00,258612
5-Sep-14,1076.00,1105.22,1064.00,1091.00,287722
4-Sep-14,1060.00,1095.00,1060.00,1081.00,274085
3-Sep-14,1071.00,1104.00,1068.00,1082.00,382307
2-Sep-14,1021.00,1064.00,1020.80,1060.00,453111
1-Sep-14,1012.00,1019.00,1006.00,1013.00,134788
29-Aug-14,983.50,1011.00,983.50,1011.00,336531
28-Aug-14,1016.00,1019.20,978.00,982.50,270755
27-Aug-14,1035.00,1038.71,1017.00,1027.00,111936
26-Aug-14,1013.00,1031.00,1007.00,1023.00,254984
22-Aug-14,1022.00,1036.00,999.92,1005.00,225910
21-Aug-14,1012.00,1043.00,1005.00,1027.00,302308
20-Aug-14,1015.00,1026.00,1006.00,1019.00,301441
19-Aug-14,1024.00,1046.00,1013.00,1017.00,262657
18-Aug-14,1035.00,1047.00,1021.00,1027.00,175523
15-Aug-14,1032.00,1036.00,1011.00,1012.00,195883
14-Aug-14,1026.00,1042.00,1021.00,1025.00,270016
13-Aug-14,1037.00,1045.00,1027.00,1038.00,149586
12-Aug-14,1045.00,1063.00,1033.00,1039.00,238406
11-Aug-14,1016.00,1053.00,1016.00,1042.00,206183
8-Aug-14,1010.00,1029.07,1005.00,1013.00,336043
7-Aug-14,1049.00,1070.00,1019.00,1026.00,290707
6-Aug-14,1043.00,1056.00,1014.00,1054.00,353815
5-Aug-14,1064.00,1077.00,1039.00,1043.00,350691
4-Aug-14,1080.00,1080.00,1052.00,1070.00,298445
1-Aug-14,1055.00,1082.00,1024.00,1074.00,404671
31-Jul-14,1078.00,1095.20,1042.00,1051.00,398559
30-Jul-14,1098.00,1105.00,1053.00,1089.00,296475
29-Jul-14,1098.00,1105.00,1087.00,1090.00,224967
28-Jul-14,1111.00,1122.00,1093.00,1093.00,207551
25-Jul-14,1115.00,1116.00,1085.00,1108.00,370896
24-Jul-14,1111.00,1125.00,1103.00,1108.00,316458
23-Jul-14,1116.00,1128.20,1107.00,1120.00,270587
22-Jul-14,1100.00,1132.00,1097.00,1112.00,261569
21-Jul-14,1100.00,1114.00,1096.00,1111.00,123059
18-Jul-14,1107.00,1114.00,1080.00,1105.00,159158
17-Jul-14,1110.00,1123.00,1102.00,1110.00,154029
16-Jul-14,1109.00,1133.00,1094.00,1122.00,308866
15-Jul-14,1085.00,1111.00,1081.00,1097.00,199511
14-Jul-14,1103.00,1110.00,1072.64,1088.00,222291
11-Jul-14,1104.00,1117.00,1079.00,1103.00,169310
10-Jul-14,1105.00,1114.00,1069.00,1108.00,415398
9-Jul-14,1101.00,1113.00,1082.55,1103.00,283704
8-Jul-14,1132.00,1143.00,1114.26,1120.00,392030
7-Jul-14,1147.00,1147.00,1118.00,1132.00,216950
4-Jul-14,1146.00,1146.00,1134.00,1143.00,137485
3-Jul-14,1122.00,1149.00,1116.00,1143.00,574289
2-Jul-14,1125.00,1129.00,1112.00,1117.00,347591
1-Jul-14,1111.00,1129.00,1108.00,1116.00,366319
30-Jun-14,1120.00,1131.00,1105.00,1109.00,275687
27-Jun-14,1129.00,1129.55,1115.00,1121.00,170509
26-Jun-14,1111.00,1138.00,1111.00,1127.00,256735
25-Jun-14,1141.00,1145.97,1107.00,1110.00,384652
24-Jun-14,1162.00,1166.00,1136.00,1148.00,233222
23-Jun-14,1118.00,1171.00,1116.00,1161.00,298381
20-Jun-14,1117.00,1134.00,1116.00,1117.00,366064
19-Jun-14,1130.00,1140.00,1119.00,1119.00,211382
18-Jun-14,1111.00,1127.27,1104.00,1118.00,362624
17-Jun-14,1107.00,1120.00,1089.00,1109.00,289089
16-Jun-14,1107.00,1122.00,1099.00,1110.00,359156
13-Jun-14,1144.00,1144.00,1101.00,1107.00,411630
12-Jun-14,1142.00,1147.00,1128.05,1141.00,177922
11-Jun-14,1149.00,1151.99,1133.52,1147.00,302193
10-Jun-14,1193.00,1193.00,1148.66,1150.00,411786
9-Jun-14,1162.00,1201.00,1162.00,1191.00,474381
6-Jun-14,1171.00,1180.00,1157.10,1170.00,433633
5-Jun-14,1175.00,1195.00,1160.06,1168.00,598715
4-Jun-14,1119.00,1179.00,1116.00,1179.00,673504
3-Jun-14,1106.00,1124.00,1099.00,1123.00,739096
2-Jun-14,1098.00,1111.00,1096.00,1104.00,512520
30-May-14,1130.00,1130.00,1096.00,1100.00,597761
29-May-14,1100.00,1131.08,1092.00,1127.00,555856
28-May-14,1062.00,1107.00,1054.00,1097.00,887906
27-May-14,1083.00,1090.25,1062.00,1063.00,413955
23-May-14,1048.00,1086.00,1047.00,1078.00,397763
22-May-14,1065.00,1110.00,1047.00,1050.00,857600
21-May-14,1053.00,1084.00,1038.00,1059.00,867013
20-May-14,1012.00,1058.00,1009.00,1058.00,1012978
19-May-14,990.00,1026.00,976.50,1015.00,969555
16-May-14,990.00,1009.00,974.00,978.00,621825
15-May-14,977.00,982.00,941.00,966.00,402233
14-May-14,973.50,989.50,965.50,985.00,440231
13-May-14,963.00,997.00,963.00,990.00,528784
12-May-14,914.00,970.00,914.00,968.00,443691
9-May-14,916.00,923.00,900.44,907.00,333034
8-May-14,927.00,937.31,914.00,921.50,303200
7-May-14,929.00,937.00,919.31,933.00,204332
6-May-14,949.00,949.00,927.50,934.00,301076
2-May-14,947.50,951.50,921.50,947.00,254292
1-May-14,923.00,939.50,915.50,925.50,140164
30-Apr-14,940.00,946.50,930.00,946.00,259096
29-Apr-14,939.00,941.50,926.00,939.00,282079
28-Apr-14,939.00,939.50,928.00,936.00,209053
25-Apr-14,941.00,947.00,921.00,931.50,268983
24-Apr-14,933.00,959.00,933.00,949.00,303776
23-Apr-14,937.50,941.00,927.50,931.50,216070
22-Apr-14,928.50,969.50,922.22,937.50,531018
17-Apr-14,913.50,919.50,901.50,919.00,252634
16-Apr-14,928.00,938.00,908.36,917.00,361443
15-Apr-14,934.00,950.00,914.50,916.50,523509
14-Apr-14,931.50,941.00,924.50,939.50,323761
11-Apr-14,931.50,940.50,923.50,937.50,334206
10-Apr-14,937.00,945.00,919.00,943.00,595358
9-Apr-14,923.50,946.00,920.00,937.00,444623
8-Apr-14,925.50,937.00,911.50,919.00,559499
7-Apr-14,913.00,929.99,913.00,928.50,392459
4-Apr-14,905.00,927.50,897.50,923.00,331444
3-Apr-14,918.00,921.52,884.00,898.50,815304
2-Apr-14,907.00,928.00,907.00,923.00,426284
1-Apr-14,914.00,916.00,904.50,909.69,514477
31-Mar-14,888.00,908.50,880.50,902.00,398110
28-Mar-14,906.50,908.00,884.00,890.00,372786
27-Mar-14,872.50,887.00,856.30,883.00,350303
26-Mar-14,885.00,905.00,876.00,878.50,551714
25-Mar-14,863.00,879.00,850.00,875.50,621134
24-Mar-14,853.00,864.00,848.00,858.00,523365
21-Mar-14,827.50,856.50,827.50,848.50,2362276
20-Mar-14,812.00,834.00,812.00,831.50,769386
19-Mar-14,821.00,826.00,810.00,820.50,668013
18-Mar-14,816.50,825.00,807.00,824.50,623733
17-Mar-14,808.00,823.91,806.63,820.00,935757
14-Mar-14,786.50,813.00,784.50,810.00,799741
13-Mar-14,833.00,844.00,790.50,794.50,841053
12-Mar-14,830.00,838.50,815.50,833.50,534813
11-Mar-14,862.50,867.50,831.00,835.00,482269
10-Mar-14,852.50,867.00,843.50,857.00,487308
7-Mar-14,892.00,899.00,855.50,862.50,747200
6-Mar-14,887.00,906.50,873.00,892.50,1012625
5-Mar-14,829.50,867.00,823.00,857.50,789300
4-Mar-14,844.50,844.50,822.50,826.00,901785
3-Mar-14,821.00,830.50,811.50,824.50,989205
28-Feb-14,869.00,869.00,839.50,845.00,482712
27-Feb-14,844.50,864.00,838.00,860.50,420837
26-Feb-14,842.50,846.00,830.00,842.00,390097
25-Feb-14,871.50,871.50,833.50,839.00,572709
24-Feb-14,863.00,868.50,849.50,868.50,675577
21-Feb-14,858.50,869.00,842.00,864.50,640263
20-Feb-14,868.00,883.50,842.00,858.00,1509702
19-Feb-14,917.50,917.50,879.00,910.00,799726
18-Feb-14,933.50,933.50,914.50,919.00,493316
17-Feb-14,929.00,942.00,921.00,936.50,364722
14-Feb-14,914.00,930.50,914.00,925.00,519273
13-Feb-14,914.00,917.50,888.50,916.00,1034750
12-Feb-14,925.50,930.00,901.00,918.00,1040272
11-Feb-14,881.50,904.00,873.00,899.50,1112591
10-Feb-14,867.00,876.00,860.00,874.50,468015
7-Feb-14,851.50,873.50,845.00,857.50,695987
6-Feb-14,821.00,823.50,803.00,822.50,551920
5-Feb-14,801.00,814.00,788.50,810.50,773742
4-Feb-14,797.00,808.50,786.00,800.50,804292
3-Feb-14,811.00,817.00,795.00,803.00,854313
31-Jan-14,810.00,833.00,788.50,807.50,1525237
30-Jan-14,854.50,854.50,831.50,837.50,578642
29-Jan-14,859.50,868.50,835.00,850.00,788494
28-Jan-14,853.00,862.50,836.00,844.50,549388
27-Jan-14,860.00,872.00,842.00,843.00,831741
24-Jan-14,898.50,898.50,860.50,864.41,672029
23-Jan-14,904.00,918.00,891.00,894.50,505395
22-Jan-14,916.50,940.50,909.00,910.00,917306
21-Jan-14,935.00,943.50,906.00,908.50,1053354
20-Jan-14,923.50,949.50,911.00,937.00,717506
17-Jan-14,901.50,926.00,897.50,920.00,710636
16-Jan-14,876.00,904.50,874.50,897.50,1054177
15-Jan-14,878.50,881.00,862.00,870.50,374015
14-Jan-14,878.00,881.50,866.00,872.50,413216
13-Jan-14,886.50,886.50,864.00,878.00,664556
10-Jan-14,860.50,887.50,847.00,872.00,770047
9-Jan-14,892.50,896.50,861.00,864.50,567533
8-Jan-14,877.50,896.50,873.00,889.50,536886
7-Jan-14,892.50,896.00,874.00,876.50,460733
6-Jan-14,909.50,909.50,879.50,889.50,1198148
3-Jan-14,918.00,919.50,902.00,905.50,555229
2-Jan-14,935.00,935.00,907.00,920.59,1103541
31-Dec-13,935.00,935.00,916.50,933.50,202932
30-Dec-13,900.00,942.00,900.00,937.50,754749
27-Dec-13,886.00,903.00,881.00,901.50,844697
24-Dec-13,884.50,884.50,875.00,878.00,275954
23-Dec-13,858.00,873.50,847.00,873.50,1596109
20-Dec-13,802.50,848.50,802.50,848.50,5466662
19-Dec-13,813.00,820.00,799.00,807.00,1045147
18-Dec-13,796.00,805.50,783.50,802.00,1898754
17-Dec-13,800.00,800.00,776.50,786.00,1355530
16-Dec-13,769.00,802.00,767.50,797.00,1146865
13-Dec-13,785.00,785.00,748.00,775.00,1604253
12-Dec-13,805.00,810.00,765.00,779.50,1219700
11-Dec-13,801.00,820.50,800.00,812.00,870687
10-Dec-13,822.00,823.00,803.50,804.00,1202797
9-Dec-13,852.50,853.50,815.50,821.50,688870
6-Dec-13,858.50,858.50,832.00,844.50,681648
5-Dec-13,856.00,876.50,843.50,848.00,1044204
4-Dec-13,848.50,862.00,845.50,846.00,855449
3-Dec-13,853.00,857.00,833.50,847.50,774011
2-Dec-13,881.00,893.00,858.50,859.50,734552
29-Nov-13,889.50,907.00,880.00,885.00,838506
28-Nov-13,878.00,904.00,870.50,895.50,650379
27-Nov-13,868.00,895.00,867.00,875.00,937387
26-Nov-13,886.00,889.50,865.00,880.00,6067403
25-Nov-13,894.50,904.00,876.00,887.00,862267
22-Nov-13,925.00,930.50,894.50,895.00,1045939
21-Nov-13,943.00,943.00,917.00,923.00,734225
20-Nov-13,960.00,973.50,948.00,951.00,747137
19-Nov-13,983.50,983.50,962.50,971.00,603800
18-Nov-13,960.00,993.50,959.00,988.50,1020841
15-Nov-13,1030.00,1045.00,917.50,955.50,1976028
14-Nov-13,1014.00,1030.00,1007.00,1024.00,535700
13-Nov-13,1033.00,1033.00,1008.00,1011.00,774646
12-Nov-13,1050.00,1056.00,1033.00,1040.00,573388
11-Nov-13,1038.00,1052.00,1031.00,1050.00,422873
8-Nov-13,1048.00,1053.00,1023.00,1036.00,765180
7-Nov-13,1090.00,1090.00,1054.00,1060.00,840250
6-Nov-13,1096.00,1105.00,1078.00,1089.00,362923
5-Nov-13,1092.00,1112.00,1087.00,1096.00,654638
4-Nov-13,1072.00,1094.00,1067.00,1087.00,427357
1-Nov-13,1071.00,1073.00,1055.00,1064.00,572850
31-Oct-13,1085.00,1091.00,1062.00,1063.00,567385
30-Oct-13,1080.00,1089.00,1078.00,1084.00,280464
29-Oct-13,1085.00,1087.00,1074.00,1080.00,276617
28-Oct-13,1076.00,1083.00,1067.00,1082.00,567183
25-Oct-13,1085.00,1088.00,1061.00,1068.00,1061450
24-Oct-13,1075.00,1089.00,1072.00,1088.00,649706
23-Oct-13,1082.00,-,1061.00,1065.00,467125
22-Oct-13,1065.00,1081.00,1053.00,1078.00,592784
21-Oct-13,1038.00,1084.00,1035.00,1071.00,941880
18-Oct-13,1041.00,1042.00,1023.00,1039.00,739687
17-Oct-13,1047.00,1047.00,1016.00,1033.00,600028
16-Oct-13,1043.00,1055.00,1024.00,1046.00,507091
15-Oct-13,1037.00,1055.00,1028.00,1050.00,804927
14-Oct-13,1016.00,1032.00,1013.00,1029.00,399423
11-Oct-13,1025.00,1034.00,1011.00,1020.00,780542
10-Oct-13,1025.00,1039.00,1005.00,1015.00,1206525
9-Oct-13,1059.00,1059.00,1001.00,1020.00,1260636
8-Oct-13,1050.00,1078.00,1047.00,1070.00,823914
7-Oct-13,1050.00,1061.00,1039.00,1061.00,346869
4-Oct-13,1057.00,1066.00,1044.00,1056.00,831589
3-Oct-13,1087.00,1096.00,1055.00,1059.00,605938
2-Oct-13,1066.00,1093.00,1058.00,1090.00,685457
1-Oct-13,1085.00,1088.00,1063.00,1075.00,477290
30-Sep-13,1066.00,1092.00,1057.00,1082.00,790514
27-Sep-13,1104.00,1104.00,1068.00,1073.00,664699
26-Sep-13,1102.00,1107.00,1092.00,1103.00,518621
25-Sep-13,1103.00,1122.00,1102.00,1107.00,633437
24-Sep-13,1120.00,1135.00,1104.00,1111.00,616352
20-Sep-13,1150.00,1159.00,1115.00,1116.00,662171
19-Sep-13,1176.00,1184.00,1158.00,1167.00,442834
18-Sep-13,1165.00,1165.00,1136.00,1148.00,426174
17-Sep-13,1164.00,1178.00,1143.00,1158.00,639801
16-Sep-13,1178.00,1192.00,1169.00,1183.00,662182
13-Sep-13,1174.00,1176.00,1139.00,1160.00,626652
12-Sep-13,1188.00,1197.00,1169.00,1182.00,470284
11-Sep-13,1184.00,1194.00,1178.00,1194.00,610318
10-Sep-13,1195.00,1208.00,1185.00,1188.00,738011
9-Sep-13,1194.00,1203.00,1189.00,1190.00,271443
6-Sep-13,1182.00,1198.00,1174.00,1190.00,441609
5-Sep-13,1183.00,1193.00,1174.00,1189.00,289554
4-Sep-13,1181.00,1193.00,1172.00,1184.00,331954
3-Sep-13,1191.00,1200.00,1176.00,1186.00,477386
2-Sep-13,1186.00,1209.00,1178.00,1189.00,366735
30-Aug-13,1190.00,1197.00,1160.00,1162.00,609968
29-Aug-13,1211.00,1212.00,1187.00,1187.00,495911
28-Aug-13,1194.00,1212.00,1182.00,1209.00,377720
27-Aug-13,1206.00,1206.00,1181.00,1201.00,509064
23-Aug-13,1185.00,1218.00,1185.00,1211.00,544959
22-Aug-13,1156.00,1205.00,1153.00,1194.00,649235
21-Aug-13,1170.00,1176.00,1158.00,1160.00,485613
20-Aug-13,1175.00,1175.00,1132.00,1173.00,1510812
19-Aug-13,1243.00,1243.00,1187.00,1200.00,444105
16-Aug-13,1205.00,1239.00,1205.00,1235.00,432727
15-Aug-13,1251.00,1251.00,1202.00,1214.00,584691
14-Aug-13,1259.00,1263.00,1241.00,1251.00,311593
13-Aug-13,1265.00,1286.00,1246.00,1253.00,585354
12-Aug-13,1243.00,1274.00,1241.00,1266.00,694187
9-Aug-13,1185.00,1254.00,1169.00,1242.00,801984
8-Aug-13,1150.00,1184.00,1149.00,1178.00,445996
7-Aug-13,1173.00,1185.00,1144.00,1168.00,555604
6-Aug-13,1233.00,1234.00,1160.00,1170.00,773200
5-Aug-13,1206.00,1250.00,1204.00,1240.00,802071
2-Aug-13,1209.00,1209.00,1185.00,1201.00,248739
1-Aug-13,1198.00,1220.00,1174.00,1205.00,399727
31-Jul-13,1172.00,1187.00,1160.00,1163.00,480197
30-Jul-13,1202.00,1202.00,1171.00,1176.00,465559
29-Jul-13,1181.00,1208.00,1173.00,1195.00,574381
26-Jul-13,1178.00,1205.00,1171.00,1180.00,628128
25-Jul-13,1175.00,1185.00,1138.00,1167.00,1069217
24-Jul-13,1164.00,1203.00,1161.00,1177.00,970169
23-Jul-13,1136.00,1170.00,1128.00,1164.00,763211
22-Jul-13,1132.00,1137.00,1115.00,1127.00,399275
19-Jul-13,1134.00,1147.00,1113.00,1129.00,371138
18-Jul-13,1125.00,1141.00,1111.00,1135.00,493373
17-Jul-13,1094.00,1126.00,1086.00,1122.00,634688
16-Jul-13,1096.00,1110.00,1071.00,1101.00,564091
15-Jul-13,1096.00,1112.00,1094.00,1103.00,667894
12-Jul-13,1105.00,1114.00,1093.00,1097.00,437440
11-Jul-13,1091.00,1131.00,1088.79,1106.00,782532
10-Jul-13,1071.00,1081.00,1058.00,1062.00,817081
9-Jul-13,1027.00,1108.00,1013.52,1094.00,1479263
8-Jul-13,1005.00,1019.88,994.50,1008.00,510308
5-Jul-13,1058.00,1058.00,989.12,992.00,937342
4-Jul-13,1022.00,1053.00,1012.00,1048.00,482613
3-Jul-13,1023.00,1031.00,991.40,1009.00,744936
2-Jul-13,1067.00,1068.00,1036.00,1039.00,544546
1-Jul-13,1037.00,1070.00,1017.00,1067.00,871948
28-Jun-13,1037.00,1049.00,1018.00,1020.00,936705
27-Jun-13,1034.00,1049.00,1030.00,1033.00,698504
26-Jun-13,1052.00,1052.00,1020.00,1028.00,835508
25-Jun-13,1030.00,1053.00,1030.00,1046.00,687894
24-Jun-13,1087.00,1095.00,1026.00,1026.00,1070432
21-Jun-13,1125.00,1134.26,1097.00,1097.00,1246569
20-Jun-13,1143.00,1149.44,1113.00,1118.00,829812
19-Jun-13,1186.00,1193.00,1153.00,1168.00,548210
18-Jun-13,1190.00,1196.00,1179.00,1186.00,577366
17-Jun-13,1210.00,1223.00,1194.00,1195.00,360507
14-Jun-13,1200.00,1224.00,1189.00,1212.00,706670
13-Jun-13,1135.00,1190.52,1132.00,1185.00,719655
12-Jun-13,1182.00,1197.00,1147.00,1149.00,803753
11-Jun-13,1209.00,1209.00,1169.00,1189.00,657484
10-Jun-13,1235.00,1235.00,1199.00,1212.00,635269
7-Jun-13,1234.00,1245.40,1222.00,1241.00,402182
6-Jun-13,1250.00,1260.42,1229.00,1230.00,370773
5-Jun-13,1269.00,1292.00,1215.24,1252.00,680868
4-Jun-13,1292.00,1303.00,1277.00,1284.00,318878
3-Jun-13,1261.00,1296.00,1243.44,1291.00,632242
31-May-13,1310.00,1310.00,1261.63,1262.00,1735254
30-May-13,1287.00,1307.00,1197.35,1306.00,492780
29-May-13,1282.00,1301.00,1267.00,1282.00,673255
28-May-13,1293.00,1302.00,1193.64,1291.00,593225
24-May-13,1299.00,1305.00,1278.00,1281.00,811208
23-May-13,1301.00,1309.00,1203.52,1286.00,919491
22-May-13,1310.00,1352.00,1295.00,1335.00,786481
21-May-13,1285.00,1319.00,1283.88,1315.00,754163
20-May-13,1266.00,1288.12,1248.00,1283.00,510396
17-May-13,1264.00,1297.00,1264.00,1273.00,579952
16-May-13,1280.00,1302.00,1243.00,1272.00,684158
15-May-13,1263.00,1273.00,1138.40,1253.00,596275
14-May-13,1267.00,1268.50,1238.00,1254.00,789954
13-May-13,1296.00,1311.00,1272.00,1280.00,418667
10-May-13,1298.00,1327.00,1285.00,1299.00,656935
9-May-13,1285.00,1313.00,1280.00,1298.00,891380
8-May-13,1292.00,1306.00,1270.57,1288.00,473070
7-May-13,1263.00,1304.00,1257.00,1278.00,674801
3-May-13,1210.00,1269.00,1210.00,1262.00,768041
2-May-13,1192.00,1218.00,1172.50,1217.00,544144
1-May-13,1218.00,1239.00,1193.00,1201.00,349643
30-Apr-13,1215.00,1236.00,1195.00,1209.00,491029
29-Apr-13,1222.00,1234.00,1203.00,1215.00,394974
26-Apr-13,1223.00,1227.00,1207.00,1221.00,592985
25-Apr-13,1184.00,1231.00,1115.88,1228.00,925968
24-Apr-13,1162.00,1215.00,1153.00,1180.00,1051783
23-Apr-13,1130.00,1160.00,1120.00,1160.00,732932
22-Apr-13,1151.00,1173.00,1081.32,1128.00,854755
19-Apr-13,1098.00,1162.00,1082.00,1151.00,1381723
18-Apr-13,1090.00,1098.00,1021.45,1085.00,666891
17-Apr-13,1141.00,1141.00,1075.00,1085.00,863553
16-Apr-13,1109.00,1149.00,1109.00,1123.00,688015
15-Apr-13,1157.00,1157.00,1103.00,1106.00,1049640
12-Apr-13,1164.00,1189.31,1143.00,1151.00,536051
11-Apr-13,1159.00,1176.59,1145.88,1168.00,685262
10-Apr-13,1130.00,1188.00,1125.00,1179.00,966229
9-Apr-13,1075.00,1117.00,1075.00,1116.00,818243
8-Apr-13,1050.00,1069.00,1040.00,1060.00,479794
5-Apr-13,1073.00,1079.00,1041.00,1047.00,837304
4-Apr-13,1025.00,1086.00,1025.00,1070.00,1499460
3-Apr-13,985.50,1042.08,966.00,1009.00,1795978
2-Apr-13,1004.00,1021.00,986.00,992.00,920276
28-Mar-13,1031.00,1034.00,1001.00,1005.00,546966
27-Mar-13,1064.00,1066.00,1016.68,1031.00,669814
26-Mar-13,1040.00,1068.20,1039.00,1051.00,679278
25-Mar-13,1103.00,1121.00,1032.00,1039.00,825132
22-Mar-13,1103.00,1109.00,1081.00,1091.00,603943
21-Mar-13,1119.00,1123.55,1033.79,1109.00,584200
20-Mar-13,1123.00,1142.00,1107.00,1114.00,541362
19-Mar-13,1135.00,1135.00,1099.00,1113.00,751659
18-Mar-13,1137.00,1152.00,1114.96,1132.00,492728
15-Mar-13,1174.00,1185.00,1153.00,1160.00,746048
14-Mar-13,1169.00,1176.00,1145.00,1169.00,477134
13-Mar-13,1186.00,1194.00,1158.00,1169.00,353603
12-Mar-13,1179.00,1212.00,1178.00,1196.00,447377
11-Mar-13,1189.00,1193.00,1177.00,1187.00,213626
8-Mar-13,1183.00,1192.00,1175.00,1188.00,281187
7-Mar-13,1175.00,1185.00,1169.00,1178.00,336949
6-Mar-13,1178.00,1190.00,1172.00,1173.00,592507
5-Mar-13,1158.00,1183.69,1154.00,1180.00,651842
4-Mar-13,1153.00,1153.00,1140.00,1150.00,585055
1-Mar-13,1171.00,1180.00,1145.00,1169.00,561622
28-Feb-13,1193.00,1193.00,1165.00,1176.00,656576
27-Feb-13,1181.00,1189.00,1160.89,1180.00,453604
26-Feb-13,1182.00,1197.00,1141.80,1173.00,836988
25-Feb-13,1212.00,1239.00,1206.00,1219.00,926689
22-Feb-13,1216.00,1228.00,1200.00,1215.00,876125
21-Feb-13,1248.00,1249.00,1189.99,1206.00,1025911
20-Feb-13,1285.00,1293.00,1252.00,1257.00,747908
19-Feb-13,1280.00,1292.00,1271.00,1285.00,427982
18-Feb-13,1300.00,1302.00,1275.00,1281.00,483511
15-Feb-13,1275.00,1305.00,1275.00,1298.00,877347
14-Feb-13,1295.00,1311.94,1272.00,1282.00,938157
13-Feb-13,1266.00,1308.00,1222.03,1296.00,572743
12-Feb-13,1272.00,1280.00,1257.00,1265.00,571072
11-Feb-13,1272.00,1280.00,1240.55,1274.00,351272
8-Feb-13,1285.00,1288.00,1238.82,1272.00,619253
7-Feb-13,1295.00,1298.00,1265.00,1275.00,1098083
6-Feb-13,1277.00,1299.00,1265.72,1298.00,1809348
5-Feb-13,1236.00,1274.81,1235.00,1272.00,1270614
4-Feb-13,1259.00,1262.00,1239.00,1241.00,1516309
1-Feb-13,1205.00,1261.00,1205.00,1259.00,1098308
31-Jan-13,1160.00,1213.00,1142.73,1204.00,1061728
30-Jan-13,1189.00,1189.00,1160.00,1164.00,547606
29-Jan-13,1182.00,1194.43,1166.00,1186.00,659893
28-Jan-13,1180.00,1192.00,1179.00,1185.00,517866
25-Jan-13,1177.00,1189.00,1170.00,1180.00,800976
24-Jan-13,1172.00,1186.00,1163.00,1183.00,623806
23-Jan-13,1162.00,1186.00,1158.00,1181.00,512604
22-Jan-13,1175.00,1177.00,1151.00,1163.00,302108
21-Jan-13,1174.00,1186.00,1163.00,1173.00,275708
18-Jan-13,1177.00,1184.00,1152.72,1169.00,564312
17-Jan-13,1160.00,1178.52,1151.00,1169.00,410281
16-Jan-13,1185.00,1187.16,1161.00,1168.00,768267
15-Jan-13,1200.00,1218.00,1161.00,1184.00,717445
14-Jan-13,1215.00,1237.00,1197.00,1201.00,404481
11-Jan-13,1204.00,1210.00,1180.00,1210.00,559359
10-Jan-13,1214.00,1231.00,1193.00,1206.00,629296
9-Jan-13,1208.00,1225.00,1195.00,1215.00,411503
8-Jan-13,1200.00,1213.84,1188.50,1203.00,401725
7-Jan-13,1211.00,1217.00,1200.50,1209.00,236755
4-Jan-13,1214.00,1225.00,1196.00,1215.00,441926
3-Jan-13,1215.00,1235.00,1197.25,1217.00,457523
2-Jan-13,1196.00,1236.00,1193.00,1222.00,481607
