31-Dec-15,399.30,399.30,394.80,396.00,256261
30-Dec-15,396.30,400.20,395.50,399.40,756210
29-Dec-15,392.10,398.10,389.90,398.10,1220361
24-Dec-15,390.30,392.40,387.60,390.90,223902
23-Dec-15,388.30,391.40,384.90,391.30,938391
22-Dec-15,385.60,388.10,382.90,387.30,1164817
21-Dec-15,378.20,385.50,375.10,383.00,2049911
18-Dec-15,378.80,380.90,375.50,380.40,3186782
16-Dec-15,371.90,372.00,367.00,371.40,2423262
15-Dec-15,366.80,375.70,366.60,374.60,1960508
14-Dec-15,365.30,367.50,364.60,364.80,1843889
11-Dec-15,365.70,367.70,362.80,365.10,2310105
10-Dec-15,369.50,369.90,365.20,367.20,3434697
9-Dec-15,367.50,369.90,365.80,369.90,3319640
8-Dec-15,366.50,369.30,365.20,366.50,1498104
7-Dec-15,368.10,368.10,365.20,366.10,1137597
4-Dec-15,359.60,367.20,357.40,365.12,2505532
3-Dec-15,365.40,366.60,359.90,360.50,2003852
2-Dec-15,362.50,366.20,361.60,365.80,1491890
1-Dec-15,359.40,362.50,358.60,361.80,1418969
30-Nov-15,355.90,358.20,354.40,357.60,1576680
27-Nov-15,353.00,356.50,350.32,355.50,821411
26-Nov-15,351.80,355.30,351.04,353.10,864220
25-Nov-15,347.40,352.90,347.40,352.30,1881611
24-Nov-15,346.10,347.10,343.60,347.00,1787876
23-Nov-15,349.40,349.40,346.00,346.20,1772382
20-Nov-15,347.40,355.30,346.90,351.60,2194273
19-Nov-15,345.60,349.80,344.80,346.65,1654906
18-Nov-15,340.20,344.00,339.70,344.00,1946177
17-Nov-15,337.10,342.10,336.36,340.90,2711578
16-Nov-15,332.00,335.70,330.40,334.60,1062787
13-Nov-15,334.20,338.00,332.80,334.20,1028274
12-Nov-15,336.70,338.20,333.20,333.60,1054274
11-Nov-15,335.40,336.55,334.50,336.20,1461164
10-Nov-15,335.30,339.11,335.30,336.30,2985523
9-Nov-15,331.00,334.10,330.90,333.90,1783747
6-Nov-15,331.60,332.50,330.20,331.70,1701527
5-Nov-15,326.90,330.80,324.90,330.30,2215863
4-Nov-15,327.00,327.20,324.89,325.70,1887440
3-Nov-15,327.00,327.30,323.00,326.20,2287392
2-Nov-15,316.00,318.10,314.21,317.10,1360277
30-Oct-15,317.70,319.10,315.60,317.10,2343226
29-Oct-15,321.10,321.10,315.60,317.50,1978126
28-Oct-15,314.90,320.80,313.80,320.70,2422061
27-Oct-15,315.00,315.30,313.80,314.80,2284800
26-Oct-15,318.30,319.90,312.40,316.40,2947605
23-Oct-15,331.80,333.00,312.10,317.58,8851263
22-Oct-15,345.40,346.67,341.30,345.00,3086568
21-Oct-15,347.70,347.90,344.00,345.40,1303078
20-Oct-15,344.70,347.20,341.00,346.50,2021418
19-Oct-15,343.10,348.70,342.60,344.50,1417881
16-Oct-15,341.80,344.70,341.10,343.50,1806034
15-Oct-15,340.00,341.60,336.30,340.30,1703603
14-Oct-15,337.60,344.38,335.30,337.50,1749603
13-Oct-15,344.20,345.80,337.20,339.60,2011675
12-Oct-15,348.70,349.60,342.30,344.60,1440174
9-Oct-15,352.00,352.60,347.40,348.80,1400285
8-Oct-15,348.00,352.30,346.20,350.00,2218238
7-Oct-15,350.60,350.90,346.00,346.90,2451314
6-Oct-15,352.00,354.70,349.80,350.00,2692963
5-Oct-15,353.40,353.60,350.99,352.60,2728985
2-Oct-15,351.90,352.90,347.80,349.20,1331430
1-Oct-15,352.70,354.00,347.60,349.50,1939596
30-Sep-15,349.80,350.80,348.90,350.80,1879954
29-Sep-15,345.90,350.10,342.90,345.30,1377471
28-Sep-15,351.20,352.70,348.70,348.70,1486946
25-Sep-15,353.50,355.10,349.60,352.40,1528721
24-Sep-15,351.10,352.80,348.80,349.50,1649406
23-Sep-15,346.50,351.40,345.90,349.80,1582396
22-Sep-15,351.20,352.16,346.60,347.20,2130571
21-Sep-15,348.00,352.10,348.00,350.10,1118199
18-Sep-15,352.20,355.20,350.00,350.50,2585882
17-Sep-15,355.30,355.40,352.70,353.90,1717703
16-Sep-15,352.90,355.50,351.80,353.20,1392965
15-Sep-15,351.20,352.20,349.11,350.00,2184013
14-Sep-15,351.90,355.00,349.30,349.30,1516376
11-Sep-15,349.90,353.60,349.90,350.80,1719703
10-Sep-15,353.00,353.00,345.60,349.80,2806569
9-Sep-15,360.60,361.11,356.10,356.70,1949356
8-Sep-15,355.70,358.10,354.20,355.80,1213727
7-Sep-15,356.90,358.00,351.30,352.50,944518
4-Sep-15,353.20,356.50,348.80,354.10,2543880
3-Sep-15,356.60,358.80,353.23,354.30,2258372
2-Sep-15,354.40,356.00,351.70,354.00,2800883
1-Sep-15,357.60,357.90,352.50,354.00,3612048
28-Aug-15,360.30,360.30,355.40,360.00,3570623
27-Aug-15,361.40,361.40,356.60,359.70,3201063
26-Aug-15,363.00,363.00,347.50,355.90,5198255
25-Aug-15,361.60,367.50,360.20,366.70,2074987
24-Aug-15,359.40,362.10,352.50,358.80,2620881
21-Aug-15,367.30,370.50,366.40,366.40,1978769
20-Aug-15,375.70,378.10,369.64,371.70,1763927
19-Aug-15,382.60,383.10,378.70,378.70,1889457
18-Aug-15,383.30,386.60,379.00,382.70,2712706
17-Aug-15,381.50,381.50,371.60,376.10,1716044
14-Aug-15,376.70,382.30,376.20,380.00,1756613
13-Aug-15,380.40,380.70,371.10,376.20,3268485
12-Aug-15,377.60,382.87,374.50,376.70,2839233
11-Aug-15,381.40,381.50,376.70,379.40,2910551
10-Aug-15,381.70,384.68,377.30,380.90,3551137
7-Aug-15,397.10,399.00,376.96,384.30,7907769
6-Aug-15,405.80,411.76,404.00,410.90,3003134
5-Aug-15,401.00,405.33,398.10,405.30,1844710
4-Aug-15,400.50,403.60,397.60,399.40,2230858
3-Aug-15,403.10,403.10,398.80,401.80,2185814
31-Jul-15,405.30,405.60,401.00,404.90,2809264
30-Jul-15,401.60,404.50,400.60,403.30,3039198
29-Jul-15,397.20,404.50,396.30,401.30,2969346
28-Jul-15,391.70,395.80,390.70,394.80,1491688
27-Jul-15,388.90,391.80,384.40,388.90,1964639
24-Jul-15,403.40,404.80,388.20,388.70,3628404
23-Jul-15,400.80,404.50,398.60,404.40,2118253
22-Jul-15,399.60,401.10,395.00,397.80,1804887
21-Jul-15,403.90,404.10,396.40,401.40,1585943
20-Jul-15,403.00,405.00,400.50,401.70,1602303
17-Jul-15,401.20,404.80,400.50,402.20,1821180
16-Jul-15,400.90,403.30,398.30,401.30,1917203
15-Jul-15,392.90,399.97,391.90,398.20,2786122
14-Jul-15,390.10,393.40,387.50,392.20,2787802
13-Jul-15,392.20,400.70,392.20,398.80,2208484
10-Jul-15,390.00,391.80,387.60,389.20,1678392
9-Jul-15,387.50,390.10,383.30,384.70,3611263
8-Jul-15,389.50,390.60,384.31,385.50,2422430
7-Jul-15,391.60,392.80,387.60,388.00,2648681
6-Jul-15,392.90,394.54,389.50,389.70,2356008
3-Jul-15,395.70,398.60,393.90,394.60,2042301
2-Jul-15,402.10,406.90,395.70,397.00,3051668
1-Jul-15,399.90,408.90,397.80,402.70,2464925
30-Jun-15,401.10,405.80,398.60,403.10,2376161
29-Jun-15,400.90,405.44,397.60,402.90,1856806
26-Jun-15,412.30,412.60,407.20,407.80,1229462
25-Jun-15,411.10,413.90,409.00,412.80,1556709
24-Jun-15,413.60,413.90,409.30,411.50,2045640
23-Jun-15,412.70,414.70,409.00,412.80,2684261
22-Jun-15,410.00,410.80,403.00,406.90,2186637
19-Jun-15,401.80,404.50,399.50,403.70,2784054
18-Jun-15,406.90,406.90,399.20,400.80,4284018
17-Jun-15,407.60,410.60,404.98,407.30,2687134
16-Jun-15,409.70,410.90,406.70,408.00,2876577
15-Jun-15,415.40,415.40,407.80,408.80,2505673
12-Jun-15,419.40,422.80,416.10,417.60,2019451
11-Jun-15,416.00,423.90,415.00,419.80,3125555
10-Jun-15,424.00,424.00,415.90,416.50,5609769
9-Jun-15,423.00,424.70,419.30,423.50,2273511
8-Jun-15,423.00,432.10,422.35,423.40,4206363
5-Jun-15,421.70,423.50,420.10,421.79,2960135
4-Jun-15,424.00,425.90,420.60,423.10,3118320
3-Jun-15,422.00,426.33,418.90,422.00,2977318
2-Jun-15,421.10,422.70,418.30,421.00,2737341
1-Jun-15,421.90,423.60,416.70,418.10,2919594
29-May-15,424.60,427.10,420.10,420.90,3155105
28-May-15,422.50,426.90,421.60,426.60,2195131
27-May-15,420.20,426.60,420.20,425.20,3596326
26-May-15,418.50,424.20,415.89,420.20,4023889
22-May-15,415.10,418.90,413.00,416.70,3278164
21-May-15,412.40,415.50,411.70,415.20,2785311
20-May-15,407.00,415.60,406.00,412.40,4278513
19-May-15,400.40,406.70,400.40,405.90,3886560
18-May-15,395.00,402.90,395.00,400.40,3134526
15-May-15,389.20,396.70,389.20,395.80,2809393
14-May-15,389.60,391.80,384.80,389.20,2619463
13-May-15,383.10,389.30,382.40,389.30,3943966
12-May-15,389.80,389.80,381.20,382.66,5409630
11-May-15,395.80,398.90,389.00,390.30,4544294
8-May-15,400.00,402.00,387.50,395.90,7579328
7-May-15,367.50,376.13,363.40,374.40,4236546
6-May-15,369.70,372.10,365.50,367.40,4148620
5-May-15,368.70,375.70,366.20,370.50,4950769
1-May-15,359.80,364.10,358.50,363.40,1739658
30-Apr-15,363.80,365.00,351.90,361.20,4821589
29-Apr-15,369.80,373.30,365.80,366.70,3289008
28-Apr-15,367.90,379.09,362.50,368.20,3013244
27-Apr-15,368.80,372.41,363.20,369.90,3240115
24-Apr-15,363.00,368.50,360.40,366.70,3483630
23-Apr-15,363.40,369.00,353.90,361.20,6452789
22-Apr-15,378.00,378.50,371.50,372.30,2704474
21-Apr-15,376.30,382.80,374.20,376.60,2171216
20-Apr-15,372.40,377.00,370.70,374.10,1882037
17-Apr-15,377.30,377.70,370.30,371.50,2394608
16-Apr-15,379.60,379.85,372.90,377.00,1906639
15-Apr-15,382.80,382.80,378.70,378.70,2110653
14-Apr-15,386.00,386.00,378.90,381.20,2295690
13-Apr-15,391.40,391.40,380.20,385.90,3248262
10-Apr-15,390.00,393.79,387.80,390.60,2398541
9-Apr-15,379.80,390.00,378.30,390.00,2303557
8-Apr-15,378.40,380.90,376.00,377.60,2280876
7-Apr-15,378.70,381.80,375.20,378.00,2021236
2-Apr-15,372.20,374.90,369.50,374.80,1961620
1-Apr-15,369.30,376.50,368.80,371.80,2510671
31-Mar-15,373.00,379.20,370.10,370.90,2389100
30-Mar-15,374.50,377.30,372.40,373.50,2035157
27-Mar-15,379.00,380.50,372.60,373.50,3710053
26-Mar-15,385.90,386.50,373.50,377.90,2924090
25-Mar-15,393.00,394.30,387.80,388.10,1587740
24-Mar-15,391.30,395.80,389.74,393.50,2247266
23-Mar-15,393.60,395.70,388.60,391.80,2151981
20-Mar-15,398.00,404.30,391.40,394.20,3744789
19-Mar-15,386.60,393.70,386.60,393.40,2378683
18-Mar-15,381.90,389.20,380.50,388.60,1975660
17-Mar-15,381.40,384.00,377.80,382.90,1970713
16-Mar-15,378.30,381.20,375.90,380.50,2028942
13-Mar-15,374.60,377.40,372.30,377.10,2121313
12-Mar-15,371.70,375.20,368.80,373.00,3097895
11-Mar-15,374.10,375.80,368.20,369.20,3339341
10-Mar-15,380.40,380.70,372.20,374.09,3675804
9-Mar-15,383.40,383.40,378.00,379.22,3490495
6-Mar-15,389.00,392.00,382.80,383.90,2626998
5-Mar-15,376.50,387.60,374.02,387.00,2687075
4-Mar-15,382.80,382.80,374.00,376.60,3180350
3-Mar-15,380.50,384.30,377.50,380.60,2508205
2-Mar-15,376.60,380.40,374.40,379.00,2621065
27-Feb-15,391.10,391.10,365.70,377.70,5992948
26-Feb-15,391.20,391.20,388.10,390.00,2523137
25-Feb-15,393.30,394.70,387.00,389.20,2796949
24-Feb-15,396.70,397.22,393.20,394.90,1741572
23-Feb-15,396.80,397.70,391.60,397.00,2099062
20-Feb-15,389.00,396.40,389.00,396.40,1511519
19-Feb-15,381.60,393.20,378.96,390.90,2280017
18-Feb-15,387.50,391.00,386.40,390.80,1102097
17-Feb-15,383.60,389.30,382.00,387.70,1533202
16-Feb-15,388.00,389.70,382.30,385.60,2002925
13-Feb-15,383.00,385.20,381.90,382.70,1947358
12-Feb-15,385.70,385.70,381.50,383.00,2260944
11-Feb-15,377.40,388.20,375.23,384.50,3399275
10-Feb-15,388.80,388.80,370.10,377.40,5083056
9-Feb-15,388.00,389.60,384.20,389.60,2498779
6-Feb-15,379.30,390.10,378.20,388.90,2168591
5-Feb-15,379.40,386.00,379.10,381.70,2087588
4-Feb-15,383.30,384.20,378.50,381.00,1958981
3-Feb-15,376.80,385.50,376.80,383.10,2359953
2-Feb-15,377.80,379.71,373.70,376.00,1580001
30-Jan-15,378.40,380.50,374.30,377.10,2172788
29-Jan-15,373.60,385.10,372.30,376.60,2079554
28-Jan-15,370.60,376.70,369.20,376.70,2090796
27-Jan-15,371.10,374.60,367.30,368.70,1838044
26-Jan-15,368.10,373.90,366.80,372.30,1485452
23-Jan-15,370.60,372.20,364.60,369.10,2490506
22-Jan-15,368.20,374.50,368.00,369.00,2639252
21-Jan-15,360.00,369.90,358.50,368.50,3382693
20-Jan-15,367.50,367.50,354.80,358.30,4744936
19-Jan-15,368.60,377.30,367.80,376.60,1897967
16-Jan-15,366.90,370.60,365.50,369.70,1992972
15-Jan-15,363.70,367.10,356.70,367.10,2495395
14-Jan-15,361.80,364.90,358.30,360.80,2471823
13-Jan-15,354.30,368.70,353.85,363.00,3553998
12-Jan-15,356.90,360.50,353.60,354.50,2271451
9-Jan-15,359.60,363.60,354.90,355.70,3253445
8-Jan-15,352.50,363.70,352.50,361.50,3758850
7-Jan-15,352.70,358.30,349.20,350.80,3154163
6-Jan-15,359.60,361.70,349.80,349.80,3178823
5-Jan-15,358.70,363.10,356.40,359.40,1562400
31-Dec-14,358.20,362.50,355.00,362.50,336752
30-Dec-14,361.70,365.04,358.50,360.40,749336
29-Dec-14,358.30,362.60,355.10,362.60,936311
24-Dec-14,356.20,360.30,355.55,356.60,157657
23-Dec-14,358.30,362.24,357.67,360.90,1239495
22-Dec-14,354.10,357.50,352.00,357.50,1044346
19-Dec-14,351.90,354.00,347.50,353.90,2914230
18-Dec-14,344.10,353.50,343.70,352.30,1842057
17-Dec-14,343.80,345.40,340.90,342.30,1348222
16-Dec-14,340.70,345.50,338.20,345.30,2147138
15-Dec-14,340.10,345.60,339.80,340.00,1521496
12-Dec-14,345.00,349.50,339.90,340.10,1899491
11-Dec-14,350.90,351.30,345.60,346.50,2083959
10-Dec-14,347.30,351.80,346.10,350.60,2152708
9-Dec-14,355.40,355.40,346.62,347.30,2035743
8-Dec-14,356.00,357.20,355.40,355.60,1715435
5-Dec-14,361.30,361.30,355.40,356.70,3099079
4-Dec-14,353.10,360.30,353.10,357.80,4034299
3-Dec-14,349.20,352.61,349.20,351.40,2085945
2-Dec-14,348.00,351.50,346.20,350.00,3058010
1-Dec-14,336.00,349.91,336.00,347.20,3655954
28-Nov-14,338.00,338.00,333.40,335.00,2835339
27-Nov-14,337.30,340.10,336.00,338.50,1802538
26-Nov-14,339.20,340.78,336.77,337.30,1479400
25-Nov-14,339.50,340.20,337.00,340.00,3004037
24-Nov-14,358.70,358.90,339.40,340.00,4058853
21-Nov-14,363.60,364.60,358.90,358.90,1676911
20-Nov-14,365.00,365.60,359.70,362.30,1591790
19-Nov-14,365.00,366.10,362.00,365.00,2012862
18-Nov-14,365.80,367.10,363.80,364.67,1645389
17-Nov-14,363.90,365.40,360.70,364.90,1469470
14-Nov-14,361.80,366.00,361.80,365.10,2716271
13-Nov-14,361.70,363.50,360.50,361.10,2025514
12-Nov-14,363.30,364.80,359.70,360.40,1969258
11-Nov-14,358.60,363.30,357.20,363.00,3308541
10-Nov-14,352.60,358.50,350.90,358.50,3286904
7-Nov-14,352.30,355.00,351.50,352.10,2297342
6-Nov-14,351.50,353.10,350.80,351.70,2134336
5-Nov-14,355.00,355.10,349.40,351.80,1980123
4-Nov-14,357.50,358.10,352.40,354.30,2624458
3-Nov-14,360.60,361.70,355.70,360.00,1647381
31-Oct-14,359.50,362.30,357.40,360.50,4114236
30-Oct-14,357.30,358.40,352.30,357.90,2451885
29-Oct-14,352.60,358.90,352.10,356.40,1908661
28-Oct-14,351.70,354.90,351.00,351.30,1821863
27-Oct-14,354.60,355.30,347.80,350.30,2459321
24-Oct-14,350.80,355.00,349.48,352.80,1749349
23-Oct-14,355.20,357.52,348.73,351.40,3163282
22-Oct-14,363.40,365.00,356.70,360.00,4115612
21-Oct-14,373.00,377.30,361.10,363.30,5514489
20-Oct-14,354.00,364.10,353.10,363.40,3642764
17-Oct-14,341.40,353.80,340.00,353.50,3016259
16-Oct-14,343.10,346.70,337.04,341.00,3189037
15-Oct-14,346.20,351.70,339.10,342.00,3811412
14-Oct-14,346.40,351.60,342.10,347.80,2395452
13-Oct-14,341.40,349.30,340.00,348.30,2607860
10-Oct-14,349.20,351.10,339.00,343.70,3821730
9-Oct-14,357.90,358.80,349.30,351.60,1996277
8-Oct-14,360.00,360.00,354.80,355.00,2750143
7-Oct-14,364.70,364.70,359.70,360.50,2245319
6-Oct-14,367.00,367.50,363.90,365.40,2031355
3-Oct-14,364.30,366.60,362.50,365.20,2073198
2-Oct-14,368.50,368.80,360.80,361.50,2297138
1-Oct-14,369.50,372.50,365.80,368.80,2705938
30-Sep-14,372.90,372.90,367.60,369.80,3086575
29-Sep-14,374.00,377.90,371.20,372.20,2116362
26-Sep-14,375.00,375.77,371.30,372.40,1900556
25-Sep-14,365.00,376.20,364.68,373.80,4013717
24-Sep-14,360.00,365.24,358.60,364.30,2248902
23-Sep-14,360.00,361.80,357.40,360.60,4378998
22-Sep-14,355.20,361.20,353.30,360.40,3193646
19-Sep-14,357.80,361.20,354.60,356.00,3595222
18-Sep-14,350.00,356.00,350.00,355.50,2367455
17-Sep-14,349.00,351.50,348.10,349.70,1779715
16-Sep-14,340.60,348.00,340.00,348.00,1792635
15-Sep-14,344.60,344.60,340.20,341.20,1388864
12-Sep-14,342.80,346.80,342.70,346.30,1336594
11-Sep-14,347.00,349.00,341.48,343.00,2658618
10-Sep-14,352.60,353.08,348.70,349.40,2016968
9-Sep-14,348.00,353.80,348.00,353.50,2433905
8-Sep-14,352.40,352.40,346.90,348.70,1511738
5-Sep-14,356.10,356.30,352.20,352.80,1097068
4-Sep-14,356.00,356.70,350.60,356.20,2325014
3-Sep-14,352.00,356.70,350.38,355.20,1608760
2-Sep-14,349.70,352.30,347.80,351.70,1254647
1-Sep-14,350.50,350.50,347.50,349.80,1201953
29-Aug-14,348.40,350.10,347.70,350.00,2000307
28-Aug-14,350.80,352.20,348.00,348.90,1106153
27-Aug-14,349.40,351.60,348.41,351.40,1243732
26-Aug-14,352.50,352.50,347.30,349.30,1357540
22-Aug-14,347.50,350.23,346.10,348.90,1600993
21-Aug-14,348.20,349.40,346.10,347.30,1278552
20-Aug-14,352.00,352.90,345.40,347.30,1896201
19-Aug-14,352.00,353.97,350.80,351.30,1154190
18-Aug-14,346.30,351.70,346.27,349.94,1910433
15-Aug-14,348.00,348.00,343.90,345.10,2717570
14-Aug-14,347.00,349.80,345.40,347.20,2095886
13-Aug-14,345.00,347.50,342.50,346.70,1416167
12-Aug-14,341.10,347.20,340.30,343.70,2222305
11-Aug-14,337.10,341.90,336.90,340.30,1388833
8-Aug-14,331.60,334.00,330.60,334.00,2048771
7-Aug-14,336.90,336.90,333.40,333.70,2125866
6-Aug-14,335.60,337.80,333.70,336.50,2560339
5-Aug-14,343.00,343.00,335.80,336.30,3347081
4-Aug-14,346.00,346.00,340.40,341.50,2308804
1-Aug-14,355.10,355.20,341.20,343.00,5590866
31-Jul-14,349.00,353.51,345.90,352.60,3402342
30-Jul-14,346.30,348.60,344.40,348.50,2417185
29-Jul-14,346.00,346.40,343.50,345.00,1595326
28-Jul-14,344.30,345.70,340.90,344.40,2676845
25-Jul-14,339.10,345.30,337.40,342.50,3411342
24-Jul-14,351.80,351.80,337.60,339.00,6634374
23-Jul-14,355.10,356.80,351.40,354.10,2769401
22-Jul-14,352.90,356.70,350.90,355.10,1912470
21-Jul-14,352.90,353.30,348.50,351.20,1527538
18-Jul-14,352.90,353.60,348.80,352.80,2073310
17-Jul-14,353.10,354.60,347.70,353.90,3703064
16-Jul-14,349.50,353.60,346.50,353.00,3011311
15-Jul-14,337.60,348.50,337.20,348.00,4071591
14-Jul-14,334.40,338.50,332.90,337.50,2373658
11-Jul-14,332.80,337.40,327.20,331.90,2328563
10-Jul-14,333.60,335.88,325.00,331.40,2688497
9-Jul-14,333.40,335.70,328.00,333.10,2676071
8-Jul-14,342.70,342.70,331.60,332.60,2689421
7-Jul-14,340.60,345.20,339.70,341.10,2794860
4-Jul-14,336.60,345.60,336.50,341.00,2438048
3-Jul-14,333.00,337.60,331.70,336.40,3230466
2-Jul-14,329.80,335.30,329.64,333.00,2875133
1-Jul-14,329.00,330.60,325.60,329.20,1758312
30-Jun-14,328.60,334.30,324.70,328.00,2714013
27-Jun-14,326.00,330.20,325.50,328.90,2906292
26-Jun-14,328.90,331.20,321.70,325.00,2614651
25-Jun-14,329.20,334.34,323.70,328.50,1925774
24-Jun-14,335.00,338.50,330.60,331.20,3113452
23-Jun-14,342.60,343.90,333.40,334.60,3300268
20-Jun-14,341.80,349.90,340.80,340.80,25323557
19-Jun-14,338.50,344.50,338.20,342.60,2935462
18-Jun-14,342.70,343.80,335.10,336.10,2473123
17-Jun-14,342.80,345.00,337.30,341.00,2831859
16-Jun-14,336.60,344.35,334.89,340.70,2619419
13-Jun-14,347.00,347.00,335.80,337.30,2875484
12-Jun-14,348.60,350.60,344.30,347.00,2306242
11-Jun-14,346.40,347.80,340.30,347.50,2786005
10-Jun-14,346.40,347.30,342.10,345.90,2272225
9-Jun-14,351.20,352.40,344.90,347.60,1526216
6-Jun-14,345.60,352.30,344.92,351.10,2956744
5-Jun-14,347.20,352.00,343.40,344.30,2367162
4-Jun-14,350.00,350.00,345.40,347.00,2922888
3-Jun-14,357.70,357.70,349.10,350.30,3550942
2-Jun-14,357.40,358.00,354.10,357.80,2472085
30-May-14,355.60,358.30,353.80,355.60,4125185
29-May-14,346.10,355.40,346.10,355.20,2912093
28-May-14,342.20,346.80,341.00,346.32,2348732
27-May-14,338.30,343.30,337.51,342.10,3212893
23-May-14,338.90,339.70,332.30,335.52,2431007
22-May-14,335.10,339.00,333.70,337.62,2803245
21-May-14,326.70,335.70,325.40,334.42,2938018
20-May-14,330.60,331.28,325.50,326.02,2894413
19-May-14,328.00,331.99,322.60,331.40,3147768
16-May-14,337.20,339.80,324.90,325.22,6275558
15-May-14,347.30,348.30,332.50,336.42,5303504
14-May-14,349.50,350.80,345.50,348.02,2201826
13-May-14,354.10,354.70,347.90,349.10,2682718
12-May-14,352.00,354.20,351.00,352.40,1710905
9-May-14,351.10,352.10,348.50,350.90,2961466
8-May-14,348.90,351.02,347.72,350.90,3128242
7-May-14,349.90,351.00,347.90,348.00,4230108
6-May-14,355.60,357.90,349.30,349.70,3948735
2-May-14,361.70,362.70,354.80,355.60,3936856
1-May-14,358.10,364.50,357.32,360.60,2235118
30-Apr-14,338.00,365.90,334.80,354.70,11166345
29-Apr-14,348.60,351.00,345.00,347.20,3714363
28-Apr-14,342.20,350.70,339.68,348.10,6558025
25-Apr-14,332.90,342.80,332.90,340.00,6085255
24-Apr-14,335.90,337.08,329.70,333.10,3424994
23-Apr-14,334.00,337.50,331.60,335.10,3334431
22-Apr-14,322.40,335.60,321.20,332.40,4115568
17-Apr-14,317.00,322.50,314.52,322.10,4200890
16-Apr-14,322.80,328.00,320.10,320.70,2268121
15-Apr-14,321.40,324.70,319.60,320.30,2259722
14-Apr-14,323.10,324.58,319.06,322.10,2360354
11-Apr-14,327.40,327.84,322.60,323.80,1965165
10-Apr-14,332.00,333.10,327.90,330.40,3853516
9-Apr-14,331.80,333.80,329.80,331.90,3679678
8-Apr-14,340.00,341.08,330.20,330.60,3048237
7-Apr-14,341.20,342.00,338.20,340.10,2140502
4-Apr-14,346.90,347.28,343.40,344.70,3598914
3-Apr-14,345.30,346.90,343.70,346.00,2459599
2-Apr-14,342.30,347.40,340.50,345.90,3115847
1-Apr-14,342.00,343.90,341.10,342.05,1814173
31-Mar-14,343.30,345.10,340.10,341.00,3368033
28-Mar-14,347.80,349.20,342.50,342.70,1692107
27-Mar-14,347.60,347.87,344.20,346.70,2296603
26-Mar-14,345.50,351.20,345.00,348.70,6049379
25-Mar-14,335.20,340.40,334.20,339.30,3452931
24-Mar-14,337.20,338.44,330.90,335.90,4879961
21-Mar-14,346.50,347.42,337.56,339.10,4855326
20-Mar-14,348.80,349.78,339.90,346.60,6064340
19-Mar-14,376.80,382.00,340.60,351.50,13740403
18-Mar-14,374.20,379.30,372.00,377.20,2649181
17-Mar-14,375.60,378.70,373.40,376.40,2421380
14-Mar-14,376.50,378.20,372.00,375.80,2374962
13-Mar-14,381.80,385.00,379.10,379.90,3360587
12-Mar-14,374.40,384.30,373.20,381.40,5013880
11-Mar-14,375.10,378.90,370.30,376.10,2754634
10-Mar-14,378.20,383.10,373.00,373.90,3901084
7-Mar-14,386.70,387.90,375.70,377.70,3960399
6-Mar-14,390.80,392.80,385.40,385.90,3849944
5-Mar-14,397.60,397.60,385.40,387.80,4167714
4-Mar-14,380.70,397.70,380.70,397.00,5480300
3-Mar-14,391.80,392.60,376.30,378.50,5316933
28-Feb-14,380.00,398.50,378.00,397.60,7297439
27-Feb-14,372.80,377.10,369.80,374.80,2756019
26-Feb-14,377.40,379.90,368.40,374.00,3971969
25-Feb-14,373.30,377.40,366.60,377.30,5788567
24-Feb-14,356.20,371.40,355.60,371.40,4105930
21-Feb-14,356.20,357.60,351.70,357.40,3622463
20-Feb-14,352.40,356.20,349.20,356.20,5160364
19-Feb-14,345.60,346.20,344.40,345.80,3359698
18-Feb-14,348.30,348.30,345.00,346.20,2770682
17-Feb-14,348.80,348.80,344.80,346.90,2459119
14-Feb-14,348.10,348.90,347.00,347.10,2642845
13-Feb-14,347.10,350.90,344.20,347.20,3200512
12-Feb-14,354.10,356.40,352.00,353.30,3029936
11-Feb-14,343.70,354.40,343.70,353.10,5203356
10-Feb-14,347.50,348.90,341.30,343.20,2230575
7-Feb-14,345.90,349.20,345.20,347.00,2493210
6-Feb-14,344.60,345.80,339.90,345.60,4724887
5-Feb-14,334.40,343.90,333.00,343.90,4871753
4-Feb-14,334.60,339.50,333.60,334.70,3755712
3-Feb-14,331.60,339.50,331.40,337.00,3764644
31-Jan-14,328.70,332.40,320.90,332.40,4851509
30-Jan-14,329.50,333.10,328.00,329.00,4445092
29-Jan-14,342.10,345.40,329.20,330.50,5369237
28-Jan-14,337.10,342.70,336.50,341.00,3256705
27-Jan-14,337.00,339.90,334.40,336.90,3188668
24-Jan-14,344.00,346.00,334.90,336.90,3380207
23-Jan-14,340.00,344.50,340.00,342.80,5432818
22-Jan-14,355.20,356.50,338.50,341.60,6865878
21-Jan-14,363.90,363.90,352.00,355.40,4807388
20-Jan-14,359.50,363.00,358.00,362.00,2646920
17-Jan-14,380.00,381.80,359.00,360.10,11865096
16-Jan-14,375.00,380.80,370.70,372.70,4868150
15-Jan-14,372.10,373.00,366.00,372.60,3655633
14-Jan-14,377.90,378.90,371.80,372.00,3358457
13-Jan-14,383.40,383.60,378.20,380.70,3031320
10-Jan-14,371.50,383.50,371.50,382.60,3433329
9-Jan-14,380.70,384.70,367.30,371.10,13085025
8-Jan-14,411.30,412.40,399.70,399.80,3754752
7-Jan-14,405.80,410.20,403.40,410.20,3283546
6-Jan-14,402.70,406.40,400.10,404.60,1582337
3-Jan-14,398.80,406.10,398.80,404.00,1820473
2-Jan-14,401.40,401.90,396.20,398.30,1823952
31-Dec-13,399.40,401.90,397.50,401.90,972895
30-Dec-13,398.10,399.40,394.40,398.20,1470724
27-Dec-13,395.00,396.00,393.50,395.60,1064574
24-Dec-13,391.00,394.30,391.00,392.60,255150
23-Dec-13,384.40,390.40,382.50,390.30,1060840
20-Dec-13,390.50,390.80,382.60,384.50,4104132
19-Dec-13,376.40,391.20,376.40,391.20,3200238
18-Dec-13,371.30,376.80,370.50,375.60,2553408
17-Dec-13,372.10,373.90,370.60,372.50,1666924
16-Dec-13,368.40,374.10,367.80,373.40,1864728
13-Dec-13,372.10,373.60,370.00,370.00,1376396
12-Dec-13,373.60,375.00,369.40,372.40,1650195
11-Dec-13,373.70,377.90,373.70,375.40,1131947
10-Dec-13,376.10,377.10,372.50,374.70,2390305
9-Dec-13,379.30,380.60,374.50,378.00,1830149
6-Dec-13,379.20,382.90,376.30,379.50,2592382
5-Dec-13,385.00,385.40,379.00,379.80,3053442
4-Dec-13,387.20,389.00,385.20,386.80,3714915
3-Dec-13,389.30,391.80,386.40,387.10,4369337
2-Dec-13,385.10,385.10,380.50,381.00,1839481
29-Nov-13,381.20,386.90,380.80,385.60,2409739
28-Nov-13,378.50,381.40,375.40,381.10,1983957
27-Nov-13,379.80,380.90,378.20,378.70,2123317
26-Nov-13,374.90,381.50,373.90,378.50,3116775
25-Nov-13,370.60,381.40,370.60,375.00,3734103
22-Nov-13,371.00,375.80,368.00,368.10,4525552
21-Nov-13,358.10,370.80,357.30,365.10,4285958
20-Nov-13,361.10,365.80,359.20,359.60,3495316
19-Nov-13,365.00,366.40,358.80,361.30,4529316
18-Nov-13,368.40,370.10,366.40,368.80,2510932
15-Nov-13,372.50,376.10,366.40,367.50,3328632
14-Nov-13,381.00,384.20,369.80,370.70,3168472
13-Nov-13,383.60,384.40,375.50,378.90,1809720
12-Nov-13,386.70,387.10,384.70,385.10,1768511
11-Nov-13,385.20,389.10,383.90,388.00,1437981
8-Nov-13,390.50,394.50,382.20,385.40,2540131
7-Nov-13,395.40,398.20,392.50,394.40,1642997
6-Nov-13,390.80,395.00,390.00,392.49,1648834
5-Nov-13,395.50,395.60,387.10,389.90,1750796
4-Nov-13,400.10,403.40,395.20,395.60,1679721
1-Nov-13,400.60,402.50,395.00,399.22,1983411
31-Oct-13,401.20,403.20,399.30,400.90,1791415
30-Oct-13,400.00,405.20,398.70,401.20,1861228
29-Oct-13,392.90,399.90,392.70,399.20,2429656
28-Oct-13,392.50,393.60,389.90,392.20,1595240
25-Oct-13,388.40,392.90,388.40,391.40,3342334
24-Oct-13,398.60,398.90,385.80,388.60,3562748
23-Oct-13,396.00,402.60,-,399.00,1750231
22-Oct-13,404.40,405.10,399.40,400.20,2516881
21-Oct-13,405.80,406.50,399.20,403.10,3269603
18-Oct-13,408.00,408.00,400.00,403.50,5623961
17-Oct-13,418.00,418.80,413.50,416.80,1632086
16-Oct-13,421.20,423.80,417.40,419.70,2501186
15-Oct-13,421.00,424.50,418.50,423.70,3465477
14-Oct-13,411.10,422.30,410.70,419.90,2737615
11-Oct-13,406.60,412.90,404.20,412.20,2136061
10-Oct-13,403.00,406.00,401.20,405.80,3877142
9-Oct-13,397.00,405.00,395.60,402.50,4877614
8-Oct-13,404.50,407.50,393.90,397.00,5438186
7-Oct-13,414.70,415.90,404.60,405.00,4239678
4-Oct-13,414.40,415.20,407.30,407.80,3078785
3-Oct-13,400.00,415.20,398.80,413.00,9903273
2-Oct-13,413.70,415.20,411.10,414.23,3894404
1-Oct-13,403.70,417.20,403.70,412.62,3995238
30-Sep-13,401.10,410.70,400.00,403.00,3773450
27-Sep-13,407.90,407.90,400.70,402.00,3302270
26-Sep-13,395.00,409.10,394.30,406.90,4546129
25-Sep-13,411.10,411.50,404.30,404.50,3191210
24-Sep-13,412.70,415.00,410.40,411.00,1868254
20-Sep-13,417.40,427.70,417.40,422.20,3860625
19-Sep-13,425.10,427.20,418.10,419.20,2788298
18-Sep-13,425.10,426.00,420.50,422.00,1723129
17-Sep-13,431.90,431.90,423.90,424.50,1782455
16-Sep-13,433.00,435.50,431.20,431.20,3049718
13-Sep-13,424.00,430.10,424.00,427.50,2989166
12-Sep-13,419.10,429.90,417.10,424.10,4142956
11-Sep-13,423.00,423.50,418.20,419.00,2686128
10-Sep-13,416.70,424.50,416.10,422.50,3267156
9-Sep-13,416.10,418.50,415.00,416.60,2751611
6-Sep-13,414.60,417.50,411.00,416.20,1943667
5-Sep-13,411.90,417.20,411.40,414.50,3560231
4-Sep-13,414.80,415.00,404.80,410.20,3867956
3-Sep-13,421.00,422.40,414.30,414.90,2903051
2-Sep-13,416.10,422.30,416.10,421.20,2176834
30-Aug-13,421.10,421.90,415.20,415.20,2299854
29-Aug-13,417.50,422.00,417.50,421.00,2006749
28-Aug-13,420.00,420.40,412.00,417.00,2707812
27-Aug-13,433.60,435.20,421.70,424.81,2305543
23-Aug-13,429.90,436.50,427.30,433.70,1816182
22-Aug-13,432.10,437.80,429.50,430.00,2605040
21-Aug-13,436.50,437.50,431.10,432.00,2206141
20-Aug-13,427.50,432.00,424.80,432.00,2378133
19-Aug-13,421.90,429.60,419.30,428.10,2899507
16-Aug-13,426.50,426.70,418.90,422.00,3047730
15-Aug-13,438.50,439.10,424.50,426.60,3497075
14-Aug-13,447.20,447.20,438.10,439.00,2803283
13-Aug-13,445.80,447.50,437.10,440.10,2561796
12-Aug-13,444.30,447.50,442.50,445.70,1769278
9-Aug-13,448.50,449.40,442.70,444.40,1921488
8-Aug-13,450.00,451.90,442.00,449.90,3324439
7-Aug-13,456.70,457.70,449.80,449.80,3296122
6-Aug-13,459.80,461.80,454.80,456.80,2609985
5-Aug-13,469.00,472.90,454.10,459.90,3400225
2-Aug-13,490.00,490.00,453.00,458.50,9202257
1-Aug-13,487.40,494.60,485.80,494.50,3071788
31-Jul-13,481.80,488.10,481.10,486.50,2445533
30-Jul-13,470.70,484.20,470.70,483.60,1752729
29-Jul-13,465.60,471.40,465.00,470.00,1487998
26-Jul-13,471.70,474.20,462.10,464.50,1422109
25-Jul-13,470.00,473.10,466.50,470.80,1346189
24-Jul-13,464.30,471.30,464.30,470.10,1759698
23-Jul-13,470.20,472.20,464.20,464.20,1985507
22-Jul-13,465.90,470.90,465.90,468.40,1315866
19-Jul-13,469.80,471.10,464.60,465.80,1838801
18-Jul-13,464.60,473.80,463.21,471.30,1942504
17-Jul-13,460.00,464.90,455.20,464.70,2093208
16-Jul-13,464.60,464.80,454.10,458.70,1430156
15-Jul-13,464.40,467.30,461.10,464.50,1719418
12-Jul-13,463.70,467.00,463.17,464.20,2035207
11-Jul-13,469.60,471.00,461.40,463.50,2180057
10-Jul-13,465.60,470.60,462.40,465.90,2558305
9-Jul-13,467.20,470.00,459.00,464.00,2026098
8-Jul-13,460.50,468.80,460.00,466.40,1928179
5-Jul-13,458.40,462.20,455.50,457.80,1362126
4-Jul-13,454.00,459.50,452.10,458.30,1492821
3-Jul-13,449.30,452.80,445.13,451.90,2057069
2-Jul-13,457.00,457.00,446.50,452.30,2875846
1-Jul-13,444.40,457.50,442.00,456.90,2000296
28-Jun-13,442.90,444.20,439.30,440.90,3267130
27-Jun-13,431.60,444.50,429.50,443.00,5273891
26-Jun-13,427.20,431.80,426.10,431.50,1999275
25-Jun-13,423.30,427.10,419.19,427.10,3004223
24-Jun-13,428.70,430.60,414.60,415.20,2708768
21-Jun-13,428.40,435.40,426.00,428.60,6525488
20-Jun-13,434.50,435.80,423.00,426.00,3723511
19-Jun-13,443.70,443.70,437.60,439.20,2482532
18-Jun-13,441.90,445.50,441.20,443.50,3714582
17-Jun-13,443.90,445.46,440.90,442.00,3065507
14-Jun-13,442.80,450.40,440.67,443.30,3404878
13-Jun-13,434.70,440.50,433.00,440.50,2239646
12-Jun-13,437.00,439.00,434.60,438.30,2530012
11-Jun-13,440.00,440.10,430.70,436.50,2607007
10-Jun-13,437.60,441.70,436.11,439.00,1780305
7-Jun-13,431.00,438.10,430.16,436.40,2679203
6-Jun-13,432.40,434.30,428.30,429.60,3460449
5-Jun-13,431.20,436.80,428.20,433.00,3841231
4-Jun-13,436.70,439.30,431.60,432.00,2918388
3-Jun-13,440.50,440.50,432.00,433.40,3216586
31-May-13,433.80,444.70,428.60,442.70,45138771
30-May-13,432.00,435.70,431.50,434.80,3569155
29-May-13,448.90,448.90,432.60,433.40,3500813
28-May-13,444.40,449.60,443.50,448.00,3705401
24-May-13,446.90,448.00,440.00,440.50,2224056
23-May-13,446.00,448.40,443.50,445.30,4165516
22-May-13,447.20,455.90,446.50,452.80,3774107
21-May-13,447.90,450.20,443.20,446.60,2979831
20-May-13,444.90,451.10,444.90,450.00,3018379
17-May-13,446.80,448.10,441.00,445.00,4737779
16-May-13,442.00,450.10,440.30,447.00,5080313
15-May-13,431.10,437.20,428.65,435.90,3992081
14-May-13,426.00,430.40,425.50,429.40,2235197
13-May-13,425.40,428.50,424.64,427.20,3014938
10-May-13,425.10,427.90,423.60,426.50,3392440
9-May-13,424.10,427.20,423.10,425.30,2779669
8-May-13,418.40,426.10,417.30,425.80,3970131
7-May-13,425.40,425.90,410.70,418.80,4328238
3-May-13,420.70,426.30,416.30,425.10,4377562
2-May-13,422.00,426.20,411.40,420.30,6950777
1-May-13,428.80,428.81,419.00,423.60,5211720
30-Apr-13,432.20,433.50,426.00,426.00,23324422
29-Apr-13,432.00,437.00,427.00,430.50,4633249
26-Apr-13,421.80,431.00,417.00,430.70,5555677
25-Apr-13,420.70,423.96,415.00,422.50,4349221
24-Apr-13,426.40,426.50,418.40,421.10,3068591
23-Apr-13,413.00,426.70,413.00,426.70,6942013
22-Apr-13,413.40,418.20,409.30,410.20,4820083
19-Apr-13,400.00,414.90,397.60,409.62,9627366
18-Apr-13,393.70,397.10,388.90,390.58,3834984
17-Apr-13,387.80,394.20,386.00,390.17,4767043
16-Apr-13,380.70,386.00,377.00,385.80,2903873
15-Apr-13,382.50,387.40,374.20,380.60,4032841
12-Apr-13,390.60,392.58,386.20,387.26,4675844
11-Apr-13,386.90,397.30,386.80,395.20,3235687
10-Apr-13,379.20,387.60,376.75,387.00,6398305
9-Apr-13,379.80,380.40,372.80,376.30,3105746
8-Apr-13,374.60,378.20,374.60,376.70,3809840
5-Apr-13,384.00,384.40,373.00,373.40,6285705
4-Apr-13,382.20,385.50,377.30,382.67,5042180
3-Apr-13,378.40,386.40,378.40,382.70,4903739
2-Apr-13,371.00,382.10,369.40,380.40,5317716
28-Mar-13,371.60,376.38,367.70,369.90,3824063
27-Mar-13,375.80,376.40,369.70,371.40,3916589
26-Mar-13,375.20,379.90,371.00,375.40,6074295
25-Mar-13,380.00,382.20,370.90,375.00,5582992
22-Mar-13,376.70,380.10,374.10,377.80,4793309
21-Mar-13,385.00,387.50,377.00,377.60,4674089
20-Mar-13,387.60,391.54,383.80,386.00,5393947
19-Mar-13,375.18,391.60,370.00,385.70,5006070
18-Mar-13,405.40,407.80,400.00,407.40,1943849
15-Mar-13,405.50,410.70,402.60,405.60,3332941
14-Mar-13,405.20,411.80,401.60,405.50,2738765
13-Mar-13,414.00,415.10,404.30,406.00,2740970
12-Mar-13,431.90,431.90,420.00,420.60,2161043
11-Mar-13,424.50,434.10,423.81,425.30,1665037
8-Mar-13,428.00,428.10,422.70,424.60,1777991
7-Mar-13,438.10,438.80,426.80,427.50,3238902
6-Mar-13,439.00,442.00,434.05,438.00,2867352
5-Mar-13,431.90,445.70,429.50,438.60,4428382
4-Mar-13,445.60,447.70,428.40,433.40,4487964
1-Mar-13,401.20,443.30,400.50,443.30,8808636
28-Feb-13,408.00,411.00,403.90,404.94,4562890
27-Feb-13,397.80,403.80,396.61,403.30,4241022
26-Feb-13,397.30,399.20,393.50,395.60,2626201
25-Feb-13,405.40,405.40,400.40,401.90,1862798
22-Feb-13,403.40,406.60,400.40,402.60,1372569
21-Feb-13,405.80,405.90,397.20,400.60,2017271
20-Feb-13,406.40,411.60,404.40,407.60,1072635
19-Feb-13,399.60,408.10,397.96,406.40,2501791
18-Feb-13,403.60,405.20,398.30,398.40,1002883
15-Feb-13,399.00,404.80,398.00,403.60,2869382
14-Feb-13,402.30,405.50,399.90,400.00,1661742
13-Feb-13,400.00,406.30,398.60,403.30,3144262
12-Feb-13,395.30,399.50,392.30,399.50,2390534
11-Feb-13,400.00,404.35,394.31,394.50,1620962
8-Feb-13,395.20,405.20,395.20,399.60,3143916
7-Feb-13,395.50,396.90,391.70,394.90,2595996
6-Feb-13,389.00,399.40,387.70,393.50,3178078
5-Feb-13,385.50,389.20,383.10,387.50,2486133
4-Feb-13,392.70,393.80,384.90,385.00,2185438
1-Feb-13,385.30,391.90,384.60,391.20,2163937
31-Jan-13,382.50,389.60,382.30,384.10,2890275
30-Jan-13,373.90,384.00,373.60,382.55,4086488
29-Jan-13,380.00,384.70,373.20,374.00,3490627
28-Jan-13,363.90,368.19,362.86,366.40,3468202
25-Jan-13,362.00,366.50,361.60,362.50,1900202
24-Jan-13,359.90,365.10,357.80,362.00,3550948
23-Jan-13,352.60,357.80,350.50,356.50,3044768
22-Jan-13,349.20,353.50,348.80,351.75,2613488
21-Jan-13,349.50,353.00,348.10,349.80,1229194
18-Jan-13,347.00,353.80,345.37,349.80,1925778
17-Jan-13,349.30,349.30,345.80,346.80,1484369
16-Jan-13,344.60,349.80,343.80,349.40,2046647
15-Jan-13,342.20,344.10,339.80,343.30,1041958
14-Jan-13,340.30,342.80,338.70,341.60,1699095
11-Jan-13,339.70,342.40,338.40,341.53,699538
10-Jan-13,340.40,341.40,338.60,339.10,1217146
9-Jan-13,344.80,345.78,338.60,340.59,1276039
8-Jan-13,345.60,346.40,343.10,343.54,1200617
7-Jan-13,352.40,352.60,346.30,346.30,876799
4-Jan-13,352.60,354.20,350.37,351.50,629190
3-Jan-13,352.40,352.94,348.30,352.90,914759
2-Jan-13,352.10,356.50,351.17,352.50,1150010
