31-Dec-15,3738.00,3740.00,3691.00,3691.00,62589
30-Dec-15,3752.00,3756.00,3707.00,3722.00,287411
29-Dec-15,3700.00,3757.00,3667.00,3757.00,317179
24-Dec-15,3709.00,3710.00,3414.95,3682.00,72863
23-Dec-15,3658.00,3704.00,3658.00,3696.00,314072
22-Dec-15,3661.00,3663.00,3615.00,3633.00,324835
21-Dec-15,3638.00,3694.00,3634.00,3634.00,272146
18-Dec-15,3666.00,3696.00,3645.00,3651.00,690119
16-Dec-15,3678.00,3686.00,3668.00,3680.00,468174
15-Dec-15,3659.00,3697.00,3647.00,3679.00,615639
14-Dec-15,3741.00,3764.00,3650.00,3653.00,453491
11-Dec-15,3815.00,3825.00,3708.20,3718.00,642911
10-Dec-15,3830.00,3873.00,3811.00,3815.00,406402
9-Dec-15,3874.00,3892.00,3849.00,3849.00,457649
8-Dec-15,3903.00,3942.23,3839.00,3857.00,579680
7-Dec-15,3885.00,3951.00,3885.00,3913.00,406405
4-Dec-15,3881.00,3888.00,3833.00,3881.00,486530
3-Dec-15,3905.00,3955.00,3877.00,3882.00,1056693
2-Dec-15,3880.00,3917.00,3872.00,3917.00,466214
1-Dec-15,3879.00,3898.00,3853.00,3870.00,591278
30-Nov-15,3789.00,3873.00,3783.00,3854.00,552019
27-Nov-15,3800.00,3834.00,3790.00,3806.00,466416
26-Nov-15,3796.00,3825.00,3775.00,3816.00,420623
25-Nov-15,3787.00,3818.00,3766.00,3798.00,620286
24-Nov-15,3775.00,3775.00,3731.00,3759.00,597580
23-Nov-15,3731.00,3786.00,3717.00,3770.00,460884
20-Nov-15,3738.00,3768.00,3715.00,3750.00,440267
19-Nov-15,3684.00,3730.00,3678.00,3717.00,494410
18-Nov-15,3640.00,3668.00,3632.00,3657.00,641029
17-Nov-15,3617.00,3685.00,3617.00,3653.00,693998
16-Nov-15,3510.00,3589.00,3509.00,3586.00,686463
13-Nov-15,3561.00,3575.00,3511.00,3559.00,807457
12-Nov-15,3664.00,3677.00,3567.00,3567.00,822619
11-Nov-15,3618.00,3668.00,3541.00,3655.00,1064439
10-Nov-15,3695.00,3695.30,3579.00,3630.00,1908783
9-Nov-15,3856.00,3892.00,3805.00,3805.00,825212
6-Nov-15,3800.00,3894.00,3797.00,3857.00,647311
5-Nov-15,3804.00,3826.00,3754.00,3801.00,820916
4-Nov-15,3848.00,3875.00,3809.00,3820.00,687299
3-Nov-15,3845.00,3877.00,3820.00,3828.00,365296
2-Nov-15,3787.00,3853.00,3787.00,3841.00,455182
30-Oct-15,3776.00,3817.00,3763.00,3817.00,714540
29-Oct-15,3789.00,3795.00,3736.00,3758.00,634157
28-Oct-15,3742.00,3805.00,3742.00,3780.00,813809
27-Oct-15,3783.00,3791.00,3740.00,3740.00,413874
26-Oct-15,3833.00,3833.00,3774.00,3776.00,688186
23-Oct-15,3763.00,3873.00,3751.00,3857.00,733085
22-Oct-15,3728.00,3743.00,3668.00,3730.00,972346
21-Oct-15,3761.00,3819.00,3759.00,3802.00,727926
20-Oct-15,3739.00,3774.00,3714.85,3754.00,457990
19-Oct-15,3711.00,3751.00,3709.00,3739.00,408765
16-Oct-15,3733.00,3753.00,3703.00,3717.00,932845
15-Oct-15,3675.00,3717.00,3662.00,3708.00,518151
14-Oct-15,3657.00,3671.00,3625.00,3659.00,655389
13-Oct-15,3716.00,3748.04,3680.00,3697.00,737518
12-Oct-15,3688.00,3731.00,3668.90,3724.00,817494
9-Oct-15,3732.00,3736.00,3667.00,3690.00,882084
8-Oct-15,3748.00,3771.69,3665.00,3695.00,1004064
7-Oct-15,3809.00,3811.00,3727.00,3750.00,946152
6-Oct-15,3751.00,3817.00,3742.00,3804.00,913791
5-Oct-15,3735.00,3753.00,3708.00,3746.00,1156119
2-Oct-15,3807.00,3860.00,3667.00,3677.00,1607992
1-Oct-15,3897.00,3921.00,3782.00,3782.00,1486901
30-Sep-15,3725.00,3863.50,3700.00,3858.00,2051627
29-Sep-15,3870.00,4000.00,3612.00,3656.00,2813948
28-Sep-15,4213.00,4272.00,4173.00,4179.00,773114
25-Sep-15,4117.00,4237.00,4117.00,4227.00,654510
24-Sep-15,4200.00,4200.00,4100.00,4115.00,711157
23-Sep-15,4096.00,4240.00,4066.00,4214.00,690223
22-Sep-15,4244.00,4253.00,4114.00,4114.00,753971
21-Sep-15,4180.00,4270.00,4155.00,4223.00,676450
18-Sep-15,4198.00,4209.00,4089.00,4136.00,747150
17-Sep-15,4233.00,4237.30,4199.00,4211.00,423702
16-Sep-15,4231.00,4255.00,4192.00,4248.00,396871
15-Sep-15,4173.00,4216.00,4126.00,4213.00,450324
14-Sep-15,4200.00,4223.00,4153.00,4156.00,363457
11-Sep-15,4194.00,4201.00,4128.00,4197.00,564186
10-Sep-15,4189.00,4257.00,4174.00,4188.00,570900
9-Sep-15,4282.00,4282.00,4200.00,4225.00,666257
8-Sep-15,4209.00,4257.00,4192.00,4196.00,314808
7-Sep-15,4199.00,4208.00,4157.00,4185.00,213095
4-Sep-15,4183.00,4209.00,4145.00,4168.00,467451
3-Sep-15,4204.00,4264.00,4203.00,4225.00,723130
2-Sep-15,4117.00,4175.00,4082.00,4166.00,568310
1-Sep-15,4160.00,4182.00,4064.00,4097.00,563806
28-Aug-15,4142.00,4207.00,4125.00,4207.00,520907
27-Aug-15,4126.00,4183.00,4102.00,4149.00,824841
26-Aug-15,4036.00,4096.00,3987.00,4045.00,662647
25-Aug-15,4007.00,4099.00,3990.00,4085.00,720220
24-Aug-15,3971.00,4031.00,3866.00,3959.00,1406509
21-Aug-15,4165.00,4191.00,4082.00,4082.00,535450
20-Aug-15,4262.00,4281.00,4203.00,4210.00,466562
19-Aug-15,4317.00,4324.00,4256.00,4289.00,509167
18-Aug-15,4296.00,4337.00,4274.00,4332.00,528783
17-Aug-15,4262.00,4312.00,4250.00,4300.00,520752
14-Aug-15,4226.00,4234.00,4197.00,4207.00,405005
13-Aug-15,4228.00,4276.00,4188.00,4214.00,503783
12-Aug-15,4256.00,4256.00,4158.00,4181.00,509759
11-Aug-15,4259.00,4294.00,4237.00,4285.00,501474
10-Aug-15,4235.00,4273.00,4212.00,4273.00,399249
7-Aug-15,4239.00,4243.00,4198.00,4214.00,364903
6-Aug-15,4250.00,4275.00,4234.00,4246.00,324432
5-Aug-15,4257.00,4265.00,4212.00,4249.00,400249
4-Aug-15,4239.00,4260.00,4212.00,4252.00,350509
3-Aug-15,4240.00,4259.00,4226.00,4239.00,306497
31-Jul-15,4231.00,4264.00,4215.00,4256.00,485357
30-Jul-15,4229.00,4255.00,4175.00,4210.00,488322
29-Jul-15,4198.00,4230.00,4185.46,4218.00,500172
28-Jul-15,4164.00,4189.00,4155.00,4173.00,389424
27-Jul-15,4192.00,4203.00,4146.00,4155.00,444981
24-Jul-15,4246.00,4276.00,4197.00,4203.00,422935
23-Jul-15,4281.00,4320.00,4255.00,4259.00,489852
22-Jul-15,4284.00,4292.00,4227.00,4260.00,664136
21-Jul-15,4345.00,4353.00,4303.00,4312.00,351412
20-Jul-15,4337.00,4363.00,4330.00,4339.00,362419
17-Jul-15,4388.00,4398.00,4340.00,4346.00,326999
16-Jul-15,4320.00,4392.00,4317.00,4384.00,573941
15-Jul-15,4310.00,4322.12,4290.00,4304.00,581490
14-Jul-15,4244.00,4260.00,4210.00,4260.00,345167
13-Jul-15,4224.00,4268.00,4214.00,4243.00,594381
10-Jul-15,4188.00,4212.00,4161.00,4202.00,783319
9-Jul-15,4056.00,4143.00,4051.00,4141.00,924108
8-Jul-15,3943.00,4034.00,3938.00,4020.00,1054979
7-Jul-15,3992.00,4003.00,3925.00,3926.00,875406
6-Jul-15,3980.00,4013.00,3980.00,3995.00,423304
3-Jul-15,4038.00,4066.00,4018.00,4023.00,465019
2-Jul-15,4138.00,4178.00,4045.00,4050.00,764243
1-Jul-15,4096.00,4100.00,4057.00,4080.00,896448
30-Jun-15,4100.00,4114.00,4063.00,4063.00,729851
29-Jun-15,4089.00,4143.00,4076.62,4117.00,690307
26-Jun-15,4214.00,4217.00,4177.00,4194.00,603951
25-Jun-15,4247.00,4256.00,4229.69,4240.00,632138
24-Jun-15,4262.00,4285.00,4245.00,4272.00,669714
23-Jun-15,4231.00,4271.00,4226.00,4265.00,567407
22-Jun-15,4209.00,4215.00,4179.00,4215.00,690297
19-Jun-15,4143.00,4200.00,4132.00,4152.00,999200
18-Jun-15,4106.00,4139.00,4072.00,4130.00,662485
17-Jun-15,4143.00,4182.00,4109.00,4126.00,592796
16-Jun-15,4097.00,4131.00,4074.00,4121.00,681295
15-Jun-15,4121.00,4130.23,4107.00,4118.00,558241
12-Jun-15,4166.00,4179.00,4128.00,4147.00,489219
11-Jun-15,4145.00,4197.00,4131.00,4178.00,724766
10-Jun-15,4033.00,4149.00,4020.00,4140.00,755468
9-Jun-15,4044.00,4093.00,4022.00,4041.00,687626
8-Jun-15,3997.00,4058.00,3989.00,4046.00,624276
5-Jun-15,4049.00,4049.00,3988.00,4004.00,435702
4-Jun-15,4094.00,4094.00,4029.00,4058.00,509301
3-Jun-15,4140.00,4163.00,4094.00,4102.00,663850
2-Jun-15,4100.00,4172.00,4082.00,4100.00,961432
1-Jun-15,4033.00,4083.00,4009.00,4019.00,715932
29-May-15,4097.00,4102.00,4040.00,4041.00,816892
28-May-15,4078.00,4100.00,4074.00,4080.00,541465
27-May-15,4012.00,4102.00,4001.00,4090.00,689323
26-May-15,4058.00,4071.00,3999.00,4002.00,783291
22-May-15,4065.00,4084.00,4023.89,4060.00,583746
21-May-15,4015.00,4052.00,3996.00,4044.00,514950
20-May-15,4028.00,4036.00,3997.00,4027.00,802556
19-May-15,3968.00,4037.00,3960.00,4029.00,990540
18-May-15,3926.00,3955.00,3909.00,3940.00,549578
15-May-15,3949.00,3980.00,3913.00,3927.00,533375
14-May-15,3895.00,3946.00,3865.00,3938.00,305792
13-May-15,3911.00,3944.00,3889.00,3900.00,419972
12-May-15,3961.00,3965.00,3871.00,3896.00,539188
11-May-15,3965.00,4001.00,3953.00,3974.00,446375
8-May-15,3960.00,4001.00,3941.00,3975.00,710073
7-May-15,3833.00,3897.00,3786.00,3876.00,784484
6-May-15,3832.00,3886.00,3824.00,3842.00,770614
5-May-15,3880.00,3903.00,3841.00,3841.00,893717
1-May-15,3852.00,3866.00,3823.00,3857.00,338953
30-Apr-15,3841.00,3887.00,3820.00,3872.00,994370
29-Apr-15,3905.00,3921.00,3826.00,3830.00,762456
28-Apr-15,3971.00,3975.00,3867.00,3891.00,705004
27-Apr-15,3949.00,3991.00,3889.00,3974.00,661622
24-Apr-15,3984.00,4011.00,3931.00,3938.00,644568
23-Apr-15,4020.00,4042.00,3971.00,3984.00,546217
22-Apr-15,4054.00,4085.00,3994.00,4024.00,505338
21-Apr-15,4066.00,4108.00,4030.42,4034.00,687854
20-Apr-15,4066.00,4093.00,4029.00,4038.00,448928
17-Apr-15,4081.00,4113.00,4041.00,4049.00,749727
16-Apr-15,4113.00,4113.00,4061.00,4082.00,378873
15-Apr-15,4099.00,4112.00,4084.00,4094.00,374077
14-Apr-15,4069.00,4106.00,4069.00,4081.00,355058
13-Apr-15,4098.00,4111.00,4064.00,4081.00,306533
10-Apr-15,4098.00,4114.00,4073.00,4080.00,395522
9-Apr-15,4036.00,4094.00,4018.16,4085.00,413503
8-Apr-15,4030.00,4030.00,3986.00,4004.00,585544
7-Apr-15,4030.00,4071.00,4022.00,4039.00,483810
2-Apr-15,3960.00,4019.00,3945.00,4019.00,405075
1-Apr-15,3991.00,4022.00,3973.00,3991.00,620621
31-Mar-15,4010.00,4067.00,3960.00,3993.00,887525
30-Mar-15,4045.00,4062.00,4000.00,4014.00,606688
27-Mar-15,4035.00,4064.00,3986.00,4005.00,835690
26-Mar-15,4020.00,4031.00,3916.00,4018.00,737248
25-Mar-15,4082.00,4127.00,4056.00,4065.00,682460
24-Mar-15,4090.00,4136.00,4020.00,4098.00,1453889
23-Mar-15,4218.00,4233.00,4187.00,4210.00,382419
20-Mar-15,4214.00,4242.00,4201.00,4215.00,841636
19-Mar-15,4182.00,4220.00,4160.00,4208.00,735575
18-Mar-15,4132.00,4184.00,4130.00,4173.00,553509
17-Mar-15,4149.00,4150.00,4079.00,4131.00,535543
16-Mar-15,4111.00,4162.00,4092.00,4155.00,487077
13-Mar-15,4080.00,4123.00,4076.00,4101.00,515619
12-Mar-15,4052.00,4070.00,4035.00,4051.00,381706
11-Mar-15,3992.00,4042.00,3976.00,4036.00,612037
10-Mar-15,4030.00,4078.00,3983.00,3983.00,597428
9-Mar-15,4074.00,4093.00,4037.60,4045.00,414394
6-Mar-15,4087.00,4111.00,4057.00,4090.00,506547
5-Mar-15,3978.00,4095.00,3974.00,4083.00,607809
4-Mar-15,3963.00,3996.00,3924.00,3970.00,433395
3-Mar-15,4003.00,4018.00,3950.00,3950.00,441155
2-Mar-15,3961.00,4037.00,3961.00,3990.00,524236
27-Feb-15,3977.00,3983.00,3952.00,3971.00,652606
26-Feb-15,3982.00,3992.00,3969.00,3980.00,390997
25-Feb-15,3994.00,4017.00,3970.00,3985.00,417211
24-Feb-15,4003.00,4025.00,3981.00,3990.00,545021
23-Feb-15,4007.00,4030.00,3993.36,4007.00,594527
20-Feb-15,3978.00,3999.00,3966.00,3999.00,608135
19-Feb-15,3927.00,3983.00,3896.00,3975.00,529738
18-Feb-15,3895.00,3948.00,3885.00,3925.00,393483
17-Feb-15,3855.00,3895.00,3837.00,3895.00,357496
16-Feb-15,3872.00,3880.00,3851.00,3873.00,303756
13-Feb-15,3907.00,3913.00,3860.00,3885.00,601539
12-Feb-15,3854.00,3906.00,3854.00,3906.00,508192
11-Feb-15,3857.00,3885.00,3832.00,3858.00,361436
10-Feb-15,3817.00,3879.00,3813.00,3874.00,671589
9-Feb-15,3824.00,3832.00,3763.37,3806.00,479674
6-Feb-15,3813.00,3851.00,3801.00,3824.00,501699
5-Feb-15,3871.00,3881.00,3817.00,3820.00,658034
4-Feb-15,3806.00,3890.00,3806.00,3888.00,866953
3-Feb-15,3778.00,3830.00,3775.00,3814.00,656987
2-Feb-15,3826.00,3881.00,3740.00,3770.00,1224922
30-Jan-15,3854.00,3901.00,3840.00,3878.00,969994
29-Jan-15,3869.00,3886.00,3848.00,3873.00,613287
28-Jan-15,3900.00,3910.00,3867.00,3886.00,550789
27-Jan-15,3952.00,3963.12,3857.00,3890.00,975293
26-Jan-15,3979.00,4038.00,3947.00,3963.00,712342
23-Jan-15,3957.00,3999.00,3935.00,3999.00,767065
22-Jan-15,3880.00,3966.00,3843.00,3945.00,1105905
21-Jan-15,3776.00,3839.00,3770.00,3834.44,771729
20-Jan-15,3724.00,3767.00,3711.90,3759.00,651521
19-Jan-15,3630.00,3711.00,3612.00,3706.00,422126
16-Jan-15,3666.00,3666.00,3544.23,3632.00,918157
15-Jan-15,3608.00,3695.00,3532.00,3695.00,966438
14-Jan-15,3620.00,3652.00,3569.00,3591.00,810910
13-Jan-15,3651.00,3690.00,3634.00,3686.00,660618
12-Jan-15,3707.00,3729.00,3657.00,3664.00,658321
9-Jan-15,3735.00,3768.00,3678.00,3699.00,603581
8-Jan-15,3670.00,3746.00,3660.00,3738.00,845002
7-Jan-15,3599.00,3654.00,3577.00,3620.00,535067
6-Jan-15,3636.00,3645.00,3576.00,3579.00,561223
5-Jan-15,3668.00,3714.00,3627.00,3637.00,458196
31-Dec-14,3673.00,3710.00,3673.00,3686.00,80845
30-Dec-14,3691.00,3703.00,3653.00,3658.00,276806
29-Dec-14,3705.00,3717.00,3695.20,3715.00,213591
24-Dec-14,3667.00,3707.81,3667.00,3700.00,39172
23-Dec-14,3693.00,3714.00,3680.00,3712.00,248841
22-Dec-14,3673.00,3691.00,3664.00,3680.00,268326
19-Dec-14,3673.00,3707.00,3635.00,3651.00,879909
18-Dec-14,3600.00,3654.00,3564.00,3654.00,500101
17-Dec-14,3571.00,3581.00,3528.00,3555.00,656360
16-Dec-14,3521.00,3606.00,3509.00,3606.00,994824
15-Dec-14,3510.00,3604.00,3510.00,3516.00,1012203
12-Dec-14,3600.00,3602.00,3532.00,3535.00,941560
11-Dec-14,3623.00,3623.00,3570.00,3608.00,1049929
10-Dec-14,3588.00,3654.00,3588.00,3623.00,917231
9-Dec-14,3668.00,3676.00,3568.00,3573.00,810307
8-Dec-14,3681.00,3694.00,3644.00,3683.00,519565
5-Dec-14,3677.00,3729.00,3639.85,3690.00,848757
4-Dec-14,3680.00,3709.00,3660.00,3688.00,624562
3-Dec-14,3663.00,3704.00,3663.00,3672.00,758236
2-Dec-14,3634.00,3669.69,3630.60,3666.00,754606
1-Dec-14,3581.00,3631.00,3575.00,3619.00,935822
28-Nov-14,3559.00,3598.59,3554.00,3590.00,687173
27-Nov-14,3486.00,3571.00,3484.20,3564.00,967786
26-Nov-14,3559.00,3605.00,3510.60,3531.00,1426953
25-Nov-14,3520.00,3580.00,3508.00,3564.00,881480
24-Nov-14,3534.00,3544.00,3518.00,3520.00,665770
21-Nov-14,3510.00,3567.00,3489.00,3535.00,1074572
20-Nov-14,3478.00,3508.06,3477.00,3505.00,773788
19-Nov-14,3456.00,3465.00,3425.00,3460.00,708947
18-Nov-14,3442.00,3457.00,3429.00,3434.50,719739
17-Nov-14,3439.00,3453.00,3419.00,3432.00,611878
14-Nov-14,3457.00,3464.00,3433.00,3460.00,658175
13-Nov-14,3430.00,3476.00,3428.20,3455.00,1001306
12-Nov-14,3392.00,3414.00,3382.00,3393.00,560577
11-Nov-14,3397.00,3405.00,3380.00,3395.00,539881
10-Nov-14,3368.00,3399.00,3346.00,3398.00,826842
7-Nov-14,3344.00,3379.00,3336.00,3362.00,919307
6-Nov-14,3344.00,3361.00,3320.00,3331.00,1392831
5-Nov-14,3328.00,3370.00,3312.00,3353.00,794881
4-Nov-14,3296.00,3350.00,3294.00,3308.00,975908
3-Nov-14,3323.00,3348.00,3292.00,3299.00,903825
31-Oct-14,3300.00,3340.00,3275.00,3317.00,1018970
30-Oct-14,3260.00,3270.00,3217.00,3266.00,1081556
29-Oct-14,3235.00,3270.00,3226.00,3252.00,866857
28-Oct-14,3209.00,3225.00,3205.00,3216.00,723004
27-Oct-14,3231.00,3231.00,3173.00,3194.00,638859
24-Oct-14,3215.00,3235.00,3197.00,3210.00,850753
23-Oct-14,3188.00,3223.00,3166.00,3219.00,1031654
22-Oct-14,3183.00,3212.00,3163.00,3204.00,1310646
21-Oct-14,3099.00,3172.00,3088.00,3170.00,1707357
20-Oct-14,3130.00,3149.00,3094.00,3107.45,1031864
17-Oct-14,3061.00,3140.00,3051.00,3134.00,1250418
16-Oct-14,3064.00,3101.00,2990.00,3066.00,1967544
15-Oct-14,3165.00,3193.00,3076.00,3088.00,1523393
14-Oct-14,3120.00,3175.00,3108.00,3165.00,1289474
13-Oct-14,3091.00,3152.00,3084.00,3148.00,1148197
10-Oct-14,3105.00,3146.00,3090.30,3125.00,1197708
9-Oct-14,3235.00,3254.00,3127.00,3133.00,1469843
8-Oct-14,3224.00,3235.00,3187.00,3200.00,1281413
7-Oct-14,3274.00,3276.00,3222.00,3235.00,841856
6-Oct-14,3265.00,3302.00,3256.00,3278.00,929046
3-Oct-14,3227.00,3272.00,3218.00,3252.00,1212160
2-Oct-14,3237.00,3238.00,3188.30,3211.00,1301420
1-Oct-14,3296.00,3320.00,3231.00,3243.00,1271436
30-Sep-14,3265.00,3324.00,3226.00,3242.00,1341207
29-Sep-14,3261.00,3284.89,3239.00,3257.00,754515
26-Sep-14,3275.00,3290.00,3232.00,3276.00,662997
25-Sep-14,3300.00,3336.00,3259.00,3266.00,894865
24-Sep-14,3273.00,3323.00,3255.00,3320.00,995338
23-Sep-14,3347.00,3347.00,3255.00,3270.00,620942
22-Sep-14,3311.00,3343.00,3302.00,3343.00,695460
19-Sep-14,3372.00,3394.00,3311.00,3315.00,1527798
18-Sep-14,3284.00,3362.00,3281.00,3362.00,941489
17-Sep-14,3253.00,3302.00,3247.00,3282.00,540965
16-Sep-14,3250.00,3256.00,3216.00,3247.00,371107
15-Sep-14,3259.00,3271.00,3240.00,3254.00,352254
12-Sep-14,3257.00,3283.00,3249.00,3276.00,426413
11-Sep-14,3272.00,3284.00,3232.00,3247.00,539343
10-Sep-14,3293.00,3316.00,3263.00,3269.00,711198
9-Sep-14,3241.00,3298.00,3241.00,3294.00,619324
8-Sep-14,3253.00,3264.00,3216.00,3247.00,461316
5-Sep-14,3273.00,3282.00,3253.00,3260.00,480302
4-Sep-14,3265.00,3285.03,3249.00,3273.00,832235
3-Sep-14,3264.00,3305.00,3262.00,3277.00,663524
2-Sep-14,3258.00,3265.00,3245.00,3262.00,396718
1-Sep-14,3238.00,3263.00,3234.00,3251.00,366252
29-Aug-14,3246.00,3248.00,3213.00,3238.00,434859
28-Aug-14,3249.00,3250.00,3210.00,3238.00,385741
27-Aug-14,3249.00,3261.00,3236.00,3248.00,351750
26-Aug-14,3246.00,3257.00,3212.00,3257.00,513609
22-Aug-14,3225.00,3235.00,3208.00,3217.00,551751
21-Aug-14,3209.00,3227.30,3198.00,3225.00,507128
20-Aug-14,3185.00,3220.00,3166.00,3200.00,835542
19-Aug-14,3141.00,3190.00,3141.00,3181.00,591653
18-Aug-14,3121.00,3134.00,3114.00,3125.00,388013
15-Aug-14,3114.00,3139.00,3101.00,3108.00,769458
14-Aug-14,3082.00,3128.00,3077.00,3101.00,782859
13-Aug-14,3070.00,3100.00,3066.00,3094.00,595710
12-Aug-14,3061.00,3094.00,3051.00,3059.00,587503
11-Aug-14,3046.00,3077.00,3039.00,3068.00,434897
8-Aug-14,2992.00,3054.00,2966.00,3026.00,1089988
7-Aug-14,3043.00,3050.00,3016.00,3020.00,544894
6-Aug-14,3070.00,3079.00,3034.00,3048.00,723406
5-Aug-14,3088.00,3097.00,3067.00,3086.00,681517
4-Aug-14,3094.00,3096.00,3070.00,3081.00,516989
1-Aug-14,3095.00,3110.00,3036.00,3087.00,870896
31-Jul-14,3156.00,3156.00,3089.00,3096.00,899981
30-Jul-14,3151.00,3163.00,3129.00,3156.00,766836
29-Jul-14,3120.00,3169.00,3108.00,3155.00,893924
28-Jul-14,3160.00,3162.00,3107.00,3116.00,357498
25-Jul-14,3176.00,3196.00,3134.00,3146.00,622283
24-Jul-14,3200.00,3216.18,3176.00,3189.00,454477
23-Jul-14,3199.00,3232.00,3190.35,3199.00,483584
22-Jul-14,3149.00,3204.00,3149.00,3201.00,331812
21-Jul-14,3163.00,3167.00,3129.00,3140.00,308918
18-Jul-14,3170.00,3170.00,3119.00,3166.00,528170
17-Jul-14,3187.00,3201.00,3167.00,3179.00,486808
16-Jul-14,3182.00,3220.00,3182.00,3200.00,509310
15-Jul-14,3219.00,3226.00,3158.00,3176.00,828874
14-Jul-14,3182.00,3229.00,3182.00,3228.00,488198
11-Jul-14,3181.00,3205.00,3168.00,3178.00,689395
10-Jul-14,3201.00,3203.00,3140.00,3177.00,740020
9-Jul-14,3228.00,3243.00,3193.00,3205.00,727830
8-Jul-14,3252.00,3266.00,3218.00,3225.00,1043298
7-Jul-14,3265.00,3283.73,3248.00,3252.00,703560
4-Jul-14,3288.00,3292.00,3267.00,3267.00,321037
3-Jul-14,3259.00,3288.00,3241.00,3283.00,703745
2-Jul-14,3254.00,3300.00,3252.00,3267.00,737542
1-Jul-14,3210.00,3261.00,3204.00,3258.00,750725
30-Jun-14,3226.00,3239.00,3197.00,3202.68,505521
27-Jun-14,3205.00,3220.00,3195.00,3213.00,334908
26-Jun-14,3163.00,3208.00,3153.00,3205.00,973986
25-Jun-14,3150.00,3167.30,3132.00,3153.00,779792
24-Jun-14,3196.00,3213.00,3146.00,3156.00,590529
23-Jun-14,3226.00,3239.00,3173.00,3183.00,542343
20-Jun-14,3226.00,3256.00,3226.00,3230.00,1215155
19-Jun-14,3221.00,3250.00,3219.00,3240.00,680205
18-Jun-14,3226.00,3235.00,3193.00,3200.00,690109
17-Jun-14,3234.00,3241.00,3201.00,3213.00,721502
16-Jun-14,3278.00,3281.00,3223.00,3229.00,703309
13-Jun-14,3335.00,3343.00,3259.00,3286.64,870069
12-Jun-14,3362.00,3367.00,3325.00,3343.00,432504
11-Jun-14,3415.00,3417.00,3332.00,3362.68,569455
10-Jun-14,3385.00,3408.00,3366.00,3408.00,523401
9-Jun-14,3425.00,3447.00,3384.00,3384.00,524259
6-Jun-14,3356.00,3414.00,3345.96,3412.00,525728
5-Jun-14,3359.00,3368.00,3336.00,3348.00,602332
4-Jun-14,3352.00,3367.00,3342.00,3357.00,622951
3-Jun-14,3400.00,3416.00,3344.00,3363.00,1680186
2-Jun-14,3331.00,3368.00,3301.00,3310.00,827894
30-May-14,3312.00,3336.00,3308.00,3325.00,686071
29-May-14,3345.00,3353.00,3315.00,3320.00,357531
28-May-14,3339.00,3354.46,3320.00,3335.83,560523
27-May-14,3359.00,3386.00,3333.83,3333.83,579726
23-May-14,3365.00,3388.00,3327.00,3344.00,527101
22-May-14,3328.00,3353.00,3303.00,3334.83,469701
21-May-14,3327.00,3345.00,3284.00,3325.83,553593
20-May-14,3335.00,3363.00,3333.83,3333.83,724214
19-May-14,3265.00,3317.00,3243.00,3315.83,680883
16-May-14,3326.00,3385.18,3201.00,3253.00,1185041
15-May-14,3425.00,3445.00,3311.00,3325.83,638570
14-May-14,3445.00,3445.00,3420.00,3433.83,292854
13-May-14,3420.00,3462.00,3411.00,3448.00,636329
12-May-14,3395.00,3400.00,3374.00,3400.00,523795
9-May-14,3390.00,3401.00,3382.00,3389.00,360313
8-May-14,3407.00,3417.00,3372.00,3396.00,594022
7-May-14,3432.00,3432.00,3380.00,3403.00,852246
6-May-14,3489.00,3523.00,3435.00,3437.00,620642
2-May-14,3461.00,3489.00,3448.00,3475.00,623736
1-May-14,3434.00,3464.00,3429.00,3451.00,300802
30-Apr-14,3377.00,3430.00,3362.00,3421.00,609764
29-Apr-14,3420.00,3434.00,3379.00,3390.00,683903
28-Apr-14,3431.00,3437.72,3397.00,3416.00,396273
25-Apr-14,3390.00,3427.00,3390.00,3425.00,693546
24-Apr-14,3440.00,3448.00,3378.00,3404.00,542349
23-Apr-14,3425.00,3436.00,3391.00,3417.00,1131920
22-Apr-14,3305.00,3364.00,3294.88,3361.00,609611
17-Apr-14,3252.00,3302.00,3247.00,3295.00,644065
16-Apr-14,3266.00,3278.00,3250.00,3260.00,379657
15-Apr-14,3263.00,3286.00,3234.00,3241.00,399663
14-Apr-14,3313.00,3320.00,3228.00,3260.00,738450
11-Apr-14,3328.00,3333.00,3292.00,3327.00,596677
10-Apr-14,3385.00,3399.00,3354.00,3370.00,432483
9-Apr-14,3401.00,3408.64,3368.00,3368.00,809638
8-Apr-14,3401.00,3410.00,3326.00,3386.00,699244
7-Apr-14,3500.00,3518.00,3401.00,3406.00,574164
4-Apr-14,3476.00,3533.00,3468.00,3531.00,864288
3-Apr-14,3447.00,3487.00,3429.00,3464.00,700589
2-Apr-14,3416.00,3459.00,3407.00,3443.00,647767
1-Apr-14,3425.00,3435.28,3394.00,3431.00,631824
31-Mar-14,3465.00,3480.00,3407.00,3411.00,717885
28-Mar-14,3448.00,3459.21,3421.00,3447.00,526085
27-Mar-14,3446.00,3454.00,3392.00,3434.00,598646
26-Mar-14,3430.00,3459.00,3419.00,3459.00,631524
25-Mar-14,3335.00,3471.59,3332.00,3412.00,923452
24-Mar-14,3369.00,3391.00,3300.00,3304.00,673365
21-Mar-14,3402.00,3422.00,3370.00,3392.00,848653
20-Mar-14,3417.00,3433.00,3377.00,3398.00,548808
19-Mar-14,3438.00,3448.00,3409.00,3436.00,522078
18-Mar-14,3376.00,3446.00,3369.00,3425.00,537087
17-Mar-14,3356.00,3385.00,3343.00,3384.00,625873
14-Mar-14,3307.00,3349.00,3295.00,3339.00,514623
13-Mar-14,3382.00,3396.00,3321.00,3325.00,435688
12-Mar-14,3395.00,3399.00,3357.00,3382.00,403713
11-Mar-14,3433.00,3438.00,3399.00,3410.00,440952
10-Mar-14,3441.00,3492.00,3418.00,3429.00,486960
7-Mar-14,3464.00,3500.00,3446.00,3451.00,538082
6-Mar-14,3495.00,3513.00,3458.00,3463.00,453141
5-Mar-14,3501.00,3518.00,3467.00,3487.00,626211
4-Mar-14,3470.00,3505.00,3445.00,3500.00,753670
3-Mar-14,3423.00,3454.00,3407.00,3443.00,443704
28-Feb-14,3485.00,3502.00,3461.00,3476.00,688067
27-Feb-14,3461.00,3486.00,3432.00,3480.00,911721
26-Feb-14,3404.00,3468.00,3387.00,3452.00,1049841
25-Feb-14,3385.00,3402.00,3352.00,3395.00,1445097
24-Feb-14,3356.00,3381.00,3330.00,3379.00,606119
21-Feb-14,3333.00,3369.00,3317.00,3360.00,702071
20-Feb-14,3344.00,3344.00,3283.00,3317.00,880364
19-Feb-14,3362.00,3384.00,3344.00,3370.00,543540
18-Feb-14,3355.00,3372.00,3324.00,3371.00,641559
17-Feb-14,3315.00,3347.00,3315.00,3345.00,399620
14-Feb-14,3297.00,3335.00,3289.00,3324.00,579567
13-Feb-14,3326.00,3341.00,3264.00,3281.00,831459
12-Feb-14,3360.00,3381.00,3329.00,3338.00,534999
11-Feb-14,3338.00,3348.00,3306.00,3344.00,954401
10-Feb-14,3350.00,3351.00,3322.00,3328.00,392657
7-Feb-14,3316.00,3358.00,3309.00,3342.00,565670
6-Feb-14,3246.00,3305.00,3223.00,3294.00,688392
5-Feb-14,3248.00,3272.00,3222.00,3225.00,537673
4-Feb-14,3243.00,3286.00,3223.00,3258.00,484146
3-Feb-14,3281.00,3323.00,3251.00,3272.00,558355
31-Jan-14,3308.00,3319.00,3231.00,3282.00,650528
30-Jan-14,3332.00,3337.00,3276.00,3314.00,427633
29-Jan-14,3349.00,3379.00,3279.00,3333.00,882661
28-Jan-14,3320.00,3335.00,3303.00,3315.00,697868
27-Jan-14,3334.00,3347.00,3291.00,3300.00,688243
24-Jan-14,3419.00,3444.00,3325.00,3331.00,549232
23-Jan-14,3475.00,3505.00,3400.00,3411.00,674024
22-Jan-14,3494.00,3499.00,3460.00,3478.00,743145
21-Jan-14,3496.00,3522.00,3486.00,3515.00,440360
20-Jan-14,3475.00,3507.00,3471.00,3486.00,250320
17-Jan-14,3501.00,3508.00,3467.00,3467.00,856990
16-Jan-14,3524.00,3537.00,3482.00,3492.00,644926
15-Jan-14,3488.00,3529.00,3465.00,3529.00,568215
14-Jan-14,3427.00,3482.00,3400.00,3476.00,394151
13-Jan-14,3428.00,3474.00,3427.00,3466.00,315827
10-Jan-14,3407.00,3444.00,3406.00,3429.00,496437
9-Jan-14,3400.00,3443.00,3302.00,3402.00,829403
8-Jan-14,3487.00,3493.00,3432.00,3440.00,445503
7-Jan-14,3454.00,3497.00,3434.00,3490.00,457775
6-Jan-14,3456.00,3480.00,3439.00,3442.00,570987
3-Jan-14,3444.00,3474.00,3403.00,3462.00,386175
2-Jan-14,3442.00,3490.00,3400.00,3453.00,638939
31-Dec-13,3431.00,3444.00,3405.00,3425.00,118685
30-Dec-13,3407.00,3432.00,3400.00,3420.00,358190
27-Dec-13,3376.00,3415.00,3365.00,3413.00,338958
24-Dec-13,3374.00,3406.00,3364.00,3366.00,55211
23-Dec-13,3342.00,3377.00,3320.00,3377.00,231711
20-Dec-13,3332.00,3357.00,3308.00,3343.00,650797
19-Dec-13,3307.00,3330.00,3297.00,3325.00,708952
18-Dec-13,3225.00,3286.00,3215.00,3265.00,886525
17-Dec-13,3218.00,3222.00,3195.00,3216.00,669121
16-Dec-13,3121.00,3207.00,3117.00,3206.00,523475
13-Dec-13,3120.00,3161.00,3102.00,3126.00,361821
12-Dec-13,3185.00,3187.00,3108.00,3128.00,502298
11-Dec-13,3186.00,3224.00,3165.00,3185.00,638911
10-Dec-13,3163.00,3219.00,3147.00,3178.00,695290
9-Dec-13,3150.00,3167.00,3125.00,3158.00,628836
6-Dec-13,3147.00,3150.00,3100.00,3125.00,680891
5-Dec-13,3149.00,3162.00,3120.00,3146.31,694079
4-Dec-13,3184.00,3187.00,3163.00,3164.00,629132
3-Dec-13,3278.00,3293.00,3186.00,3186.00,541880
2-Dec-13,3295.00,3315.00,3284.00,3295.17,534825
29-Nov-13,3512.00,3512.00,3407.00,3407.00,595735
28-Nov-13,3455.00,3491.00,3432.00,3448.00,639923
27-Nov-13,3461.00,3524.00,3430.00,3508.00,894824
26-Nov-13,3355.00,3478.00,3354.00,3461.00,952112
25-Nov-13,3345.00,3381.00,3339.00,3352.00,357265
22-Nov-13,3336.00,3360.00,3321.00,3329.00,429874
21-Nov-13,3327.00,3352.00,3307.00,3333.00,374899
20-Nov-13,3345.00,3350.00,3324.00,3337.00,371072
19-Nov-13,3350.00,3374.00,3325.00,3358.00,505989
18-Nov-13,3364.00,3374.00,3340.00,3368.00,388350
15-Nov-13,3417.00,3428.00,3358.00,3373.00,514696
14-Nov-13,3437.00,3463.00,3415.00,3415.00,469482
13-Nov-13,3482.00,3485.00,3386.00,3386.00,796240
12-Nov-13,3426.00,3458.00,3408.00,3454.00,327350
11-Nov-13,3450.00,3455.00,3429.00,3436.00,242553
8-Nov-13,3412.00,3443.00,3395.00,3439.00,273798
7-Nov-13,3414.00,3471.00,3392.00,3426.00,395192
6-Nov-13,3437.00,3439.00,3410.00,3415.00,349187
5-Nov-13,3420.00,3422.00,3369.00,3413.00,327876
4-Nov-13,3435.00,3437.00,3405.00,3419.00,441398
1-Nov-13,3479.00,3488.00,3405.00,3419.00,324892
31-Oct-13,3430.00,3473.00,3422.00,3473.00,638539
30-Oct-13,3417.00,3438.00,3408.00,3434.00,469038
29-Oct-13,3375.00,3420.00,3372.00,3419.00,416488
28-Oct-13,3417.00,3419.00,3354.00,3372.00,236176
25-Oct-13,3417.00,3447.00,3402.00,3411.00,372411
24-Oct-13,3404.00,3428.00,3387.00,3426.00,286428
23-Oct-13,3408.00,-,3380.00,3396.00,257515
22-Oct-13,3399.00,3427.00,3380.00,3406.00,422899
21-Oct-13,3385.00,3414.00,3362.00,3414.00,400735
18-Oct-13,3317.00,3372.00,3317.00,3369.00,570563
17-Oct-13,3321.00,3356.00,3287.00,3298.00,521495
16-Oct-13,3353.00,3374.00,3294.00,3348.00,639441
15-Oct-13,3340.00,3380.00,3328.00,3361.00,591290
14-Oct-13,3268.00,3333.00,3263.00,3318.00,523717
11-Oct-13,3317.00,3317.00,3259.00,3275.00,644966
10-Oct-13,3207.00,3308.00,3207.00,3308.00,888046
9-Oct-13,3198.00,3227.00,3161.00,3200.00,1013016
8-Oct-13,3265.00,3282.00,3216.00,3227.00,697210
7-Oct-13,3265.00,3269.00,3201.00,3258.00,488826
4-Oct-13,3307.00,3319.00,3255.00,3269.00,638960
3-Oct-13,3350.00,3355.00,3290.00,3303.00,544281
2-Oct-13,3392.00,3396.00,3342.00,3358.00,576504
1-Oct-13,3347.00,3417.00,3320.00,3406.00,1778333
30-Sep-13,3292.00,3348.00,3292.00,3304.00,887175
27-Sep-13,3404.00,3433.00,3348.00,3349.00,439500
26-Sep-13,3416.00,3420.00,3382.00,3406.00,368687
25-Sep-13,3445.00,3453.00,3408.00,3416.00,546127
24-Sep-13,3452.00,3485.00,3450.00,3454.00,461977
20-Sep-13,3526.00,3547.00,3491.00,3491.00,906591
19-Sep-13,3524.00,3564.00,3513.00,3536.00,1168559
18-Sep-13,3451.00,3476.00,3432.00,3444.00,437865
17-Sep-13,3479.00,3526.00,3451.00,3451.00,656032
16-Sep-13,3517.00,3519.00,3467.00,3494.00,657367
13-Sep-13,3483.00,3511.00,3483.00,3497.00,396534
12-Sep-13,3506.00,3540.00,3471.00,3507.00,554535
11-Sep-13,3560.00,3575.00,3480.00,3493.00,969795
10-Sep-13,3510.00,3543.00,3479.00,3491.00,969154
9-Sep-13,3516.00,3520.00,3478.00,3482.00,505346
6-Sep-13,3496.00,3522.00,3455.00,3512.00,668744
5-Sep-13,3412.00,3496.00,3412.00,3496.00,556335
4-Sep-13,3435.00,3454.00,3387.00,3410.00,555266
3-Sep-13,3469.00,3480.00,3412.00,3443.00,429932
2-Sep-13,3387.00,3500.00,3387.00,3472.00,401239
30-Aug-13,3386.00,3405.00,3334.00,3369.00,636826
29-Aug-13,3462.00,3462.00,3372.00,3388.00,633195
28-Aug-13,3315.00,3342.00,3303.00,3329.00,484998
27-Aug-13,3453.00,3453.00,3326.00,3338.00,1024143
23-Aug-13,3449.00,3503.00,3416.00,3466.00,674435
22-Aug-13,3340.00,3451.00,3340.00,3441.00,1082682
21-Aug-13,3231.00,3316.00,3220.00,3300.00,727752
20-Aug-13,3200.00,3245.00,3124.00,3228.00,982878
19-Aug-13,3273.00,3291.00,3216.00,3221.00,347484
16-Aug-13,3259.00,3287.00,3193.00,3262.00,671147
15-Aug-13,3368.00,3381.00,3193.00,3251.00,1022169
14-Aug-13,3349.00,3379.00,3349.00,3372.00,349910
13-Aug-13,3329.00,3369.00,3320.00,3353.00,471129
12-Aug-13,3357.00,3375.00,3312.00,3325.00,294601
9-Aug-13,3365.00,3375.00,3330.00,3350.00,296718
8-Aug-13,3373.00,3380.00,3341.00,3366.00,461318
7-Aug-13,3415.00,3423.00,3343.00,3362.00,590137
6-Aug-13,3353.00,3450.00,3345.00,3426.00,981177
5-Aug-13,3334.00,3355.00,3326.00,3345.00,315941
2-Aug-13,3351.00,3354.00,3299.00,3319.00,299066
1-Aug-13,3265.00,3347.00,3262.00,3345.00,777767
31-Jul-13,3193.00,3264.00,3188.00,3251.00,736438
30-Jul-13,3248.00,3305.00,3242.00,3258.00,663106
29-Jul-13,3255.00,3277.00,3225.00,3236.00,440111
26-Jul-13,3267.00,3283.00,3240.00,3246.00,708828
25-Jul-13,3331.00,3347.00,3235.00,3249.00,838665
24-Jul-13,3347.00,3407.00,3325.00,3345.00,467718
23-Jul-13,3369.00,3379.00,3343.00,3343.00,395440
22-Jul-13,3392.00,3397.00,3362.00,3366.00,317992
19-Jul-13,3381.00,3407.00,3368.00,3397.00,515453
18-Jul-13,3337.00,3398.00,3329.00,3397.00,532611
17-Jul-13,3353.00,3361.00,3287.00,3330.00,949556
16-Jul-13,3379.00,3397.00,3322.00,3336.00,646607
15-Jul-13,3383.00,3424.00,3364.00,3379.00,595045
12-Jul-13,3361.00,3376.00,3354.00,3369.00,466984
11-Jul-13,3410.00,3418.00,3349.00,3367.00,567979
10-Jul-13,3388.30,3399.70,3321.10,3361.70,502750
9-Jul-13,3333.00,3432.00,3317.00,3402.00,833590
8-Jul-13,3284.00,3341.00,3282.00,3324.00,461896
5-Jul-13,3322.00,3341.00,3245.00,3257.00,450959
4-Jul-13,3172.00,3307.00,3156.00,3307.00,543344
3-Jul-13,3172.00,3179.00,3134.00,3147.00,489538
2-Jul-13,3247.00,3247.00,3169.00,3198.00,528609
1-Jul-13,3173.37,3231.23,3139.40,3231.23,952303
28-Jun-13,3174.00,3195.00,3122.00,3134.00,698079
27-Jun-13,3129.00,3183.00,3101.00,3170.00,723267
26-Jun-13,3063.00,3144.00,3046.00,3129.00,879619
25-Jun-13,3069.00,3072.10,3040.07,3053.50,805000
24-Jun-13,3131.00,3135.13,3032.51,3035.93,1018220
21-Jun-13,3135.00,3198.00,3125.00,3125.00,1068263
20-Jun-13,3173.00,3199.00,3128.00,3131.00,823140
19-Jun-13,3260.20,3291.20,3228.20,3229.20,588226
18-Jun-13,3249.00,3266.00,3224.00,3235.00,468463
17-Jun-13,3214.00,3263.00,3205.00,3243.00,585519
14-Jun-13,3213.00,3249.00,3196.00,3206.00,589059
13-Jun-13,3121.70,3200.20,3095.70,3196.10,769590
12-Jun-13,3163.00,3181.00,3145.00,3167.00,544110
11-Jun-13,3182.00,3190.00,3131.00,3157.00,897896
10-Jun-13,3186.00,3256.00,3186.00,3198.00,659835
7-Jun-13,3170.00,3228.00,3140.00,3196.00,1102320
6-Jun-13,3276.00,3279.00,3156.00,3156.00,979257
5-Jun-13,3255.00,3312.00,3238.00,3265.00,1684687
4-Jun-13,3441.00,3462.00,3237.00,3250.00,2729391
3-Jun-13,3464.00,3523.00,3439.00,3470.00,807956
31-May-13,3496.00,3500.00,3432.00,3491.00,936263
30-May-13,3450.00,3499.00,3419.00,3495.00,476603
29-May-13,3470.00,3484.00,3449.00,3449.00,600910
28-May-13,3479.00,3511.00,3477.00,3486.00,496191
24-May-13,3479.20,3491.80,3432.70,3440.00,464298
23-May-13,3477.00,3500.00,3433.00,3458.00,936884
22-May-13,3524.00,3575.00,3511.00,3545.00,1015320
21-May-13,3577.00,3599.00,3572.00,3599.00,645897
20-May-13,3540.20,3596.00,3526.10,3588.80,472484
17-May-13,3511.00,3541.00,3467.00,3541.00,437385
16-May-13,3493.00,3537.00,3493.00,3519.00,504714
15-May-13,3443.00,3496.00,3438.00,3492.00,513559
14-May-13,3497.00,3497.00,3437.00,3482.00,470687
13-May-13,3426.50,3460.60,3423.20,3454.40,270078
10-May-13,3419.00,3448.00,3414.00,3431.00,611883
9-May-13,3369.00,3431.00,3367.00,3420.00,422777
8-May-13,3351.00,3387.00,3351.00,3376.00,445996
7-May-13,3351.00,3357.00,3327.00,3350.00,723897
3-May-13,3280.00,3388.00,3262.00,3366.00,763209
2-May-13,3293.00,3300.00,3230.00,3268.00,679328
1-May-13,3309.00,3327.00,3294.00,3308.00,295125
30-Apr-13,3350.00,3359.00,3275.00,3289.00,578484
29-Apr-13,3336.00,3368.00,3323.00,3343.00,433399
26-Apr-13,3341.00,3360.00,3314.00,3338.00,413741
25-Apr-13,3306.00,3354.00,3292.00,3346.00,559621
24-Apr-13,3326.00,3334.00,3291.00,3305.00,560097
23-Apr-13,3199.00,3325.00,3199.00,3321.00,952162
22-Apr-13,3252.00,3252.00,3182.00,3189.00,810889
19-Apr-13,3281.00,3281.00,3220.00,3237.00,783088
18-Apr-13,3274.00,3296.00,3253.00,3271.00,556147
17-Apr-13,3305.00,3313.00,3245.00,3261.00,744183
16-Apr-13,3295.00,3300.00,3237.00,3281.00,1142330
15-Apr-13,3298.00,3314.00,3255.00,3312.00,615699
12-Apr-13,3293.23,3308.73,3270.50,3282.20,478441
11-Apr-13,3255.00,3330.43,3249.83,3307.00,634672
10-Apr-13,3197.00,3286.00,3178.00,3268.00,724720
9-Apr-13,3202.00,3217.00,3176.00,3185.00,532965
8-Apr-13,3158.00,3206.00,3139.00,3192.00,618802
5-Apr-13,3238.00,3260.00,3106.00,3141.00,911015
4-Apr-13,3360.00,3360.00,3258.00,3262.00,747545
3-Apr-13,3372.80,3410.00,3347.29,3375.87,716377
2-Apr-13,3391.40,3404.80,3353.20,3385.00,938045
28-Mar-13,3298.40,3385.20,3290.13,3331.39,1271975
27-Mar-13,3301.50,3309.77,3257.07,3273.21,698948
26-Mar-13,3241.57,3308.73,3188.87,3266.17,1602387
25-Mar-13,3373.83,3376.93,3310.80,3318.36,746811
22-Mar-13,3366.60,3387.27,3333.53,3342.62,692618
21-Mar-13,3439.97,3448.23,3369.70,3378.97,682163
20-Mar-13,3445.00,3466.00,3438.00,3448.00,802420
19-Mar-13,3413.10,3453.40,3394.50,3421.35,494732
18-Mar-13,3372.80,3427.57,3364.53,3394.37,507957
15-Mar-13,3449.27,3451.33,3410.00,3428.94,983991
14-Mar-13,3342.00,3439.00,3341.00,3439.00,810222
13-Mar-13,3382.00,3386.00,3330.00,3338.00,655375
12-Mar-13,3382.10,3402.77,3358.33,3383.43,459395
11-Mar-13,3387.27,3400.70,3342.42,3349.66,410429
8-Mar-13,3353.00,3411.00,3334.00,3390.00,801555
7-Mar-13,3354.20,3361.43,3320.10,3330.24,607736
6-Mar-13,3318.00,3381.00,3312.00,3344.00,643234
5-Mar-13,3272.57,3308.73,3269.92,3290.98,650573
4-Mar-13,3224.00,3264.00,3200.00,3261.00,524515
1-Mar-13,3216.77,3256.03,3179.57,3213.60,625011
28-Feb-13,3185.77,3216.77,3175.43,3192.07,761434
27-Feb-13,3121.70,3175.43,3089.67,3143.02,570783
26-Feb-13,3092.77,3159.93,3081.40,3093.54,1158959
25-Feb-13,3141.30,3182.70,3119.60,3154.30,860024
22-Feb-13,3144.00,3164.00,3123.00,3131.00,616649
21-Feb-13,3175.43,3186.80,3107.23,3136.91,637499
20-Feb-13,3203.30,3255.00,3189.90,3203.50,606909
19-Feb-13,3166.13,3206.43,3149.60,3178.07,395871
18-Feb-13,3183.00,3183.00,3152.00,3174.00,256449
15-Feb-13,3151.00,3188.00,3127.00,3180.00,449554
14-Feb-13,3186.00,3188.00,3136.00,3156.00,479511
13-Feb-13,3089.67,3186.80,3066.93,3164.27,828446
12-Feb-13,3048.33,3088.62,3027.67,3050.19,753066
11-Feb-13,3052.47,3056.60,3027.04,3035.93,258557
8-Feb-13,3046.27,3071.07,3030.48,3056.60,251270
7-Feb-13,3052.00,3083.00,3031.00,3040.00,493271
6-Feb-13,3042.13,3068.95,3022.50,3044.74,424864
5-Feb-13,3017.33,3050.40,3013.20,3028.92,462489
4-Feb-13,3097.90,3097.90,3018.40,3083.80,423038
1-Feb-13,3047.30,3106.20,3047.30,3082.37,629067
31-Jan-13,3027.67,3058.67,3020.43,3043.78,662646
30-Jan-13,3057.60,3082.40,3039.00,3062.10,715232
29-Jan-13,3062.80,3074.17,3017.33,3050.59,775377
28-Jan-13,3098.97,3116.53,3064.87,3097.50,548583
25-Jan-13,3077.00,3117.00,3069.00,3096.00,547406
24-Jan-13,2992.53,3089.67,2991.50,3044.09,963444
23-Jan-13,3027.67,3050.40,2991.50,3016.87,777368
22-Jan-13,3044.20,3052.47,3018.37,3036.57,533796
21-Jan-13,3045.23,3065.90,3029.73,3042.74,430260
18-Jan-13,3095.00,3095.00,3012.00,3030.00,1272833
17-Jan-13,3077.27,3094.11,3062.80,3072.41,827803
16-Jan-13,3123.77,3140.30,3058.67,3079.48,710382
15-Jan-13,3128.00,3134.00,3078.00,3121.00,607572
14-Jan-13,3139.00,3149.00,3126.00,3134.00,354053
11-Jan-13,3133.00,3157.00,3122.00,3139.00,523584
10-Jan-13,3086.00,3129.00,3062.00,3121.00,457112
9-Jan-13,3075.20,3106.20,3062.80,3093.67,610827
8-Jan-13,3097.00,3118.00,3068.00,3068.00,734949
7-Jan-13,3113.43,3115.91,3078.30,3086.24,445844
4-Jan-13,3088.00,3120.00,3085.00,3117.00,544542
3-Jan-13,3108.27,3117.57,3086.57,3101.26,421580
2-Jan-13,3036.97,3132.03,2984.96,3124.59,799373
