31-Dec-15,1953.00,1965.40,1935.00,1939.00,1507
30-Dec-15,1952.00,1970.00,1938.00,1950.00,2237
29-Dec-15,1941.00,1975.00,1941.00,1956.00,3862
24-Dec-15,1935.00,1970.00,1935.00,1935.00,484
23-Dec-15,1942.00,1962.43,1919.00,1936.00,4772
22-Dec-15,1929.00,1936.00,1909.00,1926.00,3992
21-Dec-15,1915.00,1926.79,1892.00,1895.00,7498
18-Dec-15,1910.00,1923.60,1885.00,1903.00,33081
16-Dec-15,1869.00,1892.35,1847.56,1873.00,12912
15-Dec-15,1813.00,1882.61,1813.00,1864.00,9208
14-Dec-15,1810.00,1849.00,1810.00,1820.00,9499
11-Dec-15,1830.00,1845.00,1803.04,1824.00,8568
10-Dec-15,1810.00,1849.01,1810.00,1833.00,2980
9-Dec-15,1841.00,1862.34,1835.00,1835.00,6628
8-Dec-15,1860.00,1862.50,1827.00,1852.00,11932
7-Dec-15,1850.00,1860.91,1827.00,1860.00,54675
4-Dec-15,1782.00,1826.00,1775.09,1825.00,24003
3-Dec-15,1868.00,1868.00,1816.00,1817.00,26120
2-Dec-15,1873.00,1876.00,1847.18,1863.95,22382
1-Dec-15,1860.00,1860.00,1830.00,1843.75,14416
30-Nov-15,1857.00,1857.00,1833.00,1838.00,7801
27-Nov-15,1850.00,1865.00,1848.60,1854.00,5939
26-Nov-15,1841.00,1871.00,1841.00,1871.00,6807
25-Nov-15,1826.00,1863.10,1825.00,1848.04,6204
24-Nov-15,1836.00,1840.91,1815.00,1835.00,4190
23-Nov-15,1825.00,1840.00,1814.00,1825.68,8418
20-Nov-15,1837.00,1839.00,1810.00,1824.00,18323
19-Nov-15,1825.00,1851.53,1810.00,1833.00,26951
18-Nov-15,1780.00,1815.00,1780.00,1804.00,23012
17-Nov-15,1797.00,1810.00,1790.00,1802.00,21465
16-Nov-15,1760.00,1799.00,1760.00,1788.80,8093
13-Nov-15,1817.00,1817.00,1778.00,1782.79,13648
12-Nov-15,1835.00,1835.00,1801.00,1829.00,3858
11-Nov-15,1828.00,1846.91,1822.00,1833.00,4479
10-Nov-15,1850.00,1850.00,1819.00,1825.00,7200
9-Nov-15,1822.00,1851.40,1822.00,1832.00,4260
6-Nov-15,1831.00,1850.00,1822.15,1849.00,6863
5-Nov-15,1855.00,1861.00,1824.90,1824.90,4730
4-Nov-15,1850.00,1857.65,1825.95,1853.00,3360
3-Nov-15,1820.00,1853.02,1814.00,1828.60,625
2-Nov-15,1805.00,1822.00,1785.00,1790.00,5861
30-Oct-15,1810.00,1830.08,1807.65,1811.00,7023
29-Oct-15,1800.00,1840.91,1800.00,1825.00,16169
28-Oct-15,1780.00,1809.87,1771.99,1800.00,11335
27-Oct-15,1761.00,1789.00,1753.00,1772.00,10221
26-Oct-15,1783.00,1796.60,1761.00,1783.00,7373
23-Oct-15,1775.00,1792.85,1756.25,1791.00,15441
22-Oct-15,1727.00,1759.24,1725.00,1747.80,28415
21-Oct-15,1715.00,1750.00,1705.16,1723.00,45829
20-Oct-15,1717.00,1748.00,1717.00,1721.60,3108
19-Oct-15,1719.00,1743.00,1705.00,1717.35,33918
16-Oct-15,1660.00,1719.00,1650.00,1696.50,86578
15-Oct-15,1646.00,1673.82,1637.00,1657.00,9111
14-Oct-15,1680.00,1687.75,1615.00,1644.10,105539
13-Oct-15,1700.00,1710.05,1680.00,1692.00,12908
12-Oct-15,1690.00,1700.00,1681.00,1681.37,4941
9-Oct-15,1700.00,1735.00,1687.00,1704.67,20905
8-Oct-15,1703.00,1730.57,1681.00,1683.00,33486
7-Oct-15,1714.00,1728.05,1698.00,1700.00,19087
6-Oct-15,1720.00,1732.97,1700.00,1714.00,31343
5-Oct-15,1703.00,1740.00,1702.00,1709.00,4462
2-Oct-15,1690.00,1699.92,1650.23,1677.00,11098
1-Oct-15,1695.00,1720.00,1663.00,1681.00,9462
30-Sep-15,1650.00,1690.00,1641.70,1682.55,28976
29-Sep-15,1660.00,1660.00,1590.25,1610.00,43062
28-Sep-15,1800.00,1800.00,1685.00,1700.00,31588
25-Sep-15,1820.00,1845.44,1820.00,1826.00,5256
24-Sep-15,1830.00,1842.00,1800.00,1801.00,6924
23-Sep-15,1830.00,1860.42,1830.00,1852.00,12691
22-Sep-15,1855.00,1870.00,1823.29,1855.00,6154
21-Sep-15,1870.00,1892.80,1861.60,1865.83,9076
18-Sep-15,1895.00,1909.00,1870.30,1905.80,23035
17-Sep-15,1884.00,1894.67,1865.00,1865.00,5757
16-Sep-15,1876.00,1890.00,1868.00,1884.00,7656
15-Sep-15,1864.00,1878.72,1831.00,1838.00,11803
14-Sep-15,1870.00,1880.00,1859.55,1872.75,8003
11-Sep-15,1860.00,1882.30,1844.50,1869.00,3195
10-Sep-15,1876.00,1880.00,1841.70,1855.00,14195
9-Sep-15,1840.00,1900.00,1840.00,1887.00,32976
8-Sep-15,1846.00,1846.00,1825.00,1830.62,8475
7-Sep-15,1831.00,1847.75,1820.00,1830.00,10617
4-Sep-15,1892.00,1892.00,1824.75,1835.00,16122
3-Sep-15,1875.00,1902.65,1875.00,1876.00,11381
2-Sep-15,1852.00,1880.00,1844.80,1863.80,7322
1-Sep-15,1900.00,1900.00,1837.60,1877.00,8675
28-Aug-15,1910.00,1929.00,1890.13,1909.00,6068
27-Aug-15,1870.00,1900.00,1860.00,1889.00,9671
26-Aug-15,1750.00,1829.70,1750.00,1802.00,10034
25-Aug-15,1758.00,1815.00,1710.00,1716.25,45540
24-Aug-15,1799.00,1799.00,1625.00,1740.00,71255
21-Aug-15,1918.00,1919.50,1835.00,1837.00,29865
20-Aug-15,1966.00,1970.00,1930.00,1960.00,22757
19-Aug-15,1961.00,1990.26,1940.50,1955.00,9647
18-Aug-15,1980.00,1999.81,1970.60,1976.00,6171
17-Aug-15,2000.00,2000.00,1966.00,1974.00,2937
14-Aug-15,2007.00,2007.00,1970.00,1983.00,11531
13-Aug-15,1986.00,2026.00,1985.00,2006.00,33432
12-Aug-15,2010.00,2020.00,1960.00,1977.00,21280
11-Aug-15,2048.00,2051.28,2021.95,2023.00,4698
10-Aug-15,2060.00,2065.00,2040.00,2051.00,4457
7-Aug-15,2060.00,2060.00,2030.00,2042.50,1701
6-Aug-15,2070.00,2100.00,2046.25,2090.00,11119
5-Aug-15,2016.00,2067.00,2015.00,2065.00,6152
4-Aug-15,1985.00,2032.00,1985.00,2028.25,8718
3-Aug-15,1990.00,2010.00,1990.00,1994.09,6292
31-Jul-15,1983.00,1995.00,1980.00,1987.11,19634
30-Jul-15,2006.00,2019.67,1970.00,2002.80,15768
29-Jul-15,2040.00,2040.00,2001.00,2003.00,10425
28-Jul-15,2011.00,2033.00,2010.00,2028.40,5082
27-Jul-15,2034.00,2049.00,2006.00,2006.00,8335
24-Jul-15,2091.00,2104.00,2035.00,2085.50,19634
23-Jul-15,2095.00,2095.00,2071.00,2076.00,3121
22-Jul-15,2095.00,2099.00,2071.00,2095.00,8131
21-Jul-15,2085.00,2108.50,2078.60,2095.03,7409
20-Jul-15,2060.00,2090.00,2057.09,2075.00,4599
17-Jul-15,2030.00,2068.25,2030.00,2068.25,12789
16-Jul-15,2048.00,2053.75,2030.87,2053.00,5483
15-Jul-15,2020.00,2070.00,2000.00,2070.00,14249
14-Jul-15,1990.00,2009.00,1985.00,1993.50,7478
13-Jul-15,1975.00,1990.00,1965.00,1987.64,6922
10-Jul-15,1970.00,1979.25,1964.00,1966.00,4008
9-Jul-15,1931.00,1951.70,1931.00,1950.00,3287
8-Jul-15,1930.00,1943.00,1930.00,1943.00,2065
7-Jul-15,1956.00,1975.68,1930.00,1930.00,7582
6-Jul-15,1951.00,1970.00,1928.00,1965.00,6080
3-Jul-15,1964.00,1970.00,1956.00,1970.00,2045
2-Jul-15,1959.00,1973.00,1940.00,1973.00,11488
1-Jul-15,1891.00,1955.00,1891.00,1929.00,20741
30-Jun-15,1894.00,1903.00,1869.00,1902.00,20278
29-Jun-15,1895.00,1897.20,1865.00,1888.00,6662
26-Jun-15,1902.00,1913.00,1900.00,1908.00,7706
25-Jun-15,1910.00,1915.00,1890.79,1911.00,16536
24-Jun-15,1914.00,1928.35,1900.00,1906.40,2677
23-Jun-15,1899.00,1914.00,1887.56,1904.50,18601
22-Jun-15,1894.00,1894.00,1871.00,1880.00,24208
19-Jun-15,1896.00,1896.00,1872.00,1881.00,47385
18-Jun-15,1909.00,1909.00,1858.00,1876.00,28194
17-Jun-15,1918.00,1928.00,1890.51,1892.00,10686
16-Jun-15,1943.00,1949.72,1907.00,1907.00,9941
15-Jun-15,1951.00,1970.00,1940.00,1949.00,17387
12-Jun-15,1975.00,1985.00,1959.00,1980.60,7511
11-Jun-15,1962.00,1983.64,1959.50,1983.64,3867
10-Jun-15,1990.00,1990.00,1962.00,1977.30,5051
9-Jun-15,1989.00,1995.20,1976.00,1989.00,2633
8-Jun-15,2000.00,2000.00,1983.00,1984.10,3754
5-Jun-15,1993.00,1993.00,1975.00,1977.00,3186
4-Jun-15,1985.00,1994.00,1973.00,1980.00,4536
3-Jun-15,1974.00,2011.00,1957.15,1990.00,25577
2-Jun-15,1962.00,1973.26,1953.65,1960.00,12042
1-Jun-15,1954.00,1968.00,1940.00,1954.00,5377
29-May-15,1947.00,1950.00,1933.00,1940.00,11743
28-May-15,1927.00,1946.00,1926.95,1943.00,12778
27-May-15,1915.00,1938.00,1896.44,1910.00,11612
26-May-15,1900.00,1915.00,1892.20,1900.00,5368
22-May-15,1905.00,1910.00,1888.00,1907.78,10175
21-May-15,1905.00,1906.20,1880.25,1893.00,7214
20-May-15,1914.00,1915.00,1885.24,1897.20,7431
19-May-15,1895.00,1907.00,1882.15,1885.00,17024
18-May-15,1905.00,1905.00,1875.00,1879.00,4792
15-May-15,1895.00,1900.00,1875.15,1898.00,12025
14-May-15,1898.00,1898.00,1880.00,1884.00,14099
13-May-15,1895.00,1913.50,1885.00,1890.00,11802
12-May-15,1926.00,1926.00,1885.00,1892.00,8679
11-May-15,1900.00,1945.00,1893.60,1940.00,22446
8-May-15,1835.00,1885.00,1835.00,1835.00,49285
7-May-15,1863.00,1863.00,1827.00,1835.00,24694
6-May-15,1880.00,1893.00,1850.00,1855.51,10341
5-May-15,1868.00,1905.00,1867.00,1872.00,18167
1-May-15,1856.00,1862.00,1824.25,1826.00,12324
30-Apr-15,1875.00,1875.00,1848.00,1848.00,12119
29-Apr-15,1919.00,1919.00,1865.00,1865.00,20345
28-Apr-15,1934.00,1934.00,1898.00,1904.00,27627
27-Apr-15,1950.00,1955.58,1935.65,1944.00,303
24-Apr-15,1960.00,1960.00,1939.16,1945.71,7974
23-Apr-15,1945.00,1956.49,1941.00,1949.50,16351
22-Apr-15,1950.00,1959.96,1920.60,1946.00,55597
21-Apr-15,1931.00,1947.00,1911.54,1930.00,42549
20-Apr-15,1930.00,1949.00,1914.40,1940.50,42554
17-Apr-15,1953.00,1953.00,1910.50,1911.00,8878
16-Apr-15,1989.00,1989.00,1935.00,1936.45,14139
15-Apr-15,1983.00,1988.00,1973.21,1976.00,6928
14-Apr-15,1984.00,1984.00,1955.00,1977.83,24031
13-Apr-15,1970.00,1983.50,1966.80,1971.00,16330
10-Apr-15,1932.00,1970.00,1932.00,1946.00,38138
9-Apr-15,1909.00,1938.00,1909.00,1921.00,25141
8-Apr-15,1919.00,1925.00,1900.09,1906.52,6924
7-Apr-15,1905.00,1920.00,1896.00,1904.35,8540
2-Apr-15,1866.00,1901.00,1866.00,1900.00,8210
1-Apr-15,1920.00,1920.00,1865.00,1900.00,29802
31-Mar-15,1940.00,1949.83,1915.00,1930.00,11049
30-Mar-15,1900.00,1949.00,1891.62,1935.30,14645
27-Mar-15,1881.00,1910.00,1881.00,1900.63,8044
26-Mar-15,1900.00,1905.00,1810.00,1877.91,47500
25-Mar-15,1970.00,1976.00,1911.00,1913.00,19240
24-Mar-15,1970.00,1977.00,1955.00,1961.00,13395
23-Mar-15,1972.00,1990.00,1959.32,1972.00,11583
20-Mar-15,1942.00,1992.40,1942.00,1967.11,43884
19-Mar-15,1930.00,1945.00,1913.87,1942.00,11135
18-Mar-15,1905.00,1920.00,1894.00,1915.00,25799
17-Mar-15,1909.00,1909.00,1882.17,1903.00,9917
16-Mar-15,1850.00,1903.00,1850.00,1897.00,11031
13-Mar-15,1847.00,1875.00,1832.50,1845.27,31452
12-Mar-15,1812.00,1843.00,1802.00,1840.00,17821
11-Mar-15,1826.00,1826.00,1783.00,1812.86,38386
10-Mar-15,1871.00,1874.00,1816.00,1820.00,13631
9-Mar-15,1880.00,1897.83,1854.00,1854.00,10928
6-Mar-15,1888.00,1894.13,1880.80,1883.00,3940
5-Mar-15,1860.00,1898.00,1860.00,1890.00,9554
4-Mar-15,1850.00,1857.00,1832.43,1857.00,6713
3-Mar-15,1867.00,1867.25,1835.00,1843.40,10020
2-Mar-15,1885.00,1887.00,1851.08,1856.00,25779
27-Feb-15,1880.00,1885.60,1866.07,1870.00,831
26-Feb-15,1890.00,1908.00,1869.56,1882.00,35104
25-Feb-15,1884.00,1887.00,1872.40,1872.40,9237
24-Feb-15,1875.00,1884.00,1867.88,1872.00,49817
23-Feb-15,1825.00,1880.00,1825.00,1875.00,18444
20-Feb-15,1830.00,1840.00,1821.00,1838.00,18439
19-Feb-15,1820.00,1828.00,1815.00,1826.30,9220
18-Feb-15,1807.00,1819.30,1807.00,1816.00,9532
17-Feb-15,1815.00,1815.00,1797.00,1804.00,8815
16-Feb-15,1800.00,1815.00,1800.00,1808.00,2908
13-Feb-15,1780.00,1811.00,1775.80,1801.00,23096
12-Feb-15,1775.00,1785.00,1766.40,1782.00,6988
11-Feb-15,1777.00,1781.00,1761.00,1772.91,8745
10-Feb-15,1770.00,1775.00,1760.00,1766.00,13876
9-Feb-15,1800.00,1800.00,1771.00,1772.00,9800
6-Feb-15,1775.00,1805.00,1775.00,1804.00,6851
5-Feb-15,1800.00,1800.00,1769.05,1776.00,8961
4-Feb-15,1831.00,1850.00,1784.52,1799.00,26481
3-Feb-15,1845.00,1874.00,1816.09,1835.00,34146
2-Feb-15,1859.00,1871.08,1831.00,1832.70,10307
30-Jan-15,1866.00,1880.00,1861.06,1869.00,10380
29-Jan-15,1844.00,1857.91,1840.00,1847.00,13813
28-Jan-15,1848.00,1865.00,1848.00,1860.00,2029
27-Jan-15,1875.00,1884.00,1842.00,1842.00,21152
26-Jan-15,1875.00,1875.00,1855.00,1860.00,6019
23-Jan-15,1860.00,1873.50,1855.06,1864.00,4048
22-Jan-15,1862.00,1881.00,1839.00,1842.70,66994
21-Jan-15,1849.00,1855.00,1836.61,1850.00,15134
20-Jan-15,1819.00,1849.25,1817.96,1835.00,41195
19-Jan-15,1770.00,1834.00,1770.00,1833.00,21341
16-Jan-15,1782.00,1782.00,1760.00,1761.25,9010
15-Jan-15,1785.00,1785.00,1763.00,1774.00,6978
14-Jan-15,1776.00,1785.00,1755.44,1769.00,18799
13-Jan-15,1758.00,1790.00,1758.00,1784.00,36128
12-Jan-15,1770.00,1777.82,1758.00,1768.00,14681
9-Jan-15,1752.00,1761.70,1748.22,1755.40,3747
8-Jan-15,1729.00,1755.40,1721.32,1754.50,45473
7-Jan-15,1720.00,1720.00,1695.00,1701.00,25714
6-Jan-15,1707.00,1717.48,1701.22,1709.00,6945
5-Jan-15,1700.00,1714.45,1694.00,1705.00,4482
31-Dec-14,1708.00,1718.00,1699.43,1699.43,1181
30-Dec-14,1718.00,1719.00,1703.00,1711.50,12096
29-Dec-14,1710.00,1725.00,1695.00,1710.00,11977
24-Dec-14,1700.00,1710.00,1690.00,1705.00,1694
23-Dec-14,1695.00,1706.00,1676.72,1699.00,31663
22-Dec-14,1685.00,1697.96,1678.60,1689.00,10384
19-Dec-14,1675.00,1688.81,1664.30,1679.00,33350
18-Dec-14,1622.00,1664.96,1622.00,1659.00,51973
17-Dec-14,1625.00,1625.00,1601.00,1609.00,6753
16-Dec-14,1647.00,1647.00,1596.60,1611.00,27255
15-Dec-14,1664.00,1665.00,1633.00,1637.00,19030
12-Dec-14,1683.00,1683.00,1662.26,1663.00,1607
11-Dec-14,1709.00,1709.00,1663.00,1669.23,25347
10-Dec-14,1710.00,1711.00,1694.00,1702.00,4838
9-Dec-14,1715.00,1720.00,1685.00,1685.00,15146
8-Dec-14,1738.00,1738.52,1720.38,1730.00,8721
5-Dec-14,1731.00,1754.00,1727.14,1738.00,6906
4-Dec-14,1768.00,1768.00,1725.00,1726.00,27266
3-Dec-14,1785.00,1807.82,1760.00,1762.80,20782
2-Dec-14,1741.00,1775.00,1741.00,1761.75,14578
1-Dec-14,1729.00,1749.79,1729.00,1734.00,6483
28-Nov-14,1720.00,1748.94,1711.28,1721.00,15294
27-Nov-14,1684.00,1720.00,1684.00,1713.90,26191
26-Nov-14,1695.00,1700.00,1680.00,1688.00,15469
25-Nov-14,1694.00,1694.00,1675.50,1691.11,5038
24-Nov-14,1695.00,1695.00,1676.75,1688.19,6026
21-Nov-14,1677.00,1694.00,1670.00,1675.00,10326
20-Nov-14,1674.00,1674.99,1657.00,1664.00,7427
19-Nov-14,1670.00,1679.25,1661.25,1667.62,4146
18-Nov-14,1670.00,1670.00,1656.00,1663.00,11009
17-Nov-14,1647.00,1653.34,1633.00,1649.00,7558
14-Nov-14,1640.00,1643.90,1630.00,1643.90,6834
13-Nov-14,1645.00,1645.00,1624.29,1635.00,1473
12-Nov-14,1639.00,1645.10,1625.00,1631.00,5166
11-Nov-14,1619.00,1650.00,1619.00,1641.06,15104
10-Nov-14,1640.00,1650.00,1613.00,1629.00,32621
7-Nov-14,1645.00,1648.15,1620.00,1635.00,11613
6-Nov-14,1645.00,1645.00,1616.09,1630.00,13749
5-Nov-14,1655.00,1658.15,1633.00,1640.00,33397
4-Nov-14,1642.00,1660.89,1627.55,1649.82,22943
3-Nov-14,1645.00,1669.00,1626.00,1651.00,30348
31-Oct-14,1609.00,1645.00,1603.69,1643.00,22296
30-Oct-14,1580.00,1595.00,1558.60,1595.00,17976
29-Oct-14,1550.00,1580.00,1530.00,1573.00,18727
28-Oct-14,1549.00,1549.00,1526.50,1527.00,18121
27-Oct-14,1530.00,1530.00,1512.00,1521.00,4209
24-Oct-14,1515.00,1519.00,1501.18,1517.32,3937
23-Oct-14,1512.00,1524.00,1495.57,1512.00,18406
22-Oct-14,1495.00,1518.00,1488.00,1518.00,10261
21-Oct-14,1455.00,1488.00,1445.25,1488.00,14441
20-Oct-14,1434.00,1454.00,1432.89,1445.00,21578
17-Oct-14,1384.00,1430.00,1377.94,1429.00,48587
16-Oct-14,1380.00,1399.00,1359.20,1378.00,37528
15-Oct-14,1405.00,1405.00,1355.00,1363.92,92320
14-Oct-14,1437.00,1439.00,1395.07,1407.00,135658
13-Oct-14,1469.00,1469.00,1431.00,1433.00,13221
10-Oct-14,1505.00,1505.00,1470.00,1478.75,27263
9-Oct-14,1516.00,1525.00,1505.00,1508.00,7126
8-Oct-14,1504.00,1505.00,1490.00,1500.00,11853
7-Oct-14,1521.00,1521.92,1500.00,1500.00,18752
6-Oct-14,1517.00,1523.00,1503.00,1508.00,5924
3-Oct-14,1493.00,1510.40,1477.50,1484.00,21381
2-Oct-14,1514.00,1514.00,1472.50,1500.30,18092
1-Oct-14,1514.00,1515.00,1496.00,1499.00,12542
30-Sep-14,1505.00,1505.00,1499.00,1502.00,20814
29-Sep-14,1514.00,1514.00,1490.04,1498.00,5612
26-Sep-14,1504.00,1504.00,1492.00,1498.00,6894
25-Sep-14,1495.00,1523.00,1488.24,1500.00,20853
24-Sep-14,1495.00,1495.00,1471.00,1492.00,7206
23-Sep-14,1503.00,1508.53,1480.00,1487.30,5820
22-Sep-14,1499.00,1508.56,1493.66,1503.00,16010
19-Sep-14,1480.00,1506.00,1470.00,1482.85,66248
18-Sep-14,1479.00,1479.00,1467.70,1473.00,8875
17-Sep-14,1473.00,1475.00,1460.00,1463.00,11984
16-Sep-14,1477.00,1489.62,1465.00,1471.00,13249
15-Sep-14,1479.00,1489.00,1460.40,1469.00,27223
12-Sep-14,1462.00,1477.84,1457.00,1464.00,21382
11-Sep-14,1464.00,1464.00,1450.00,1459.50,25777
10-Sep-14,1464.00,1465.00,1450.00,1452.00,7957
9-Sep-14,1456.00,1472.00,1449.00,1454.00,16685
8-Sep-14,1487.00,1488.07,1452.00,1452.00,21213
5-Sep-14,1489.00,1490.00,1465.00,1477.00,13767
4-Sep-14,1470.00,1490.00,1459.70,1481.00,19924
3-Sep-14,1440.00,1469.69,1440.00,1464.90,22252
2-Sep-14,1430.00,1450.00,1430.00,1450.00,8135
1-Sep-14,1425.00,1440.00,1417.00,1431.75,6338
29-Aug-14,1420.00,1425.00,1416.14,1425.00,10873
28-Aug-14,1420.00,1424.00,1416.00,1422.00,6481
27-Aug-14,1420.00,1427.00,1406.54,1416.00,8619
26-Aug-14,1395.00,1414.00,1382.00,1410.00,63008
22-Aug-14,1375.00,1385.00,1364.90,1384.00,11367
21-Aug-14,1370.00,1373.00,1357.40,1372.00,10792
20-Aug-14,1369.00,1369.00,1352.00,1368.00,24720
19-Aug-14,1355.00,1370.00,1344.00,1360.00,9722
18-Aug-14,1349.00,1355.00,1337.40,1355.00,3827
15-Aug-14,1335.00,1355.00,1332.00,1332.00,11839
14-Aug-14,1318.00,1334.00,1310.08,1330.00,43939
13-Aug-14,1309.00,1321.15,1305.30,1318.00,12510
12-Aug-14,1308.00,1315.00,1296.00,1306.00,30632
11-Aug-14,1288.00,1309.00,1275.08,1290.00,17529
8-Aug-14,1275.00,1280.00,1265.01,1271.77,6875
7-Aug-14,1285.00,1285.00,1278.00,1283.00,18524
6-Aug-14,1280.00,1290.00,1267.00,1290.00,13852
5-Aug-14,1285.00,1292.00,1273.00,1276.00,30616
4-Aug-14,1285.00,1288.00,1276.00,1280.00,28560
1-Aug-14,1300.00,1300.00,1271.00,1275.00,66937
31-Jul-14,1313.00,1319.23,1297.00,1319.23,29059
30-Jul-14,1321.00,1324.93,1314.00,1315.00,74357
29-Jul-14,1331.00,1331.00,1320.00,1320.00,23813
28-Jul-14,1334.00,1335.62,1317.00,1318.00,2883
25-Jul-14,1326.00,1334.00,1320.00,1326.00,5713
24-Jul-14,1324.00,1330.00,1315.32,1321.50,15428
23-Jul-14,1315.00,1325.00,1307.25,1324.00,8448
22-Jul-14,1310.00,1315.00,1300.00,1313.34,7007
21-Jul-14,1310.00,1310.00,1290.00,1290.00,7508
18-Jul-14,1310.00,1310.00,1288.00,1297.50,9978
17-Jul-14,1309.00,1309.00,1296.25,1307.00,6988
16-Jul-14,1305.00,1308.00,1296.00,1297.00,17891
15-Jul-14,1305.00,1318.00,1295.00,1312.00,28181
14-Jul-14,1307.00,1307.00,1301.00,1305.00,1578
11-Jul-14,1297.00,1298.00,1288.00,1293.75,4115
10-Jul-14,1305.00,1305.00,1285.00,1294.00,16917
9-Jul-14,1324.00,1324.00,1290.00,1300.00,40324
8-Jul-14,1339.00,1339.00,1310.00,1318.25,9516
7-Jul-14,1325.00,1340.00,1323.00,1323.00,9454
4-Jul-14,1325.00,1337.00,1324.09,1333.50,6499
3-Jul-14,1330.00,1332.00,1323.00,1323.00,7611
2-Jul-14,1316.00,1336.59,1314.20,1336.59,13884
1-Jul-14,1316.00,1316.00,1304.50,1314.00,5231
30-Jun-14,1313.00,1316.60,1303.00,1303.00,9693
27-Jun-14,1312.00,1313.00,1303.00,1303.00,2907
26-Jun-14,1318.00,1318.00,1307.30,1309.00,14615
25-Jun-14,1303.00,1319.00,1302.00,1302.00,8974
24-Jun-14,1310.00,1320.89,1301.00,1307.00,44990
23-Jun-14,1310.00,1324.00,1310.00,1314.00,5371
20-Jun-14,1305.00,1330.00,1302.76,1324.00,66434
19-Jun-14,1308.00,1308.08,1296.00,1306.00,7953
18-Jun-14,1300.00,1301.00,1291.00,1301.00,48376
17-Jun-14,1293.00,1298.20,1280.00,1283.00,24599
16-Jun-14,1305.00,1305.00,1284.00,1285.90,29947
13-Jun-14,1335.00,1335.00,1292.00,1296.00,21533
12-Jun-14,1329.00,1335.00,1316.00,1323.00,7554
11-Jun-14,1330.00,1330.00,1316.00,1316.00,8992
10-Jun-14,1325.00,1330.00,1310.00,1328.00,6890
9-Jun-14,1311.00,1320.75,1310.00,1315.00,4608
6-Jun-14,1305.00,1320.00,1303.11,1320.00,22062
5-Jun-14,1300.00,1304.00,1288.00,1296.00,13055
4-Jun-14,1300.00,1300.00,1285.11,1286.00,2538
3-Jun-14,1315.00,1315.00,1294.00,1297.00,7143
2-Jun-14,1311.00,1316.25,1300.44,1306.00,5903
30-May-14,1285.00,1318.96,1285.00,1307.00,15722
29-May-14,1280.00,1300.00,1278.00,1292.00,13242
28-May-14,1270.00,1283.00,1267.70,1282.00,13529
27-May-14,1270.00,1270.00,1260.00,1267.00,12087
23-May-14,1254.00,1264.89,1253.00,1258.00,3232
22-May-14,1260.00,1263.89,1253.25,1259.51,4911
21-May-14,1254.00,1258.00,1245.40,1256.00,7058
20-May-14,1251.00,1255.00,1241.00,1249.00,15384
19-May-14,1259.00,1259.00,1235.00,1241.00,33746
16-May-14,1276.00,1276.00,1250.00,1250.00,18304
15-May-14,1295.00,1296.00,1266.00,1266.00,17000
14-May-14,1298.00,1298.00,1281.00,1282.00,5631
13-May-14,1285.00,1297.99,1281.01,1291.75,3691
12-May-14,1283.00,1291.89,1271.00,1273.00,65354
9-May-14,1282.00,1286.89,1265.00,1265.00,43078
8-May-14,1280.00,1298.00,1278.75,1295.00,29305
7-May-14,1290.00,1290.00,1266.00,1266.00,17245
6-May-14,1294.00,1295.00,1285.00,1290.01,44417
2-May-14,1299.00,1299.00,1275.00,1275.00,22218
1-May-14,1284.00,1290.00,1275.00,1283.00,15490
30-Apr-14,1279.00,1285.00,1265.00,1276.00,22123
29-Apr-14,1263.00,1278.00,1252.80,1269.75,12136
28-Apr-14,1250.00,1260.00,1241.89,1251.00,12189
25-Apr-14,1239.00,1258.86,1225.00,1227.00,15621
24-Apr-14,1268.00,1268.00,1237.00,1241.00,61732
23-Apr-14,1285.00,1295.00,1263.00,1263.00,17810
22-Apr-14,1227.00,1294.00,1227.00,1280.00,29369
17-Apr-14,1218.00,1225.00,1211.00,1216.61,10807
16-Apr-14,1191.00,1219.00,1191.00,1202.00,20002
15-Apr-14,1199.00,1200.00,1183.00,1183.00,7862
14-Apr-14,1201.00,1204.24,1180.01,1190.89,32702
11-Apr-14,1250.00,1250.00,1191.80,1217.00,52645
10-Apr-14,1245.00,1288.50,1245.00,1272.00,75934
9-Apr-14,1235.00,1238.99,1225.00,1237.00,41012
8-Apr-14,1305.00,1305.00,1220.00,1225.89,33865
7-Apr-14,1334.00,1334.00,1295.00,1295.00,16771
4-Apr-14,1350.00,1357.00,1335.00,1352.00,15250
3-Apr-14,1349.00,1357.99,1331.00,1349.00,16925
2-Apr-14,1340.00,1363.00,1340.00,1356.00,13694
1-Apr-14,1305.00,1346.00,1303.62,1345.00,19898
31-Mar-14,1300.00,1305.16,1288.00,1295.00,6832
28-Mar-14,1300.00,1300.00,1287.11,1295.00,8374
27-Mar-14,1285.00,1300.00,1280.01,1293.00,22208
26-Mar-14,1290.00,1299.00,1285.00,1286.70,12081
25-Mar-14,1331.00,1333.25,1288.00,1297.78,23169
24-Mar-14,1355.00,1355.99,1324.91,1324.91,15799
21-Mar-14,1350.00,1359.00,1350.00,1354.00,21235
20-Mar-14,1345.00,1353.00,1341.11,1350.00,8548
19-Mar-14,1354.00,1355.00,1345.00,1353.00,8390
18-Mar-14,1357.00,1367.89,1345.00,1350.00,20028
17-Mar-14,1367.00,1367.00,1356.00,1356.00,12272
14-Mar-14,1375.00,1375.00,1360.00,1361.00,10586
13-Mar-14,1388.00,1388.00,1374.00,1377.89,3037
12-Mar-14,1387.00,1387.00,1374.00,1378.00,7280
11-Mar-14,1382.00,1387.00,1380.00,1384.00,2088
10-Mar-14,1385.00,1388.00,1375.00,1376.00,13869
7-Mar-14,1400.00,1400.00,1380.00,1380.00,8347
6-Mar-14,1395.00,1397.00,1381.00,1385.00,11247
5-Mar-14,1400.00,1400.00,1382.00,1382.00,6722
4-Mar-14,1399.00,1399.00,1385.00,1390.00,6369
3-Mar-14,1393.00,1395.00,1380.00,1384.00,8830
28-Feb-14,1385.00,1408.00,1385.00,1406.55,23175
27-Feb-14,1360.00,1378.00,1360.00,1376.93,7137
26-Feb-14,1361.00,1365.00,1359.00,1360.00,12624
25-Feb-14,1370.00,1370.00,1360.00,1362.00,40047
24-Feb-14,1361.00,1365.00,1355.00,1363.00,31003
21-Feb-14,1341.00,1365.00,1341.00,1365.00,12826
20-Feb-14,1331.00,1342.00,1315.00,1335.00,19799
19-Feb-14,1331.00,1333.00,1320.00,1332.00,16912
18-Feb-14,1320.00,1325.00,1315.00,1317.60,16981
17-Feb-14,1308.00,1314.00,1307.00,1313.79,17292
14-Feb-14,1303.00,1304.00,1299.00,1300.00,104824
13-Feb-14,1304.00,1304.00,1285.00,1290.00,39813
12-Feb-14,1290.00,1302.00,1290.00,1297.00,4745
11-Feb-14,1300.00,1300.00,1287.00,1291.00,5648
10-Feb-14,1290.00,1294.00,1282.00,1290.00,15766
7-Feb-14,1279.00,1279.00,1269.00,1273.00,4463
6-Feb-14,1257.00,1273.00,1257.00,1273.42,29256
5-Feb-14,1265.00,1265.00,1245.00,1256.00,13872
4-Feb-14,1260.00,1274.00,1254.00,1254.00,11700
3-Feb-14,1260.00,1275.00,1260.00,1269.00,16507
31-Jan-14,1270.00,1274.00,1262.00,1274.00,15070
30-Jan-14,1265.00,1268.00,1250.00,1263.00,19318
29-Jan-14,1278.00,1279.00,1256.00,1259.00,8035
28-Jan-14,1272.00,1272.00,1259.00,1270.00,8056
27-Jan-14,1280.00,1280.00,1250.00,1254.00,22033
24-Jan-14,1285.00,1293.00,1278.00,1283.00,8072
23-Jan-14,1285.00,1297.00,1285.00,1290.50,7078
22-Jan-14,1289.00,1299.00,1284.00,1299.00,54834
21-Jan-14,1290.00,1290.00,1277.00,1285.00,48145
20-Jan-14,1279.00,1289.00,1274.00,1286.00,6440
17-Jan-14,1271.00,1276.00,1264.00,1276.00,13522
16-Jan-14,1270.00,1270.00,1263.00,1267.00,16538
15-Jan-14,1260.00,1268.00,1260.00,1260.00,22190
14-Jan-14,1255.00,1260.00,1250.00,1259.00,21999
13-Jan-14,1268.00,1269.00,1256.00,1263.00,25921
10-Jan-14,1270.00,1270.00,1257.00,1253.40,20592
9-Jan-14,1261.00,1266.00,1255.00,1259.50,8765
8-Jan-14,1260.00,1260.00,1258.00,1260.00,3309
7-Jan-14,1254.00,1265.00,1254.00,1263.00,13792
6-Jan-14,1245.00,1253.00,1245.00,1253.00,10741
3-Jan-14,1240.00,1245.00,1233.00,1242.25,4409
2-Jan-14,1243.00,1245.00,1236.00,1241.00,10010
31-Dec-13,1232.00,1239.00,1232.00,1242.11,8345
30-Dec-13,1240.00,1240.00,1232.00,1232.00,12961
27-Dec-13,1226.00,1239.00,1226.00,1238.00,10297
24-Dec-13,1234.00,1236.00,1234.00,1236.00,7489
23-Dec-13,1227.00,1232.00,1226.00,1232.00,10638
20-Dec-13,1228.00,1228.00,1218.00,1222.00,26310
19-Dec-13,1222.00,1228.00,1212.00,1227.00,27781
18-Dec-13,1210.00,1215.00,1204.00,1204.00,15513
17-Dec-13,1217.00,1217.00,1207.00,1210.00,11263
16-Dec-13,1203.00,1218.00,1203.00,1217.00,12564
13-Dec-13,1210.00,1216.00,1205.00,1213.00,3105
12-Dec-13,1217.00,1217.00,1203.00,1205.00,13441
11-Dec-13,1237.00,1237.00,1216.00,1221.00,17880
10-Dec-13,1238.00,1238.00,1230.00,1230.00,70490
9-Dec-13,1233.00,1237.00,1233.00,1234.00,1855
6-Dec-13,1235.00,1235.00,1220.00,1225.00,9874
5-Dec-13,1234.00,1234.00,1220.00,1226.00,15544
4-Dec-13,1231.00,1231.00,1220.00,1223.00,8315
3-Dec-13,1256.00,1256.00,1240.00,1240.00,33172
2-Dec-13,1270.00,1270.00,1253.00,1253.00,9934
29-Nov-13,1250.00,1270.00,1250.00,1270.90,27024
28-Nov-13,1247.00,1252.00,1246.00,1248.00,4963
27-Nov-13,1253.00,1253.00,1240.00,1247.00,9342
26-Nov-13,1232.00,1252.00,1232.00,1252.00,7691
25-Nov-13,1202.00,1237.00,1192.00,1230.00,17988
22-Nov-13,1185.00,1195.00,1185.00,1190.00,22175
21-Nov-13,1195.00,1195.00,1184.00,1187.00,18713
20-Nov-13,1196.00,1196.00,1183.00,1190.00,6237
19-Nov-13,1184.00,1193.00,1184.00,1191.76,1223
18-Nov-13,1192.00,1192.00,1185.00,1188.11,7768
15-Nov-13,1198.00,1198.00,1180.00,1183.00,17221
14-Nov-13,1192.38,1188.00,1188.00,1188.00,221
13-Nov-13,1192.00,1192.00,1179.00,1179.00,20414
12-Nov-13,1195.00,1197.00,1186.00,1196.25,12330
11-Nov-13,1200.00,1200.00,1190.00,1197.53,1297
8-Nov-13,1195.00,1198.00,1191.00,1195.50,3531
7-Nov-13,1199.00,1199.00,1186.00,1195.89,10701
6-Nov-13,1199.00,1200.00,1190.00,1198.00,6341
5-Nov-13,1199.00,1199.00,1191.00,1195.00,2784
4-Nov-13,1189.00,1195.00,1188.00,1195.00,2841
1-Nov-13,1192.00,1192.00,1184.00,1188.11,15249
31-Oct-13,1200.00,1200.00,1185.00,1188.11,5714
30-Oct-13,1190.00,1204.00,1190.00,1190.89,18023
29-Oct-13,1200.00,1200.00,1190.00,1191.80,17771
28-Oct-13,1191.00,1198.00,1190.00,1190.00,4176
25-Oct-13,1200.00,1201.00,1193.00,1195.91,6086
24-Oct-13,1193.00,1200.00,1190.00,1192.00,7126
23-Oct-13,1197.00,1197.00,1189.00,1195.25,5431
22-Oct-13,1195.00,1197.00,1193.00,1195.00,2447
21-Oct-13,1194.00,1194.00,1185.00,1191.95,5726
18-Oct-13,1190.00,1191.00,1179.00,1179.00,5495
17-Oct-13,1180.00,1185.00,1173.00,1185.00,3919
16-Oct-13,1174.00,1180.00,1162.00,1179.00,25225
15-Oct-13,1173.00,1175.00,1166.00,1168.00,16031
14-Oct-13,1168.00,1171.00,1160.00,1170.00,17695
11-Oct-13,1163.00,1167.00,1159.00,1164.38,8630
10-Oct-13,1150.00,1163.00,1148.00,1158.11,24137
9-Oct-13,1130.00,1146.00,1125.00,1146.00,26830
8-Oct-13,1141.00,1143.00,1135.00,1142.50,5758
7-Oct-13,1143.00,1143.00,1128.00,1130.00,2534
4-Oct-13,1134.00,1140.00,1130.00,1133.00,9748
3-Oct-13,1131.00,1140.00,1131.00,1136.00,7267
2-Oct-13,1134.00,1139.00,1132.00,1139.00,12008
1-Oct-13,1147.00,1147.00,1134.00,1136.23,3097
30-Sep-13,1136.00,1145.00,1135.00,1141.89,2231
27-Sep-13,1141.00,1146.00,1140.00,1140.00,3954
26-Sep-13,1150.00,1150.00,1144.00,1149.00,11204
25-Sep-13,1156.00,1156.00,1143.00,1143.00,9732
24-Sep-13,1160.00,1162.00,1153.00,1150.30,9426
20-Sep-13,1165.00,1170.00,1157.00,1171.00,37837
19-Sep-13,1168.00,1175.00,1161.00,1162.00,16760
18-Sep-13,1156.00,1162.00,1155.00,1155.51,9031
17-Sep-13,1160.00,1167.00,1155.00,1156.00,19896
16-Sep-13,1163.00,1165.00,1153.00,1160.20,6669
13-Sep-13,1159.00,1159.00,1148.00,1154.89,4061
12-Sep-13,1154.00,1160.00,1148.00,1149.00,12257
11-Sep-13,1136.00,1159.00,1136.00,1141.00,16325
10-Sep-13,1125.00,1141.00,1120.00,1120.00,9709
9-Sep-13,1120.00,1125.00,1114.00,1121.00,19184
6-Sep-13,1138.00,1138.00,1113.00,1120.00,14408
5-Sep-13,1131.00,1132.00,1125.00,1125.00,7726
4-Sep-13,1128.00,1140.00,1128.00,1132.00,17390
3-Sep-13,1143.00,1143.00,1128.00,1133.00,12351
2-Sep-13,1138.00,1143.00,1130.00,1140.00,6079
30-Aug-13,1134.00,1134.00,1130.00,1132.00,1605
29-Aug-13,1130.00,1132.00,1125.00,1135.00,11994
28-Aug-13,1135.00,1140.00,1122.00,1135.00,23190
27-Aug-13,1130.00,1145.00,1130.00,1125.00,21460
23-Aug-13,1126.00,1142.00,1122.00,1142.00,11183
22-Aug-13,1107.00,1123.00,1107.00,1120.00,7950
21-Aug-13,1100.00,1107.00,1100.00,1111.00,7449
20-Aug-13,1108.00,1111.00,1095.00,1099.00,28860
19-Aug-13,1115.00,1119.00,1107.00,1120.00,11474
16-Aug-13,1125.00,1128.00,1115.00,1140.00,8055
15-Aug-13,1140.00,1142.00,1125.00,1140.00,23438
14-Aug-13,1140.00,1145.00,1140.00,1145.00,6536
13-Aug-13,1141.00,1151.00,1140.00,1140.00,9666
12-Aug-13,1144.00,1150.00,1144.00,1144.00,2847
9-Aug-13,1147.00,1148.00,1136.00,1147.00,6123
8-Aug-13,1142.00,1145.00,1135.00,1135.60,4797
7-Aug-13,1153.00,1155.00,1136.00,1150.80,11062
6-Aug-13,1159.00,1162.00,1146.00,1156.00,8741
5-Aug-13,1159.00,1161.00,1152.00,1153.00,11790
2-Aug-13,1154.00,1159.00,1152.00,1153.00,12801
1-Aug-13,1141.00,1160.00,1141.00,1140.00,8820
31-Jul-13,1148.00,1148.00,1136.00,1138.19,46033
30-Jul-13,1142.00,1148.00,1140.00,1144.50,11200
29-Jul-13,1135.00,1142.00,1132.00,1135.00,6209
26-Jul-13,1133.00,1135.00,1125.00,1125.00,1978
25-Jul-13,1126.00,1133.00,1125.00,1148.00,6386
24-Jul-13,1145.00,1145.00,1125.00,1141.00,14632
23-Jul-13,1150.00,1150.00,1130.00,1148.00,21668
22-Jul-13,1157.00,1157.00,1136.00,1142.45,29228
19-Jul-13,1145.00,1154.00,1145.00,1150.00,3289
18-Jul-13,1139.00,1152.00,1139.00,1145.00,12118
17-Jul-13,1150.00,1153.00,1140.88,1144.00,8565
16-Jul-13,1147.00,1154.00,1144.00,1144.00,11799
15-Jul-13,1140.00,1158.00,1140.00,1150.00,7299
12-Jul-13,1150.00,1150.00,1142.89,1150.00,686
11-Jul-13,1150.00,1150.00,1140.00,1145.00,1551
10-Jul-13,1136.00,1139.00,1126.00,1135.00,9823
9-Jul-13,1130.00,1140.00,1123.30,1135.00,16734
8-Jul-13,1118.00,1130.00,1112.00,1128.00,43186
5-Jul-13,1090.00,1120.00,1090.00,1115.00,17596
4-Jul-13,1060.00,1085.00,1054.00,1085.00,78479
3-Jul-13,1050.00,1055.00,1049.00,1055.00,5356
2-Jul-13,1056.00,1063.99,1051.00,1055.00,11863
1-Jul-13,1051.00,1060.00,1046.74,1060.00,4049
28-Jun-13,1041.00,1050.00,1038.00,1048.00,16247
27-Jun-13,1025.00,1050.00,1018.92,1050.00,10904
26-Jun-13,1020.00,1023.00,1015.00,1020.00,25896
25-Jun-13,1024.00,1024.40,1013.00,1013.00,15530
24-Jun-13,1023.00,1030.00,1013.00,1013.00,34006
21-Jun-13,1020.00,1035.00,1020.00,1035.00,31312
20-Jun-13,1042.00,1042.00,1021.11,1030.00,29897
19-Jun-13,1052.00,1055.00,1045.01,1050.00,38188
18-Jun-13,1049.00,1050.00,1041.00,1050.00,10467
17-Jun-13,1028.00,1050.00,1023.32,1049.00,14297
14-Jun-13,1011.89,1030.00,1011.89,1025.00,5011
13-Jun-13,1039.00,1040.89,995.00,1005.00,40743
12-Jun-13,1053.00,1053.00,1040.00,1043.00,8577
11-Jun-13,1051.00,1057.84,1045.00,1054.00,3752
10-Jun-13,1057.00,1058.00,1042.75,1054.00,3419
7-Jun-13,1053.00,1056.48,1035.00,1050.00,24334
6-Jun-13,1060.00,1068.00,1048.00,1048.00,7538
5-Jun-13,1072.00,1079.19,1060.00,1060.00,16587
4-Jun-13,1090.00,1093.00,1080.00,1080.00,19108
3-Jun-13,1080.00,1094.00,1080.00,1084.00,5127
31-May-13,1085.00,1090.68,1080.01,1083.00,6341
30-May-13,1116.00,1116.00,1081.00,1081.00,20399
29-May-13,1114.00,1118.00,1104.00,1104.00,9033
28-May-13,1101.50,1119.00,1101.50,1115.00,17171
24-May-13,1114.00,1120.00,1102.00,1102.00,11239
23-May-13,1138.00,1138.40,1108.00,1116.00,31890
22-May-13,1132.00,1147.00,1124.00,1147.00,64131
21-May-13,1128.00,1128.00,1117.00,1127.00,33941
20-May-13,1121.00,1127.00,1116.60,1124.00,34173
17-May-13,1107.00,1119.00,1107.00,1119.00,39012
16-May-13,1109.00,1109.00,1101.00,1101.00,6178
15-May-13,1096.00,1109.99,1096.00,1106.00,67414
14-May-13,1079.00,1099.00,1074.16,1098.00,34821
13-May-13,1060.00,1077.00,1058.35,1077.00,68961
10-May-13,1055.00,1061.00,1051.00,1060.00,31062
9-May-13,1058.00,1058.00,1054.00,1055.00,5269
8-May-13,1056.00,1058.00,1049.00,1058.00,1830
7-May-13,1053.00,1057.00,1049.00,1049.00,12098
3-May-13,1047.00,1054.00,1043.01,1053.00,25770
2-May-13,1050.00,1050.00,1038.52,1050.00,16559
1-May-13,1053.00,1053.00,1045.00,1050.00,15967
30-Apr-13,1056.00,1059.00,1045.00,1049.00,16169
29-Apr-13,1050.00,1056.00,1046.99,1052.00,6587
26-Apr-13,1057.00,1057.00,1049.00,1055.00,14109
25-Apr-13,1057.00,1063.00,1053.90,1055.00,4640
24-Apr-13,1050.00,1065.00,1050.00,1059.00,45192
23-Apr-13,1052.00,1058.00,1047.00,1057.00,29687
22-Apr-13,1048.00,1051.00,1037.70,1051.00,49403
19-Apr-13,1040.00,1044.00,1036.01,1044.00,9547
18-Apr-13,1035.00,1040.00,1031.91,1040.00,10988
17-Apr-13,1031.00,1037.00,1026.00,1026.00,38406
16-Apr-13,1026.00,1036.00,1026.00,1031.00,12116
15-Apr-13,1036.00,1037.00,1030.20,1037.00,12278
12-Apr-13,1036.00,1037.00,1030.00,1037.00,7884
11-Apr-13,1023.00,1039.00,1021.99,1037.00,59493
10-Apr-13,1010.00,1024.00,1010.00,1024.00,6236
9-Apr-13,1016.00,1016.00,1010.00,1012.00,8973
8-Apr-13,1015.00,1016.30,1005.00,1005.00,10445
5-Apr-13,1020.00,1020.00,1007.00,1016.00,12510
4-Apr-13,1016.00,1024.00,1011.00,1020.00,7857
3-Apr-13,1015.00,1023.40,1014.00,1018.00,20614
2-Apr-13,1014.00,1021.00,1011.92,1020.00,30616
28-Mar-13,1012.00,1012.99,1005.00,1009.00,19383
27-Mar-13,1013.00,1013.00,1003.00,1003.00,9887
26-Mar-13,1012.99,1014.00,1006.00,1011.00,26070
25-Mar-13,1001.00,1014.00,1001.00,1008.00,30297
22-Mar-13,1004.00,1010.00,1000.00,1005.00,19946
21-Mar-13,1010.00,1010.00,1002.00,1006.00,16323
20-Mar-13,1008.00,1008.00,1003.00,1007.00,2244
19-Mar-13,1010.00,1010.00,1002.00,1002.00,9429
18-Mar-13,1000.00,1012.00,999.00,1012.00,15585
15-Mar-13,1014.00,1016.00,1007.75,1015.00,36032
14-Mar-13,1005.00,1014.00,999.12,1012.00,37147
13-Mar-13,1004.00,1004.04,996.00,1004.00,14463
12-Mar-13,1002.00,1004.00,998.05,1004.00,17949
11-Mar-13,997.00,1002.00,995.00,998.00,12167
8-Mar-13,993.50,997.00,991.01,997.00,19777
7-Mar-13,980.00,993.50,980.00,993.50,19395
6-Mar-13,975.00,984.99,975.00,981.00,17916
5-Mar-13,970.00,975.00,966.25,970.00,20472
4-Mar-13,963.00,971.00,960.89,970.00,12328
1-Mar-13,961.00,965.00,956.00,965.00,7473
28-Feb-13,959.00,962.50,957.24,962.50,8949
27-Feb-13,957.50,959.50,954.12,958.50,31953
26-Feb-13,952.00,957.50,951.00,957.50,4551
25-Feb-13,954.50,961.53,953.50,960.50,55954
22-Feb-13,956.00,961.50,955.00,955.00,13969
21-Feb-13,959.50,962.05,953.50,953.50,13545
20-Feb-13,945.00,963.50,944.00,963.50,55032
19-Feb-13,929.50,945.00,929.00,945.00,44275
18-Feb-13,925.00,927.00,922.00,927.00,17908
15-Feb-13,925.00,925.00,919.00,924.50,6793
14-Feb-13,922.99,923.51,917.00,922.50,114830
13-Feb-13,917.00,921.50,916.20,917.00,17254
12-Feb-13,920.36,921.00,914.00,920.00,13607
11-Feb-13,913.50,919.99,913.00,913.00,13190
8-Feb-13,917.00,919.29,914.51,918.00,5880
7-Feb-13,921.00,923.77,918.00,919.00,32638
6-Feb-13,914.00,921.00,913.50,918.00,6609
5-Feb-13,913.50,914.00,909.50,913.50,17496
4-Feb-13,910.00,914.80,909.00,913.50,15934
1-Feb-13,915.00,915.00,910.00,914.50,1263
31-Jan-13,915.00,918.50,910.00,915.00,19423
30-Jan-13,916.00,918.50,912.00,915.00,8675
29-Jan-13,905.00,916.90,905.00,913.00,8121
28-Jan-13,902.50,911.00,896.16,911.00,20268
25-Jan-13,898.50,902.50,895.50,899.00,27976
24-Jan-13,887.50,900.00,887.50,900.00,27124
23-Jan-13,889.50,895.50,883.50,895.50,12207
22-Jan-13,888.50,890.00,884.50,890.00,16278
21-Jan-13,881.00,889.00,878.09,887.00,14571
18-Jan-13,879.00,881.00,877.26,881.00,7382
17-Jan-13,878.50,879.00,875.00,879.00,14360
16-Jan-13,873.00,877.90,871.50,871.50,2870
15-Jan-13,877.00,877.00,872.00,873.00,6442
14-Jan-13,874.00,877.00,872.50,873.00,10822
11-Jan-13,867.59,874.00,865.31,874.00,15657
10-Jan-13,860.50,868.00,858.00,868.00,8818
9-Jan-13,859.00,860.50,855.92,860.50,3469
8-Jan-13,853.50,860.00,853.50,860.00,9680
7-Jan-13,857.50,857.50,852.00,857.50,6913
4-Jan-13,854.00,859.50,850.38,859.50,18922
3-Jan-13,854.59,854.59,850.00,851.00,13603
2-Jan-13,855.00,857.25,848.00,854.50,29985
