31-Dec-15,1662.00,1670.00,1632.80,1659.00,77364
30-Dec-15,1665.00,1665.00,1652.00,1662.00,226908
29-Dec-15,1650.00,1673.26,1639.09,1673.00,369738
24-Dec-15,1654.00,1654.00,1639.00,1639.00,34064
23-Dec-15,1637.00,1649.00,1616.00,1646.00,508282
22-Dec-15,1645.00,1645.00,1619.00,1627.00,399153
21-Dec-15,1650.00,1657.00,1635.00,1635.00,388257
18-Dec-15,1667.00,1683.00,1650.00,1655.00,851479
16-Dec-15,1654.00,1674.00,1654.00,1672.00,576518
15-Dec-15,1625.00,1657.00,1624.50,1653.00,655100
14-Dec-15,1618.00,1636.00,1606.00,1611.00,667911
11-Dec-15,1607.00,1627.00,1604.00,1613.00,847306
10-Dec-15,1609.00,1627.00,1603.00,1608.00,548563
9-Dec-15,1624.00,1638.00,1617.00,1619.00,399081
8-Dec-15,1632.00,1639.00,1621.00,1623.00,399619
7-Dec-15,1626.00,1652.40,1624.00,1634.00,388024
4-Dec-15,1616.00,1623.00,1605.00,1618.00,447981
3-Dec-15,1644.00,1658.00,1615.00,1621.00,553794
2-Dec-15,1646.00,1656.00,1635.00,1650.00,521345
1-Dec-15,1629.00,1645.00,1626.00,1639.00,672315
30-Nov-15,1623.00,1627.00,1611.00,1621.00,835699
27-Nov-15,1596.00,1632.00,1592.00,1621.00,491523
26-Nov-15,1601.00,1606.00,1596.00,1601.00,500458
25-Nov-15,1596.00,1614.00,1592.00,1603.00,951966
24-Nov-15,1619.00,1619.00,1584.00,1589.00,713532
23-Nov-15,1613.00,1627.00,1598.00,1623.00,698987
20-Nov-15,1648.00,1648.00,1624.00,1625.00,592505
19-Nov-15,1635.00,1649.00,1634.00,1641.00,617578
18-Nov-15,1623.00,1632.00,1610.00,1630.00,536690
17-Nov-15,1630.00,1645.00,1619.00,1631.00,780923
16-Nov-15,1602.00,1624.00,1600.00,1622.00,409000
13-Nov-15,1621.00,1622.00,1604.00,1615.00,575356
12-Nov-15,1636.00,1651.00,1617.00,1629.97,559745
11-Nov-15,1633.00,1650.00,1630.00,1640.00,579325
10-Nov-15,1640.00,1647.00,1621.00,1630.00,534416
9-Nov-15,1642.00,1645.00,1633.42,1640.00,587919
6-Nov-15,1631.00,1650.00,1630.00,1645.00,792525
5-Nov-15,1634.00,1637.00,1628.00,1633.00,656709
4-Nov-15,1645.00,1645.00,1622.00,1633.00,651902
3-Nov-15,1610.00,1646.00,1610.00,1638.00,691660
2-Nov-15,1608.00,1630.00,1601.84,1619.23,743428
30-Oct-15,1631.00,1634.00,1602.00,1613.00,711823
29-Oct-15,1627.00,1640.00,1620.00,1627.00,531772
28-Oct-15,1623.00,1635.00,1619.00,1625.00,498888
27-Oct-15,1619.00,1641.00,1619.00,1623.00,679938
26-Oct-15,1649.00,1655.00,1625.00,1625.00,583621
23-Oct-15,1651.00,1672.00,1644.00,1657.00,1044368
22-Oct-15,1610.00,1663.08,1600.00,1648.00,1349292
21-Oct-15,1605.00,1618.00,1590.00,1608.00,644886
20-Oct-15,1599.00,1613.00,1593.00,1601.00,345326
19-Oct-15,1594.00,1604.00,1577.42,1598.00,585006
16-Oct-15,1585.00,1600.00,1582.00,1600.00,690693
15-Oct-15,1563.00,1588.00,1557.00,1583.00,805756
14-Oct-15,1529.00,1560.00,1519.00,1556.00,673204
13-Oct-15,1546.00,1546.00,1514.00,1534.00,577881
12-Oct-15,1569.00,1569.00,1537.00,1543.00,675422
9-Oct-15,1545.00,1595.00,1545.00,1565.00,1198402
8-Oct-15,1508.00,1530.00,1502.00,1530.00,680295
7-Oct-15,1521.00,1522.20,1497.67,1503.00,599034
6-Oct-15,1507.00,1528.00,1507.00,1519.00,523480
5-Oct-15,1513.00,1526.00,1505.00,1509.00,363362
2-Oct-15,1501.00,1516.00,1484.00,1493.00,430367
1-Oct-15,1511.00,1519.00,1493.00,1497.00,390665
30-Sep-15,1481.00,1507.00,1470.00,1502.00,942457
29-Sep-15,1464.00,1480.00,1454.00,1455.00,670711
28-Sep-15,1504.00,1512.00,1475.00,1475.00,418913
25-Sep-15,1503.00,1514.00,1497.00,1507.00,502402
24-Sep-15,1500.00,1500.00,1475.00,1478.00,453516
23-Sep-15,1473.00,1509.00,1466.00,1500.00,403233
22-Sep-15,1522.00,1527.00,1472.00,1475.00,795790
21-Sep-15,1517.00,1548.00,1517.00,1526.00,482375
18-Sep-15,1526.00,1540.70,1516.00,1519.00,836243
17-Sep-15,1536.00,1543.00,1524.00,1528.00,505637
16-Sep-15,1542.00,1557.04,1537.00,1539.00,423163
15-Sep-15,1532.00,1543.00,1505.00,1536.00,581667
14-Sep-15,1539.00,1556.00,1530.00,1530.00,533562
11-Sep-15,1545.00,1559.00,1523.00,1534.00,545483
10-Sep-15,1560.00,1560.00,1525.00,1540.00,869008
9-Sep-15,1607.00,1625.00,1605.00,1614.00,830929
8-Sep-15,1551.00,1584.00,1545.00,1584.00,698530
7-Sep-15,1543.00,1557.00,1533.00,1551.00,477991
4-Sep-15,1545.00,1561.00,1544.00,1549.00,588738
3-Sep-15,1552.00,1566.00,1546.00,1559.00,701805
2-Sep-15,1527.00,1546.00,1522.00,1540.00,725004
1-Sep-15,1550.00,1569.00,1510.00,1516.00,1370798
28-Aug-15,1539.00,1550.00,1511.00,1550.00,987202
27-Aug-15,1536.00,1547.00,1518.00,1542.00,1045109
26-Aug-15,1535.00,1553.00,1501.00,1506.00,1305264
25-Aug-15,1520.00,1551.00,1516.00,1547.00,1410571
24-Aug-15,1526.00,1550.00,1489.00,1505.00,1342854
21-Aug-15,1560.00,1591.00,1560.00,1561.00,1295882
20-Aug-15,1521.00,1589.00,1516.00,1587.00,1687167
19-Aug-15,1490.00,1550.00,1490.00,1522.00,1474232
18-Aug-15,1470.00,1476.00,1459.00,1466.00,521484
17-Aug-15,1451.00,1475.00,1445.50,1471.00,796196
14-Aug-15,1460.00,1461.00,1438.00,1440.00,566426
13-Aug-15,1450.00,1469.00,1447.00,1456.00,396587
12-Aug-15,1452.00,1457.17,1427.00,1433.00,555035
11-Aug-15,1468.00,1469.00,1450.00,1458.00,440986
10-Aug-15,1485.00,1486.00,1453.50,1470.00,750541
7-Aug-15,1501.00,1501.00,1477.00,1481.00,347875
6-Aug-15,1503.00,1509.00,1501.00,1501.00,319632
5-Aug-15,1505.00,1512.00,1500.00,1506.00,600142
4-Aug-15,1496.00,1507.00,1494.00,1505.00,498188
3-Aug-15,1473.00,1497.00,1472.00,1490.00,421828
31-Jul-15,1474.00,1488.00,1454.00,1481.00,738142
30-Jul-15,1492.00,1507.00,1465.00,1468.00,576771
29-Jul-15,1501.00,1506.11,1478.00,1491.00,574485
28-Jul-15,1468.00,1498.00,1468.00,1496.00,786445
27-Jul-15,1488.00,1493.70,1464.00,1466.00,493186
24-Jul-15,1506.00,1506.00,1484.00,1493.00,417835
23-Jul-15,1513.00,1522.00,1499.00,1506.00,544569
22-Jul-15,1507.00,1519.00,1499.00,1504.00,596005
21-Jul-15,1459.00,1533.00,1459.00,1518.00,1218243
20-Jul-15,1473.00,1473.00,1448.00,1453.00,479373
17-Jul-15,1482.00,1484.00,1466.00,1471.00,410622
16-Jul-15,1481.00,1492.00,1480.00,1486.00,329387
15-Jul-15,1477.00,1485.00,1475.00,1479.00,390369
14-Jul-15,1475.00,1480.00,1462.00,1478.00,415235
13-Jul-15,1446.00,1475.00,1440.00,1472.00,584113
10-Jul-15,1428.00,1437.00,1425.00,1433.00,638165
9-Jul-15,1407.00,1424.00,1404.00,1411.00,684705
8-Jul-15,1384.00,1406.00,1378.00,1405.00,585901
7-Jul-15,1399.00,1402.00,1381.00,1385.00,605410
6-Jul-15,1392.00,1402.00,1386.60,1391.00,463854
3-Jul-15,1402.00,1411.00,1395.80,1399.00,259779
2-Jul-15,1396.00,1414.00,1391.00,1406.00,513869
1-Jul-15,1386.00,1397.00,1372.00,1393.00,680155
30-Jun-15,1389.00,1401.00,1370.00,1387.00,1000643
29-Jun-15,1380.00,1410.00,1372.00,1393.00,832414
26-Jun-15,1399.00,1411.00,1379.65,1408.00,947983
25-Jun-15,1402.00,1413.00,1392.00,1408.00,1299973
24-Jun-15,1441.00,1445.55,1430.00,1431.00,393853
23-Jun-15,1457.00,1459.00,1443.00,1443.00,306278
22-Jun-15,1451.00,1457.00,1440.00,1449.00,413766
19-Jun-15,1422.00,1437.00,1413.00,1435.00,864119
18-Jun-15,1411.00,1422.70,1402.00,1420.00,462713
17-Jun-15,1429.00,1437.00,1405.00,1417.83,472751
16-Jun-15,1429.00,1432.00,1412.72,1428.00,429540
15-Jun-15,1447.00,1450.00,1429.00,1429.00,421970
12-Jun-15,1467.00,1476.45,1454.00,1454.00,630920
11-Jun-15,1453.00,1475.00,1453.00,1474.00,452023
10-Jun-15,1436.00,1459.00,1425.00,1458.00,570578
9-Jun-15,1456.00,1458.00,1430.00,1436.00,959873
8-Jun-15,1463.00,1467.00,1454.00,1455.00,200396
5-Jun-15,1478.00,1478.00,1463.00,1466.00,312280
4-Jun-15,1491.00,1496.00,1478.00,1482.00,413960
3-Jun-15,1489.00,1502.00,1484.00,1492.00,501790
2-Jun-15,1500.00,1500.00,1474.00,1485.00,553766
1-Jun-15,1496.00,1502.60,1483.00,1491.00,442425
29-May-15,1497.00,1511.60,1483.00,1489.00,2082695
28-May-15,1479.00,1497.00,1479.00,1493.00,694958
27-May-15,1467.00,1488.00,1464.00,1480.00,484007
26-May-15,1483.00,1493.00,1457.00,1463.00,427495
22-May-15,1486.00,1489.60,1476.00,1478.00,307031
21-May-15,1480.00,1496.00,1477.00,1481.00,502093
20-May-15,1499.00,1514.00,1482.00,1485.00,704586
19-May-15,1464.00,1496.00,1459.69,1495.00,598833
18-May-15,1467.00,1478.00,1445.00,1456.00,704194
15-May-15,1471.00,1489.00,1459.00,1463.00,651924
14-May-15,1454.00,1472.00,1448.00,1466.00,879040
13-May-15,1460.00,1469.00,1442.00,1452.00,1223331
12-May-15,1506.00,1508.00,1461.00,1475.00,994855
11-May-15,1522.00,1530.00,1503.00,1508.00,621481
8-May-15,1533.00,1610.00,1508.00,1523.00,803268
7-May-15,1509.00,1511.00,1478.40,1496.00,809030
6-May-15,1562.00,1564.20,1538.00,1550.00,830657
5-May-15,1600.00,1614.00,1568.00,1569.00,715692
1-May-15,1579.00,1612.00,1563.00,1596.00,426577
30-Apr-15,1553.00,1570.28,1540.00,1551.03,590197
29-Apr-15,1574.00,1583.00,1539.00,1555.00,590523
28-Apr-15,1591.00,1596.00,1556.00,1566.00,383409
27-Apr-15,1582.00,1602.00,1565.00,1594.00,632893
24-Apr-15,1599.00,1614.00,1572.00,1581.00,452844
23-Apr-15,1607.00,1609.00,1588.00,1601.00,543554
22-Apr-15,1635.00,1640.00,1596.00,1603.00,836353
21-Apr-15,1625.00,1634.50,1617.00,1629.00,720329
20-Apr-15,1595.00,1615.00,1584.00,1611.00,503474
17-Apr-15,1608.00,1621.00,1588.00,1591.00,589009
16-Apr-15,1616.00,1616.00,1591.00,1605.00,639240
15-Apr-15,1582.00,1610.00,1563.00,1604.00,617262
14-Apr-15,1587.00,1602.00,1576.00,1591.00,608695
13-Apr-15,1598.00,1600.00,1581.00,1592.00,339529
10-Apr-15,1589.00,1605.00,1573.00,1603.00,456153
9-Apr-15,1570.00,1589.00,1566.00,1589.00,456933
8-Apr-15,1553.00,1569.00,1548.00,1566.00,571552
7-Apr-15,1555.00,1565.00,1548.00,1559.00,468326
2-Apr-15,1538.00,1555.00,1537.00,1551.00,360121
1-Apr-15,1525.00,1543.00,1518.00,1540.00,598625
31-Mar-15,1540.00,1547.00,1526.00,1530.00,766873
30-Mar-15,1545.00,1545.00,1528.00,1540.00,359049
27-Mar-15,1544.00,1549.00,1524.00,1528.00,633840
26-Mar-15,1535.00,1539.00,1506.00,1539.00,931532
25-Mar-15,1572.00,1582.00,1533.00,1545.00,895017
24-Mar-15,1555.00,1575.00,1550.68,1570.00,643454
23-Mar-15,1543.00,1567.00,1538.00,1557.00,558541
20-Mar-15,1526.00,1544.00,1511.82,1541.00,759342
19-Mar-15,1543.00,1556.73,1516.00,1518.00,1019193
18-Mar-15,1503.00,1538.00,1503.00,1537.00,612663
17-Mar-15,1508.00,1520.00,1497.71,1507.98,456081
16-Mar-15,1504.00,1517.00,1500.00,1509.00,684809
13-Mar-15,1485.00,1507.00,1485.00,1503.00,639305
12-Mar-15,1477.00,1489.00,1472.00,1485.00,705358
11-Mar-15,1458.00,1478.00,1437.00,1475.00,801214
10-Mar-15,1518.00,1523.00,1449.00,1449.00,1591649
9-Mar-15,1515.00,1522.00,1488.20,1518.00,773699
6-Mar-15,1520.00,1529.00,1496.00,1515.00,1000657
5-Mar-15,1445.00,1514.00,1413.00,1514.00,1960832
4-Mar-15,1470.00,1470.00,1446.00,1459.00,871212
3-Mar-15,1481.00,1496.00,1463.00,1463.00,773304
2-Mar-15,1474.00,1484.00,1462.00,1476.00,833445
27-Feb-15,1472.00,1482.00,1461.00,1475.00,1032698
26-Feb-15,1467.00,1479.00,1460.00,1469.00,585449
25-Feb-15,1478.00,1484.00,1458.00,1473.00,764049
24-Feb-15,1500.00,1510.56,1478.00,1479.00,927269
23-Feb-15,1475.00,1497.00,1467.00,1496.00,687448
20-Feb-15,1461.00,1477.22,1455.00,1463.00,482105
19-Feb-15,1449.00,1473.00,1447.00,1460.00,467407
18-Feb-15,1421.00,1461.00,1421.00,1450.00,688017
17-Feb-15,1435.00,1435.00,1413.00,1421.00,857139
16-Feb-15,1459.00,1461.07,1428.00,1430.00,560799
13-Feb-15,1472.00,1478.00,1456.00,1459.00,392413
12-Feb-15,1483.00,1498.00,1470.00,1473.00,779336
11-Feb-15,1480.00,1486.00,1468.00,1485.00,394551
10-Feb-15,1465.00,1478.00,1453.00,1476.00,529045
9-Feb-15,1462.00,1466.00,1449.57,1462.00,555441
6-Feb-15,1453.00,1473.00,1451.00,1468.00,541959
5-Feb-15,1462.00,1471.00,1446.00,1459.00,686013
4-Feb-15,1465.00,1491.00,1464.84,1473.00,741447
3-Feb-15,1460.00,1477.00,1459.00,1468.00,653717
2-Feb-15,1447.00,1460.00,1439.00,1459.00,607503
30-Jan-15,1454.00,1461.00,1444.00,1448.00,572799
29-Jan-15,1449.00,1456.00,1438.00,1450.00,529944
28-Jan-15,1447.00,1465.00,1443.00,1457.00,604402
27-Jan-15,1435.00,1459.00,1428.72,1443.00,605642
26-Jan-15,1436.00,1447.00,1427.00,1433.00,482886
23-Jan-15,1446.00,1480.65,1436.00,1443.00,772663
22-Jan-15,1440.00,1445.00,1413.00,1445.00,939821
21-Jan-15,1416.00,1443.00,1416.00,1442.00,615096
20-Jan-15,1446.00,1446.00,1398.00,1416.00,1173897
19-Jan-15,1451.00,1479.00,1447.00,1452.00,660978
16-Jan-15,1431.00,1454.00,1422.00,1454.00,805637
15-Jan-15,1395.00,1434.00,1380.00,1434.00,885453
14-Jan-15,1420.00,1431.00,1383.00,1390.00,1053498
13-Jan-15,1368.00,1435.00,1366.00,1432.00,1156665
12-Jan-15,1357.00,1389.00,1352.65,1368.00,679766
9-Jan-15,1331.00,1359.00,1331.00,1353.00,664094
8-Jan-15,1314.00,1343.00,1293.00,1337.00,626044
7-Jan-15,1299.00,1310.00,1290.00,1305.00,706529
6-Jan-15,1302.00,1309.00,1286.00,1293.00,645149
5-Jan-15,1312.00,1328.00,1302.00,1303.00,715245
31-Dec-14,1322.00,1333.00,1310.60,1322.00,75062
30-Dec-14,1322.00,1332.00,1314.00,1323.00,205314
29-Dec-14,1331.00,1343.00,1313.00,1334.00,473086
24-Dec-14,1318.00,1346.80,1318.00,1336.00,81279
23-Dec-14,1348.00,1351.00,1336.00,1346.00,466620
22-Dec-14,1314.00,1350.00,1310.00,1339.00,473716
19-Dec-14,1330.00,1332.00,1302.00,1309.00,1106235
18-Dec-14,1274.00,1321.00,1272.00,1320.00,955584
17-Dec-14,1258.00,1271.00,1250.00,1266.00,654003
16-Dec-14,1230.00,1270.00,1208.00,1270.00,1224607
15-Dec-14,1227.00,1240.00,1220.00,1222.00,800042
12-Dec-14,1257.00,1257.00,1228.00,1230.00,828624
11-Dec-14,1260.00,1271.00,1253.00,1262.00,693249
10-Dec-14,1262.00,1267.00,1253.00,1257.00,604811
9-Dec-14,1289.00,1289.00,1256.00,1259.00,721527
8-Dec-14,1273.00,1291.00,1270.00,1285.00,449954
5-Dec-14,1268.00,1293.00,1268.00,1278.00,564619
4-Dec-14,1284.00,1286.62,1260.00,1268.00,788364
3-Dec-14,1248.00,1297.00,1245.00,1284.00,1295217
2-Dec-14,1230.00,1249.00,1225.00,1248.00,1033527
1-Dec-14,1236.00,1248.00,1220.00,1227.00,772923
28-Nov-14,1248.00,1254.00,1239.00,1240.00,900999
27-Nov-14,1223.00,1256.00,1220.00,1248.00,865031
26-Nov-14,1219.00,1229.00,1207.00,1216.00,629261
25-Nov-14,1216.00,1231.00,1216.00,1222.00,630854
24-Nov-14,1229.00,1234.00,1213.00,1216.00,529868
21-Nov-14,1218.00,1246.00,1212.00,1227.00,955400
20-Nov-14,1220.00,1221.00,1202.00,1216.00,658019
19-Nov-14,1206.00,1221.00,1204.00,1218.00,639317
18-Nov-14,1202.00,1214.00,1192.00,1204.00,632508
17-Nov-14,1188.00,1205.00,1175.33,1201.00,667973
14-Nov-14,1206.00,1211.00,1198.00,1200.00,628498
13-Nov-14,1205.00,1213.00,1197.00,1202.00,601852
12-Nov-14,1225.00,1226.00,1199.79,1204.00,607683
11-Nov-14,1197.00,1227.00,1197.00,1224.00,764996
10-Nov-14,1219.00,1219.00,1185.00,1195.00,874317
7-Nov-14,1250.00,1255.00,1207.00,1215.00,1606483
6-Nov-14,1294.00,1294.00,1257.00,1259.00,1105844
5-Nov-14,1342.00,1343.00,1289.00,1296.00,1351517
4-Nov-14,1345.00,1348.00,1330.00,1336.00,668178
3-Nov-14,1335.00,1348.00,1332.00,1337.00,449318
31-Oct-14,1335.00,1336.00,1308.88,1335.00,947023
30-Oct-14,1314.00,1334.00,1304.00,1325.00,503320
29-Oct-14,1301.00,1315.00,1299.00,1311.00,305947
28-Oct-14,1296.00,1310.00,1292.00,1294.00,461249
27-Oct-14,1286.00,1298.00,1280.00,1292.18,728351
24-Oct-14,1267.00,1278.00,1260.00,1276.00,408288
23-Oct-14,1290.00,1290.00,1267.00,1270.00,605128
22-Oct-14,1255.00,1287.00,1255.00,1285.00,1043334
21-Oct-14,1223.00,1243.00,1215.00,1243.00,408833
20-Oct-14,1220.00,1231.00,1215.00,1221.00,583524
17-Oct-14,1245.00,1249.00,1215.00,1222.00,1001298
16-Oct-14,1249.00,1249.00,1213.00,1240.00,911221
15-Oct-14,1264.00,1271.00,1235.00,1241.00,739940
14-Oct-14,1259.00,1260.00,1243.00,1259.00,579341
13-Oct-14,1248.00,1269.00,1197.00,1256.29,676995
10-Oct-14,1256.00,1273.00,1253.00,1255.00,818662
9-Oct-14,1275.00,1284.00,1246.00,1259.00,739573
8-Oct-14,1283.00,1283.58,1270.00,1272.00,637372
7-Oct-14,1288.00,1302.00,1278.00,1284.00,820895
6-Oct-14,1300.00,1301.00,1281.00,1290.00,658736
3-Oct-14,1267.00,1298.00,1267.00,1295.00,770950
2-Oct-14,1268.00,1281.00,1262.62,1264.00,794965
1-Oct-14,1281.00,1281.00,1258.00,1270.00,883687
30-Sep-14,1288.00,1288.00,1273.00,1283.00,961824
29-Sep-14,1254.00,1283.93,1254.00,1281.00,905429
26-Sep-14,1234.00,1255.00,1229.00,1253.00,574067
25-Sep-14,1234.00,1247.00,1227.00,1233.00,497612
24-Sep-14,1232.00,1245.00,1227.00,1236.00,539656
23-Sep-14,1254.00,1254.00,1223.00,1230.00,726368
22-Sep-14,1235.00,1255.00,1232.00,1250.00,901460
19-Sep-14,1219.00,1240.00,1219.00,1234.00,1682451
18-Sep-14,1220.00,1226.00,1197.00,1211.00,883888
17-Sep-14,1240.00,1244.00,1219.00,1219.00,677708
16-Sep-14,1238.00,1246.00,1224.25,1237.00,617601
15-Sep-14,1240.00,1245.99,1235.00,1235.00,491231
12-Sep-14,1238.00,1250.00,1236.00,1243.00,644660
11-Sep-14,1245.00,1273.00,1225.00,1235.00,1063246
10-Sep-14,1245.00,1245.00,1231.50,1234.00,887501
9-Sep-14,1289.00,1296.15,1284.00,1294.00,823998
8-Sep-14,1291.00,1294.00,1283.00,1289.00,675689
5-Sep-14,1285.00,1295.00,1277.85,1289.00,914036
4-Sep-14,1283.00,1298.00,1279.00,1282.00,1729285
3-Sep-14,1321.00,1323.00,1264.00,1264.00,1391550
2-Sep-14,1326.00,1334.00,1317.00,1325.00,716753
1-Sep-14,1334.00,1337.00,1319.00,1326.00,449574
29-Aug-14,1332.00,1342.00,1328.00,1335.00,606844
28-Aug-14,1338.00,1344.00,1331.00,1339.00,849835
27-Aug-14,1322.00,1338.00,1321.20,1337.00,912797
26-Aug-14,1328.00,1334.00,1316.25,1325.00,600198
22-Aug-14,1325.00,1339.00,1314.00,1322.00,448245
21-Aug-14,1325.00,1332.00,1310.00,1323.00,497922
20-Aug-14,1345.00,1345.00,1322.00,1323.00,493440
19-Aug-14,1343.00,1346.00,1334.76,1342.00,527877
18-Aug-14,1334.00,1343.18,1331.00,1334.00,517012
15-Aug-14,1335.00,1349.00,1331.00,1333.00,802220
14-Aug-14,1364.00,1375.00,1328.00,1330.00,1327672
13-Aug-14,1459.00,1459.00,1335.00,1371.00,1776877
12-Aug-14,1447.00,1462.00,1446.00,1450.00,515514
11-Aug-14,1439.00,1466.00,1432.00,1451.00,542041
8-Aug-14,1430.00,1438.00,1424.00,1434.00,444100
7-Aug-14,1447.00,1453.00,1436.00,1439.00,518500
6-Aug-14,1447.00,1450.00,1436.00,1448.00,616594
5-Aug-14,1453.00,1459.00,1446.00,1451.00,564888
4-Aug-14,1461.00,1468.00,1439.00,1441.00,460920
1-Aug-14,1456.00,1476.00,1451.00,1460.00,661922
31-Jul-14,1461.00,1466.00,1447.00,1457.00,496243
30-Jul-14,1468.00,1473.00,1455.75,1462.00,380065
29-Jul-14,1474.00,1482.00,1460.00,1469.00,519321
28-Jul-14,1483.00,1489.00,1476.00,1481.00,321202
25-Jul-14,1509.00,1509.00,1478.00,1481.00,668939
24-Jul-14,1538.00,1545.00,1497.00,1507.00,853766
23-Jul-14,1548.00,1549.00,1537.00,1540.00,596300
22-Jul-14,1537.00,1551.00,1533.00,1548.00,438338
21-Jul-14,1539.00,1540.00,1521.00,1529.00,360013
18-Jul-14,1546.00,1546.00,1522.00,1537.00,676867
17-Jul-14,1556.00,1558.00,1540.00,1550.00,594202
16-Jul-14,1556.00,1570.00,1554.00,1560.00,476484
15-Jul-14,1550.00,1560.00,1541.00,1553.00,542618
14-Jul-14,1549.00,1569.00,1544.00,1558.00,600664
11-Jul-14,1520.00,1544.00,1516.00,1542.00,696924
10-Jul-14,1518.00,1542.00,1501.25,1520.00,898144
9-Jul-14,1540.00,1540.00,1467.00,1522.00,1984709
8-Jul-14,1577.00,1583.00,1568.00,1574.00,568517
7-Jul-14,1573.00,1576.00,1566.00,1572.00,204589
4-Jul-14,1577.00,1577.00,1568.00,1571.00,206053
3-Jul-14,1575.00,1576.00,1568.00,1575.00,349105
2-Jul-14,1571.00,1579.00,1564.00,1571.00,503907
1-Jul-14,1557.00,1576.00,1553.00,1574.00,623479
30-Jun-14,1545.00,1552.00,1538.59,1549.00,384038
27-Jun-14,1519.00,1542.00,1512.00,1540.00,485334
26-Jun-14,1523.00,1523.00,1506.00,1515.00,444786
25-Jun-14,1528.00,1528.00,1507.00,1515.00,453634
24-Jun-14,1541.00,1543.00,1519.00,1530.00,530661
23-Jun-14,1548.00,1548.00,1525.00,1534.00,608381
20-Jun-14,1560.00,1560.00,1541.00,1541.00,674591
19-Jun-14,1565.00,1565.00,1547.00,1557.00,356198
18-Jun-14,1561.00,1564.00,1549.00,1553.00,466704
17-Jun-14,1554.00,1572.00,1547.00,1561.00,493138
16-Jun-14,1553.00,1558.00,1520.66,1546.00,538308
13-Jun-14,1530.00,1559.00,1525.00,1551.00,559165
12-Jun-14,1514.00,1554.00,1490.00,1535.00,778174
11-Jun-14,1502.00,1520.00,1502.00,1510.00,662399
10-Jun-14,1510.00,1512.00,1496.00,1500.00,451320
9-Jun-14,1497.00,1512.00,1494.00,1510.00,286665
6-Jun-14,1493.00,1501.00,1478.00,1493.00,544307
5-Jun-14,1477.00,1499.00,1473.47,1488.00,618891
4-Jun-14,1455.00,1477.00,1455.00,1472.00,507968
3-Jun-14,1470.00,1476.00,1452.00,1453.93,315831
2-Jun-14,1462.00,1471.62,1456.00,1461.93,309304
30-May-14,1430.00,1460.36,1430.00,1457.93,754266
29-May-14,1412.00,1429.00,1409.00,1428.00,346250
28-May-14,1404.00,1424.00,1401.00,1407.93,495189
27-May-14,1397.00,1401.00,1386.00,1392.00,383305
23-May-14,1404.00,1405.00,1372.00,1385.00,415312
22-May-14,1390.00,1404.00,1381.00,1400.00,403464
21-May-14,1396.00,1399.00,1383.00,1386.00,490316
20-May-14,1417.00,1420.00,1392.00,1395.00,435271
19-May-14,1422.00,1431.00,1407.00,1415.00,408251
16-May-14,1418.00,1434.00,1409.00,1419.00,578114
15-May-14,1434.00,1435.00,1407.00,1416.00,784349
14-May-14,1468.00,1468.00,1426.00,1428.00,447276
13-May-14,1456.00,1467.00,1443.00,1448.00,725026
12-May-14,1432.00,1452.00,1424.00,1449.00,362568
9-May-14,1423.00,1430.00,1420.00,1426.00,668403
8-May-14,1414.00,1425.00,1412.00,1421.00,464774
7-May-14,1396.00,1411.00,1393.00,1410.00,549271
6-May-14,1397.00,1400.00,1386.00,1396.00,277949
2-May-14,1403.00,1405.00,1388.00,1391.00,479382
1-May-14,1409.00,1417.00,1398.00,1403.00,268921
30-Apr-14,1394.00,1398.00,1386.00,1398.00,762675
29-Apr-14,1424.00,1443.46,1424.00,1442.00,556107
28-Apr-14,1429.00,1431.00,1416.00,1422.00,816787
25-Apr-14,1417.00,1432.00,1413.00,1425.00,668168
24-Apr-14,1415.00,1430.00,1408.00,1416.00,740356
23-Apr-14,1368.00,1409.00,1365.00,1408.00,1142370
22-Apr-14,1354.00,1374.29,1350.15,1363.00,840386
17-Apr-14,1360.00,1369.00,1343.00,1350.00,651616
16-Apr-14,1345.00,1352.00,1333.00,1342.00,781790
15-Apr-14,1355.00,1363.00,1331.23,1339.00,434239
14-Apr-14,1358.00,1360.00,1343.00,1354.00,598049
11-Apr-14,1375.00,1381.00,1355.00,1359.00,786537
10-Apr-14,1397.00,1406.00,1379.00,1382.00,500941
9-Apr-14,1382.00,1400.00,1351.00,1392.00,1067962
8-Apr-14,1402.00,1407.75,1367.00,1383.00,829167
7-Apr-14,1405.00,1409.70,1399.88,1403.00,321579
4-Apr-14,1410.00,1414.00,1408.00,1412.00,314885
3-Apr-14,1427.00,1428.00,1406.00,1406.00,650906
2-Apr-14,1432.00,1432.00,1413.00,1419.00,652449
1-Apr-14,1436.00,1442.00,1426.00,1432.21,503010
31-Mar-14,1440.00,1444.70,1424.00,1428.00,451314
28-Mar-14,1466.00,1470.00,1423.00,1434.00,520391
27-Mar-14,1463.00,1463.00,1432.00,1455.00,414055
26-Mar-14,1476.00,1491.75,1463.00,1465.00,478662
25-Mar-14,1458.00,1470.00,1455.00,1470.00,434189
24-Mar-14,1464.00,1471.00,1450.00,1455.00,336187
21-Mar-14,1465.00,1479.00,1462.00,1467.00,487173
20-Mar-14,1479.00,1479.00,1441.00,1459.00,701195
19-Mar-14,1500.00,1502.00,1474.00,1486.00,431359
18-Mar-14,1494.00,1505.00,1482.00,1495.00,643846
17-Mar-14,1488.00,1504.00,1453.00,1499.00,316456
14-Mar-14,1496.00,1502.00,1475.00,1485.00,634755
13-Mar-14,1515.00,1515.00,1502.00,1505.00,570647
12-Mar-14,1514.00,1521.00,1510.00,1515.00,908547
11-Mar-14,1499.00,1520.00,1495.00,1518.00,1600369
10-Mar-14,1495.00,1507.00,1494.00,1500.00,649237
7-Mar-14,1523.00,1525.00,1488.00,1496.00,665938
6-Mar-14,1531.00,1534.00,1511.00,1521.00,798055
5-Mar-14,1431.00,1550.00,1428.00,1526.00,1803986
4-Mar-14,1426.00,1440.00,1408.00,1419.00,623178
3-Mar-14,1416.00,1422.00,1401.00,1417.00,454114
28-Feb-14,1434.00,1440.00,1424.00,1435.00,525746
27-Feb-14,1446.00,1447.00,1416.00,1433.00,511849
26-Feb-14,1490.00,1490.00,1445.00,1448.00,1064618
25-Feb-14,1475.00,1493.00,1470.00,1491.00,1061191
24-Feb-14,1471.00,1488.00,1460.00,1470.13,561816
21-Feb-14,1476.00,1482.00,1455.00,1469.00,887676
20-Feb-14,1465.00,1479.00,1462.00,1470.00,364065
19-Feb-14,1463.00,1484.00,1463.00,1473.00,425940
18-Feb-14,1460.00,1466.00,1451.00,1466.00,428924
17-Feb-14,1443.00,1458.00,1435.00,1455.00,284240
14-Feb-14,1436.00,1445.00,1428.00,1442.00,340824
13-Feb-14,1446.00,1446.00,1428.00,1437.00,360731
12-Feb-14,1443.00,1451.00,1429.00,1448.00,445250
11-Feb-14,1426.00,1447.00,1421.00,1438.00,534952
10-Feb-14,1417.00,1425.00,1386.00,1419.00,643223
7-Feb-14,1436.00,1438.00,1407.00,1418.00,837776
6-Feb-14,1414.00,1434.00,1401.00,1434.00,527346
5-Feb-14,1411.00,1427.00,1404.00,1409.00,467758
4-Feb-14,1428.00,1431.00,1396.00,1408.00,859545
3-Feb-14,1440.00,1460.00,1434.00,1436.00,453031
31-Jan-14,1442.00,1446.00,1417.00,1445.00,542862
30-Jan-14,1447.00,1448.00,1431.00,1444.00,481941
29-Jan-14,1470.00,1478.00,1440.00,1447.00,699703
28-Jan-14,1429.00,1465.00,1426.00,1462.00,655506
27-Jan-14,1427.00,1440.00,1409.00,1423.00,619858
24-Jan-14,1420.00,1439.00,1410.00,1427.00,865106
23-Jan-14,1448.00,1448.00,1404.00,1420.00,1355458
22-Jan-14,1435.00,1470.00,1435.00,1460.00,980597
21-Jan-14,1400.00,1421.00,1397.00,1415.00,459517
20-Jan-14,1408.00,1409.00,1395.00,1401.00,442984
17-Jan-14,1350.00,1423.00,1348.00,1407.00,1440176
16-Jan-14,1339.00,1339.00,1317.00,1326.00,578234
15-Jan-14,1340.00,1348.00,1334.00,1337.00,287388
14-Jan-14,1327.00,1340.00,1317.00,1337.00,329067
13-Jan-14,1341.00,1344.00,1327.00,1335.00,407723
10-Jan-14,1331.00,1340.00,1329.00,1336.00,434033
9-Jan-14,1338.00,1339.00,1316.00,1324.00,398340
8-Jan-14,1331.00,1343.00,1324.00,1338.00,481471
7-Jan-14,1322.00,1344.00,1318.00,1332.00,465014
6-Jan-14,1310.00,1327.00,1303.00,1321.00,294526
3-Jan-14,1305.00,1312.00,1295.00,1306.00,288693
2-Jan-14,1315.00,1315.00,1290.00,1305.00,424961
31-Dec-13,1307.00,1312.00,1301.00,1310.00,82174
30-Dec-13,1306.00,1308.00,1292.00,1300.00,245589
27-Dec-13,1306.00,1309.00,1299.00,1302.00,173555
24-Dec-13,1296.00,1311.00,1296.00,1304.00,65843
23-Dec-13,1282.00,1291.00,1277.00,1287.00,293337
20-Dec-13,1277.00,1289.00,1265.00,1278.00,1039817
19-Dec-13,1244.00,1270.00,1244.00,1267.00,533318
18-Dec-13,1237.00,1242.00,1229.00,1238.00,302372
17-Dec-13,1250.00,1254.00,1214.00,1233.00,794676
16-Dec-13,1234.00,1261.00,1233.00,1261.00,369023
13-Dec-13,1224.00,1242.00,1224.00,1232.00,266826
12-Dec-13,1226.00,1231.00,1213.00,1226.00,323825
11-Dec-13,1226.00,1231.00,1217.00,1227.00,300802
10-Dec-13,1215.00,1228.00,1213.00,1223.00,349846
9-Dec-13,1213.00,1221.00,1209.00,1215.00,415916
6-Dec-13,1209.00,1217.00,1196.00,1206.00,403560
5-Dec-13,1199.00,1212.00,1194.00,1210.00,452509
4-Dec-13,1197.00,1201.00,1187.00,1196.00,464388
3-Dec-13,1172.00,1207.00,1172.00,1195.00,558107
2-Dec-13,1245.00,1249.00,1213.00,1215.00,419056
29-Nov-13,1250.00,1257.00,1241.00,1243.00,336179
28-Nov-13,1247.00,1249.00,1240.00,1243.00,157279
27-Nov-13,1235.00,1251.00,1235.00,1245.00,271960
26-Nov-13,1248.00,1248.00,1229.00,1235.00,563730
25-Nov-13,1257.00,1258.00,1244.00,1249.00,204214
22-Nov-13,1252.00,1264.00,1251.00,1253.00,226642
21-Nov-13,1249.00,1252.00,1236.00,1252.00,406062
20-Nov-13,1265.00,1265.00,1244.00,1246.00,398449
19-Nov-13,1268.00,1269.00,1252.50,1265.00,351158
18-Nov-13,1282.00,1285.00,1266.00,1273.00,292165
15-Nov-13,1284.00,1287.00,1276.00,1284.00,267526
14-Nov-13,1266.00,1288.00,1266.00,1285.00,525762
13-Nov-13,1258.00,1265.00,1251.00,1262.00,404633
12-Nov-13,1276.00,1276.00,1255.00,1262.00,373993
11-Nov-13,1274.00,1278.00,1268.00,1273.00,214966
8-Nov-13,1286.00,1286.00,1265.00,1277.00,401988
7-Nov-13,1268.00,1300.00,1266.00,1288.00,505062
6-Nov-13,1272.00,1273.00,1266.00,1271.00,288500
5-Nov-13,1276.00,1277.00,1252.00,1268.00,244768
4-Nov-13,1275.00,1287.00,1274.00,1276.00,211009
1-Nov-13,1282.00,1286.00,1272.00,1280.00,328505
31-Oct-13,1271.00,1281.00,1265.00,1279.00,533314
30-Oct-13,1271.00,1277.00,1261.00,1269.00,394553
29-Oct-13,1242.00,1278.00,1242.00,1270.00,599405
28-Oct-13,1266.00,1279.00,1238.00,1240.00,339197
25-Oct-13,1240.00,1246.00,1233.00,1240.00,265915
24-Oct-13,1238.00,1247.00,1237.00,1243.00,267511
23-Oct-13,1232.00,1242.00,-,1238.00,338012
22-Oct-13,1223.00,1237.00,1219.00,1231.00,438716
21-Oct-13,1210.00,1221.00,1208.00,1218.00,740416
18-Oct-13,1215.00,1215.00,1197.00,1208.00,661866
17-Oct-13,1211.00,1214.00,1204.00,1209.00,518469
16-Oct-13,1225.00,1228.00,1200.00,1215.00,1311206
15-Oct-13,1226.00,1233.00,1217.00,1223.00,301212
14-Oct-13,1225.00,1233.00,1219.00,1229.00,245452
11-Oct-13,1220.00,1238.00,1218.00,1233.66,355941
10-Oct-13,1198.00,1220.00,1193.00,1215.00,276881
9-Oct-13,1193.00,1207.00,1188.00,1195.00,367515
8-Oct-13,1210.00,1213.00,1197.00,1197.00,353812
7-Oct-13,1220.00,1221.00,1208.00,1211.00,142420
4-Oct-13,1218.00,1227.00,1218.00,1222.00,295422
3-Oct-13,1220.00,1229.00,1217.00,1220.00,215542
2-Oct-13,1225.00,1229.00,1216.00,1223.00,387207
1-Oct-13,1227.00,1235.00,1218.00,1225.00,521692
30-Sep-13,1239.00,1249.00,1227.00,1233.00,305890
27-Sep-13,1248.00,1255.00,1244.00,1247.00,285600
26-Sep-13,1235.00,1263.00,1235.00,1248.00,384410
25-Sep-13,1214.00,1233.00,1204.00,1229.00,335607
24-Sep-13,1213.00,1224.00,1209.00,1213.00,396733
20-Sep-13,1215.00,1229.00,1215.00,1224.00,547311
19-Sep-13,1215.00,1230.00,1214.00,1218.00,526916
18-Sep-13,1210.00,1215.00,1207.00,1210.00,418200
17-Sep-13,1215.00,1225.00,1211.00,1212.00,483353
16-Sep-13,1230.00,1244.00,1210.00,1214.00,420610
13-Sep-13,1220.00,1233.00,1220.00,1223.00,212851
12-Sep-13,1225.00,1235.00,1220.00,1223.00,353928
11-Sep-13,1217.00,1232.00,1217.00,1227.00,574629
10-Sep-13,1260.00,1292.00,1260.00,1280.00,425700
9-Sep-13,1260.00,1266.00,1254.00,1259.00,442138
6-Sep-13,1253.00,1267.00,1251.00,1258.00,771764
5-Sep-13,1267.00,1269.00,1249.00,1260.00,474474
4-Sep-13,1264.00,1268.00,1258.00,1264.00,618041
3-Sep-13,1267.00,1278.00,1262.00,1265.00,390574
2-Sep-13,1269.00,1274.00,1264.00,1266.00,350592
30-Aug-13,1274.00,1276.00,1260.00,1261.00,582648
29-Aug-13,1315.00,1328.00,1232.00,1270.00,833660
28-Aug-13,1297.00,1301.00,1283.00,1290.00,399775
27-Aug-13,1310.00,1315.00,1295.00,1296.00,521827
23-Aug-13,1291.00,1302.00,1286.00,1295.00,332993
22-Aug-13,1294.00,1303.00,1288.00,1293.00,354169
21-Aug-13,1302.00,1305.00,1291.00,1294.00,388974
20-Aug-13,1283.00,1297.00,1280.00,1296.00,404858
19-Aug-13,1300.00,1300.00,1281.00,1290.00,286310
16-Aug-13,1280.00,1297.00,1270.00,1293.00,675333
15-Aug-13,1270.00,1284.00,1267.00,1279.00,715278
14-Aug-13,1260.00,1274.00,1258.00,1267.00,358218
13-Aug-13,1237.00,1257.00,1237.00,1257.00,568295
12-Aug-13,1253.00,1258.00,1233.00,1237.00,387798
9-Aug-13,1250.00,1262.00,1243.00,1251.00,426782
8-Aug-13,1270.00,1285.00,1253.00,1253.00,506134
7-Aug-13,1255.00,1290.00,1241.00,1265.00,674665
6-Aug-13,1327.00,1338.00,1259.00,1268.00,755917
5-Aug-13,1367.00,1367.00,1328.00,1330.00,529227
2-Aug-13,1384.00,1384.00,1342.00,1364.00,525088
1-Aug-13,1406.00,1412.00,1378.00,1381.00,597048
31-Jul-13,1408.00,1425.00,1400.00,1403.00,405059
30-Jul-13,1402.00,1417.00,1388.00,1416.00,287752
29-Jul-13,1398.00,1411.00,1391.00,1402.00,274750
26-Jul-13,1405.00,1405.00,1384.00,1400.00,277067
25-Jul-13,1390.00,1401.00,1386.00,1400.00,256401
24-Jul-13,1387.00,1396.00,1384.00,1392.00,302725
23-Jul-13,1379.00,1397.00,1371.00,1380.00,258771
22-Jul-13,1383.00,1386.00,1372.00,1380.00,127864
19-Jul-13,1374.00,1387.00,1369.00,1386.00,409287
18-Jul-13,1381.00,1389.00,1372.00,1384.00,277936
17-Jul-13,1383.00,1388.00,1361.00,1375.00,263937
16-Jul-13,1390.00,1397.00,1382.00,1390.00,376652
15-Jul-13,1373.00,1391.00,1368.00,1391.00,309733
12-Jul-13,1348.00,1373.00,1348.00,1369.00,203606
11-Jul-13,1357.00,1364.00,1338.00,1347.00,287894
10-Jul-13,1353.00,1366.00,1336.00,1350.00,354973
9-Jul-13,1362.00,1362.00,1343.00,1352.00,220282
8-Jul-13,1340.00,1360.00,1330.00,1350.00,347333
5-Jul-13,1353.00,1360.00,1340.00,1340.00,212163
4-Jul-13,1330.00,1358.00,1321.00,1347.00,242180
3-Jul-13,1307.00,1327.00,1280.00,1325.00,276375
2-Jul-13,1315.00,1326.00,1307.00,1325.00,314222
1-Jul-13,1329.00,1330.00,1304.00,1314.00,349810
28-Jun-13,1316.00,1346.00,1308.00,1327.00,574493
27-Jun-13,1310.00,1326.00,1299.00,1317.00,273342
26-Jun-13,1302.00,1318.00,1290.00,1308.00,254400
25-Jun-13,1302.00,1305.00,1293.00,1301.00,194980
24-Jun-13,1309.00,1319.00,1285.00,1293.00,234871
21-Jun-13,1293.00,1332.00,1292.00,1310.00,860827
20-Jun-13,1293.00,1305.00,1284.52,1293.00,335300
19-Jun-13,1322.00,1323.00,1303.00,1318.00,211786
18-Jun-13,1304.00,1334.00,1302.00,1325.00,267533
17-Jun-13,1307.00,1314.00,1302.00,1306.00,224252
14-Jun-13,1321.00,1322.00,1301.00,1306.00,236516
13-Jun-13,1285.00,1320.00,1279.58,1316.00,273567
12-Jun-13,1301.00,1317.00,1299.00,1306.00,273576
11-Jun-13,1306.00,1306.57,1289.00,1304.00,236559
10-Jun-13,1312.00,1319.00,1299.00,1308.00,260719
7-Jun-13,1287.00,1306.00,1278.00,1304.00,316185
6-Jun-13,1301.00,1306.00,1279.00,1280.00,317196
5-Jun-13,1318.00,1327.00,1291.00,1297.00,348133
4-Jun-13,1325.00,1331.00,1314.00,1320.00,265862
3-Jun-13,1332.00,1336.05,1315.00,1324.00,285930
31-May-13,1315.00,1338.39,1298.00,1338.00,1290506
30-May-13,1294.00,1317.00,1294.00,1317.00,267032
29-May-13,1315.00,1318.00,1291.00,1297.00,252385
28-May-13,1300.00,1316.05,1300.00,1312.00,339035
24-May-13,1291.00,1298.00,1283.00,1298.00,558028
23-May-13,1275.00,1291.00,1272.00,1286.00,421303
22-May-13,1268.00,1296.00,1267.00,1292.00,392801
21-May-13,1275.00,1278.00,1257.00,1271.00,282985
20-May-13,1265.00,1276.00,1250.00,1275.00,207250
17-May-13,1260.00,1264.75,1249.00,1261.00,228469
16-May-13,1283.00,1286.00,1251.00,1262.00,381269
15-May-13,1271.00,1290.00,1271.00,1283.00,196660
14-May-13,1263.00,1275.00,1261.00,1275.00,213350
13-May-13,1260.00,1266.00,1255.00,1263.00,259439
10-May-13,1258.00,1273.00,1255.00,1262.00,215683
9-May-13,1251.00,1272.00,1251.00,1261.00,267092
8-May-13,1243.00,1257.08,1243.00,1253.00,272375
7-May-13,1234.00,1274.00,1230.00,1242.00,450780
3-May-13,1233.00,1262.00,1233.00,1259.00,426913
2-May-13,1244.00,1249.00,1226.00,1233.00,344309
1-May-13,1242.00,1289.20,1231.00,1241.00,244272
30-Apr-13,1326.00,1335.00,1280.62,1281.00,723481
29-Apr-13,1325.00,1329.00,1316.00,1325.00,205864
26-Apr-13,1314.00,1324.00,1313.00,1322.00,319642
25-Apr-13,1325.00,1348.00,1319.00,1324.85,689946
24-Apr-13,1347.00,1365.98,1340.00,1349.00,357787
23-Apr-13,1326.00,1349.59,1314.00,1347.00,465800
22-Apr-13,1337.00,1355.85,1318.00,1327.00,425566
19-Apr-13,1332.00,1334.00,1318.00,1331.00,365217
18-Apr-13,1320.00,1335.00,1316.00,1325.00,446244
17-Apr-13,1317.00,1323.00,1288.08,1317.00,521562
16-Apr-13,1311.00,1321.95,1298.00,1304.00,252399
15-Apr-13,1348.00,1353.00,1318.00,1321.00,310163
12-Apr-13,1346.00,1353.88,1334.12,1350.00,206655
11-Apr-13,1339.00,1354.00,1337.00,1347.00,254301
10-Apr-13,1327.00,1346.00,1316.00,1343.00,311764
9-Apr-13,1315.00,1327.00,1304.12,1318.00,270916
8-Apr-13,1310.00,1322.00,1306.00,1315.00,222720
5-Apr-13,1332.00,1333.88,1306.12,1311.00,262735
4-Apr-13,1365.00,1365.00,1323.00,1324.00,380407
3-Apr-13,1377.00,1377.00,1353.00,1355.00,380274
2-Apr-13,1333.00,1374.69,1329.00,1374.00,674850
28-Mar-13,1324.00,1337.00,1318.00,1332.00,401337
27-Mar-13,1322.00,1327.00,1315.00,1322.00,337176
26-Mar-13,1330.00,1333.00,1313.00,1325.00,347928
25-Mar-13,1342.00,1348.00,1312.00,1319.00,397499
22-Mar-13,1331.00,1339.00,1324.00,1335.00,357532
21-Mar-13,1330.00,1341.00,1322.00,1337.00,643396
20-Mar-13,1348.00,1348.00,1323.23,1332.00,249342
19-Mar-13,1342.00,1352.00,1335.00,1339.00,252913
18-Mar-13,1319.00,1350.00,1310.00,1340.00,422253
15-Mar-13,1344.00,1352.00,1324.00,1336.00,865373
14-Mar-13,1346.00,1355.00,1339.00,1340.00,405353
13-Mar-13,1344.00,1351.00,1336.00,1343.00,371158
12-Mar-13,1360.00,1361.00,1335.00,1344.00,275365
11-Mar-13,1353.00,1367.00,1341.00,1359.00,301906
8-Mar-13,1361.00,1363.85,1336.00,1353.00,376428
7-Mar-13,1347.00,1378.00,1341.05,1356.00,778472
6-Mar-13,1311.00,1350.00,1306.75,1334.00,800701
5-Mar-13,1281.00,1291.00,1261.00,1267.00,481009
4-Mar-13,1247.00,1276.00,1241.00,1264.98,419183
1-Mar-13,1253.00,1256.00,1228.00,1247.00,337494
28-Feb-13,1258.00,1261.00,1242.00,1251.00,473468
27-Feb-13,1248.00,1253.00,1240.72,1251.00,252928
26-Feb-13,1243.00,1251.00,1235.00,1246.00,231541
25-Feb-13,1264.00,1270.00,1253.00,1263.00,316196
22-Feb-13,1267.00,1271.00,1254.00,1261.00,401594
21-Feb-13,1284.00,1284.00,1260.00,1264.00,231449
20-Feb-13,1279.00,1300.00,1272.00,1285.00,539985
19-Feb-13,1271.00,1291.00,1267.62,1277.95,202565
18-Feb-13,1276.00,1276.62,1260.00,1273.00,153387
15-Feb-13,1273.00,1277.00,1265.00,1272.00,232571
14-Feb-13,1276.00,1277.00,1263.00,1273.00,277217
13-Feb-13,1246.00,1279.00,1239.00,1277.00,369523
12-Feb-13,1237.00,1246.00,1232.00,1246.00,174615
11-Feb-13,1227.00,1250.00,1227.00,1238.00,272289
8-Feb-13,1229.00,1235.00,1222.00,1228.00,251317
7-Feb-13,1231.00,1233.00,1211.00,1229.00,333558
6-Feb-13,1221.00,1238.62,1221.00,1230.00,235455
5-Feb-13,1229.00,1233.00,1221.00,1229.00,359852
4-Feb-13,1230.00,1242.00,1212.00,1220.00,401004
1-Feb-13,1222.00,1236.00,1214.00,1234.00,432729
31-Jan-13,1238.00,1242.60,1206.38,1223.00,561614
30-Jan-13,1240.00,1249.00,1229.00,1238.00,236099
29-Jan-13,1222.00,1237.00,1215.00,1237.00,360783
28-Jan-13,1216.00,1225.00,1205.00,1222.00,277022
25-Jan-13,1215.00,1227.00,1215.00,1222.00,351887
24-Jan-13,1211.00,1224.00,1210.00,1219.00,294652
23-Jan-13,1216.00,1223.00,1211.00,1214.00,307205
22-Jan-13,1211.00,1225.00,1204.00,1217.00,374046
21-Jan-13,1210.00,1236.50,1201.00,1211.00,634883
18-Jan-13,1175.00,1175.00,1149.00,1154.00,439441
17-Jan-13,1151.00,1171.00,1147.00,1169.00,252455
16-Jan-13,1182.00,1184.00,1146.00,1149.00,417154
15-Jan-13,1183.00,1185.00,1168.00,1178.00,193616
14-Jan-13,1194.00,1200.00,1183.00,1183.00,212344
11-Jan-13,1189.00,1194.00,1172.00,1192.00,305172
10-Jan-13,1200.00,1204.00,1185.00,1185.00,244050
9-Jan-13,1190.00,1202.00,1182.00,1197.00,495888
8-Jan-13,1194.00,1203.00,1190.00,1191.00,334183
7-Jan-13,1200.00,1201.00,1189.00,1198.00,247018
4-Jan-13,1194.00,1207.00,1192.00,1202.00,310855
3-Jan-13,1203.00,1210.00,1197.00,1200.00,165431
2-Jan-13,1180.00,1209.00,1172.00,1202.00,457941
