31-Dec-15,466.90,471.20,465.30,469.30,562300
30-Dec-15,457.30,475.40,457.30,472.10,2317523
29-Dec-15,459.80,460.70,449.30,460.70,2039123
24-Dec-15,473.90,473.90,458.30,462.60,406772
23-Dec-15,455.20,466.80,455.00,463.10,2396109
22-Dec-15,429.30,445.50,424.00,445.00,2835894
21-Dec-15,414.10,432.50,412.80,425.20,3293737
18-Dec-15,410.30,421.70,409.40,416.30,3324043
16-Dec-15,413.50,426.40,412.20,417.70,3158989
15-Dec-15,418.40,420.80,411.30,412.90,3378188
14-Dec-15,431.10,434.90,408.90,412.30,2818914
11-Dec-15,448.10,456.90,426.40,428.90,3087371
10-Dec-15,445.10,459.70,441.00,446.00,2215074
9-Dec-15,445.20,450.80,422.80,446.60,4756257
8-Dec-15,475.10,475.10,441.10,441.70,5369558
7-Dec-15,494.70,494.70,477.30,477.90,1860696
4-Dec-15,502.00,508.50,489.30,491.70,2471591
3-Dec-15,511.50,515.00,500.96,501.00,2545112
2-Dec-15,513.50,520.50,508.50,514.50,2382949
1-Dec-15,507.00,516.50,506.50,512.50,2879142
30-Nov-15,495.80,509.00,483.20,507.50,3513831
27-Nov-15,515.00,516.00,492.60,496.70,2354754
26-Nov-15,503.50,520.50,502.00,517.50,2006643
25-Nov-15,499.40,502.50,493.50,498.60,2686415
24-Nov-15,491.00,499.60,478.90,496.30,4284188
23-Nov-15,499.00,507.50,486.80,496.20,3808939
20-Nov-15,502.00,517.50,499.00,508.00,2956821
19-Nov-15,505.00,518.00,499.70,501.00,2713097
18-Nov-15,472.00,505.50,465.90,500.00,4847507
17-Nov-15,478.60,488.10,470.90,472.40,4083097
16-Nov-15,477.00,493.10,471.30,475.30,3909154
13-Nov-15,480.00,486.18,474.21,479.60,3907878
12-Nov-15,504.00,508.00,480.30,480.80,4036420
11-Nov-15,498.50,513.00,493.30,505.50,2504555
10-Nov-15,509.50,510.64,493.00,497.70,3936107
9-Nov-15,515.00,527.50,507.75,509.50,2695818
6-Nov-15,517.50,524.50,502.50,514.50,2778151
5-Nov-15,536.00,537.00,515.50,516.00,2930610
4-Nov-15,541.00,558.18,537.00,537.50,3466812
3-Nov-15,526.00,537.00,510.50,535.50,3035878
2-Nov-15,521.00,529.00,516.50,522.00,1960918
30-Oct-15,527.00,536.50,522.50,526.50,3242203
29-Oct-15,532.00,532.00,507.12,526.50,4901867
28-Oct-15,536.50,540.00,513.50,536.50,4239005
27-Oct-15,567.50,568.00,543.00,544.50,3142636
26-Oct-15,575.00,586.00,565.00,567.50,2506369
23-Oct-15,565.00,584.50,558.00,574.50,3183754
22-Oct-15,543.00,570.00,538.00,561.00,3934605
21-Oct-15,557.00,562.38,539.00,545.50,3073893
20-Oct-15,557.50,562.00,547.00,558.00,2302407
19-Oct-15,576.50,576.50,557.50,559.50,2774344
16-Oct-15,592.00,592.00,577.50,579.50,2604009
15-Oct-15,588.00,597.50,576.50,586.50,3483278
14-Oct-15,560.00,593.00,559.00,580.50,3403714
13-Oct-15,573.50,574.00,560.00,566.50,3055360
12-Oct-15,599.00,599.00,573.00,576.50,2579325
9-Oct-15,589.50,610.50,584.00,596.00,4268315
8-Oct-15,574.00,586.50,564.00,578.00,4009313
7-Oct-15,544.50,602.50,544.50,576.50,6074978
6-Oct-15,542.50,544.00,523.50,537.00,2524665
5-Oct-15,523.00,539.50,518.50,537.50,2891163
2-Oct-15,502.00,512.00,498.10,509.50,2337942
1-Oct-15,508.50,516.00,497.90,501.00,3120698
30-Sep-15,503.00,505.50,493.10,499.70,3906615
29-Sep-15,478.00,500.50,476.43,491.70,3942572
28-Sep-15,502.00,506.10,481.00,481.00,4792403
25-Sep-15,522.00,531.50,504.00,506.00,3876267
24-Sep-15,524.50,528.50,511.00,511.50,3087529
23-Sep-15,526.50,534.00,517.00,524.50,2798878
22-Sep-15,563.50,563.50,521.36,524.50,4517156
21-Sep-15,576.50,583.50,564.00,565.50,2068363
18-Sep-15,586.00,592.50,571.50,579.50,3216021
17-Sep-15,606.00,608.75,587.00,589.50,2574324
16-Sep-15,612.00,616.00,587.50,604.50,3297528
15-Sep-15,589.50,608.00,576.00,605.50,2600144
14-Sep-15,607.00,615.50,586.50,592.50,2570790
11-Sep-15,606.00,621.00,606.00,607.50,2121810
10-Sep-15,610.00,622.50,601.50,604.50,2949065
9-Sep-15,625.00,633.50,613.50,615.00,3873696
8-Sep-15,603.00,613.00,600.50,610.00,2912044
7-Sep-15,590.00,617.50,589.50,607.00,4419136
4-Sep-15,591.00,604.00,562.00,564.50,3458477
3-Sep-15,583.50,610.50,583.50,596.50,4076484
2-Sep-15,579.50,593.50,574.50,577.50,3846154
1-Sep-15,600.00,606.00,569.00,574.50,6109672
28-Aug-15,614.00,622.00,588.50,609.00,4910622
27-Aug-15,574.50,618.00,568.00,611.50,4556871
26-Aug-15,573.00,578.50,557.00,561.50,4941573
25-Aug-15,540.50,583.50,540.50,579.50,4882160
24-Aug-15,548.00,552.00,519.50,533.00,3809272
21-Aug-15,563.50,572.00,560.00,563.00,2532771
20-Aug-15,547.00,575.09,546.83,571.50,2965102
19-Aug-15,561.50,565.50,550.50,552.00,2602536
18-Aug-15,571.00,573.50,553.50,561.50,2286668
17-Aug-15,571.00,582.00,562.50,573.50,2407029
14-Aug-15,569.50,583.50,565.50,569.50,2335996
13-Aug-15,580.00,587.00,569.00,572.50,2049519
12-Aug-15,564.50,579.00,549.00,574.00,4093500
11-Aug-15,588.00,596.00,570.00,572.00,2419230
10-Aug-15,589.50,594.05,573.50,594.00,2828932
7-Aug-15,582.00,595.00,580.50,589.50,2249905
6-Aug-15,589.00,590.50,568.00,580.00,2935454
5-Aug-15,573.50,600.50,573.50,591.00,3575698
4-Aug-15,566.50,581.00,564.00,574.50,3035144
3-Aug-15,566.00,572.00,561.50,568.00,3223736
31-Jul-15,577.00,577.00,552.50,567.00,4717238
30-Jul-15,585.00,588.50,577.50,580.50,2122082
29-Jul-15,584.00,587.50,571.00,585.00,3854473
28-Jul-15,574.00,591.50,568.50,586.00,4699143
27-Jul-15,583.00,587.00,568.94,573.00,4062773
24-Jul-15,625.50,627.50,587.00,589.00,4409122
23-Jul-15,630.50,635.00,619.00,628.50,2623768
22-Jul-15,641.50,641.50,621.50,627.50,2908773
21-Jul-15,642.50,650.50,638.50,648.00,1531025
20-Jul-15,652.50,652.50,638.00,641.00,1952442
17-Jul-15,658.50,658.50,646.50,651.00,2170034
16-Jul-15,655.00,662.00,647.50,658.50,1661200
15-Jul-15,659.50,667.00,651.00,654.50,2226023
14-Jul-15,665.00,667.50,654.50,658.00,1524355
13-Jul-15,660.50,668.00,650.00,667.00,2321157
10-Jul-15,665.00,666.50,652.00,657.00,2313399
9-Jul-15,647.50,657.00,642.00,650.00,2907230
8-Jul-15,640.00,652.50,629.00,644.00,3407646
7-Jul-15,666.50,668.00,641.67,642.50,3837105
6-Jul-15,671.50,674.00,665.36,669.00,2851095
3-Jul-15,683.00,685.00,674.68,682.00,1373600
2-Jul-15,677.50,689.50,676.50,684.50,2028084
1-Jul-15,689.50,691.50,677.50,680.50,3014249
30-Jun-15,698.50,701.50,687.50,689.50,3009514
29-Jun-15,695.00,711.00,685.50,705.00,1869972
26-Jun-15,716.00,723.00,707.00,712.50,1661548
25-Jun-15,720.00,723.50,716.50,719.50,1670703
24-Jun-15,722.00,727.50,718.50,721.00,1494302
23-Jun-15,718.50,727.50,713.00,722.00,1546823
22-Jun-15,720.00,721.00,708.50,715.50,1377554
19-Jun-15,713.50,719.00,709.00,713.00,2693272
18-Jun-15,709.00,725.00,707.50,717.00,2042872
17-Jun-15,715.00,717.50,708.50,711.00,2151416
16-Jun-15,725.00,726.04,706.50,712.50,2619936
15-Jun-15,727.00,732.00,723.50,728.00,2127424
12-Jun-15,721.50,736.00,721.50,732.00,1729716
11-Jun-15,734.50,742.00,720.50,727.50,2382334
10-Jun-15,728.00,742.00,727.00,736.00,2260006
9-Jun-15,732.00,734.50,721.50,726.50,2127209
8-Jun-15,735.00,740.00,725.00,730.00,1535144
5-Jun-15,735.00,750.00,728.36,737.00,2586858
4-Jun-15,763.50,763.50,736.00,741.00,2981976
3-Jun-15,765.00,769.00,753.00,760.00,1384123
2-Jun-15,744.00,772.50,736.00,766.50,2663467
1-Jun-15,748.50,752.00,736.50,743.00,2533046
29-May-15,757.50,760.50,744.50,746.00,3037415
28-May-15,759.50,763.14,750.50,756.00,1595754
27-May-15,754.50,765.50,753.00,761.50,1311842
26-May-15,775.00,779.64,753.00,755.50,2049782
22-May-15,785.00,792.50,771.50,774.00,2609257
21-May-15,779.50,794.50,779.50,785.00,1753810
20-May-15,776.50,785.50,767.50,779.00,1962066
19-May-15,793.00,794.00,770.50,775.00,2743068
18-May-15,787.00,802.00,786.00,793.00,1419294
15-May-15,795.00,802.00,780.00,789.00,1442174
14-May-15,795.00,805.00,783.50,795.50,1265724
13-May-15,794.00,805.00,788.50,798.50,1831106
12-May-15,779.50,793.50,767.00,791.50,3633016
11-May-15,785.00,802.00,782.00,782.50,2847037
8-May-15,791.50,794.50,781.50,790.00,2975854
7-May-15,780.50,798.50,774.50,781.00,3458961
6-May-15,795.50,805.00,779.00,782.50,2558690
5-May-15,794.00,811.50,784.00,798.50,2890843
1-May-15,783.00,800.00,783.00,792.50,1174063
30-Apr-15,785.50,789.50,766.50,781.50,2334749
29-Apr-15,780.00,790.50,767.50,784.00,4285618
28-Apr-15,802.50,808.50,792.50,802.00,2494173
27-Apr-15,803.00,809.50,781.50,807.50,2798292
24-Apr-15,796.00,805.00,783.00,793.50,3288245
23-Apr-15,746.00,787.50,735.50,784.50,4060063
22-Apr-15,753.50,755.00,740.00,749.50,2126614
21-Apr-15,750.00,750.00,738.00,745.00,2276927
20-Apr-15,735.50,749.00,735.00,747.00,2326215
17-Apr-15,747.50,749.50,726.00,732.00,2427440
16-Apr-15,756.00,758.00,743.00,747.00,2114402
15-Apr-15,742.00,757.85,739.50,751.00,1401656
14-Apr-15,718.00,745.00,717.00,743.00,2056457
13-Apr-15,737.00,740.50,716.50,722.00,1943756
10-Apr-15,740.50,743.00,732.50,740.50,2025739
9-Apr-15,735.00,741.00,717.00,738.50,1760731
8-Apr-15,742.00,752.50,732.00,733.00,2320025
7-Apr-15,718.50,740.50,718.34,740.50,2002082
2-Apr-15,729.50,732.00,715.00,718.00,2148459
1-Apr-15,732.00,739.50,720.50,733.50,3478864
31-Mar-15,745.00,762.00,729.50,732.50,4387134
30-Mar-15,724.00,746.84,715.00,739.50,2901072
27-Mar-15,720.00,721.50,704.42,715.00,2556511
26-Mar-15,713.50,738.50,712.50,724.50,2749389
25-Mar-15,725.50,735.50,722.50,728.50,1451080
24-Mar-15,728.00,739.50,723.50,724.00,2730677
23-Mar-15,716.50,729.00,706.50,727.00,2202883
20-Mar-15,698.50,716.00,686.50,714.50,3685053
19-Mar-15,689.50,707.00,687.50,695.00,3623658
18-Mar-15,690.00,692.50,675.00,681.50,2959460
17-Mar-15,687.50,703.50,675.50,687.00,3679255
16-Mar-15,701.50,708.00,691.50,707.00,2783951
13-Mar-15,702.00,714.00,692.00,698.50,1906067
12-Mar-15,710.00,722.76,700.50,700.50,2938737
11-Mar-15,711.00,717.10,693.50,699.00,3213306
10-Mar-15,745.00,745.00,711.00,711.00,3996308
9-Mar-15,740.00,754.50,737.00,752.50,2410498
6-Mar-15,750.00,756.50,743.00,748.00,1904343
5-Mar-15,736.50,754.50,730.50,754.00,1673088
4-Mar-15,753.50,757.50,738.50,740.50,1766831
3-Mar-15,763.50,765.50,753.00,755.00,1935455
2-Mar-15,770.50,778.00,761.00,765.00,2275900
27-Feb-15,765.00,771.50,760.50,767.00,1966879
26-Feb-15,755.00,786.00,754.00,768.00,3426325
25-Feb-15,753.00,766.50,747.50,754.00,2443094
24-Feb-15,736.50,756.50,723.00,754.50,2724470
23-Feb-15,750.00,754.50,727.00,732.50,2271614
20-Feb-15,747.00,761.00,746.50,753.50,1933665
19-Feb-15,753.00,755.50,740.00,748.00,1435780
18-Feb-15,747.00,755.50,735.00,752.50,1928336
17-Feb-15,744.50,767.00,730.50,744.00,3113940
16-Feb-15,732.50,753.00,729.00,750.00,2061811
13-Feb-15,713.00,738.50,713.00,731.00,2676921
12-Feb-15,688.00,709.50,687.00,705.50,1776862
11-Feb-15,697.00,697.00,682.90,690.50,1881498
10-Feb-15,720.00,721.00,684.82,693.50,2936234
9-Feb-15,701.00,719.00,699.50,716.50,1514901
6-Feb-15,715.50,715.50,698.50,702.00,1942534
5-Feb-15,694.00,712.00,684.00,711.00,1903792
4-Feb-15,709.00,718.00,682.00,697.50,4130500
3-Feb-15,682.00,709.00,682.00,706.00,3357276
2-Feb-15,651.00,672.50,649.00,672.00,2920503
30-Jan-15,653.00,663.00,649.00,650.00,3543733
29-Jan-15,660.00,665.50,646.00,655.00,3609016
28-Jan-15,696.00,696.00,664.00,673.50,3674281
27-Jan-15,699.00,703.00,684.00,693.50,1816450
26-Jan-15,664.00,698.00,659.00,697.00,2688648
23-Jan-15,714.00,714.00,681.50,684.50,4187287
22-Jan-15,716.00,743.50,694.88,719.00,4041285
21-Jan-15,703.00,713.00,693.00,712.50,2507716
20-Jan-15,695.50,709.00,690.00,704.50,2337887
19-Jan-15,706.50,708.33,682.50,693.50,2005541
16-Jan-15,667.50,696.50,660.50,691.00,3596288
15-Jan-15,678.00,683.00,652.50,670.00,4446553
14-Jan-15,660.00,680.00,620.00,675.00,8964046
13-Jan-15,729.00,729.00,701.50,709.00,3718215
12-Jan-15,752.50,752.50,718.50,727.50,3456304
9-Jan-15,748.00,755.00,735.50,750.00,2241171
8-Jan-15,728.50,751.00,726.50,746.00,2886618
7-Jan-15,724.00,732.00,711.50,719.50,2121048
6-Jan-15,726.50,734.00,715.50,717.50,3074850
5-Jan-15,747.00,759.00,721.00,722.00,2591950
31-Dec-14,751.00,757.00,746.50,752.50,321015
30-Dec-14,751.00,757.50,744.00,755.00,1297099
29-Dec-14,753.50,761.50,748.50,755.00,1074341
24-Dec-14,754.50,754.50,742.00,745.50,174373
23-Dec-14,739.50,748.00,735.00,745.50,1159685
22-Dec-14,746.00,754.50,733.00,738.50,2012491
19-Dec-14,729.50,748.50,726.08,744.50,3770031
18-Dec-14,727.00,728.68,716.00,722.00,2182194
17-Dec-14,690.00,722.00,689.00,716.50,2908747
16-Dec-14,685.50,700.00,672.50,700.00,3182036
15-Dec-14,696.00,712.00,685.50,686.00,2229690
12-Dec-14,708.50,711.00,694.50,701.50,1563816
11-Dec-14,722.50,730.50,704.50,713.50,1807103
10-Dec-14,730.00,734.00,723.50,726.50,2166013
9-Dec-14,719.00,742.00,709.00,731.00,2491911
8-Dec-14,728.50,736.50,724.00,726.50,1303962
5-Dec-14,734.50,738.50,727.50,732.00,1470769
4-Dec-14,740.00,741.00,724.50,732.50,1796217
3-Dec-14,737.00,742.00,725.00,734.77,2301921
2-Dec-14,737.00,753.00,732.00,741.00,2272709
1-Dec-14,724.00,736.00,713.00,735.00,3695996
28-Nov-14,748.00,754.50,731.50,737.00,3941458
27-Nov-14,763.00,766.95,748.50,750.50,1742216
26-Nov-14,747.00,765.50,742.50,761.00,3249515
25-Nov-14,722.00,736.00,714.50,733.50,2110623
24-Nov-14,727.50,730.00,719.00,725.50,1592552
21-Nov-14,701.00,733.50,694.00,730.50,3259504
20-Nov-14,708.00,708.50,688.82,697.00,1740293
19-Nov-14,705.50,713.77,697.00,706.50,1330165
18-Nov-14,715.00,720.50,706.00,709.50,1944897
17-Nov-14,711.00,726.96,710.50,716.50,1368215
14-Nov-14,715.50,720.00,707.50,717.50,1241601
13-Nov-14,723.50,724.00,711.50,717.50,1410315
12-Nov-14,710.50,723.50,706.60,720.50,1685949
11-Nov-14,713.00,714.50,700.50,711.50,1020625
10-Nov-14,704.00,722.50,703.50,715.50,2072913
7-Nov-14,698.00,715.00,698.00,703.50,2070074
6-Nov-14,694.50,700.50,690.00,696.00,1719465
5-Nov-14,697.00,700.50,689.50,698.00,1494772
4-Nov-14,693.00,706.00,691.00,696.00,1920642
3-Nov-14,698.50,706.48,694.00,696.00,2242810
31-Oct-14,699.50,704.00,694.50,702.50,3293607
30-Oct-14,705.50,707.50,683.50,690.50,2459112
29-Oct-14,680.00,713.50,680.00,704.00,3127109
28-Oct-14,683.00,702.00,679.50,700.50,2253750
27-Oct-14,700.00,702.50,674.50,678.50,2905202
24-Oct-14,697.50,697.50,688.50,693.00,2180509
23-Oct-14,690.50,698.50,679.00,697.50,2225395
22-Oct-14,694.00,699.50,688.00,694.50,2803299
21-Oct-14,676.00,693.50,675.50,691.00,2170881
20-Oct-14,685.00,686.00,674.00,680.50,1900643
17-Oct-14,682.00,688.50,673.00,683.50,2228613
16-Oct-14,677.50,684.00,659.00,679.00,4656926
15-Oct-14,682.00,682.00,661.50,666.00,3148107
14-Oct-14,675.50,682.50,668.50,679.50,3543831
13-Oct-14,660.50,680.00,658.00,677.00,2375167
10-Oct-14,676.50,677.68,658.85,661.50,3982303
9-Oct-14,691.00,702.00,683.50,686.00,3228262
8-Oct-14,696.00,696.50,673.00,675.00,3424734
7-Oct-14,714.00,718.00,698.50,698.50,2540334
6-Oct-14,683.00,710.00,679.50,706.50,2458870
3-Oct-14,704.50,705.50,678.50,680.50,4122854
2-Oct-14,701.00,709.50,696.50,698.50,3167274
1-Oct-14,716.00,716.50,700.50,702.00,2298560
30-Sep-14,718.50,734.50,714.00,721.00,2711734
29-Sep-14,719.50,721.00,707.50,718.50,1393776
26-Sep-14,725.50,732.50,719.50,722.00,1338301
25-Sep-14,740.00,740.00,722.50,727.00,2062985
24-Sep-14,728.50,744.00,722.50,741.00,2555385
23-Sep-14,737.50,738.50,722.50,729.00,3051469
22-Sep-14,747.50,750.82,732.50,734.50,2731393
19-Sep-14,755.00,759.50,748.50,752.50,1887026
18-Sep-14,751.50,755.50,743.00,753.00,1801896
17-Sep-14,760.00,760.00,751.50,753.00,1962107
16-Sep-14,767.50,770.50,756.00,762.00,1662523
15-Sep-14,760.00,764.00,758.00,761.50,1152345
12-Sep-14,766.50,770.50,761.00,764.00,1545713
11-Sep-14,778.50,779.32,764.00,767.00,1513883
10-Sep-14,784.00,791.00,778.00,779.00,1226430
9-Sep-14,790.00,796.50,782.00,785.00,1334486
8-Sep-14,793.00,795.00,787.50,791.00,998533
5-Sep-14,789.00,797.00,785.50,794.00,1679907
4-Sep-14,792.00,798.00,789.00,792.50,1718878
3-Sep-14,793.00,806.50,787.65,792.50,1463094
2-Sep-14,781.50,794.00,780.50,791.00,1352608
1-Sep-14,784.00,788.50,778.00,780.50,1171483
29-Aug-14,791.00,792.00,776.50,785.50,1591918
28-Aug-14,803.50,803.50,787.50,790.00,2524759
27-Aug-14,803.00,813.00,797.50,808.00,2010612
26-Aug-14,802.50,807.00,775.50,798.50,3376601
22-Aug-14,809.50,815.00,802.50,808.00,1168268
21-Aug-14,817.50,817.50,801.50,808.50,1049916
20-Aug-14,818.00,822.50,806.00,819.00,1332922
19-Aug-14,813.00,823.00,809.00,818.00,1582795
18-Aug-14,814.50,817.00,808.00,811.00,1130792
15-Aug-14,818.00,821.50,804.00,807.00,1636159
14-Aug-14,807.00,820.50,801.50,813.00,1718734
13-Aug-14,821.00,822.50,804.00,809.00,2010193
12-Aug-14,822.00,826.50,814.50,821.50,857626
11-Aug-14,811.00,826.50,808.50,823.00,1043894
8-Aug-14,797.50,810.50,795.00,806.50,1349451
7-Aug-14,824.00,836.00,803.50,806.50,1372241
6-Aug-14,805.50,824.00,803.50,822.50,1845947
5-Aug-14,813.00,819.00,805.50,811.50,1383002
4-Aug-14,815.50,819.00,810.00,811.00,1237391
1-Aug-14,807.00,816.50,796.00,809.50,1934121
31-Jul-14,814.50,824.50,808.00,810.50,2604102
30-Jul-14,852.00,852.00,813.50,816.00,2782170
29-Jul-14,850.00,861.50,845.00,855.00,1846164
28-Jul-14,850.00,858.50,840.50,845.50,1072750
25-Jul-14,846.00,850.00,842.50,847.00,1158233
24-Jul-14,841.00,848.90,838.00,847.00,1619601
23-Jul-14,831.50,842.00,829.50,834.00,964569
22-Jul-14,820.00,835.50,820.00,831.00,1129475
21-Jul-14,807.00,819.50,807.00,815.50,1041951
18-Jul-14,809.00,810.00,802.00,805.50,1568773
17-Jul-14,823.50,825.00,810.00,812.00,1233358
16-Jul-14,815.00,825.50,806.75,824.50,1642923
15-Jul-14,816.00,823.00,807.00,810.00,1667537
14-Jul-14,813.00,815.50,809.50,814.50,1726671
11-Jul-14,816.00,816.00,796.00,809.50,1365715
10-Jul-14,819.00,823.50,802.50,812.00,1992443
9-Jul-14,812.00,819.50,802.50,817.50,1536869
8-Jul-14,819.00,822.50,811.50,811.50,2543416
7-Jul-14,819.00,823.50,807.50,815.50,1874264
4-Jul-14,825.00,834.50,814.00,827.00,1959809
3-Jul-14,781.50,821.50,780.50,820.00,5268743
2-Jul-14,773.00,783.00,767.50,781.50,2888835
1-Jul-14,772.00,774.40,765.00,769.50,2593272
30-Jun-14,762.00,767.50,759.00,763.00,1262272
27-Jun-14,766.00,766.00,759.10,764.50,983510
26-Jun-14,769.50,777.50,762.00,763.50,1157517
25-Jun-14,777.00,777.88,757.00,762.50,1603784
24-Jun-14,784.00,786.50,775.00,779.00,1420325
23-Jun-14,777.00,782.50,775.50,779.00,1123872
20-Jun-14,767.00,775.00,765.50,770.50,2138509
19-Jun-14,766.50,774.50,765.00,765.00,1458121
18-Jun-14,759.00,762.00,754.50,757.50,1243327
17-Jun-14,753.50,756.00,734.50,755.50,2488647
16-Jun-14,748.00,753.00,745.00,748.50,1650674
13-Jun-14,749.50,749.50,735.00,746.50,2440906
12-Jun-14,767.00,767.00,747.00,749.50,2192011
11-Jun-14,773.50,778.89,766.50,769.50,1200910
10-Jun-14,780.50,780.50,769.00,773.00,1257784
9-Jun-14,773.00,789.00,773.00,781.00,1052084
6-Jun-14,778.50,779.50,766.00,772.50,1550048
5-Jun-14,780.00,781.50,769.00,777.96,1459031
4-Jun-14,788.00,791.00,772.00,778.08,1834286
3-Jun-14,800.00,806.00,789.50,789.96,1204510
2-Jun-14,793.00,802.00,791.00,797.50,970766
30-May-14,798.50,799.71,785.00,788.50,1875452
29-May-14,795.50,805.50,794.00,804.50,703529
28-May-14,796.00,804.50,794.00,797.46,1170738
27-May-14,804.00,807.00,795.00,795.00,1325073
23-May-14,788.00,800.00,783.00,799.00,1138740
22-May-14,776.00,790.00,775.00,786.00,1519845
21-May-14,781.00,781.00,768.00,771.00,2169661
20-May-14,799.50,802.00,783.00,783.50,1061576
19-May-14,793.00,801.50,792.50,800.00,1604840
16-May-14,799.00,800.50,779.00,790.50,1886715
15-May-14,803.00,812.88,788.31,800.04,2424691
14-May-14,782.50,798.50,772.94,795.04,1871905
13-May-14,802.50,810.50,776.50,779.04,2323520
12-May-14,778.50,797.00,777.00,796.04,1782969
9-May-14,776.50,780.50,760.00,769.00,2618987
8-May-14,776.00,781.67,775.50,780.00,1297927
7-May-14,780.00,782.50,768.50,780.04,1697151
6-May-14,799.50,808.50,781.82,783.54,2159630
2-May-14,775.50,790.50,771.00,790.50,1827621
1-May-14,791.00,791.00,760.50,776.00,911856
30-Apr-14,787.00,803.42,777.50,787.00,1666415
29-Apr-14,784.50,790.50,776.00,781.00,2217833
28-Apr-14,789.00,797.20,783.15,787.50,1370465
25-Apr-14,809.50,810.00,789.00,790.00,2375949
24-Apr-14,803.00,812.00,792.50,800.00,2181592
23-Apr-14,799.00,802.21,791.50,796.50,1585365
22-Apr-14,827.50,847.00,822.50,844.58,1371678
17-Apr-14,847.00,847.00,827.00,828.50,2551450
16-Apr-14,842.50,851.50,830.00,846.00,1510390
15-Apr-14,839.00,847.00,828.00,832.42,2392182
14-Apr-14,823.00,843.50,823.00,842.00,1944682
11-Apr-14,821.50,833.00,809.00,825.00,2935751
10-Apr-14,852.00,861.00,824.00,829.50,2820483
9-Apr-14,865.00,873.50,847.50,848.00,1804994
8-Apr-14,856.00,874.00,851.50,870.50,1986821
7-Apr-14,857.00,861.50,846.50,851.50,1259993
4-Apr-14,848.00,868.50,846.00,863.00,1254619
3-Apr-14,853.50,860.00,841.00,845.50,1946986
2-Apr-14,850.00,871.52,848.50,856.50,2649883
1-Apr-14,843.00,846.50,834.00,839.50,1517725
31-Mar-14,844.50,854.45,832.00,835.50,1390279
28-Mar-14,835.50,845.00,827.50,841.50,2063167
27-Mar-14,829.00,831.00,817.00,827.50,2127413
26-Mar-14,823.00,842.50,822.50,834.00,3279829
25-Mar-14,800.00,818.50,799.00,818.50,4095010
24-Mar-14,806.00,813.00,795.50,797.00,2428667
21-Mar-14,797.00,810.90,794.49,806.50,2910983
20-Mar-14,779.00,796.00,773.50,794.00,2752438
19-Mar-14,799.00,813.00,773.50,785.00,5258318
18-Mar-14,885.00,900.00,816.00,828.50,3800728
17-Mar-14,829.50,851.50,828.00,847.50,1811657
14-Mar-14,827.50,836.00,816.50,829.50,2294115
13-Mar-14,854.00,858.50,835.00,835.50,2021366
12-Mar-14,834.00,862.50,826.00,853.50,3777456
11-Mar-14,861.00,873.00,834.50,839.92,2893991
10-Mar-14,850.00,868.50,843.50,859.00,3330097
7-Mar-14,914.00,915.00,874.50,877.00,2703815
6-Mar-14,914.50,920.00,911.50,915.00,1927026
5-Mar-14,903.00,917.00,903.00,911.50,1500939
4-Mar-14,891.00,906.00,886.50,902.50,1873012
3-Mar-14,885.50,907.50,879.50,882.41,4161649
28-Feb-14,921.00,921.50,897.50,900.50,2016451
27-Feb-14,913.50,926.50,909.00,921.50,2442671
26-Feb-14,912.50,923.50,908.00,911.50,1390950
25-Feb-14,932.50,933.50,904.50,914.50,3167943
24-Feb-14,950.00,950.00,928.00,933.09,2056969
21-Feb-14,953.00,957.50,929.50,955.00,1736427
20-Feb-14,945.50,950.50,930.50,950.50,2425542
19-Feb-14,949.50,959.50,942.50,959.00,1498183
18-Feb-14,946.00,951.00,938.00,950.00,2080978
17-Feb-14,939.00,949.50,931.00,949.00,1113644
14-Feb-14,909.50,940.50,907.50,938.50,2419368
13-Feb-14,930.00,930.50,895.00,905.50,3068643
12-Feb-14,906.50,932.00,900.50,927.50,3635942
11-Feb-14,900.00,910.00,888.50,903.00,3165183
10-Feb-14,895.00,906.50,891.50,897.50,2350096
7-Feb-14,882.50,896.00,871.50,894.00,3258348
6-Feb-14,867.00,882.50,864.00,875.50,1623767
5-Feb-14,858.50,870.00,850.00,864.00,1938536
4-Feb-14,840.00,863.50,838.50,860.50,2635120
3-Feb-14,848.00,864.50,843.50,848.00,2093321
31-Jan-14,877.00,882.00,843.50,850.50,2586932
30-Jan-14,880.00,882.50,861.50,873.50,2224215
29-Jan-14,880.00,887.50,853.00,872.50,6251450
28-Jan-14,805.50,825.50,805.50,822.50,1758894
27-Jan-14,802.50,815.00,796.50,801.50,1538236
24-Jan-14,808.50,816.50,799.50,806.92,1800359
23-Jan-14,814.00,831.00,805.00,807.00,1605054
22-Jan-14,825.50,837.00,818.50,819.50,1193862
21-Jan-14,847.00,854.00,816.00,819.50,2076669
20-Jan-14,840.00,847.50,832.50,845.00,1389483
17-Jan-14,835.00,848.50,828.50,846.50,2450399
16-Jan-14,795.50,836.00,795.50,832.50,2640878
15-Jan-14,790.00,791.50,780.00,790.00,1723825
14-Jan-14,778.00,792.50,776.00,789.00,1056703
13-Jan-14,785.00,795.00,781.50,784.00,1294568
10-Jan-14,769.00,787.50,768.00,782.00,1605997
9-Jan-14,770.50,772.50,762.50,768.50,1471041
8-Jan-14,780.00,791.00,769.00,772.50,1248414
7-Jan-14,788.50,807.00,777.50,780.50,1710171
6-Jan-14,820.50,822.00,785.50,787.00,1369182
3-Jan-14,821.00,824.00,805.00,821.00,917301
2-Jan-14,825.00,825.50,805.00,822.08,1147080
31-Dec-13,838.50,838.50,823.00,824.00,156948
30-Dec-13,832.00,842.00,827.00,834.00,499525
27-Dec-13,803.00,834.00,803.00,830.50,749608
24-Dec-13,804.50,809.00,802.50,805.00,136487
23-Dec-13,800.50,807.00,793.00,804.50,879430
20-Dec-13,801.00,802.50,781.00,796.50,2181707
19-Dec-13,803.00,803.00,790.50,799.50,1604146
18-Dec-13,779.00,795.50,776.00,795.50,1656023
17-Dec-13,768.00,781.00,758.50,779.50,1364652
16-Dec-13,755.50,771.00,747.00,768.00,1538100
13-Dec-13,762.00,765.00,752.50,761.00,1421468
12-Dec-13,756.50,768.50,754.00,761.00,2301091
11-Dec-13,766.00,770.00,753.00,760.50,1020645
10-Dec-13,766.00,771.50,760.00,765.50,1258319
9-Dec-13,771.50,771.50,747.00,761.50,1135784
6-Dec-13,767.50,781.00,765.00,769.00,1227361
5-Dec-13,761.00,774.50,761.00,768.50,1994864
4-Dec-13,758.50,773.50,755.50,767.00,1680063
3-Dec-13,777.00,777.50,733.00,754.00,2819984
2-Dec-13,794.50,797.50,779.50,780.50,1643318
29-Nov-13,790.50,806.00,790.00,794.00,1875039
28-Nov-13,778.50,792.50,774.50,788.50,1221091
27-Nov-13,779.00,781.00,768.00,776.00,1423259
26-Nov-13,787.00,792.00,776.50,779.00,1667892
25-Nov-13,792.50,797.00,785.50,789.50,1508422
22-Nov-13,800.00,804.50,781.50,789.50,2094885
21-Nov-13,798.00,799.50,788.00,797.00,1667667
20-Nov-13,797.50,814.50,797.50,807.00,1244883
19-Nov-13,809.00,817.00,796.00,805.00,1470490
18-Nov-13,812.50,818.50,808.00,812.50,1134204
15-Nov-13,809.50,826.50,807.50,812.00,1865574
14-Nov-13,825.00,833.50,790.50,804.00,2863925
13-Nov-13,813.50,814.50,802.50,813.50,1798371
12-Nov-13,820.00,824.50,809.00,812.50,2334389
11-Nov-13,834.50,836.50,818.50,818.50,1455117
8-Nov-13,837.00,840.00,821.00,836.50,1575451
7-Nov-13,855.00,865.50,841.50,845.00,1387309
6-Nov-13,895.00,900.50,853.00,858.00,2668459
5-Nov-13,866.50,890.50,865.00,889.00,2134112
4-Nov-13,841.00,864.50,839.50,863.50,1572370
1-Nov-13,856.00,858.50,829.50,837.00,2185787
31-Oct-13,895.00,896.50,847.50,853.25,2359842
30-Oct-13,893.50,898.00,884.50,897.50,946561
29-Oct-13,868.00,888.50,862.50,888.50,1468975
28-Oct-13,883.50,885.00,864.00,870.00,1127340
25-Oct-13,870.50,881.50,862.50,875.50,940199
24-Oct-13,867.00,880.50,867.00,874.00,1581862
23-Oct-13,904.00,-,864.00,865.50,2112274
22-Oct-13,890.00,910.00,880.50,904.00,1259176
21-Oct-13,899.00,910.50,887.00,891.00,1139636
18-Oct-13,896.00,901.50,886.00,899.00,961126
17-Oct-13,894.00,901.50,885.00,888.50,1370275
16-Oct-13,884.00,894.00,866.00,891.00,1488287
15-Oct-13,875.00,895.50,875.00,888.50,1524913
14-Oct-13,849.00,872.50,845.00,867.00,1210848
11-Oct-13,858.00,865.00,850.50,859.00,1387306
10-Oct-13,835.50,854.50,831.50,852.00,1183416
9-Oct-13,834.00,838.00,825.00,830.50,2230928
8-Oct-13,819.00,839.00,811.50,833.50,2641642
7-Oct-13,820.00,822.50,810.50,820.50,1020535
4-Oct-13,812.00,825.00,806.00,821.50,1253200
3-Oct-13,825.50,831.50,806.50,815.00,1534483
2-Oct-13,810.50,824.50,805.50,824.00,1421182
1-Oct-13,821.00,825.00,807.50,816.00,1354580
30-Sep-13,816.50,823.00,806.00,818.50,1370324
27-Sep-13,846.50,848.00,817.00,830.00,2136578
26-Sep-13,854.00,864.00,848.50,853.50,1206678
25-Sep-13,848.50,858.00,838.50,855.50,1102687
24-Sep-13,852.00,861.50,842.50,850.00,1028135
20-Sep-13,880.00,884.50,850.00,851.50,2341365
19-Sep-13,900.00,908.00,881.00,886.00,2322678
18-Sep-13,877.00,881.00,852.00,860.50,1281687
17-Sep-13,879.50,889.00,874.50,882.00,1512435
16-Sep-13,859.50,891.00,857.50,883.00,1626500
13-Sep-13,861.50,861.50,840.00,849.50,1225467
12-Sep-13,888.00,890.50,860.50,864.00,1324297
11-Sep-13,899.00,900.00,881.00,886.00,1179357
10-Sep-13,900.00,906.00,894.00,896.50,1776574
9-Sep-13,901.00,905.00,887.50,891.50,932733
6-Sep-13,881.00,905.50,875.50,899.00,1897531
5-Sep-13,884.50,889.50,871.50,881.00,1809389
4-Sep-13,896.00,899.00,874.00,886.00,1255309
3-Sep-13,888.50,901.50,883.00,893.50,1687934
2-Sep-13,872.00,894.00,867.50,885.50,1337323
30-Aug-13,851.00,860.00,846.50,855.00,2502785
29-Aug-13,879.00,879.00,846.00,849.00,2970515
28-Aug-13,880.00,882.50,852.00,874.50,3109513
27-Aug-13,910.00,916.00,868.50,884.50,4437243
23-Aug-13,908.00,932.50,903.50,915.00,1928190
22-Aug-13,903.00,924.00,900.50,908.00,2971977
21-Aug-13,915.00,917.00,893.00,895.00,1854455
20-Aug-13,912.50,925.00,892.00,912.00,1918284
19-Aug-13,930.00,937.00,921.50,922.00,2107038
16-Aug-13,942.00,958.50,931.50,936.50,2681104
15-Aug-13,959.00,963.00,926.50,930.00,1737712
14-Aug-13,977.50,985.00,960.00,971.00,1397486
13-Aug-13,964.50,979.00,958.00,979.00,1876946
12-Aug-13,950.00,964.50,931.50,958.00,1835118
9-Aug-13,880.00,944.50,876.50,942.00,2884735
8-Aug-13,860.00,890.00,860.00,876.50,1625775
7-Aug-13,849.50,853.50,832.00,844.50,1476311
6-Aug-13,885.00,888.50,843.50,849.50,2211663
5-Aug-13,902.50,908.00,889.00,893.50,1048978
2-Aug-13,908.50,909.50,888.00,901.00,2328522
1-Aug-13,888.00,914.50,883.50,913.50,1830370
31-Jul-13,877.00,896.50,875.00,882.00,2187149
30-Jul-13,879.50,882.50,870.00,875.00,1763929
29-Jul-13,861.50,878.50,855.00,876.00,1476348
26-Jul-13,877.00,891.50,856.00,858.50,1896438
25-Jul-13,878.50,885.00,864.00,871.50,2331926
24-Jul-13,864.00,890.00,857.50,885.00,3101046
23-Jul-13,857.50,871.00,855.00,857.00,1410526
22-Jul-13,850.00,861.00,840.50,846.00,1254099
19-Jul-13,864.50,867.00,832.00,846.00,1654881
18-Jul-13,834.00,854.00,832.00,848.50,1351601
17-Jul-13,837.00,855.00,830.00,835.00,1611097
16-Jul-13,829.00,838.50,819.50,833.00,1475480
15-Jul-13,835.50,846.50,812.50,823.00,1965849
12-Jul-13,856.00,856.00,827.00,832.50,1373241
11-Jul-13,843.50,864.00,839.50,853.50,2423611
10-Jul-13,815.50,822.00,798.00,814.50,2447596
9-Jul-13,813.00,825.10,809.50,817.50,1415508
8-Jul-13,794.00,807.50,785.00,802.00,1417660
5-Jul-13,839.50,840.00,784.00,784.50,2066745
4-Jul-13,820.00,842.00,811.00,835.00,1313039
3-Jul-13,824.00,827.50,800.50,812.00,1326515
2-Jul-13,834.00,851.50,824.00,825.50,2607581
1-Jul-13,805.00,837.00,795.40,832.50,2394149
28-Jun-13,819.50,826.00,791.00,795.00,2476198
27-Jun-13,807.00,829.50,802.50,816.50,2291042
26-Jun-13,820.50,820.50,783.00,801.50,2213300
25-Jun-13,820.50,834.07,809.00,819.00,1749121
24-Jun-13,827.50,829.40,811.50,813.00,2469997
21-Jun-13,825.00,849.50,822.25,838.50,4063781
20-Jun-13,849.42,850.00,821.50,824.50,3552860
19-Jun-13,885.00,895.00,857.50,869.50,2402034
18-Jun-13,892.50,899.50,877.00,879.00,2234748
17-Jun-13,917.50,917.50,896.50,896.50,1345304
14-Jun-13,902.00,923.50,898.50,904.00,2032081
13-Jun-13,866.00,904.00,864.38,892.00,2010919
12-Jun-13,880.00,900.13,876.50,879.50,1890854
11-Jun-13,903.00,904.50,867.00,884.50,3434239
10-Jun-13,916.50,918.50,899.50,911.00,1575575
7-Jun-13,908.50,931.50,902.99,922.00,2282832
6-Jun-13,936.50,939.50,907.00,908.00,1954777
5-Jun-13,948.00,965.00,936.00,941.00,1396294
4-Jun-13,978.00,983.92,952.91,956.00,1177655
3-Jun-13,943.00,973.50,940.50,970.50,1638705
31-May-13,960.50,963.50,945.23,945.50,1750880
30-May-13,943.00,963.00,940.00,958.50,1716825
29-May-13,956.50,962.00,926.82,946.00,2163791
28-May-13,962.50,976.50,959.00,964.50,1687338
24-May-13,963.00,963.18,943.00,961.00,1803047
23-May-13,958.00,972.50,943.50,958.00,2582974
22-May-13,965.50,1026.00,958.00,1002.00,3147052
21-May-13,929.00,975.00,928.50,964.00,2879993
20-May-13,936.00,936.00,916.50,926.00,1118999
17-May-13,923.00,948.00,921.50,935.00,1579725
16-May-13,924.00,927.60,909.00,924.00,1499805
15-May-13,937.50,938.50,917.00,919.00,2119152
14-May-13,945.00,945.50,924.91,939.50,2375598
13-May-13,940.00,950.50,922.50,940.50,2270451
10-May-13,934.50,948.38,911.00,913.00,1690702
9-May-13,942.00,959.00,924.90,931.50,1558190
8-May-13,947.50,962.00,928.00,941.00,2413775
7-May-13,989.00,1027.00,981.50,989.50,3010580
3-May-13,922.50,985.00,918.00,983.00,3665935
2-May-13,910.50,922.50,878.50,912.50,2323882
1-May-13,938.00,938.00,889.22,895.00,2072779
30-Apr-13,914.50,918.50,888.00,897.50,2442682
29-Apr-13,918.50,935.00,906.00,910.00,1886462
26-Apr-13,955.00,955.00,915.00,916.00,1994400
25-Apr-13,918.50,956.46,917.50,953.50,3521568
24-Apr-13,890.00,923.00,890.00,911.50,2842693
23-Apr-13,887.00,890.00,875.50,884.00,2716850
22-Apr-13,905.00,911.50,886.00,892.50,2191422
19-Apr-13,896.50,919.00,890.00,902.50,3496016
18-Apr-13,896.50,896.50,859.16,889.50,5099719
17-Apr-13,949.50,949.50,901.50,906.00,3010150
16-Apr-13,939.00,957.00,938.00,944.00,2312391
15-Apr-13,1008.00,1008.00,934.50,937.00,3221057
12-Apr-13,1017.00,1060.00,1010.00,1013.00,2317083
11-Apr-13,1037.00,1037.00,1001.00,1015.00,2074611
10-Apr-13,1034.00,1043.00,1018.00,1032.00,2449700
9-Apr-13,1007.00,1029.00,1000.00,1028.00,2658141
8-Apr-13,969.50,1002.00,962.50,990.50,3035424
5-Apr-13,973.50,985.00,950.00,961.00,1303295
4-Apr-13,949.00,985.50,947.00,969.00,1769916
3-Apr-13,966.50,971.50,944.50,952.50,1818806
2-Apr-13,979.50,992.50,950.08,966.50,2396401
28-Mar-13,1015.00,1015.00,980.00,984.00,3651489
27-Mar-13,1034.00,1038.00,1019.00,1025.00,1391531
26-Mar-13,1009.00,1030.00,1004.49,1021.00,1485997
25-Mar-13,1043.00,1043.00,1002.00,1008.00,1662549
22-Mar-13,1042.00,1055.00,1032.00,1033.00,1410426
21-Mar-13,1053.00,1060.00,1037.50,1048.00,1526585
20-Mar-13,1051.00,1062.50,1041.00,1048.00,1582315
19-Mar-13,1068.00,1070.00,1045.00,1050.00,2162251
18-Mar-13,1059.00,1074.00,1047.00,1066.00,1421955
15-Mar-13,1094.00,1097.00,1077.00,1082.00,3531049
14-Mar-13,1100.00,1104.00,1078.00,1088.00,2283943
13-Mar-13,1141.00,1150.00,1086.00,1095.00,3088328
12-Mar-13,1135.00,1157.70,1126.00,1129.00,4522083
11-Mar-13,1071.00,1105.31,1067.39,1095.00,2127847
8-Mar-13,1075.00,1079.40,1063.50,1069.00,1582936
7-Mar-13,1070.00,1086.25,1066.00,1070.00,2236425
6-Mar-13,1100.00,1100.00,1063.00,1064.00,1519111
5-Mar-13,1069.00,1097.00,1064.06,1095.00,2195654
4-Mar-13,1071.00,1072.00,1050.00,1058.00,2848576
1-Mar-13,1093.00,1093.00,1062.00,1079.00,1741419
28-Feb-13,1127.00,1130.00,1089.00,1093.00,1935349
27-Feb-13,1110.00,1119.00,1085.00,1115.00,1515932
26-Feb-13,1098.00,1115.00,1095.38,1101.00,1641534
25-Feb-13,1101.00,1126.00,1100.00,1117.00,2212940
22-Feb-13,1082.00,1101.00,1077.50,1084.00,2679539
21-Feb-13,1056.00,1071.00,1039.00,1067.00,2835875
20-Feb-13,1093.00,1097.00,1064.79,1068.00,1445558
19-Feb-13,1096.00,1102.00,1087.00,1095.00,1919551
18-Feb-13,1123.00,1125.00,1082.00,1098.00,1395500
15-Feb-13,1114.00,1138.00,1112.00,1119.00,1581816
14-Feb-13,1123.00,1135.06,1111.00,1116.00,1230152
13-Feb-13,1123.00,1141.00,1122.00,1122.00,1234477
12-Feb-13,1128.00,1132.24,1114.00,1121.00,1423083
11-Feb-13,1130.00,1146.00,1127.00,1133.00,839562
8-Feb-13,1152.00,1168.00,1129.00,1132.00,1642948
7-Feb-13,1125.00,1134.00,1113.50,1124.00,1537435
6-Feb-13,1117.00,1138.23,1117.00,1131.00,1572974
5-Feb-13,1126.00,1133.00,1110.00,1113.00,1812445
4-Feb-13,1155.00,1155.00,1106.00,1127.00,1779155
1-Feb-13,1143.00,1168.00,1143.00,1159.00,1397939
31-Jan-13,1118.00,1170.00,1084.00,1142.00,3004563
30-Jan-13,1260.00,1260.00,1160.00,1169.00,5028067
29-Jan-13,1253.00,1282.00,1249.00,1275.00,1468387
28-Jan-13,1261.00,1270.00,1254.00,1259.00,903439
25-Jan-13,1269.00,1277.50,1247.00,1257.00,1379028
24-Jan-13,1265.00,1281.00,1264.00,1275.00,849373
23-Jan-13,1265.00,1274.00,1265.00,1269.00,969696
22-Jan-13,1263.00,1269.00,1249.00,1264.00,1227231
21-Jan-13,1277.00,1281.00,1259.00,1264.00,1288778
18-Jan-13,1294.00,1306.00,1265.05,1270.00,1156295
17-Jan-13,1279.00,1299.00,1269.00,1281.00,1410417
16-Jan-13,1299.00,1307.00,1273.00,1289.00,1135541
15-Jan-13,1289.00,1314.00,1285.00,1297.00,735907
14-Jan-13,1303.00,1320.00,1294.00,1297.00,893970
11-Jan-13,1322.00,1328.00,1291.00,1303.00,1512072
10-Jan-13,1309.00,1334.00,1309.00,1322.00,2000910
9-Jan-13,1288.00,1311.00,1271.00,1311.00,2178385
8-Jan-13,1317.00,1319.00,1285.00,1288.00,1843414
7-Jan-13,1338.00,1342.00,1320.00,1322.00,892710
4-Jan-13,1363.00,1366.92,1338.00,1343.00,1399697
3-Jan-13,1379.00,1385.00,1359.00,1370.00,810200
2-Jan-13,1368.00,1392.00,1359.00,1381.00,1448993
