31-Dec-15,3731.00,3731.00,3660.44,3688.00,92915
30-Dec-15,3693.00,3719.00,3666.00,3706.00,212959
29-Dec-15,3646.00,3722.00,3602.31,3711.00,270074
24-Dec-15,3702.00,3702.00,3604.00,3613.00,86220
23-Dec-15,3700.00,3701.00,3621.00,3678.00,320903
22-Dec-15,3581.00,3667.00,3580.00,3666.00,458169
21-Dec-15,3553.00,3667.00,3536.70,3559.00,381451
18-Dec-15,3575.00,3589.00,3532.00,3554.00,449444
16-Dec-15,3735.00,3788.00,3727.00,3757.00,761827
15-Dec-15,3533.00,3734.00,3503.00,3725.00,711841
14-Dec-15,3513.00,3577.55,3499.00,3521.00,428686
11-Dec-15,3546.00,3568.00,3490.36,3498.00,443568
10-Dec-15,3541.00,3586.00,3517.00,3557.00,326416
9-Dec-15,3599.00,3610.00,3549.00,3556.00,587669
8-Dec-15,3600.00,3628.00,3571.00,3600.00,495279
7-Dec-15,3650.00,3676.00,3572.00,3600.00,516555
4-Dec-15,3502.00,3690.00,3485.00,3602.00,1533266
3-Dec-15,3316.00,3395.80,3311.00,3352.00,638041
2-Dec-15,3300.00,3329.00,3294.00,3311.00,276192
1-Dec-15,3235.00,3293.00,3220.56,3280.00,404029
30-Nov-15,3133.00,3215.00,3104.40,3211.00,462366
27-Nov-15,3106.00,3143.00,3090.00,3135.00,183891
26-Nov-15,3092.00,3120.50,3052.00,3116.00,262480
25-Nov-15,3076.00,3200.00,3013.00,3077.00,716047
24-Nov-15,3069.00,3081.00,2994.00,3040.00,333417
23-Nov-15,3063.00,3081.00,3044.00,3068.00,232144
20-Nov-15,3111.00,3117.38,3069.00,3080.00,316949
19-Nov-15,3150.00,3150.00,3063.00,3093.00,417005
18-Nov-15,3138.00,3147.00,3099.00,3139.00,201746
17-Nov-15,3093.00,3153.00,3093.00,3141.00,225283
16-Nov-15,3006.00,3082.00,2985.06,3069.00,358741
13-Nov-15,3088.00,3115.00,3026.00,3040.00,387353
12-Nov-15,3119.00,3142.00,3078.00,3095.00,340791
11-Nov-15,3135.00,3141.76,3087.00,3115.00,546504
10-Nov-15,3116.00,3172.28,3108.00,3132.00,597210
9-Nov-15,3114.00,3131.00,3042.00,3096.00,428847
6-Nov-15,3135.00,3192.00,3098.00,3109.00,470572
5-Nov-15,3105.00,3180.00,3094.40,3148.00,503270
4-Nov-15,3195.00,3195.55,3026.00,3092.00,829708
3-Nov-15,3298.00,3311.24,3184.00,3196.00,281716
2-Nov-15,3293.00,3353.00,3289.54,3305.00,324132
30-Oct-15,3300.00,3337.00,3298.00,3318.00,246737
29-Oct-15,3318.00,3336.00,3276.00,3290.00,355976
28-Oct-15,3288.00,3337.00,3282.00,3316.00,288937
27-Oct-15,3307.00,3317.00,3278.00,3278.00,218528
26-Oct-15,3280.00,3316.00,3248.00,3300.00,267151
23-Oct-15,3244.00,3308.00,3236.00,3268.00,311173
22-Oct-15,3234.00,3259.00,3198.00,3225.00,303456
21-Oct-15,3265.00,3273.12,3234.00,3252.00,202514
20-Oct-15,3231.00,3277.00,3221.00,3254.00,326219
19-Oct-15,3191.00,3230.00,3183.00,3220.00,319650
16-Oct-15,3234.00,3248.00,3144.00,3193.00,571098
15-Oct-15,3196.00,3246.00,3171.00,3228.00,339867
14-Oct-15,3230.00,3241.00,3162.00,3176.00,299521
13-Oct-15,3220.00,3273.00,3219.00,3256.00,323461
12-Oct-15,3251.00,3263.00,3174.36,3210.00,466894
9-Oct-15,3335.00,3378.00,3234.51,3256.00,354301
8-Oct-15,3298.00,3337.59,3295.00,3319.00,267070
7-Oct-15,3426.00,3431.00,3286.00,3295.00,497823
6-Oct-15,3393.00,3440.00,3371.00,3408.00,393673
5-Oct-15,3369.00,3387.00,3358.00,3374.00,378266
2-Oct-15,3387.00,3428.00,3290.00,3328.00,406438
1-Oct-15,3383.00,3413.00,3363.00,3378.00,613194
30-Sep-15,3398.00,3410.00,3327.00,3340.00,495970
29-Sep-15,3415.00,3458.00,3335.00,3335.00,642786
28-Sep-15,3443.00,3506.00,3443.00,3460.00,453570
25-Sep-15,3477.00,3479.20,3426.00,3460.00,314865
24-Sep-15,3396.00,3438.00,3381.00,3423.00,360151
23-Sep-15,3322.00,3419.00,3294.72,3408.00,398598
22-Sep-15,3414.00,3415.70,3315.30,3317.00,442177
21-Sep-15,3394.00,3471.00,3394.00,3419.00,404099
18-Sep-15,3488.00,3491.00,3371.00,3395.00,3360883
17-Sep-15,3478.00,3495.00,3434.00,3477.00,360470
16-Sep-15,3500.00,3531.00,3452.00,3462.00,360995
15-Sep-15,3505.00,3512.00,3445.00,3476.94,355148
14-Sep-15,3483.00,3520.00,3446.91,3495.00,440759
11-Sep-15,3489.00,3496.00,3421.00,3470.00,324854
10-Sep-15,3452.00,3507.00,3430.96,3480.00,496776
9-Sep-15,3523.00,3524.00,3438.00,3478.00,385399
8-Sep-15,3416.00,3481.00,3375.00,3455.00,416756
7-Sep-15,3431.00,3442.04,3356.00,3380.00,246211
4-Sep-15,3410.00,3432.00,3378.00,3399.00,479218
3-Sep-15,3359.00,3461.00,3338.00,3430.00,458377
2-Sep-15,3297.00,3373.00,3276.72,3359.00,617044
1-Sep-15,3374.00,3374.00,3224.00,3284.00,530868
28-Aug-15,3325.00,3372.00,3296.00,3372.00,379470
27-Aug-15,3304.00,3347.00,3288.00,3324.00,487437
26-Aug-15,3263.00,3294.00,3201.00,3234.00,666309
25-Aug-15,3175.00,3306.00,3164.00,3302.00,635626
24-Aug-15,3237.00,3255.00,3068.00,3140.00,771725
21-Aug-15,3392.00,3425.00,3316.00,3316.00,389905
20-Aug-15,3435.00,3475.00,3418.00,3439.00,403614
19-Aug-15,3455.00,3491.00,3424.00,3460.00,426015
18-Aug-15,3453.00,3495.00,3407.00,3459.00,382641
17-Aug-15,3460.00,3465.00,3414.00,3456.00,384756
14-Aug-15,3428.00,3449.96,3400.52,3442.00,307091
13-Aug-15,3408.00,3450.00,3396.00,3417.00,407606
12-Aug-15,3515.00,3540.00,3447.00,3476.00,652084
11-Aug-15,3529.00,3552.00,3498.00,3540.00,531307
10-Aug-15,3502.00,3570.00,3483.00,3532.00,674432
7-Aug-15,3459.00,3509.00,3414.00,3484.00,532446
6-Aug-15,3392.00,3474.00,3356.00,3466.00,524547
5-Aug-15,3376.00,3399.00,3355.00,3391.00,251963
4-Aug-15,3351.00,3392.00,3329.00,3368.00,342180
3-Aug-15,3358.00,3370.00,3307.00,3341.00,295780
31-Jul-15,3319.00,3400.00,3296.70,3369.00,443544
30-Jul-15,3274.00,3303.00,3253.00,3298.00,361093
29-Jul-15,3287.00,3301.00,3232.00,3273.00,469773
28-Jul-15,3257.00,3283.22,3239.00,3260.00,409413
27-Jul-15,3253.00,3281.00,3207.00,3244.00,272152
24-Jul-15,3312.00,3329.00,3263.00,3269.00,264283
23-Jul-15,3287.00,3315.36,3257.84,3311.00,478678
22-Jul-15,3223.00,3255.58,3204.41,3232.67,357367
21-Jul-15,3294.00,3309.00,3217.00,3233.00,453934
20-Jul-15,3255.00,3305.00,3254.00,3289.00,192913
17-Jul-15,3324.00,3324.00,3240.00,3252.00,373290
16-Jul-15,3313.00,3354.00,3300.00,3318.00,255410
15-Jul-15,3268.00,3322.58,3247.89,3284.00,437932
14-Jul-15,3353.00,3353.00,3234.00,3268.00,479978
13-Jul-15,3328.00,3361.37,3297.00,3351.00,379838
10-Jul-15,3284.00,3298.00,3243.00,3279.00,437966
9-Jul-15,3128.00,3274.00,3105.30,3224.00,686353
8-Jul-15,3335.00,3358.00,3066.00,3101.00,991122
7-Jul-15,3405.00,3422.00,3319.00,3376.50,584318
6-Jul-15,3363.00,3440.00,3351.85,3395.00,403628
3-Jul-15,3382.00,3403.00,3369.00,3391.00,276880
2-Jul-15,3373.00,3412.00,3361.00,3393.00,386123
1-Jul-15,3388.00,3447.00,3382.00,3392.00,524897
30-Jun-15,3315.00,3374.00,3291.00,3346.00,683030
29-Jun-15,3283.00,3339.00,3271.00,3313.00,516027
26-Jun-15,3360.00,3375.00,3341.00,3362.00,345764
25-Jun-15,3306.00,3407.00,3305.00,3389.00,593016
24-Jun-15,3386.00,3395.13,3294.00,3306.00,676307
23-Jun-15,3468.00,3472.00,3380.00,3395.00,425640
22-Jun-15,3435.00,3463.58,3417.00,3451.00,418899
19-Jun-15,3377.00,3420.00,3360.05,3405.00,700011
18-Jun-15,3421.00,3441.70,3365.00,3376.00,928825
17-Jun-15,3375.00,3516.00,3351.00,3481.00,1394622
16-Jun-15,3121.00,3158.00,3105.00,3158.00,333823
15-Jun-15,3144.00,3160.00,3102.00,3114.00,382324
12-Jun-15,3152.00,3178.00,3144.00,3155.00,321553
11-Jun-15,3129.00,3177.00,3114.00,3172.00,249100
10-Jun-15,3074.00,3144.00,3064.31,3100.00,461273
9-Jun-15,3073.00,3083.00,3032.00,3066.00,311601
8-Jun-15,3087.00,3097.00,3063.09,3072.00,321285
5-Jun-15,3110.00,3127.00,3031.45,3074.00,505828
4-Jun-15,3150.00,3167.00,3104.00,3127.00,470867
3-Jun-15,3146.00,3198.00,3138.00,3164.00,394014
2-Jun-15,3159.00,3163.00,3120.00,3133.00,459371
1-Jun-15,3115.00,3151.00,3109.12,3134.00,422958
29-May-15,3089.00,3149.00,3071.00,3094.00,522460
28-May-15,3054.00,3094.74,3054.00,3090.00,611176
27-May-15,3039.00,3096.00,3027.16,3071.00,406475
26-May-15,3033.00,3087.00,3002.00,3049.00,505902
22-May-15,2988.00,3059.00,2981.00,3034.00,346476
21-May-15,2980.00,3004.00,2967.00,2985.00,253992
20-May-15,2980.00,3000.00,2951.00,2996.00,335732
19-May-15,2918.00,2982.00,2918.00,2967.40,396880
18-May-15,2886.00,2933.00,2883.00,2922.00,260090
15-May-15,2890.00,2915.00,2874.00,2892.00,404340
14-May-15,2817.00,2898.00,2795.00,2886.00,772299
13-May-15,2742.00,2814.00,2736.94,2813.00,499474
12-May-15,2725.00,2748.00,2718.00,2733.00,733791
11-May-15,2714.00,2752.00,2708.00,2750.00,820454
8-May-15,2800.00,2850.00,2688.00,2737.00,2448902
7-May-15,2472.00,2496.00,2431.00,2491.00,401208
6-May-15,2497.00,2509.00,2465.00,2481.00,457987
5-May-15,2590.00,2590.00,2489.00,2490.00,552620
1-May-15,2527.00,2545.00,2482.00,2532.00,280890
30-Apr-15,2493.00,2588.51,2467.22,2485.15,718666
29-Apr-15,2517.00,2549.00,2481.00,2504.50,493297
28-Apr-15,2626.00,2641.00,2496.05,2512.00,905625
27-Apr-15,2656.00,2672.00,2601.00,2625.00,333946
24-Apr-15,2626.00,2649.00,2622.00,2639.00,310022
23-Apr-15,2641.00,2662.00,2597.54,2619.00,531326
22-Apr-15,2693.00,2703.00,2629.00,2646.00,392576
21-Apr-15,2679.00,2705.00,2667.74,2689.00,341472
20-Apr-15,2676.00,2692.00,2656.00,2665.00,267196
17-Apr-15,2676.00,2697.00,2638.00,2661.00,371985
16-Apr-15,2707.00,2715.00,2661.00,2673.00,421668
15-Apr-15,2719.00,2719.00,2673.00,2702.00,515189
14-Apr-15,2728.00,2739.24,2699.00,2711.00,412090
13-Apr-15,2735.00,2739.00,2702.00,2735.00,580527
10-Apr-15,2720.00,2759.37,2710.48,2746.00,495187
9-Apr-15,2680.00,2718.00,2664.00,2710.00,395690
8-Apr-15,2664.00,2676.75,2607.00,2663.00,335581
7-Apr-15,2660.00,2679.00,2644.13,2676.00,297055
2-Apr-15,2637.00,2653.46,2624.28,2644.00,189544
1-Apr-15,2629.00,2648.00,2596.25,2626.00,503122
31-Mar-15,2650.00,2680.00,2619.00,2639.00,441257
30-Mar-15,2672.00,2701.00,2617.00,2649.00,461759
27-Mar-15,2682.00,2714.00,2669.00,2673.00,347702
26-Mar-15,2688.00,2697.75,2651.00,2680.00,276268
25-Mar-15,2719.00,2755.00,2698.00,2714.00,429425
24-Mar-15,2665.00,2721.20,2658.00,2713.00,520630
23-Mar-15,2667.00,2668.00,2629.00,2655.63,254090
20-Mar-15,2625.00,2693.00,2625.00,2660.00,672322
19-Mar-15,2596.00,2627.60,2596.00,2622.00,403486
18-Mar-15,2594.00,2614.04,2573.00,2593.00,387771
17-Mar-15,2590.00,2607.00,2574.00,2594.00,358981
16-Mar-15,2649.00,2649.00,2589.00,2592.00,376007
13-Mar-15,2629.00,2643.00,2612.00,2634.00,306547
12-Mar-15,2587.00,2633.00,2578.20,2615.00,312697
11-Mar-15,2568.00,2595.00,2545.00,2585.00,303864
10-Mar-15,2622.00,2652.00,2572.00,2573.00,292963
9-Mar-15,2642.00,2658.00,2612.40,2633.00,253180
6-Mar-15,2699.00,2705.00,2642.00,2648.00,482622
5-Mar-15,2653.00,2706.00,2640.00,2692.00,461297
4-Mar-15,2650.00,2668.50,2614.00,2639.00,322954
3-Mar-15,2717.00,2720.00,2650.00,2654.00,381188
2-Mar-15,2607.00,2657.00,2607.00,2655.00,361802
27-Feb-15,2613.00,2627.08,2597.00,2617.00,256143
26-Feb-15,2570.00,2626.00,2567.00,2626.00,308374
25-Feb-15,2570.00,2590.00,2567.00,2585.00,198279
24-Feb-15,2616.00,2625.00,2563.00,2582.00,311233
23-Feb-15,2597.00,2621.00,2577.12,2619.00,354424
20-Feb-15,2566.00,2587.00,2545.00,2568.00,285673
19-Feb-15,2558.00,2587.00,2551.00,2571.00,249098
18-Feb-15,2568.00,2584.00,2542.00,2557.00,344883
17-Feb-15,2539.00,2552.00,2510.00,2544.00,447478
16-Feb-15,2519.00,2540.00,2503.00,2540.00,153243
13-Feb-15,2575.00,2611.00,2506.00,2516.00,443016
12-Feb-15,2509.00,2556.00,2497.00,2552.00,405746
11-Feb-15,2492.00,2543.00,2484.00,2509.00,376936
10-Feb-15,2481.00,2492.76,2461.00,2486.00,558118
9-Feb-15,2508.00,2527.00,2471.00,2486.00,462703
6-Feb-15,2502.00,2535.00,2475.00,2531.00,546241
5-Feb-15,2454.00,2494.00,2449.00,2484.00,384342
4-Feb-15,2441.00,2478.00,2408.00,2478.00,504143
3-Feb-15,2417.00,2450.00,2413.00,2446.00,297615
2-Feb-15,2421.00,2453.00,2401.00,2417.00,334627
30-Jan-15,2437.00,2472.00,2419.00,2423.00,426733
29-Jan-15,2395.00,2434.00,2391.45,2434.00,232916
28-Jan-15,2390.00,2411.40,2378.00,2411.00,354043
27-Jan-15,2403.00,2413.00,2356.00,2376.00,443769
26-Jan-15,2413.00,2420.00,2369.00,2395.00,407609
23-Jan-15,2387.00,2387.00,2322.00,2356.00,313533
22-Jan-15,2340.00,2383.00,2340.00,2357.00,463890
21-Jan-15,2287.00,2334.00,2264.00,2333.00,623548
20-Jan-15,2352.00,2358.25,2281.00,2285.00,510008
19-Jan-15,2306.00,2356.00,2296.00,2344.00,357500
16-Jan-15,2329.00,2338.00,2288.00,2309.00,311434
15-Jan-15,2351.00,2354.00,2285.00,2337.00,476890
14-Jan-15,2323.00,2352.00,2301.00,2335.00,547635
13-Jan-15,2306.00,2367.00,2302.92,2356.00,426886
12-Jan-15,2342.00,2373.00,2305.00,2314.00,695591
9-Jan-15,2428.00,2429.00,2315.02,2345.00,583730
8-Jan-15,2464.00,2475.00,2412.00,2450.00,342725
7-Jan-15,2464.00,2494.00,2435.00,2446.00,478647
6-Jan-15,2473.00,2473.00,2413.30,2440.00,502182
5-Jan-15,2463.00,2519.00,2448.00,2465.00,481826
31-Dec-14,2529.00,2529.00,2457.80,2480.00,164822
30-Dec-14,2500.00,2587.66,2462.00,2487.00,280108
29-Dec-14,2520.00,2520.00,2474.37,2516.00,174271
24-Dec-14,2499.00,2539.00,2473.00,2501.00,86328
23-Dec-14,2495.00,2502.93,2448.98,2490.00,297358
22-Dec-14,2490.00,2496.13,2461.72,2489.00,255624
19-Dec-14,2465.00,2492.00,2434.00,2487.00,701772
18-Dec-14,2451.00,2470.00,2389.00,2433.00,611317
17-Dec-14,2504.00,2563.00,2456.42,2501.00,564517
16-Dec-14,2452.00,2516.00,2414.00,2514.00,669408
15-Dec-14,2476.00,2495.00,2452.00,2453.00,375905
12-Dec-14,2501.00,2514.00,2439.00,2480.00,491640
11-Dec-14,2545.00,2559.00,2505.00,2511.00,435559
10-Dec-14,2525.00,2588.00,2510.00,2545.00,471700
9-Dec-14,2563.00,2571.00,2508.00,2526.00,445167
8-Dec-14,2595.00,2607.00,2568.00,2580.00,276361
5-Dec-14,2540.00,2667.00,2540.00,2596.00,713959
4-Dec-14,2459.00,2543.00,2458.00,2505.00,579597
3-Dec-14,2538.00,2594.00,2459.00,2468.00,999141
2-Dec-14,2533.00,2552.00,2519.00,2544.00,335446
1-Dec-14,2557.00,2565.25,2513.00,2532.00,642633
28-Nov-14,2567.00,2595.36,2549.84,2567.00,575996
27-Nov-14,2504.00,2573.00,2467.75,2565.00,440649
26-Nov-14,2498.00,2515.06,2492.88,2504.00,362646
25-Nov-14,2459.00,2495.00,2454.00,2492.00,404428
24-Nov-14,2445.00,2462.00,2410.71,2459.00,260341
21-Nov-14,2384.00,2477.00,2384.00,2432.00,402058
20-Nov-14,2359.00,2388.00,2354.84,2384.00,230361
19-Nov-14,2378.00,2378.00,2356.00,2362.00,251916
18-Nov-14,2369.00,2374.78,2350.00,2374.00,199183
17-Nov-14,2346.00,2371.00,2333.78,2365.00,190792
14-Nov-14,2339.00,2366.00,2323.00,2360.00,497973
13-Nov-14,2309.00,2328.00,2295.00,2324.00,273587
12-Nov-14,2285.00,2304.10,2271.80,2294.00,394438
11-Nov-14,2283.00,2301.00,2276.00,2292.00,193690
10-Nov-14,2232.00,2287.00,2227.55,2284.25,291214
7-Nov-14,2262.00,2262.00,2196.00,2228.00,455421
6-Nov-14,2246.00,2249.16,2217.00,2245.00,237785
5-Nov-14,2272.00,2280.00,2244.00,2248.00,193652
4-Nov-14,2256.00,2294.43,2246.00,2256.00,242029
3-Nov-14,2268.00,2287.00,2246.00,2256.00,215220
31-Oct-14,2306.00,2317.00,2249.00,2280.00,350621
30-Oct-14,2249.00,2283.00,2229.00,2277.00,296531
29-Oct-14,2244.00,2260.00,2226.00,2238.00,224865
28-Oct-14,2250.00,2269.00,2221.00,2236.00,292957
27-Oct-14,2246.00,2266.00,2221.00,2236.00,461815
24-Oct-14,2250.00,2295.00,2242.00,2257.00,443334
23-Oct-14,2260.00,2267.00,2211.00,2251.00,656750
22-Oct-14,2278.00,2325.00,2271.80,2300.00,560851
21-Oct-14,2206.00,2275.00,2203.00,2273.00,505355
20-Oct-14,2185.00,2213.78,2176.00,2208.00,373776
17-Oct-14,2165.00,2216.00,2145.00,2183.00,472410
16-Oct-14,2121.00,2164.00,2068.57,2157.00,759731
15-Oct-14,2104.00,2126.00,2076.00,2102.00,840315
14-Oct-14,2060.00,2105.24,2047.00,2100.00,834078
13-Oct-14,2051.00,2073.17,2033.00,2061.00,590722
10-Oct-14,2093.00,2096.00,2042.32,2063.00,863863
9-Oct-14,2189.00,2196.00,2113.00,2115.00,371238
8-Oct-14,2209.00,2216.93,2148.22,2157.00,378949
7-Oct-14,2233.00,2241.00,2208.00,2217.00,235717
6-Oct-14,2260.00,2267.26,2229.00,2239.00,228038
3-Oct-14,2200.00,2253.00,2191.60,2243.00,321470
2-Oct-14,2230.00,2248.00,2191.63,2192.00,353544
1-Oct-14,2255.00,2264.23,2214.00,2224.00,195023
30-Sep-14,2281.00,2285.12,2233.00,2250.00,257066
29-Sep-14,2257.00,2280.00,2247.00,2262.14,246734
26-Sep-14,2269.00,2275.60,2196.00,2258.00,452629
25-Sep-14,2329.00,2330.00,2246.58,2265.00,264816
24-Sep-14,2330.00,2330.40,2308.00,2320.00,306488
23-Sep-14,2374.00,2374.00,2314.45,2326.00,331343
22-Sep-14,2370.00,2379.00,2349.75,2370.00,325077
19-Sep-14,2375.00,2401.00,2369.00,2377.00,574783
18-Sep-14,2359.00,2372.00,2350.00,2370.00,341696
17-Sep-14,2365.00,2380.00,2332.00,2357.00,245857
16-Sep-14,2365.00,2365.00,2331.55,2343.00,291225
15-Sep-14,2349.00,2376.00,2349.00,2360.00,248638
12-Sep-14,2347.00,2388.00,2342.00,2365.00,268038
11-Sep-14,2385.00,2400.00,2338.00,2345.00,265989
10-Sep-14,2393.00,2393.00,2345.50,2367.00,291289
9-Sep-14,2323.00,2379.00,2312.00,2376.00,222325
8-Sep-14,2368.00,2378.00,2300.20,2327.00,271563
5-Sep-14,2383.00,2401.00,2369.00,2376.00,198896
4-Sep-14,2387.00,2466.00,2366.00,2383.00,302728
3-Sep-14,2395.00,2410.06,2381.00,2397.00,232684
2-Sep-14,2420.00,2420.00,2366.00,2391.00,265314
1-Sep-14,2389.00,2415.00,2386.00,2400.00,251579
29-Aug-14,2431.00,2474.00,2377.00,2398.00,439626
28-Aug-14,2451.00,2460.00,2406.00,2430.00,245623
27-Aug-14,2487.00,2491.00,2454.00,2460.00,277047
26-Aug-14,2499.00,2536.00,2481.00,2484.00,174910
22-Aug-14,2474.00,2500.00,2453.00,2477.00,175674
21-Aug-14,2409.00,2480.00,2409.00,2479.00,261599
20-Aug-14,2519.00,2519.00,2386.00,2426.00,448625
19-Aug-14,2550.00,2587.00,2537.00,2583.00,381487
18-Aug-14,2549.00,2553.33,2493.00,2539.00,352684
15-Aug-14,2542.00,2552.00,2525.00,2531.00,248595
14-Aug-14,2481.00,2531.00,2469.00,2526.00,221053
13-Aug-14,2484.00,2495.00,2427.00,2492.00,259688
12-Aug-14,2473.00,2493.00,2447.00,2462.00,166803
11-Aug-14,2424.00,2470.00,2408.00,2466.00,217081
8-Aug-14,2383.00,2411.00,2356.00,2397.00,209500
7-Aug-14,2372.00,2433.70,2362.00,2401.00,292808
6-Aug-14,2372.00,2384.00,2317.00,2379.00,284439
5-Aug-14,2444.00,2444.00,2361.00,2380.00,245722
4-Aug-14,2459.00,2459.00,2408.00,2426.00,169962
1-Aug-14,2450.00,2451.00,2395.00,2445.00,323205
31-Jul-14,2486.00,2486.10,2422.00,2451.00,318320
30-Jul-14,2510.00,2518.00,2468.00,2480.00,239322
29-Jul-14,2476.00,2501.00,2476.00,2499.00,159235
28-Jul-14,2509.00,2510.94,2464.00,2476.00,156752
25-Jul-14,2500.00,2526.00,2499.00,2505.00,355226
24-Jul-14,2495.00,2537.00,2473.00,2512.00,234251
23-Jul-14,2472.00,2505.70,2458.50,2501.00,276059
22-Jul-14,2421.00,2477.00,2410.00,2474.00,215335
21-Jul-14,2475.00,2476.00,2389.00,2400.00,297069
18-Jul-14,2418.00,2478.00,2375.00,2457.00,589538
17-Jul-14,2419.00,2443.00,2404.00,2427.00,214688
16-Jul-14,2389.00,2451.00,2372.00,2439.00,250665
15-Jul-14,2393.00,2415.00,2363.00,2376.00,269403
14-Jul-14,2385.00,2419.00,2377.00,2400.00,214514
11-Jul-14,2354.00,2407.00,2346.00,2381.00,300923
10-Jul-14,2391.00,2413.00,2317.00,2351.00,495939
9-Jul-14,2385.00,2387.44,2337.00,2382.00,406664
8-Jul-14,2422.00,2428.48,2360.00,2379.00,562033
7-Jul-14,2494.00,2502.00,2415.00,2420.00,412797
4-Jul-14,2514.00,2515.00,2481.50,2490.00,211066
3-Jul-14,2466.00,2522.00,2454.00,2505.00,330224
2-Jul-14,2439.00,2499.00,2439.00,2467.00,293559
1-Jul-14,2427.00,2450.00,2416.00,2435.00,281105
30-Jun-14,2442.00,2442.00,2387.00,2418.00,454935
27-Jun-14,2361.00,2454.18,2361.00,2424.00,415075
26-Jun-14,2289.00,2403.00,2266.00,2360.00,443158
25-Jun-14,2274.00,2317.00,2260.00,2288.00,247356
24-Jun-14,2304.00,2308.52,2254.00,2282.00,355414
23-Jun-14,2317.00,2333.12,2275.00,2300.00,265271
20-Jun-14,2399.00,2399.00,2310.00,2320.00,714631
19-Jun-14,2271.00,2335.00,2267.00,2316.00,677965
18-Jun-14,2290.00,2292.66,2140.00,2238.00,862826
17-Jun-14,2270.00,2296.62,2253.00,2261.00,337185
16-Jun-14,2288.00,2298.00,2208.90,2269.00,403251
13-Jun-14,2363.00,2364.00,2229.00,2282.00,558695
12-Jun-14,2399.00,2408.00,2366.45,2384.00,187111
11-Jun-14,2428.00,2442.00,2376.00,2403.00,265673
10-Jun-14,2378.00,2434.00,2372.00,2433.00,188435
9-Jun-14,2384.00,2410.00,2367.00,2380.00,252121
6-Jun-14,2276.00,2376.00,2257.00,2376.00,438833
5-Jun-14,2263.00,2312.00,2252.00,2265.00,316376
4-Jun-14,2287.00,2298.00,2246.00,2263.00,261305
3-Jun-14,2300.00,2304.00,2274.00,2289.00,202921
2-Jun-14,2271.00,2332.00,2255.53,2300.00,313630
30-May-14,2245.00,2266.00,2226.00,2255.00,335307
29-May-14,2309.00,2309.00,2222.00,2238.00,166499
28-May-14,2278.00,2305.00,2271.00,2300.12,212772
27-May-14,2261.00,2300.60,2261.00,2276.00,193466
23-May-14,2260.00,2279.00,2253.00,2259.00,185797
22-May-14,2253.00,2276.28,2246.00,2260.00,136870
21-May-14,2252.00,2252.00,2199.30,2249.00,416496
20-May-14,2198.00,2257.00,2198.00,2245.00,291249
19-May-14,2212.00,2221.00,2166.00,2193.00,422663
16-May-14,2227.00,2228.00,2173.00,2211.00,441976
15-May-14,2315.00,2325.00,2206.00,2217.00,384218
14-May-14,2400.00,2400.00,2305.00,2309.00,295362
13-May-14,2400.00,2409.00,2364.00,2400.00,181811
12-May-14,2400.00,2409.00,2352.00,2360.00,179402
9-May-14,2390.00,2395.00,2349.31,2382.00,282849
8-May-14,2375.00,2393.00,2371.61,2387.00,154026
7-May-14,2390.00,2401.00,2370.00,2375.00,296714
6-May-14,2409.00,2472.00,2380.00,2393.00,404897
2-May-14,2360.00,2448.00,2351.00,2412.00,562699
1-May-14,2285.00,2352.28,2285.00,2344.00,174823
30-Apr-14,2278.00,2312.00,2257.00,2294.00,380965
29-Apr-14,2268.00,2294.00,2258.00,2279.00,210636
28-Apr-14,2302.00,2326.00,2240.00,2254.00,283503
25-Apr-14,2343.00,2380.97,2293.00,2307.00,327129
24-Apr-14,2400.00,2403.30,2342.00,2357.00,226234
23-Apr-14,2447.00,2466.12,2372.00,2379.00,217586
22-Apr-14,2420.00,2490.00,2420.00,2454.00,371877
17-Apr-14,2338.00,2434.00,2338.00,2418.00,261682
16-Apr-14,2368.00,2385.00,2343.00,2352.00,209489
15-Apr-14,2352.00,2402.00,2330.00,2340.00,304648
14-Apr-14,2381.00,2383.20,2309.85,2355.00,271065
11-Apr-14,2456.00,2461.65,2381.00,2387.00,262629
10-Apr-14,2495.00,2502.20,2447.00,2477.00,215374
9-Apr-14,2412.00,2500.00,2390.00,2484.00,337012
8-Apr-14,2481.00,2503.55,2372.82,2400.00,337640
7-Apr-14,2560.00,2566.00,2473.00,2484.00,364920
4-Apr-14,2580.00,2586.70,2550.00,2573.30,187983
3-Apr-14,2620.00,2632.00,2572.00,2575.00,281104
2-Apr-14,2647.00,2661.00,2626.00,2628.00,168923
1-Apr-14,2623.00,2647.06,2613.00,2646.00,207937
31-Mar-14,2622.00,2663.00,2608.00,2620.00,242546
28-Mar-14,2593.00,2619.00,2587.00,2609.00,192453
27-Mar-14,2593.00,2622.00,2582.00,2582.00,153979
26-Mar-14,2632.00,2655.00,2616.00,2628.00,287642
25-Mar-14,2575.00,2618.20,2575.00,2607.00,251377
24-Mar-14,2535.00,2586.00,2535.00,2569.00,378047
21-Mar-14,2632.00,2647.00,2535.75,2536.00,1678535
20-Mar-14,2671.00,2681.00,2613.00,2640.00,294510
19-Mar-14,2722.00,2748.00,2680.00,2691.00,249814
18-Mar-14,2592.00,2732.52,2592.00,2714.00,386551
17-Mar-14,2701.00,2756.00,2650.00,2652.00,517441
14-Mar-14,2562.00,2649.00,2545.00,2642.00,313085
13-Mar-14,2618.00,2618.00,2570.00,2585.00,233730
12-Mar-14,2590.00,2621.00,2571.00,2608.00,208161
11-Mar-14,2632.00,2650.00,2516.00,2596.00,481827
10-Mar-14,2686.00,2704.00,2604.00,2640.00,254395
7-Mar-14,2716.00,2726.00,2670.00,2688.00,158258
6-Mar-14,2738.00,2774.00,2685.00,2712.00,288361
5-Mar-14,2719.00,2719.00,2665.00,2712.00,221028
4-Mar-14,2713.00,2725.00,2674.00,2715.00,313442
3-Mar-14,2701.00,2702.00,2662.00,2668.00,227430
28-Feb-14,2734.00,2776.00,2721.00,2741.00,273488
27-Feb-14,2708.00,2752.00,2685.00,2746.00,242062
26-Feb-14,2751.00,2751.00,2664.00,2700.00,267897
25-Feb-14,2800.00,2803.00,2721.00,2743.00,357670
24-Feb-14,2735.00,2808.00,2718.00,2740.64,279656
21-Feb-14,2720.00,2759.00,2716.00,2737.42,186885
20-Feb-14,2663.00,2715.00,2644.00,2709.00,178123
19-Feb-14,2692.00,2719.00,2675.00,2691.00,175024
18-Feb-14,2669.00,2693.00,2631.00,2686.00,227448
17-Feb-14,2621.00,2684.00,2608.00,2673.00,158969
14-Feb-14,2594.00,2636.00,2594.00,2614.00,113230
13-Feb-14,2624.00,2636.00,2581.00,2601.00,178953
12-Feb-14,2630.00,2639.00,2597.00,2636.00,196893
11-Feb-14,2634.00,2653.00,2609.00,2626.00,223521
10-Feb-14,2570.00,2627.00,2570.00,2609.00,261483
7-Feb-14,2550.00,2598.00,2550.00,2573.00,163694
6-Feb-14,2535.00,2586.00,2519.00,2551.00,271089
5-Feb-14,2469.00,2527.00,2469.00,2512.00,250008
4-Feb-14,2500.00,2530.00,2451.00,2484.00,380370
3-Feb-14,2581.00,2612.00,2543.00,2547.00,190590
31-Jan-14,2573.00,2648.00,2541.00,2587.00,196592
30-Jan-14,2563.00,2604.00,2559.00,2583.00,194812
29-Jan-14,2603.00,2630.00,2548.00,2569.00,324606
28-Jan-14,2514.00,2618.00,2514.00,2568.00,247639
27-Jan-14,2533.00,2570.00,2448.00,2510.00,236212
24-Jan-14,2585.00,2617.00,2518.00,2538.00,223324
23-Jan-14,2612.00,2617.00,2568.00,2581.00,172672
22-Jan-14,2653.00,2665.00,2619.00,2623.00,146199
21-Jan-14,2636.00,2650.00,2622.00,2641.00,151632
20-Jan-14,2649.00,2665.00,2626.00,2635.00,226676
17-Jan-14,2626.00,2667.00,2621.00,2651.00,145974
16-Jan-14,2670.00,2689.00,2610.00,2637.00,207438
15-Jan-14,2695.00,2702.00,2666.00,2672.00,161480
14-Jan-14,2650.00,2689.00,2627.00,2686.00,209885
13-Jan-14,2733.00,2739.00,2676.00,2679.00,150255
10-Jan-14,2637.00,2737.00,2634.00,2727.00,256972
9-Jan-14,2625.00,2635.00,2587.00,2612.00,402593
8-Jan-14,2681.00,2706.00,2600.00,2611.00,283994
7-Jan-14,2707.00,2716.00,2660.00,2678.00,247900
6-Jan-14,2658.00,2709.00,2642.00,2708.00,292772
3-Jan-14,2612.00,2650.00,2577.00,2644.00,238663
2-Jan-14,2656.00,2658.00,2580.00,2600.00,463548
31-Dec-13,2541.00,2656.00,2539.00,2656.00,171983
30-Dec-13,2553.00,2568.00,2528.00,2536.00,175360
27-Dec-13,2559.00,2559.00,2532.00,2553.00,151430
24-Dec-13,2517.00,2550.00,2517.00,2537.00,36876
23-Dec-13,2503.00,2521.00,2488.00,2504.00,97151
20-Dec-13,2484.00,2501.00,2451.00,2493.00,365846
19-Dec-13,2497.00,2499.00,2458.00,2477.00,184636
18-Dec-13,2450.00,2498.00,2430.00,2448.00,439517
17-Dec-13,2529.00,2561.00,2511.00,2513.00,315356
16-Dec-13,2517.00,2547.00,2491.00,2541.00,250065
13-Dec-13,2510.00,2537.00,2485.00,2514.00,172997
12-Dec-13,2500.00,2557.00,2494.00,2504.00,323544
11-Dec-13,2545.00,2580.00,2501.00,2505.00,306579
10-Dec-13,2550.00,2589.00,2534.00,2544.00,312520
9-Dec-13,2562.00,2588.00,2486.00,2563.00,449747
6-Dec-13,2372.00,2560.00,2372.00,2537.00,917882
5-Dec-13,2285.00,2299.00,2224.00,2282.00,497886
4-Dec-13,2298.00,2320.00,2279.00,2296.00,311707
3-Dec-13,2347.00,2347.00,2284.00,2284.00,238744
2-Dec-13,2351.00,2361.00,2333.00,2346.00,166568
29-Nov-13,2360.00,2410.00,2337.00,2355.00,348467
28-Nov-13,2443.00,2448.00,2295.00,2356.00,721665
27-Nov-13,2390.00,2435.00,2376.00,2430.00,121902
26-Nov-13,2377.00,2410.00,2374.00,2385.00,214157
25-Nov-13,2404.00,2404.00,2378.00,2389.00,168745
22-Nov-13,2327.00,2399.00,2319.00,2376.00,205242
21-Nov-13,2279.00,2319.00,2261.00,2316.00,285822
20-Nov-13,2298.00,2301.00,2250.00,2288.00,235395
19-Nov-13,2249.00,2299.00,2238.00,2291.00,293511
18-Nov-13,2219.00,2255.00,2199.00,2252.00,178021
15-Nov-13,2240.00,2270.00,2217.00,2217.00,209624
14-Nov-13,2217.00,2269.00,2217.00,2235.46,262766
13-Nov-13,2263.00,2266.00,2195.00,2197.00,230967
12-Nov-13,2262.00,2278.00,2247.00,2268.00,171150
11-Nov-13,2258.00,2274.00,2240.00,2265.00,165171
8-Nov-13,2212.00,2260.00,2200.00,2260.00,193480
7-Nov-13,2269.00,2270.00,2224.00,2226.00,330567
6-Nov-13,2273.00,2285.00,2228.00,2258.00,241984
5-Nov-13,2338.00,2338.00,2239.00,2267.00,248128
4-Nov-13,2355.00,2358.00,2326.00,2331.00,376328
1-Nov-13,2339.00,2352.00,2315.00,2347.00,510359
31-Oct-13,2445.00,2457.00,2320.00,2340.00,679085
30-Oct-13,2447.00,2461.00,2437.00,2448.00,146230
29-Oct-13,2395.00,2450.00,2379.00,2450.00,185108
28-Oct-13,2407.00,2423.00,2379.00,2394.00,163331
25-Oct-13,2443.00,2446.00,2383.00,2400.00,253905
24-Oct-13,2437.00,2452.00,2417.00,2442.00,165008
23-Oct-13,2372.00,2436.00,-,2434.00,274057
22-Oct-13,2374.00,2394.00,2356.00,2384.00,158271
21-Oct-13,2391.00,2397.00,2368.00,2374.00,153757
18-Oct-13,2340.00,2374.00,2338.00,2374.00,239852
17-Oct-13,2304.00,2335.00,2269.00,2335.00,204059
16-Oct-13,2260.00,2304.00,2230.00,2303.00,181965
15-Oct-13,2269.00,2283.00,2255.00,2271.00,193796
14-Oct-13,2231.00,2255.00,2222.00,2252.00,124760
11-Oct-13,2235.00,2235.00,2213.00,2232.00,244482
10-Oct-13,2148.00,2245.00,2143.00,2227.00,564313
9-Oct-13,2076.00,2137.00,2076.00,2137.00,344870
8-Oct-13,2101.00,2103.00,2059.00,2082.00,212495
7-Oct-13,2091.00,2095.00,2057.00,2095.00,179088
4-Oct-13,2120.00,2126.00,2075.00,2100.00,263474
3-Oct-13,2122.00,2138.00,2102.00,2126.00,280253
2-Oct-13,2105.00,2119.00,2080.00,2114.00,286886
1-Oct-13,2074.00,2148.00,2054.00,2118.00,464812
30-Sep-13,2031.00,2076.00,2031.00,2072.00,334826
27-Sep-13,2064.00,2071.00,2044.00,2054.00,227580
26-Sep-13,2061.00,2084.00,2038.00,2064.00,299330
25-Sep-13,2058.00,2078.00,2034.00,2060.00,332195
24-Sep-13,2025.00,2067.00,2003.00,2059.00,478458
20-Sep-13,2045.00,2085.00,2028.00,2043.00,522583
19-Sep-13,2090.00,2113.00,2039.00,2049.00,522504
18-Sep-13,2140.00,2140.00,2042.00,2111.00,438178
17-Sep-13,2161.00,2179.00,2126.00,2132.00,234966
16-Sep-13,2174.00,2186.00,2118.00,2161.00,413150
13-Sep-13,2129.00,2166.00,2117.00,2159.00,231173
12-Sep-13,2147.00,2159.00,2109.00,2127.00,227373
11-Sep-13,2203.00,2213.00,2136.00,2140.00,340988
10-Sep-13,2192.00,2223.00,2182.00,2201.05,341565
9-Sep-13,2147.00,2178.00,2147.00,2173.00,190580
6-Sep-13,2126.00,2143.00,2075.00,2141.00,299369
5-Sep-13,2096.00,2144.00,2085.00,2130.00,391503
4-Sep-13,2156.00,2189.00,2049.00,2076.00,732424
3-Sep-13,2189.00,2208.00,2148.00,2159.00,298529
2-Sep-13,2143.00,2212.00,2143.00,2182.00,308617
30-Aug-13,2146.00,2146.00,2107.00,2119.00,254602
29-Aug-13,2098.00,2143.00,2092.00,2135.00,276549
28-Aug-13,2171.00,2171.00,2071.00,2087.00,388793
27-Aug-13,2237.00,2256.00,2215.00,2224.00,289606
23-Aug-13,2175.00,2252.00,2175.00,2236.00,375921
22-Aug-13,2164.00,2206.00,2164.00,2187.00,363299
21-Aug-13,2163.00,2178.00,2132.00,2164.00,309708
20-Aug-13,2177.00,2177.00,2142.00,2160.00,460817
19-Aug-13,2202.00,2213.00,2173.00,2180.00,324239
16-Aug-13,2091.00,2220.00,2081.00,2203.00,659150
15-Aug-13,2226.00,2227.00,2055.00,2086.00,480690
14-Aug-13,2236.00,2257.00,2220.00,2229.00,204604
13-Aug-13,2252.00,2262.00,2235.00,2240.00,154456
12-Aug-13,2271.00,2272.00,2218.00,2241.00,195044
9-Aug-13,2312.00,2322.00,2257.00,2265.00,210243
8-Aug-13,2320.00,2338.00,2303.00,2312.00,234988
7-Aug-13,2325.00,2340.00,2304.00,2322.00,204027
6-Aug-13,2337.00,2369.00,2322.00,2335.00,176956
5-Aug-13,2309.00,2343.00,2308.00,2340.00,165010
2-Aug-13,2278.00,2302.00,2270.00,2302.00,177150
1-Aug-13,2262.00,2276.00,2246.00,2276.00,165519
31-Jul-13,2273.00,2292.00,2259.00,2259.00,214312
30-Jul-13,2242.00,2277.00,2242.00,2262.00,435514
29-Jul-13,2223.00,2254.00,2218.00,2240.00,171463
26-Jul-13,2238.00,2241.00,2220.00,2220.00,210399
25-Jul-13,2218.00,2232.00,2199.00,2224.00,158620
24-Jul-13,2260.00,2270.00,2217.00,2225.00,215970
23-Jul-13,2286.00,2301.00,2243.00,2250.00,147415
22-Jul-13,2291.00,2303.00,2278.00,2278.00,154632
19-Jul-13,2284.00,2293.76,2266.67,2280.00,221737
18-Jul-13,2262.00,2293.00,2252.00,2293.00,222293
17-Jul-13,2254.00,2263.00,2222.00,2262.00,331177
16-Jul-13,2320.00,2334.00,2251.00,2251.00,268498
15-Jul-13,2329.00,2339.54,2311.00,2320.00,149309
12-Jul-13,2329.00,2329.00,2308.00,2322.30,149693
11-Jul-13,2308.00,2315.00,2284.00,2288.83,329293
10-Jul-13,2281.00,2316.00,2199.00,2233.14,429952
9-Jul-13,2281.00,2306.00,2267.00,2280.12,275371
8-Jul-13,2241.00,2275.75,2217.00,2260.00,292531
5-Jul-13,2239.00,2250.94,2218.00,2226.00,259823
4-Jul-13,2177.00,2237.00,2167.00,2231.00,303976
3-Jul-13,2124.00,2164.00,2118.00,2157.80,231323
2-Jul-13,2181.00,2204.00,2144.00,2146.00,280729
1-Jul-13,2131.00,2185.00,2129.00,2185.00,265899
28-Jun-13,2123.00,2148.00,2117.00,2131.00,287741
27-Jun-13,2111.00,2140.00,2108.25,2122.00,161089
26-Jun-13,2074.00,2130.00,2072.00,2110.00,308046
25-Jun-13,2022.00,2076.00,2010.00,2074.00,302194
24-Jun-13,2048.00,2076.63,2007.00,2015.00,486766
21-Jun-13,2116.00,2163.00,2049.00,2049.00,503622
20-Jun-13,2177.00,2184.00,2104.00,2105.00,410842
19-Jun-13,2189.00,2268.00,2176.76,2193.00,550550
18-Jun-13,2121.00,2163.00,2102.00,2152.40,406785
17-Jun-13,2059.00,2145.00,2057.00,2103.00,308057
14-Jun-13,2040.00,2057.00,2026.00,2056.00,362817
13-Jun-13,2053.00,2056.50,2005.50,2019.00,361888
12-Jun-13,2087.00,2098.00,2062.25,2070.00,311243
11-Jun-13,2167.00,2167.00,2083.00,2097.00,252713
10-Jun-13,2136.00,2180.00,2124.00,2167.00,157897
7-Jun-13,2102.00,2159.00,2092.00,2141.00,277153
6-Jun-13,2109.00,2134.00,2099.00,2120.22,278280
5-Jun-13,2132.00,2156.00,2108.00,2116.90,292203
4-Jun-13,2105.00,2150.00,2105.00,2140.00,295029
3-Jun-13,2106.00,2120.00,2087.00,2097.00,291706
31-May-13,2110.00,2127.00,2085.00,2117.00,209896
30-May-13,2119.00,2125.00,2098.77,2115.00,182024
29-May-13,2172.00,2175.00,2123.00,2128.00,255219
28-May-13,2137.00,2195.00,2137.00,2182.00,160244
24-May-13,2161.00,2170.00,2120.00,2123.00,181743
23-May-13,2157.00,2164.59,2134.00,2157.00,268634
22-May-13,2197.00,2210.00,2176.00,2192.00,259241
21-May-13,2205.00,2211.00,2194.00,2198.00,250700
20-May-13,2200.00,2215.00,2196.00,2203.00,312350
17-May-13,2218.00,2218.00,2178.00,2195.00,262677
16-May-13,2176.00,2214.00,2164.00,2207.00,222598
15-May-13,2130.00,2191.00,2124.00,2170.00,234040
14-May-13,2111.00,2134.00,2096.00,2112.90,205213
13-May-13,2107.00,2113.00,2085.00,2110.00,152612
10-May-13,2118.00,2134.00,2088.00,2110.00,197560
9-May-13,2095.00,2121.00,2087.00,2120.00,184835
8-May-13,2093.00,2108.28,2081.00,2097.00,133370
7-May-13,2095.00,2108.00,2076.00,2088.00,188530
3-May-13,2086.00,2120.00,2076.40,2097.00,196559
2-May-13,2095.00,2108.00,2071.00,2083.00,291234
1-May-13,2099.00,2114.00,2080.00,2092.02,262682
30-Apr-13,2143.00,2173.00,2078.00,2085.08,434193
29-Apr-13,2125.00,2193.00,2115.00,2134.00,318254
26-Apr-13,2118.00,2125.00,2086.00,2114.00,260092
25-Apr-13,2144.00,2160.00,2119.00,2125.00,321558
24-Apr-13,2136.00,2150.00,2118.00,2140.00,286995
23-Apr-13,2062.00,2147.00,2061.50,2128.00,246776
22-Apr-13,2080.00,2095.00,2058.00,2066.00,233532
19-Apr-13,2039.00,2070.00,2033.00,2066.00,153899
18-Apr-13,2000.00,2042.00,2000.00,2033.00,235344
17-Apr-13,2031.00,2034.00,1969.00,1995.00,220570
16-Apr-13,2035.00,2036.00,2002.43,2019.00,285198
15-Apr-13,2083.00,2096.00,2022.00,2035.00,358763
12-Apr-13,2071.00,2088.00,2024.00,2085.00,265125
11-Apr-13,2016.00,2076.00,2013.50,2064.00,368829
10-Apr-13,1940.00,2023.00,1930.00,2016.00,577679
9-Apr-13,1941.00,1969.00,1931.00,1958.00,310835
8-Apr-13,1961.00,1999.00,1939.00,1941.00,237814
5-Apr-13,2024.00,2024.00,1944.00,1951.00,217036
4-Apr-13,2078.00,2078.00,2005.00,2013.00,266701
3-Apr-13,2101.00,2104.00,2050.00,2066.00,207412
2-Apr-13,2046.00,2099.00,2046.00,2086.00,269681
28-Mar-13,2016.00,2055.00,2014.00,2041.00,170518
27-Mar-13,2036.00,2043.00,1988.00,2013.00,173575
26-Mar-13,1995.00,2023.00,1979.00,2020.00,208912
25-Mar-13,2006.00,2012.00,1987.00,1989.00,282168
22-Mar-13,2013.00,2018.00,1982.00,1998.46,245044
21-Mar-13,2020.00,2040.00,1981.00,2013.00,624013
20-Mar-13,2096.00,2107.00,2045.00,2065.00,435315
19-Mar-13,2068.00,2102.00,2040.50,2093.00,398743
18-Mar-13,1960.00,2042.00,1951.00,2036.00,371936
15-Mar-13,1975.00,1991.00,1961.00,1975.00,347232
14-Mar-13,1937.00,1969.00,1927.34,1962.00,182884
13-Mar-13,1962.00,1971.00,1925.37,1940.00,198601
12-Mar-13,1947.00,1967.00,1932.00,1958.89,145047
11-Mar-13,1945.00,1949.00,1915.00,1946.00,112609
8-Mar-13,1970.00,1970.00,1935.00,1947.00,129194
7-Mar-13,1935.00,1973.00,1932.00,1966.00,244628
6-Mar-13,1947.00,1955.00,1929.00,1933.00,174254
5-Mar-13,1921.00,1958.00,1915.00,1942.00,252867
4-Mar-13,1902.00,1911.63,1885.00,1907.00,280311
1-Mar-13,1905.00,1921.00,1895.00,1908.86,374783
28-Feb-13,1879.00,1906.00,1879.00,1905.00,274991
27-Feb-13,1880.00,1898.00,1851.00,1876.00,229399
26-Feb-13,1873.00,1880.00,1845.00,1879.00,285189
25-Feb-13,1890.00,1916.00,1879.88,1886.00,269588
22-Feb-13,1871.00,1901.00,1870.00,1888.00,138852
21-Feb-13,1874.00,1893.00,1843.00,1871.00,130249
20-Feb-13,1870.00,1903.00,1870.00,1884.00,127559
19-Feb-13,1840.00,1873.00,1839.50,1867.00,170009
18-Feb-13,1862.00,1869.40,1830.00,1832.00,123474
15-Feb-13,1849.00,1873.00,1839.00,1862.00,183063
14-Feb-13,1840.00,1862.00,1837.00,1848.00,238554
13-Feb-13,1828.00,1859.00,1804.00,1840.00,240048
12-Feb-13,1795.00,1824.63,1787.58,1821.00,150953
11-Feb-13,1829.00,1829.25,1782.30,1797.00,143655
8-Feb-13,1844.00,1845.00,1820.00,1829.00,175134
7-Feb-13,1829.00,1842.00,1819.00,1837.00,150460
6-Feb-13,1827.00,1846.04,1813.00,1832.00,128652
5-Feb-13,1822.00,1834.00,1800.25,1822.00,229088
4-Feb-13,1855.00,1859.00,1828.00,1830.00,156391
1-Feb-13,1836.00,1862.00,1835.00,1855.00,173175
31-Jan-13,1828.00,1835.00,1815.00,1830.00,214261
30-Jan-13,1843.00,1845.00,1820.00,1827.00,127407
29-Jan-13,1849.00,1849.00,1830.00,1840.00,117734
28-Jan-13,1841.00,1875.00,1835.00,1844.00,223224
25-Jan-13,1830.00,1847.00,1825.00,1840.00,184322
24-Jan-13,1813.00,1839.00,1812.00,1829.07,262317
23-Jan-13,1828.00,1840.00,1798.50,1817.00,260496
22-Jan-13,1835.00,1850.00,1825.00,1830.00,138140
21-Jan-13,1847.00,1851.00,1825.00,1842.00,117333
18-Jan-13,1838.00,1847.72,1829.00,1840.00,175537
17-Jan-13,1826.00,1840.00,1822.00,1830.00,289273
16-Jan-13,1846.00,1846.00,1816.00,1826.00,339036
15-Jan-13,1785.00,1832.00,1775.00,1820.00,295487
14-Jan-13,1797.00,1809.00,1784.00,1784.00,218247
11-Jan-13,1770.00,1798.00,1761.28,1791.00,223139
10-Jan-13,1765.00,1770.41,1752.00,1767.00,152961
9-Jan-13,1771.00,1780.00,1759.72,1765.00,184509
8-Jan-13,1768.00,1798.00,1760.00,1767.00,145063
7-Jan-13,1784.00,1791.80,1742.00,1771.00,244212
4-Jan-13,1778.00,1802.00,1756.72,1798.00,161475
3-Jan-13,1777.00,1789.00,1773.00,1777.00,186474
2-Jan-13,1786.00,1803.80,1774.00,1778.00,209102
