31-Dec-15,630.50,636.42,630.00,630.00,22119
30-Dec-15,635.00,638.17,630.50,630.50,21155
29-Dec-15,633.50,639.56,633.50,636.50,17444
24-Dec-15,634.00,638.25,633.50,634.00,1921
23-Dec-15,634.00,638.50,627.58,634.50,37602
22-Dec-15,628.50,632.50,626.00,627.37,18564
21-Dec-15,635.50,639.14,628.00,628.00,24466
18-Dec-15,642.00,642.00,630.00,630.00,83553
16-Dec-15,625.00,632.92,625.00,631.00,10670
15-Dec-15,622.00,632.00,621.50,625.50,25527
14-Dec-15,619.00,624.50,616.50,618.00,12669
11-Dec-15,622.50,627.50,616.00,622.50,65308
10-Dec-15,631.00,631.00,622.00,624.42,24752
9-Dec-15,634.50,634.50,626.50,631.00,11763
8-Dec-15,639.00,639.00,628.50,635.50,40164
7-Dec-15,628.00,637.48,627.75,633.00,23139
4-Dec-15,627.00,629.69,622.00,627.75,37862
3-Dec-15,639.50,640.00,627.00,630.22,41009
2-Dec-15,632.00,639.50,631.00,637.26,15716
1-Dec-15,629.00,632.01,629.00,631.00,6702
30-Nov-15,627.00,632.00,627.00,631.00,14093
27-Nov-15,630.00,632.78,629.00,632.78,10008
26-Nov-15,630.00,633.50,627.50,633.50,46222
25-Nov-15,628.00,630.00,623.50,629.50,7138
24-Nov-15,621.50,626.80,620.00,624.00,12085
23-Nov-15,620.50,628.00,620.50,628.00,28255
20-Nov-15,625.00,630.00,620.00,621.50,27210
19-Nov-15,618.50,625.25,617.00,625.25,30304
18-Nov-15,617.00,621.42,615.50,617.00,14838
17-Nov-15,612.50,622.00,612.50,618.50,78773
16-Nov-15,605.00,612.92,605.00,612.92,9188
13-Nov-15,616.00,618.79,608.50,609.00,30327
12-Nov-15,623.50,629.89,619.00,624.00,23791
11-Nov-15,626.00,629.00,622.00,622.00,40520
10-Nov-15,627.00,630.20,621.00,624.90,22406
9-Nov-15,631.00,632.00,627.00,627.00,8298
6-Nov-15,630.00,631.00,625.50,631.00,10227
5-Nov-15,630.00,632.00,624.00,626.50,53071
4-Nov-15,626.00,631.00,624.25,627.25,55604
3-Nov-15,621.00,622.50,619.00,620.82,9091
2-Nov-15,617.00,620.00,615.00,616.50,21635
30-Oct-15,623.00,629.46,618.50,618.50,33744
29-Oct-15,627.00,627.00,623.00,623.50,11962
28-Oct-15,623.00,627.00,620.00,624.50,33884
27-Oct-15,625.00,629.19,618.00,620.50,22070
26-Oct-15,626.00,629.18,621.00,622.50,22956
23-Oct-15,613.50,626.00,613.50,626.00,39612
22-Oct-15,610.50,618.00,610.00,614.00,25363
21-Oct-15,616.00,623.60,615.00,615.50,33589
20-Oct-15,617.50,620.00,613.50,615.00,31467
19-Oct-15,619.50,619.96,612.00,612.50,18576
16-Oct-15,616.00,622.30,614.50,617.89,35874
15-Oct-15,612.00,619.00,612.00,616.50,36237
14-Oct-15,616.00,619.46,608.50,608.50,47433
13-Oct-15,619.00,620.90,616.00,620.00,18462
12-Oct-15,611.50,619.00,611.50,615.50,8663
9-Oct-15,614.00,618.48,612.50,616.50,26273
8-Oct-15,609.00,613.45,607.00,612.50,39149
7-Oct-15,615.00,616.00,610.00,612.50,20971
6-Oct-15,616.00,616.00,610.50,616.00,13118
5-Oct-15,607.00,616.00,602.99,616.00,28406
2-Oct-15,595.00,598.62,593.50,598.00,35959
1-Oct-15,604.00,604.00,591.00,602.39,21049
30-Sep-15,592.00,595.00,591.50,595.00,12243
29-Sep-15,580.00,587.00,576.00,587.00,54764
28-Sep-15,594.00,599.72,586.00,599.72,34446
25-Sep-15,590.50,599.80,588.50,599.50,29357
24-Sep-15,594.50,595.63,583.90,595.63,10664
23-Sep-15,585.00,596.00,582.50,587.25,50371
22-Sep-15,588.00,592.00,577.50,581.00,54163
21-Sep-15,585.50,592.23,585.00,586.00,19154
18-Sep-15,594.50,595.00,587.00,592.50,94424
17-Sep-15,597.00,597.00,590.00,592.00,22999
16-Sep-15,592.00,596.91,587.00,595.35,18947
15-Sep-15,585.00,592.50,581.00,590.00,18988
14-Sep-15,593.00,593.00,585.00,589.50,16873
11-Sep-15,591.00,594.00,588.00,592.00,24589
10-Sep-15,592.50,592.50,587.79,589.38,61276
9-Sep-15,590.50,598.62,590.50,592.50,21706
8-Sep-15,577.00,587.50,577.00,583.00,155615
7-Sep-15,581.00,586.50,576.50,581.50,17981
4-Sep-15,587.00,591.00,577.50,577.50,44288
3-Sep-15,585.00,594.34,584.50,593.50,46388
2-Sep-15,582.50,586.00,576.00,584.39,60415
1-Sep-15,585.00,588.00,580.00,584.00,45607
28-Aug-15,592.50,600.62,590.38,594.50,36769
27-Aug-15,585.50,598.00,585.50,597.00,98490
26-Aug-15,580.00,585.50,571.50,574.00,87563
25-Aug-15,564.50,588.00,564.44,585.00,116539
24-Aug-15,580.00,580.00,548.00,561.75,106515
21-Aug-15,610.00,610.50,595.50,599.43,84945
20-Aug-15,623.50,623.50,614.50,614.50,24788
19-Aug-15,634.00,634.26,620.00,624.84,62065
18-Aug-15,637.00,638.00,632.00,632.74,20738
17-Aug-15,636.00,639.00,632.00,634.50,30580
14-Aug-15,637.00,639.72,636.00,636.00,16314
13-Aug-15,634.50,639.46,633.50,634.78,13764
12-Aug-15,643.00,643.00,629.00,631.50,84580
11-Aug-15,651.00,651.00,643.50,644.50,20198
10-Aug-15,652.50,652.50,647.00,650.00,15640
7-Aug-15,652.00,652.50,648.00,650.00,8316
6-Aug-15,653.00,654.50,648.00,652.00,47679
5-Aug-15,645.50,653.00,643.18,653.00,37220
4-Aug-15,640.50,645.02,640.50,645.00,17826
3-Aug-15,633.50,641.50,633.50,641.00,11346
31-Jul-15,635.50,641.00,633.50,639.95,26827
30-Jul-15,634.50,639.54,632.50,632.50,64166
29-Jul-15,630.50,639.50,630.50,639.25,42148
28-Jul-15,634.00,636.00,629.50,631.50,44389
27-Jul-15,637.00,638.50,631.25,634.36,49578
24-Jul-15,643.00,646.62,636.00,643.85,19838
23-Jul-15,649.50,649.50,643.49,643.49,4438
22-Jul-15,652.00,653.45,647.00,649.00,20357
21-Jul-15,657.00,661.00,655.15,657.00,8221
20-Jul-15,648.00,661.50,648.00,653.50,59718
17-Jul-15,651.00,654.50,648.50,652.00,48568
16-Jul-15,649.00,652.00,645.50,650.94,21290
15-Jul-15,648.00,651.00,643.85,643.85,26896
14-Jul-15,644.00,647.90,643.00,647.50,16607
13-Jul-15,641.00,647.00,641.00,642.50,23004
10-Jul-15,638.00,645.00,638.00,640.50,27345
9-Jul-15,633.00,640.00,630.00,638.00,54057
8-Jul-15,629.50,633.00,624.00,633.00,28041
7-Jul-15,635.00,639.99,626.00,627.50,36544
6-Jul-15,639.50,641.00,634.02,636.00,37547
3-Jul-15,637.00,643.00,637.00,642.00,8310
2-Jul-15,637.00,640.00,636.00,640.00,49329
1-Jul-15,635.50,642.00,635.50,638.78,11251
30-Jun-15,637.50,638.50,634.28,637.00,44448
29-Jun-15,641.00,642.29,633.40,635.00,77229
26-Jun-15,654.00,654.00,646.00,652.00,72258
25-Jun-15,657.00,660.43,654.50,657.00,44946
24-Jun-15,655.00,658.00,654.00,655.50,18708
23-Jun-15,657.00,658.00,655.00,657.75,13629
22-Jun-15,653.50,657.85,652.50,657.75,17701
19-Jun-15,646.00,648.50,640.00,648.50,91583
18-Jun-15,646.00,646.00,640.00,643.00,83418
17-Jun-15,647.00,649.50,642.50,646.00,32540
16-Jun-15,647.00,648.72,643.30,647.00,14795
15-Jun-15,651.00,651.50,647.28,647.50,16791
12-Jun-15,657.50,659.50,650.00,654.00,24786
11-Jun-15,656.00,660.00,654.58,657.50,28778
10-Jun-15,652.50,660.00,652.50,653.90,52282
9-Jun-15,656.00,658.56,652.50,653.25,12407
8-Jun-15,658.00,660.00,655.50,657.00,9943
5-Jun-15,664.50,664.50,659.00,659.00,19975
4-Jun-15,669.00,669.00,656.00,660.00,30712
3-Jun-15,665.00,674.50,662.36,668.00,47837
2-Jun-15,665.00,668.00,662.00,665.65,31117
1-Jun-15,666.00,669.00,662.00,668.00,17147
29-May-15,661.00,666.00,659.47,659.47,31996
28-May-15,660.50,663.89,658.50,662.00,67225
27-May-15,664.00,665.50,657.00,663.90,308822
26-May-15,664.00,668.00,662.50,663.90,20325
22-May-15,662.00,667.00,660.20,666.50,15308
21-May-15,662.00,667.00,659.00,659.00,33333
20-May-15,664.00,664.00,659.00,660.50,35684
19-May-15,655.00,662.00,654.96,659.00,17666
18-May-15,651.00,655.00,650.36,654.85,19171
15-May-15,645.00,651.00,643.00,645.00,40792
14-May-15,636.00,644.50,636.00,643.50,33431
13-May-15,639.00,640.00,636.50,639.50,18767
12-May-15,642.00,642.50,630.06,638.50,34671
11-May-15,636.50,643.50,636.50,643.00,33080
8-May-15,635.00,643.00,634.50,643.00,123540
7-May-15,632.00,638.00,626.50,637.00,56528
6-May-15,638.00,640.00,632.82,635.00,44890
5-May-15,637.50,641.00,635.50,638.00,25223
1-May-15,633.00,638.00,630.00,637.50,21325
30-Apr-15,638.00,640.37,630.00,633.50,38432
29-Apr-15,646.00,647.95,638.50,638.50,59479
28-Apr-15,650.00,652.00,640.00,645.00,54549
27-Apr-15,649.00,650.76,644.50,644.50,8962
24-Apr-15,645.00,650.00,643.94,649.96,29669
23-Apr-15,644.50,647.50,643.50,645.50,18510
22-Apr-15,645.00,645.52,641.50,641.50,44279
21-Apr-15,646.00,649.56,642.00,643.00,27045
20-Apr-15,642.50,646.00,640.50,645.79,51464
17-Apr-15,647.00,648.50,641.00,642.75,25187
16-Apr-15,653.50,653.50,645.00,645.50,15030
15-Apr-15,648.50,653.50,647.50,652.00,14866
14-Apr-15,649.50,650.50,645.00,648.50,28987
13-Apr-15,649.50,649.50,646.00,647.97,4418
10-Apr-15,642.50,649.20,642.50,647.75,55984
9-Apr-15,643.00,649.00,640.06,648.00,19083
8-Apr-15,642.00,643.50,641.00,641.73,24638
7-Apr-15,633.00,642.00,632.00,637.63,29966
2-Apr-15,623.50,632.00,623.50,631.00,10465
1-Apr-15,629.50,632.18,624.00,630.50,40539
31-Mar-15,632.00,635.00,626.75,626.75,25553
30-Mar-15,628.00,634.00,626.25,631.50,20986
27-Mar-15,626.50,628.50,622.00,625.50,31042
26-Mar-15,628.00,628.00,620.23,625.00,36268
25-Mar-15,634.50,635.50,629.00,629.00,18920
24-Mar-15,625.50,635.00,625.50,632.50,41574
23-Mar-15,631.00,632.00,627.50,631.00,14139
20-Mar-15,626.00,632.00,625.00,629.50,102390
19-Mar-15,630.00,631.24,627.00,629.00,65089
18-Mar-15,625.50,627.50,624.00,626.75,80359
17-Mar-15,620.00,626.00,618.00,622.00,61270
16-Mar-15,611.00,618.00,609.25,615.01,59372
13-Mar-15,608.50,613.50,606.00,609.00,20080
12-Mar-15,604.50,612.00,604.50,608.50,53420
11-Mar-15,609.00,612.78,603.50,609.00,123168
10-Mar-15,617.00,617.00,605.00,606.50,35768
9-Mar-15,615.50,622.74,613.00,615.05,15466
6-Mar-15,620.00,623.00,620.00,621.00,5287
5-Mar-15,617.00,623.00,616.02,621.56,24206
4-Mar-15,614.00,619.00,613.50,617.00,24160
3-Mar-15,618.00,618.93,615.00,615.00,33410
2-Mar-15,613.50,623.00,613.50,615.00,69597
27-Feb-15,617.00,621.00,614.64,615.00,20548
26-Feb-15,618.00,618.00,615.75,617.50,15410
25-Feb-15,618.00,618.00,615.00,618.00,54523
24-Feb-15,614.50,618.00,614.00,617.50,34589
23-Feb-15,616.00,620.00,613.00,614.40,47887
20-Feb-15,608.50,614.00,608.50,612.75,32073
19-Feb-15,614.50,614.50,609.00,612.50,53795
18-Feb-15,615.00,620.00,610.00,612.00,52473
17-Feb-15,610.50,613.00,606.50,609.50,81926
16-Feb-15,613.00,616.00,611.00,611.50,8067
13-Feb-15,611.50,619.50,611.00,611.50,57329
12-Feb-15,610.50,613.50,609.00,613.00,40600
11-Feb-15,609.50,613.50,606.08,611.00,31245
10-Feb-15,606.00,614.50,604.48,608.00,133134
9-Feb-15,605.50,606.00,601.50,605.88,27243
6-Feb-15,603.50,606.00,603.50,604.70,26493
5-Feb-15,604.50,604.50,601.00,604.50,55669
4-Feb-15,605.00,608.00,602.00,602.00,17350
3-Feb-15,602.50,608.97,602.42,607.00,37641
2-Feb-15,596.00,603.12,596.00,597.00,18928
30-Jan-15,604.00,606.00,595.00,602.65,35070
29-Jan-15,602.00,604.00,595.50,604.00,91050
28-Jan-15,609.00,611.00,604.00,608.00,14835
27-Jan-15,607.50,612.00,604.50,607.00,133472
26-Jan-15,605.00,610.50,605.00,608.50,33925
23-Jan-15,605.00,614.50,604.45,611.00,50134
22-Jan-15,597.00,605.00,595.00,604.00,74095
21-Jan-15,587.00,596.80,587.00,595.00,26409
20-Jan-15,589.00,594.32,585.12,588.00,46927
19-Jan-15,584.50,589.00,583.39,585.00,18911
16-Jan-15,586.00,586.00,579.50,582.00,17826
15-Jan-15,583.00,590.00,576.00,583.00,50629
14-Jan-15,581.00,586.00,576.00,576.00,62014
13-Jan-15,586.50,590.00,583.03,587.00,22066
12-Jan-15,582.00,588.86,581.50,581.50,40532
9-Jan-15,595.00,595.00,583.50,583.50,5103
8-Jan-15,585.00,595.00,584.00,595.00,51925
7-Jan-15,581.00,582.50,579.40,582.00,12115
6-Jan-15,582.00,582.00,574.50,579.00,25121
5-Jan-15,585.00,585.00,578.50,580.50,20835
31-Dec-14,584.15,584.97,582.25,582.25,0
30-Dec-14,588.00,588.00,580.50,581.00,7014
29-Dec-14,589.50,590.00,586.50,587.82,24119
24-Dec-14,590.00,590.00,587.84,590.00,1311
23-Dec-14,587.00,590.00,585.02,589.50,14625
22-Dec-14,583.00,587.00,583.00,586.50,14986
19-Dec-14,583.50,587.00,580.50,584.50,84621
18-Dec-14,570.00,579.00,570.00,576.50,44988
17-Dec-14,567.00,568.00,564.00,566.52,28100
16-Dec-14,563.50,567.50,560.19,564.50,28119
15-Dec-14,567.00,572.00,562.00,564.58,34078
12-Dec-14,571.00,573.97,563.50,567.00,58896
11-Dec-14,578.00,579.50,576.00,577.80,40410
10-Dec-14,577.50,582.00,576.00,576.00,41218
9-Dec-14,587.50,587.50,575.50,577.50,20045
8-Dec-14,588.00,588.00,584.00,588.00,2520
5-Dec-14,586.00,591.50,585.00,588.50,25856
4-Dec-14,585.50,587.97,585.00,585.00,11058
3-Dec-14,587.00,591.00,583.00,587.50,27001
2-Dec-14,580.00,587.61,579.45,587.00,80125
1-Dec-14,575.00,582.00,575.00,579.00,68213
28-Nov-14,583.00,583.00,579.50,582.28,20550
27-Nov-14,581.00,583.00,579.00,582.50,31992
26-Nov-14,582.00,583.00,579.00,582.50,31408
25-Nov-14,581.50,584.50,577.74,580.00,18169
24-Nov-14,581.00,582.00,576.00,576.00,28429
21-Nov-14,571.50,581.00,571.50,578.00,59533
20-Nov-14,576.00,576.00,571.00,574.00,39981
19-Nov-14,578.00,579.00,574.50,576.00,16983
18-Nov-14,570.50,577.00,570.50,576.00,28540
17-Nov-14,575.00,576.00,569.00,573.50,28870
14-Nov-14,574.00,578.00,571.47,575.00,43143
13-Nov-14,573.00,574.00,569.50,570.50,27604
12-Nov-14,570.00,573.00,565.50,571.00,18183
11-Nov-14,568.50,570.00,565.50,569.50,38949
10-Nov-14,564.50,568.00,564.50,565.50,8232
7-Nov-14,570.00,573.00,563.50,565.50,36441
6-Nov-14,566.00,572.00,564.26,570.39,21874
5-Nov-14,560.50,570.00,560.50,569.00,42639
4-Nov-14,562.50,564.00,559.26,559.50,31204
3-Nov-14,563.00,566.59,560.00,563.50,58212
31-Oct-14,557.00,564.50,557.00,563.00,47845
30-Oct-14,546.50,554.00,545.50,552.50,82238
29-Oct-14,541.50,551.50,541.50,551.00,52139
28-Oct-14,538.00,544.50,538.00,542.50,29305
27-Oct-14,541.00,542.97,536.52,537.50,72410
24-Oct-14,535.00,542.79,535.00,538.50,30404
23-Oct-14,539.50,542.00,530.00,542.00,19734
22-Oct-14,534.50,544.00,534.50,543.98,51551
21-Oct-14,527.00,537.65,527.00,534.75,65128
20-Oct-14,530.00,536.23,527.00,529.00,64076
17-Oct-14,520.00,531.50,520.00,531.50,80581
16-Oct-14,520.00,524.00,506.00,520.50,133053
15-Oct-14,534.00,534.00,514.00,519.00,68248
14-Oct-14,529.50,533.77,521.00,531.00,103366
13-Oct-14,530.00,533.62,525.00,529.50,55270
10-Oct-14,535.00,539.00,531.50,534.50,70923
9-Oct-14,547.00,551.95,541.00,541.00,61392
8-Oct-14,543.50,549.73,543.50,544.50,19239
7-Oct-14,553.50,557.76,547.00,552.00,13978
6-Oct-14,554.00,558.00,553.50,554.00,33103
3-Oct-14,548.00,554.00,545.00,554.00,67718
2-Oct-14,550.00,553.50,541.50,548.00,52092
1-Oct-14,556.00,560.50,549.50,552.38,38376
30-Sep-14,560.00,564.63,557.50,560.50,21158
29-Sep-14,560.50,564.62,560.42,560.50,14501
26-Sep-14,560.00,564.00,560.00,561.00,12964
25-Sep-14,565.00,569.50,560.00,560.00,24086
24-Sep-14,563.50,567.00,561.36,563.00,22079
23-Sep-14,564.50,566.96,560.00,564.00,67079
22-Sep-14,569.50,569.50,564.00,566.00,53011
19-Sep-14,567.00,573.00,566.00,568.75,107680
18-Sep-14,567.50,568.00,564.50,565.87,26311
17-Sep-14,570.00,571.50,563.50,563.50,49613
16-Sep-14,566.50,570.00,564.00,567.92,27910
15-Sep-14,570.00,571.00,565.00,566.50,50729
12-Sep-14,569.00,572.50,567.20,571.50,36546
11-Sep-14,569.00,572.50,566.50,569.00,37425
10-Sep-14,575.00,575.00,563.50,563.50,27413
9-Sep-14,576.00,577.35,571.00,571.00,17127
8-Sep-14,577.50,578.00,570.50,572.00,32943
5-Sep-14,578.00,578.50,570.00,573.50,19631
4-Sep-14,574.50,579.00,574.33,578.00,6571
3-Sep-14,574.00,580.00,570.00,573.00,34751
2-Sep-14,570.50,574.00,570.50,574.00,28617
1-Sep-14,570.00,574.00,570.00,570.50,33150
29-Aug-14,571.00,573.80,568.00,571.50,22150
28-Aug-14,572.50,575.00,569.17,571.00,27532
27-Aug-14,572.50,575.00,571.00,573.50,13662
26-Aug-14,566.00,578.00,566.00,570.00,106097
22-Aug-14,570.00,570.00,566.50,566.50,13220
21-Aug-14,569.00,573.00,567.00,569.10,43216
20-Aug-14,568.00,569.00,565.00,566.50,15508
19-Aug-14,567.00,569.00,565.22,569.00,28669
18-Aug-14,565.00,569.62,564.50,566.18,24237
15-Aug-14,562.50,567.00,560.08,565.00,115981
14-Aug-14,555.50,563.00,555.50,563.00,65582
13-Aug-14,555.00,561.00,555.00,559.58,53205
12-Aug-14,552.00,556.00,551.50,555.43,11460
11-Aug-14,549.50,556.00,549.00,556.00,45659
8-Aug-14,550.00,552.00,545.50,550.00,88769
7-Aug-14,556.00,559.50,553.00,553.00,30272
6-Aug-14,552.50,559.00,550.00,554.00,99871
5-Aug-14,555.50,558.00,555.50,556.50,32292
4-Aug-14,553.00,558.00,553.00,554.75,21128
1-Aug-14,556.00,559.16,551.00,554.50,36167
31-Jul-14,562.00,562.00,557.00,559.40,13529
30-Jul-14,560.50,564.67,560.00,561.00,9339
29-Jul-14,564.00,568.97,562.92,566.61,44021
28-Jul-14,563.50,565.00,560.78,561.50,28036
25-Jul-14,564.00,564.72,562.00,563.00,34777
24-Jul-14,562.00,564.00,560.72,564.00,19235
23-Jul-14,564.00,564.00,561.00,564.00,27027
22-Jul-14,563.00,567.07,562.00,566.76,43239
21-Jul-14,562.00,567.50,558.50,562.50,41818
18-Jul-14,564.50,564.50,558.00,564.50,36695
17-Jul-14,562.00,566.00,561.50,561.50,2638
16-Jul-14,567.00,569.77,564.00,565.00,6341
15-Jul-14,564.50,571.00,561.00,561.50,40618
14-Jul-14,563.50,568.00,563.50,565.50,9839
11-Jul-14,565.00,568.50,562.50,563.50,30810
10-Jul-14,567.00,567.50,557.00,562.00,46527
9-Jul-14,565.00,567.50,562.50,562.50,19371
8-Jul-14,567.50,570.00,565.00,567.00,31162
7-Jul-14,573.00,574.52,569.50,570.00,44607
4-Jul-14,572.00,572.75,570.00,571.00,54819
3-Jul-14,570.00,572.27,568.00,571.00,65499
2-Jul-14,569.00,571.50,564.10,567.00,23364
1-Jul-14,559.00,569.50,559.00,569.50,13817
30-Jun-14,562.00,565.20,561.00,565.00,20551
27-Jun-14,563.00,563.00,559.50,559.50,45354
26-Jun-14,562.00,563.00,559.00,563.00,54845
25-Jun-14,568.50,568.50,557.50,557.50,26065
24-Jun-14,569.00,569.00,562.00,567.00,48023
23-Jun-14,569.00,569.00,563.50,563.50,14046
20-Jun-14,567.00,574.00,565.22,574.00,143993
19-Jun-14,565.00,567.00,564.00,564.50,49090
18-Jun-14,563.50,567.50,562.00,565.00,42501
17-Jun-14,567.00,567.97,560.50,561.00,74833
16-Jun-14,567.00,567.00,561.50,563.50,38273
13-Jun-14,570.00,573.12,562.50,565.85,29751
12-Jun-14,574.00,575.00,570.50,574.50,31758
11-Jun-14,575.50,576.00,568.50,568.50,26731
10-Jun-14,575.50,575.50,573.00,575.27,33357
9-Jun-14,574.00,576.30,573.50,575.50,23778
6-Jun-14,568.50,577.00,568.50,576.50,52340
5-Jun-14,572.00,573.50,569.50,572.00,18124
4-Jun-14,570.00,573.38,568.89,570.00,17294
3-Jun-14,570.50,574.50,568.00,570.00,17189
2-Jun-14,573.50,577.50,572.72,575.50,31733
30-May-14,574.50,575.50,570.50,574.00,29759
29-May-14,569.50,575.50,568.55,571.00,52643
28-May-14,567.00,572.00,565.50,572.00,29044
27-May-14,560.50,567.00,560.50,567.00,33426
23-May-14,562.00,565.70,558.00,564.50,10279
22-May-14,555.00,561.50,555.00,559.00,23687
21-May-14,555.50,558.50,551.50,558.50,9095
20-May-14,556.00,560.00,555.00,555.00,26798
19-May-14,560.50,563.76,556.00,556.00,41143
16-May-14,564.00,564.00,558.00,558.00,30850
15-May-14,572.00,572.00,560.50,560.50,85330
14-May-14,570.00,571.93,563.13,569.00,10003
13-May-14,567.50,569.50,565.70,567.75,19518
12-May-14,562.00,566.00,561.50,563.50,44548
9-May-14,558.00,564.00,556.50,560.50,64250
8-May-14,557.00,562.00,556.50,558.00,22904
7-May-14,562.00,563.00,555.50,556.00,33938
6-May-14,561.50,562.59,559.00,561.50,18243
2-May-14,559.00,563.00,557.00,557.00,16685
1-May-14,562.50,563.00,558.00,558.00,13006
30-Apr-14,559.00,561.85,555.50,559.00,38339
29-Apr-14,564.50,569.00,561.50,563.00,35973
28-Apr-14,565.00,566.06,561.00,564.50,16162
25-Apr-14,562.50,565.97,557.50,560.00,22935
24-Apr-14,566.00,568.97,563.50,564.00,14564
23-Apr-14,566.00,570.50,566.00,568.75,17800
22-Apr-14,567.00,569.00,564.50,565.50,30003
17-Apr-14,558.50,565.00,558.50,559.00,34555
16-Apr-14,560.00,560.96,557.50,557.50,6460
15-Apr-14,561.00,562.00,552.00,555.50,25838
14-Apr-14,557.50,561.00,554.00,555.00,32029
11-Apr-14,564.50,564.50,557.50,558.00,29810
10-Apr-14,568.00,570.90,565.00,567.50,40312
9-Apr-14,564.50,568.00,563.50,568.00,47827
8-Apr-14,567.50,570.40,559.67,564.50,64821
7-Apr-14,578.00,580.00,567.50,567.50,40903
4-Apr-14,580.00,580.82,575.00,576.00,9386
3-Apr-14,575.00,581.30,575.00,576.50,9791
2-Apr-14,581.00,581.00,576.00,581.00,57562
1-Apr-14,572.00,576.50,572.00,575.50,42973
31-Mar-14,567.00,574.61,567.00,571.75,33311
28-Mar-14,570.50,574.60,565.00,569.00,21331
27-Mar-14,571.00,573.69,565.50,569.00,66402
26-Mar-14,569.50,574.50,567.13,568.00,42255
25-Mar-14,569.00,569.50,566.00,567.00,17183
24-Mar-14,571.00,571.00,564.50,566.10,20657
21-Mar-14,565.00,571.00,565.00,571.00,64163
20-Mar-14,572.50,572.50,565.50,569.00,29007
19-Mar-14,572.00,576.00,568.00,568.00,21134
18-Mar-14,568.50,576.82,568.50,572.00,15360
17-Mar-14,563.00,573.00,563.00,568.50,29897
14-Mar-14,567.50,570.00,562.00,568.86,42593
13-Mar-14,570.00,575.00,568.50,568.50,10418
12-Mar-14,579.00,579.00,571.00,574.00,47380
11-Mar-14,574.50,578.50,574.00,577.00,7779
10-Mar-14,579.00,580.00,572.00,573.76,36563
7-Mar-14,580.00,583.00,574.50,574.50,19853
6-Mar-14,583.00,583.50,579.50,580.00,13895
5-Mar-14,583.00,585.00,579.00,579.00,36134
4-Mar-14,570.00,582.00,570.00,575.00,78507
3-Mar-14,575.00,576.00,562.00,566.50,73735
28-Feb-14,578.00,584.50,577.00,578.00,50942
27-Feb-14,582.00,582.00,576.50,579.12,11557
26-Feb-14,587.00,587.00,578.50,582.00,25132
25-Feb-14,582.50,583.00,579.00,580.38,69794
24-Feb-14,583.00,583.00,580.00,582.50,8219
21-Feb-14,580.00,586.00,579.00,579.00,39409
20-Feb-14,579.00,580.00,576.00,580.00,58941
19-Feb-14,573.50,582.00,573.50,580.50,24999
18-Feb-14,570.00,581.00,570.00,581.00,36679
17-Feb-14,567.50,575.00,567.50,574.50,36215
14-Feb-14,570.00,573.00,569.50,572.50,43549
13-Feb-14,575.00,575.00,565.50,566.00,33007
12-Feb-14,575.00,578.50,570.50,570.50,35045
11-Feb-14,564.00,574.00,564.00,573.97,31220
10-Feb-14,566.00,568.00,565.00,565.00,38389
7-Feb-14,563.50,570.00,563.50,564.00,45333
6-Feb-14,557.00,563.50,557.00,563.00,39194
5-Feb-14,556.50,558.00,554.50,558.00,54405
4-Feb-14,556.00,556.00,551.00,552.50,38225
3-Feb-14,548.50,558.00,548.50,556.00,58592
31-Jan-14,558.50,559.00,546.00,557.00,82918
30-Jan-14,554.50,559.00,553.50,559.00,29953
29-Jan-14,563.00,566.00,553.00,555.50,59460
28-Jan-14,563.00,567.50,560.00,563.78,49429
27-Jan-14,571.50,571.50,560.00,563.00,38463
24-Jan-14,578.00,578.00,567.00,568.86,40140
23-Jan-14,585.00,589.00,578.00,579.50,35508
22-Jan-14,590.00,590.50,587.50,588.00,10368
21-Jan-14,592.00,593.00,585.00,585.00,27498
20-Jan-14,596.00,596.00,590.00,593.00,29532
17-Jan-14,596.00,598.00,591.00,592.00,35691
16-Jan-14,594.00,598.50,592.00,595.00,44270
15-Jan-14,589.50,594.00,589.50,593.85,34954
14-Jan-14,589.50,590.00,586.50,586.00,19253
13-Jan-14,590.00,593.00,588.50,592.50,48322
10-Jan-14,583.50,593.00,583.50,593.00,45830
9-Jan-14,586.00,590.50,583.50,583.50,8679
8-Jan-14,589.00,593.00,589.00,590.50,2355
7-Jan-14,585.00,593.00,585.00,592.43,34770
6-Jan-14,586.50,590.00,586.00,587.50,37535
3-Jan-14,582.00,587.00,581.00,586.00,25870
2-Jan-14,584.00,588.00,583.50,587.50,6329
31-Dec-13,585.00,585.00,582.50,582.50,849
30-Dec-13,584.00,587.50,582.50,585.00,7674
27-Dec-13,583.00,588.00,583.00,588.00,8299
24-Dec-13,585.00,588.00,585.00,588.00,10289
23-Dec-13,579.50,585.00,579.50,582.00,10088
20-Dec-13,584.50,586.00,579.00,584.21,67123
19-Dec-13,584.00,584.00,579.00,582.50,43300
18-Dec-13,580.00,581.00,574.00,579.00,56291
17-Dec-13,584.00,584.00,575.00,576.25,72065
16-Dec-13,571.00,580.00,571.00,580.00,46195
13-Dec-13,570.00,577.00,570.00,572.00,16594
12-Dec-13,575.50,575.50,569.50,570.00,26215
11-Dec-13,578.00,580.50,575.50,578.50,58338
10-Dec-13,583.00,583.00,579.50,582.50,17626
9-Dec-13,578.00,587.00,578.00,580.00,32272
6-Dec-13,577.50,579.50,573.00,579.50,23053
5-Dec-13,576.50,577.00,572.00,572.00,32337
4-Dec-13,575.50,577.50,574.00,575.50,29611
3-Dec-13,580.50,580.50,574.50,577.50,47769
2-Dec-13,589.00,589.00,580.50,582.50,22797
29-Nov-13,590.00,590.00,586.00,589.00,30962
28-Nov-13,586.50,589.50,584.00,589.50,33777
27-Nov-13,585.50,587.00,583.50,587.00,22794
26-Nov-13,587.00,587.00,584.00,586.00,7292
25-Nov-13,584.00,587.00,582.50,587.00,12414
22-Nov-13,580.00,582.50,578.00,578.00,26074
21-Nov-13,581.00,587.00,580.00,580.00,47862
20-Nov-13,583.00,587.00,583.00,583.00,23714
19-Nov-13,583.50,587.50,583.50,587.50,3016
18-Nov-13,583.00,588.00,582.50,585.00,41403
15-Nov-13,584.00,584.00,580.00,580.00,22019
14-Nov-13,576.00,582.50,576.00,579.00,1774
13-Nov-13,579.00,580.50,572.00,577.75,57412
12-Nov-13,581.00,583.50,580.00,582.20,12773
11-Nov-13,579.50,583.50,579.50,580.50,11984
8-Nov-13,575.00,582.00,575.00,576.00,44180
7-Nov-13,585.00,587.00,576.00,576.00,43666
6-Nov-13,586.00,586.00,582.00,585.00,32069
5-Nov-13,584.00,584.00,579.00,584.00,11785
4-Nov-13,584.50,584.50,579.00,580.00,20409
1-Nov-13,582.00,582.00,578.00,579.00,12743
31-Oct-13,578.00,584.00,578.00,579.50,46935
30-Oct-13,575.00,584.00,575.00,584.00,31844
29-Oct-13,572.50,578.00,572.50,575.50,24646
28-Oct-13,573.00,574.50,572.00,573.00,18295
25-Oct-13,576.00,578.50,572.00,572.00,39471
24-Oct-13,579.00,582.00,577.00,577.00,12878
23-Oct-13,583.00,583.00,579.00,579.00,15830
22-Oct-13,576.00,586.00,576.00,581.00,35097
21-Oct-13,573.00,577.00,572.50,577.00,33016
18-Oct-13,568.00,573.00,568.00,571.89,10710
17-Oct-13,574.00,574.00,568.00,569.89,12452
16-Oct-13,570.00,574.00,563.00,574.00,45659
15-Oct-13,571.00,573.50,566.00,569.50,35066
14-Oct-13,564.00,571.00,563.00,565.00,37286
11-Oct-13,560.00,564.00,560.00,560.00,17818
10-Oct-13,557.00,561.00,556.00,561.00,8161
9-Oct-13,558.50,558.50,552.50,554.00,64388
8-Oct-13,562.00,562.00,554.00,554.58,20001
7-Oct-13,566.00,566.00,557.50,559.00,27050
4-Oct-13,561.50,564.50,560.00,560.00,11681
3-Oct-13,563.00,563.50,560.50,560.50,49438
2-Oct-13,565.50,565.50,562.00,563.50,5884
1-Oct-13,563.50,567.50,563.00,564.00,124352
30-Sep-13,566.00,567.00,563.50,567.00,6784
27-Sep-13,574.50,574.50,568.50,570.00,19093
26-Sep-13,570.50,576.00,570.50,573.00,21826
25-Sep-13,575.00,575.00,570.50,573.00,33984
24-Sep-13,567.50,576.00,567.50,576.16,27783
20-Sep-13,572.00,576.50,572.00,572.00,62778
19-Sep-13,574.00,580.00,570.00,573.00,67714
18-Sep-13,569.00,575.00,569.00,571.00,21512
17-Sep-13,570.00,576.00,570.00,573.50,42915
16-Sep-13,578.00,578.00,571.50,575.46,9562
13-Sep-13,572.00,574.00,571.50,575.00,9204
12-Sep-13,575.00,576.00,570.00,575.00,15139
11-Sep-13,575.00,575.00,572.00,560.00,26778
10-Sep-13,571.00,575.50,570.00,565.50,42566
9-Sep-13,559.00,571.00,559.00,561.25,57383
6-Sep-13,565.00,570.50,559.00,561.74,61166
5-Sep-13,565.00,587.50,562.00,561.50,54737
4-Sep-13,556.00,563.50,556.00,559.00,73450
3-Sep-13,562.00,563.50,557.50,562.41,49601
2-Sep-13,550.50,562.50,550.50,562.50,48050
30-Aug-13,552.00,557.50,550.50,550.50,14239
29-Aug-13,555.00,556.50,552.50,554.00,17883
28-Aug-13,555.00,555.00,547.50,559.04,30706
27-Aug-13,553.50,557.00,552.50,556.50,33382
23-Aug-13,550.00,559.00,548.00,559.00,37912
22-Aug-13,546.00,550.00,542.50,548.00,30395
21-Aug-13,548.00,548.00,541.50,546.00,34626
20-Aug-13,548.00,548.00,541.50,546.50,21888
19-Aug-13,548.00,549.00,542.50,549.00,9799
16-Aug-13,541.00,548.00,541.00,543.85,21173
15-Aug-13,560.00,560.00,540.00,564.50,28420
14-Aug-13,565.00,566.50,560.00,560.00,25517
13-Aug-13,564.00,567.50,562.50,564.00,15178
12-Aug-13,565.50,565.50,558.00,558.50,9889
9-Aug-13,559.00,565.50,558.00,561.00,24437
8-Aug-13,556.00,561.00,555.00,562.25,14587
7-Aug-13,560.00,565.00,552.50,561.50,8864
6-Aug-13,563.50,566.50,560.00,563.00,13946
5-Aug-13,564.00,568.00,561.00,563.00,26642
2-Aug-13,569.00,569.00,561.00,565.00,23992
1-Aug-13,571.00,571.00,565.00,568.50,60117
31-Jul-13,568.00,574.50,565.00,567.00,25516
30-Jul-13,568.00,569.50,562.50,569.50,3636
29-Jul-13,566.50,566.50,561.50,566.50,5892
26-Jul-13,566.00,567.50,560.00,560.00,9545
25-Jul-13,570.00,570.00,560.50,561.50,22069
24-Jul-13,572.00,577.00,567.50,571.00,24925
23-Jul-13,580.50,582.00,576.00,582.00,15673
22-Jul-13,576.00,578.50,575.00,576.00,13421
19-Jul-13,579.00,579.40,576.00,576.00,8641
18-Jul-13,576.50,581.00,573.00,579.00,41213
17-Jul-13,578.50,580.50,567.50,576.50,42299
16-Jul-13,572.00,578.17,572.00,577.00,12831
15-Jul-13,578.00,579.17,572.96,574.00,23208
12-Jul-13,572.38,575.00,568.50,571.00,3615
11-Jul-13,575.00,580.50,568.50,568.50,25967
10-Jul-13,577.66,577.66,568.50,574.50,24691
9-Jul-13,568.50,582.50,567.68,582.50,41981
8-Jul-13,561.50,568.00,555.50,568.00,41353
5-Jul-13,552.50,558.00,550.70,555.00,60552
4-Jul-13,543.00,553.00,536.50,553.00,57194
3-Jul-13,537.00,537.59,528.26,537.00,50807
2-Jul-13,533.50,537.00,531.00,537.00,38194
1-Jul-13,532.50,532.50,526.51,531.50,81512
28-Jun-13,528.50,532.90,525.00,530.97,24522
27-Jun-13,528.00,533.00,521.50,529.00,37898
26-Jun-13,518.50,526.00,518.50,522.50,21349
25-Jun-13,515.00,524.50,515.00,518.00,55046
24-Jun-13,521.00,523.66,517.50,520.00,37310
21-Jun-13,520.50,527.99,520.50,526.00,93915
20-Jun-13,530.00,531.50,519.00,524.00,55672
19-Jun-13,532.50,538.00,532.50,535.00,59295
18-Jun-13,530.00,537.00,529.22,537.00,33561
17-Jun-13,524.00,528.77,524.00,526.50,60358
14-Jun-13,529.00,530.00,524.00,525.00,9183
13-Jun-13,524.50,528.00,516.50,525.50,52269
12-Jun-13,528.50,533.86,526.50,526.50,29878
11-Jun-13,534.00,536.40,529.00,529.00,13969
10-Jun-13,537.50,539.00,535.00,535.00,6024
7-Jun-13,530.00,537.50,528.51,537.50,23342
6-Jun-13,532.00,536.00,530.00,530.00,35656
5-Jun-13,545.00,548.49,532.50,534.00,58909
4-Jun-13,550.00,551.34,545.00,545.00,27471
3-Jun-13,545.00,548.98,541.50,546.50,31975
31-May-13,547.00,553.00,546.00,547.50,20931
30-May-13,554.00,555.00,548.00,555.00,22237
29-May-13,560.00,560.00,551.00,554.00,33326
28-May-13,553.50,560.50,551.76,560.50,14177
24-May-13,551.50,558.47,545.00,545.00,41010
23-May-13,562.50,562.50,550.00,550.00,37183
22-May-13,555.00,569.00,552.50,569.00,72523
21-May-13,554.00,556.00,550.50,556.00,12399
20-May-13,547.00,555.50,547.00,555.50,11954
17-May-13,550.00,552.00,547.50,551.50,17698
16-May-13,549.50,550.00,547.00,550.00,10983
15-May-13,550.69,551.06,546.00,549.00,20821
14-May-13,541.00,551.00,541.00,551.00,37117
13-May-13,546.00,546.00,540.16,544.00,22184
10-May-13,541.00,545.28,541.00,544.00,16121
9-May-13,546.00,546.00,540.95,541.00,20054
8-May-13,544.00,546.00,543.33,544.50,14881
7-May-13,541.00,544.00,536.24,541.00,9757
3-May-13,535.00,541.00,531.00,541.00,33114
2-May-13,535.87,536.00,531.50,532.00,25793
1-May-13,532.00,536.00,530.85,536.00,33011
30-Apr-13,534.00,536.50,532.50,536.50,25863
29-Apr-13,534.50,536.00,530.51,536.00,5593
26-Apr-13,532.00,535.00,529.00,535.00,10902
25-Apr-13,536.00,536.00,528.21,531.50,16146
24-Apr-13,531.00,536.00,527.68,536.00,30698
23-Apr-13,526.00,531.50,523.50,531.50,17259
22-Apr-13,523.00,528.50,523.00,528.50,12645
19-Apr-13,520.00,525.00,520.00,522.00,17214
18-Apr-13,521.50,525.00,518.01,525.00,38172
17-Apr-13,523.00,524.50,519.00,519.00,12318
16-Apr-13,518.00,524.50,518.00,524.50,20544
15-Apr-13,523.50,524.50,518.81,524.50,17777
12-Apr-13,524.50,535.00,520.50,523.50,19746
11-Apr-13,522.50,527.00,519.51,527.00,23521
10-Apr-13,519.25,522.00,516.26,522.00,18845
9-Apr-13,514.00,518.50,512.50,515.50,39609
8-Apr-13,515.00,517.00,512.00,512.00,9582
5-Apr-13,523.00,523.00,509.00,515.00,44228
4-Apr-13,525.00,525.00,518.00,519.00,16906
3-Apr-13,524.00,525.00,521.00,524.00,40010
2-Apr-13,522.50,524.20,519.58,523.50,40408
28-Mar-13,520.00,524.50,517.75,524.50,34852
27-Mar-13,520.50,524.19,515.00,515.00,40424
26-Mar-13,520.00,524.00,520.00,524.00,36029
25-Mar-13,519.50,524.00,519.01,524.00,16843
22-Mar-13,510.00,519.00,509.50,519.00,41333
21-Mar-13,521.00,521.00,510.25,515.00,27877
20-Mar-13,517.00,518.90,514.00,514.00,25487
19-Mar-13,518.50,518.50,514.00,514.50,27976
18-Mar-13,518.00,518.60,512.50,518.50,52438
15-Mar-13,520.00,524.50,520.00,522.50,88476
14-Mar-13,524.50,524.50,520.00,522.00,72972
13-Mar-13,529.50,529.50,520.00,520.00,70959
12-Mar-13,530.00,530.00,525.80,526.50,15880
11-Mar-13,525.50,529.00,525.50,528.00,7590
8-Mar-13,522.00,529.00,522.00,528.50,11985
7-Mar-13,519.00,525.00,519.00,525.00,8247
6-Mar-13,517.00,525.00,517.00,522.00,30056
5-Mar-13,515.00,521.00,513.00,518.00,13131
4-Mar-13,510.00,515.28,509.81,514.50,27562
1-Mar-13,515.00,517.00,512.19,516.50,42800
28-Feb-13,517.50,518.29,513.10,516.00,53068
27-Feb-13,512.00,518.80,509.50,514.00,55141
26-Feb-13,514.00,516.00,511.40,516.00,10175
25-Feb-13,512.99,520.00,511.00,511.00,14475
22-Feb-13,511.50,513.50,508.50,512.50,10411
21-Feb-13,511.50,517.49,505.00,505.00,17302
20-Feb-13,510.00,522.50,510.00,515.00,32075
19-Feb-13,501.50,514.00,501.50,510.00,32306
18-Feb-13,508.50,508.89,504.71,506.50,5649
15-Feb-13,505.00,510.00,503.50,510.00,10920
14-Feb-13,508.00,509.50,502.00,505.50,16224
13-Feb-13,507.19,512.00,503.31,512.00,14567
12-Feb-13,503.50,508.00,500.00,508.00,10183
11-Feb-13,499.80,502.00,496.50,502.00,14463
8-Feb-13,492.80,498.76,492.80,496.00,10070
7-Feb-13,492.10,498.11,488.00,488.00,22618
6-Feb-13,499.90,499.90,492.78,494.00,5915
5-Feb-13,497.10,497.10,491.00,491.00,10108
4-Feb-13,491.20,498.99,491.20,491.30,34940
1-Feb-13,494.90,497.50,491.31,497.50,12394
31-Jan-13,501.00,501.18,491.00,491.50,55082
30-Jan-13,501.00,503.20,496.30,496.30,61180
29-Jan-13,498.00,507.00,492.30,507.00,55342
28-Jan-13,491.80,498.00,490.54,498.00,7856
25-Jan-13,489.70,492.40,486.24,492.40,6293
24-Jan-13,484.50,490.60,481.81,490.60,10461
23-Jan-13,483.00,485.00,482.36,485.00,7502
22-Jan-13,482.30,486.58,482.10,486.00,8810
21-Jan-13,476.70,485.60,473.19,485.60,27561
18-Jan-13,477.60,479.00,473.48,479.00,9575
17-Jan-13,472.50,475.00,470.27,475.00,16028
16-Jan-13,467.00,474.39,467.00,470.60,17187
15-Jan-13,473.20,474.49,470.00,470.50,9302
14-Jan-13,476.50,476.50,471.00,471.00,29004
11-Jan-13,467.00,475.00,467.00,470.10,29391
10-Jan-13,474.50,477.69,469.50,472.00,19522
9-Jan-13,473.90,477.40,469.39,473.90,19612
8-Jan-13,471.50,476.29,468.10,468.10,22088
7-Jan-13,471.00,477.00,467.30,477.00,22620
4-Jan-13,470.00,472.00,467.51,472.00,5465
3-Jan-13,471.90,471.90,468.40,469.00,31817
2-Jan-13,465.90,472.00,465.70,472.00,24477
