31-Dec-15,314.30,315.92,310.10,310.10,31949
30-Dec-15,312.50,317.00,312.50,315.00,57988
29-Dec-15,307.30,319.30,307.30,319.30,81793
24-Dec-15,312.50,312.50,309.06,309.80,22370
23-Dec-15,306.60,314.30,304.30,312.70,105399
22-Dec-15,308.00,311.00,306.00,306.30,89800
21-Dec-15,301.30,310.20,301.30,307.70,197884
18-Dec-15,299.30,305.00,298.00,303.40,215751
16-Dec-15,285.10,293.50,285.10,293.50,138185
15-Dec-15,286.50,293.60,286.00,291.30,84415
14-Dec-15,285.00,290.90,285.00,289.90,135964
11-Dec-15,291.80,291.80,285.10,287.10,136405
10-Dec-15,290.00,291.00,284.40,289.10,115714
9-Dec-15,290.00,290.00,282.10,287.70,156460
8-Dec-15,291.90,291.90,284.80,285.20,201157
7-Dec-15,287.00,296.01,285.40,285.80,119754
4-Dec-15,293.10,295.00,284.70,293.30,213479
3-Dec-15,270.00,290.40,259.99,288.00,333319
2-Dec-15,263.90,273.20,259.10,264.80,407053
1-Dec-15,258.00,264.20,254.92,257.50,181848
30-Nov-15,262.00,263.10,256.50,261.00,270795
27-Nov-15,262.00,262.00,256.00,256.90,122935
26-Nov-15,257.00,261.60,255.00,260.10,73742
25-Nov-15,264.20,264.20,257.50,257.50,98423
24-Nov-15,265.20,265.34,260.00,261.30,100139
23-Nov-15,268.00,268.10,260.10,266.50,157339
20-Nov-15,265.00,265.00,261.00,265.00,103767
19-Nov-15,265.00,265.00,257.10,262.50,316841
18-Nov-15,263.00,263.00,255.50,259.00,50572
17-Nov-15,263.00,264.00,259.00,259.60,163922
16-Nov-15,257.00,261.00,257.00,258.00,89473
13-Nov-15,260.20,261.00,256.50,260.00,161086
12-Nov-15,273.90,273.90,261.00,262.80,57050
11-Nov-15,269.00,270.60,265.70,268.20,63788
10-Nov-15,262.60,266.80,259.20,263.90,96347
9-Nov-15,268.10,271.90,262.40,266.90,127252
6-Nov-15,272.50,272.50,264.50,267.50,103217
5-Nov-15,276.90,276.90,266.70,267.20,54801
4-Nov-15,278.00,278.00,270.00,270.00,67515
3-Nov-15,268.50,276.10,268.50,273.80,74233
2-Nov-15,270.00,274.70,270.00,272.00,96106
30-Oct-15,264.00,271.70,264.00,270.00,76663
29-Oct-15,266.50,270.70,266.10,269.05,85214
28-Oct-15,258.40,268.00,257.60,266.90,80763
27-Oct-15,255.00,258.80,255.00,258.10,43147
26-Oct-15,258.40,260.00,255.20,257.70,99182
23-Oct-15,258.40,263.00,254.40,263.00,123350
22-Oct-15,257.30,260.70,251.70,259.40,95638
21-Oct-15,255.90,255.90,251.00,254.00,133216
20-Oct-15,257.00,257.00,251.10,254.80,137241
19-Oct-15,250.30,252.30,247.70,251.00,162810
16-Oct-15,258.90,260.20,249.30,250.00,145306
15-Oct-15,260.00,260.80,256.50,259.50,114102
14-Oct-15,259.10,259.90,253.70,256.30,117516
13-Oct-15,259.00,261.90,251.60,253.80,133653
12-Oct-15,263.10,266.40,260.60,261.90,98552
9-Oct-15,262.90,269.70,262.90,265.30,81983
8-Oct-15,267.50,269.70,263.20,266.70,188193
7-Oct-15,267.60,270.60,262.70,269.30,184519
6-Oct-15,256.90,268.00,256.50,267.60,306538
5-Oct-15,249.40,255.50,249.40,253.50,146722
2-Oct-15,254.00,260.90,249.00,249.00,233863
1-Oct-15,259.70,260.70,254.80,254.80,240023
30-Sep-15,265.50,265.70,256.50,257.00,184744
29-Sep-15,265.80,265.80,259.70,260.10,252116
28-Sep-15,268.80,270.30,265.40,265.80,120196
25-Sep-15,275.30,275.90,269.56,269.60,155638
24-Sep-15,285.10,287.66,270.00,271.60,299376
23-Sep-15,289.20,290.00,285.50,285.50,818031
22-Sep-15,293.30,294.10,287.90,292.00,366592
21-Sep-15,290.00,293.80,290.00,292.50,93102
18-Sep-15,288.60,293.50,287.20,293.30,353223
17-Sep-15,280.00,289.00,278.38,288.30,505517
16-Sep-15,279.20,280.50,277.20,279.15,52438
15-Sep-15,276.40,280.20,274.60,278.90,38523
14-Sep-15,278.90,281.30,276.80,278.80,67069
11-Sep-15,275.10,280.00,273.80,280.00,82389
10-Sep-15,276.40,277.00,274.50,276.00,121259
9-Sep-15,283.00,283.00,276.50,276.80,178689
8-Sep-15,278.50,280.00,276.80,277.30,103527
7-Sep-15,280.90,281.00,277.20,278.66,78887
4-Sep-15,278.80,280.60,277.30,278.20,111484
3-Sep-15,278.50,283.50,278.00,281.00,95120
2-Sep-15,278.00,280.50,274.04,277.00,106411
1-Sep-15,280.20,280.20,272.40,275.80,91690
28-Aug-15,280.80,283.40,277.30,283.40,116953
27-Aug-15,280.80,283.70,276.39,280.80,147926
26-Aug-15,276.00,279.50,272.90,275.80,191482
25-Aug-15,279.10,285.00,278.60,281.00,236636
24-Aug-15,283.20,285.50,270.60,277.10,270683
21-Aug-15,295.00,295.70,290.30,291.00,185631
20-Aug-15,295.70,297.50,294.50,295.00,128327
19-Aug-15,295.90,299.30,294.50,297.00,117539
18-Aug-15,299.60,301.40,298.00,298.00,84678
17-Aug-15,300.60,301.30,294.80,298.60,120872
14-Aug-15,299.30,301.80,298.10,299.70,75593
13-Aug-15,299.50,301.70,297.90,300.00,112945
12-Aug-15,299.70,299.70,292.10,294.50,172954
11-Aug-15,306.80,306.80,299.20,300.80,123649
10-Aug-15,310.70,310.70,306.60,308.40,124766
7-Aug-15,311.00,311.00,306.30,307.85,236942
6-Aug-15,313.60,314.50,311.60,312.30,131080
5-Aug-15,310.30,313.80,310.20,312.79,116534
4-Aug-15,313.40,313.40,308.80,311.40,78969
3-Aug-15,315.30,316.00,311.50,312.00,117260
31-Jul-15,315.40,315.40,311.30,315.10,146508
30-Jul-15,314.00,314.90,311.70,313.00,304836
29-Jul-15,311.90,312.00,309.00,310.50,192228
28-Jul-15,306.80,310.00,306.80,307.30,301009
27-Jul-15,312.40,312.40,305.50,307.64,248354
24-Jul-15,317.10,319.70,310.00,311.20,137524
23-Jul-15,322.00,322.00,317.20,318.10,71636
22-Jul-15,314.10,320.70,314.10,317.80,72893
21-Jul-15,319.10,323.50,317.80,320.10,293214
20-Jul-15,320.60,326.00,319.90,321.00,94212
17-Jul-15,321.50,322.60,318.50,319.90,96215
16-Jul-15,318.30,320.10,317.50,319.00,156254
15-Jul-15,318.10,319.20,315.50,318.10,127673
14-Jul-15,326.20,326.20,315.10,316.32,345231
13-Jul-15,311.90,325.54,306.84,324.70,256313
10-Jul-15,292.00,308.60,292.00,308.60,245619
9-Jul-15,287.20,290.20,285.20,290.20,161604
8-Jul-15,287.70,287.70,282.50,284.60,138204
7-Jul-15,287.10,290.27,284.90,284.90,255089
6-Jul-15,293.00,293.00,288.00,288.70,205614
3-Jul-15,296.40,297.50,292.30,293.60,161277
2-Jul-15,296.10,299.53,292.10,294.90,204894
1-Jul-15,296.00,300.78,295.10,300.00,163357
30-Jun-15,291.90,295.50,289.10,291.90,291885
29-Jun-15,295.20,297.90,290.90,292.20,301216
26-Jun-15,295.00,298.40,293.30,295.50,308942
25-Jun-15,297.60,297.70,294.27,296.00,166938
24-Jun-15,301.20,301.20,294.00,296.40,81690
23-Jun-15,298.00,300.00,296.50,298.00,201628
22-Jun-15,293.40,296.00,291.70,293.84,207397
19-Jun-15,292.00,295.64,290.00,292.00,571456
18-Jun-15,299.00,299.00,292.00,292.50,121340
17-Jun-15,294.50,298.00,294.50,296.70,226130
16-Jun-15,294.20,299.60,293.20,296.30,141956
15-Jun-15,305.00,305.00,294.30,296.90,234466
12-Jun-15,306.00,306.69,303.00,304.60,125787
11-Jun-15,309.30,309.30,305.20,306.00,163198
10-Jun-15,307.10,308.20,305.00,307.70,231398
9-Jun-15,318.50,318.50,307.22,308.00,192767
8-Jun-15,315.30,317.00,310.00,310.87,60053
5-Jun-15,322.00,322.12,309.00,314.10,215582
4-Jun-15,332.60,332.60,320.20,323.50,193008
3-Jun-15,326.60,332.60,320.80,330.30,256337
2-Jun-15,320.50,323.90,316.43,320.40,305500
1-Jun-15,317.10,322.70,315.40,321.00,219887
29-May-15,320.90,326.00,319.80,323.60,255677
28-May-15,321.00,328.80,315.00,323.78,317856
27-May-15,354.00,354.00,314.00,348.00,590595
26-May-15,360.00,360.00,349.70,352.90,59923
22-May-15,360.00,360.00,355.00,356.00,147960
21-May-15,357.00,358.40,354.00,356.40,88174
20-May-15,349.80,361.00,349.80,358.30,160323
19-May-15,345.00,359.60,345.00,359.60,120899
18-May-15,351.00,352.00,347.90,349.00,71700
15-May-15,342.90,352.00,342.90,351.00,123893
14-May-15,342.70,350.00,342.70,348.00,166223
13-May-15,350.00,352.30,345.50,351.50,76618
12-May-15,346.90,347.90,343.60,346.00,67002
11-May-15,352.00,352.60,348.37,350.50,91599
8-May-15,342.20,360.50,342.01,345.70,416116
7-May-15,334.00,334.80,319.09,333.80,144166
6-May-15,339.20,340.20,330.10,337.60,82638
5-May-15,340.00,340.00,334.80,337.30,179688
1-May-15,338.00,340.00,338.00,339.20,51974
30-Apr-15,331.60,340.40,331.60,339.40,94246
29-Apr-15,330.40,340.60,330.40,338.00,117685
28-Apr-15,330.40,339.50,330.40,339.40,102544
27-Apr-15,325.70,337.60,325.70,336.60,42100
24-Apr-15,330.80,334.70,329.50,334.00,91015
23-Apr-15,325.00,331.70,325.00,330.00,82976
22-Apr-15,322.80,329.20,322.80,325.00,94291
21-Apr-15,320.00,329.00,320.00,328.90,55311
20-Apr-15,315.20,324.90,315.20,322.30,64399
17-Apr-15,321.50,322.42,317.64,319.35,84837
16-Apr-15,328.70,328.70,319.60,321.00,130339
15-Apr-15,315.00,323.00,315.00,321.20,63687
14-Apr-15,314.30,322.80,314.30,322.80,92469
13-Apr-15,322.80,322.80,319.66,322.10,40023
10-Apr-15,322.30,322.70,318.70,322.50,88998
9-Apr-15,320.00,322.10,313.82,320.30,131513
8-Apr-15,315.90,320.40,315.40,317.40,89828
7-Apr-15,315.40,322.81,315.40,317.90,117095
2-Apr-15,313.70,321.50,310.66,319.90,122524
1-Apr-15,303.90,311.10,303.90,309.10,169035
31-Mar-15,305.60,311.40,305.60,310.50,225505
30-Mar-15,308.00,319.90,308.00,314.50,176798
27-Mar-15,308.00,314.80,308.00,312.60,84608
26-Mar-15,314.00,314.80,308.00,309.10,156876
25-Mar-15,327.00,327.00,315.30,317.40,79314
24-Mar-15,326.20,327.00,319.04,325.00,108892
23-Mar-15,317.50,322.98,317.00,318.10,120477
20-Mar-15,319.10,323.40,317.00,322.00,330195
19-Mar-15,325.00,325.00,317.40,318.00,61821
18-Mar-15,307.50,323.30,307.50,318.86,90438
17-Mar-15,310.00,314.15,308.04,312.00,47149
16-Mar-15,310.70,315.20,305.57,314.60,116594
13-Mar-15,306.30,309.79,304.96,308.00,36231
12-Mar-15,306.00,313.30,306.00,307.70,108957
11-Mar-15,304.00,309.50,302.00,308.00,151411
10-Mar-15,302.00,307.18,302.00,305.70,67454
9-Mar-15,302.20,311.90,302.20,308.57,61398
6-Mar-15,312.00,312.00,306.50,308.20,77666
5-Mar-15,308.00,311.00,302.10,310.45,115041
4-Mar-15,312.00,314.12,306.20,310.00,76183
3-Mar-15,320.00,320.00,306.10,309.80,88013
2-Mar-15,312.50,318.00,311.20,311.80,39018
27-Feb-15,310.60,317.70,310.60,313.67,101358
26-Feb-15,307.70,314.30,307.70,310.00,79337
25-Feb-15,307.10,312.40,307.10,312.20,188096
24-Feb-15,306.10,309.90,305.90,309.20,71224
23-Feb-15,301.90,309.50,299.50,308.20,78862
20-Feb-15,303.30,305.50,300.10,301.00,102005
19-Feb-15,303.90,306.51,303.30,305.50,57709
18-Feb-15,300.40,306.70,298.70,305.80,115274
17-Feb-15,291.00,300.20,291.00,300.20,97198
16-Feb-15,294.00,294.00,288.78,293.40,52855
13-Feb-15,284.50,292.40,284.50,290.50,128704
12-Feb-15,281.50,290.00,281.50,288.30,42805
11-Feb-15,281.70,287.80,281.70,285.30,90521
10-Feb-15,289.50,289.50,282.50,287.90,99422
9-Feb-15,294.30,294.30,282.50,282.60,97534
6-Feb-15,282.20,291.30,282.20,286.40,81288
5-Feb-15,293.00,293.00,283.10,290.00,94438
4-Feb-15,296.90,296.90,284.68,286.00,129489
3-Feb-15,300.10,300.10,289.50,290.70,66183
2-Feb-15,299.40,299.40,289.70,292.50,89152
30-Jan-15,300.80,300.80,291.10,293.40,114333
29-Jan-15,293.00,295.10,291.70,292.20,170525
28-Jan-15,293.00,299.00,291.32,298.00,129886
27-Jan-15,304.00,307.09,298.30,304.50,107592
26-Jan-15,299.90,303.90,295.00,300.00,58453
23-Jan-15,300.00,300.00,291.30,298.12,76788
22-Jan-15,296.20,296.20,285.70,294.00,199642
21-Jan-15,297.40,297.40,286.76,289.00,79312
20-Jan-15,295.10,295.10,288.00,290.10,65716
19-Jan-15,287.00,291.80,287.00,290.50,42888
16-Jan-15,283.00,288.60,283.00,286.60,100008
15-Jan-15,285.60,287.40,282.17,285.00,117657
14-Jan-15,285.10,291.20,283.00,285.20,73972
13-Jan-15,294.80,294.80,286.30,290.50,75064
12-Jan-15,290.90,297.24,287.50,288.40,73449
9-Jan-15,290.60,294.80,290.20,292.00,59732
8-Jan-15,292.30,292.30,287.50,287.50,154224
7-Jan-15,285.00,290.70,285.00,286.00,97880
6-Jan-15,296.60,296.60,286.50,287.60,56334
5-Jan-15,289.20,300.00,289.20,291.10,86618
31-Dec-14,291.60,298.69,291.60,298.00,56490
30-Dec-14,297.40,297.40,289.30,294.30,52667
29-Dec-14,302.30,302.30,290.90,292.30,51696
24-Dec-14,300.90,300.90,294.10,296.50,15339
23-Dec-14,301.60,301.60,290.00,295.70,82417
22-Dec-14,302.10,302.10,294.20,300.00,56921
19-Dec-14,289.60,300.00,289.60,295.40,353629
18-Dec-14,288.20,297.00,287.96,293.30,117706
17-Dec-14,285.20,291.80,285.20,287.50,280304
16-Dec-14,285.00,292.10,285.00,291.60,334848
15-Dec-14,280.00,288.00,280.00,286.50,191176
12-Dec-14,280.00,285.60,279.20,285.50,279398
11-Dec-14,281.60,285.30,278.00,284.88,249627
10-Dec-14,290.30,290.30,282.00,282.40,98579
9-Dec-14,292.50,292.50,284.00,284.90,86496
8-Dec-14,294.00,294.00,286.50,287.50,81391
5-Dec-14,285.00,292.60,283.00,287.00,106998
4-Dec-14,291.20,292.00,283.10,284.10,88149
3-Dec-14,273.00,290.83,273.00,289.20,206251
2-Dec-14,273.00,278.97,273.00,278.80,71840
1-Dec-14,273.00,276.80,273.00,275.00,97555
28-Nov-14,271.50,278.50,271.50,278.10,49105
27-Nov-14,268.00,278.20,267.80,278.10,127662
26-Nov-14,271.80,274.50,266.02,271.90,232622
25-Nov-14,271.10,271.10,264.08,265.70,148376
24-Nov-14,266.80,268.90,264.00,265.10,60796
21-Nov-14,266.00,270.70,265.30,266.80,65887
20-Nov-14,267.90,267.97,264.50,265.00,80331
19-Nov-14,275.20,275.20,266.50,266.50,83788
18-Nov-14,275.50,275.50,269.90,271.30,65396
17-Nov-14,273.20,273.20,269.70,271.90,70615
14-Nov-14,276.50,276.50,270.30,270.30,34507
13-Nov-14,275.10,275.10,269.20,271.70,43663
12-Nov-14,277.10,279.70,269.30,270.00,73806
11-Nov-14,277.00,285.30,274.30,274.40,88760
10-Nov-14,274.80,278.30,272.00,276.00,46959
7-Nov-14,286.70,286.70,277.30,277.70,69199
6-Nov-14,278.90,282.90,275.40,281.10,101358
5-Nov-14,283.60,284.40,274.40,276.70,164322
4-Nov-14,281.50,284.68,277.40,280.70,151533
3-Nov-14,289.20,289.20,280.00,281.10,73487
31-Oct-14,281.40,286.50,280.00,283.90,145448
30-Oct-14,269.10,279.60,269.10,277.00,106004
29-Oct-14,274.20,278.00,268.90,272.80,55965
28-Oct-14,274.10,274.10,265.20,270.00,89530
27-Oct-14,276.30,276.30,266.50,267.70,83060
24-Oct-14,271.70,272.70,264.40,270.30,67317
23-Oct-14,274.60,274.60,265.30,268.40,93929
22-Oct-14,268.70,277.00,268.26,271.40,228952
21-Oct-14,260.60,265.90,258.90,264.50,117073
20-Oct-14,253.20,261.30,253.20,261.30,81772
17-Oct-14,241.90,258.90,241.90,257.60,198971
16-Oct-14,245.70,250.16,236.80,246.50,231398
15-Oct-14,254.00,256.30,246.14,248.10,85539
14-Oct-14,243.60,254.00,241.68,245.57,185699
13-Oct-14,248.00,250.70,243.00,246.40,89805
10-Oct-14,251.80,255.00,248.50,251.30,119592
9-Oct-14,261.70,265.00,251.00,251.00,140214
8-Oct-14,267.20,267.20,256.43,257.30,87208
7-Oct-14,267.50,267.50,260.20,261.70,137986
6-Oct-14,263.30,269.80,263.30,266.00,172473
3-Oct-14,266.70,269.70,263.60,265.10,141467
2-Oct-14,273.90,273.90,264.30,267.19,182033
1-Oct-14,269.10,275.80,267.17,269.50,196063
30-Sep-14,279.60,279.60,269.40,272.50,192119
29-Sep-14,277.50,277.50,271.50,275.00,70535
26-Sep-14,268.30,273.90,268.30,272.40,44417
25-Sep-14,275.70,279.80,269.70,270.50,57591
24-Sep-14,282.70,284.00,272.40,276.00,147445
23-Sep-14,286.70,286.70,278.70,279.10,69868
22-Sep-14,279.80,285.70,279.80,281.60,71567
19-Sep-14,286.80,290.20,282.50,286.50,300734
18-Sep-14,274.20,283.40,274.20,282.60,74993
17-Sep-14,279.70,282.10,276.70,278.60,79404
16-Sep-14,275.00,277.20,271.20,276.80,90437
15-Sep-14,272.70,278.30,272.70,277.00,136136
12-Sep-14,268.00,278.10,268.00,276.90,152392
11-Sep-14,267.90,279.40,267.40,270.00,188778
10-Sep-14,278.90,280.00,268.20,269.60,218241
9-Sep-14,278.70,279.21,268.70,273.00,201760
8-Sep-14,287.00,287.00,270.50,275.10,171213
5-Sep-14,293.00,297.00,288.40,288.80,58718
4-Sep-14,295.40,295.40,288.20,293.40,44629
3-Sep-14,297.80,298.40,290.20,290.20,54583
2-Sep-14,298.20,298.76,290.50,294.00,57911
1-Sep-14,300.60,300.60,291.20,293.00,67295
29-Aug-14,295.50,298.83,293.55,295.00,50261
28-Aug-14,292.10,294.80,291.60,294.00,87084
27-Aug-14,284.80,293.00,284.40,292.10,77430
26-Aug-14,287.70,287.70,281.08,284.00,44035
22-Aug-14,278.90,287.00,278.40,286.90,60476
21-Aug-14,284.00,284.00,277.40,279.80,74516
20-Aug-14,295.70,295.70,278.20,280.20,219480
19-Aug-14,292.90,294.60,290.60,291.80,30744
18-Aug-14,294.10,294.10,286.16,291.50,26256
15-Aug-14,296.20,296.20,288.30,289.20,40505
14-Aug-14,290.80,293.30,286.70,288.30,149694
13-Aug-14,294.00,294.00,285.00,285.90,92244
12-Aug-14,299.00,299.00,288.60,290.25,56775
11-Aug-14,284.60,293.50,284.60,292.60,37165
8-Aug-14,284.80,291.00,284.10,289.00,53309
7-Aug-14,288.10,291.90,284.54,285.80,86250
6-Aug-14,291.80,291.80,283.50,287.00,61041
5-Aug-14,293.30,293.50,289.00,289.90,125392
4-Aug-14,293.20,299.40,289.70,290.10,84619
1-Aug-14,299.50,300.00,291.70,297.00,62492
31-Jul-14,305.90,305.90,296.70,299.50,83444
30-Jul-14,308.00,308.00,300.00,300.20,94002
29-Jul-14,302.00,305.80,299.60,303.00,78501
28-Jul-14,303.10,303.10,296.40,301.00,52431
25-Jul-14,301.00,302.40,298.10,299.00,72840
24-Jul-14,303.60,304.20,298.50,300.00,123994
23-Jul-14,306.20,306.20,300.00,301.23,194913
22-Jul-14,300.30,305.90,300.00,300.40,110509
21-Jul-14,301.00,302.10,296.00,296.00,56772
18-Jul-14,298.70,302.60,298.00,301.10,104129
17-Jul-14,302.80,305.60,302.00,303.50,38835
16-Jul-14,305.00,308.10,302.10,306.10,87287
15-Jul-14,299.20,303.60,298.80,301.00,115340
14-Jul-14,299.00,303.60,297.98,301.00,60308
11-Jul-14,302.70,309.50,297.90,298.20,76461
10-Jul-14,302.00,305.20,298.90,304.30,113482
9-Jul-14,304.10,306.70,302.00,305.00,62237
8-Jul-14,311.10,312.60,304.20,310.00,184917
7-Jul-14,317.90,317.90,309.90,313.90,34939
4-Jul-14,316.90,320.60,315.30,315.80,49280
3-Jul-14,315.00,318.40,311.56,315.00,98897
2-Jul-14,312.30,314.20,309.24,310.00,156728
1-Jul-14,307.90,311.10,307.90,310.24,203257
30-Jun-14,316.90,316.90,307.20,310.28,90681
27-Jun-14,316.30,320.00,314.74,319.30,66689
26-Jun-14,310.20,320.60,310.20,318.00,186444
25-Jun-14,310.00,313.00,308.40,311.60,127898
24-Jun-14,312.00,313.00,306.34,309.70,161905
23-Jun-14,312.70,314.80,311.10,313.00,92039
20-Jun-14,309.60,315.46,307.00,315.40,361386
19-Jun-14,315.10,321.77,308.60,313.30,396875
18-Jun-14,308.00,311.90,305.66,310.20,163941
17-Jun-14,312.00,312.50,305.10,307.50,228092
16-Jun-14,314.30,314.30,306.60,309.50,119580
13-Jun-14,319.60,319.60,308.20,313.50,145181
12-Jun-14,318.10,320.70,315.46,318.20,60524
11-Jun-14,323.70,323.70,318.50,321.30,45595
10-Jun-14,324.00,324.70,317.37,324.00,108671
9-Jun-14,329.50,329.50,321.70,324.90,59749
6-Jun-14,320.50,327.00,320.50,326.50,59173
5-Jun-14,320.00,325.90,318.30,320.60,86470
4-Jun-14,316.90,322.30,316.90,319.00,59077
3-Jun-14,326.40,326.40,320.00,320.40,70083
2-Jun-14,320.60,324.96,320.03,322.10,155471
30-May-14,313.20,320.00,310.70,318.00,232818
29-May-14,306.90,313.42,306.90,312.80,122688
28-May-14,302.00,310.00,279.80,297.94,326296
27-May-14,308.90,308.90,303.00,303.00,129024
23-May-14,303.40,310.30,303.18,304.50,74442
22-May-14,307.00,310.40,302.77,305.50,79231
21-May-14,302.10,308.10,298.90,307.10,82089
20-May-14,304.30,306.40,295.54,300.00,409971
19-May-14,304.60,306.30,300.38,301.00,139072
16-May-14,312.00,312.90,304.10,305.30,166498
15-May-14,316.30,317.98,308.60,310.00,184966
14-May-14,323.30,323.30,317.00,317.00,76901
13-May-14,315.00,323.41,314.87,323.41,186790
12-May-14,324.30,330.76,318.70,327.40,99949
9-May-14,324.30,327.10,320.50,325.00,74475
8-May-14,325.80,330.00,322.70,328.80,150911
7-May-14,329.00,332.44,321.60,323.60,107877
6-May-14,329.60,335.30,327.60,333.00,121751
2-May-14,330.50,330.50,325.00,328.00,92114
1-May-14,325.10,327.20,322.70,326.80,59190
30-Apr-14,328.30,328.30,323.00,323.00,145773
29-Apr-14,323.30,327.80,321.00,322.00,102148
28-Apr-14,328.60,328.60,318.90,320.80,171457
25-Apr-14,329.20,335.50,320.09,320.09,112345
24-Apr-14,333.60,340.80,329.10,333.80,78283
23-Apr-14,337.30,344.10,334.50,335.40,47376
22-Apr-14,335.00,339.70,331.00,338.50,46928
17-Apr-14,324.10,336.10,324.10,331.80,33850
16-Apr-14,324.80,331.10,320.20,327.00,121128
15-Apr-14,319.40,325.70,319.40,323.50,94679
14-Apr-14,326.30,333.36,319.00,324.00,95072
11-Apr-14,338.20,341.60,326.92,337.67,113390
10-Apr-14,346.90,349.75,342.50,347.00,104601
9-Apr-14,347.00,350.90,345.78,350.00,105973
8-Apr-14,356.50,356.50,339.00,345.10,206343
7-Apr-14,355.00,357.60,349.00,356.30,99381
4-Apr-14,348.10,355.60,348.10,353.14,67808
3-Apr-14,346.90,350.60,340.40,350.00,150946
2-Apr-14,341.70,351.20,341.70,348.40,93916
1-Apr-14,329.60,346.70,329.60,345.00,76850
31-Mar-14,337.60,338.08,334.00,335.00,116167
28-Mar-14,329.30,337.70,329.30,336.25,124632
27-Mar-14,323.80,332.80,323.80,331.96,103934
26-Mar-14,327.40,328.20,321.00,321.70,88276
25-Mar-14,325.00,326.90,323.00,324.00,91485
24-Mar-14,340.00,342.10,324.10,325.44,126867
21-Mar-14,336.00,339.00,334.20,335.60,233150
20-Mar-14,346.00,346.00,335.80,336.00,46600
19-Mar-14,325.10,342.00,325.10,339.00,127111
18-Mar-14,326.70,332.98,326.70,330.00,62823
17-Mar-14,321.40,334.30,321.40,331.10,39240
14-Mar-14,323.40,326.20,321.70,324.70,58932
13-Mar-14,331.60,332.50,326.20,327.60,63040
12-Mar-14,337.60,337.60,332.00,332.00,157120
11-Mar-14,335.30,340.70,331.50,333.50,112639
10-Mar-14,349.10,349.10,335.10,337.40,88419
7-Mar-14,353.40,354.60,344.30,350.10,64571
6-Mar-14,348.00,354.60,342.70,354.60,144561
5-Mar-14,342.80,347.70,342.80,347.70,111389
4-Mar-14,344.10,346.60,339.90,346.60,102488
3-Mar-14,340.00,341.10,335.10,340.20,89468
28-Feb-14,332.90,343.70,332.90,343.70,142703
27-Feb-14,325.20,337.90,325.20,335.60,64164
26-Feb-14,329.50,329.50,323.00,328.40,68369
25-Feb-14,336.50,336.50,331.10,333.60,184053
24-Feb-14,336.50,336.80,332.00,335.60,51283
21-Feb-14,337.00,340.20,336.00,336.80,138880
20-Feb-14,328.20,338.80,328.20,330.00,87831
19-Feb-14,323.20,333.90,323.20,333.20,67563
18-Feb-14,318.20,328.80,318.20,318.10,193043
17-Feb-14,320.00,322.00,317.60,320.00,91557
14-Feb-14,315.70,320.50,315.70,320.00,43187
13-Feb-14,309.20,319.90,309.20,318.50,33521
12-Feb-14,313.70,318.70,310.20,314.40,61091
11-Feb-14,312.30,317.60,312.30,317.00,29581
10-Feb-14,312.10,319.60,312.10,316.40,51612
7-Feb-14,314.40,319.30,313.00,313.30,45270
6-Feb-14,317.00,320.60,308.30,320.00,131801
5-Feb-14,298.20,315.70,298.20,310.00,178598
4-Feb-14,296.20,302.50,296.20,300.50,126934
3-Feb-14,302.20,306.50,300.70,300.80,130522
31-Jan-14,298.30,305.40,298.30,305.40,159203
30-Jan-14,291.70,296.30,291.50,295.30,75787
29-Jan-14,308.00,311.90,290.00,293.00,219498
28-Jan-14,295.20,302.30,294.90,302.30,68524
27-Jan-14,290.90,296.50,286.20,296.30,86774
24-Jan-14,298.00,298.80,293.00,294.70,80619
23-Jan-14,299.90,305.20,297.20,298.00,104518
22-Jan-14,306.60,312.40,299.90,305.00,96418
21-Jan-14,313.80,313.90,307.00,309.40,112255
20-Jan-14,306.50,314.50,306.50,312.80,36529
17-Jan-14,311.30,314.00,306.00,310.80,72610
16-Jan-14,314.00,315.00,310.00,312.60,119149
15-Jan-14,316.50,319.10,307.70,313.00,155469
14-Jan-14,325.50,325.50,315.30,317.83,103317
13-Jan-14,326.00,327.90,323.90,327.50,74726
10-Jan-14,316.10,328.90,315.00,327.50,125199
9-Jan-14,317.30,319.40,315.80,316.50,77057
8-Jan-14,318.00,320.90,314.50,314.97,49416
7-Jan-14,312.00,317.00,309.70,315.90,87619
6-Jan-14,310.00,310.70,306.50,309.00,63833
3-Jan-14,306.80,309.80,306.80,309.60,107637
2-Jan-14,306.90,309.40,303.70,308.00,58040
31-Dec-13,301.60,308.20,301.60,305.00,59042
30-Dec-13,297.10,303.00,296.40,303.00,21039
27-Dec-13,295.30,301.50,295.30,300.00,56796
24-Dec-13,304.00,305.30,298.00,299.40,14724
23-Dec-13,305.00,305.50,299.80,301.90,34074
20-Dec-13,297.10,307.40,297.10,303.00,205244
19-Dec-13,300.50,303.90,298.80,298.80,82996
18-Dec-13,297.80,301.80,297.80,300.60,45264
17-Dec-13,294.30,299.70,293.40,297.50,106098
16-Dec-13,296.60,296.60,292.00,292.00,80959
13-Dec-13,295.10,295.40,291.00,291.90,45194
12-Dec-13,293.80,294.70,291.90,294.00,130611
11-Dec-13,290.60,297.90,290.10,291.00,115572
10-Dec-13,290.60,297.00,290.50,291.30,145886
9-Dec-13,290.00,295.50,290.00,290.70,138422
6-Dec-13,286.80,288.50,285.00,287.90,60034
5-Dec-13,281.70,286.60,279.10,285.00,129789
4-Dec-13,285.10,288.10,277.00,282.00,392521
3-Dec-13,272.00,280.60,272.00,280.60,76235
2-Dec-13,275.10,275.10,269.20,271.00,72499
29-Nov-13,272.00,276.60,270.20,276.00,71872
28-Nov-13,278.00,278.00,273.90,276.00,34974
27-Nov-13,276.60,279.00,276.40,277.00,55041
26-Nov-13,277.00,279.60,276.30,276.70,153597
25-Nov-13,279.00,286.00,275.00,275.80,65489
22-Nov-13,276.40,277.80,271.10,273.00,86638
21-Nov-13,283.10,285.00,276.60,276.80,80801
20-Nov-13,285.10,285.50,282.90,283.00,99481
19-Nov-13,288.00,288.00,284.10,284.60,36703
18-Nov-13,286.10,288.00,285.00,285.10,93160
15-Nov-13,284.80,287.70,284.00,286.00,61368
14-Nov-13,279.00,288.30,279.00,287.10,228468
13-Nov-13,277.20,282.90,275.40,278.00,107037
12-Nov-13,277.20,281.10,274.50,278.30,144219
11-Nov-13,268.10,276.30,267.90,276.30,104896
8-Nov-13,271.60,273.00,262.10,266.40,228476
7-Nov-13,279.50,280.00,273.90,274.50,118637
6-Nov-13,280.70,281.60,278.00,279.00,45425
5-Nov-13,279.10,283.00,278.20,283.00,54242
4-Nov-13,283.90,283.90,279.70,279.70,137500
1-Nov-13,285.10,287.20,279.90,281.13,176174
31-Oct-13,284.30,288.10,281.80,284.00,178592
30-Oct-13,286.80,287.40,285.20,286.20,52863
29-Oct-13,281.10,289.00,281.10,285.50,208809
28-Oct-13,281.50,286.10,281.00,284.40,69162
25-Oct-13,280.50,283.40,280.50,281.50,64714
24-Oct-13,280.00,282.80,280.00,281.60,83076
23-Oct-13,279.00,-,-,280.23,78927
22-Oct-13,281.60,281.60,276.00,279.50,261998
21-Oct-13,281.10,282.00,279.00,281.50,124422
18-Oct-13,275.70,281.20,275.70,280.00,54100
17-Oct-13,272.40,279.20,268.00,275.20,100683
16-Oct-13,270.50,271.10,266.20,271.00,138715
15-Oct-13,268.80,272.00,268.80,270.80,209799
14-Oct-13,270.00,270.00,266.90,269.50,52452
11-Oct-13,267.80,271.30,265.60,268.50,102150
10-Oct-13,264.10,270.00,264.10,268.20,58026
9-Oct-13,267.00,271.00,266.00,269.14,314398
8-Oct-13,268.00,271.00,266.90,266.84,179779
7-Oct-13,268.80,272.00,266.10,270.00,98022
4-Oct-13,271.10,271.50,267.50,268.80,59381
3-Oct-13,275.00,275.00,267.30,271.70,88121
2-Oct-13,268.00,274.10,268.00,271.20,56100
1-Oct-13,267.30,272.70,267.30,272.70,58051
30-Sep-13,263.00,271.60,260.00,266.08,162518
27-Sep-13,266.40,268.70,263.70,264.74,81488
26-Sep-13,271.20,273.00,265.60,269.40,104957
25-Sep-13,270.40,271.60,265.70,266.26,151415
24-Sep-13,263.60,270.00,261.10,263.44,135821
20-Sep-13,276.20,276.20,263.80,264.50,664101
19-Sep-13,282.30,284.70,274.50,275.80,109687
18-Sep-13,277.50,280.00,275.90,280.00,71912
17-Sep-13,281.80,281.80,277.00,278.20,110478
16-Sep-13,278.10,282.90,278.00,281.20,83653
13-Sep-13,270.00,278.10,266.60,278.10,196811
12-Sep-13,269.50,270.90,267.90,269.40,230454
11-Sep-13,272.40,273.80,268.50,269.50,130354
10-Sep-13,265.40,270.00,265.10,265.00,134666
9-Sep-13,264.80,267.20,264.10,265.55,35666
6-Sep-13,262.70,265.90,262.70,262.00,51833
5-Sep-13,262.30,266.80,261.40,266.00,68555
4-Sep-13,262.00,263.90,259.80,261.98,224663
3-Sep-13,267.00,267.00,260.10,263.43,52545
2-Sep-13,265.50,267.00,264.20,265.90,47158
30-Aug-13,272.90,272.90,258.10,260.92,150144
29-Aug-13,271.00,272.90,269.20,269.70,107688
28-Aug-13,268.70,272.00,267.50,272.00,96028
27-Aug-13,269.50,270.90,266.00,270.50,138841
23-Aug-13,270.00,272.60,267.90,271.90,31024
22-Aug-13,270.00,273.00,267.00,268.40,76306
21-Aug-13,260.00,271.60,260.00,267.40,64492
20-Aug-13,270.00,270.00,256.00,257.00,93024
19-Aug-13,261.80,275.50,257.10,275.50,111810
16-Aug-13,258.40,262.10,255.10,261.00,65777
15-Aug-13,265.00,267.60,253.90,259.10,129071
14-Aug-13,273.70,277.00,270.60,270.60,45087
13-Aug-13,271.10,276.80,271.10,284.48,42992
12-Aug-13,288.00,288.30,270.60,286.05,156455
9-Aug-13,283.00,288.20,280.00,284.15,100814
8-Aug-13,277.80,281.30,275.70,279.86,97863
7-Aug-13,278.00,279.00,274.20,274.30,72490
6-Aug-13,270.00,277.90,270.00,275.00,72036
5-Aug-13,268.00,275.00,268.00,273.58,69960
2-Aug-13,259.60,269.10,259.60,256.67,93773
1-Aug-13,252.60,260.00,252.60,260.00,53849
31-Jul-13,248.00,259.00,248.00,253.70,119098
30-Jul-13,244.90,246.30,243.70,244.30,33960
29-Jul-13,245.00,246.60,243.10,243.23,52459
26-Jul-13,250.80,250.80,245.00,245.00,37861
25-Jul-13,248.10,252.30,247.00,246.50,37843
24-Jul-13,249.30,253.10,246.80,248.70,80381
23-Jul-13,248.50,252.50,248.10,245.00,39216
22-Jul-13,244.00,249.10,244.00,247.20,55404
19-Jul-13,246.70,247.40,241.90,244.00,28760
18-Jul-13,245.30,248.80,241.30,246.70,42119
17-Jul-13,241.60,244.80,240.90,244.80,25458
16-Jul-13,243.90,247.80,241.90,243.20,55644
15-Jul-13,243.00,249.00,243.00,247.00,49577
12-Jul-13,243.40,247.64,243.40,244.90,32211
11-Jul-13,245.70,247.90,242.80,246.90,43291
10-Jul-13,248.50,248.90,241.99,243.10,71897
9-Jul-13,248.00,252.00,243.90,246.90,130944
8-Jul-13,250.00,252.00,245.40,245.40,172027
5-Jul-13,244.10,251.40,244.00,249.50,173733
4-Jul-13,231.00,247.20,230.60,245.00,115258
3-Jul-13,238.00,238.00,225.90,232.50,168350
2-Jul-13,233.00,236.60,232.30,232.30,100316
1-Jul-13,232.00,239.00,231.22,237.80,96716
28-Jun-13,220.40,234.10,220.40,234.10,150216
27-Jun-13,220.50,225.00,218.00,225.00,127790
26-Jun-13,220.00,226.22,220.00,223.50,130843
25-Jun-13,221.10,225.00,220.00,220.00,94986
24-Jun-13,225.30,225.55,221.50,222.30,153029
21-Jun-13,222.90,225.50,221.50,222.00,274663
20-Jun-13,229.00,229.00,221.29,223.20,111809
19-Jun-13,232.70,232.70,227.10,228.70,128514
18-Jun-13,231.10,234.80,228.07,230.50,131375
17-Jun-13,233.70,233.73,226.70,231.70,67767
14-Jun-13,235.00,235.00,230.50,232.60,49050
13-Jun-13,229.70,235.00,229.00,231.90,91570
12-Jun-13,235.00,236.00,231.00,231.00,104620
11-Jun-13,240.00,240.00,234.80,237.22,207719
10-Jun-13,233.40,240.00,232.90,240.00,112954
7-Jun-13,229.00,233.00,222.70,233.00,189969
6-Jun-13,235.30,236.30,226.50,227.30,110549
5-Jun-13,235.00,239.10,233.60,236.30,163135
4-Jun-13,240.00,242.20,235.60,235.60,92695
3-Jun-13,245.00,245.00,235.60,238.70,167691
31-May-13,244.60,249.40,238.80,244.70,439460
30-May-13,235.40,243.00,232.90,242.00,373069
29-May-13,213.80,230.30,206.30,230.30,1185987
28-May-13,213.10,220.00,208.15,219.80,129960
24-May-13,210.20,213.40,210.00,210.70,71951
23-May-13,208.50,213.11,206.60,211.80,99934
22-May-13,208.00,215.30,206.60,210.50,202482
21-May-13,209.30,209.30,206.00,207.50,280663
20-May-13,213.60,214.90,208.60,209.70,162658
17-May-13,210.00,214.80,209.10,214.80,89441
16-May-13,204.50,210.50,204.50,210.50,87840
15-May-13,207.70,209.40,204.10,209.40,75005
14-May-13,208.90,209.90,207.10,208.00,63148
13-May-13,203.00,209.80,200.60,209.00,136238
10-May-13,207.60,208.90,203.10,204.00,164093
9-May-13,210.40,210.90,208.20,209.00,62552
8-May-13,209.90,212.00,207.19,211.00,64483
7-May-13,205.90,215.00,205.90,211.00,89473
3-May-13,201.00,210.40,201.00,210.00,182228
2-May-13,205.50,205.91,198.20,201.90,268834
1-May-13,211.90,211.90,204.20,205.50,151636
30-Apr-13,208.50,213.10,207.60,209.00,86379
29-Apr-13,210.00,210.90,200.85,208.40,136057
26-Apr-13,219.00,219.50,210.70,211.00,96828
25-Apr-13,219.00,220.90,218.70,219.50,66255
24-Apr-13,218.10,220.50,218.09,220.00,97183
23-Apr-13,221.00,221.00,217.90,220.00,209569
22-Apr-13,218.20,221.00,218.20,221.00,54622
19-Apr-13,220.60,221.40,219.00,220.00,127634
18-Apr-13,220.40,224.70,219.00,221.00,245854
17-Apr-13,221.00,222.00,219.31,220.90,46555
16-Apr-13,219.70,221.30,217.10,221.10,136988
15-Apr-13,221.00,221.00,216.00,220.00,96766
12-Apr-13,216.00,222.00,216.00,221.50,42649
11-Apr-13,214.50,220.90,212.29,218.22,90541
10-Apr-13,211.60,215.00,211.20,214.60,150232
9-Apr-13,209.00,213.49,208.00,212.60,121435
8-Apr-13,213.00,213.00,206.20,206.90,46680
5-Apr-13,208.00,213.50,207.50,209.50,172093
4-Apr-13,205.60,209.60,205.60,208.50,107903
3-Apr-13,206.00,208.00,204.60,206.61,132905
2-Apr-13,206.80,209.30,205.50,206.00,81331
28-Mar-13,211.00,211.00,205.80,206.50,126286
27-Mar-13,205.20,211.98,205.20,210.00,138630
26-Mar-13,206.30,211.76,206.30,208.60,162871
25-Mar-13,208.90,213.00,208.90,211.60,112232
22-Mar-13,206.00,210.60,205.90,210.08,158718
21-Mar-13,195.00,207.00,195.00,206.50,255974
20-Mar-13,196.40,197.00,195.00,195.10,81712
19-Mar-13,195.50,197.00,195.50,197.00,90010
18-Mar-13,194.00,196.90,193.00,196.90,76820
15-Mar-13,196.80,198.00,195.70,195.70,403391
14-Mar-13,198.00,198.70,196.60,197.00,141091
13-Mar-13,197.90,197.90,195.50,197.50,79307
12-Mar-13,196.50,198.50,195.39,197.98,96016
11-Mar-13,198.50,198.50,193.63,197.40,73571
8-Mar-13,199.80,199.80,194.42,198.50,86375
7-Mar-13,198.40,199.33,196.10,196.10,51115
6-Mar-13,194.10,201.50,193.27,199.00,90799
5-Mar-13,202.10,204.00,199.30,202.00,103417
4-Mar-13,199.00,203.00,197.10,202.30,165003
1-Mar-13,198.50,202.59,196.48,201.00,108400
28-Feb-13,199.00,199.20,196.10,199.20,69058
27-Feb-13,201.70,201.70,195.00,195.90,54255
26-Feb-13,199.00,202.00,195.20,202.00,159078
25-Feb-13,200.90,203.00,199.00,201.00,155993
22-Feb-13,197.00,201.90,196.80,200.60,76094
21-Feb-13,200.00,200.00,194.62,196.70,158050
20-Feb-13,201.60,201.70,198.30,200.30,76584
19-Feb-13,200.00,203.50,198.40,202.00,137719
18-Feb-13,199.80,200.30,196.12,198.10,97331
15-Feb-13,201.00,202.40,198.39,200.90,111686
14-Feb-13,201.90,204.70,200.50,204.70,56218
13-Feb-13,202.40,205.00,200.97,203.50,193060
12-Feb-13,203.50,205.10,200.30,203.50,111214
11-Feb-13,208.70,209.00,202.76,204.30,104844
8-Feb-13,209.90,210.70,207.59,209.40,29393
7-Feb-13,211.00,214.00,209.30,211.30,48397
6-Feb-13,215.00,215.80,211.00,215.50,268022
5-Feb-13,213.00,216.00,211.25,215.60,150298
4-Feb-13,211.00,214.50,209.30,212.80,148822
1-Feb-13,210.00,216.90,209.30,215.00,141063
31-Jan-13,214.00,214.00,207.50,209.00,208744
30-Jan-13,214.00,216.05,209.00,214.50,87561
29-Jan-13,215.60,219.00,211.16,214.60,100386
28-Jan-13,217.00,218.50,214.73,217.00,57579
25-Jan-13,215.20,219.00,215.20,216.00,137671
24-Jan-13,213.80,215.20,212.84,214.50,12383
23-Jan-13,217.80,217.80,212.00,212.70,40124
22-Jan-13,222.40,222.40,216.60,216.60,66401
21-Jan-13,210.10,222.00,210.10,222.00,103971
18-Jan-13,208.50,210.70,207.10,210.50,123892
17-Jan-13,208.10,209.22,202.87,208.00,51810
16-Jan-13,206.60,208.80,205.60,208.10,43372
15-Jan-13,202.00,209.30,202.00,208.50,55615
14-Jan-13,205.00,205.90,202.80,203.50,53322
11-Jan-13,202.00,205.00,200.00,205.00,59847
10-Jan-13,204.30,204.90,199.90,201.00,53161
9-Jan-13,205.80,205.80,198.38,203.10,168438
8-Jan-13,208.40,211.00,204.00,204.00,92363
7-Jan-13,208.50,214.90,208.50,210.50,103950
4-Jan-13,211.00,211.20,208.93,209.50,25983
3-Jan-13,210.20,211.70,208.63,208.90,69374
2-Jan-13,207.10,212.30,206.44,210.00,105570
