31-Dec-15,468.65,473.85,468.00,471.70,2927220
30-Dec-15,471.50,472.95,467.50,470.50,4795429
29-Dec-15,479.45,481.55,467.95,472.15,7792869
24-Dec-15,465.85,471.15,464.10,467.05,1188183
23-Dec-15,464.50,473.90,462.75,472.90,8300292
22-Dec-15,458.25,462.25,454.85,459.50,9420812
21-Dec-15,458.20,461.25,455.05,455.05,10358417
18-Dec-15,469.45,469.45,458.30,458.30,20795026
16-Dec-15,468.00,473.80,463.90,468.20,14648911
15-Dec-15,458.75,471.00,458.75,469.50,15554765
14-Dec-15,462.40,466.70,456.20,456.85,10661471
11-Dec-15,468.75,470.20,460.55,460.55,9871959
10-Dec-15,465.20,471.27,464.23,469.15,11335253
9-Dec-15,474.90,477.55,467.20,467.20,11566417
8-Dec-15,481.10,481.40,469.90,472.70,9698210
7-Dec-15,481.55,487.00,479.80,480.50,6590167
4-Dec-15,477.95,480.35,473.65,479.35,10497640
3-Dec-15,491.60,496.65,479.10,479.10,13185857
2-Dec-15,494.10,498.25,489.70,492.05,12988485
1-Dec-15,498.30,501.60,488.30,492.25,16275756
30-Nov-15,499.50,502.60,496.00,496.45,14992023
27-Nov-15,497.20,500.30,495.35,499.80,6803661
26-Nov-15,490.45,497.85,488.73,497.50,6148172
25-Nov-15,486.35,490.95,484.40,489.35,8778775
24-Nov-15,489.15,490.70,482.80,485.20,11209082
23-Nov-15,488.45,491.95,485.00,490.70,9288126
20-Nov-15,493.40,495.00,490.00,491.20,13095819
19-Nov-15,490.60,491.80,487.00,491.10,11782559
18-Nov-15,491.55,491.55,484.80,487.25,11083492
17-Nov-15,484.90,493.00,483.55,492.90,13838307
16-Nov-15,470.95,479.60,469.20,479.50,12191065
13-Nov-15,478.65,481.65,473.02,475.15,12506978
12-Nov-15,475.80,487.80,472.00,481.65,22680796
11-Nov-15,466.40,476.90,464.25,475.45,12913135
10-Nov-15,462.05,469.15,461.30,467.00,12636732
9-Nov-15,464.70,466.55,460.02,460.50,8348675
6-Nov-15,467.25,469.35,462.65,465.55,6402617
5-Nov-15,467.60,470.57,462.85,466.40,9960352
4-Nov-15,462.85,469.30,462.85,465.55,11126192
3-Nov-15,463.50,466.25,460.40,461.80,7412641
2-Nov-15,462.60,465.60,460.00,463.60,9211961
30-Oct-15,470.60,473.04,463.45,465.00,13776006
29-Oct-15,476.10,476.10,464.00,469.60,14119623
28-Oct-15,461.00,473.61,461.00,468.65,19062587
27-Oct-15,451.80,454.00,450.55,452.00,9083894
26-Oct-15,448.45,453.85,446.59,451.85,8590300
23-Oct-15,446.00,458.30,444.10,450.20,12881052
22-Oct-15,434.35,444.40,434.35,443.60,11903156
21-Oct-15,438.75,439.60,433.40,434.50,8772778
20-Oct-15,429.30,437.22,429.11,437.20,12133852
19-Oct-15,429.30,432.45,425.55,428.15,4861444
16-Oct-15,429.20,430.65,427.05,430.10,8091880
15-Oct-15,419.65,426.85,419.65,426.55,9915981
14-Oct-15,429.50,429.90,417.20,417.20,16075187
13-Oct-15,433.90,436.00,427.05,431.75,11446505
12-Oct-15,437.05,437.22,432.40,435.35,10382883
9-Oct-15,435.30,436.65,432.65,434.00,11747821
8-Oct-15,427.50,432.60,420.98,432.35,12269717
7-Oct-15,435.40,436.10,427.35,428.25,13217073
6-Oct-15,432.15,435.10,425.40,432.60,10343899
5-Oct-15,427.00,432.85,425.25,430.30,12090548
2-Oct-15,423.10,426.75,412.35,420.55,15263076
1-Oct-15,425.00,430.35,418.25,420.25,16317975
30-Sep-15,420.10,423.30,418.30,422.20,18454279
29-Sep-15,412.70,416.50,409.70,413.25,12391001
28-Sep-15,419.20,421.15,415.65,416.45,12800650
25-Sep-15,413.00,423.30,412.60,420.50,12233645
24-Sep-15,412.10,415.00,406.45,408.05,14775020
23-Sep-15,405.45,414.55,404.06,412.15,12604273
22-Sep-15,414.50,416.35,404.00,404.00,12875349
21-Sep-15,413.35,416.75,409.60,413.50,17661990
18-Sep-15,418.70,422.20,406.35,415.00,20935427
17-Sep-15,426.45,428.00,419.00,419.00,12477682
16-Sep-15,422.70,430.00,422.70,426.40,18359593
15-Sep-15,424.35,425.10,418.55,421.55,11736114
14-Sep-15,424.00,428.86,421.85,423.50,10186262
11-Sep-15,428.70,430.85,414.90,422.65,14509581
10-Sep-15,434.85,437.90,431.05,432.10,7632050
9-Sep-15,438.20,441.40,435.60,436.85,8317227
8-Sep-15,427.60,436.80,425.99,432.05,9633808
7-Sep-15,426.10,428.55,424.30,425.85,5426633
4-Sep-15,427.60,427.95,421.65,422.45,8124099
3-Sep-15,429.35,433.90,429.20,432.00,10895312
2-Sep-15,423.00,430.79,416.35,426.95,14767500
1-Sep-15,432.40,433.70,419.75,421.15,14033773
28-Aug-15,432.85,437.35,430.85,437.35,13199705
27-Aug-15,435.70,439.15,432.15,433.65,17741990
26-Aug-15,428.30,435.55,422.85,427.15,15764908
25-Aug-15,419.10,432.63,416.55,431.55,24476114
24-Aug-15,426.35,433.70,407.05,414.20,27440541
21-Aug-15,440.60,446.45,435.70,435.70,13407748
20-Aug-15,444.15,447.60,442.75,446.10,10757540
19-Aug-15,452.95,453.50,446.95,452.95,8613541
18-Aug-15,455.40,457.70,453.15,454.45,7085972
17-Aug-15,458.50,458.50,451.95,455.45,6762275
14-Aug-15,455.65,465.25,452.11,456.20,9354791
13-Aug-15,454.55,462.80,453.15,454.35,11134756
12-Aug-15,461.00,466.95,457.90,461.40,16328502
11-Aug-15,470.60,470.75,464.05,465.40,12646600
10-Aug-15,471.00,471.65,463.20,471.60,10674434
7-Aug-15,470.00,471.10,464.90,465.30,8363075
6-Aug-15,466.00,472.00,463.95,470.30,13920415
5-Aug-15,469.75,470.15,465.50,467.55,12100673
4-Aug-15,470.30,471.20,465.70,469.50,10599982
3-Aug-15,464.50,472.10,464.45,469.20,9147310
31-Jul-15,467.80,470.25,462.15,464.45,15848095
30-Jul-15,456.85,470.00,456.85,467.95,20983433
29-Jul-15,466.50,473.80,466.20,473.50,12851321
28-Jul-15,464.15,465.70,463.00,465.60,9250270
27-Jul-15,463.50,471.95,461.45,461.80,16698327
24-Jul-15,463.00,467.50,461.95,462.30,8459320
23-Jul-15,471.65,475.00,461.00,463.80,11661071
22-Jul-15,472.20,474.40,468.05,469.50,12817451
21-Jul-15,478.70,481.75,475.00,476.50,7659009
20-Jul-15,476.85,480.17,475.25,479.15,7596185
17-Jul-15,473.20,477.90,471.20,477.90,13861662
16-Jul-15,470.95,473.07,464.90,472.30,12065940
15-Jul-15,464.05,470.05,461.65,469.45,12448957
14-Jul-15,461.55,463.10,457.85,463.10,8158620
13-Jul-15,462.00,462.60,457.62,460.15,9561545
10-Jul-15,457.00,457.00,451.15,455.15,9766755
9-Jul-15,439.80,452.20,437.85,450.40,11851087
8-Jul-15,440.00,443.45,438.00,440.30,12470774
7-Jul-15,448.75,448.75,438.30,438.30,9644836
6-Jul-15,446.75,451.95,443.20,446.80,8949680
3-Jul-15,454.85,456.90,453.15,453.80,5387214
2-Jul-15,455.80,456.85,452.95,456.25,10241494
1-Jul-15,453.25,458.20,452.40,456.25,11958969
30-Jun-15,457.75,459.30,450.20,450.20,17937184
29-Jun-15,451.00,464.40,447.90,459.70,17323321
26-Jun-15,460.20,465.45,459.15,464.15,11645422
25-Jun-15,461.80,466.40,460.40,461.20,13369226
24-Jun-15,467.05,468.75,463.40,463.40,12700383
23-Jun-15,467.35,470.50,463.75,468.10,12373533
22-Jun-15,460.00,465.20,457.66,465.00,14845380
19-Jun-15,451.25,456.70,450.10,454.25,18596015
18-Jun-15,449.90,452.05,448.25,451.10,14039846
17-Jun-15,446.50,452.40,444.80,450.80,15063054
16-Jun-15,451.45,451.65,442.25,445.25,15162705
15-Jun-15,450.85,455.05,449.45,452.55,17645424
12-Jun-15,448.00,454.60,446.49,453.50,17956329
11-Jun-15,445.40,451.02,445.00,446.85,14850907
10-Jun-15,441.00,448.55,439.00,447.10,19172623
9-Jun-15,439.80,445.00,437.70,440.70,19274323
8-Jun-15,446.00,447.80,438.80,438.80,15278500
5-Jun-15,441.85,447.45,437.75,439.40,14315350
4-Jun-15,446.25,447.95,440.75,442.50,14811343
3-Jun-15,443.80,450.15,441.50,447.45,14459604
2-Jun-15,445.80,446.35,436.30,443.55,14502733
1-Jun-15,447.40,450.85,442.10,443.55,13523122
29-May-15,448.10,452.65,445.10,446.70,23431248
28-May-15,455.00,457.75,448.50,449.75,14625485
27-May-15,452.20,460.45,451.72,459.00,13349498
26-May-15,452.70,459.60,449.55,452.05,13377716
22-May-15,456.50,457.30,451.05,451.05,17063928
21-May-15,461.40,464.70,458.15,459.15,11656577
20-May-15,466.00,466.00,457.60,462.15,14277718
19-May-15,462.00,467.05,460.26,466.45,10102307
18-May-15,463.50,467.50,459.65,461.35,11003177
15-May-15,465.00,466.25,460.27,463.00,12620073
14-May-15,467.30,468.56,464.25,465.00,12573393
13-May-15,467.00,469.61,464.30,467.95,9755192
12-May-15,468.00,468.85,461.15,464.70,18338687
11-May-15,469.05,471.20,466.45,470.00,15038398
8-May-15,468.80,472.85,462.00,469.65,21304723
7-May-15,458.90,461.31,447.50,453.10,20485389
6-May-15,448.00,457.30,448.00,454.30,17316979
5-May-15,467.70,467.70,449.20,449.20,21797022
1-May-15,452.95,461.35,449.10,459.80,10357067
30-Apr-15,460.00,461.25,453.10,455.75,16174645
29-Apr-15,467.05,472.00,457.40,457.50,13448717
28-Apr-15,463.70,465.45,460.30,465.45,13064184
27-Apr-15,467.75,468.85,460.89,464.35,10837368
24-Apr-15,467.25,470.50,465.70,467.60,10089863
23-Apr-15,461.00,465.95,457.03,463.90,11670375
22-Apr-15,459.00,466.00,457.03,460.55,15549796
21-Apr-15,455.60,461.95,454.65,456.85,14754196
20-Apr-15,452.20,456.35,450.95,453.00,8491563
17-Apr-15,454.60,456.60,448.05,450.00,13892522
16-Apr-15,459.15,459.30,441.46,452.00,16942399
15-Apr-15,455.70,458.45,452.74,455.10,10155881
14-Apr-15,453.75,459.95,453.75,455.82,9088038
13-Apr-15,454.55,457.35,451.85,456.00,8362693
10-Apr-15,455.05,456.55,449.42,454.65,11349430
9-Apr-15,447.50,455.15,446.05,453.70,12314665
8-Apr-15,448.70,448.70,443.50,444.30,14192310
7-Apr-15,445.00,447.65,442.65,447.60,12284708
2-Apr-15,442.95,446.00,439.65,442.90,12719206
1-Apr-15,438.00,443.30,436.40,441.40,18668400
31-Mar-15,448.10,448.90,437.05,438.00,23290663
30-Mar-15,459.20,460.40,448.25,448.25,19064683
27-Mar-15,463.50,465.20,454.00,454.00,16714486
26-Mar-15,467.30,469.00,457.48,466.25,18516217
25-Mar-15,466.70,471.45,465.30,470.55,14664892
24-Mar-15,465.00,468.90,463.55,465.50,11496222
23-Mar-15,467.45,468.80,449.07,465.40,12674853
20-Mar-15,465.00,466.40,461.50,465.40,36686583
19-Mar-15,460.80,464.30,454.50,463.20,12658055
18-Mar-15,455.30,458.60,451.10,458.60,12057857
17-Mar-15,453.60,455.00,446.40,453.40,16340766
16-Mar-15,453.80,455.50,448.50,451.60,10187338
13-Mar-15,449.50,453.80,448.60,451.80,11147218
12-Mar-15,442.00,449.60,438.70,448.80,16627115
11-Mar-15,444.00,448.40,443.60,446.50,11095315
10-Mar-15,453.20,456.60,443.00,443.00,11568178
9-Mar-15,455.90,458.20,452.62,454.00,11522127
6-Mar-15,461.50,464.80,458.80,459.20,10153237
5-Mar-15,457.00,464.14,457.00,461.60,11484453
4-Mar-15,454.80,459.00,453.30,459.00,8446789
3-Mar-15,456.80,459.80,452.70,452.70,12505305
2-Mar-15,457.00,457.60,443.25,456.10,11736632
27-Feb-15,452.10,456.60,443.25,455.70,14877945
26-Feb-15,442.80,451.70,440.10,451.60,15528838
25-Feb-15,446.20,447.24,442.20,443.80,14187535
24-Feb-15,442.00,447.20,441.00,447.00,14540730
23-Feb-15,443.50,445.00,440.50,442.80,10842434
20-Feb-15,439.00,442.00,437.00,441.20,18051232
19-Feb-15,435.00,439.00,433.47,436.90,19260554
18-Feb-15,442.20,443.60,434.40,435.40,13518959
17-Feb-15,438.00,443.00,436.80,442.00,10290194
16-Feb-15,438.60,441.20,434.98,438.00,14388992
13-Feb-15,443.30,443.40,437.60,439.10,26634274
12-Feb-15,458.70,465.15,449.20,450.00,36730524
11-Feb-15,455.00,460.90,455.00,460.00,25050671
10-Feb-15,436.10,443.80,434.30,443.80,13736304
9-Feb-15,439.90,441.80,433.60,436.60,15183774
6-Feb-15,439.00,444.90,435.76,443.00,14431574
5-Feb-15,430.00,446.20,426.64,442.00,27466351
4-Feb-15,421.90,425.11,418.40,423.00,12313266
3-Feb-15,413.80,422.90,412.49,421.20,11093474
2-Feb-15,419.00,423.90,409.40,413.10,12343119
30-Jan-15,432.50,432.60,415.35,417.90,19588769
29-Jan-15,425.00,430.30,421.20,429.10,13110747
28-Jan-15,424.80,426.99,419.85,426.90,8167125
27-Jan-15,427.10,428.00,420.80,422.10,9569325
26-Jan-15,428.90,435.90,422.78,426.00,11081864
23-Jan-15,423.60,432.30,423.20,431.15,17408676
22-Jan-15,422.40,423.80,406.61,421.20,10645579
21-Jan-15,415.50,424.90,415.50,421.30,20925458
20-Jan-15,411.90,416.30,411.20,414.40,10893572
19-Jan-15,408.50,417.30,408.50,411.80,8967025
16-Jan-15,401.80,410.20,399.83,409.10,17601551
15-Jan-15,403.00,405.90,391.50,400.20,17744874
14-Jan-15,398.00,407.20,394.90,401.40,17819524
13-Jan-15,396.90,400.90,394.99,399.80,9670173
12-Jan-15,393.30,399.55,393.25,397.90,6661369
9-Jan-15,399.40,400.30,390.50,392.50,9038831
8-Jan-15,396.00,401.40,392.33,399.30,12675546
7-Jan-15,388.80,396.65,386.60,393.40,15355205
6-Jan-15,391.70,393.80,385.60,385.90,12247658
5-Jan-15,399.50,402.34,391.90,392.40,12587666
31-Dec-14,404.10,405.50,400.05,401.50,1984274
30-Dec-14,403.60,410.00,399.92,402.40,6771596
29-Dec-14,413.20,413.90,404.90,405.50,7417583
24-Dec-14,414.00,416.70,412.60,416.70,1923171
23-Dec-14,412.60,414.10,408.10,414.10,6587814
22-Dec-14,406.70,412.20,406.50,411.00,8032884
19-Dec-14,404.90,407.60,400.10,404.80,28019864
18-Dec-14,406.20,407.80,395.00,400.80,20283606
17-Dec-14,402.40,405.10,398.45,401.80,13458189
16-Dec-14,397.60,406.70,394.00,405.40,26212178
15-Dec-14,393.30,408.25,391.40,398.00,20732759
12-Dec-14,408.10,410.50,396.60,397.40,14863756
11-Dec-14,410.50,415.67,409.80,411.10,12660388
10-Dec-14,410.60,412.80,408.00,410.10,11163157
9-Dec-14,416.50,416.50,408.50,408.50,12957690
8-Dec-14,419.30,419.80,415.52,416.50,7821799
5-Dec-14,415.20,420.25,413.60,420.00,12808293
4-Dec-14,408.30,412.70,406.00,411.50,16940398
3-Dec-14,418.50,418.80,407.86,408.30,14068343
2-Dec-14,410.40,417.90,410.40,415.56,16234668
1-Dec-14,410.00,416.10,409.20,411.80,15148465
28-Nov-14,407.00,413.60,403.40,410.20,29634557
27-Nov-14,404.50,406.00,401.50,405.30,10209542
26-Nov-14,396.10,408.23,395.90,404.40,20892145
25-Nov-14,395.10,401.70,394.25,395.80,36417863
24-Nov-14,383.00,395.60,379.70,394.10,29412366
21-Nov-14,376.80,380.52,376.26,380.00,15230836
20-Nov-14,380.30,381.70,372.18,375.60,13196291
19-Nov-14,381.00,382.63,379.12,381.00,11611826
18-Nov-14,377.10,381.50,376.06,381.20,11984604
17-Nov-14,372.60,377.00,370.90,375.80,11878625
14-Nov-14,369.00,374.20,367.50,374.20,16600584
13-Nov-14,369.00,370.40,365.30,368.90,12633779
12-Nov-14,368.80,369.60,365.10,367.10,11336587
11-Nov-14,375.10,375.10,367.30,368.90,20796696
10-Nov-14,373.00,375.80,370.34,375.10,11095658
7-Nov-14,373.20,378.50,372.70,373.50,14451936
6-Nov-14,370.10,374.80,367.73,371.40,12976522
5-Nov-14,366.00,371.30,363.10,371.30,17833354
4-Nov-14,366.00,369.30,361.40,362.20,16108597
3-Nov-14,367.90,369.80,365.90,367.30,11770244
31-Oct-14,370.00,370.30,362.40,367.50,19484038
30-Oct-14,379.00,379.30,361.30,367.90,22283994
29-Oct-14,377.70,379.40,374.40,375.50,9953414
28-Oct-14,370.70,376.60,370.70,375.40,9823517
27-Oct-14,373.70,374.00,367.10,369.30,8678062
24-Oct-14,372.50,372.50,363.60,370.00,18636523
23-Oct-14,372.60,377.35,369.60,376.60,11038331
22-Oct-14,370.00,373.40,368.20,373.10,11217802
21-Oct-14,361.80,370.50,360.40,369.80,15210011
20-Oct-14,362.00,363.98,360.30,363.20,14428025
17-Oct-14,362.60,365.90,360.50,362.70,17863785
16-Oct-14,360.50,365.00,351.90,361.50,19740852
15-Oct-14,371.10,371.10,359.20,360.10,14055423
14-Oct-14,366.50,371.10,365.70,369.50,11103230
13-Oct-14,367.00,368.80,365.48,368.40,10715467
10-Oct-14,365.40,373.40,365.40,369.50,15886644
9-Oct-14,377.10,377.10,367.40,369.00,13761043
8-Oct-14,370.00,374.20,368.54,372.40,11125739
7-Oct-14,375.20,375.40,370.50,370.90,8908135
6-Oct-14,376.30,379.85,374.70,376.00,9397384
3-Oct-14,374.70,377.70,372.87,376.80,8720051
2-Oct-14,379.70,380.20,373.80,373.80,11623372
1-Oct-14,379.40,381.25,377.63,379.10,10227781
30-Sep-14,383.30,384.00,378.50,379.60,10907412
29-Sep-14,384.00,385.20,381.20,382.00,9065665
26-Sep-14,383.30,385.80,379.95,383.60,6983081
25-Sep-14,388.50,390.40,382.43,383.20,10840919
24-Sep-14,388.00,388.60,384.60,388.40,11135540
23-Sep-14,392.80,393.40,386.10,387.60,9448302
22-Sep-14,398.40,399.80,390.20,391.70,11591894
19-Sep-14,402.00,404.60,397.20,397.80,57490558
18-Sep-14,388.50,396.00,386.60,395.50,14956329
17-Sep-14,388.60,389.70,386.10,388.40,11446340
16-Sep-14,387.00,387.00,382.43,386.60,8127012
15-Sep-14,387.90,389.10,386.30,387.30,8235870
12-Sep-14,388.80,390.72,388.00,389.40,8060457
11-Sep-14,392.10,392.10,386.00,387.80,10307420
10-Sep-14,388.60,390.90,384.40,390.10,11276833
9-Sep-14,385.50,388.40,385.50,387.89,7895481
8-Sep-14,384.70,387.70,383.50,387.30,10055230
5-Sep-14,390.40,391.20,385.80,388.50,8799692
4-Sep-14,387.10,391.40,386.62,390.00,10276730
3-Sep-14,384.80,389.60,384.80,387.40,8308152
2-Sep-14,385.60,386.50,381.20,385.30,11662121
1-Sep-14,387.20,388.30,384.50,385.60,6511185
29-Aug-14,389.00,389.00,385.70,387.00,12958989
28-Aug-14,382.20,388.70,382.10,388.00,12855048
27-Aug-14,381.80,382.90,380.50,382.80,7712253
26-Aug-14,382.30,384.30,380.30,382.30,8476553
22-Aug-14,380.30,383.10,377.30,379.90,8006672
21-Aug-14,376.00,380.00,375.12,379.60,7429000
20-Aug-14,375.30,377.20,374.70,375.60,7868384
19-Aug-14,373.50,377.10,373.21,376.00,6516641
18-Aug-14,373.20,376.00,372.10,372.10,9161417
15-Aug-14,369.80,380.50,369.00,371.30,13241607
14-Aug-14,367.80,374.50,365.90,367.90,6574799
13-Aug-14,369.00,377.50,366.70,368.60,9276698
12-Aug-14,373.90,375.61,364.69,374.70,7596744
11-Aug-14,373.40,375.80,370.71,374.40,6278626
8-Aug-14,376.00,376.80,370.70,371.40,11115038
7-Aug-14,378.20,380.10,376.60,379.10,7110907
6-Aug-14,377.00,381.30,375.70,378.70,9983137
5-Aug-14,378.80,378.90,375.80,378.40,12459051
4-Aug-14,382.90,383.20,377.60,377.60,11213898
1-Aug-14,389.30,389.30,378.70,381.80,13050238
31-Jul-14,390.60,397.20,387.70,388.50,15762152
30-Jul-14,387.50,392.20,385.60,387.90,11361569
29-Jul-14,384.80,388.30,381.42,387.00,6331610
28-Jul-14,382.90,384.40,379.70,383.00,7459540
25-Jul-14,387.00,389.60,382.00,383.00,8012312
24-Jul-14,390.00,390.00,385.20,387.90,7133670
23-Jul-14,389.00,391.80,388.60,389.20,5782771
22-Jul-14,384.30,390.10,382.40,389.10,6440037
21-Jul-14,384.80,385.70,380.30,382.40,5707786
18-Jul-14,379.60,383.80,377.30,383.50,9925385
17-Jul-14,386.10,386.20,380.30,382.80,9455123
16-Jul-14,387.40,391.90,386.60,387.10,9655515
15-Jul-14,384.70,389.60,383.75,386.30,6600852
14-Jul-14,386.80,387.70,384.50,386.10,6316087
11-Jul-14,381.50,387.36,381.20,384.50,8264936
10-Jul-14,380.50,385.40,379.89,381.50,12257952
9-Jul-14,379.70,381.10,374.73,380.60,7221717
8-Jul-14,386.60,387.00,379.60,379.80,7951709
7-Jul-14,388.10,391.90,385.50,386.50,5867523
4-Jul-14,389.50,393.40,387.98,388.00,6251277
3-Jul-14,391.00,393.80,388.50,388.90,7242484
2-Jul-14,391.00,393.50,388.10,390.80,9089377
1-Jul-14,386.00,394.59,384.50,392.30,10107368
30-Jun-14,389.40,390.00,384.40,384.86,9338702
27-Jun-14,388.00,393.36,386.60,389.00,10248918
26-Jun-14,383.30,386.90,382.80,386.00,10074073
25-Jun-14,383.00,383.90,378.70,381.20,10354096
24-Jun-14,386.00,386.00,379.90,383.50,8669776
23-Jun-14,388.00,389.20,382.60,384.90,5414755
20-Jun-14,391.70,392.27,387.80,387.80,20790738
19-Jun-14,389.50,395.00,389.50,392.50,17670019
18-Jun-14,385.00,386.40,383.80,385.38,10211130
17-Jun-14,382.00,383.90,376.30,382.70,19447490
16-Jun-14,388.00,389.90,383.03,384.90,14741049
13-Jun-14,396.00,397.60,393.60,394.30,12418676
12-Jun-14,395.40,398.50,393.32,397.30,8413296
11-Jun-14,396.80,400.00,392.90,393.90,10034977
10-Jun-14,405.20,408.30,391.70,396.50,20755196
9-Jun-14,404.70,408.30,403.10,406.10,5296077
6-Jun-14,398.50,405.90,398.50,405.20,7045675
5-Jun-14,397.70,405.20,395.70,398.40,8622743
4-Jun-14,396.60,398.70,394.40,397.70,7326536
3-Jun-14,399.70,400.84,393.10,397.80,8701887
2-Jun-14,398.50,401.90,397.60,399.58,8782681
30-May-14,396.20,399.50,395.61,396.98,10451033
29-May-14,398.30,399.33,396.11,397.04,6489808
28-May-14,393.90,398.76,392.96,398.38,14077633
27-May-14,390.80,395.10,388.60,391.98,11769163
23-May-14,384.20,388.00,382.00,387.48,10891714
22-May-14,383.20,383.80,380.30,382.98,10334619
21-May-14,379.80,382.90,376.60,382.08,12805706
20-May-14,372.50,380.80,371.90,379.28,15498644
19-May-14,366.40,372.30,364.70,371.08,11047654
16-May-14,361.80,368.06,361.30,366.38,17806995
15-May-14,375.00,375.10,361.80,362.80,15397561
14-May-14,375.00,376.26,372.00,373.60,11244776
13-May-14,375.80,376.20,371.90,374.90,15364805
12-May-14,382.60,384.20,373.46,374.30,18849549
9-May-14,389.00,390.00,381.70,382.50,12498742
8-May-14,389.50,393.50,385.50,388.00,15658493
7-May-14,378.90,380.60,374.00,376.80,11777568
6-May-14,378.50,381.40,375.70,377.98,8087930
2-May-14,378.70,382.30,375.90,377.50,12344374
1-May-14,370.00,451.00,368.90,377.10,7182363
30-Apr-14,372.50,372.70,366.00,368.50,12501535
29-Apr-14,372.20,374.40,370.40,374.00,9241061
28-Apr-14,373.00,374.68,370.30,371.20,6082860
25-Apr-14,371.00,374.70,369.20,372.68,7746862
24-Apr-14,373.60,375.10,367.60,372.10,8433835
23-Apr-14,372.30,374.40,369.80,372.00,10233105
22-Apr-14,370.00,373.00,368.89,371.26,9351169
17-Apr-14,362.00,369.70,362.00,369.50,17561124
16-Apr-14,361.00,363.20,358.90,362.00,10556763
15-Apr-14,354.70,362.20,350.80,357.96,15780206
14-Apr-14,356.20,357.63,350.30,356.20,12882888
11-Apr-14,357.50,362.20,354.61,358.00,14366075
10-Apr-14,367.50,370.49,358.60,359.90,14388901
9-Apr-14,357.90,367.50,355.21,363.50,16008801
8-Apr-14,374.50,375.10,358.70,361.90,27186291
7-Apr-14,378.70,381.30,374.20,375.00,8015964
4-Apr-14,382.80,384.40,380.30,381.30,8638562
3-Apr-14,383.50,384.60,381.20,381.60,9136455
2-Apr-14,380.80,385.60,380.75,383.30,11383157
1-Apr-14,382.20,382.98,378.40,379.69,11280640
31-Mar-14,376.00,382.50,375.30,379.50,19616394
28-Mar-14,381.50,382.80,373.00,374.10,15635766
27-Mar-14,376.80,383.40,375.20,379.92,14964832
26-Mar-14,384.00,385.50,376.11,378.30,19443168
25-Mar-14,383.20,391.00,382.30,384.00,10758507
24-Mar-14,387.40,389.82,381.30,383.10,14598349
21-Mar-14,391.90,392.52,385.56,387.12,23050723
20-Mar-14,393.60,394.77,389.20,391.50,12601649
19-Mar-14,393.10,397.30,391.10,396.04,12660012
18-Mar-14,393.40,393.82,390.10,393.30,10959022
17-Mar-14,389.10,394.30,388.60,394.14,11362481
14-Mar-14,395.90,396.30,383.80,389.00,19992074
13-Mar-14,404.00,404.00,397.40,397.90,15349159
12-Mar-14,399.70,404.40,397.10,402.30,15610344
11-Mar-14,397.50,402.40,396.10,400.50,15005879
10-Mar-14,401.20,403.00,396.10,397.00,12898487
7-Mar-14,406.90,410.20,401.30,401.30,14613629
6-Mar-14,404.00,405.40,400.60,403.90,9797101
5-Mar-14,406.40,408.90,401.50,402.60,15962544
4-Mar-14,404.70,408.30,404.70,406.40,15617753
3-Mar-14,407.40,411.20,402.30,402.34,18320669
28-Feb-14,411.90,413.50,408.90,409.80,16457279
27-Feb-14,411.80,412.00,405.70,411.30,11945345
26-Feb-14,415.10,415.90,409.70,411.90,10099158
25-Feb-14,415.20,416.20,412.60,415.10,24605925
24-Feb-14,412.60,415.20,411.20,413.94,17372058
21-Feb-14,417.90,421.20,412.20,413.30,19393491
20-Feb-14,410.40,415.90,407.70,415.30,15590242
19-Feb-14,417.50,418.00,409.20,413.00,16793892
18-Feb-14,404.80,419.00,402.70,413.05,23831135
17-Feb-14,396.50,405.10,396.50,404.30,10437525
14-Feb-14,396.00,398.20,395.90,396.50,9050243
13-Feb-14,396.70,397.20,391.70,395.78,11115092
12-Feb-14,396.20,397.00,393.00,396.20,10177582
11-Feb-14,392.60,395.80,392.50,395.50,9222479
10-Feb-14,393.10,393.10,390.20,392.00,7040058
7-Feb-14,390.80,392.90,389.00,392.00,11204179
6-Feb-14,386.00,390.60,385.50,388.80,16485032
5-Feb-14,385.70,387.10,382.70,384.50,15446929
4-Feb-14,383.30,386.20,379.70,384.60,18144780
3-Feb-14,382.30,385.60,382.30,384.80,18986471
31-Jan-14,384.90,386.30,375.00,383.30,27113567
30-Jan-14,369.20,372.20,367.80,370.90,13095402
29-Jan-14,379.00,380.00,368.30,369.90,17582755
28-Jan-14,378.10,381.40,377.00,377.20,15561915
27-Jan-14,380.00,382.40,374.60,376.60,16000974
24-Jan-14,385.10,385.90,378.30,380.20,12465642
23-Jan-14,384.10,385.80,382.40,383.40,11185085
22-Jan-14,382.00,384.70,382.00,384.10,7855051
21-Jan-14,379.50,383.00,379.10,381.50,8900626
20-Jan-14,383.40,383.80,378.80,379.50,6413234
17-Jan-14,380.80,385.30,380.80,383.40,14606353
16-Jan-14,385.30,386.70,380.10,380.80,9419675
15-Jan-14,384.90,387.40,383.90,386.00,11167723
14-Jan-14,379.00,387.70,378.00,384.80,11770397
13-Jan-14,383.70,387.90,383.20,384.70,6296851
10-Jan-14,384.60,385.50,382.10,383.30,8497952
9-Jan-14,379.00,387.00,378.50,384.00,9186389
8-Jan-14,383.30,383.50,378.80,379.10,8022398
7-Jan-14,385.20,387.50,383.20,384.00,9314983
6-Jan-14,381.00,386.30,379.50,385.30,6184852
3-Jan-14,380.60,383.50,377.80,381.80,5386021
2-Jan-14,380.20,383.30,376.90,380.10,10860728
31-Dec-13,377.40,383.20,377.40,379.40,1912500
30-Dec-13,380.20,381.60,375.10,377.30,5614272
27-Dec-13,380.30,381.60,377.30,380.60,3919694
24-Dec-13,376.80,380.30,375.70,378.40,1339589
23-Dec-13,374.80,377.10,373.10,376.40,5079226
20-Dec-13,375.50,378.10,371.60,376.80,16091196
19-Dec-13,376.30,378.40,374.50,375.10,8723986
18-Dec-13,376.00,378.50,373.20,373.20,9807343
17-Dec-13,370.50,374.80,370.10,374.10,8868635
16-Dec-13,367.00,372.90,365.70,372.00,8476688
13-Dec-13,368.70,369.50,366.20,366.90,7797950
12-Dec-13,371.90,372.00,366.40,368.70,7920911
11-Dec-13,368.10,373.90,367.80,372.60,10515816
10-Dec-13,369.20,372.30,365.70,368.60,8574589
9-Dec-13,371.40,372.90,370.70,371.20,6597636
6-Dec-13,366.80,372.20,364.90,370.60,12834995
5-Dec-13,367.20,367.30,362.90,364.60,11354391
4-Dec-13,366.50,368.50,364.60,367.20,8241862
3-Dec-13,366.00,367.50,364.30,366.90,11239788
2-Dec-13,373.10,373.40,367.10,367.20,9421022
29-Nov-13,373.10,376.90,372.50,372.70,7899228
28-Nov-13,374.20,376.90,373.30,374.00,6509280
27-Nov-13,372.00,375.40,370.40,373.90,11084349
26-Nov-13,373.90,374.70,372.10,372.20,14503978
25-Nov-13,375.90,378.10,373.70,374.50,10197512
22-Nov-13,380.10,380.50,375.80,376.10,9293766
21-Nov-13,375.90,381.00,374.30,379.60,8361366
20-Nov-13,378.40,379.50,371.70,376.10,11725872
19-Nov-13,381.00,381.10,378.00,379.80,6726987
18-Nov-13,378.80,382.40,375.40,382.00,9163827
15-Nov-13,379.10,383.00,375.90,379.80,12138480
14-Nov-13,377.00,380.10,375.60,379.00,10135293
13-Nov-13,377.00,378.80,373.10,374.90,11687685
12-Nov-13,375.70,377.50,373.40,377.10,12250522
11-Nov-13,369.20,375.60,362.70,374.10,24216923
8-Nov-13,369.00,373.30,367.70,372.10,7107358
7-Nov-13,374.30,375.90,369.70,371.10,10464475
6-Nov-13,377.80,379.10,373.60,374.50,9786915
5-Nov-13,379.40,379.90,372.10,376.30,9086772
4-Nov-13,388.00,388.00,375.70,377.20,8457968
1-Nov-13,379.70,381.60,376.60,378.60,9385626
31-Oct-13,370.60,382.10,364.10,377.00,22648025
30-Oct-13,370.30,372.20,367.90,369.50,7349033
29-Oct-13,360.60,369.40,360.60,369.40,10005753
28-Oct-13,361.30,363.60,360.00,361.70,8646908
25-Oct-13,361.90,363.00,358.10,359.10,12196403
24-Oct-13,362.80,364.60,360.20,362.70,10087014
23-Oct-13,360.00,-,-,362.50,14212005
22-Oct-13,366.50,369.10,364.30,367.20,6940363
21-Oct-13,366.00,367.60,364.40,367.40,6208188
18-Oct-13,366.00,366.60,362.40,365.10,13580679
17-Oct-13,357.00,364.40,356.20,364.10,8969363
16-Oct-13,357.80,361.10,354.60,356.41,9494990
15-Oct-13,355.80,358.20,351.30,354.40,10382767
14-Oct-13,346.90,355.10,346.70,353.50,7448381
11-Oct-13,349.50,349.70,347.00,348.10,5850684
10-Oct-13,343.70,348.80,341.40,348.30,7275664
9-Oct-13,340.00,344.60,339.10,342.70,10189610
8-Oct-13,346.40,347.40,340.20,340.60,13186422
7-Oct-13,349.10,349.20,345.10,347.00,6758720
4-Oct-13,347.20,351.90,345.60,350.90,7134029
3-Oct-13,347.00,349.40,346.50,347.70,5603646
2-Oct-13,345.90,347.90,344.20,347.00,8206965
1-Oct-13,342.90,348.30,342.80,347.50,10765650
30-Sep-13,342.50,345.50,341.70,342.40,13523135
27-Sep-13,343.00,347.60,343.00,346.40,9522724
26-Sep-13,342.90,343.60,341.10,343.10,6664745
25-Sep-13,343.00,344.20,340.10,342.50,6894065
24-Sep-13,343.00,344.10,341.00,342.50,7523808
20-Sep-13,339.50,345.20,339.30,342.50,13987340
19-Sep-13,345.00,347.30,340.70,341.30,7285658
18-Sep-13,344.40,345.30,340.80,342.80,10051140
17-Sep-13,346.00,348.60,344.40,344.40,8563741
16-Sep-13,348.80,349.00,344.20,346.70,9401747
13-Sep-13,347.60,350.60,345.40,345.40,7127561
12-Sep-13,347.30,349.70,345.20,348.20,5603322
11-Sep-13,350.00,350.00,345.60,346.50,7074376
10-Sep-13,345.10,349.00,344.50,348.90,7441063
9-Sep-13,342.50,343.40,340.90,343.00,5810190
6-Sep-13,341.20,346.50,340.10,342.90,10535802
5-Sep-13,340.20,343.80,339.00,342.50,7474397
4-Sep-13,339.70,341.50,334.20,340.40,7330758
3-Sep-13,339.80,346.60,337.10,337.90,13880170
2-Sep-13,330.20,340.20,329.80,338.20,12226513
30-Aug-13,331.50,333.20,325.30,325.30,11079644
29-Aug-13,324.30,331.80,324.00,330.80,11447668
28-Aug-13,324.10,325.50,321.80,323.00,10453317
27-Aug-13,330.70,332.30,325.20,326.20,11029497
23-Aug-13,330.20,334.20,329.30,332.30,5745202
22-Aug-13,327.00,331.00,327.00,330.50,8174090
21-Aug-13,328.30,331.80,326.80,327.40,10561422
20-Aug-13,320.00,329.30,320.00,328.20,11415071
19-Aug-13,325.90,327.30,321.70,322.20,6233519
16-Aug-13,324.90,327.70,323.60,325.80,10502312
15-Aug-13,326.10,331.70,324.40,325.60,12536112
14-Aug-13,330.70,334.70,326.00,328.09,10904249
13-Aug-13,329.00,332.90,328.30,331.30,7833747
12-Aug-13,330.00,330.00,325.60,329.00,7601843
9-Aug-13,328.20,332.20,325.70,330.50,8311195
8-Aug-13,329.30,329.90,325.10,326.50,10052629
7-Aug-13,331.00,334.10,328.30,328.50,10641340
6-Aug-13,338.90,340.20,334.40,338.60,11665606
5-Aug-13,340.10,342.70,336.50,338.72,8677668
2-Aug-13,345.00,345.60,338.60,339.60,9111993
1-Aug-13,342.40,345.60,340.40,342.70,11096838
31-Jul-13,341.10,344.00,339.60,340.70,9254775
30-Jul-13,338.90,344.10,338.90,342.10,7966385
29-Jul-13,338.40,340.60,336.20,336.60,8337237
26-Jul-13,336.30,338.20,334.70,336.80,7929897
25-Jul-13,343.60,345.00,331.10,334.40,14813546
24-Jul-13,338.90,344.60,337.20,342.00,9583337
23-Jul-13,345.70,348.50,339.90,339.90,12529802
22-Jul-13,338.00,344.30,336.80,343.20,9818348
19-Jul-13,331.90,338.46,331.60,338.10,17420693
18-Jul-13,333.00,335.20,331.40,332.10,25777200
17-Jul-13,338.50,339.91,333.60,334.00,15285489
16-Jul-13,344.00,345.00,337.10,338.40,11414733
15-Jul-13,341.70,347.10,340.78,344.00,11280966
12-Jul-13,339.80,341.20,337.70,339.20,10883633
11-Jul-13,338.00,340.90,333.30,337.40,11211950
10-Jul-13,334.20,336.26,330.40,335.70,9803705
9-Jul-13,336.60,336.60,330.80,334.00,9742571
8-Jul-13,331.60,335.57,329.90,335.20,10420782
5-Jul-13,330.40,333.20,327.10,329.30,10525785
4-Jul-13,319.00,330.50,319.00,329.10,12581748
3-Jul-13,314.10,317.90,312.80,317.80,13099646
2-Jul-13,315.00,317.54,312.90,316.20,8977776
1-Jul-13,313.20,317.70,311.10,317.50,12095859
28-Jun-13,310.40,311.90,308.20,309.20,13793081
27-Jun-13,305.50,311.57,305.00,309.00,9748459
26-Jun-13,305.40,309.00,304.40,305.40,10406482
25-Jun-13,303.90,307.00,300.20,304.90,10742107
24-Jun-13,306.60,308.50,299.00,300.20,16842323
21-Jun-13,307.10,314.10,305.20,307.40,28933429
20-Jun-13,309.90,312.00,302.50,304.40,15069326
19-Jun-13,319.00,321.82,306.50,313.70,28898089
18-Jun-13,311.30,322.90,310.15,319.30,10837000
17-Jun-13,313.10,315.10,310.80,312.00,9468872
14-Jun-13,310.20,312.50,306.40,312.40,12797777
13-Jun-13,305.30,309.30,304.30,307.70,14140224
12-Jun-13,305.50,313.80,305.00,309.30,11301958
11-Jun-13,306.50,309.03,300.90,305.00,9629219
10-Jun-13,311.20,315.11,306.90,308.00,11702275
7-Jun-13,304.70,315.20,304.00,312.80,18959622
6-Jun-13,295.60,304.70,295.60,301.70,14857976
5-Jun-13,294.90,298.70,293.83,294.10,11020557
4-Jun-13,297.60,301.74,295.43,296.40,11217132
3-Jun-13,300.00,300.60,293.00,294.30,15926325
31-May-13,302.30,307.80,300.48,302.10,17531644
30-May-13,304.10,304.54,300.80,303.40,8358731
29-May-13,310.90,311.10,304.80,305.40,9669123
28-May-13,309.00,314.10,309.00,312.60,10158206
24-May-13,308.20,313.10,304.20,307.70,13579818
23-May-13,315.20,319.10,312.60,314.10,10552072
22-May-13,321.90,324.00,320.30,321.50,10762819
21-May-13,322.20,323.50,319.70,322.30,9387386
20-May-13,315.60,322.93,314.13,322.20,7302224
17-May-13,315.40,316.50,312.91,314.00,9547412
16-May-13,314.50,322.13,313.10,316.30,16368630
15-May-13,311.40,312.91,309.30,312.60,11009130
14-May-13,306.20,311.50,304.90,311.50,9688673
13-May-13,309.60,310.80,303.54,305.80,15698935
10-May-13,296.46,312.20,295.00,309.50,43023274
9-May-13,280.70,282.10,272.30,275.70,19000822
8-May-13,282.90,284.50,281.40,282.30,11912387
7-May-13,282.50,283.40,275.10,281.90,14256395
3-May-13,278.90,279.30,274.30,275.00,12491733
2-May-13,280.30,283.30,278.80,279.10,11406528
1-May-13,275.80,286.63,275.80,285.70,12218286
30-Apr-13,280.70,283.34,276.12,276.20,17755434
29-Apr-13,286.10,287.60,280.10,280.90,16185544
26-Apr-13,287.40,287.90,284.30,285.80,7804955
25-Apr-13,284.90,290.70,282.70,288.70,10773992
24-Apr-13,283.10,284.90,282.00,284.30,8078045
23-Apr-13,275.40,284.50,275.30,283.70,10976572
22-Apr-13,278.30,280.00,275.90,276.60,7468087
19-Apr-13,278.00,279.00,274.90,277.60,10048552
18-Apr-13,276.30,277.10,273.10,276.00,9293376
17-Apr-13,276.80,277.80,273.90,274.80,8678494
16-Apr-13,275.70,277.70,272.80,274.40,7740549
15-Apr-13,276.50,277.98,274.00,277.60,8829454
12-Apr-13,278.70,279.20,276.30,278.20,6289911
11-Apr-13,277.10,280.50,276.17,279.50,7336306
10-Apr-13,268.50,278.00,268.40,277.00,12117154
9-Apr-13,266.70,268.83,266.25,268.10,6856097
8-Apr-13,267.00,268.40,264.70,265.70,7747622
5-Apr-13,270.00,270.57,261.40,265.80,11081085
4-Apr-13,278.30,279.34,272.56,273.60,8815266
3-Apr-13,280.70,281.70,277.90,278.50,10710640
2-Apr-13,277.40,283.20,276.40,281.70,9949702
28-Mar-13,275.00,280.80,274.60,278.00,10303799
27-Mar-13,279.50,279.50,270.80,274.50,12066468
26-Mar-13,281.30,281.50,276.26,277.60,11188441
25-Mar-13,279.40,281.40,277.80,280.80,14567657
22-Mar-13,266.30,277.70,266.30,276.70,14282426
21-Mar-13,271.80,271.80,265.20,266.30,10734191
20-Mar-13,271.10,274.56,270.98,272.70,9701022
19-Mar-13,270.30,273.60,268.80,269.90,7367196
18-Mar-13,266.90,272.00,266.42,270.80,8801999
15-Mar-13,277.00,277.80,272.20,272.30,23676328
14-Mar-13,265.70,278.06,265.48,277.40,21231971
13-Mar-13,269.00,269.00,264.10,265.80,10762125
12-Mar-13,270.50,271.13,269.50,269.50,8403403
11-Mar-13,267.00,271.80,266.10,270.50,10179393
8-Mar-13,265.40,269.07,264.80,267.00,12699519
7-Mar-13,266.10,267.00,263.40,264.00,14294629
6-Mar-13,268.90,269.54,265.90,266.40,12338562
5-Mar-13,266.20,268.90,265.70,268.50,10679656
4-Mar-13,267.00,268.70,264.80,265.40,12462711
1-Mar-13,267.10,269.50,264.80,268.50,10037500
28-Feb-13,271.30,271.62,266.80,267.70,18354054
27-Feb-13,268.00,270.70,267.50,270.00,12353906
26-Feb-13,266.80,272.90,265.30,266.50,13296664
25-Feb-13,278.00,278.78,270.60,271.70,12228749
22-Feb-13,274.30,279.60,274.30,277.10,7990230
21-Feb-13,280.00,280.00,273.10,274.00,9680326
20-Feb-13,277.00,282.84,276.42,281.00,10234497
19-Feb-13,273.40,278.60,272.62,276.90,10439506
18-Feb-13,275.20,276.30,273.42,274.20,5785574
15-Feb-13,273.30,276.20,272.30,275.30,9233253
14-Feb-13,274.20,275.70,272.32,273.70,8189267
13-Feb-13,271.80,277.81,270.10,275.90,11534721
12-Feb-13,266.40,271.50,266.00,271.50,13114683
11-Feb-13,266.80,267.60,264.93,267.10,9917634
8-Feb-13,268.00,269.40,264.50,266.70,10562968
7-Feb-13,272.50,274.90,265.60,267.00,14561802
6-Feb-13,270.20,274.60,268.70,272.70,15562420
5-Feb-13,263.00,270.20,263.00,268.90,15722683
4-Feb-13,265.80,266.50,247.88,263.00,14579679
1-Feb-13,257.20,267.72,255.80,264.80,28556253
31-Jan-13,250.60,251.10,246.70,248.60,14313043
30-Jan-13,246.70,250.88,245.00,250.00,17485519
29-Jan-13,245.00,246.60,244.00,246.20,19692397
28-Jan-13,254.10,254.40,251.02,252.10,7983513
25-Jan-13,249.00,253.10,248.60,253.10,10358965
24-Jan-13,250.00,250.30,248.00,249.20,10167119
23-Jan-13,251.20,253.30,249.30,250.70,15647762
22-Jan-13,250.00,251.50,245.00,249.70,13673785
21-Jan-13,247.00,249.15,246.50,248.70,8916735
18-Jan-13,245.00,246.50,244.50,246.00,14083699
17-Jan-13,242.70,248.30,242.00,244.80,11675339
16-Jan-13,240.30,241.40,239.70,241.20,12357622
15-Jan-13,241.50,241.60,238.10,240.30,14362317
14-Jan-13,246.90,248.09,243.10,243.30,10028942
11-Jan-13,246.30,247.70,244.30,246.00,10355995
10-Jan-13,246.80,247.96,245.46,246.30,8011974
9-Jan-13,246.10,248.22,245.30,247.10,13293258
8-Jan-13,243.00,246.90,242.60,245.10,15178153
7-Jan-13,242.60,243.10,240.40,243.00,11994801
4-Jan-13,237.30,242.80,236.30,242.80,11201984
3-Jan-13,237.80,238.40,235.90,238.30,7364009
2-Jan-13,233.40,238.60,233.30,237.20,9834233
