31-Dec-15,442.90,445.80,439.80,440.60,207648
30-Dec-15,448.60,450.20,443.70,446.00,458947
29-Dec-15,444.60,451.80,444.60,450.10,640334
24-Dec-15,446.20,448.80,444.80,448.80,148833
23-Dec-15,440.50,444.60,437.50,444.10,400957
22-Dec-15,439.30,440.00,435.00,435.80,522549
21-Dec-15,443.40,447.90,435.70,435.70,683688
18-Dec-15,443.60,450.00,442.00,443.90,1531256
16-Dec-15,432.50,436.10,430.70,434.70,628253
15-Dec-15,425.50,432.70,421.20,421.70,952731
14-Dec-15,433.70,434.50,421.00,421.00,922573
11-Dec-15,435.60,439.30,429.30,429.30,1680337
10-Dec-15,435.00,441.80,431.10,434.00,1233279
9-Dec-15,429.90,431.20,427.80,428.70,925477
8-Dec-15,428.40,431.50,426.90,426.90,761395
7-Dec-15,427.40,433.80,427.00,428.00,1297583
4-Dec-15,431.40,431.40,421.90,427.80,1000605
3-Dec-15,443.60,445.40,429.80,429.80,856165
2-Dec-15,441.00,445.00,440.90,442.30,1279851
1-Dec-15,438.00,443.30,437.22,441.40,1573943
30-Nov-15,436.10,441.60,434.90,440.60,967468
27-Nov-15,434.10,438.50,432.70,438.00,714992
26-Nov-15,438.40,439.40,434.80,439.40,654894
25-Nov-15,436.70,442.70,435.40,437.50,1212568
24-Nov-15,435.80,438.60,432.00,434.80,1636074
23-Nov-15,438.00,440.90,436.90,437.20,666582
20-Nov-15,435.80,441.40,434.50,440.30,1357310
19-Nov-15,432.00,437.00,431.10,434.40,868091
18-Nov-15,430.80,432.70,427.50,429.40,874127
17-Nov-15,420.80,432.70,420.80,431.60,1101888
16-Nov-15,411.50,418.70,411.50,418.70,1045339
13-Nov-15,414.40,416.80,412.00,415.70,1401714
12-Nov-15,419.50,422.10,412.00,412.00,1000895
11-Nov-15,414.60,420.80,414.60,418.50,1121725
10-Nov-15,421.80,422.80,411.50,415.00,1488538
9-Nov-15,430.10,430.10,416.50,416.90,1608263
6-Nov-15,438.10,439.80,427.50,427.60,1225125
5-Nov-15,439.20,442.10,435.00,438.20,1631600
4-Nov-15,450.00,450.00,436.50,436.50,1799286
3-Nov-15,447.40,448.20,442.40,442.60,1400342
2-Nov-15,442.50,445.80,441.60,445.00,805114
30-Oct-15,446.50,448.30,441.10,444.50,748988
29-Oct-15,443.80,445.40,440.20,445.30,586228
28-Oct-15,444.10,446.90,443.10,446.10,1148855
27-Oct-15,441.20,444.90,440.20,444.40,1136590
26-Oct-15,444.10,444.70,440.50,443.00,488382
23-Oct-15,442.00,445.50,440.90,442.00,869036
22-Oct-15,433.40,441.50,429.10,440.20,858648
21-Oct-15,431.40,435.30,427.00,433.10,681112
20-Oct-15,425.40,430.60,423.70,428.80,797154
19-Oct-15,420.30,425.90,420.30,424.70,683432
16-Oct-15,418.20,420.90,417.30,418.40,974025
15-Oct-15,410.00,419.90,410.00,415.80,1078709
14-Oct-15,412.20,412.20,404.40,408.10,656434
13-Oct-15,417.80,421.00,413.30,414.30,621830
12-Oct-15,423.10,424.20,418.50,419.60,875532
9-Oct-15,428.50,431.90,421.40,423.00,743713
8-Oct-15,430.10,432.00,423.40,427.00,946338
7-Oct-15,439.90,440.90,429.10,430.50,958002
6-Oct-15,440.00,441.30,437.00,437.00,552502
5-Oct-15,438.20,440.50,435.80,439.00,600050
2-Oct-15,434.70,435.20,427.40,431.90,599128
1-Oct-15,437.70,442.10,432.00,432.00,873348
30-Sep-15,434.20,435.70,431.20,434.30,983547
29-Sep-15,428.10,430.60,426.60,426.70,1010102
28-Sep-15,434.20,436.40,430.30,430.30,697285
25-Sep-15,430.90,436.80,428.10,433.90,667297
24-Sep-15,425.70,431.50,424.80,426.30,924258
23-Sep-15,417.60,428.00,414.50,425.90,1212853
22-Sep-15,431.40,432.60,424.70,424.70,806095
21-Sep-15,430.60,439.10,429.50,430.60,681537
18-Sep-15,430.00,436.70,428.50,434.10,1745775
17-Sep-15,428.00,436.40,427.70,431.00,1024251
16-Sep-15,433.40,436.80,425.00,425.80,1062093
15-Sep-15,436.00,437.00,430.40,432.20,819981
14-Sep-15,435.70,438.20,431.40,434.30,832838
11-Sep-15,437.60,438.80,433.80,434.90,1068066
10-Sep-15,434.40,438.70,432.60,436.60,792004
9-Sep-15,442.50,442.50,435.90,438.50,541268
8-Sep-15,434.60,437.40,429.80,433.50,757487
7-Sep-15,431.80,432.80,424.70,430.00,573642
4-Sep-15,435.80,438.92,431.40,431.40,674750
3-Sep-15,445.00,446.00,440.00,442.40,997866
2-Sep-15,437.60,445.00,436.30,441.50,1096664
1-Sep-15,440.60,454.80,433.50,435.00,857859
28-Aug-15,443.90,446.30,438.10,443.50,974694
27-Aug-15,438.50,446.60,433.10,444.50,1588917
26-Aug-15,432.70,441.20,428.50,432.70,1318114
25-Aug-15,427.50,443.00,422.20,439.10,1469365
24-Aug-15,443.10,443.10,420.80,423.30,2581800
21-Aug-15,459.30,462.90,454.60,454.60,875425
20-Aug-15,467.70,471.40,462.90,464.10,666543
19-Aug-15,472.60,473.70,469.40,470.30,961205
18-Aug-15,474.20,475.00,471.80,472.80,620227
17-Aug-15,471.00,475.10,467.90,473.40,559993
14-Aug-15,466.30,470.80,463.00,470.80,828234
13-Aug-15,465.10,465.20,460.20,464.20,887245
12-Aug-15,462.40,465.33,456.80,459.40,778605
11-Aug-15,463.80,468.00,462.10,463.80,719417
10-Aug-15,465.00,467.10,460.10,467.10,599311
7-Aug-15,466.80,466.80,461.80,463.30,764242
6-Aug-15,464.80,468.80,463.10,465.20,1128564
5-Aug-15,467.40,467.40,463.20,465.80,907488
4-Aug-15,462.20,466.30,458.70,466.30,886078
3-Aug-15,458.60,462.30,458.00,461.10,802607
31-Jul-15,460.10,462.10,456.60,461.30,1276369
30-Jul-15,458.70,458.70,453.00,458.20,1270705
29-Jul-15,448.10,454.80,446.70,453.80,1500139
28-Jul-15,445.40,447.70,443.70,446.90,1216631
27-Jul-15,448.50,449.20,441.60,443.20,799187
24-Jul-15,448.40,454.10,446.60,448.40,983680
23-Jul-15,454.70,456.10,448.30,452.10,996517
22-Jul-15,459.20,462.30,452.70,454.30,1178564
21-Jul-15,460.30,461.20,457.10,458.60,401509
20-Jul-15,459.20,460.70,455.50,458.60,440441
17-Jul-15,455.80,458.60,454.90,458.00,587453
16-Jul-15,451.40,456.60,449.40,456.40,755266
15-Jul-15,447.00,449.00,443.20,449.00,874454
14-Jul-15,447.60,449.10,441.40,444.60,546891
13-Jul-15,440.40,447.30,436.20,446.90,1247998
10-Jul-15,434.70,436.10,430.50,436.00,803357
9-Jul-15,430.20,431.20,426.10,429.70,1386863
8-Jul-15,432.10,434.70,427.30,427.90,1111339
7-Jul-15,438.00,439.20,430.30,430.80,1039136
6-Jul-15,438.90,439.70,434.30,435.50,1047070
3-Jul-15,438.00,441.40,436.20,440.20,297091
2-Jul-15,439.00,441.80,435.30,436.30,765962
1-Jul-15,437.00,440.40,433.80,439.50,726095
30-Jun-15,431.50,438.50,428.80,435.20,1050997
29-Jun-15,436.10,438.80,431.60,433.10,1296877
26-Jun-15,440.00,443.70,437.10,441.80,943970
25-Jun-15,422.90,437.70,422.80,437.70,1859572
24-Jun-15,421.10,423.60,417.00,422.80,1148255
23-Jun-15,415.10,416.60,413.20,413.60,614870
22-Jun-15,415.20,415.27,412.10,413.50,762901
19-Jun-15,411.00,412.30,406.90,410.50,1683068
18-Jun-15,404.50,410.10,403.60,408.40,964655
17-Jun-15,408.30,410.00,405.30,406.70,854277
16-Jun-15,407.00,412.70,402.30,409.80,556485
15-Jun-15,408.60,410.00,406.17,406.80,424457
12-Jun-15,413.50,417.10,408.50,411.90,481466
11-Jun-15,407.50,419.00,407.50,416.50,726254
10-Jun-15,404.40,410.20,404.10,408.80,512690
9-Jun-15,402.80,408.00,401.70,405.90,610338
8-Jun-15,399.20,404.50,398.40,401.70,822090
5-Jun-15,408.20,408.70,398.60,400.90,864006
4-Jun-15,408.20,410.10,404.10,409.40,904621
3-Jun-15,419.10,421.50,410.40,410.50,1257848
2-Jun-15,422.10,422.10,415.60,416.70,785935
1-Jun-15,421.20,422.40,417.20,421.50,1120810
29-May-15,420.90,422.30,415.10,419.80,1303397
28-May-15,422.40,426.90,419.70,421.70,689395
27-May-15,419.40,427.50,415.00,426.90,999372
26-May-15,424.90,425.00,419.10,420.60,712993
22-May-15,424.90,427.00,423.80,423.80,477131
21-May-15,432.80,434.30,424.50,424.50,560680
20-May-15,434.80,434.80,428.70,432.40,528342
19-May-15,430.00,433.50,426.34,433.00,632697
18-May-15,428.30,429.40,424.90,427.10,492953
15-May-15,422.80,428.00,422.80,426.40,497884
14-May-15,414.80,422.30,411.40,421.90,602002
13-May-15,412.80,420.10,412.80,418.20,634266
12-May-15,407.10,414.40,407.10,412.20,1765402
11-May-15,417.20,417.20,413.40,415.40,846085
8-May-15,405.60,426.10,403.70,415.20,2694635
7-May-15,392.90,396.70,389.10,394.70,1805837
6-May-15,397.40,397.40,393.00,394.80,1875906
5-May-15,401.50,403.80,395.00,395.30,1098903
1-May-15,394.10,399.20,392.57,398.50,389559
30-Apr-15,395.20,396.50,391.40,395.00,1178135
29-Apr-15,395.80,399.00,394.30,395.20,1194771
28-Apr-15,398.70,401.80,395.50,397.40,1501518
27-Apr-15,398.30,401.40,395.60,401.40,500744
24-Apr-15,399.00,399.90,397.80,399.00,686904
23-Apr-15,405.30,405.30,398.90,399.60,600353
22-Apr-15,406.90,407.40,399.81,402.70,573279
21-Apr-15,400.90,406.40,400.90,405.20,658674
20-Apr-15,403.40,405.90,401.20,401.40,694378
17-Apr-15,402.80,409.20,402.70,403.60,719311
16-Apr-15,407.90,410.40,403.00,405.20,908393
15-Apr-15,414.70,414.70,408.70,409.80,579425
14-Apr-15,413.90,413.90,408.80,412.10,590225
13-Apr-15,420.10,420.90,412.10,412.20,1219282
10-Apr-15,418.10,421.40,418.00,421.00,815724
9-Apr-15,416.50,420.00,414.60,419.30,704138
8-Apr-15,411.70,415.30,409.60,415.30,879542
7-Apr-15,409.10,412.70,407.20,410.80,761312
2-Apr-15,403.00,406.10,403.00,405.00,1190715
1-Apr-15,402.30,406.10,401.60,403.90,1628524
31-Mar-15,401.10,405.90,400.80,400.80,1702501
30-Mar-15,403.20,408.30,402.50,404.00,1674321
27-Mar-15,403.50,407.80,402.30,404.00,1938486
26-Mar-15,404.20,405.80,400.50,403.30,1273009
25-Mar-15,408.70,410.30,405.90,406.20,798694
24-Mar-15,403.50,409.80,402.00,407.40,916470
23-Mar-15,404.10,404.40,397.80,403.10,1125596
20-Mar-15,406.50,409.20,400.90,400.90,9078925
19-Mar-15,405.10,408.60,403.40,405.00,1558225
18-Mar-15,396.30,404.10,396.30,403.00,847008
17-Mar-15,400.50,403.90,394.30,397.20,1119103
16-Mar-15,397.10,401.80,393.80,400.00,971817
13-Mar-15,396.50,398.10,391.70,396.00,1074656
12-Mar-15,395.90,397.10,393.30,394.40,1142453
11-Mar-15,394.20,397.90,391.60,392.40,1086765
10-Mar-15,395.30,404.60,394.10,394.10,1749118
9-Mar-15,406.60,406.80,394.50,398.70,1368467
6-Mar-15,414.50,417.30,408.50,408.50,1157823
5-Mar-15,408.20,417.80,408.20,415.00,1343742
4-Mar-15,409.80,412.90,407.00,409.10,1614686
3-Mar-15,413.30,414.70,407.80,411.20,2376194
2-Mar-15,406.20,413.60,406.20,412.30,2202900
27-Feb-15,403.50,406.40,402.90,404.50,1470257
26-Feb-15,396.90,403.90,395.70,401.10,1876444
25-Feb-15,394.00,396.90,390.60,392.80,885989
24-Feb-15,390.60,396.90,390.10,393.90,888901
23-Feb-15,385.00,391.50,378.40,390.70,1187954
20-Feb-15,383.60,388.60,383.00,386.50,963000
19-Feb-15,386.90,390.80,384.90,388.20,1677804
18-Feb-15,388.40,389.30,384.20,385.10,1204780
17-Feb-15,385.40,387.30,381.20,385.90,646695
16-Feb-15,383.50,387.60,379.10,385.90,1013514
13-Feb-15,382.10,388.40,381.50,383.00,1290879
12-Feb-15,377.70,383.30,377.00,382.40,879236
11-Feb-15,384.30,385.20,375.60,377.20,1559935
10-Feb-15,385.10,386.40,382.00,384.10,1032113
9-Feb-15,386.70,386.70,381.20,385.20,775739
6-Feb-15,386.60,396.10,385.40,387.30,1183056
5-Feb-15,389.50,397.60,389.50,397.60,1302779
4-Feb-15,389.40,389.90,384.10,389.90,748564
3-Feb-15,391.50,393.60,386.60,391.80,765437
2-Feb-15,385.70,388.80,380.20,388.80,1546194
30-Jan-15,388.80,391.30,384.40,384.70,1399376
29-Jan-15,385.80,387.00,382.70,385.90,711679
28-Jan-15,378.90,388.80,378.90,387.60,1369224
27-Jan-15,390.00,390.90,378.60,380.00,1465200
26-Jan-15,383.80,390.40,382.32,389.00,939364
23-Jan-15,381.90,387.60,381.30,383.70,1351893
22-Jan-15,378.70,384.30,376.30,382.00,1277108
21-Jan-15,377.40,378.80,374.40,376.50,757348
20-Jan-15,374.10,379.10,373.10,378.40,1265223
19-Jan-15,371.10,374.10,366.60,371.80,899656
16-Jan-15,371.60,373.10,364.00,372.80,1005191
15-Jan-15,370.50,372.70,365.30,372.40,777299
14-Jan-15,371.70,375.80,369.40,369.90,1393383
13-Jan-15,370.80,376.80,370.80,376.30,939611
12-Jan-15,371.00,373.98,369.50,371.40,650090
9-Jan-15,371.40,373.70,366.40,368.50,1124371
8-Jan-15,371.50,373.60,368.00,372.30,1304501
7-Jan-15,365.70,368.80,361.80,365.90,1234538
6-Jan-15,369.70,369.70,361.10,362.50,1213559
5-Jan-15,367.00,370.40,365.40,366.30,1224177
31-Dec-14,365.40,367.00,364.50,364.60,209705
30-Dec-14,365.90,366.50,362.50,363.60,337971
29-Dec-14,367.00,367.00,363.30,366.40,678582
24-Dec-14,-,-,-,368.30,0
23-Dec-14,365.20,368.30,363.70,368.30,790401
22-Dec-14,363.70,366.90,363.60,366.90,881898
19-Dec-14,361.30,365.20,358.30,364.60,2432416
18-Dec-14,356.20,360.00,349.40,360.00,1648305
17-Dec-14,345.60,351.70,345.60,349.70,1689885
16-Dec-14,349.10,349.10,341.10,347.30,1502045
15-Dec-14,350.00,353.10,345.00,345.00,1305798
12-Dec-14,351.30,353.10,349.10,350.30,1437619
11-Dec-14,359.60,360.70,353.30,353.30,905211
10-Dec-14,358.00,360.30,356.10,357.50,758435
9-Dec-14,362.60,363.00,357.30,358.00,1274143
8-Dec-14,368.20,368.20,362.80,363.00,1137950
5-Dec-14,370.20,370.90,368.80,369.90,1516265
4-Dec-14,374.00,374.00,369.40,369.50,1600503
3-Dec-14,376.80,382.20,370.40,371.50,2243867
2-Dec-14,375.60,377.30,374.20,377.30,995867
1-Dec-14,371.80,376.80,371.80,373.80,1446814
28-Nov-14,371.60,377.60,371.60,376.80,1640442
27-Nov-14,358.30,369.60,358.00,369.30,1386103
26-Nov-14,359.70,359.70,354.50,357.00,677252
25-Nov-14,354.70,360.50,354.30,358.40,1681370
24-Nov-14,356.40,356.40,354.00,354.70,653335
21-Nov-14,354.10,357.60,353.40,354.40,1622959
20-Nov-14,352.90,354.00,350.50,351.50,2353055
19-Nov-14,359.10,359.90,354.90,355.70,1093477
18-Nov-14,356.10,359.90,355.00,359.50,1494746
17-Nov-14,356.00,358.70,352.20,355.20,1754647
14-Nov-14,350.30,356.90,350.30,356.80,1647604
13-Nov-14,348.20,350.90,347.50,350.00,1809572
12-Nov-14,346.30,347.90,344.50,346.00,1079344
11-Nov-14,342.70,346.30,341.60,346.00,1244102
10-Nov-14,338.00,340.90,337.60,340.70,689655
7-Nov-14,348.00,348.40,339.00,339.00,1330267
6-Nov-14,343.00,348.20,340.70,346.90,1618190
5-Nov-14,343.30,346.10,341.80,345.00,1326883
4-Nov-14,340.10,346.50,340.10,341.40,1555022
3-Nov-14,342.00,343.70,339.60,340.40,1705962
31-Oct-14,336.90,342.30,336.90,341.20,1299920
30-Oct-14,333.60,335.50,330.80,334.50,2126296
29-Oct-14,334.40,336.20,332.90,333.10,1288679
28-Oct-14,329.40,332.90,329.00,332.10,1433477
27-Oct-14,331.90,333.50,326.70,328.30,1522610
24-Oct-14,327.30,330.20,327.30,328.90,1560386
23-Oct-14,327.30,331.40,326.40,329.50,1784603
22-Oct-14,326.40,328.30,326.10,327.80,2738454
21-Oct-14,319.60,328.10,318.30,327.30,2062900
20-Oct-14,317.80,321.60,317.80,321.30,1595991
17-Oct-14,318.70,322.80,318.10,320.00,1965200
16-Oct-14,316.60,319.70,313.00,319.00,3067384
15-Oct-14,319.50,323.40,315.10,315.40,2640781
14-Oct-14,316.20,320.70,316.10,319.50,2703417
13-Oct-14,314.70,320.00,314.40,319.00,2881959
10-Oct-14,319.60,323.10,317.20,318.20,3163949
9-Oct-14,326.60,327.00,322.90,323.10,2335270
8-Oct-14,327.90,327.90,323.10,324.30,1874887
7-Oct-14,328.70,329.40,325.30,329.10,1395681
6-Oct-14,328.70,330.80,328.00,329.50,920835
3-Oct-14,327.60,328.80,326.20,328.00,844823
2-Oct-14,330.00,330.20,325.30,325.30,1913265
1-Oct-14,328.60,329.30,325.70,328.70,1443043
30-Sep-14,332.10,332.20,326.30,328.70,1559569
29-Sep-14,331.00,332.70,327.50,330.00,1110612
26-Sep-14,325.50,333.50,324.00,332.40,1786040
25-Sep-14,330.80,330.80,325.30,325.80,1091995
24-Sep-14,328.00,329.30,326.00,329.10,766083
23-Sep-14,330.00,331.00,325.20,327.40,1625788
22-Sep-14,332.20,333.80,331.40,331.70,1000430
19-Sep-14,331.60,336.90,330.80,333.80,2145977
18-Sep-14,329.50,330.50,327.70,330.20,993168
17-Sep-14,330.50,332.80,327.70,328.40,841694
16-Sep-14,330.20,332.20,328.80,329.10,1492992
15-Sep-14,330.00,330.80,327.80,329.20,1262398
12-Sep-14,330.00,332.50,329.00,330.80,964469
11-Sep-14,332.10,333.10,328.90,330.20,544269
10-Sep-14,332.40,332.40,329.80,331.80,1013677
9-Sep-14,335.60,336.40,331.90,333.10,902548
8-Sep-14,333.30,337.10,333.30,335.60,1328630
5-Sep-14,334.00,335.50,332.70,334.30,1080876
4-Sep-14,334.00,336.40,333.40,334.40,2009959
3-Sep-14,338.00,338.00,333.20,334.00,743613
2-Sep-14,336.00,336.00,331.00,332.00,1086803
1-Sep-14,334.50,335.20,331.50,333.90,1311323
29-Aug-14,339.30,339.30,332.30,334.40,1128464
28-Aug-14,340.80,341.30,335.90,337.70,840091
27-Aug-14,339.00,341.30,338.60,340.40,1539638
26-Aug-14,338.70,339.80,335.60,339.40,1046910
22-Aug-14,337.20,338.20,335.70,337.20,566318
21-Aug-14,335.10,338.30,335.10,337.20,535879
20-Aug-14,340.00,340.00,335.50,336.00,697434
19-Aug-14,340.60,341.90,337.94,339.50,960071
18-Aug-14,342.50,342.80,338.00,339.80,1129717
15-Aug-14,338.00,343.00,337.80,339.10,1600394
14-Aug-14,331.00,336.00,330.10,335.10,1538254
13-Aug-14,331.40,332.00,326.30,331.30,1341111
12-Aug-14,329.80,330.20,327.20,329.60,1758530
11-Aug-14,326.10,331.00,324.50,329.00,1130764
8-Aug-14,321.20,325.00,318.70,324.80,1084978
7-Aug-14,320.10,324.70,317.80,323.20,1116117
6-Aug-14,323.80,323.89,318.20,319.70,1681385
5-Aug-14,321.00,327.62,320.70,324.90,1661122
4-Aug-14,322.00,323.38,319.30,320.50,1458370
1-Aug-14,320.60,323.00,315.60,321.70,1543065
31-Jul-14,325.00,325.20,319.50,320.90,2325295
30-Jul-14,323.80,326.20,323.60,324.90,1514287
29-Jul-14,319.80,323.80,319.80,323.10,886565
28-Jul-14,322.10,322.10,318.70,320.50,885389
25-Jul-14,321.40,321.70,318.70,321.00,878078
24-Jul-14,320.30,322.10,319.20,321.60,1053697
23-Jul-14,320.70,323.00,319.90,321.10,690372
22-Jul-14,317.50,321.70,315.88,320.70,1286535
21-Jul-14,321.20,321.20,315.20,316.60,615575
18-Jul-14,321.90,321.90,318.60,320.70,826955
17-Jul-14,322.50,325.70,320.50,323.60,551921
16-Jul-14,325.50,326.90,322.40,323.20,1051148
15-Jul-14,327.30,328.90,323.30,323.80,1355618
14-Jul-14,329.60,330.30,328.00,328.30,777829
11-Jul-14,329.30,330.80,325.90,329.10,835292
10-Jul-14,326.20,327.40,323.10,326.90,681743
9-Jul-14,325.80,325.80,322.60,325.10,1315732
8-Jul-14,325.60,326.70,322.00,323.60,1700930
7-Jul-14,327.70,328.80,323.40,324.40,641493
4-Jul-14,332.30,333.20,328.90,329.30,538314
3-Jul-14,334.10,334.10,329.20,331.00,1223676
2-Jul-14,330.10,334.60,329.20,332.80,1298594
1-Jul-14,327.40,329.10,324.90,327.90,821653
30-Jun-14,327.70,327.70,324.90,325.70,1236389
27-Jun-14,330.40,332.40,323.10,326.00,1681629
26-Jun-14,322.10,331.30,320.80,330.90,1960131
25-Jun-14,322.30,323.40,320.80,322.50,1359010
24-Jun-14,321.90,324.00,321.70,323.10,1547232
23-Jun-14,321.90,322.90,319.50,322.10,851411
20-Jun-14,323.80,324.86,322.40,322.80,2455129
19-Jun-14,321.60,325.50,321.40,323.40,1487974
18-Jun-14,317.40,320.40,315.90,319.80,2126464
17-Jun-14,317.10,320.20,315.10,316.90,2241405
16-Jun-14,325.30,325.40,313.70,316.20,1665813
13-Jun-14,334.40,334.40,322.70,324.90,2174566
12-Jun-14,338.20,339.60,333.90,333.90,718569
11-Jun-14,342.60,342.70,335.50,338.30,944475
10-Jun-14,339.80,343.10,338.40,342.60,883045
9-Jun-14,344.00,344.20,338.30,340.90,993405
6-Jun-14,337.20,344.90,336.00,344.10,1998948
5-Jun-14,337.00,338.50,334.00,335.50,906011
4-Jun-14,338.10,339.90,334.40,336.30,1128197
3-Jun-14,343.30,345.10,336.30,337.40,1401253
2-Jun-14,339.00,345.90,337.45,344.40,5899676
30-May-14,338.30,338.88,336.70,337.90,1829845
29-May-14,338.00,341.00,338.00,338.40,683750
28-May-14,339.60,341.70,338.30,339.40,1304511
27-May-14,341.40,341.60,339.00,340.30,1540548
23-May-14,344.30,344.30,340.30,341.70,1446004
22-May-14,340.00,343.50,339.20,342.80,1891132
21-May-14,339.00,341.20,337.10,340.70,1640028
20-May-14,340.60,342.90,339.90,341.50,953172
19-May-14,342.20,343.10,339.40,341.30,1515992
16-May-14,343.00,345.80,337.20,341.40,1335334
15-May-14,346.80,348.70,338.50,344.40,2166314
14-May-14,344.80,347.40,343.20,344.20,1838792
13-May-14,346.50,349.20,345.80,348.90,643622
12-May-14,350.10,350.10,345.20,346.10,567356
9-May-14,352.60,354.26,347.00,347.40,1366449
8-May-14,349.10,353.40,348.40,352.50,1198426
7-May-14,348.40,350.20,345.10,346.00,1282028
6-May-14,347.70,354.00,346.90,350.00,1466395
2-May-14,337.00,349.90,335.00,347.90,2132982
1-May-14,333.70,335.70,331.10,335.40,704798
30-Apr-14,336.50,337.30,330.20,333.70,1182266
29-Apr-14,332.70,336.70,332.70,334.90,1128124
28-Apr-14,336.60,336.60,329.60,333.40,962176
25-Apr-14,336.30,337.80,333.70,334.30,748919
24-Apr-14,341.50,341.50,335.30,336.60,1020032
23-Apr-14,342.50,342.50,339.70,339.90,946700
22-Apr-14,341.50,343.90,340.60,341.80,1063983
17-Apr-14,337.20,343.30,335.20,341.10,1024500
16-Apr-14,335.00,338.40,333.30,337.70,1238582
15-Apr-14,335.60,338.00,333.70,333.80,1103888
14-Apr-14,338.90,342.50,334.20,336.60,1319969
11-Apr-14,342.70,344.70,338.70,341.10,1732395
10-Apr-14,346.30,353.00,346.10,346.10,1359460
9-Apr-14,342.80,346.90,342.20,345.70,1360668
8-Apr-14,345.50,347.40,339.70,342.00,1049701
7-Apr-14,346.80,348.60,344.70,346.20,1006706
4-Apr-14,346.70,350.60,346.70,349.20,713075
3-Apr-14,351.60,352.18,346.20,346.50,671121
2-Apr-14,350.20,354.10,348.30,352.00,1358192
1-Apr-14,351.00,353.10,348.70,350.14,775717
31-Mar-14,355.20,356.60,349.10,350.00,1088025
28-Mar-14,354.30,364.90,353.10,353.20,1802766
27-Mar-14,350.50,356.90,350.20,352.60,1418968
26-Mar-14,349.50,353.20,349.50,350.00,1140201
25-Mar-14,343.00,348.20,342.97,347.40,929998
24-Mar-14,346.10,347.20,341.50,342.50,716321
21-Mar-14,346.30,350.20,345.10,345.10,1548108
20-Mar-14,352.70,353.50,346.50,346.70,1100574
19-Mar-14,354.00,357.60,352.00,355.30,1904643
18-Mar-14,353.70,356.80,352.00,352.90,773903
17-Mar-14,354.00,359.00,354.00,355.00,1231400
14-Mar-14,352.70,358.00,351.40,353.50,1345250
13-Mar-14,359.00,360.40,355.40,355.50,848380
12-Mar-14,360.00,360.30,355.60,357.40,898220
11-Mar-14,361.60,363.30,358.50,360.00,1138033
10-Mar-14,364.00,366.80,361.00,362.20,668129
7-Mar-14,367.20,369.10,363.80,365.30,1025121
6-Mar-14,368.00,370.70,363.70,367.00,1774011
5-Mar-14,371.00,371.00,365.50,366.70,750259
4-Mar-14,370.60,372.20,369.30,369.60,1409181
3-Mar-14,370.90,372.90,367.00,367.50,1122825
28-Feb-14,376.00,378.90,375.00,376.40,1268032
27-Feb-14,376.00,379.30,374.50,376.30,1878516
26-Feb-14,388.80,390.10,375.00,377.00,1654916
25-Feb-14,389.00,395.10,382.60,392.00,2140853
24-Feb-14,378.40,382.90,378.10,381.30,1134214
21-Feb-14,383.80,384.10,378.10,380.20,1356060
20-Feb-14,380.00,383.30,378.20,382.90,1470132
19-Feb-14,383.70,385.60,382.00,384.50,1305194
18-Feb-14,381.80,385.60,378.60,384.50,1007725
17-Feb-14,381.30,384.50,380.10,384.60,729734
14-Feb-14,376.60,381.50,376.60,381.00,761528
13-Feb-14,374.80,378.00,373.60,378.00,749097
12-Feb-14,375.40,378.30,373.50,377.00,874505
11-Feb-14,371.40,375.00,371.40,375.00,595030
10-Feb-14,364.00,371.80,363.40,365.00,597035
7-Feb-14,363.90,367.30,362.50,365.00,1104900
6-Feb-14,357.00,364.50,353.00,363.70,743336
5-Feb-14,354.10,355.50,352.80,353.50,664360
4-Feb-14,353.90,357.60,353.90,355.40,671534
3-Feb-14,353.50,361.10,353.00,355.50,800508
31-Jan-14,357.40,358.10,350.30,355.70,1213312
30-Jan-14,354.70,357.60,350.90,357.10,684411
29-Jan-14,355.20,359.10,351.50,353.20,847435
28-Jan-14,348.70,355.10,348.70,354.30,847874
27-Jan-14,353.30,354.10,347.00,348.30,1329769
24-Jan-14,362.10,362.10,354.50,354.50,668242
23-Jan-14,367.10,369.10,359.00,361.10,829163
22-Jan-14,367.70,369.70,366.10,368.60,1823628
21-Jan-14,369.50,369.50,364.60,366.10,882337
20-Jan-14,361.30,370.70,360.10,369.85,1525957
17-Jan-14,357.20,363.90,355.10,363.00,1011516
16-Jan-14,353.90,357.00,353.90,356.10,965309
15-Jan-14,356.90,357.90,354.30,355.50,747289
14-Jan-14,354.10,356.90,352.20,356.90,1341906
13-Jan-14,355.80,358.10,354.70,358.00,973831
10-Jan-14,346.80,353.80,346.80,353.70,1505242
9-Jan-14,346.00,347.60,344.10,345.70,778426
8-Jan-14,341.10,345.50,340.90,345.40,923533
7-Jan-14,337.10,342.40,336.40,341.00,1726415
6-Jan-14,331.60,335.90,330.00,335.60,690701
3-Jan-14,327.40,330.60,326.40,330.40,1045180
2-Jan-14,327.50,328.50,325.30,327.50,1357207
31-Dec-13,327.00,329.20,325.50,329.20,215091
30-Dec-13,324.30,328.20,324.30,327.30,448102
27-Dec-13,331.60,331.60,321.70,326.30,744972
24-Dec-13,334.30,334.30,331.10,332.10,149315
23-Dec-13,327.90,333.00,327.90,333.00,645568
20-Dec-13,330.00,330.00,326.70,329.40,2479932
19-Dec-13,325.70,332.00,325.70,331.50,875906
18-Dec-13,324.60,324.60,320.90,322.10,518727
17-Dec-13,326.30,326.30,322.70,322.70,696472
16-Dec-13,322.20,328.60,322.20,325.60,573575
13-Dec-13,324.90,326.00,324.10,325.00,389123
12-Dec-13,326.80,327.90,322.20,324.30,413207
11-Dec-13,327.20,329.30,326.40,326.90,392160
10-Dec-13,332.00,332.50,329.10,329.40,840126
9-Dec-13,331.30,332.80,329.40,332.80,524006
6-Dec-13,328.00,331.50,328.00,331.40,1934030
5-Dec-13,323.20,327.30,322.20,326.80,785485
4-Dec-13,323.80,327.10,322.00,326.00,988892
3-Dec-13,325.00,325.00,320.10,323.00,522513
2-Dec-13,330.20,330.40,321.50,322.60,1959490
29-Nov-13,330.50,332.20,330.00,330.60,666543
28-Nov-13,333.10,333.10,330.20,330.70,401079
27-Nov-13,331.10,333.10,328.80,330.70,389283
26-Nov-13,328.70,332.00,327.70,328.70,458280
25-Nov-13,331.80,331.90,329.20,330.70,497168
22-Nov-13,330.50,332.90,327.40,328.50,578334
21-Nov-13,329.70,332.30,327.40,329.20,524714
20-Nov-13,330.20,331.00,328.90,329.90,483891
19-Nov-13,330.20,333.30,330.20,331.40,620164
18-Nov-13,333.60,335.40,330.50,332.00,1220251
15-Nov-13,335.10,336.10,328.60,333.00,1185924
14-Nov-13,327.50,329.90,324.10,324.10,1058537
13-Nov-13,329.70,329.70,323.40,323.40,1016007
12-Nov-13,333.00,334.30,330.10,331.30,469140
11-Nov-13,333.80,334.90,331.70,334.00,645023
8-Nov-13,332.60,335.60,331.30,333.50,559540
7-Nov-13,338.30,338.90,332.60,334.00,1462649
6-Nov-13,342.30,344.30,339.10,339.40,499631
5-Nov-13,345.50,345.50,339.80,341.60,433870
4-Nov-13,347.50,347.50,342.90,344.30,525077
1-Nov-13,347.60,347.60,344.00,346.00,614754
31-Oct-13,350.10,352.00,346.80,346.80,797525
30-Oct-13,356.10,356.10,351.60,351.90,610151
29-Oct-13,354.00,355.30,352.30,355.20,392315
28-Oct-13,357.40,357.40,353.20,354.20,633063
25-Oct-13,362.20,363.90,355.70,356.70,789113
24-Oct-13,361.30,365.40,358.00,363.50,689823
23-Oct-13,353.80,359.40,-,359.40,584011
22-Oct-13,361.80,363.70,355.00,355.00,1047145
21-Oct-13,361.30,363.20,360.30,363.20,334081
18-Oct-13,359.60,361.90,359.10,361.50,540491
17-Oct-13,353.20,357.50,352.70,356.73,776651
16-Oct-13,351.20,354.70,349.60,354.70,845996
15-Oct-13,352.20,353.50,351.70,353.10,417631
14-Oct-13,345.80,350.60,345.70,349.60,641593
11-Oct-13,344.90,347.50,342.90,347.30,677277
10-Oct-13,334.50,344.60,334.50,343.50,691937
9-Oct-13,337.00,338.80,333.50,334.20,753583
8-Oct-13,336.60,338.80,335.60,335.60,514323
7-Oct-13,337.60,338.30,333.30,336.00,404978
4-Oct-13,336.00,339.10,336.00,337.20,830247
3-Oct-13,337.90,337.90,334.90,336.70,374943
2-Oct-13,341.10,341.10,335.00,335.10,918894
1-Oct-13,336.10,344.10,333.60,344.10,1024719
30-Sep-13,335.10,336.40,333.30,335.00,1014908
27-Sep-13,341.70,343.00,337.40,337.80,631899
26-Sep-13,339.80,342.60,337.20,342.00,560102
25-Sep-13,337.00,338.90,334.30,337.30,828358
24-Sep-13,333.20,338.60,333.20,335.50,717901
20-Sep-13,340.50,344.30,338.10,339.50,1761630
19-Sep-13,336.70,344.30,334.10,340.00,1462761
18-Sep-13,329.70,333.80,329.70,331.80,1401530
17-Sep-13,329.30,334.60,329.30,329.50,1554885
16-Sep-13,327.70,330.40,327.40,330.30,749342
13-Sep-13,322.80,325.70,322.50,325.20,457411
12-Sep-13,322.00,326.50,322.00,323.90,824078
11-Sep-13,321.30,324.10,321.00,321.90,914417
10-Sep-13,315.80,323.00,315.80,321.20,1035984
9-Sep-13,318.30,319.00,315.10,315.50,856576
6-Sep-13,317.80,319.20,316.00,318.20,1802902
5-Sep-13,315.30,318.20,313.90,317.90,1017287
4-Sep-13,314.60,316.80,312.00,315.30,1159949
3-Sep-13,320.30,322.20,314.70,314.70,2028101
2-Sep-13,318.30,328.80,318.30,325.00,1289617
30-Aug-13,322.00,323.30,317.70,317.70,924234
29-Aug-13,320.20,322.50,317.90,322.10,794576
28-Aug-13,321.00,321.20,317.70,318.40,1331707
27-Aug-13,324.50,325.90,320.90,321.60,944817
23-Aug-13,326.10,327.60,324.60,324.60,839566
22-Aug-13,328.10,330.20,325.10,326.20,593528
21-Aug-13,330.00,331.80,328.20,328.20,867439
20-Aug-13,331.80,332.80,328.60,330.00,1027470
19-Aug-13,332.90,334.20,330.60,331.90,876749
16-Aug-13,334.80,336.40,330.20,333.00,1277985
15-Aug-13,340.00,340.00,332.20,334.90,1590694
14-Aug-13,341.40,342.70,339.20,339.90,805713
13-Aug-13,344.00,344.10,339.30,341.50,1102586
12-Aug-13,350.20,352.30,341.90,343.20,977383
9-Aug-13,351.30,354.40,349.00,350.10,786456
8-Aug-13,354.60,356.00,350.00,351.30,1273581
7-Aug-13,361.80,364.70,353.80,354.50,1381959
6-Aug-13,363.10,364.10,359.70,361.90,1346901
5-Aug-13,362.80,366.20,362.00,363.00,1676518
2-Aug-13,365.70,366.50,362.30,362.70,1428333
1-Aug-13,361.00,365.60,360.70,365.60,2428911
31-Jul-13,358.00,362.40,357.60,360.90,2515783
30-Jul-13,350.00,359.90,345.90,358.20,1942093
29-Jul-13,346.70,348.80,344.70,345.80,1158547
26-Jul-13,347.10,351.20,345.30,346.80,633027
25-Jul-13,349.00,349.60,345.50,347.00,495719
24-Jul-13,348.10,349.90,346.20,349.10,2043603
23-Jul-13,347.60,348.60,346.10,348.00,1353944
22-Jul-13,348.00,348.50,345.50,347.50,1409875
19-Jul-13,349.70,349.90,347.20,348.00,1171423
18-Jul-13,354.40,355.30,349.80,349.80,2137125
17-Jul-13,357.50,357.50,353.20,354.50,3964132
16-Jul-13,358.00,358.20,356.00,357.50,1658120
15-Jul-13,356.00,358.60,355.90,358.00,1300967
12-Jul-13,355.50,356.00,353.50,355.50,1332615
11-Jul-13,356.80,358.80,355.00,355.60,1133881
10-Jul-13,358.40,358.80,350.90,355.40,1133724
9-Jul-13,357.80,359.12,356.50,358.50,1311531
8-Jul-13,354.80,359.70,354.10,357.70,996139
5-Jul-13,349.40,355.00,348.10,354.60,2456662
4-Jul-13,339.00,349.70,337.30,349.30,928933
3-Jul-13,337.40,339.40,332.60,338.90,1959080
2-Jul-13,331.00,339.20,327.80,339.20,2163476
1-Jul-13,327.70,334.50,326.90,329.70,1836777
28-Jun-13,322.10,328.50,322.10,327.00,1612191
27-Jun-13,315.30,324.30,314.70,323.40,1165000
26-Jun-13,315.50,318.60,308.60,316.40,1924222
25-Jun-13,299.20,309.20,298.90,307.20,1294835
24-Jun-13,308.80,309.20,294.50,298.30,1510330
21-Jun-13,315.00,318.00,309.50,309.50,2777656
20-Jun-13,318.00,320.10,312.40,314.30,1406272
19-Jun-13,321.30,323.50,318.20,322.00,1020225
18-Jun-13,318.90,322.80,318.60,321.60,1102119
17-Jun-13,321.00,323.10,318.80,318.80,885099
14-Jun-13,320.70,326.90,319.50,321.00,1354798
13-Jun-13,320.00,320.00,315.00,317.10,2061934
12-Jun-13,322.90,324.60,321.40,321.50,870099
11-Jun-13,334.30,334.30,320.10,323.60,1485353
10-Jun-13,331.70,337.10,330.00,335.30,1221781
7-Jun-13,325.10,332.60,321.50,332.60,1461043
6-Jun-13,328.20,329.10,323.60,324.70,1225559
5-Jun-13,328.40,330.00,326.20,328.40,1092632
4-Jun-13,326.30,331.50,326.30,331.00,1267835
3-Jun-13,325.20,333.40,324.10,326.30,1113726
31-May-13,331.00,331.50,327.14,327.30,1343298
30-May-13,335.00,335.00,325.70,329.90,1247048
29-May-13,340.00,340.00,331.00,331.00,920094
28-May-13,339.00,342.60,338.40,338.60,1218708
24-May-13,334.30,339.80,334.00,338.00,786758
23-May-13,340.80,340.80,331.40,333.10,1383904
22-May-13,349.00,352.00,347.50,349.10,939911
21-May-13,342.40,350.60,340.40,350.60,1173523
20-May-13,336.80,343.10,336.00,343.10,532732
17-May-13,335.40,339.70,335.20,338.10,649454
16-May-13,334.40,338.60,334.40,337.80,556277
15-May-13,332.50,334.30,331.90,334.10,890604
14-May-13,333.00,336.00,331.90,333.50,1651440
13-May-13,328.60,330.00,326.20,328.30,1099824
10-May-13,324.70,329.10,324.34,327.90,701149
9-May-13,321.90,324.90,321.40,324.00,543021
8-May-13,320.20,322.40,318.10,322.40,772508
7-May-13,315.70,319.70,314.80,319.70,1108836
3-May-13,305.70,316.10,305.70,316.10,796047
2-May-13,306.50,308.00,304.40,307.40,929678
1-May-13,306.50,309.36,301.72,306.70,741922
30-Apr-13,308.80,316.80,307.10,308.00,1850772
29-Apr-13,299.50,305.20,299.20,304.70,852118
26-Apr-13,301.00,301.00,297.80,298.50,662599
25-Apr-13,301.70,302.40,299.00,302.00,963825
24-Apr-13,299.00,303.30,298.80,302.40,1526912
23-Apr-13,296.20,299.70,296.20,299.30,900748
22-Apr-13,297.50,300.00,296.20,297.50,561394
19-Apr-13,294.00,295.70,292.30,295.00,1025809
18-Apr-13,295.30,298.00,293.20,293.40,1307932
17-Apr-13,295.80,295.80,291.80,294.30,1216534
16-Apr-13,290.50,295.20,289.70,294.80,1119957
15-Apr-13,292.60,292.60,288.60,290.30,750769
12-Apr-13,288.10,293.00,286.80,293.00,1011654
11-Apr-13,282.50,289.00,282.50,288.00,907974
10-Apr-13,275.90,286.00,275.90,284.10,1046603
9-Apr-13,274.10,277.50,274.10,275.90,1047647
8-Apr-13,269.40,275.00,268.40,274.00,1254007
5-Apr-13,273.40,273.40,266.10,266.90,1161189
4-Apr-13,272.00,273.00,270.30,272.20,734380
3-Apr-13,271.80,273.10,270.40,272.60,884924
2-Apr-13,272.70,275.90,270.40,270.70,866684
28-Mar-13,264.90,272.60,264.90,272.30,695282
27-Mar-13,267.50,267.80,263.20,264.40,829381
26-Mar-13,268.50,270.00,267.30,267.60,823774
25-Mar-13,268.70,270.80,267.50,267.90,578113
22-Mar-13,265.80,268.00,264.10,267.30,393724
21-Mar-13,264.40,266.60,263.60,265.50,634142
20-Mar-13,269.70,270.16,264.40,265.30,583476
19-Mar-13,267.10,270.10,266.60,268.50,574096
18-Mar-13,263.90,268.80,263.90,268.20,917137
15-Mar-13,268.90,274.20,266.90,267.00,3312222
14-Mar-13,271.50,272.10,267.80,271.60,836337
13-Mar-13,266.90,271.60,266.60,271.50,901523
12-Mar-13,269.00,269.10,267.40,267.40,820921
11-Mar-13,267.00,268.53,266.30,268.40,678494
8-Mar-13,268.80,268.88,266.10,267.20,698842
7-Mar-13,267.30,268.70,266.60,267.80,490568
6-Mar-13,266.50,267.20,264.80,266.20,497665
5-Mar-13,264.10,267.30,262.60,267.00,1192488
4-Mar-13,262.00,262.90,259.10,262.90,1166533
1-Mar-13,265.00,265.70,260.60,261.80,884683
28-Feb-13,253.30,267.00,253.30,265.10,1229373
27-Feb-13,254.50,254.80,251.90,252.40,1112021
26-Feb-13,252.50,255.30,251.60,254.30,1007608
25-Feb-13,256.00,256.30,253.90,254.60,640059
22-Feb-13,255.50,256.40,253.90,255.20,651792
21-Feb-13,255.90,256.10,252.70,255.50,757096
20-Feb-13,253.80,265.20,253.80,256.50,1207247
19-Feb-13,255.00,255.50,254.10,254.10,1290456
18-Feb-13,255.50,256.60,254.60,255.10,623295
15-Feb-13,250.00,257.00,248.70,255.50,767420
14-Feb-13,250.20,251.90,248.76,248.80,579947
13-Feb-13,249.70,251.60,248.30,249.70,926974
12-Feb-13,243.30,250.10,243.00,250.10,1172570
11-Feb-13,241.50,243.50,241.30,242.10,825055
8-Feb-13,242.10,244.10,241.90,242.00,631106
7-Feb-13,242.70,243.60,241.00,241.70,941137
6-Feb-13,244.10,244.10,242.30,242.40,549725
5-Feb-13,243.10,245.80,243.10,243.70,526098
4-Feb-13,244.00,244.40,242.20,242.50,610473
1-Feb-13,243.50,244.90,242.60,242.60,1100225
31-Jan-13,241.50,245.80,241.50,242.00,1111760
30-Jan-13,244.80,244.80,240.10,242.80,757818
29-Jan-13,247.50,247.50,242.70,242.70,612642
28-Jan-13,248.40,248.70,245.60,245.60,666218
25-Jan-13,244.30,247.60,243.10,247.30,764477
24-Jan-13,242.00,243.80,240.60,243.30,574840
23-Jan-13,242.60,242.60,240.20,241.00,521248
22-Jan-13,243.50,243.80,241.70,241.70,478428
21-Jan-13,242.00,243.30,241.70,243.00,290304
18-Jan-13,242.40,243.20,240.80,243.20,403134
17-Jan-13,242.00,243.10,240.90,242.60,813462
16-Jan-13,243.50,243.60,241.60,242.50,745404
15-Jan-13,240.00,243.70,240.00,242.50,566275
14-Jan-13,241.20,242.20,239.30,239.50,643725
11-Jan-13,241.30,243.00,240.40,240.40,803997
10-Jan-13,243.30,247.50,240.00,241.20,1076086
9-Jan-13,249.00,249.00,243.90,246.60,691998
8-Jan-13,246.50,246.50,244.40,245.70,449003
7-Jan-13,246.40,247.00,244.80,246.40,506421
4-Jan-13,246.40,247.80,245.10,246.70,488069
3-Jan-13,250.20,250.20,245.90,246.00,634157
2-Jan-13,246.40,252.60,245.10,250.40,980414
