31-Dec-15,64.35,65.10,63.95,64.40,257595
30-Dec-15,67.60,67.60,64.00,64.95,1093301
29-Dec-15,66.10,67.55,65.80,66.91,934462
24-Dec-15,66.65,67.30,66.10,66.80,502455
23-Dec-15,64.90,67.00,64.48,66.30,1639777
22-Dec-15,62.50,65.55,62.39,65.35,2535704
21-Dec-15,60.00,63.15,60.00,62.45,2601332
18-Dec-15,60.90,62.45,59.85,62.28,5531231
16-Dec-15,60.95,62.50,60.48,61.24,2142633
15-Dec-15,60.65,61.16,60.50,60.90,2102816
14-Dec-15,61.40,62.23,60.00,60.60,2518459
11-Dec-15,61.85,62.16,60.35,60.70,2148822
10-Dec-15,61.65,62.62,60.85,61.05,1807527
9-Dec-15,61.40,61.95,59.50,61.30,2833581
8-Dec-15,62.15,62.60,60.45,60.60,1902717
7-Dec-15,63.00,63.40,62.15,62.80,2854626
4-Dec-15,62.40,63.41,61.55,62.40,1770131
3-Dec-15,61.85,63.10,61.62,61.80,1906279
2-Dec-15,62.90,64.60,62.05,64.26,2990653
1-Dec-15,62.95,63.50,62.10,63.20,1506681
30-Nov-15,61.50,61.85,60.00,60.86,1495376
27-Nov-15,61.00,61.90,60.55,61.15,1731022
26-Nov-15,61.25,61.85,60.31,60.91,1082125
25-Nov-15,61.65,61.65,59.70,60.40,1194287
24-Nov-15,60.20,61.15,59.00,59.71,1590512
23-Nov-15,59.45,60.18,58.35,58.51,1923073
20-Nov-15,61.50,61.50,59.60,59.75,2366073
19-Nov-15,60.00,61.77,59.84,60.70,2606090
18-Nov-15,61.05,62.31,59.30,59.90,2180127
17-Nov-15,62.65,62.95,61.00,61.40,2554850
16-Nov-15,59.50,61.90,59.50,61.60,2871169
13-Nov-15,59.05,60.65,59.05,59.50,2452498
12-Nov-15,59.30,61.60,57.04,60.33,3878215
11-Nov-15,61.40,61.40,55.65,60.05,8527132
10-Nov-15,60.95,62.60,60.50,62.60,4951190
9-Nov-15,61.70,62.67,60.40,60.75,3130030
6-Nov-15,64.45,65.95,61.80,61.90,4203995
5-Nov-15,65.20,65.30,63.50,63.85,2854329
4-Nov-15,63.80,66.20,63.80,65.70,2560663
3-Nov-15,63.75,64.95,63.60,64.35,2476323
2-Nov-15,63.70,64.50,62.75,63.70,2835729
30-Oct-15,64.00,64.60,63.15,63.60,3448386
29-Oct-15,68.25,68.25,64.35,64.55,3422694
28-Oct-15,67.10,68.95,66.50,68.90,3695613
27-Oct-15,67.95,68.20,66.70,67.10,1989654
26-Oct-15,69.35,69.85,67.58,67.60,2932622
23-Oct-15,69.90,70.70,68.25,69.30,5099757
22-Oct-15,69.00,69.65,67.73,69.30,5838393
21-Oct-15,66.70,68.85,66.70,67.80,3108762
20-Oct-15,66.40,67.40,65.84,67.20,3501023
19-Oct-15,69.00,69.00,66.45,66.55,4003867
16-Oct-15,68.75,69.40,67.90,68.50,3317760
15-Oct-15,68.35,69.90,68.15,68.75,5023984
14-Oct-15,66.70,69.35,66.70,67.65,3450493
13-Oct-15,66.75,67.65,66.00,67.35,3002229
12-Oct-15,65.00,69.70,65.00,67.45,3918765
9-Oct-15,64.50,66.60,64.48,65.80,4842095
8-Oct-15,64.70,65.01,63.45,65.00,7151865
7-Oct-15,65.75,66.44,64.45,64.70,5203940
6-Oct-15,64.70,66.75,64.13,65.45,6209012
5-Oct-15,63.30,65.78,62.95,64.90,4446381
2-Oct-15,61.20,63.00,60.75,62.80,4562120
1-Oct-15,61.70,62.77,60.80,61.80,1923527
30-Sep-15,62.50,62.50,60.55,61.00,2256987
29-Sep-15,62.90,63.50,61.70,62.50,3072080
28-Sep-15,63.05,64.25,62.34,63.10,3164931
25-Sep-15,64.40,64.40,62.30,63.00,5515990
24-Sep-15,64.60,64.60,62.80,63.75,5512532
23-Sep-15,62.85,65.35,62.85,64.15,4196160
22-Sep-15,65.60,65.60,62.65,63.45,4720805
21-Sep-15,65.70,65.90,64.85,65.05,4534554
18-Sep-15,62.70,66.05,62.40,66.00,11185599
17-Sep-15,60.60,63.05,60.60,62.45,3529532
16-Sep-15,59.95,61.25,58.15,60.80,2930830
15-Sep-15,57.40,59.80,56.10,59.35,3152817
14-Sep-15,58.00,58.75,56.05,57.00,4984878
11-Sep-15,59.45,60.20,57.20,57.40,2045223
10-Sep-15,59.75,60.85,58.85,59.55,3082444
9-Sep-15,60.25,61.00,59.59,59.95,4612971
8-Sep-15,60.15,60.50,58.85,59.90,1634200
7-Sep-15,57.90,60.00,57.90,60.00,2928322
4-Sep-15,59.15,59.75,57.05,57.30,2638585
3-Sep-15,58.80,60.35,57.95,59.25,3600655
2-Sep-15,58.15,58.95,57.15,57.60,2933989
1-Sep-15,60.00,60.00,58.10,58.55,3005947
28-Aug-15,57.60,60.45,57.60,60.05,3616196
27-Aug-15,57.80,58.70,56.15,58.10,4708315
26-Aug-15,58.80,60.35,57.15,57.75,3918549
25-Aug-15,61.00,61.40,57.90,58.15,6368573
24-Aug-15,64.00,64.00,59.40,60.00,5791064
21-Aug-15,65.80,65.80,62.64,63.20,3331850
20-Aug-15,62.00,66.35,61.55,65.70,5145307
19-Aug-15,61.30,61.95,60.25,61.80,4674671
18-Aug-15,61.85,62.10,60.40,61.65,3397832
17-Aug-15,60.80,61.60,60.00,61.35,2070802
14-Aug-15,60.00,62.35,59.60,60.35,4442843
13-Aug-15,61.05,61.85,60.00,60.34,5788411
12-Aug-15,55.60,60.80,54.85,60.75,5135867
11-Aug-15,53.10,55.99,53.08,54.65,3535244
10-Aug-15,53.90,54.49,53.00,53.75,3866474
7-Aug-15,54.65,55.90,54.35,54.65,2183460
6-Aug-15,55.20,56.00,54.55,55.10,3310576
5-Aug-15,54.55,55.95,54.35,55.00,2525339
4-Aug-15,55.35,55.55,54.36,55.00,1553397
3-Aug-15,54.60,55.60,54.15,55.20,1593605
31-Jul-15,56.10,56.10,54.15,55.40,2888490
30-Jul-15,54.90,56.00,53.90,55.70,2685202
29-Jul-15,54.65,55.20,54.15,54.70,1835451
28-Jul-15,54.70,55.40,54.00,55.00,2757060
27-Jul-15,54.00,56.08,54.00,55.00,3392711
24-Jul-15,53.75,54.57,53.75,54.05,4856773
23-Jul-15,53.75,55.55,53.55,54.00,2231405
22-Jul-15,55.30,55.30,52.70,53.70,2826229
21-Jul-15,53.35,56.20,52.45,54.60,4929026
20-Jul-15,58.80,58.80,52.75,53.60,7007636
17-Jul-15,58.95,59.85,58.10,58.95,2014228
16-Jul-15,60.25,60.25,58.95,59.20,1576186
15-Jul-15,59.55,60.80,59.25,59.55,2273820
14-Jul-15,59.30,60.49,59.05,59.55,1490808
13-Jul-15,60.20,60.66,58.24,58.56,1887444
10-Jul-15,61.75,61.75,59.30,59.85,3273885
9-Jul-15,60.10,61.65,60.00,61.00,3812418
8-Jul-15,58.45,59.60,57.00,59.50,2127970
7-Jul-15,59.90,60.50,57.75,58.20,2934361
6-Jul-15,60.55,61.45,59.25,59.90,1490792
3-Jul-15,62.15,62.15,60.95,61.25,861113
2-Jul-15,61.75,62.15,60.88,61.85,1112958
1-Jul-15,61.80,63.50,61.35,62.00,1675149
30-Jun-15,62.30,62.70,61.20,61.75,2141056
29-Jun-15,62.70,63.60,62.30,62.80,2438241
26-Jun-15,63.80,63.80,62.28,62.55,1598822
25-Jun-15,63.50,63.80,62.88,63.40,1791802
24-Jun-15,63.75,64.70,63.09,63.10,3480720
23-Jun-15,64.00,64.48,63.35,63.83,3778940
22-Jun-15,64.75,65.17,63.35,64.00,5502719
19-Jun-15,61.90,64.85,61.70,63.21,16394705
18-Jun-15,61.40,62.49,60.85,61.65,3729001
17-Jun-15,61.30,62.40,61.00,61.30,2724194
16-Jun-15,64.35,64.64,61.45,61.65,3141549
15-Jun-15,66.55,67.10,63.25,63.73,5427679
12-Jun-15,67.00,67.70,66.05,66.20,2528088
11-Jun-15,68.20,69.00,66.90,67.55,2259926
10-Jun-15,70.00,70.00,68.10,68.20,3422866
9-Jun-15,69.40,70.10,69.05,69.65,1642702
8-Jun-15,68.80,70.50,68.46,69.85,2468955
5-Jun-15,69.50,70.20,66.80,68.30,2976842
4-Jun-15,69.95,69.95,68.75,69.20,2291370
3-Jun-15,69.80,70.31,69.20,69.85,3074714
2-Jun-15,68.85,69.65,64.00,69.30,5765725
1-Jun-15,69.70,70.35,68.80,69.50,2860089
29-May-15,69.05,70.40,67.89,70.10,3922958
28-May-15,69.75,69.75,68.20,68.50,2641565
27-May-15,68.75,70.00,68.05,69.50,5865399
26-May-15,67.00,69.95,67.00,68.10,2972870
22-May-15,68.00,69.88,68.00,68.65,1817933
21-May-15,68.75,69.65,68.15,68.50,2014651
20-May-15,69.00,69.55,67.70,68.50,4408379
19-May-15,67.95,69.15,67.30,68.55,5723122
18-May-15,65.85,67.95,65.33,67.80,2937930
15-May-15,65.65,66.25,65.15,65.85,2360311
14-May-15,65.55,66.55,64.00,65.90,2926620
13-May-15,61.25,66.65,61.25,65.90,6115648
12-May-15,61.80,62.75,61.25,62.45,3237686
11-May-15,62.30,64.45,62.15,62.35,2406736
8-May-15,62.90,64.05,62.00,62.98,5857502
7-May-15,61.50,62.70,60.99,62.00,4511426
6-May-15,64.15,65.00,61.30,61.90,5705514
5-May-15,65.50,65.65,64.20,64.35,3273578
1-May-15,63.15,65.21,63.15,64.90,2390733
30-Apr-15,63.40,64.75,63.00,63.50,5207030
29-Apr-15,62.40,64.40,62.15,64.05,3473410
28-Apr-15,61.15,63.75,60.60,62.85,4077301
27-Apr-15,61.50,61.59,59.65,60.60,3519666
24-Apr-15,61.55,62.70,61.22,61.35,3350245
23-Apr-15,60.80,61.25,59.00,61.25,3037797
22-Apr-15,61.60,63.00,60.65,61.15,2791032
21-Apr-15,61.20,62.15,60.65,61.60,3076841
20-Apr-15,60.90,61.61,60.35,61.00,2686190
17-Apr-15,60.50,61.40,59.75,60.70,3164663
16-Apr-15,61.00,62.35,60.85,61.35,3075630
15-Apr-15,60.90,61.28,60.00,60.90,3582871
14-Apr-15,60.40,61.25,60.05,60.50,3632158
13-Apr-15,59.70,61.75,59.24,60.50,4371337
10-Apr-15,59.15,59.70,58.65,58.80,4725562
9-Apr-15,60.00,60.25,58.70,59.50,3577282
8-Apr-15,60.00,61.75,59.66,60.20,4173599
7-Apr-15,60.50,61.10,59.70,60.50,6055042
2-Apr-15,59.00,60.25,58.40,59.30,5589226
1-Apr-15,56.35,57.90,55.77,56.60,5785061
31-Mar-15,56.65,58.25,55.67,57.50,5113442
30-Mar-15,56.80,57.35,55.70,56.85,4116305
27-Mar-15,58.10,58.18,56.25,57.45,4380667
26-Mar-15,59.75,63.00,57.69,57.90,4945010
25-Mar-15,61.00,61.70,60.10,60.20,4339138
24-Mar-15,62.00,63.65,61.20,61.30,4567441
23-Mar-15,53.00,64.00,53.00,62.40,12946750
20-Mar-15,54.15,54.42,51.00,53.75,27200309
19-Mar-15,52.40,54.05,52.26,53.70,3879586
18-Mar-15,53.25,53.25,50.95,51.60,3190143
17-Mar-15,52.30,53.70,52.30,52.60,4115911
16-Mar-15,55.15,55.46,52.35,52.75,6400276
13-Mar-15,55.00,56.05,53.75,53.91,6451782
12-Mar-15,55.70,57.72,55.30,55.60,2834944
11-Mar-15,53.50,55.20,50.00,54.70,6420952
10-Mar-15,57.45,57.45,54.00,54.00,3649515
9-Mar-15,59.10,60.45,57.20,57.45,5879339
6-Mar-15,61.10,61.72,59.15,59.65,2734598
5-Mar-15,61.30,62.15,60.55,61.70,2758911
4-Mar-15,63.55,63.55,60.45,60.60,4242777
3-Mar-15,64.30,64.80,62.55,63.00,3251609
2-Mar-15,65.65,66.40,64.35,64.50,2277967
27-Feb-15,65.90,66.05,64.35,65.80,1861875
26-Feb-15,64.55,66.50,64.15,65.30,2966011
25-Feb-15,65.50,65.87,63.90,64.70,2221425
24-Feb-15,64.10,66.00,63.55,66.00,2719117
23-Feb-15,66.30,66.55,63.79,64.10,3912047
20-Feb-15,65.40,66.06,64.15,65.38,4713693
19-Feb-15,66.75,66.86,65.30,66.00,3529704
18-Feb-15,67.50,67.57,65.50,66.05,4690636
17-Feb-15,68.75,69.45,67.00,67.40,4412112
16-Feb-15,68.75,69.55,67.50,68.30,2829197
13-Feb-15,68.55,69.70,67.80,69.15,4574962
12-Feb-15,67.95,69.30,67.25,68.80,3606984
11-Feb-15,67.95,68.10,66.70,67.80,3340781
10-Feb-15,69.25,69.55,66.80,67.60,3892616
9-Feb-15,66.95,69.75,66.60,69.75,4586158
6-Feb-15,68.75,69.62,66.20,66.50,3938852
5-Feb-15,66.10,68.20,65.40,67.95,1739376
4-Feb-15,65.55,68.07,64.55,66.05,3700641
3-Feb-15,68.25,69.25,65.60,65.75,3584121
2-Feb-15,66.75,68.45,66.14,67.55,3838435
30-Jan-15,64.95,67.23,64.60,66.90,3769582
29-Jan-15,68.25,68.45,64.70,64.70,3956236
28-Jan-15,69.60,70.88,68.60,68.75,4037452
27-Jan-15,66.05,69.95,65.29,69.55,4144924
26-Jan-15,66.85,67.00,64.25,65.80,5556611
23-Jan-15,71.90,72.16,65.90,67.59,7912485
22-Jan-15,70.45,72.35,69.95,72.10,7724417
21-Jan-15,69.20,71.75,69.20,70.30,4675466
20-Jan-15,68.50,70.00,67.95,69.36,5614070
19-Jan-15,68.50,71.15,67.98,68.50,5243674
16-Jan-15,65.95,68.50,65.42,68.50,8466925
15-Jan-15,66.15,67.75,64.75,65.55,12565978
14-Jan-15,66.95,67.04,63.98,66.05,6054147
13-Jan-15,65.85,67.30,65.75,66.65,4417223
12-Jan-15,64.75,66.10,63.95,65.60,3342134
9-Jan-15,62.50,65.80,62.05,64.25,6585266
8-Jan-15,65.05,65.84,61.79,62.75,8226555
7-Jan-15,65.00,65.89,63.65,64.80,5812372
6-Jan-15,61.00,65.05,61.00,62.13,8694133
5-Jan-15,60.95,62.50,59.70,60.65,5668477
31-Dec-14,60.00,60.28,58.05,58.90,1050207
30-Dec-14,58.35,59.85,57.60,59.60,2293487
29-Dec-14,56.60,59.80,56.55,58.85,3573382
24-Dec-14,58.25,60.08,56.10,56.35,2173730
23-Dec-14,56.90,60.15,56.25,58.75,6450431
22-Dec-14,57.45,57.55,54.55,57.55,8769855
19-Dec-14,51.75,58.20,51.40,58.20,111421265
18-Dec-14,51.10,53.75,51.05,51.20,6529849
17-Dec-14,51.60,52.25,50.25,50.75,7301123
16-Dec-14,53.00,53.40,50.56,52.20,8546966
15-Dec-14,53.50,54.20,51.75,53.55,8348065
12-Dec-14,50.00,52.85,48.54,52.55,7052923
11-Dec-14,50.85,50.90,48.86,50.05,4733886
10-Dec-14,51.40,52.00,50.34,51.25,4389349
9-Dec-14,50.25,51.75,49.74,51.40,4130198
8-Dec-14,49.19,51.75,49.00,50.80,4534377
5-Dec-14,49.78,50.45,48.53,49.61,3822177
4-Dec-14,49.54,50.25,47.90,49.90,4565038
3-Dec-14,47.00,50.30,46.41,49.46,5961285
2-Dec-14,44.96,47.08,44.96,46.64,4814915
1-Dec-14,45.15,45.88,43.01,44.07,5128050
28-Nov-14,47.61,47.61,45.21,45.33,5366819
27-Nov-14,47.71,49.16,47.71,48.15,2994361
26-Nov-14,49.70,50.75,48.12,48.21,4455609
25-Nov-14,52.70,52.70,49.00,49.23,5923369
24-Nov-14,52.25,52.90,51.65,52.70,1758869
21-Nov-14,49.85,53.10,49.85,52.50,4571089
20-Nov-14,52.90,53.28,49.36,50.10,3942485
19-Nov-14,52.45,55.00,52.25,53.35,4755139
18-Nov-14,50.75,52.45,50.41,52.40,4480706
17-Nov-14,49.37,50.50,48.48,50.00,3057092
14-Nov-14,51.95,51.95,49.55,49.70,2755320
13-Nov-14,51.55,52.70,51.16,51.65,2022021
12-Nov-14,50.45,51.65,49.89,51.65,3071339
11-Nov-14,50.50,51.05,49.33,50.60,4617442
10-Nov-14,50.40,51.72,49.87,51.10,3625376
7-Nov-14,49.23,51.30,48.11,49.86,3465398
6-Nov-14,49.00,49.60,48.26,48.73,3551927
5-Nov-14,49.83,50.25,44.41,48.99,7171481
4-Nov-14,52.10,54.00,51.60,52.25,4281984
3-Nov-14,50.25,53.20,50.25,52.25,2910035
31-Oct-14,54.45,54.45,50.65,53.15,3905856
30-Oct-14,56.85,57.00,54.30,54.85,5364565
29-Oct-14,57.00,58.45,56.20,56.50,3160492
28-Oct-14,56.75,57.45,56.35,57.20,1543191
27-Oct-14,57.25,57.64,55.65,56.00,1442731
24-Oct-14,58.80,58.80,56.60,57.40,1917822
23-Oct-14,59.10,59.10,57.05,58.70,2272990
22-Oct-14,58.25,59.70,58.25,58.75,2555059
21-Oct-14,56.35,59.35,56.35,58.40,2717457
20-Oct-14,55.50,56.85,55.15,56.55,3473374
17-Oct-14,58.05,58.75,55.50,55.85,3206244
16-Oct-14,58.25,58.95,55.80,57.95,3165335
15-Oct-14,59.50,59.50,57.13,57.70,3683379
14-Oct-14,56.75,59.70,56.65,59.35,2703637
13-Oct-14,56.00,57.20,55.75,56.50,5286348
10-Oct-14,58.45,58.49,56.07,56.40,3591169
9-Oct-14,58.65,61.10,57.88,58.40,4316128
8-Oct-14,58.60,59.20,57.55,57.75,2728032
7-Oct-14,57.95,59.55,57.75,58.95,3474131
6-Oct-14,57.40,59.60,56.90,57.85,2578150
3-Oct-14,58.70,58.70,57.15,57.75,3166974
2-Oct-14,61.00,61.09,57.90,57.90,4351254
1-Oct-14,61.00,61.65,60.30,61.00,3540908
30-Sep-14,58.95,61.70,57.93,61.15,3070244
29-Sep-14,59.05,59.86,57.90,58.05,2626600
26-Sep-14,59.50,62.35,58.65,59.50,3723819
25-Sep-14,58.85,59.90,58.03,59.90,2669670
24-Sep-14,57.95,58.80,57.70,58.45,1606003
23-Sep-14,57.30,58.35,56.50,57.78,1745311
22-Sep-14,58.10,58.35,56.53,56.95,3369082
19-Sep-14,58.65,59.65,57.75,58.40,3879470
18-Sep-14,60.00,60.48,57.64,58.90,3312754
17-Sep-14,60.95,61.55,59.68,60.10,1140287
16-Sep-14,61.70,61.95,59.50,61.05,2164824
15-Sep-14,61.45,62.15,60.75,61.50,1419752
12-Sep-14,60.85,62.85,60.85,62.15,1779360
11-Sep-14,64.40,64.60,60.80,61.10,2630013
10-Sep-14,64.85,65.22,63.90,63.90,1791523
9-Sep-14,65.75,66.10,64.18,64.73,3567617
8-Sep-14,65.90,68.00,65.15,66.25,3400857
5-Sep-14,65.90,66.15,65.05,65.80,2699223
4-Sep-14,65.85,66.30,65.15,66.05,2342211
3-Sep-14,65.60,66.57,65.25,65.30,1828357
2-Sep-14,65.05,66.15,65.00,65.75,1406408
1-Sep-14,63.70,64.95,63.70,64.70,574381
29-Aug-14,63.90,64.31,63.55,64.00,1290003
28-Aug-14,63.40,64.25,62.40,64.25,1868124
27-Aug-14,60.60,63.60,60.60,63.50,1993997
26-Aug-14,63.95,63.95,60.50,61.40,4167495
22-Aug-14,63.60,64.20,63.60,63.75,1745433
21-Aug-14,64.25,64.67,62.79,63.60,2339899
20-Aug-14,65.35,65.55,64.25,64.30,2105928
19-Aug-14,64.10,66.70,64.06,65.25,2490074
18-Aug-14,66.45,66.45,63.00,64.01,4647036
15-Aug-14,70.30,70.64,66.10,66.50,4512442
14-Aug-14,74.80,75.00,69.60,69.90,5516549
13-Aug-14,74.75,75.40,73.38,74.50,1674259
12-Aug-14,74.15,75.35,73.55,75.00,1522116
11-Aug-14,72.95,74.90,72.05,74.10,1813283
8-Aug-14,70.95,72.75,70.16,72.50,1970314
7-Aug-14,72.35,72.87,70.60,71.20,1917956
6-Aug-14,72.05,72.80,71.50,72.50,3080464
5-Aug-14,72.30,72.60,71.55,72.05,2713792
4-Aug-14,71.05,72.95,69.75,72.40,1789203
1-Aug-14,72.30,72.30,68.35,71.15,3443707
31-Jul-14,74.60,74.60,71.60,72.15,2081024
30-Jul-14,74.80,74.90,74.00,74.40,1698631
29-Jul-14,74.40,74.95,73.50,74.20,1413259
28-Jul-14,74.15,75.10,73.60,74.40,1721007
25-Jul-14,74.55,74.90,73.20,74.05,2110604
24-Jul-14,73.60,75.00,73.35,75.00,1895681
23-Jul-14,74.60,75.43,73.15,73.75,1802049
22-Jul-14,73.30,75.50,71.86,74.50,2917917
21-Jul-14,71.95,73.70,71.50,73.45,2089904
18-Jul-14,70.70,72.60,70.10,72.05,2885723
17-Jul-14,70.30,70.95,69.65,70.55,1107083
16-Jul-14,69.70,70.35,69.50,70.00,3037036
15-Jul-14,70.05,70.16,68.75,69.50,1713981
14-Jul-14,67.15,70.35,66.20,69.90,2980408
11-Jul-14,69.40,69.75,66.73,67.00,3005777
10-Jul-14,68.30,70.87,68.15,69.30,3046741
9-Jul-14,68.50,69.50,66.51,69.00,2989502
8-Jul-14,67.60,69.00,66.75,68.70,2699839
7-Jul-14,68.20,68.45,66.50,68.00,1976132
4-Jul-14,69.05,69.43,67.70,68.00,1374546
3-Jul-14,66.90,69.00,66.07,68.95,4349471
2-Jul-14,63.90,66.50,63.90,66.50,4167475
1-Jul-14,63.80,64.75,63.50,64.20,2164097
30-Jun-14,63.50,64.10,63.09,63.50,1998578
27-Jun-14,62.80,63.85,62.50,63.70,1650240
26-Jun-14,63.00,63.65,62.28,63.00,1367893
25-Jun-14,63.25,63.40,61.80,62.60,1707460
24-Jun-14,64.35,64.35,62.69,63.20,1563947
23-Jun-14,63.85,65.10,63.50,63.85,1708996
20-Jun-14,63.05,65.60,62.95,64.05,5738209
19-Jun-14,63.25,63.25,62.00,62.70,1454249
18-Jun-14,62.95,63.32,62.20,62.80,1658401
17-Jun-14,64.00,64.00,61.93,63.05,2657395
16-Jun-14,62.60,63.92,62.00,63.10,2106926
13-Jun-14,63.00,64.05,61.90,62.20,1856475
12-Jun-14,64.30,64.30,62.95,63.30,1522772
11-Jun-14,63.25,64.10,63.15,64.10,2447713
10-Jun-14,62.90,63.50,61.60,63.40,2119326
9-Jun-14,61.25,62.75,60.77,62.75,2194196
6-Jun-14,60.90,61.30,60.08,61.00,944925
5-Jun-14,61.95,61.95,60.70,61.00,1732850
4-Jun-14,62.85,62.85,61.60,61.90,1294751
3-Jun-14,61.15,62.90,61.05,62.85,1178126
2-Jun-14,60.40,62.54,60.40,62.00,1189454
30-May-14,60.20,61.50,60.20,60.85,1819081
29-May-14,60.40,61.61,60.16,61.00,1595600
28-May-14,60.00,60.70,59.50,60.70,2143038
27-May-14,61.45,62.00,59.84,59.95,1365535
23-May-14,60.45,61.40,60.45,61.05,1627505
22-May-14,60.30,62.35,60.30,60.85,1632538
21-May-14,60.00,61.15,59.23,60.86,2023831
20-May-14,60.45,61.40,60.40,60.65,1123745
19-May-14,61.40,62.00,60.79,61.15,1161553
16-May-14,62.50,63.40,60.65,61.45,2173417
15-May-14,62.00,63.59,60.97,61.80,2321258
14-May-14,64.15,64.15,62.60,63.95,2797675
13-May-14,64.25,64.50,63.32,63.60,1139997
12-May-14,63.90,64.00,62.58,63.65,1170872
9-May-14,63.50,64.00,62.80,63.00,1735798
8-May-14,61.15,64.20,61.15,64.10,1589436
7-May-14,63.40,63.40,60.20,61.25,2328936
6-May-14,65.30,65.30,62.90,63.25,2301659
2-May-14,63.05,65.70,62.34,64.25,1793549
1-May-14,62.25,65.64,62.17,64.05,906720
30-Apr-14,65.25,65.63,63.60,64.75,1860154
29-Apr-14,63.75,65.40,63.00,64.75,3617484
28-Apr-14,64.55,66.00,63.65,64.50,2883498
25-Apr-14,62.70,64.65,61.60,64.55,4232123
24-Apr-14,62.65,66.29,60.15,62.50,11461807
23-Apr-14,53.00,56.30,52.78,55.95,3088600
22-Apr-14,53.00,53.00,52.35,52.90,3026027
17-Apr-14,54.10,54.30,52.62,53.75,1517064
16-Apr-14,54.50,54.90,52.90,54.25,2396916
15-Apr-14,50.95,54.35,50.95,53.80,5080165
14-Apr-14,51.50,52.05,50.10,51.25,1808708
11-Apr-14,51.20,52.35,51.05,51.70,1353471
10-Apr-14,51.50,52.50,51.30,51.70,2455641
9-Apr-14,51.90,53.00,50.80,51.50,2245883
8-Apr-14,54.75,55.20,53.25,53.30,1165135
7-Apr-14,53.60,55.00,52.25,54.20,1845862
4-Apr-14,52.90,53.90,52.00,52.00,1609877
3-Apr-14,51.50,53.95,51.50,52.00,1553699
2-Apr-14,51.00,53.25,51.00,51.55,1585567
1-Apr-14,51.00,51.40,49.72,51.15,1962884
31-Mar-14,50.55,51.72,49.75,50.70,2080112
28-Mar-14,50.50,52.15,49.45,49.60,3261401
27-Mar-14,51.65,52.84,50.80,50.80,2282275
26-Mar-14,52.65,55.00,51.50,52.30,2788004
25-Mar-14,57.00,57.65,51.00,53.00,5784174
24-Mar-14,53.00,58.25,52.43,57.70,7225913
21-Mar-14,52.55,54.22,52.50,52.50,7709603
20-Mar-14,54.90,54.90,52.65,52.90,1803777
19-Mar-14,56.20,56.20,54.15,54.60,2029293
18-Mar-14,56.05,56.55,54.35,55.55,2575561
17-Mar-14,57.10,57.10,55.75,56.00,1390811
14-Mar-14,57.95,57.95,56.00,56.35,1898897
13-Mar-14,58.30,58.50,57.50,57.75,1229940
12-Mar-14,56.45,57.90,56.05,57.50,1494701
11-Mar-14,57.20,57.65,55.70,57.25,1518073
10-Mar-14,57.20,57.30,56.00,56.70,2141122
7-Mar-14,59.00,59.10,57.35,57.95,3206096
6-Mar-14,57.00,58.85,56.50,57.20,2422490
5-Mar-14,56.25,56.80,55.80,56.20,1899325
4-Mar-14,56.00,56.40,55.20,56.00,3944236
3-Mar-14,55.85,56.70,55.60,56.10,3239382
28-Feb-14,54.85,55.70,53.65,55.00,1348875
27-Feb-14,53.40,55.50,53.35,55.05,1772268
26-Feb-14,53.50,55.80,53.20,53.65,2234929
25-Feb-14,57.50,57.80,53.80,53.80,3953638
24-Feb-14,53.95,58.80,52.80,57.80,4905216
21-Feb-14,50.50,53.65,50.05,51.85,4340496
20-Feb-14,50.80,51.00,49.30,50.45,3264657
19-Feb-14,52.00,52.15,51.20,51.65,1579728
18-Feb-14,52.30,52.35,51.25,51.50,2039314
17-Feb-14,52.40,52.80,51.75,52.60,756159
14-Feb-14,50.85,52.30,50.75,51.65,2590050
13-Feb-14,49.95,51.50,49.95,50.25,1952983
12-Feb-14,50.25,52.00,50.25,51.40,1628805
11-Feb-14,47.15,50.75,47.15,50.60,2681016
10-Feb-14,46.57,48.02,46.57,47.61,1963339
7-Feb-14,46.95,47.93,46.76,47.25,1393645
6-Feb-14,48.00,48.00,46.37,47.25,1498160
5-Feb-14,45.47,47.15,45.18,46.61,2297832
4-Feb-14,46.67,46.67,43.90,45.24,1566720
3-Feb-14,43.80,46.57,43.61,45.88,1668578
31-Jan-14,44.00,46.00,43.90,44.10,2032190
30-Jan-14,45.60,46.27,43.80,44.01,2199373
29-Jan-14,45.73,45.81,44.00,44.27,1661401
28-Jan-14,45.38,45.89,44.67,44.74,1302415
27-Jan-14,46.31,47.02,44.62,44.88,1197736
24-Jan-14,46.34,47.45,46.21,46.45,1078825
23-Jan-14,46.20,47.94,46.20,47.34,1138056
22-Jan-14,46.49,47.46,46.49,47.00,979989
21-Jan-14,47.53,47.63,46.20,46.79,2987836
20-Jan-14,46.21,47.99,46.21,47.70,1282628
17-Jan-14,46.91,47.08,46.00,47.08,2233588
16-Jan-14,46.07,47.41,45.92,46.30,2166426
15-Jan-14,46.50,47.49,45.70,46.16,1740271
14-Jan-14,46.00,47.34,46.00,46.62,1405931
13-Jan-14,46.00,46.85,45.98,46.01,1108177
10-Jan-14,43.98,46.73,43.98,46.52,2424838
9-Jan-14,46.15,46.17,43.79,44.40,2920642
8-Jan-14,44.80,46.49,44.70,46.49,1881526
7-Jan-14,46.22,47.20,44.83,45.09,1775997
6-Jan-14,46.22,47.81,46.22,46.55,1400645
3-Jan-14,45.63,46.15,44.63,45.22,962653
2-Jan-14,44.55,45.75,43.50,45.26,1844210
31-Dec-13,44.00,45.60,44.00,44.55,412886
30-Dec-13,43.51,45.68,43.51,44.85,1441539
27-Dec-13,41.70,44.94,41.70,44.60,1716823
24-Dec-13,43.25,43.50,40.29,42.94,1095879
23-Dec-13,40.83,42.73,40.17,42.25,2275122
20-Dec-13,38.35,43.50,38.28,40.14,10292204
19-Dec-13,41.65,42.47,39.49,40.06,1781931
18-Dec-13,40.99,42.60,40.60,41.72,1828967
17-Dec-13,43.08,43.17,41.76,42.20,1172728
16-Dec-13,42.00,43.26,42.00,42.62,1300468
13-Dec-13,43.87,43.87,40.75,42.59,1650627
12-Dec-13,43.68,44.42,42.29,43.06,1429186
11-Dec-13,43.00,45.30,43.00,43.25,2726073
10-Dec-13,44.35,45.50,44.35,44.82,2489513
9-Dec-13,46.33,46.38,44.12,44.31,1885573
6-Dec-13,43.91,46.10,42.33,45.96,3389698
5-Dec-13,39.93,44.00,38.77,42.50,3608750
4-Dec-13,39.50,39.68,38.00,38.58,2019422
3-Dec-13,39.90,41.13,39.56,39.58,2637182
2-Dec-13,42.25,43.76,41.34,41.59,1323983
29-Nov-13,41.80,43.23,41.15,43.16,1029228
28-Nov-13,42.30,43.10,41.77,42.61,2359023
27-Nov-13,43.29,44.27,42.68,43.00,876542
26-Nov-13,44.20,44.46,42.00,42.64,2280469
25-Nov-13,48.00,48.00,43.67,43.70,2686280
22-Nov-13,44.71,47.36,44.71,47.31,1217252
21-Nov-13,46.12,46.94,44.15,44.32,1979312
20-Nov-13,49.89,49.89,45.98,48.00,2666900
19-Nov-13,50.60,51.75,47.05,49.52,2550948
18-Nov-13,52.20,52.90,49.25,50.40,1632635
15-Nov-13,51.40,52.90,51.40,51.70,2027939
14-Nov-13,50.15,52.40,50.15,52.00,1364178
13-Nov-13,51.00,51.45,50.60,50.60,2973409
12-Nov-13,52.00,52.00,51.00,51.00,2815937
11-Nov-13,52.40,52.40,50.80,51.45,1927075
8-Nov-13,52.00,52.00,49.92,50.75,2452045
7-Nov-13,48.30,54.80,48.30,50.75,4769905
6-Nov-13,51.00,51.00,47.19,50.00,3624257
5-Nov-13,50.85,51.50,50.15,50.80,1060813
4-Nov-13,51.00,51.45,50.05,51.40,1711298
1-Nov-13,50.20,50.50,49.60,50.20,2657359
31-Oct-13,49.58,51.40,49.41,50.20,2851891
30-Oct-13,51.45,51.75,49.99,50.10,2137947
29-Oct-13,51.75,52.35,51.00,51.40,1797791
28-Oct-13,50.65,51.50,49.76,51.00,1151683
25-Oct-13,49.65,51.65,49.65,50.85,838388
24-Oct-13,48.52,51.00,48.52,50.30,1293782
23-Oct-13,51.00,-,49.25,49.76,1885968
22-Oct-13,52.75,54.00,51.60,51.85,2697628
21-Oct-13,50.25,53.80,50.15,53.25,1990109
18-Oct-13,47.33,51.90,47.00,51.20,2822581
17-Oct-13,46.63,48.00,46.02,48.00,1547955
16-Oct-13,45.00,47.50,45.00,47.48,2024263
15-Oct-13,44.70,46.46,44.70,46.36,1646274
14-Oct-13,45.07,46.43,45.04,45.25,1177807
11-Oct-13,46.17,47.28,45.17,45.63,2227480
10-Oct-13,45.77,46.43,45.49,46.15,1299638
9-Oct-13,45.65,47.27,45.08,45.58,1255224
8-Oct-13,44.83,45.30,44.78,45.02,2018816
7-Oct-13,45.00,45.34,44.48,45.00,1070077
4-Oct-13,43.77,45.80,43.77,45.20,1439041
3-Oct-13,44.14,45.11,43.70,44.38,1235797
2-Oct-13,44.65,45.88,43.89,44.70,1286791
1-Oct-13,44.22,45.55,43.30,45.42,2464021
30-Sep-13,45.68,45.68,43.72,44.42,1956725
27-Sep-13,46.63,47.01,45.15,45.74,1388736
26-Sep-13,44.93,47.50,44.93,46.64,4486344
25-Sep-13,44.38,45.61,44.38,45.55,2542492
24-Sep-13,45.07,45.54,42.32,44.63,3061209
20-Sep-13,43.78,45.50,43.78,45.50,71376544
19-Sep-13,45.00,46.47,43.11,44.06,9201649
18-Sep-13,43.78,44.76,42.80,43.49,3933323
17-Sep-13,45.10,46.25,43.62,44.00,3896854
16-Sep-13,45.08,47.00,45.03,45.57,2894937
13-Sep-13,44.22,44.74,42.02,44.50,3280727
12-Sep-13,45.52,46.79,44.03,44.50,3149050
11-Sep-13,45.58,47.17,45.53,47.20,1876489
10-Sep-13,46.86,47.20,45.65,46.00,2938098
9-Sep-13,46.00,48.00,46.00,46.92,2261453
6-Sep-13,46.73,47.06,45.79,46.10,1987036
5-Sep-13,45.75,48.30,45.75,47.00,3198183
4-Sep-13,43.68,46.00,43.24,45.91,5053240
3-Sep-13,43.09,45.10,43.09,44.17,1857219
2-Sep-13,43.02,45.70,43.02,44.02,1973000
30-Aug-13,41.74,43.90,41.74,43.56,3902803
29-Aug-13,39.97,43.70,39.00,43.00,4046649
28-Aug-13,39.35,42.06,39.35,41.03,1126828
27-Aug-13,40.00,41.49,38.04,41.00,2386672
23-Aug-13,37.66,39.83,37.66,39.75,1923473
22-Aug-13,36.67,39.00,36.67,38.51,1991784
21-Aug-13,38.19,38.85,37.54,37.90,942848
20-Aug-13,35.92,37.97,35.92,37.70,1394231
19-Aug-13,36.46,38.32,36.46,37.20,2056454
16-Aug-13,36.01,37.60,36.00,37.47,1601853
15-Aug-13,36.69,37.00,34.70,36.00,2614718
14-Aug-13,38.29,38.87,36.70,37.25,1838076
13-Aug-13,37.22,38.75,37.22,38.75,2173065
12-Aug-13,35.58,38.00,35.58,37.44,2757469
9-Aug-13,35.44,35.75,34.25,34.75,894465
8-Aug-13,33.66,35.74,33.54,34.56,1437292
7-Aug-13,35.00,36.01,33.46,34.08,1205587
6-Aug-13,35.92,38.19,35.00,35.04,743401
5-Aug-13,36.75,37.45,36.00,36.31,1428719
2-Aug-13,37.48,37.67,36.25,37.43,799080
1-Aug-13,37.33,37.99,36.60,37.28,1402296
31-Jul-13,38.40,38.40,36.90,37.28,841104
30-Jul-13,37.98,38.50,37.57,37.95,1743604
29-Jul-13,38.19,38.93,37.80,38.02,1008618
26-Jul-13,37.88,38.99,37.75,38.47,675497
25-Jul-13,39.00,39.00,37.85,38.04,956816
24-Jul-13,38.80,39.00,37.51,38.68,2147156
23-Jul-13,38.94,38.94,37.90,38.40,1272827
22-Jul-13,38.35,38.40,35.57,37.80,1960696
19-Jul-13,37.33,38.33,37.15,37.50,1021075
18-Jul-13,37.97,38.40,37.42,37.84,885246
17-Jul-13,36.39,38.25,36.08,37.51,842028
16-Jul-13,37.07,37.70,35.97,37.07,836835
15-Jul-13,38.00,38.86,36.45,37.50,933884
12-Jul-13,37.01,38.60,36.80,37.78,1202434
11-Jul-13,37.81,39.00,36.96,37.64,1359463
10-Jul-13,36.66,37.60,35.00,36.76,922554
9-Jul-13,39.72,41.49,35.34,36.76,3956418
8-Jul-13,36.25,38.54,36.25,38.36,3136420
5-Jul-13,36.00,40.52,34.00,35.67,6333404
4-Jul-13,31.95,37.90,31.75,35.75,5917989
3-Jul-13,30.84,31.54,30.12,31.15,1071922
2-Jul-13,30.52,31.67,30.52,30.83,1340051
1-Jul-13,31.25,31.90,30.00,30.90,1760933
28-Jun-13,31.23,31.60,30.00,31.59,1715322
27-Jun-13,30.47,31.68,29.53,30.90,1327933
26-Jun-13,30.11,30.94,27.20,30.46,3311728
25-Jun-13,30.47,31.05,29.80,30.38,3123200
24-Jun-13,34.67,35.23,30.03,30.88,3702166
21-Jun-13,35.00,37.02,35.00,35.61,4511507
20-Jun-13,36.50,37.26,35.15,35.15,2293541
19-Jun-13,38.29,39.42,36.50,37.35,2217620
18-Jun-13,38.00,39.78,38.00,38.25,1932109
17-Jun-13,37.31,39.40,36.20,39.17,2116451
14-Jun-13,37.34,37.75,36.53,37.02,1968645
13-Jun-13,37.01,37.41,36.25,36.83,1646932
12-Jun-13,35.87,37.44,35.87,36.94,1168016
11-Jun-13,38.38,38.51,35.86,36.01,1721546
10-Jun-13,38.01,38.77,37.08,37.93,1399903
7-Jun-13,37.10,39.17,37.10,38.58,1527535
6-Jun-13,37.86,39.00,37.86,38.04,1226958
5-Jun-13,38.41,39.00,37.64,38.54,1783255
4-Jun-13,39.00,39.50,38.09,38.29,2705215
3-Jun-13,38.29,39.22,37.40,38.70,2043588
31-May-13,38.50,39.50,37.94,38.44,2184333
30-May-13,39.00,39.86,38.01,39.00,3496441
29-May-13,38.50,39.42,36.90,39.04,3513907
28-May-13,38.38,39.28,37.85,38.56,2136525
24-May-13,39.00,39.49,37.76,38.30,2913795
23-May-13,38.76,39.91,38.04,38.65,2208377
22-May-13,39.51,40.15,38.82,39.35,3475251
21-May-13,39.39,40.44,38.60,38.96,1926612
20-May-13,38.31,39.21,38.07,38.87,2311909
17-May-13,39.13,41.04,38.62,39.00,4062644
16-May-13,39.50,40.18,38.17,39.63,3003487
15-May-13,36.87,39.44,36.33,39.10,7110510
14-May-13,36.56,38.01,35.34,36.33,5651379
13-May-13,37.49,39.30,36.20,36.92,5764847
10-May-13,40.00,40.80,36.01,37.87,12231464
9-May-13,45.75,45.80,43.89,45.60,1570156
8-May-13,43.45,44.83,43.35,44.43,1773287
7-May-13,43.44,43.92,42.35,43.24,2246485
3-May-13,43.08,43.40,40.90,43.19,1684334
2-May-13,41.66,42.74,41.07,42.41,1799091
1-May-13,42.00,43.84,41.16,41.67,1296822
30-Apr-13,42.39,42.39,40.65,41.33,1382938
29-Apr-13,43.61,43.72,41.56,41.75,1148075
26-Apr-13,43.78,45.90,42.50,42.93,2290254
25-Apr-13,40.21,43.75,39.88,43.45,4400052
24-Apr-13,38.21,40.20,37.74,39.90,2909420
23-Apr-13,38.84,38.84,36.92,37.56,1482622
22-Apr-13,38.58,39.64,37.98,38.41,3923994
19-Apr-13,37.51,39.64,37.16,38.65,4054292
18-Apr-13,36.70,37.91,35.70,36.46,3110590
17-Apr-13,38.85,39.23,35.70,37.69,2986035
16-Apr-13,37.25,40.63,37.03,38.60,5170608
15-Apr-13,42.00,42.35,37.00,37.83,8945823
12-Apr-13,44.72,45.53,42.88,43.00,6069703
11-Apr-13,45.42,47.50,44.93,45.36,3617879
10-Apr-13,46.31,49.00,46.31,47.37,3955805
9-Apr-13,48.20,49.00,42.70,47.00,7492321
8-Apr-13,46.50,47.96,45.61,45.80,3658737
5-Apr-13,42.68,47.81,41.94,45.95,4932149
4-Apr-13,45.08,46.00,41.36,41.95,5546519
3-Apr-13,49.64,49.64,43.00,45.62,5381132
2-Apr-13,50.00,51.30,49.45,49.65,2034595
28-Mar-13,52.60,54.15,49.00,49.45,7405884
27-Mar-13,57.19,58.00,53.00,54.41,4940676
26-Mar-13,55.30,57.32,55.07,56.25,2077802
25-Mar-13,58.65,58.96,55.50,55.75,2209987
22-Mar-13,56.10,57.75,55.74,57.50,1411423
21-Mar-13,56.25,57.60,54.95,56.15,2663987
20-Mar-13,60.05,71.10,54.45,62.92,12387829
19-Mar-13,59.00,59.70,58.25,58.65,2598681
18-Mar-13,57.00,59.15,56.05,58.90,1997041
15-Mar-13,54.05,58.20,54.05,58.00,3778013
14-Mar-13,51.70,54.17,51.00,53.50,1950671
13-Mar-13,53.50,53.80,52.40,53.50,1906453
12-Mar-13,52.25,53.46,52.05,52.75,1298256
11-Mar-13,53.25,53.75,51.79,52.45,1246855
8-Mar-13,51.50,55.16,51.50,53.75,1902433
7-Mar-13,52.00,54.30,51.50,52.05,1985940
6-Mar-13,52.90,54.74,50.90,52.00,2992030
5-Mar-13,50.65,54.04,50.50,53.25,3312028
4-Mar-13,52.75,53.10,49.68,50.00,2832234
1-Mar-13,53.25,54.40,52.65,52.70,1843397
28-Feb-13,53.67,55.68,53.25,53.70,1489936
27-Feb-13,54.65,56.35,54.65,55.00,1467258
26-Feb-13,53.60,55.49,52.28,55.30,2054180
25-Feb-13,53.80,55.79,53.05,53.90,1653941
22-Feb-13,54.25,56.00,53.68,54.00,1884111
21-Feb-13,55.65,55.65,53.40,53.70,2105443
20-Feb-13,58.00,58.35,55.16,55.65,5097522
19-Feb-13,60.05,60.30,58.00,58.05,2131366
18-Feb-13,59.85,60.97,58.86,59.25,1410443
15-Feb-13,59.25,60.80,58.87,59.80,2662071
14-Feb-13,60.50,61.13,59.35,59.70,3160844
13-Feb-13,59.75,61.25,59.75,60.60,4077190
12-Feb-13,60.50,61.65,59.70,60.35,3770403
11-Feb-13,61.25,62.38,58.35,60.75,2842335
8-Feb-13,60.15,62.30,60.05,61.20,2869307
7-Feb-13,59.15,63.36,59.15,60.30,5223837
6-Feb-13,61.95,63.60,57.93,59.96,5995066
5-Feb-13,63.60,66.10,60.94,62.55,7235710
4-Feb-13,60.80,68.22,59.00,64.15,10373721
1-Feb-13,56.60,61.10,56.60,60.40,11207011
31-Jan-13,54.90,57.00,54.64,56.55,4581983
30-Jan-13,53.00,56.00,51.11,55.60,4148918
29-Jan-13,56.50,56.72,51.08,52.90,6151078
28-Jan-13,58.00,58.90,51.29,56.35,5914559
25-Jan-13,59.05,59.60,57.50,58.35,4563983
24-Jan-13,58.50,59.68,57.68,59.00,2196157
23-Jan-13,58.15,59.95,58.10,58.80,2850868
22-Jan-13,57.25,59.05,56.06,58.20,2586608
21-Jan-13,56.10,58.04,55.20,57.80,3417273
18-Jan-13,55.55,57.51,54.65,55.45,3751620
17-Jan-13,55.70,56.68,54.50,55.25,2143294
16-Jan-13,57.05,58.24,52.00,56.65,4603401
15-Jan-13,60.20,61.51,54.81,57.20,4533455
14-Jan-13,56.10,61.50,56.04,58.75,9005407
11-Jan-13,51.80,58.45,51.80,55.80,7061188
10-Jan-13,50.00,52.66,50.00,51.15,4722706
9-Jan-13,48.15,57.99,46.14,49.98,11379892
8-Jan-13,40.95,44.73,40.23,43.73,6714244
7-Jan-13,40.30,41.98,39.12,40.16,3226451
4-Jan-13,39.00,40.50,37.69,39.20,6661791
3-Jan-13,39.53,39.53,38.00,39.18,4591360
2-Jan-13,40.00,42.00,38.54,39.30,6600528
