31-Dec-15,2391.00,2397.30,2374.00,2374.00,2038
30-Dec-15,2389.00,2391.00,2373.00,2391.00,1187
29-Dec-15,2389.00,2395.00,2348.60,2395.00,1943
24-Dec-15,2373.00,2385.00,2357.88,2380.00,531
23-Dec-15,2381.00,2385.00,2345.70,2385.00,3585
22-Dec-15,2353.00,2362.80,2342.00,2355.70,4424
21-Dec-15,2385.00,2385.00,2344.00,2344.00,5359
18-Dec-15,2356.00,2374.12,2334.00,2365.00,10386
16-Dec-15,2345.00,2359.30,2345.00,2345.00,4756
15-Dec-15,2360.00,2360.00,2326.60,2350.00,9536
14-Dec-15,2321.00,2352.00,2320.00,2323.00,3641
11-Dec-15,2359.00,2359.00,2320.00,2336.22,6336
10-Dec-15,2360.00,2360.00,2335.00,2341.78,3775
9-Dec-15,2370.00,2370.00,2336.00,2349.00,1464
8-Dec-15,2370.00,2370.00,2332.00,2332.00,4398
7-Dec-15,2340.00,2392.08,2335.00,2335.00,5679
4-Dec-15,2335.00,2377.88,2335.00,2364.60,5878
3-Dec-15,2355.00,2375.49,2355.00,2360.00,16354
2-Dec-15,2360.00,2392.00,2350.00,2380.00,2412
1-Dec-15,2345.00,2387.00,2345.00,2387.00,3833
30-Nov-15,2369.00,2379.00,2345.00,2345.00,3130
27-Nov-15,2345.00,2365.49,2345.00,2362.00,4980
26-Nov-15,2353.00,2365.04,2342.00,2350.00,5165
25-Nov-15,2377.00,2392.92,2342.00,2343.00,40579
24-Nov-15,2395.00,2397.00,2355.00,2358.30,26352
23-Nov-15,2400.00,2403.06,2395.00,2400.00,4060
20-Nov-15,2417.00,2419.20,2400.00,2410.00,6681
19-Nov-15,2400.00,2431.00,2395.00,2400.00,6575
18-Nov-15,2392.00,2416.50,2390.00,2395.00,3071
17-Nov-15,2408.00,2420.50,2390.00,2407.00,5557
16-Nov-15,2409.00,2409.00,2385.00,2391.75,2450
13-Nov-15,2408.00,2413.00,2395.00,2395.00,2804
12-Nov-15,2416.00,2416.00,2395.00,2410.00,2802
11-Nov-15,2424.00,2425.00,2397.00,2409.00,4017
10-Nov-15,2415.00,2435.50,2410.00,2413.00,12237
9-Nov-15,2420.00,2445.00,2415.00,2430.23,3722
6-Nov-15,2425.00,2425.00,2410.00,2422.00,18283
5-Nov-15,2449.00,2449.00,2420.00,2420.00,9610
4-Nov-15,2415.00,2447.00,2415.00,2426.84,3403
3-Nov-15,2417.00,2428.00,2408.64,2414.70,1969
2-Nov-15,2400.00,2419.00,2400.00,2415.00,2398
30-Oct-15,2414.00,2422.00,2395.40,2399.00,5490
29-Oct-15,2410.00,2439.00,2400.19,2410.00,4557
28-Oct-15,2410.00,2423.09,2396.00,2421.00,4272
27-Oct-15,2440.00,2440.00,2394.00,2420.00,6073
26-Oct-15,2420.00,2439.20,2400.30,2425.00,6274
23-Oct-15,2395.00,2444.00,2392.00,2420.00,8771
22-Oct-15,2355.00,2425.00,2355.00,2412.40,17812
21-Oct-15,2355.00,2379.00,2331.00,2372.00,8152
20-Oct-15,2361.00,2380.00,2355.00,2363.00,5914
19-Oct-15,2385.00,2414.02,2350.00,2362.00,7679
16-Oct-15,2355.00,2383.25,2350.00,2350.00,9157
15-Oct-15,2350.00,2362.00,2350.00,2361.00,10902
14-Oct-15,2370.00,2382.44,2350.00,2350.00,4662
13-Oct-15,2413.00,2418.72,2365.00,2365.00,12258
12-Oct-15,2384.00,2423.00,2384.00,2387.00,6108
9-Oct-15,2405.00,2434.30,2395.00,2400.00,11375
8-Oct-15,2385.00,2393.00,2353.00,2361.00,14576
7-Oct-15,2258.00,2395.00,2258.00,2395.00,11347
6-Oct-15,2270.00,2292.00,2246.70,2292.00,4006
5-Oct-15,2225.00,2278.00,2225.00,2278.00,3869
2-Oct-15,2220.00,2220.00,2203.84,2213.36,3511
1-Oct-15,2195.00,2206.00,2175.40,2200.00,7939
30-Sep-15,2190.00,2192.00,2160.27,2180.00,6377
29-Sep-15,2150.00,2155.25,2140.00,2146.25,3917
28-Sep-15,2157.00,2195.75,2152.15,2183.00,9035
25-Sep-15,2144.00,2160.00,2144.00,2149.00,6930
24-Sep-15,2166.00,2170.00,2110.00,2115.00,11746
23-Sep-15,2155.00,2180.80,2150.00,2150.00,6655
22-Sep-15,2187.00,2203.75,2141.00,2179.00,16519
21-Sep-15,2200.00,2200.00,2175.00,2185.00,14652
18-Sep-15,2230.00,2233.20,2190.00,2195.00,20827
17-Sep-15,2250.00,2250.00,2220.00,2220.00,6262
16-Sep-15,2245.00,2248.75,2228.00,2228.00,6249
15-Sep-15,2264.00,2265.00,2236.00,2249.25,10025
14-Sep-15,2283.00,2301.25,2250.00,2262.34,13653
11-Sep-15,2296.00,2303.50,2280.00,2290.00,5359
10-Sep-15,2318.00,2325.00,2288.00,2303.00,3719
9-Sep-15,2329.00,2329.25,2300.00,2300.00,2935
8-Sep-15,2310.00,2318.00,2285.00,2285.00,2015
7-Sep-15,2320.00,2330.00,2285.00,2285.00,2759
4-Sep-15,2302.00,2316.90,2285.00,2292.00,3240
3-Sep-15,2310.00,2327.32,2295.43,2325.00,3445
2-Sep-15,2299.00,2325.00,2284.00,2303.00,4023
1-Sep-15,2300.00,2316.00,2288.11,2291.20,5632
28-Aug-15,2307.00,2320.00,2280.53,2314.00,2332
27-Aug-15,2280.00,2324.08,2270.00,2321.00,7406
26-Aug-15,2240.00,2264.00,2225.05,2250.40,2624
25-Aug-15,2205.00,2270.00,2184.45,2256.50,8367
24-Aug-15,2230.00,2240.84,2166.00,2173.62,12161
21-Aug-15,2300.00,2305.88,2251.10,2260.00,7448
20-Aug-15,2320.00,2326.00,2310.00,2320.00,3767
19-Aug-15,2330.00,2330.00,2320.00,2320.00,4346
18-Aug-15,2339.00,2343.50,2325.00,2332.00,4153
17-Aug-15,2330.00,2342.08,2325.00,2337.75,2154
14-Aug-15,2349.00,2350.00,2330.00,2340.00,2446
13-Aug-15,2340.00,2349.00,2327.10,2330.00,2190
12-Aug-15,2325.00,2342.39,2303.00,2329.00,12732
11-Aug-15,2330.00,2339.35,2325.00,2335.45,3599
10-Aug-15,2330.00,2335.12,2319.54,2325.00,7884
7-Aug-15,2325.00,2339.10,2312.00,2315.26,11368
6-Aug-15,2341.00,2350.00,2315.00,2331.00,4167
5-Aug-15,2349.00,2349.00,2327.00,2340.00,5123
4-Aug-15,2370.00,2370.00,2325.82,2338.96,10317
3-Aug-15,2351.00,2351.00,2339.00,2341.00,6389
31-Jul-15,2361.00,2379.00,2340.00,2353.00,6726
30-Jul-15,2378.00,2378.00,2350.00,2365.75,7329
29-Jul-15,2398.00,2398.00,2362.00,2373.20,9514
28-Jul-15,2380.00,2401.37,2369.00,2369.00,12510
27-Jul-15,2415.00,2424.00,2380.00,2380.00,6943
24-Jul-15,2432.00,2434.40,2408.00,2421.24,9464
23-Jul-15,2425.00,2436.00,2425.00,2431.00,1086
22-Jul-15,2435.00,2435.00,2423.37,2431.00,6522
21-Jul-15,2434.00,2436.75,2426.00,2426.00,2194
20-Jul-15,2425.00,2447.00,2410.75,2438.60,6212
17-Jul-15,2420.00,2427.00,2410.00,2419.00,3972
16-Jul-15,2420.00,2430.00,2400.30,2425.00,8639
15-Jul-15,2383.00,2417.00,2383.00,2406.00,9371
14-Jul-15,2421.00,2425.77,2385.00,2390.25,6504
13-Jul-15,2392.00,2419.04,2392.00,2413.00,3762
10-Jul-15,2405.00,2411.00,2390.00,2404.00,8024
9-Jul-15,2435.00,2435.00,2388.92,2388.92,12254
8-Jul-15,2456.00,2456.25,2430.00,2430.00,4450
7-Jul-15,2477.00,2480.00,2441.00,2446.80,13949
6-Jul-15,2460.00,2476.00,2447.00,2450.00,8995
3-Jul-15,2447.00,2480.00,2447.00,2478.00,3143
2-Jul-15,2460.00,2477.75,2448.84,2474.00,10185
1-Jul-15,2414.00,2455.00,2414.00,2443.50,2357
30-Jun-15,2424.00,2441.00,2415.00,2425.00,5332
29-Jun-15,2370.00,2434.03,2370.00,2405.00,7726
26-Jun-15,2440.00,2443.71,2415.00,2428.50,4844
25-Jun-15,2440.00,2453.00,2435.00,2435.00,11763
24-Jun-15,2456.00,2458.14,2440.00,2450.00,5428
23-Jun-15,2446.00,2453.00,2435.00,2446.50,18957
22-Jun-15,2424.00,2439.00,2420.00,2439.00,3212
19-Jun-15,2435.00,2435.00,2394.00,2405.00,51179
18-Jun-15,2465.00,2470.00,2433.00,2465.00,12668
17-Jun-15,2465.00,2485.00,2462.00,2462.00,5830
16-Jun-15,2470.00,2475.00,2465.00,2473.00,5283
15-Jun-15,2475.00,2485.69,2462.00,2485.25,10226
12-Jun-15,2493.00,2494.00,2475.00,2477.57,2565
11-Jun-15,2492.00,2492.00,2476.00,2490.00,5023
10-Jun-15,2475.00,2485.00,2467.00,2473.11,4276
9-Jun-15,2475.00,2477.56,2464.33,2475.00,4269
8-Jun-15,2482.00,2496.00,2475.00,2480.00,8168
5-Jun-15,2490.00,2500.60,2475.00,2494.00,9492
4-Jun-15,2495.00,2517.66,2485.00,2493.00,7383
3-Jun-15,2490.00,2515.00,2481.60,2497.00,14487
2-Jun-15,2480.00,2490.00,2460.00,2466.00,8458
1-Jun-15,2440.00,2485.78,2437.50,2468.00,4113
29-May-15,2411.00,2430.00,2405.00,2424.00,7155
28-May-15,2410.00,2422.00,2401.55,2409.33,5123
27-May-15,2416.00,2416.00,2395.00,2412.75,5449
26-May-15,2395.00,2407.28,2381.00,2385.00,9675
22-May-15,2402.00,2407.75,2384.00,2396.00,5800
21-May-15,2387.00,2401.00,2381.00,2388.30,3167
20-May-15,2375.00,2405.00,2375.00,2380.00,5381
19-May-15,2391.00,2391.00,2372.25,2386.00,5215
18-May-15,2400.00,2416.37,2371.00,2372.00,14458
15-May-15,2414.00,2432.40,2396.00,2396.00,11709
14-May-15,2447.00,2447.00,2405.00,2410.00,13627
13-May-15,2427.00,2449.75,2422.00,2422.00,17862
12-May-15,2430.00,2445.00,2425.05,2431.00,4064
11-May-15,2460.00,2466.00,2435.04,2450.00,10506
8-May-15,2450.00,2463.00,2425.30,2449.75,27431
7-May-15,2448.00,2448.00,2420.00,2420.06,7021
6-May-15,2450.00,2450.00,2420.00,2420.00,5990
5-May-15,2420.00,2444.60,2420.00,2434.75,9216
1-May-15,2410.00,2424.41,2405.15,2420.00,3721
30-Apr-15,2425.00,2430.19,2405.00,2405.00,10641
29-Apr-15,2432.00,2444.98,2411.00,2421.00,6901
28-Apr-15,2449.00,2454.00,2423.00,2436.00,11618
27-Apr-15,2450.00,2452.90,2439.77,2444.00,4111
24-Apr-15,2460.00,2460.00,2435.12,2445.00,5529
23-Apr-15,2433.00,2450.00,2430.00,2438.00,4511
22-Apr-15,2445.00,2450.00,2416.00,2437.00,13979
21-Apr-15,2452.00,2455.25,2434.00,2445.00,7571
20-Apr-15,2443.00,2462.00,2439.00,2448.72,9472
17-Apr-15,2452.00,2468.88,2440.00,2441.00,5596
16-Apr-15,2440.00,2475.00,2440.00,2465.00,8472
15-Apr-15,2406.00,2449.00,2406.00,2440.00,4793
14-Apr-15,2420.00,2435.00,2406.92,2435.00,4798
13-Apr-15,2400.00,2420.43,2386.99,2413.51,4812
10-Apr-15,2333.00,2400.00,2333.00,2398.00,12213
9-Apr-15,2344.00,2346.00,2321.90,2346.00,4556
8-Apr-15,2340.00,2345.00,2310.00,2326.80,5324
7-Apr-15,2303.80,2326.00,2294.25,2313.00,4064
2-Apr-15,2300.00,2307.57,2288.08,2296.00,4048
1-Apr-15,2286.00,2300.00,2271.00,2271.00,7134
31-Mar-15,2296.00,2303.00,2265.00,2277.00,6688
30-Mar-15,2277.00,2293.45,2265.00,2280.00,2368
27-Mar-15,2285.00,2311.86,2265.00,2290.00,12768
26-Mar-15,2315.00,2320.00,2270.00,2284.00,17898
25-Mar-15,2331.00,2340.45,2315.00,2315.00,9421
24-Mar-15,2345.00,2345.00,2329.00,2340.00,6187
23-Mar-15,2349.00,2350.00,2316.00,2344.00,10157
20-Mar-15,2325.00,2345.00,2319.63,2345.00,19140
19-Mar-15,2325.00,2336.00,2320.90,2336.00,9957
18-Mar-15,2313.00,2332.00,2298.12,2325.00,4637
17-Mar-15,2313.00,2322.23,2290.00,2291.00,3978
16-Mar-15,2310.00,2320.00,2286.00,2300.00,11641
13-Mar-15,2293.00,2300.00,2280.00,2281.00,3967
12-Mar-15,2281.00,2293.27,2280.00,2282.00,8644
11-Mar-15,2309.00,2309.00,2275.00,2280.00,14975
10-Mar-15,2305.00,2315.12,2280.00,2285.00,9901
9-Mar-15,2313.00,2319.50,2286.00,2300.00,10998
6-Mar-15,2309.00,2325.00,2303.07,2305.00,4994
5-Mar-15,2310.00,2310.00,2300.00,2305.00,3950
4-Mar-15,2300.00,2310.00,2296.00,2305.00,2311
3-Mar-15,2310.00,2322.00,2294.00,2303.51,7314
2-Mar-15,2310.00,2323.60,2304.00,2310.00,10269
27-Feb-15,2323.00,2327.70,2306.60,2310.00,7172
26-Feb-15,2320.00,2330.00,2310.00,2310.00,4139
25-Feb-15,2334.00,2335.00,2310.00,2330.00,9100
24-Feb-15,2316.00,2330.00,2316.00,2330.00,6725
23-Feb-15,2330.00,2335.00,2314.00,2315.00,6011
20-Feb-15,2325.00,2331.50,2311.00,2326.00,6657
19-Feb-15,2363.00,2363.00,2311.00,2335.00,9313
18-Feb-15,2339.00,2348.00,2321.06,2326.00,7455
17-Feb-15,2351.00,2355.00,2325.23,2330.00,6767
16-Feb-15,2330.00,2359.00,2325.83,2340.00,2839
13-Feb-15,2318.00,2365.00,2318.00,2350.00,15331
12-Feb-15,2310.00,2322.00,2305.00,2313.00,3086
11-Feb-15,2313.00,2320.00,2301.68,2305.00,3693
10-Feb-15,2326.00,2326.00,2308.90,2325.00,3332
9-Feb-15,2316.00,2331.13,2292.89,2292.89,3045
6-Feb-15,2297.00,2330.00,2297.00,2330.00,4237
5-Feb-15,2320.00,2320.00,2295.00,2320.00,1643
4-Feb-15,2300.00,2315.00,2295.00,2312.00,9285
3-Feb-15,2300.00,2317.04,2282.43,2282.43,6876
2-Feb-15,2315.00,2325.92,2295.00,2305.00,3861
30-Jan-15,2306.00,2319.00,2295.00,2295.00,3024
29-Jan-15,2307.00,2313.44,2290.00,2298.00,6366
28-Jan-15,2315.00,2320.00,2290.00,2320.00,1998
27-Jan-15,2312.00,2316.68,2285.25,2315.00,8989
26-Jan-15,2309.00,2326.70,2300.00,2308.00,5686
23-Jan-15,2313.00,2330.00,2300.00,2318.00,4151
22-Jan-15,2309.00,2318.00,2295.00,2300.00,73016
21-Jan-15,2304.00,2310.00,2290.00,2295.00,14859
20-Jan-15,2307.00,2307.00,2285.00,2285.00,5703
19-Jan-15,2303.00,2307.00,2280.00,2292.90,1422
16-Jan-15,2302.00,2302.00,2275.00,2275.00,11954
15-Jan-15,2316.00,2316.00,2270.00,2279.00,8699
14-Jan-15,2305.00,2312.00,2278.00,2278.00,6316
13-Jan-15,2310.00,2322.00,2302.00,2314.00,8350
12-Jan-15,2319.00,2334.22,2301.00,2334.22,3873
9-Jan-15,2323.00,2330.88,2304.75,2312.00,2145
8-Jan-15,2310.00,2337.00,2310.00,2325.00,16578
7-Jan-15,2325.00,2325.00,2310.00,2316.00,7101
6-Jan-15,2320.00,2330.88,2310.00,2312.34,5331
5-Jan-15,2320.00,2333.00,2320.00,2325.00,5944
31-Dec-14,2321.00,2321.00,2292.00,2319.00,440
30-Dec-14,2309.00,2318.60,2296.00,2296.00,2802
29-Dec-14,2317.00,2325.44,2302.00,2318.00,3817
24-Dec-14,2317.00,2317.00,2298.84,2310.00,499
23-Dec-14,2284.00,2310.00,2284.00,2297.00,10360
22-Dec-14,2290.00,2321.50,2290.00,2310.00,6507
19-Dec-14,2300.00,2309.66,2262.00,2262.00,30661
18-Dec-14,2272.00,2303.00,2272.00,2292.00,4133
17-Dec-14,2300.00,2303.30,2267.00,2288.00,5869
16-Dec-14,2290.00,2298.22,2260.00,2280.00,9796
15-Dec-14,2282.00,2300.00,2260.00,2260.00,3166
12-Dec-14,2270.00,2287.20,2257.43,2261.00,5180
11-Dec-14,2298.00,2300.00,2270.07,2283.12,8547
10-Dec-14,2308.00,2323.00,2295.00,2295.00,6567
9-Dec-14,2305.00,2312.08,2295.00,2300.00,5596
8-Dec-14,2320.00,2330.45,2305.00,2310.45,3563
5-Dec-14,2315.00,2326.18,2305.29,2310.00,3358
4-Dec-14,2317.00,2331.00,2303.00,2309.00,1887
3-Dec-14,2318.00,2318.00,2299.10,2308.00,4859
2-Dec-14,2315.00,2315.00,2295.73,2305.00,3296
1-Dec-14,2314.00,2314.00,2285.00,2290.00,7511
28-Nov-14,2322.00,2330.00,2301.00,2301.00,5670
27-Nov-14,2319.00,2330.00,2306.50,2314.00,5287
26-Nov-14,2282.00,2314.54,2282.00,2294.00,3965
25-Nov-14,2290.00,2300.88,2287.00,2297.00,6370
24-Nov-14,2292.00,2317.00,2282.20,2290.00,7126
21-Nov-14,2285.00,2295.00,2271.58,2271.58,7187
20-Nov-14,2285.00,2301.68,2276.33,2276.33,7829
19-Nov-14,2300.00,2325.05,2286.67,2294.00,2714
18-Nov-14,2300.00,2331.00,2287.00,2287.00,13402
17-Nov-14,2270.00,2298.00,2270.00,2295.00,3741
14-Nov-14,2270.00,2299.00,2270.00,2289.50,11010
13-Nov-14,2299.00,2299.00,2278.00,2285.00,3653
12-Nov-14,2290.00,2290.00,2270.00,2276.00,5689
11-Nov-14,2270.00,2293.00,2270.00,2281.00,8400
10-Nov-14,2288.00,2288.00,2260.31,2270.00,7846
7-Nov-14,2290.00,2295.00,2260.00,2260.00,9446
6-Nov-14,2275.00,2282.00,2270.27,2278.00,3292
5-Nov-14,2261.00,2275.00,2250.76,2270.00,47337
4-Nov-14,2244.00,2255.00,2238.49,2245.00,5715
3-Nov-14,2249.00,2250.00,2240.00,2241.00,7379
31-Oct-14,2240.00,2255.00,2229.80,2245.00,26601
30-Oct-14,2220.00,2225.00,2208.00,2215.00,9838
29-Oct-14,2204.00,2219.00,2200.00,2210.00,9115
28-Oct-14,2192.00,2200.00,2189.48,2195.00,9162
27-Oct-14,2191.00,2199.60,2185.00,2190.00,6478
24-Oct-14,2175.00,2190.00,2173.00,2190.00,3546
23-Oct-14,2175.00,2187.00,2174.00,2182.00,4478
22-Oct-14,2158.00,2198.00,2158.00,2198.00,10076
21-Oct-14,2140.00,2168.00,2140.00,2168.00,4242
20-Oct-14,2152.00,2170.00,2140.00,2146.00,4777
17-Oct-14,2115.00,2155.00,2115.00,2153.00,9325
16-Oct-14,2126.00,2146.20,2104.00,2115.00,16040
15-Oct-14,2185.00,2185.00,2123.26,2125.00,11463
14-Oct-14,2155.00,2167.00,2152.00,2155.00,6669
13-Oct-14,2165.00,2173.80,2151.00,2157.00,11520
10-Oct-14,2190.00,2200.00,2162.84,2165.00,10002
9-Oct-14,2200.00,2223.00,2190.00,2190.00,7911
8-Oct-14,2196.00,2218.00,2191.00,2196.00,4613
7-Oct-14,2169.00,2214.00,2160.00,2190.00,41995
6-Oct-14,2180.00,2180.00,2168.00,2175.00,5581
3-Oct-14,2165.00,2252.00,2150.00,2150.00,2037
2-Oct-14,2155.00,2155.92,2131.00,2131.00,5183
1-Oct-14,2158.00,2168.80,2145.00,2145.00,5325
30-Sep-14,2155.00,2182.00,2150.00,2162.15,3494
29-Sep-14,2165.00,2174.00,2155.00,2163.00,6415
26-Sep-14,2160.00,2195.00,2156.18,2171.00,4530
25-Sep-14,2167.00,2194.00,2162.00,2163.00,3482
24-Sep-14,2185.00,2185.00,2164.00,2168.00,3292
23-Sep-14,2165.00,2174.00,2160.30,2168.00,3721
22-Sep-14,2170.00,2178.67,2168.00,2168.00,7416
19-Sep-14,2199.00,2200.00,2170.77,2184.00,25095
18-Sep-14,2184.00,2190.00,2173.00,2184.00,3619
17-Sep-14,2175.00,2187.00,2164.00,2176.00,12439
16-Sep-14,2170.00,2190.00,2165.12,2179.00,9661
15-Sep-14,2155.00,2172.00,2155.00,2170.00,5185
12-Sep-14,2130.00,2169.66,2130.00,2161.00,15532
11-Sep-14,2130.00,2147.00,2130.00,2132.65,4689
10-Sep-14,2146.00,2149.00,2120.00,2130.00,13416
9-Sep-14,2151.00,2151.00,2125.00,2138.50,8153
8-Sep-14,2159.00,2170.00,2135.00,2143.75,11937
5-Sep-14,2160.00,2165.00,2148.00,2148.00,6055
4-Sep-14,2165.00,2172.00,2154.00,2165.00,39089
3-Sep-14,2170.00,2177.00,2145.00,2165.00,6346
2-Sep-14,2165.00,2177.95,2161.95,2174.00,7078
1-Sep-14,2160.00,2172.00,2160.00,2165.00,2630
29-Aug-14,2170.00,2172.00,2157.00,2157.00,7114
28-Aug-14,2172.00,2172.00,2160.00,2165.00,3176
27-Aug-14,2178.00,2178.00,2153.00,2165.00,2544
26-Aug-14,2172.00,2179.00,2146.13,2160.00,10539
22-Aug-14,2160.00,2172.14,2145.00,2145.00,4998
21-Aug-14,2160.00,2170.00,2157.95,2161.00,5545
20-Aug-14,2161.00,2170.00,2157.00,2165.00,8046
19-Aug-14,2166.00,2174.00,2145.00,2171.60,6232
18-Aug-14,2166.00,2166.00,2142.60,2160.00,3536
15-Aug-14,2150.00,2168.00,2137.38,2154.00,2904
14-Aug-14,2140.00,2150.00,2133.75,2150.00,20932
13-Aug-14,2139.00,2139.00,2122.00,2132.00,12950
12-Aug-14,2110.00,2128.00,2110.00,2121.00,4923
11-Aug-14,2132.00,2136.00,2107.81,2128.00,4589
8-Aug-14,2122.00,2129.00,2102.52,2120.00,4243
7-Aug-14,2117.00,2138.00,2115.00,2116.00,3552
6-Aug-14,2135.00,2136.43,2110.00,2122.00,6586
5-Aug-14,2150.00,2150.00,2132.00,2132.00,2647
4-Aug-14,2141.00,2150.00,2135.00,2143.00,4187
1-Aug-14,2135.00,2152.00,2130.00,2144.00,5621
31-Jul-14,2155.00,2160.15,2136.66,2141.00,9103
30-Jul-14,2157.00,2162.63,2155.00,2159.00,3250
29-Jul-14,2155.00,2169.00,2152.00,2155.17,6481
28-Jul-14,2170.00,2185.24,2155.00,2155.00,6727
25-Jul-14,2175.00,2190.37,2170.00,2172.00,4311
24-Jul-14,2188.00,2198.00,2174.61,2179.90,8869
23-Jul-14,2190.00,2195.25,2175.00,2187.00,5704
22-Jul-14,2205.00,2205.00,2183.78,2186.00,3724
21-Jul-14,2183.00,2200.00,2168.00,2181.00,11017
18-Jul-14,2190.00,2206.00,2179.90,2179.90,12045
17-Jul-14,2205.00,2205.00,2187.00,2193.00,6031
16-Jul-14,2209.00,2220.00,2205.00,2205.00,3677
15-Jul-14,2220.00,2229.00,2193.00,2193.00,6206
14-Jul-14,2233.00,2241.40,2214.77,2220.00,3348
11-Jul-14,2223.00,2227.00,2205.00,2208.00,5609
10-Jul-14,2202.00,2223.12,2188.00,2210.00,10071
9-Jul-14,2213.00,2235.00,2204.33,2226.00,2654
8-Jul-14,2264.00,2272.00,2235.00,2271.97,11755
7-Jul-14,2271.00,2273.00,2251.00,2261.00,2737
4-Jul-14,2247.00,2280.00,2244.40,2280.00,4615
3-Jul-14,2248.00,2255.00,2238.80,2255.00,6192
2-Jul-14,2242.00,2248.00,2227.64,2248.00,4328
1-Jul-14,2203.00,2240.00,2203.00,2240.00,9224
30-Jun-14,2217.00,2247.00,2212.00,2225.00,11020
27-Jun-14,2236.00,2250.00,2230.00,2238.00,33507
26-Jun-14,2195.00,2235.00,2195.00,2230.00,6817
25-Jun-14,2200.00,2210.92,2195.00,2207.00,10494
24-Jun-14,2238.00,2238.00,2200.00,2232.00,14779
23-Jun-14,2230.00,2241.50,2225.00,2229.00,9498
20-Jun-14,2230.00,2241.00,2228.89,2230.00,21161
19-Jun-14,2127.00,2237.95,2127.00,2211.00,31755
18-Jun-14,2140.00,2141.00,2128.00,2141.00,4467
17-Jun-14,2145.00,2155.00,2120.00,2122.93,20393
16-Jun-14,2180.00,2180.00,2136.00,2140.00,20464
13-Jun-14,2190.00,2194.38,2164.24,2167.00,11409
12-Jun-14,2192.00,2200.00,2178.00,2200.00,7520
11-Jun-14,2200.00,2205.65,2189.53,2200.00,5115
10-Jun-14,2195.00,2215.10,2195.00,2204.00,4776
9-Jun-14,2202.00,2212.17,2195.00,2208.00,4750
6-Jun-14,2194.00,2207.00,2190.80,2202.00,8764
5-Jun-14,2195.00,2202.00,2177.00,2186.00,9986
4-Jun-14,2201.00,2202.80,2193.00,2195.00,6501
3-Jun-14,2210.00,2220.00,2200.00,2205.00,8041
2-Jun-14,2220.00,2225.83,2208.00,2211.00,6099
30-May-14,2228.00,2229.00,2215.00,2223.00,4299
29-May-14,2193.00,2227.00,2182.00,2220.00,7172
28-May-14,2175.00,2190.00,2162.60,2190.00,5001
27-May-14,2166.00,2166.00,2145.00,2156.00,6839
23-May-14,2125.00,2140.00,2125.00,2128.01,3667
22-May-14,2119.00,2151.46,2119.00,2136.00,2956
21-May-14,2118.00,2134.00,2111.00,2130.00,2512
20-May-14,2115.00,2126.00,2108.00,2115.75,3495
19-May-14,2119.00,2129.36,2093.00,2093.00,10254
16-May-14,2128.00,2128.00,2112.00,2112.00,10219
15-May-14,2160.00,2160.00,2110.00,2110.00,20497
14-May-14,2151.00,2158.00,2146.56,2150.00,1778
13-May-14,2151.00,2160.00,2142.75,2150.00,4326
12-May-14,2120.00,2142.76,2115.00,2115.00,4750
9-May-14,2125.00,2131.76,2110.00,2115.00,13329
8-May-14,2122.00,2129.00,2110.00,2126.00,10210
7-May-14,2133.00,2133.96,2115.00,2121.00,3159
6-May-14,2120.00,2129.00,2118.00,2124.00,5819
2-May-14,2148.00,2151.50,2115.00,2116.00,5967
1-May-14,2135.00,2135.00,2120.00,2120.00,4904
30-Apr-14,2123.00,2147.04,2090.00,2090.00,26915
29-Apr-14,2104.00,2121.00,2098.96,2110.00,5189
28-Apr-14,2081.00,2102.82,2080.00,2094.00,3857
25-Apr-14,2085.00,2096.16,2075.00,2080.00,7423
24-Apr-14,2091.00,2103.00,2090.00,2095.00,12808
23-Apr-14,2100.00,2102.00,2090.00,2092.00,4629
22-Apr-14,2079.00,2092.00,2052.00,2075.00,4803
17-Apr-14,2055.00,2064.52,2050.00,2050.00,5175
16-Apr-14,2058.00,2070.23,2050.00,2050.00,6826
15-Apr-14,2055.00,2057.00,2022.00,2022.00,3203
14-Apr-14,2050.00,2056.88,2039.00,2046.26,12785
11-Apr-14,2055.00,2061.00,2045.00,2061.00,6417
10-Apr-14,2055.00,2075.00,2055.00,2055.00,9031
9-Apr-14,2045.00,2075.00,2024.43,2055.00,52877
8-Apr-14,2011.00,2040.00,2000.00,2020.00,18990
7-Apr-14,2008.00,2008.00,1980.00,2008.00,14185
4-Apr-14,1983.00,1999.00,1977.00,1985.00,2633
3-Apr-14,1975.00,1984.84,1975.00,1977.00,3740
2-Apr-14,1999.00,1999.00,1980.00,1985.00,8311
1-Apr-14,1941.00,1989.00,1935.00,1985.00,21271
31-Mar-14,1926.00,1939.17,1923.00,1931.00,6406
28-Mar-14,1931.00,1942.94,1930.00,1930.00,5476
27-Mar-14,1940.00,1951.00,1930.00,1930.00,6248
26-Mar-14,1950.00,1956.00,1940.00,1952.00,3588
25-Mar-14,1944.00,1953.00,1937.08,1945.00,5536
24-Mar-14,1963.00,1963.00,1943.20,1946.00,3684
21-Mar-14,1935.00,1950.00,1933.26,1944.00,20337
20-Mar-14,1949.00,1949.00,1937.16,1946.00,2804
19-Mar-14,1949.00,1949.00,1940.00,1948.00,7261
18-Mar-14,1940.00,1949.00,1940.00,1949.00,7117
17-Mar-14,1940.00,1949.00,1940.00,1943.30,3722
14-Mar-14,1940.00,1948.00,1940.00,1942.00,4495
13-Mar-14,1958.00,1958.00,1937.00,1949.00,4183
12-Mar-14,1957.00,1957.00,1935.00,1935.00,5626
11-Mar-14,1980.00,1980.00,1956.00,1955.00,5558
10-Mar-14,1950.00,1964.00,1950.00,1956.00,6169
7-Mar-14,1961.00,1961.00,1954.00,1955.00,12413
6-Mar-14,1955.00,1964.00,1955.00,1962.00,9324
5-Mar-14,1955.00,1979.00,1955.00,1964.26,3461
4-Mar-14,1960.00,1979.00,1951.00,1956.00,13502
3-Mar-14,1961.00,1962.00,1939.00,1947.50,7557
28-Feb-14,1969.00,1997.00,1960.00,1979.00,8405
27-Feb-14,1955.00,1969.00,1950.00,1953.00,6089
26-Feb-14,1955.00,1970.00,1955.00,1970.00,2828
25-Feb-14,1969.00,1970.00,1959.00,1960.00,19830
24-Feb-14,1960.00,1965.00,1955.00,1960.00,11278
21-Feb-14,1967.00,1973.00,1960.00,1966.47,12068
20-Feb-14,1957.00,1971.00,1941.00,1962.00,7080
19-Feb-14,1955.00,1972.00,1955.00,1959.00,3073
18-Feb-14,1945.00,1974.00,1945.00,1974.00,8419
17-Feb-14,1955.00,1965.00,1950.00,1965.00,3896
14-Feb-14,1950.00,1957.00,1940.00,1948.00,8661
13-Feb-14,1940.00,1958.00,1940.00,1945.00,6569
12-Feb-14,1964.00,1990.00,1955.00,1986.00,8359
11-Feb-14,1970.00,1975.00,1960.00,1965.00,6482
10-Feb-14,1965.00,1965.00,1950.00,1955.00,8316
7-Feb-14,1940.00,1955.00,1940.00,1955.60,9857
6-Feb-14,1919.00,1949.00,1919.00,1948.00,6112
5-Feb-14,1905.00,1918.00,1905.00,1916.00,3857
4-Feb-14,1921.00,1921.00,1903.00,1908.00,5460
3-Feb-14,1915.00,1928.00,1915.00,1920.00,9634
31-Jan-14,1949.00,1949.00,1918.00,1918.00,11314
30-Jan-14,1920.00,1950.00,1913.00,1950.00,30282
29-Jan-14,1950.00,1956.00,1910.00,1925.00,12368
28-Jan-14,1950.00,1950.00,1921.00,1928.00,3015
27-Jan-14,1959.00,1959.00,1920.00,1920.00,9452
24-Jan-14,1976.00,1980.00,1945.00,1945.00,9145
23-Jan-14,1975.00,1998.00,1970.00,1970.00,7547
22-Jan-14,1982.00,1985.00,1975.00,1975.00,2303
21-Jan-14,1979.00,1989.00,1975.00,1981.10,5381
20-Jan-14,1950.00,1995.00,1950.00,1985.00,7701
17-Jan-14,1955.00,1968.00,1945.00,1959.00,8160
16-Jan-14,1950.00,1966.00,1950.00,1955.00,8055
15-Jan-14,1944.00,1963.00,1943.00,1960.75,15593
14-Jan-14,1933.00,1942.00,1928.00,1941.00,7474
13-Jan-14,1920.00,1945.00,1920.00,1944.00,10806
10-Jan-14,1905.00,1935.00,1905.00,1917.50,7346
9-Jan-14,1908.00,1915.00,1905.00,1906.00,1943
8-Jan-14,1915.00,1926.00,1905.00,1908.00,3344
7-Jan-14,1925.00,1932.00,1921.00,1928.00,2793
6-Jan-14,1922.00,1922.00,1908.00,1911.00,3307
3-Jan-14,1899.00,1915.00,1899.00,1916.00,3962
2-Jan-14,1890.00,1905.00,1880.00,1892.50,10588
31-Dec-13,1884.00,1900.00,1880.00,1900.00,546
30-Dec-13,1889.00,1900.00,1880.00,1900.00,1656
27-Dec-13,1880.00,1909.00,1880.00,1891.12,1939
24-Dec-13,1875.00,1885.00,1875.00,1884.00,2351
23-Dec-13,1875.00,1875.00,1865.00,1875.00,2819
20-Dec-13,1870.00,1875.00,1868.00,1875.00,19713
19-Dec-13,1870.00,1884.00,1870.00,1875.00,8648
18-Dec-13,1870.00,1881.00,1870.00,1875.00,5837
17-Dec-13,1877.00,1893.00,1870.00,1878.00,8354
16-Dec-13,1895.00,1895.00,1871.00,1877.00,9001
13-Dec-13,1882.00,1890.00,1870.00,1871.00,3344
12-Dec-13,1876.00,1884.00,1874.00,1874.00,6469
11-Dec-13,1891.00,1895.00,1880.00,1880.00,12344
10-Dec-13,1885.00,1923.00,1885.00,1900.00,12004
9-Dec-13,1885.00,1906.00,1882.00,1882.00,4934
6-Dec-13,1910.00,1910.00,1876.00,1888.00,7332
5-Dec-13,1915.00,1915.00,1880.00,1885.00,9428
4-Dec-13,1891.00,1902.00,1879.00,1902.00,3218
3-Dec-13,1898.00,1898.00,1873.00,1898.48,16759
2-Dec-13,1897.00,1919.00,1897.00,1905.00,8988
29-Nov-13,1915.00,1920.00,1908.00,1915.00,5217
28-Nov-13,1915.00,1920.00,1903.00,1920.00,1958
27-Nov-13,1882.00,1922.00,1882.00,1913.00,5509
26-Nov-13,1919.00,1919.00,1889.00,1893.00,3854
25-Nov-13,1908.00,1908.00,1884.00,1909.91,732
22-Nov-13,1887.00,1888.00,1885.00,1888.00,8306
21-Nov-13,1893.00,1893.00,1880.00,1888.00,11897
20-Nov-13,1895.00,1911.00,1878.00,1886.00,6470
19-Nov-13,1901.00,1911.00,1893.00,1917.75,741
18-Nov-13,1908.00,1918.00,1899.00,1899.00,6407
15-Nov-13,1917.00,1924.00,1893.00,1898.50,7317
14-Nov-13,1901.00,1917.00,1890.00,1894.00,1993
13-Nov-13,1910.00,1914.00,1878.00,1878.00,14229
12-Nov-13,1913.00,1934.00,1900.00,1928.56,7323
11-Nov-13,1924.00,1941.00,1921.00,1921.00,705
8-Nov-13,1925.00,1939.00,1925.00,1931.00,1802
7-Nov-13,1947.00,1953.00,1943.00,1936.00,3685
6-Nov-13,1930.00,1965.00,1930.00,1945.00,4793
5-Nov-13,1963.00,1963.00,1931.00,1957.00,3332
4-Nov-13,1922.00,1960.00,1922.00,1945.00,3878
1-Nov-13,1928.00,1954.00,1928.00,1948.00,4012
31-Oct-13,1952.00,1952.00,1927.00,1933.00,7274
30-Oct-13,1955.00,1970.00,1952.00,1965.00,4459
29-Oct-13,1951.00,1970.00,1951.00,1966.00,4935
28-Oct-13,1950.00,1967.00,1950.00,1955.80,5416
25-Oct-13,1935.00,1943.00,1922.00,1949.73,3361
24-Oct-13,1921.00,1935.00,1906.00,1906.00,4544
23-Oct-13,1932.70,1935.00,1919.00,1923.30,6523
22-Oct-13,1906.00,1933.00,1906.00,1933.00,4701
21-Oct-13,1885.00,1906.00,1885.00,1903.00,12972
18-Oct-13,1878.00,1894.00,1873.00,1894.00,5750
17-Oct-13,1860.00,1880.00,1845.00,1880.00,9173
16-Oct-13,1845.00,1865.00,1828.00,1852.00,7085
15-Oct-13,1845.00,1854.00,1833.00,1842.00,6282
14-Oct-13,1840.00,1845.00,1821.00,1844.00,3495
11-Oct-13,1829.00,1838.00,1820.00,1825.48,5624
10-Oct-13,1810.00,1845.00,1810.00,1820.00,17688
9-Oct-13,1787.00,1820.00,1777.00,1818.00,16462
8-Oct-13,1787.00,1787.00,1777.00,1786.00,5368
7-Oct-13,1780.00,1791.00,1775.00,1779.00,7519
4-Oct-13,1780.00,1794.00,1777.00,1784.00,4595
3-Oct-13,1774.00,1792.00,1767.00,1774.00,7044
2-Oct-13,1765.00,1787.00,1765.00,1767.00,2969
1-Oct-13,1785.00,1785.00,1765.00,1765.00,2810
30-Sep-13,1789.00,1789.00,1765.00,1789.00,3789
27-Sep-13,1789.00,1798.00,1780.00,1780.00,5624
26-Sep-13,1806.00,1806.00,1792.00,1802.00,3145
25-Sep-13,1795.00,1802.00,1789.00,1796.00,7646
24-Sep-13,1792.00,1793.00,1780.00,1800.00,7755
20-Sep-13,1813.00,1813.00,1791.00,1795.00,24479
19-Sep-13,1815.00,1832.00,1806.00,1826.00,11188
18-Sep-13,1796.00,1807.00,1790.00,1796.50,3023
17-Sep-13,1790.00,1797.00,1790.00,1795.00,13086
16-Sep-13,1809.00,1815.00,1800.00,1815.00,2356
13-Sep-13,1799.00,1799.00,1780.00,1793.00,4710
12-Sep-13,1790.00,1803.00,1780.00,1785.00,3352
11-Sep-13,1802.00,1805.00,1790.00,1799.28,1257
10-Sep-13,1786.00,1805.00,1786.00,1805.00,2504
9-Sep-13,1780.00,1801.00,1780.00,1780.00,1952
6-Sep-13,1791.00,1793.00,1777.00,1779.00,13121
5-Sep-13,1793.00,1799.00,1781.00,1796.00,10729
4-Sep-13,1799.00,1806.00,1784.00,1794.00,7677
3-Sep-13,1805.00,1805.00,1770.00,1771.00,12093
2-Sep-13,1801.00,1801.00,1770.00,1773.00,3020
30-Aug-13,1794.00,1794.00,1770.00,1773.75,913
29-Aug-13,1782.00,1797.00,1771.00,1773.00,6287
28-Aug-13,1789.00,1798.00,1769.00,1779.50,8084
27-Aug-13,1811.00,1811.00,1790.00,1799.00,6356
23-Aug-13,1805.00,1810.00,1800.00,1801.50,7992
22-Aug-13,1782.00,1809.00,1782.00,1800.00,5908
21-Aug-13,1787.00,1795.00,1785.00,1785.00,8435
20-Aug-13,1790.00,1807.00,1778.00,1778.00,6140
19-Aug-13,1822.00,1822.00,1780.00,1810.00,5103
16-Aug-13,1805.00,1811.00,1800.00,1808.25,3312
15-Aug-13,1830.00,1830.00,1801.00,1824.19,15581
14-Aug-13,1860.00,1860.00,1830.00,1848.00,10499
13-Aug-13,1850.00,1852.00,1843.00,1857.00,3131
12-Aug-13,1857.00,1857.00,1841.00,1848.11,2869
9-Aug-13,1849.00,1854.00,1841.00,1849.19,4117
8-Aug-13,1850.00,1850.00,1840.00,1848.00,8819
7-Aug-13,1859.00,1859.00,1830.00,1850.00,5838
6-Aug-13,1866.00,1866.00,1841.00,1852.00,3784
5-Aug-13,1867.00,1873.00,1854.00,1851.00,787
2-Aug-13,1860.00,1875.00,1849.00,1855.00,13406
1-Aug-13,1830.00,1865.00,1830.00,1859.00,3065
31-Jul-13,1846.00,1846.00,1830.00,1837.00,2972
30-Jul-13,1840.00,1840.00,1835.00,1840.00,4838
29-Jul-13,1850.00,1855.00,1837.00,1837.00,4633
26-Jul-13,1864.00,1881.00,1850.00,1855.00,4116
25-Jul-13,1865.00,1866.00,1855.00,1868.00,3961
24-Jul-13,1878.00,1878.00,1865.00,1881.40,10762
23-Jul-13,1881.00,1902.00,1870.00,1870.00,7642
22-Jul-13,1912.00,1912.00,1880.00,1887.00,3101
19-Jul-13,1880.00,1894.00,1880.00,1890.00,6126
18-Jul-13,1880.00,1906.00,1880.00,1894.00,4179
17-Jul-13,1901.00,1901.00,1880.00,1890.00,3044
16-Jul-13,1893.00,1906.00,1888.00,1894.00,3294
15-Jul-13,1916.00,1916.00,1888.00,1888.00,1211
12-Jul-13,1894.00,1921.03,1893.00,1893.00,751
11-Jul-13,1910.00,1915.76,1887.00,1887.00,7858
10-Jul-13,1920.00,1920.00,1890.00,1890.00,8063
9-Jul-13,1904.00,1942.55,1898.51,1935.00,17634
8-Jul-13,1874.00,1907.00,1874.00,1907.00,10706
5-Jul-13,1870.00,1891.00,1851.00,1874.00,10349
4-Jul-13,1803.00,1886.00,1803.00,1886.00,12738
3-Jul-13,1805.00,1825.00,1795.00,1822.00,16279
2-Jul-13,1816.00,1829.49,1806.00,1806.00,7503
1-Jul-13,1809.00,1825.49,1809.00,1816.00,5132
28-Jun-13,1817.00,1820.00,1800.00,1809.00,5525
27-Jun-13,1789.00,1817.00,1789.00,1817.00,9055
26-Jun-13,1796.00,1821.00,1786.00,1786.00,8181
25-Jun-13,1817.00,1825.32,1794.00,1794.00,11700
24-Jun-13,1846.00,1847.48,1808.00,1808.00,6505
21-Jun-13,1845.00,1850.00,1821.00,1845.00,30202
20-Jun-13,1820.00,1841.00,1815.00,1841.00,7294
19-Jun-13,1835.00,1855.00,1827.00,1855.00,14349
18-Jun-13,1843.00,1843.00,1835.00,1840.00,4981
17-Jun-13,1835.00,1835.00,1818.00,1826.00,2308
14-Jun-13,1824.00,1827.00,1816.00,1818.00,3436
13-Jun-13,1810.00,1818.00,1785.10,1818.00,14171
12-Jun-13,1802.55,1815.00,1796.51,1815.00,4008
11-Jun-13,1814.00,1815.14,1795.00,1802.00,9488
10-Jun-13,1825.00,1839.00,1815.00,1830.00,4986
7-Jun-13,1815.00,1827.52,1810.00,1821.00,7540
6-Jun-13,1847.00,1847.00,1806.00,1806.00,5422
5-Jun-13,1860.00,1860.89,1821.00,1821.00,13435
4-Jun-13,1873.00,1875.00,1846.00,1846.00,11043
3-Jun-13,1848.00,1865.00,1840.00,1864.00,7332
31-May-13,1876.00,1876.00,1850.94,1853.00,2630
30-May-13,1854.00,1875.00,1843.38,1875.00,3789
29-May-13,1903.00,1903.00,1840.00,1856.00,15970
28-May-13,1890.00,1898.70,1882.00,1890.00,8273
24-May-13,1884.00,1886.89,1864.00,1878.00,3636
23-May-13,1885.00,1891.50,1865.00,1873.00,10176
22-May-13,1918.00,1918.00,1888.00,1897.00,22718
21-May-13,1891.00,1904.00,1880.00,1904.00,5208
20-May-13,1890.00,1900.00,1879.31,1891.00,4631
17-May-13,1903.00,1904.00,1887.71,1896.00,11418
16-May-13,1889.00,1907.00,1887.00,1900.00,5400
15-May-13,1886.00,1899.00,1870.00,1885.00,7446
14-May-13,1895.00,1895.00,1865.00,1883.00,30119
13-May-13,1895.00,1895.00,1873.00,1890.00,2791
10-May-13,1887.00,1905.00,1871.75,1897.00,10269
9-May-13,1895.00,1903.00,1880.00,1900.00,13003
8-May-13,1860.00,1890.00,1860.00,1888.00,2755
7-May-13,1860.00,1863.40,1830.00,1844.00,14463
3-May-13,1828.00,1849.00,1828.00,1849.00,14641
2-May-13,1844.00,1845.11,1810.00,1824.00,20429
1-May-13,1840.00,1845.00,1825.00,1842.00,3263
30-Apr-13,1841.00,1852.96,1830.00,1838.00,3790
29-Apr-13,1830.00,1845.00,1830.00,1843.00,6817
26-Apr-13,1850.00,1859.00,1825.00,1833.00,23894
25-Apr-13,1849.00,1851.00,1836.51,1851.00,10834
24-Apr-13,1842.00,1849.00,1826.00,1845.00,24728
23-Apr-13,1829.00,1846.00,1829.00,1841.00,7058
22-Apr-13,1844.00,1852.00,1825.00,1832.00,8223
19-Apr-13,1844.00,1858.00,1823.48,1840.00,11033
18-Apr-13,1840.00,1840.00,1820.00,1826.00,9391
17-Apr-13,1847.00,1857.00,1828.00,1828.00,18830
16-Apr-13,1839.00,1847.00,1825.00,1832.00,17923
15-Apr-13,1846.00,1858.00,1827.32,1833.00,8124
12-Apr-13,1856.00,1862.00,1837.80,1846.00,9995
11-Apr-13,1830.00,1857.00,1830.00,1849.00,8738
10-Apr-13,1816.00,1836.00,1800.00,1830.00,4651
9-Apr-13,1788.00,1809.00,1786.00,1796.00,24684
8-Apr-13,1764.00,1784.00,1764.00,1780.00,15045
5-Apr-13,1813.00,1813.00,1764.00,1764.00,11278
4-Apr-13,1826.00,1838.00,1781.00,1783.00,13521
3-Apr-13,1833.00,1840.89,1815.00,1815.00,28213
2-Apr-13,1833.00,1851.00,1821.70,1829.00,12931
28-Mar-13,1845.00,1845.00,1820.00,1840.00,5701
27-Mar-13,1830.00,1845.00,1825.00,1825.00,11920
26-Mar-13,1845.00,1845.00,1825.00,1830.00,15132
25-Mar-13,1820.00,1835.00,1820.00,1825.00,16582
22-Mar-13,1820.00,1836.00,1811.70,1824.00,9565
21-Mar-13,1815.00,1832.10,1810.00,1820.00,8313
20-Mar-13,1818.11,1832.00,1813.00,1815.00,4232
19-Mar-13,1829.00,1835.00,1811.79,1815.00,1135
18-Mar-13,1815.00,1845.00,1806.00,1816.00,17590
15-Mar-13,1829.00,1835.00,1820.10,1830.00,24469
14-Mar-13,1849.00,1849.00,1824.00,1828.00,11504
13-Mar-13,1850.00,1850.00,1820.00,1825.00,50009
12-Mar-13,1830.00,1839.40,1816.11,1827.00,20595
11-Mar-13,1815.00,1820.00,1815.00,1820.00,5348
8-Mar-13,1818.00,1818.00,1808.11,1817.00,22505
7-Mar-13,1808.00,1815.12,1808.00,1810.00,4649
6-Mar-13,1820.00,1820.00,1809.00,1810.00,3597
5-Mar-13,1791.00,1812.00,1791.00,1797.00,7382
4-Mar-13,1810.00,1810.00,1790.00,1800.00,3070
1-Mar-13,1794.00,1808.00,1782.11,1808.00,13730
28-Feb-13,1780.00,1798.00,1775.51,1798.00,7859
27-Feb-13,1779.00,1791.00,1775.00,1782.00,9508
26-Feb-13,1783.00,1784.89,1761.00,1761.00,6594
25-Feb-13,1779.00,1798.00,1776.00,1798.00,2090
22-Feb-13,1778.00,1790.00,1774.00,1781.00,10195
21-Feb-13,1791.00,1798.20,1771.80,1779.00,13588
20-Feb-13,1775.00,1801.40,1775.00,1795.00,32531
19-Feb-13,1768.00,1775.00,1753.11,1773.00,41095
18-Feb-13,1750.00,1764.50,1750.00,1751.00,3160
15-Feb-13,1766.00,1766.00,1742.00,1755.00,21622
14-Feb-13,1759.00,1762.00,1750.00,1751.00,11687
13-Feb-13,1755.00,1763.00,1740.85,1763.00,7141
12-Feb-13,1760.00,1760.00,1740.00,1753.00,4072
11-Feb-13,1763.00,1765.50,1742.00,1754.00,3455
8-Feb-13,1756.00,1765.00,1753.00,1762.00,5055
7-Feb-13,1741.00,1763.00,1741.00,1759.00,2862
6-Feb-13,1754.00,1764.00,1752.00,1759.00,1603
5-Feb-13,1738.00,1750.00,1728.00,1750.00,1526
4-Feb-13,1749.00,1749.00,1730.00,1740.00,5064
1-Feb-13,1724.00,1743.58,1717.00,1741.00,7874
31-Jan-13,1714.00,1726.00,1710.00,1721.00,4559
30-Jan-13,1755.00,1755.00,1720.00,1729.00,15398
29-Jan-13,1745.00,1758.00,1738.50,1758.00,2315
28-Jan-13,1746.00,1750.00,1731.00,1750.00,13602
25-Jan-13,1737.00,1749.00,1736.00,1744.00,9773
24-Jan-13,1725.00,1739.49,1700.00,1727.00,5162
23-Jan-13,1710.00,1723.45,1707.00,1710.00,18355
22-Jan-13,1717.00,1719.50,1705.00,1705.00,2167
21-Jan-13,1715.00,1732.35,1715.00,1722.00,4335
18-Jan-13,1695.00,1718.00,1688.00,1718.00,25618
17-Jan-13,1685.00,1687.00,1679.04,1685.00,3950
16-Jan-13,1690.00,1702.80,1679.00,1690.00,4091
15-Jan-13,1690.00,1700.00,1684.11,1690.00,4872
14-Jan-13,1689.00,1700.20,1671.00,1683.00,13677
11-Jan-13,1677.00,1689.76,1666.11,1675.00,7061
10-Jan-13,1665.00,1678.00,1665.00,1678.00,3871
9-Jan-13,1665.00,1679.00,1665.00,1666.00,2836
8-Jan-13,1659.00,1670.00,1654.50,1670.00,3660
7-Jan-13,1636.00,1666.00,1623.00,1666.00,5542
4-Jan-13,1620.00,1630.00,1615.00,1625.00,7151
3-Jan-13,1619.00,1640.00,1619.00,1623.00,7854
2-Jan-13,1551.00,1624.00,1545.70,1607.00,12554
