31-Dec-15,1224.00,1224.00,1208.00,1208.00,381808
30-Dec-15,1226.00,1230.00,1217.00,1219.00,808316
29-Dec-15,1233.00,1236.00,1218.00,1230.00,1005474
24-Dec-15,1219.00,1223.00,1214.00,1223.00,67277
23-Dec-15,1198.00,1223.00,1196.70,1212.00,1127743
22-Dec-15,1181.00,1193.00,1174.00,1190.00,1089095
21-Dec-15,1181.00,1194.00,1175.00,1176.00,1077582
18-Dec-15,1204.00,1205.00,1183.00,1183.00,2244058
16-Dec-15,1149.00,1178.00,1146.00,1173.00,1399610
15-Dec-15,1154.00,1158.00,1138.00,1146.00,2226964
14-Dec-15,1158.00,1171.00,1145.00,1145.00,1646776
11-Dec-15,1183.00,1200.00,1154.00,1154.00,2283303
10-Dec-15,1176.00,1203.00,1162.00,1183.00,1354573
9-Dec-15,1220.00,1221.74,1178.00,1178.00,2163232
8-Dec-15,1232.00,1244.00,1214.00,1214.00,1355706
7-Dec-15,1250.00,1263.00,1230.00,1230.00,1328352
4-Dec-15,1235.00,1244.00,1230.00,1240.00,1122915
3-Dec-15,1270.00,1286.00,1239.00,1239.00,1364589
2-Dec-15,1285.00,1291.00,1276.00,1276.00,948429
1-Dec-15,1277.00,1288.00,1273.00,1283.00,717050
30-Nov-15,1268.00,1276.00,1263.00,1272.00,1270949
27-Nov-15,1261.00,1274.00,1261.00,1267.00,510504
26-Nov-15,1259.00,1274.00,1256.00,1267.00,615131
25-Nov-15,1233.00,1269.00,1230.52,1255.00,1102220
24-Nov-15,1243.00,1247.00,1223.00,1228.00,751721
23-Nov-15,1241.00,1252.00,1241.00,1244.00,614687
20-Nov-15,1249.00,1255.00,1238.00,1251.00,992981
19-Nov-15,1243.00,1254.00,1242.00,1251.00,947422
18-Nov-15,1235.00,1238.00,1225.00,1237.00,851000
17-Nov-15,1216.00,1236.00,1216.00,1236.00,1011853
16-Nov-15,1188.00,1203.00,1187.00,1200.00,1212625
13-Nov-15,1217.00,1220.00,1195.00,1198.00,1308879
12-Nov-15,1254.00,1258.00,1218.00,1219.00,1259457
11-Nov-15,1252.00,1266.00,1249.00,1254.00,624981
10-Nov-15,1267.00,1268.00,1245.00,1248.00,944087
9-Nov-15,1275.00,1278.00,1265.00,1265.00,767154
6-Nov-15,1296.00,1297.00,1264.00,1275.00,1709478
5-Nov-15,1290.00,1306.00,1282.00,1296.00,1113208
4-Nov-15,1281.00,1293.00,1281.00,1292.00,700336
3-Nov-15,1284.00,1286.00,1276.00,1282.00,619259
2-Nov-15,1271.00,1287.00,1271.00,1284.00,539195
30-Oct-15,1280.00,1285.00,1268.00,1275.00,886427
29-Oct-15,1273.00,1279.00,1268.72,1276.00,1126278
28-Oct-15,1255.00,1278.00,1255.00,1272.00,748636
27-Oct-15,1266.00,1266.00,1253.00,1261.00,834673
26-Oct-15,1269.00,1274.00,1264.00,1267.00,657672
23-Oct-15,1260.00,1275.00,1258.00,1275.00,940827
22-Oct-15,1249.00,1258.00,1245.00,1254.00,655128
21-Oct-15,1266.00,1270.00,1257.50,1261.00,591267
20-Oct-15,1265.00,1270.00,1257.65,1261.00,723131
19-Oct-15,1258.00,1268.00,1258.00,1261.00,611587
16-Oct-15,1251.00,1270.00,1250.00,1264.00,1357463
15-Oct-15,1233.00,1241.00,1226.00,1238.00,829419
14-Oct-15,1251.00,1260.00,1231.00,1231.00,816876
13-Oct-15,1254.00,1260.00,1250.00,1254.00,780084
12-Oct-15,1249.00,1260.20,1248.00,1255.00,648451
9-Oct-15,1252.00,1260.00,1247.00,1251.00,608621
8-Oct-15,1234.00,1252.00,1234.00,1245.00,740708
7-Oct-15,1254.00,1262.00,1234.00,1235.00,1478058
6-Oct-15,1250.00,1254.00,1244.00,1251.00,825160
5-Oct-15,1233.00,1248.00,1223.00,1248.00,1325493
2-Oct-15,1215.00,1224.00,1198.00,1213.00,969053
1-Oct-15,1214.00,1220.00,1202.00,1211.00,911706
30-Sep-15,1209.00,1209.00,1192.00,1198.00,1518309
29-Sep-15,1197.00,1202.00,1190.00,1190.00,1339871
28-Sep-15,1207.00,1217.00,1204.00,1211.00,944568
25-Sep-15,1212.00,1217.00,1204.00,1212.00,974709
24-Sep-15,1191.00,1203.00,1189.00,1197.00,1446534
23-Sep-15,1174.00,1200.00,1174.00,1193.00,906091
22-Sep-15,1195.00,1195.00,1169.35,1174.00,1226774
21-Sep-15,1188.00,1204.00,1186.00,1190.00,705741
18-Sep-15,1202.00,1202.25,1186.00,1193.00,1452248
17-Sep-15,1210.00,1212.00,1195.00,1202.00,745112
16-Sep-15,1206.00,1214.00,1203.00,1211.00,718695
15-Sep-15,1201.00,1211.00,1185.00,1202.00,994169
14-Sep-15,1225.00,1225.00,1197.00,1198.00,885115
11-Sep-15,1230.00,1235.00,1214.00,1218.00,715777
10-Sep-15,1223.00,1234.30,1219.80,1226.00,861834
9-Sep-15,1238.00,1246.00,1229.00,1232.00,734898
8-Sep-15,1214.00,1235.28,1214.00,1220.00,985682
7-Sep-15,1205.00,1211.00,1197.00,1208.00,774438
4-Sep-15,1223.00,1226.55,1195.00,1196.00,1285444
3-Sep-15,1235.00,1246.00,1228.00,1236.00,1025489
2-Sep-15,1203.00,1229.50,1202.00,1225.00,1979014
1-Sep-15,1222.00,1231.00,1193.00,1196.00,1891383
28-Aug-15,1231.00,1236.00,1217.00,1236.00,1161375
27-Aug-15,1236.00,1238.00,1220.00,1233.00,1111690
26-Aug-15,1195.00,1230.00,1187.00,1211.00,1720364
25-Aug-15,1192.00,1210.17,1190.00,1206.00,1834646
24-Aug-15,1202.00,1210.65,1161.00,1179.00,2345966
21-Aug-15,1245.00,1256.00,1231.00,1231.00,1174082
20-Aug-15,1271.00,1276.12,1255.00,1256.00,961680
19-Aug-15,1294.00,1297.00,1280.00,1280.00,1145127
18-Aug-15,1298.00,1300.00,1290.00,1295.00,586362
17-Aug-15,1294.00,1303.00,1286.00,1300.00,745133
14-Aug-15,1289.00,1290.00,1281.45,1287.00,566679
13-Aug-15,1293.00,1298.00,1281.00,1284.00,777923
12-Aug-15,1280.00,1285.00,1265.00,1279.00,1161984
11-Aug-15,1295.00,1301.00,1286.00,1288.00,905487
10-Aug-15,1301.00,1304.00,1286.00,1300.00,895054
7-Aug-15,1303.00,1304.00,1291.00,1294.00,1308508
6-Aug-15,1311.00,1315.00,1301.00,1308.00,1019406
5-Aug-15,1314.00,1317.00,1296.00,1317.00,1490689
4-Aug-15,1301.00,1312.00,1290.00,1312.00,1268449
3-Aug-15,1299.00,1313.00,1293.00,1298.00,1053255
31-Jul-15,1285.00,1304.00,1280.00,1304.00,1223702
30-Jul-15,1271.00,1284.00,1271.00,1279.00,1537098
29-Jul-15,1260.00,1275.00,1253.00,1271.00,1924672
28-Jul-15,1278.00,1287.00,1276.00,1286.00,1099704
27-Jul-15,1291.00,1295.00,1275.00,1276.00,940905
24-Jul-15,1298.00,1310.00,1291.00,1297.00,1209586
23-Jul-15,1304.00,1312.00,1300.00,1301.00,1001198
22-Jul-15,1300.00,1304.00,1286.00,1297.00,1326680
21-Jul-15,1329.00,1336.00,1315.00,1319.00,835129
20-Jul-15,1318.00,1333.00,1318.00,1326.00,801138
17-Jul-15,1323.00,1323.00,1310.00,1320.00,1309635
16-Jul-15,1303.00,1320.00,1301.00,1320.00,1031057
15-Jul-15,1296.00,1300.00,1289.00,1298.00,810865
14-Jul-15,1284.00,1298.00,1281.00,1295.00,865245
13-Jul-15,1285.00,1290.00,1276.00,1286.00,1495522
10-Jul-15,1287.00,1289.00,1272.00,1275.00,1208224
9-Jul-15,1251.00,1277.00,1248.00,1272.00,1494695
8-Jul-15,1258.00,1263.00,1252.00,1260.00,1867975
7-Jul-15,1257.00,1266.00,1252.00,1252.00,1852974
6-Jul-15,1259.00,1272.00,1255.00,1256.00,1262530
3-Jul-15,1260.00,1274.00,1258.00,1268.00,1327565
2-Jul-15,1254.00,1265.00,1254.00,1262.00,1053735
1-Jul-15,1244.00,1257.00,1243.00,1257.00,1501644
30-Jun-15,1242.00,1245.00,1231.00,1238.00,1848663
29-Jun-15,1224.00,1258.00,1223.00,1247.00,1354923
26-Jun-15,1263.00,1263.00,1253.00,1260.00,889104
25-Jun-15,1260.00,1273.00,1258.72,1266.00,1076550
24-Jun-15,1265.00,1270.00,1255.00,1261.00,1056957
23-Jun-15,1266.00,1269.00,1259.00,1267.00,1441897
22-Jun-15,1250.00,1265.00,1244.00,1262.00,2492223
19-Jun-15,1220.00,1237.00,1220.00,1232.00,2319902
18-Jun-15,1203.00,1220.00,1194.36,1218.00,1070168
17-Jun-15,1217.00,1217.00,1203.00,1209.00,939181
16-Jun-15,1205.00,1218.65,1192.00,1213.00,1473800
15-Jun-15,1212.00,1212.00,1206.00,1206.00,718719
12-Jun-15,1230.00,1230.00,1216.00,1217.00,933013
11-Jun-15,1223.00,1236.00,1223.00,1231.00,1534475
10-Jun-15,1219.00,1231.00,1213.00,1226.00,2489306
9-Jun-15,1226.00,1227.00,1216.00,1221.00,1310923
8-Jun-15,1222.00,1226.00,1210.00,1225.00,1914913
5-Jun-15,1229.00,1229.00,1215.00,1224.00,1085046
4-Jun-15,1238.00,1240.30,1230.00,1234.00,1450927
3-Jun-15,1238.00,1245.00,1235.00,1241.00,1694387
2-Jun-15,1258.00,1258.24,1233.00,1241.00,1744421
1-Jun-15,1258.00,1261.00,1249.00,1250.00,1209422
29-May-15,1265.00,1266.00,1250.00,1252.00,1758064
28-May-15,1275.00,1280.00,1256.00,1262.00,2216723
27-May-15,1267.00,1283.00,1266.00,1280.00,1744360
26-May-15,1282.00,1282.00,1261.00,1265.00,1246119
22-May-15,1277.00,1285.00,1275.00,1276.00,1250394
21-May-15,1270.00,1280.50,1268.00,1280.00,1079000
20-May-15,1274.00,1284.00,1266.50,1269.00,1595231
19-May-15,1266.00,1275.25,1263.00,1270.00,1545559
18-May-15,1268.00,1272.50,1257.00,1263.00,1503169
15-May-15,1261.00,1268.00,1256.00,1263.00,1301236
14-May-15,1271.00,1276.00,1253.00,1257.00,1784154
13-May-15,1261.00,1284.00,1254.00,1272.00,2416313
12-May-15,1243.00,1255.00,1223.00,1250.00,3232591
11-May-15,1235.00,1247.00,1232.00,1246.00,1960562
8-May-15,1203.00,1265.00,1202.00,1238.00,4335361
7-May-15,1171.00,1171.00,1140.00,1160.00,1940765
6-May-15,1156.00,1178.00,1156.00,1173.00,2224950
5-May-15,1173.00,1189.00,1160.00,1160.00,2788318
1-May-15,1148.00,1168.00,1127.00,1165.00,1466589
30-Apr-15,1119.00,1146.00,1115.00,1144.00,3203310
29-Apr-15,1130.00,1141.00,1119.00,1119.00,1365526
28-Apr-15,1136.00,1138.00,1123.00,1129.00,1535571
27-Apr-15,1134.00,1140.00,1123.00,1136.00,1662453
24-Apr-15,1130.00,1141.00,1130.00,1134.00,1189011
23-Apr-15,1122.00,1132.00,1121.00,1132.00,1639685
22-Apr-15,1122.00,1124.00,1112.00,1123.00,1753071
21-Apr-15,1110.00,1125.00,1105.80,1116.00,1046012
20-Apr-15,1127.00,1131.00,1103.00,1107.00,1422085
17-Apr-15,1125.00,1137.00,1114.00,1121.00,1287237
16-Apr-15,1139.00,1144.00,1120.00,1128.00,1519658
15-Apr-15,1157.00,1165.00,1151.00,1152.00,1084654
14-Apr-15,1149.00,1169.00,1148.75,1159.00,2276746
13-Apr-15,1142.00,1148.50,1136.00,1147.00,1087616
10-Apr-15,1136.00,1142.00,1135.00,1141.00,1034264
9-Apr-15,1136.00,1141.00,1130.00,1135.00,906459
8-Apr-15,1132.00,1140.00,1128.00,1130.00,1192096
7-Apr-15,1120.00,1145.00,1119.00,1133.00,1575526
2-Apr-15,1111.00,1117.00,1103.00,1115.00,1371357
1-Apr-15,1116.00,1120.00,1106.00,1115.00,1971169
31-Mar-15,1124.00,1134.00,1106.00,1116.00,2430361
30-Mar-15,1150.00,1154.00,1118.00,1123.00,2160218
27-Mar-15,1163.00,1168.00,1135.00,1141.00,1663480
26-Mar-15,1172.00,1174.00,1156.00,1164.00,963396
25-Mar-15,1203.00,1203.00,1178.00,1180.00,1035996
24-Mar-15,1190.00,1205.00,1185.00,1202.00,1354336
23-Mar-15,1192.00,1194.00,1184.00,1190.00,825688
20-Mar-15,1189.00,1191.00,1180.00,1191.00,2268286
19-Mar-15,1188.00,1199.00,1184.00,1185.00,1237145
18-Mar-15,1177.00,1185.00,1174.66,1183.00,1327698
17-Mar-15,1173.00,1184.00,1164.00,1180.00,1103239
16-Mar-15,1178.00,1179.00,1168.25,1172.00,1147397
13-Mar-15,1172.00,1180.00,1164.00,1173.00,1068921
12-Mar-15,1177.00,1189.12,1166.00,1169.00,1626289
11-Mar-15,1159.00,1177.00,1153.00,1172.00,1284140
10-Mar-15,1177.00,1183.00,1153.00,1154.00,1980281
9-Mar-15,1206.00,1206.20,1187.00,1192.00,1164014
6-Mar-15,1207.00,1213.00,1203.00,1209.00,1182867
5-Mar-15,1191.00,1213.00,1190.00,1211.00,1329612
4-Mar-15,1198.00,1203.00,1180.00,1191.00,1118718
3-Mar-15,1211.00,1236.00,1195.00,1197.00,2005742
2-Mar-15,1189.00,1214.00,1189.00,1207.00,2133661
27-Feb-15,1165.00,1194.00,1153.00,1188.00,3434275
26-Feb-15,1220.00,1226.00,1128.00,1181.00,5106567
25-Feb-15,1187.00,1199.00,1176.00,1196.00,1907590
24-Feb-15,1180.00,1190.00,1179.00,1187.00,1691227
23-Feb-15,1178.00,1183.00,1172.25,1181.00,1048110
20-Feb-15,1161.00,1175.18,1159.00,1171.00,1222222
19-Feb-15,1157.00,1168.00,1150.00,1161.00,1159555
18-Feb-15,1143.00,1155.10,1141.00,1155.00,1450727
17-Feb-15,1134.00,1142.00,1129.00,1139.00,1902073
16-Feb-15,1154.00,1155.00,1135.00,1135.00,1927652
13-Feb-15,1159.00,1168.00,1155.00,1158.00,865667
12-Feb-15,1152.00,1161.00,1148.00,1154.00,1542980
11-Feb-15,1155.00,1161.00,1139.00,1154.00,1970816
10-Feb-15,1153.00,1165.00,1146.00,1157.00,1585380
9-Feb-15,1156.00,1156.50,1135.00,1155.00,1284821
6-Feb-15,1143.00,1174.00,1140.00,1158.00,1755631
5-Feb-15,1123.00,1148.00,1117.00,1143.00,1233660
4-Feb-15,1122.00,1127.00,1114.00,1125.00,1080369
3-Feb-15,1096.00,1132.00,1075.00,1120.00,3100364
2-Feb-15,1117.00,1124.00,1108.00,1115.00,1186912
30-Jan-15,1117.00,1130.00,1108.00,1118.00,1432918
29-Jan-15,1113.00,1118.00,1094.00,1114.00,1280548
28-Jan-15,1096.00,1119.00,1096.00,1118.00,1541194
27-Jan-15,1094.00,1102.00,1085.00,1093.00,1119866
26-Jan-15,1084.00,1097.00,1080.00,1097.00,1335924
23-Jan-15,1104.00,1107.00,1078.00,1082.00,1740882
22-Jan-15,1101.00,1107.00,1094.00,1106.00,1573705
21-Jan-15,1092.00,1105.00,1080.00,1105.00,1495653
20-Jan-15,1095.00,1095.00,1081.00,1095.00,1438317
19-Jan-15,1069.00,1093.00,1069.00,1092.00,822255
16-Jan-15,1044.00,1074.00,1044.00,1071.00,1370973
15-Jan-15,1050.00,1055.00,1032.00,1052.00,1884136
14-Jan-15,1065.00,1076.00,1041.00,1045.00,1598114
13-Jan-15,1066.00,1078.00,1063.00,1076.00,1061446
12-Jan-15,1077.00,1084.00,1066.00,1072.00,839215
9-Jan-15,1086.00,1098.00,1072.00,1077.00,889085
8-Jan-15,1075.00,1093.00,1071.00,1090.00,981695
7-Jan-15,1066.00,1072.00,1060.00,1069.00,1249842
6-Jan-15,1065.00,1070.00,1051.69,1060.00,1197050
5-Jan-15,1080.00,1093.00,1065.00,1068.00,1134656
31-Dec-14,1081.00,1086.00,1078.00,1081.00,287346
30-Dec-14,1083.00,1088.00,1072.00,1076.00,637725
29-Dec-14,1086.00,1097.00,1083.00,1088.00,618112
24-Dec-14,1094.00,1094.00,1083.00,1088.00,131915
23-Dec-14,1096.00,1106.00,1087.00,1095.00,657999
22-Dec-14,1085.00,1096.00,1082.75,1092.00,924856
19-Dec-14,1091.00,1094.00,1073.00,1076.00,2205383
18-Dec-14,1062.00,1088.00,1060.00,1087.00,1526766
17-Dec-14,1052.00,1055.00,1037.00,1054.00,2182196
16-Dec-14,1002.00,1067.00,1002.00,1065.00,3432132
15-Dec-14,1005.00,1012.00,1000.50,1002.00,2288772
12-Dec-14,1027.00,1027.00,1006.00,1009.00,1095139
11-Dec-14,1037.00,1039.00,1008.00,1029.00,1866402
10-Dec-14,1044.00,1054.00,1033.50,1038.00,1449956
9-Dec-14,1055.00,1055.00,1032.00,1032.00,1202595
8-Dec-14,1053.00,1061.00,1048.00,1057.00,836176
5-Dec-14,1047.00,1057.00,1029.00,1055.00,1101364
4-Dec-14,1051.00,1054.00,1039.00,1047.00,1780123
3-Dec-14,1067.00,1068.56,1049.00,1051.00,915806
2-Dec-14,1058.00,1076.00,1056.00,1068.00,849039
1-Dec-14,1069.00,1079.00,1051.75,1055.00,849988
28-Nov-14,1067.00,1078.00,1062.00,1070.00,1332356
27-Nov-14,1062.00,1070.00,1058.00,1067.00,1061499
26-Nov-14,1070.00,1074.00,1060.25,1061.00,1052665
25-Nov-14,1061.00,1069.00,1057.00,1069.00,1374296
24-Nov-14,1062.00,1066.00,1052.00,1061.00,1041386
21-Nov-14,1058.00,1067.00,1053.00,1062.00,1224819
20-Nov-14,1058.00,1065.00,1053.00,1057.00,1577168
19-Nov-14,1063.00,1064.42,1044.00,1054.00,1388526
18-Nov-14,1056.00,1067.00,1055.00,1065.00,1332331
17-Nov-14,1061.00,1067.00,1049.00,1057.00,1573756
14-Nov-14,1060.00,1066.00,1056.57,1066.00,1500353
13-Nov-14,1040.00,1070.00,1030.00,1055.00,2285632
12-Nov-14,1095.00,1097.00,1034.25,1048.00,5483402
11-Nov-14,1112.00,1130.00,1110.00,1121.00,1887638
10-Nov-14,1100.00,1112.00,1075.50,1111.00,1890563
7-Nov-14,1080.00,1110.00,1080.00,1103.00,2309418
6-Nov-14,1075.00,1083.00,1068.00,1076.00,1806947
5-Nov-14,1081.00,1083.00,1067.00,1080.00,1768269
4-Nov-14,1077.00,1087.00,1075.00,1080.00,1134409
3-Nov-14,1098.00,1102.00,1077.00,1079.00,1524436
31-Oct-14,1108.00,1109.00,1091.00,1097.00,1628287
30-Oct-14,1084.00,1101.00,1064.00,1101.00,2542728
29-Oct-14,1163.00,1170.00,1076.00,1082.00,5078351
28-Oct-14,1159.00,1168.00,1155.00,1157.00,765332
27-Oct-14,1157.00,1159.00,1147.00,1153.00,951376
24-Oct-14,1149.00,1155.00,1144.00,1149.00,1185767
23-Oct-14,1150.00,1156.00,1137.00,1149.00,1325331
22-Oct-14,1137.00,1156.00,1136.00,1154.00,1267550
21-Oct-14,1120.00,1136.00,1115.00,1133.00,1107813
20-Oct-14,1124.00,1130.00,1114.00,1124.00,1031466
17-Oct-14,1099.00,1128.00,1095.00,1127.00,1743712
16-Oct-14,1118.00,1126.00,1079.50,1100.00,3159807
15-Oct-14,1145.00,1152.00,1114.00,1114.00,1634282
14-Oct-14,1123.00,1144.25,1122.00,1142.00,1186468
13-Oct-14,1126.00,1137.00,1122.00,1134.00,926030
10-Oct-14,1142.00,1142.49,1118.00,1135.00,2022953
9-Oct-14,1152.00,1160.00,1147.00,1151.00,1358360
8-Oct-14,1136.00,1151.00,1118.20,1145.00,1459144
7-Oct-14,1155.00,1159.00,1137.00,1138.00,1091194
6-Oct-14,1170.00,1173.33,1157.00,1160.00,838084
3-Oct-14,1156.00,1168.00,1155.00,1165.00,682509
2-Oct-14,1164.00,1167.00,1150.00,1152.00,1111075
1-Oct-14,1161.00,1177.00,1161.00,1165.00,1172646
30-Sep-14,1171.00,1174.59,1158.00,1164.00,1469087
29-Sep-14,1151.00,1173.00,1150.00,1169.00,1506092
26-Sep-14,1151.00,1156.00,1137.00,1153.00,931406
25-Sep-14,1138.00,1160.00,1138.00,1150.00,1244832
24-Sep-14,1148.00,1148.00,1138.00,1140.00,1257485
23-Sep-14,1173.00,1173.00,1144.00,1148.00,1197452
22-Sep-14,1175.00,1175.20,1165.00,1171.00,728145
19-Sep-14,1177.00,1191.00,1174.00,1178.00,2039746
18-Sep-14,1167.00,1170.00,1157.00,1168.00,743452
17-Sep-14,1168.00,1178.00,1167.00,1167.00,713455
16-Sep-14,1169.00,1171.00,1156.00,1162.00,664033
15-Sep-14,1178.00,1179.00,1169.00,1172.00,569105
12-Sep-14,1180.00,1185.00,1179.00,1182.00,788629
11-Sep-14,1184.00,1185.00,1170.00,1177.00,612851
10-Sep-14,1177.00,1181.00,1165.00,1178.00,835288
9-Sep-14,1189.00,1196.00,1175.00,1176.00,917696
8-Sep-14,1188.00,1195.00,1179.00,1192.00,827246
5-Sep-14,1209.00,1215.31,1188.24,1190.00,1376416
4-Sep-14,1233.00,1233.00,1213.00,1217.00,975963
3-Sep-14,1222.00,1239.00,1222.00,1232.00,800637
2-Sep-14,1230.00,1230.00,1216.00,1220.00,873485
1-Sep-14,1221.00,1227.00,1219.00,1224.00,550445
29-Aug-14,1219.00,1227.00,1214.00,1227.00,1159072
28-Aug-14,1210.00,1224.00,1207.00,1217.00,794105
27-Aug-14,1217.00,1221.69,1213.00,1214.00,564282
26-Aug-14,1217.00,1228.00,1212.00,1227.00,787846
22-Aug-14,1216.00,1216.34,1202.00,1211.00,888175
21-Aug-14,1216.00,1222.00,1213.00,1217.00,661144
20-Aug-14,1216.00,1220.00,1212.00,1214.00,1195852
19-Aug-14,1219.00,1222.00,1215.00,1218.00,539403
18-Aug-14,1199.00,1213.00,1199.00,1212.00,590625
15-Aug-14,1196.00,1203.00,1191.00,1192.00,1307953
14-Aug-14,1187.00,1196.00,1184.00,1194.00,759185
13-Aug-14,1181.00,1193.00,1174.90,1190.00,714898
12-Aug-14,1177.00,1179.00,1171.00,1178.00,779964
11-Aug-14,1174.00,1184.00,1170.00,1179.00,701866
8-Aug-14,1158.00,1170.00,1153.00,1167.00,1029641
7-Aug-14,1158.00,1184.00,1154.00,1168.00,1332973
6-Aug-14,1165.00,1167.00,1154.00,1161.00,950958
5-Aug-14,1171.00,1179.00,1166.00,1169.00,793779
4-Aug-14,1183.00,1186.00,1156.00,1170.00,1199335
1-Aug-14,1196.00,1197.00,1158.00,1180.00,2023012
31-Jul-14,1228.00,1233.00,1194.00,1202.00,2086269
30-Jul-14,1216.00,1248.00,1212.00,1235.00,2844614
29-Jul-14,1218.00,1224.00,1211.00,1215.00,724522
28-Jul-14,1216.00,1223.00,1209.00,1215.00,1246118
25-Jul-14,1203.00,1216.00,1200.00,1211.00,928601
24-Jul-14,1225.00,1231.00,1204.00,1208.00,883831
23-Jul-14,1161.00,1212.00,1154.00,1210.00,2198466
22-Jul-14,1148.00,1157.00,1143.00,1155.00,972182
21-Jul-14,1152.00,1152.00,1136.00,1146.00,799954
18-Jul-14,1131.00,1152.00,1123.00,1151.00,1454377
17-Jul-14,1143.00,1148.00,1126.00,1133.00,1245168
16-Jul-14,1131.00,1156.00,1131.00,1148.00,1362786
15-Jul-14,1124.00,1134.00,1122.00,1129.00,1064173
14-Jul-14,1121.00,1130.00,1120.00,1128.00,539571
11-Jul-14,1118.00,1123.00,1114.00,1120.00,818708
10-Jul-14,1131.00,1135.00,1108.00,1115.00,1013006
9-Jul-14,1134.00,1135.84,1123.00,1132.00,818408
8-Jul-14,1162.00,1162.00,1131.00,1132.00,1264574
7-Jul-14,1165.00,1165.00,1158.00,1161.00,1096989
4-Jul-14,1166.00,1167.00,1160.00,1165.00,634649
3-Jul-14,1165.00,1167.00,1161.00,1163.00,789445
2-Jul-14,1162.00,1171.00,1160.00,1167.00,923266
1-Jul-14,1145.00,1160.00,1143.00,1160.00,961541
30-Jun-14,1136.00,1148.00,1133.00,1145.00,1166253
27-Jun-14,1142.00,1142.00,1129.00,1137.00,761469
26-Jun-14,1142.00,1143.00,1124.00,1138.00,836403
25-Jun-14,1141.00,1142.00,1132.47,1137.00,890193
24-Jun-14,1153.00,1153.00,1130.00,1139.00,1068676
23-Jun-14,1163.00,1165.00,1151.00,1153.00,951561
20-Jun-14,1162.00,1168.00,1161.16,1166.00,1509388
19-Jun-14,1159.00,1166.00,1156.00,1165.00,1446053
18-Jun-14,1144.00,1153.00,1141.00,1151.00,1082479
17-Jun-14,1128.00,1145.00,1128.00,1143.00,1100930
16-Jun-14,1128.00,1132.00,1122.00,1130.00,795917
13-Jun-14,1140.00,1141.00,1125.00,1129.00,1046071
12-Jun-14,1134.00,1146.00,1129.00,1144.00,915488
11-Jun-14,1141.00,1145.00,1124.00,1133.00,1024187
10-Jun-14,1145.00,1145.00,1134.00,1141.00,702808
9-Jun-14,1138.00,1152.00,1132.00,1143.00,1018590
6-Jun-14,1123.00,1147.00,1123.00,1130.00,993781
5-Jun-14,1121.00,1125.00,1115.00,1123.94,1214305
4-Jun-14,1112.00,1122.00,1105.00,1120.94,912505
3-Jun-14,1106.00,1115.00,1103.00,1114.94,854854
2-Jun-14,1112.00,1115.00,1105.00,1107.94,619320
30-May-14,1099.00,1108.00,1096.26,1106.94,1700902
29-May-14,1105.00,1105.00,1096.00,1100.00,499465
28-May-14,1098.00,1103.00,1090.00,1102.94,707672
27-May-14,1092.00,1103.00,1091.26,1096.00,759190
23-May-14,1093.00,1097.00,1090.00,1091.00,586293
22-May-14,1082.00,1093.00,1078.00,1090.95,679300
21-May-14,1077.00,1081.00,1072.00,1080.95,842593
20-May-14,1069.00,1078.00,1067.00,1076.95,687058
19-May-14,1074.00,1083.00,1068.00,1070.95,1255785
16-May-14,1103.00,1105.00,1068.00,1073.95,1627556
15-May-14,1124.00,1124.00,1100.00,1102.94,716449
14-May-14,1122.00,1123.00,1116.00,1123.00,532326
13-May-14,1127.00,1127.00,1109.00,1119.00,1136053
12-May-14,1102.00,1119.00,1096.00,1117.00,978412
9-May-14,1101.00,1103.00,1092.00,1102.00,805959
8-May-14,1101.00,1105.00,1092.00,1101.00,1024292
7-May-14,1089.00,1099.00,1088.00,1099.00,1305621
6-May-14,1099.00,1105.00,1088.00,1092.00,894680
2-May-14,1089.00,1095.00,1083.00,1094.00,1474273
1-May-14,1088.00,1088.00,1075.00,1086.00,322160
30-Apr-14,1056.00,1086.00,1056.00,1085.00,1984363
29-Apr-14,1061.00,1070.00,1048.00,1055.00,1329830
28-Apr-14,1080.00,1082.00,1060.00,1062.00,900370
25-Apr-14,1081.00,1083.00,1075.00,1082.00,651550
24-Apr-14,1083.00,1085.85,1071.00,1083.00,913593
23-Apr-14,1081.00,1085.72,1078.00,1081.00,529976
22-Apr-14,1077.00,1084.00,1070.00,1083.00,828847
17-Apr-14,1068.00,1080.00,1063.00,1078.00,1065397
16-Apr-14,1055.00,1069.00,1044.00,1065.00,1050836
15-Apr-14,1080.00,1082.00,1063.00,1065.00,1082698
14-Apr-14,1085.00,1086.72,1072.00,1074.00,925565
11-Apr-14,1083.00,1090.64,1073.00,1088.00,1249863
10-Apr-14,1104.00,1114.00,1091.00,1092.00,1496877
9-Apr-14,1088.00,1104.00,1088.00,1097.00,1259096
8-Apr-14,1098.00,1101.00,1086.00,1087.00,1255201
7-Apr-14,1094.00,1105.00,1090.00,1100.00,1114935
4-Apr-14,1101.00,1110.00,1100.00,1103.00,1010525
3-Apr-14,1101.00,1105.00,1094.72,1100.00,813195
2-Apr-14,1105.00,1109.00,1098.00,1102.00,788265
1-Apr-14,1099.00,1106.00,1096.26,1103.24,1020441
31-Mar-14,1105.00,1108.00,1094.00,1096.00,1175396
28-Mar-14,1102.00,1103.00,1098.00,1102.00,789543
27-Mar-14,1103.00,1105.00,1093.00,1100.00,881329
26-Mar-14,1105.00,1108.00,1098.00,1101.00,1425339
25-Mar-14,1095.00,1112.00,1095.00,1103.00,1152652
24-Mar-14,1104.00,1107.28,1093.00,1096.00,951648
21-Mar-14,1106.00,1111.00,1094.00,1108.00,1868503
20-Mar-14,1105.00,1111.00,1095.00,1105.00,989365
19-Mar-14,1105.00,1116.00,1099.28,1111.00,950673
18-Mar-14,1103.00,1111.00,1098.00,1106.00,1191948
17-Mar-14,1111.00,1116.00,1102.00,1105.00,1197830
14-Mar-14,1107.00,1113.00,1099.00,1109.00,1113977
13-Mar-14,1122.00,1122.00,1109.00,1110.00,850417
12-Mar-14,1128.00,1131.00,1117.00,1118.00,959837
11-Mar-14,1125.00,1143.00,1123.00,1132.00,1248548
10-Mar-14,1134.00,1139.00,1125.00,1126.00,1296496
7-Mar-14,1133.00,1138.00,1121.00,1131.00,1044563
6-Mar-14,1141.00,1145.00,1124.00,1130.00,1310296
5-Mar-14,1146.00,1146.00,1130.00,1139.00,1281476
4-Mar-14,1120.00,1152.00,1120.00,1146.00,2405143
3-Mar-14,1130.00,1141.00,1111.00,1114.00,2561815
28-Feb-14,1160.00,1162.00,1133.00,1140.00,2154513
27-Feb-14,1120.00,1162.00,1111.00,1158.00,2949935
26-Feb-14,1092.00,1094.00,1085.00,1085.00,974980
25-Feb-14,1089.00,1095.00,1080.00,1090.00,2300509
24-Feb-14,1085.00,1090.00,1076.00,1089.00,1587935
21-Feb-14,1088.00,1091.00,1080.00,1085.00,1343694
20-Feb-14,1084.00,1086.00,1070.00,1082.00,984417
19-Feb-14,1071.00,1091.00,1071.00,1087.00,1564262
18-Feb-14,1066.00,1075.00,1059.00,1075.00,1367766
17-Feb-14,1049.00,1062.00,1049.00,1062.00,902055
14-Feb-14,1034.00,1050.00,1029.00,1050.00,1075138
13-Feb-14,1032.00,1034.00,1024.00,1033.00,1255257
12-Feb-14,1026.00,1032.00,1023.00,1030.00,985210
11-Feb-14,1016.00,1028.00,1014.00,1024.00,1711680
10-Feb-14,998.50,1015.00,997.50,1014.00,1631884
7-Feb-14,1003.00,1010.00,994.50,995.50,1550173
6-Feb-14,991.00,1001.00,985.50,1000.00,1057449
5-Feb-14,994.50,1005.00,987.50,989.00,1389368
4-Feb-14,990.50,1002.00,986.00,996.50,1424140
3-Feb-14,980.00,1003.00,979.50,992.00,1072624
31-Jan-14,998.00,998.00,968.50,983.50,2029300
30-Jan-14,1008.00,1010.00,988.50,1001.00,1901198
29-Jan-14,1025.00,1025.00,1003.00,1011.00,1002714
28-Jan-14,1013.00,1022.00,1007.00,1016.00,1171783
27-Jan-14,1023.00,1026.00,1008.00,1015.00,951684
24-Jan-14,1041.00,1045.00,1022.00,1026.00,799830
23-Jan-14,1060.00,1068.00,1034.00,1037.00,919264
22-Jan-14,1070.00,1074.00,1054.00,1059.00,608313
21-Jan-14,1053.00,1070.00,1053.00,1069.00,705768
20-Jan-14,1064.00,1069.00,1055.00,1056.00,449226
17-Jan-14,1051.00,1063.00,1051.00,1057.00,849113
16-Jan-14,1045.00,1051.00,1044.00,1050.00,511098
15-Jan-14,1045.00,1049.00,1042.00,1049.00,1063463
14-Jan-14,1033.00,1045.00,1028.00,1042.00,1049090
13-Jan-14,1043.00,1045.00,1036.00,1037.00,665678
10-Jan-14,1046.00,1049.00,1032.00,1043.00,1158900
9-Jan-14,1030.00,1038.00,1022.00,1022.00,660987
8-Jan-14,1039.00,1041.00,1029.00,1034.00,798167
7-Jan-14,1040.00,1044.00,1034.00,1037.00,599591
6-Jan-14,1036.00,1050.00,1028.00,1042.00,662603
3-Jan-14,1042.00,1051.00,1039.00,1039.00,444319
2-Jan-14,1042.00,1054.00,1034.00,1044.00,1281198
31-Dec-13,1034.00,1040.00,1034.00,1038.00,170519
30-Dec-13,1033.00,1033.00,1025.00,1029.00,361464
27-Dec-13,1030.00,1035.00,1024.00,1030.00,584531
24-Dec-13,1024.00,1031.00,1023.00,1025.00,100669
23-Dec-13,1017.00,1027.00,1010.00,1027.00,525266
20-Dec-13,1009.00,1016.00,1003.00,1013.00,976602
19-Dec-13,1000.00,1006.00,998.50,1005.00,770950
18-Dec-13,996.50,1001.00,991.50,993.00,665489
17-Dec-13,995.50,1000.00,992.00,993.00,589018
16-Dec-13,990.00,998.00,986.50,997.50,729371
13-Dec-13,984.50,1001.00,982.00,994.00,808520
12-Dec-13,992.50,992.50,977.00,984.00,970201
11-Dec-13,996.00,1006.00,994.00,995.00,607186
10-Dec-13,1005.00,1005.00,996.00,999.00,1046500
9-Dec-13,989.50,1006.00,987.00,1005.00,939358
6-Dec-13,981.50,990.00,976.00,990.00,708380
5-Dec-13,973.50,985.00,966.00,982.50,1067439
4-Dec-13,987.50,996.00,980.00,981.00,892063
3-Dec-13,998.00,1002.00,987.00,990.00,1071981
2-Dec-13,997.50,1004.00,993.00,1001.00,1048144
29-Nov-13,997.00,1000.00,992.00,997.00,816415
28-Nov-13,981.50,996.00,977.50,995.00,1007526
27-Nov-13,970.00,979.50,964.50,977.50,1039531
26-Nov-13,974.50,979.50,970.50,971.00,1286244
25-Nov-13,982.00,989.00,977.50,977.50,733053
22-Nov-13,983.00,989.50,970.50,977.50,1328147
21-Nov-13,981.50,985.50,972.50,983.50,1334011
20-Nov-13,981.00,988.00,978.50,979.00,852296
19-Nov-13,971.50,989.50,971.00,980.15,1149026
18-Nov-13,950.00,987.00,932.00,977.00,2223361
15-Nov-13,980.00,986.50,978.00,983.00,863049
14-Nov-13,975.50,984.00,970.00,980.00,793988
13-Nov-13,969.50,973.50,968.50,970.00,1183858
12-Nov-13,973.00,973.50,967.00,969.50,846952
11-Nov-13,974.00,979.00,970.50,972.00,863857
8-Nov-13,965.00,980.00,965.00,975.00,693662
7-Nov-13,975.00,980.50,968.00,973.00,1086818
6-Nov-13,984.50,986.50,973.50,977.50,789412
5-Nov-13,990.00,990.50,971.50,980.00,1085639
4-Nov-13,985.00,993.00,981.50,985.00,604622
1-Nov-13,983.50,997.00,972.50,985.50,1050416
31-Oct-13,980.00,992.50,971.00,986.00,1465626
30-Oct-13,992.50,996.50,983.00,987.00,1233466
29-Oct-13,970.50,990.50,970.50,988.50,803314
28-Oct-13,968.50,973.50,965.00,970.00,898561
25-Oct-13,970.00,974.00,962.00,966.50,835789
24-Oct-13,979.00,987.50,974.00,975.00,596496
23-Oct-13,976.50,988.00,-,979.00,636683
22-Oct-13,978.50,984.00,968.50,974.50,927168
21-Oct-13,963.50,982.50,962.00,981.00,668425
18-Oct-13,962.00,964.00,957.00,961.00,1203025
17-Oct-13,958.50,968.00,955.50,959.50,794062
16-Oct-13,964.50,968.50,950.00,963.50,1372783
15-Oct-13,1013.00,1013.00,946.00,970.50,2516903
14-Oct-13,1001.00,1009.00,999.50,1007.00,397888
11-Oct-13,996.50,1007.00,995.50,1005.00,447557
10-Oct-13,967.50,996.50,967.00,996.50,952031
9-Oct-13,987.00,989.00,965.00,967.50,1253916
8-Oct-13,1003.00,1012.00,988.00,990.50,961745
7-Oct-13,1001.00,1008.00,998.00,1003.00,894503
4-Oct-13,1007.00,1012.00,1002.00,1006.00,597215
3-Oct-13,1007.00,1018.00,1002.00,1011.00,711673
2-Oct-13,1010.00,1022.00,1002.00,1017.00,1083336
1-Oct-13,991.00,1015.00,991.00,1015.00,759478
30-Sep-13,980.50,998.50,980.50,996.00,949120
27-Sep-13,1000.00,1010.00,993.00,994.50,501264
26-Sep-13,999.00,1005.00,993.00,1001.00,480635
25-Sep-13,1006.00,1008.00,994.00,1002.00,655178
24-Sep-13,994.50,1011.00,991.00,1007.00,469373
20-Sep-13,1008.00,1018.00,1006.00,1007.00,1021529
19-Sep-13,1013.00,1021.00,1008.00,1011.00,547500
18-Sep-13,1010.00,1010.00,993.50,1003.00,507231
17-Sep-13,1020.00,1020.00,1007.00,1007.00,906758
16-Sep-13,1013.00,1023.00,1009.00,1014.00,819927
13-Sep-13,988.50,1003.00,988.50,1003.00,730275
12-Sep-13,995.50,998.00,985.50,988.50,806695
11-Sep-13,1006.00,1007.00,994.00,995.50,808831
10-Sep-13,990.50,1008.00,989.50,1006.00,646067
9-Sep-13,991.50,992.00,983.50,988.00,639971
6-Sep-13,982.50,990.50,976.00,989.50,599120
5-Sep-13,973.50,986.50,970.50,981.50,694901
4-Sep-13,971.00,972.50,961.50,971.00,626513
3-Sep-13,961.50,974.00,958.50,969.00,876509
2-Sep-13,959.00,966.00,959.00,961.50,766287
30-Aug-13,971.00,974.00,953.50,953.50,1422772
29-Aug-13,970.00,974.50,962.00,968.00,1339395
28-Aug-13,971.50,973.00,961.00,971.50,846247
27-Aug-13,989.00,993.00,971.50,971.50,970676
23-Aug-13,992.50,994.50,979.50,989.00,752737
22-Aug-13,986.00,1002.00,984.50,991.00,901678
21-Aug-13,994.50,999.00,984.00,988.50,1207749
20-Aug-13,988.00,997.00,980.00,997.00,1318348
19-Aug-13,982.00,992.00,977.00,989.50,724335
16-Aug-13,974.50,986.50,965.00,981.00,2479090
15-Aug-13,999.00,1003.00,971.00,974.50,941611
14-Aug-13,1003.00,1010.00,996.50,998.50,919192
13-Aug-13,1009.00,1017.00,998.00,1000.00,638670
12-Aug-13,1000.00,1012.00,999.00,1008.00,816070
9-Aug-13,1025.00,1026.00,1012.00,1017.00,857136
8-Aug-13,1028.00,1033.00,1016.00,1021.00,489701
7-Aug-13,1038.00,1039.00,1023.00,1028.00,722304
6-Aug-13,1035.00,1041.00,1033.00,1038.00,779800
5-Aug-13,1038.00,1048.00,1028.00,1034.00,769993
2-Aug-13,1042.00,1051.00,1039.00,1043.00,662622
1-Aug-13,1048.00,1059.00,1038.00,1041.00,1124805
31-Jul-13,1032.00,1053.00,1032.00,1043.00,1225755
30-Jul-13,1029.00,1040.00,1028.00,1038.00,874268
29-Jul-13,1022.00,1031.00,1014.00,1024.00,752742
26-Jul-13,1021.00,1036.00,997.00,1022.00,1395502
25-Jul-13,1034.00,1034.00,979.50,996.50,2541019
24-Jul-13,1059.00,1059.00,1034.00,1037.00,1166872
23-Jul-13,1060.00,1060.00,1050.00,1054.00,996528
22-Jul-13,1050.00,1059.00,1045.00,1057.00,671558
19-Jul-13,1044.00,1058.00,1044.00,1049.00,1071249
18-Jul-13,1032.00,1053.00,1032.00,1045.00,820096
17-Jul-13,1040.00,1048.00,1031.00,1036.00,1184430
16-Jul-13,1050.00,1056.00,1042.00,1055.00,866278
15-Jul-13,1031.00,1049.00,1031.00,1049.00,987315
12-Jul-13,1031.00,1046.00,1021.00,1027.00,1374677
11-Jul-13,1032.00,1043.00,1012.00,1025.00,1437378
10-Jul-13,1019.00,1030.00,999.50,1026.00,1020623
9-Jul-13,1037.00,1041.00,1015.00,1023.00,1107267
8-Jul-13,1023.00,1040.00,1021.00,1037.00,709631
5-Jul-13,1014.00,1034.00,1011.00,1018.00,770088
4-Jul-13,999.00,1016.00,986.00,1015.00,934290
3-Jul-13,983.00,994.00,983.00,991.50,756387
2-Jul-13,984.00,1007.00,974.50,994.00,1805828
1-Jul-13,972.00,981.00,969.00,981.00,1031278
28-Jun-13,978.50,988.50,966.00,966.00,1627726
27-Jun-13,961.50,996.50,960.50,979.00,1351682
26-Jun-13,959.00,962.50,950.50,961.00,808189
25-Jun-13,951.00,960.00,943.00,957.00,995084
24-Jun-13,943.00,954.00,937.50,945.50,1371374
21-Jun-13,950.50,963.00,943.31,943.50,2116868
20-Jun-13,960.50,963.00,949.50,950.00,1399767
19-Jun-13,971.00,974.00,958.50,967.50,980944
18-Jun-13,959.50,970.50,955.50,965.00,1135596
17-Jun-13,945.50,966.00,945.00,958.50,803915
14-Jun-13,945.50,951.00,935.50,942.00,557427
13-Jun-13,948.00,948.00,930.86,943.50,877740
12-Jun-13,939.00,962.00,937.50,955.50,988371
11-Jun-13,952.50,954.50,928.00,938.00,809696
10-Jun-13,951.00,959.50,947.00,955.50,948633
7-Jun-13,947.00,957.50,938.00,951.00,976961
6-Jun-13,956.50,966.00,942.50,944.00,626284
5-Jun-13,964.00,969.00,952.50,954.00,1002371
4-Jun-13,968.50,973.50,962.50,965.00,976736
3-Jun-13,960.00,970.00,957.00,964.00,1401568
31-May-13,995.50,995.50,961.72,962.00,2559294
30-May-13,990.00,1000.00,989.50,998.00,677258
29-May-13,1009.00,1009.00,990.50,991.00,856372
28-May-13,1002.00,1017.00,1000.18,1011.00,1326478
24-May-13,1014.00,1018.00,995.00,995.00,1398655
23-May-13,1008.00,1025.00,1000.00,1007.00,1300109
22-May-13,1018.00,1024.00,1002.00,1018.00,1391831
21-May-13,980.00,1025.00,950.00,1005.00,2790824
20-May-13,947.00,951.00,934.50,949.00,850381
17-May-13,939.50,947.00,931.00,946.00,730556
16-May-13,947.00,951.00,937.00,939.50,1081617
15-May-13,934.00,949.00,934.00,947.50,901376
14-May-13,940.00,940.00,917.50,938.00,1624705
13-May-13,922.00,946.50,921.26,942.50,1117902
10-May-13,911.00,921.50,906.00,921.50,654190
9-May-13,909.00,915.00,905.50,913.50,486089
8-May-13,903.50,917.50,900.00,909.00,873092
7-May-13,910.50,910.50,897.00,901.00,703603
3-May-13,902.50,910.50,899.50,908.50,703953
2-May-13,907.00,907.00,895.50,903.50,859529
1-May-13,904.50,910.00,896.00,909.50,629014
30-Apr-13,911.00,911.00,894.00,902.50,1398448
29-Apr-13,884.50,909.00,884.00,907.00,1219802
26-Apr-13,879.50,888.00,867.50,886.00,1269932
25-Apr-13,867.00,873.00,859.50,862.50,724507
24-Apr-13,873.00,873.50,861.50,869.00,743752
23-Apr-13,852.00,877.50,852.00,874.50,1082000
22-Apr-13,853.50,860.50,850.00,851.50,1048939
19-Apr-13,860.50,860.50,850.00,853.00,1049666
18-Apr-13,860.00,861.00,855.00,857.00,644995
17-Apr-13,859.00,864.50,849.50,860.00,1718191
16-Apr-13,870.00,875.00,868.00,871.00,1010035
15-Apr-13,878.00,880.24,867.50,874.00,778615
12-Apr-13,876.00,880.50,869.00,880.00,496412
11-Apr-13,873.00,880.00,870.00,878.50,560404
10-Apr-13,867.00,875.50,865.50,874.00,1119127
9-Apr-13,869.00,872.60,861.66,867.50,927958
8-Apr-13,874.00,877.00,863.50,869.50,1108450
5-Apr-13,886.00,887.00,875.00,875.50,972690
4-Apr-13,910.50,910.50,878.00,881.00,978034
3-Apr-13,912.50,914.60,905.50,906.00,875384
2-Apr-13,897.50,916.50,896.50,913.50,859604
28-Mar-13,893.00,900.50,892.34,899.00,1136842
27-Mar-13,896.00,903.50,886.66,895.00,779857
26-Mar-13,905.00,911.50,895.50,902.00,958905
25-Mar-13,897.50,914.00,896.50,902.50,779509
22-Mar-13,900.50,908.50,894.00,902.00,974509
21-Mar-13,910.00,915.00,898.00,905.50,1107599
20-Mar-13,904.00,914.50,901.50,912.00,1126569
19-Mar-13,893.50,907.50,892.50,899.50,1350135
18-Mar-13,871.50,898.50,867.50,893.50,943578
15-Mar-13,891.00,894.00,881.00,881.50,2201926
14-Mar-13,889.50,892.50,883.50,891.00,1016810
13-Mar-13,881.00,885.00,872.00,885.00,1604012
12-Mar-13,891.00,897.00,886.50,893.50,816268
11-Mar-13,894.00,894.00,888.14,891.00,867729
8-Mar-13,903.00,904.72,890.50,894.00,1036321
7-Mar-13,899.00,900.50,893.00,900.50,1152456
6-Mar-13,904.50,906.30,893.50,898.50,1174950
5-Mar-13,887.50,907.50,887.50,904.50,1859880
4-Mar-13,858.50,887.00,858.50,884.00,1732807
1-Mar-13,825.50,862.50,825.50,858.50,2142894
28-Feb-13,840.00,851.00,821.50,823.50,3781365
27-Feb-13,837.50,848.50,829.11,848.00,960653
26-Feb-13,839.00,839.00,830.50,833.00,991807
25-Feb-13,849.00,857.50,841.50,845.00,832188
22-Feb-13,846.50,857.00,846.50,850.00,928138
21-Feb-13,848.00,850.00,839.50,845.00,995899
20-Feb-13,843.50,855.50,842.49,852.00,798442
19-Feb-13,829.00,845.00,829.00,843.50,1198253
18-Feb-13,829.00,832.59,822.50,830.00,581148
15-Feb-13,819.00,833.50,815.00,831.50,981586
14-Feb-13,828.00,833.00,815.00,820.00,1435952
13-Feb-13,812.50,831.51,805.00,831.00,1506826
12-Feb-13,808.00,816.50,808.00,815.50,822718
11-Feb-13,806.00,814.00,805.74,810.00,754368
8-Feb-13,802.50,810.00,798.00,808.00,957082
7-Feb-13,791.50,803.50,790.00,798.50,1643381
6-Feb-13,786.00,800.00,781.50,793.00,1480669
5-Feb-13,785.50,789.50,780.50,785.50,1486666
4-Feb-13,789.00,792.50,784.50,784.50,1359014
1-Feb-13,788.00,792.50,784.50,791.00,1185963
31-Jan-13,785.50,792.50,783.50,787.00,1263578
30-Jan-13,784.00,791.00,782.00,785.50,1406178
29-Jan-13,787.00,791.00,781.50,785.50,948575
28-Jan-13,788.00,788.00,771.00,787.00,2160191
25-Jan-13,792.50,797.50,789.50,794.00,1044111
24-Jan-13,798.00,801.00,791.00,793.00,1154168
23-Jan-13,799.50,801.00,792.00,799.50,985128
22-Jan-13,795.00,805.00,795.00,800.50,783463
21-Jan-13,800.50,803.50,796.91,797.50,864631
18-Jan-13,796.00,802.50,794.50,798.00,1179709
17-Jan-13,797.00,798.00,786.50,797.00,1031935
16-Jan-13,786.50,797.00,784.00,796.00,1102545
15-Jan-13,779.00,785.50,777.00,785.50,649026
14-Jan-13,776.00,782.50,772.61,779.50,1168193
11-Jan-13,774.50,778.00,772.00,774.50,817150
10-Jan-13,766.00,776.00,765.75,772.00,883993
9-Jan-13,763.00,772.35,762.00,766.50,1221208
8-Jan-13,762.00,767.00,760.50,762.00,849424
7-Jan-13,766.00,770.00,762.50,764.50,738700
4-Jan-13,769.50,771.50,765.00,768.00,851559
3-Jan-13,769.00,771.50,763.50,769.00,1016182
2-Jan-13,765.00,769.50,760.50,766.50,815973
