31-Dec-15,959.00,959.00,932.50,943.00,12081
30-Dec-15,970.00,970.00,949.69,958.00,15410
29-Dec-15,957.00,965.50,940.18,957.50,22353
24-Dec-15,942.00,960.50,942.00,952.00,8246
23-Dec-15,951.00,951.00,935.00,946.00,21730
22-Dec-15,955.00,955.00,932.00,936.50,23786
21-Dec-15,951.00,951.00,936.00,940.00,15170
18-Dec-15,964.00,964.00,936.50,941.50,73861
16-Dec-15,930.50,948.00,930.50,944.50,32320
15-Dec-15,949.50,958.50,938.00,946.00,34055
14-Dec-15,951.50,958.00,940.50,943.00,17495
11-Dec-15,962.00,967.50,944.00,955.00,30817
10-Dec-15,962.00,968.00,951.00,965.00,33008
9-Dec-15,971.50,977.50,970.00,972.00,24643
8-Dec-15,993.00,993.00,970.00,979.50,32118
7-Dec-15,1009.00,1009.00,972.46,978.00,36408
4-Dec-15,999.00,1005.00,982.00,986.50,27333
3-Dec-15,1006.00,1018.58,988.69,1002.00,36033
2-Dec-15,1023.00,1023.00,995.84,1002.00,33448
1-Dec-15,970.00,1001.00,970.00,989.00,27326
30-Nov-15,963.00,981.00,955.70,976.50,56962
27-Nov-15,954.00,964.00,953.50,963.00,12176
26-Nov-15,960.00,963.10,953.00,955.50,13818
25-Nov-15,952.50,960.00,950.69,958.00,16182
24-Nov-15,975.00,975.00,947.48,955.00,37609
23-Nov-15,955.50,979.50,948.00,977.00,68842
20-Nov-15,940.50,965.50,936.00,965.50,54807
19-Nov-15,960.00,966.00,955.50,958.00,48777
18-Nov-15,955.00,960.00,948.00,960.00,46266
17-Nov-15,947.00,970.50,933.50,962.00,43815
16-Nov-15,933.50,942.00,927.50,942.00,22349
13-Nov-15,935.00,943.00,908.28,939.00,34533
12-Nov-15,944.50,949.95,934.00,940.00,21042
11-Nov-15,939.00,954.00,937.00,949.00,28918
10-Nov-15,970.00,970.00,934.00,944.50,49076
9-Nov-15,963.00,966.00,935.53,959.50,38771
6-Nov-15,960.00,965.00,947.00,962.50,29174
5-Nov-15,946.00,957.50,946.00,957.50,27014
4-Nov-15,960.00,962.50,948.00,960.00,48282
3-Nov-15,950.00,955.00,940.50,953.00,23816
2-Nov-15,943.00,951.00,940.00,947.00,20066
30-Oct-15,936.50,958.50,936.50,947.00,49233
29-Oct-15,936.50,950.00,935.50,947.50,16010
28-Oct-15,968.50,968.50,944.00,948.00,37501
27-Oct-15,954.50,963.68,946.50,950.00,26907
26-Oct-15,940.00,950.00,940.00,950.00,30563
23-Oct-15,935.00,952.50,935.00,942.50,28723
22-Oct-15,949.00,951.88,942.50,945.00,33027
21-Oct-15,947.00,954.00,935.00,948.00,48960
20-Oct-15,927.00,951.00,925.50,945.00,34727
19-Oct-15,904.00,928.50,904.00,927.00,31848
16-Oct-15,930.00,932.50,907.50,920.00,61257
15-Oct-15,923.00,930.00,922.15,927.50,46647
14-Oct-15,949.00,957.25,932.80,942.50,72963
13-Oct-15,950.00,957.00,937.20,952.00,45249
12-Oct-15,925.00,951.00,925.00,947.00,36277
9-Oct-15,923.00,954.50,917.70,948.00,57901
8-Oct-15,907.00,928.00,900.50,915.00,82482
7-Oct-15,916.00,917.37,891.50,895.00,47261
6-Oct-15,913.50,919.00,905.94,912.00,36860
5-Oct-15,906.00,916.50,903.50,916.50,25221
2-Oct-15,905.00,910.00,898.00,905.50,42623
1-Oct-15,900.00,910.00,899.50,906.50,77002
30-Sep-15,890.00,900.00,885.30,900.00,64153
29-Sep-15,880.00,890.00,869.50,888.50,77007
28-Sep-15,894.00,895.00,884.00,893.00,73816
25-Sep-15,885.00,894.00,882.00,893.50,41439
24-Sep-15,887.50,894.00,876.00,880.00,31482
23-Sep-15,879.50,898.00,878.00,892.00,30759
22-Sep-15,890.00,891.60,880.00,889.00,73444
21-Sep-15,890.00,901.50,883.00,888.50,29927
18-Sep-15,901.00,905.50,889.00,905.50,91033
17-Sep-15,890.50,905.50,887.00,904.00,58602
16-Sep-15,880.50,899.00,880.50,895.00,58779
15-Sep-15,876.00,889.00,876.00,889.00,46723
14-Sep-15,885.50,891.00,876.50,880.00,43508
11-Sep-15,890.50,900.84,887.50,887.50,61875
10-Sep-15,914.00,914.00,883.00,894.00,54622
9-Sep-15,901.50,908.50,896.50,904.50,52995
8-Sep-15,905.50,913.25,893.50,893.50,42824
7-Sep-15,912.00,924.10,893.00,910.00,64784
4-Sep-15,911.50,930.10,903.00,903.00,66551
3-Sep-15,939.00,940.00,929.54,938.50,48684
2-Sep-15,908.50,928.50,895.00,919.50,61837
1-Sep-15,926.00,926.00,892.00,895.50,71754
28-Aug-15,934.50,939.20,901.50,931.50,116782
27-Aug-15,894.00,906.00,890.50,895.00,35624
26-Aug-15,887.50,917.50,872.50,887.50,77645
25-Aug-15,824.50,898.00,821.00,898.00,76506
24-Aug-15,855.00,855.00,817.44,826.50,50365
21-Aug-15,868.00,877.00,855.00,858.00,45475
20-Aug-15,877.50,885.10,862.00,869.00,41563
19-Aug-15,896.50,898.00,881.26,882.00,36434
18-Aug-15,900.00,905.00,889.80,902.00,35586
17-Aug-15,889.00,890.50,880.10,886.50,28290
14-Aug-15,886.00,886.00,877.77,881.00,60308
13-Aug-15,877.00,888.50,877.00,885.50,45984
12-Aug-15,876.50,886.50,875.00,883.50,28591
11-Aug-15,889.00,894.00,889.00,893.00,12956
10-Aug-15,883.00,889.00,875.00,889.00,41511
7-Aug-15,890.00,892.50,876.00,883.00,19563
6-Aug-15,898.00,900.47,885.52,891.50,39732
5-Aug-15,875.50,902.00,875.50,896.00,26866
4-Aug-15,900.50,900.50,893.00,900.50,24374
3-Aug-15,891.50,899.50,891.50,897.00,30017
31-Jul-15,895.00,900.00,889.00,895.00,53084
30-Jul-15,873.50,900.50,873.50,891.00,37883
29-Jul-15,872.00,899.50,872.00,896.50,40887
28-Jul-15,873.50,887.00,873.50,881.50,54963
27-Jul-15,885.00,896.16,873.00,873.00,55540
24-Jul-15,874.00,910.00,874.00,885.00,53776
23-Jul-15,908.00,915.50,904.53,914.00,48763
22-Jul-15,905.00,918.50,903.50,906.00,44106
21-Jul-15,871.50,911.50,871.50,911.50,42255
20-Jul-15,898.00,912.00,890.89,909.00,38128
17-Jul-15,910.00,910.00,884.94,898.00,38682
16-Jul-15,908.50,911.15,884.30,905.50,137690
15-Jul-15,871.50,902.50,871.50,895.00,43661
14-Jul-15,910.00,914.50,899.50,900.00,138098
13-Jul-15,871.50,911.66,871.50,908.00,47179
10-Jul-15,900.00,905.07,894.50,900.00,60148
9-Jul-15,879.00,903.00,874.50,900.00,103758
8-Jul-15,895.00,895.00,873.40,874.00,64356
7-Jul-15,903.50,913.20,889.62,892.00,49541
6-Jul-15,912.00,919.06,908.50,912.50,41925
3-Jul-15,913.50,915.00,910.00,911.00,29322
2-Jul-15,910.00,916.00,908.00,912.50,51569
1-Jul-15,903.00,917.81,903.00,912.00,40020
30-Jun-15,912.50,918.30,904.00,905.50,63708
29-Jun-15,943.50,943.50,913.50,913.50,42564
26-Jun-15,940.00,942.88,932.00,933.50,33878
25-Jun-15,930.00,941.00,930.00,939.00,67915
24-Jun-15,945.00,965.00,936.50,942.00,23640
23-Jun-15,948.50,958.92,939.00,939.50,42626
22-Jun-15,940.00,947.18,928.00,945.00,57677
19-Jun-15,930.00,940.00,917.16,938.50,145196
18-Jun-15,906.50,928.30,906.50,926.00,25474
17-Jun-15,926.00,930.00,919.10,924.50,29761
16-Jun-15,922.00,927.00,913.50,924.00,23787
15-Jun-15,905.00,934.00,905.00,929.50,33909
12-Jun-15,928.50,936.71,925.00,926.00,23580
11-Jun-15,927.00,944.00,918.52,934.50,42606
10-Jun-15,963.50,963.50,922.00,929.50,39119
9-Jun-15,924.50,925.50,909.30,920.00,36312
8-Jun-15,906.50,935.50,906.50,916.00,31845
5-Jun-15,918.00,927.03,912.50,922.50,34276
4-Jun-15,930.00,935.50,917.00,926.50,36343
3-Jun-15,950.50,951.50,929.00,929.50,90931
2-Jun-15,947.00,953.00,941.50,942.00,39663
1-Jun-15,950.50,952.00,943.50,952.00,21583
29-May-15,951.00,963.48,937.83,943.50,53318
28-May-15,930.00,970.00,930.00,959.50,26405
27-May-15,930.00,965.50,930.00,965.50,26407
26-May-15,945.00,952.50,940.50,947.00,36601
22-May-15,955.50,968.00,952.50,956.50,31290
21-May-15,948.00,961.50,947.00,959.50,27485
20-May-15,960.00,960.00,946.50,952.00,34948
19-May-15,930.50,965.00,914.74,963.00,58020
18-May-15,932.00,948.00,897.50,948.00,73476
15-May-15,938.00,950.00,924.51,948.00,60785
14-May-15,937.00,943.50,921.00,937.00,67609
13-May-15,921.00,937.00,921.00,935.00,48715
12-May-15,919.00,933.00,916.50,928.00,50738
11-May-15,940.00,940.00,915.50,928.00,63663
8-May-15,917.50,943.00,908.00,935.00,150649
7-May-15,900.00,909.50,895.50,907.00,44640
6-May-15,920.00,960.00,900.00,904.50,61498
5-May-15,870.00,924.50,870.00,918.00,145967
1-May-15,899.00,903.50,879.66,902.00,14669
30-Apr-15,861.50,915.50,861.50,901.00,54803
29-Apr-15,861.50,905.00,861.50,899.00,44137
28-Apr-15,890.00,904.50,867.54,900.50,90913
27-Apr-15,888.00,897.11,871.98,889.50,51021
24-Apr-15,884.00,896.00,874.50,885.00,73118
23-Apr-15,865.00,879.59,863.00,868.50,45037
22-Apr-15,885.00,886.17,854.95,871.00,38012
21-Apr-15,902.50,902.50,871.00,881.50,36338
20-Apr-15,877.50,877.50,860.00,872.00,34880
17-Apr-15,873.00,876.00,863.67,867.00,60426
16-Apr-15,870.50,883.50,870.50,871.00,83989
15-Apr-15,860.00,888.00,860.00,878.00,53245
14-Apr-15,891.00,894.50,870.00,887.00,31249
13-Apr-15,920.00,920.00,870.50,883.50,30376
10-Apr-15,884.00,887.94,872.50,882.50,49876
9-Apr-15,919.00,919.00,873.50,880.50,40520
8-Apr-15,911.50,911.50,870.00,877.50,64404
7-Apr-15,880.00,885.00,872.00,885.00,54753
2-Apr-15,859.50,879.00,833.51,869.50,112251
1-Apr-15,839.00,863.50,835.50,853.00,93910
31-Mar-15,833.00,847.00,833.00,840.00,60176
30-Mar-15,833.00,851.50,827.50,832.89,55992
27-Mar-15,825.00,857.25,825.00,828.50,51802
26-Mar-15,833.00,843.56,820.98,827.97,47110
25-Mar-15,865.00,865.00,842.00,844.00,70224
24-Mar-15,842.00,858.00,842.00,843.50,36466
23-Mar-15,834.50,845.50,832.50,844.00,62548
20-Mar-15,836.00,844.50,831.00,844.50,148394
19-Mar-15,839.50,843.00,827.50,834.50,74038
18-Mar-15,837.50,853.00,832.94,841.00,74299
17-Mar-15,837.00,837.00,822.00,825.50,96092
16-Mar-15,833.00,843.50,825.30,843.50,63196
13-Mar-15,835.00,837.00,821.44,829.00,36944
12-Mar-15,845.00,845.00,827.00,828.00,48562
11-Mar-15,863.50,878.00,828.00,841.50,98460
10-Mar-15,870.00,873.00,850.00,850.50,68866
9-Mar-15,885.00,886.75,863.86,867.50,43854
6-Mar-15,881.00,890.50,874.50,879.00,44239
5-Mar-15,866.50,889.50,866.50,882.50,44620
4-Mar-15,860.00,890.54,860.00,867.50,63287
3-Mar-15,888.00,889.30,858.68,876.50,101507
2-Mar-15,900.00,955.00,900.00,936.00,99757
27-Feb-15,916.50,925.78,905.50,918.00,94251
26-Feb-15,926.00,934.98,916.00,920.00,62426
25-Feb-15,933.00,937.00,916.50,932.50,47557
24-Feb-15,934.50,948.33,918.50,925.50,42058
23-Feb-15,931.00,939.00,915.50,935.50,53540
20-Feb-15,942.50,945.00,920.50,920.50,123820
19-Feb-15,935.50,944.04,923.50,938.00,27289
18-Feb-15,930.00,949.00,930.00,948.50,72390
17-Feb-15,944.50,950.00,924.00,926.50,38908
16-Feb-15,929.00,949.50,917.00,945.00,124643
13-Feb-15,940.00,940.00,913.50,924.00,69825
12-Feb-15,915.00,937.50,915.00,934.00,35685
11-Feb-15,908.00,943.18,891.58,929.50,103513
10-Feb-15,874.00,877.50,866.00,867.00,30967
9-Feb-15,905.50,905.50,868.00,868.00,43873
6-Feb-15,900.00,917.00,884.50,891.00,70465
5-Feb-15,890.00,901.50,880.00,901.50,29491
4-Feb-15,887.50,895.60,874.50,883.50,34432
3-Feb-15,869.00,885.00,856.22,875.00,31655
2-Feb-15,886.00,893.00,852.62,865.00,41835
30-Jan-15,871.50,888.00,855.19,879.50,35335
29-Jan-15,860.50,878.67,860.00,870.00,26653
28-Jan-15,878.00,885.00,860.50,873.50,22312
27-Jan-15,882.50,882.50,860.00,863.00,32865
26-Jan-15,890.00,890.00,856.00,875.00,34624
23-Jan-15,875.00,884.83,860.00,879.00,47876
22-Jan-15,871.00,878.66,857.00,860.00,41120
21-Jan-15,836.00,870.00,836.00,864.00,51769
20-Jan-15,846.00,871.50,832.10,864.00,40034
19-Jan-15,820.00,873.50,820.00,860.00,32759
16-Jan-15,869.50,869.50,838.00,844.50,39863
15-Jan-15,827.50,847.00,827.50,845.50,30480
14-Jan-15,838.50,856.61,824.10,830.00,34996
13-Jan-15,845.50,859.00,820.00,838.00,42975
12-Jan-15,815.00,862.40,800.00,844.00,55703
9-Jan-15,865.00,869.50,828.00,840.50,69641
8-Jan-15,865.00,899.00,865.00,870.00,82119
7-Jan-15,869.00,882.50,845.30,855.00,90057
6-Jan-15,911.50,920.00,872.50,872.50,38736
5-Jan-15,927.50,927.50,893.00,898.50,22869
31-Dec-14,925.00,939.50,917.50,932.00,13816
30-Dec-14,927.50,954.23,913.20,927.00,9730
29-Dec-14,930.00,930.00,910.20,925.00,21122
24-Dec-14,930.00,930.00,913.90,925.00,11766
23-Dec-14,930.00,930.00,912.00,926.50,17205
22-Dec-14,919.50,949.91,915.50,925.00,23341
19-Dec-14,954.50,954.50,901.88,930.50,187909
18-Dec-14,892.00,928.00,872.50,898.20,51791
17-Dec-14,873.50,891.50,862.25,884.00,18341
16-Dec-14,861.50,890.00,852.50,887.00,51419
15-Dec-14,884.50,892.50,866.00,866.00,32720
12-Dec-14,886.50,886.50,858.10,867.50,33038
11-Dec-14,875.50,887.50,873.50,880.00,43947
10-Dec-14,887.50,888.00,856.08,880.00,30876
9-Dec-14,891.50,894.00,865.00,875.00,52949
8-Dec-14,850.50,899.33,850.50,875.00,33736
5-Dec-14,863.00,886.16,854.68,877.00,25974
4-Dec-14,864.00,885.10,855.00,862.00,31807
3-Dec-14,865.00,872.00,855.50,870.00,48008
2-Dec-14,880.00,890.00,858.00,872.00,29363
1-Dec-14,843.50,854.50,830.50,850.00,25529
28-Nov-14,892.00,892.00,834.29,845.50,37171
27-Nov-14,860.50,889.00,860.50,870.50,27058
26-Nov-14,902.00,904.88,869.35,880.00,48557
25-Nov-14,843.50,885.00,840.50,882.50,37020
24-Nov-14,877.00,885.50,856.83,870.00,32697
21-Nov-14,855.00,883.10,855.00,868.00,21405
20-Nov-14,885.00,890.62,861.00,871.00,39887
19-Nov-14,883.00,891.00,868.72,876.00,44169
18-Nov-14,894.00,899.50,850.54,888.00,34805
17-Nov-14,869.50,900.00,865.25,894.00,26246
14-Nov-14,863.50,889.00,861.00,883.50,13819
13-Nov-14,890.00,893.00,869.00,877.00,22152
12-Nov-14,885.00,890.87,858.00,876.50,35249
11-Nov-14,885.00,898.08,870.50,881.00,26787
10-Nov-14,874.00,884.50,868.80,884.50,43243
7-Nov-14,889.50,889.50,860.50,869.50,45851
6-Nov-14,882.50,885.00,866.50,879.00,40145
5-Nov-14,859.50,884.00,843.50,874.00,49380
4-Nov-14,837.50,855.04,824.50,836.50,43305
3-Nov-14,842.50,853.75,833.81,849.00,23180
31-Oct-14,825.00,851.00,821.88,843.50,77519
30-Oct-14,837.50,839.00,820.50,830.00,43981
29-Oct-14,815.50,836.10,812.77,831.00,31793
28-Oct-14,825.00,834.50,789.90,820.00,25386
27-Oct-14,829.50,829.50,799.44,811.00,38163
24-Oct-14,834.50,844.50,799.50,809.50,56838
23-Oct-14,844.50,844.50,807.00,830.00,45643
22-Oct-14,832.00,832.00,812.00,822.00,51610
21-Oct-14,809.00,831.06,801.14,824.00,51689
20-Oct-14,809.00,814.21,804.00,809.50,29511
17-Oct-14,800.00,808.50,790.18,806.50,57924
16-Oct-14,798.50,800.00,767.00,800.00,72830
15-Oct-14,789.50,816.50,785.00,791.50,55121
14-Oct-14,793.00,806.00,792.95,800.00,84773
13-Oct-14,822.00,822.00,798.12,803.00,66351
10-Oct-14,809.50,829.50,803.43,814.50,46513
9-Oct-14,855.00,855.00,807.76,834.46,50506
8-Oct-14,805.50,839.50,800.50,816.00,54190
7-Oct-14,812.50,836.19,802.50,819.50,72025
6-Oct-14,805.00,828.94,805.00,817.00,49436
3-Oct-14,837.00,851.00,813.00,829.00,86945
2-Oct-14,844.50,844.50,794.00,794.00,54774
1-Oct-14,817.00,831.96,817.00,820.00,107422
30-Sep-14,807.00,841.72,796.50,825.00,109361
29-Sep-14,794.00,839.72,792.85,804.00,35893
26-Sep-14,786.50,807.35,786.50,795.00,18985
25-Sep-14,787.50,808.00,787.00,796.00,55086
24-Sep-14,804.50,804.50,770.89,792.00,53831
23-Sep-14,800.00,813.13,795.00,800.00,41223
22-Sep-14,818.00,831.00,814.00,816.00,33702
19-Sep-14,818.00,844.43,811.17,836.00,113800
18-Sep-14,808.50,822.00,794.70,813.50,30091
17-Sep-14,800.50,816.00,787.72,810.00,40703
16-Sep-14,840.50,859.71,806.50,811.50,48250
15-Sep-14,840.50,862.30,840.00,845.00,23752
12-Sep-14,845.50,867.00,845.50,848.00,57767
11-Sep-14,841.00,870.00,840.98,866.50,58686
10-Sep-14,855.50,874.50,833.42,850.50,43918
9-Sep-14,855.00,866.00,845.00,857.14,49475
8-Sep-14,886.00,886.00,851.50,852.00,41584
5-Sep-14,896.50,896.50,874.00,879.54,34679
4-Sep-14,880.00,894.76,877.00,886.00,34710
3-Sep-14,870.50,898.12,870.50,898.12,29166
2-Sep-14,892.50,900.50,873.00,894.00,18982
1-Sep-14,860.00,902.29,860.00,892.00,15670
29-Aug-14,865.50,896.32,865.50,880.00,41988
28-Aug-14,874.00,894.50,861.00,889.00,45710
27-Aug-14,893.00,903.50,873.00,873.00,26008
26-Aug-14,906.00,906.00,871.50,890.00,33428
22-Aug-14,881.00,901.40,881.00,893.00,44020
21-Aug-14,887.50,903.00,874.30,903.00,32910
20-Aug-14,873.00,895.00,860.00,885.00,80881
19-Aug-14,868.00,888.50,864.66,880.00,34732
18-Aug-14,868.00,869.90,845.25,865.50,11852
15-Aug-14,875.00,875.00,847.00,853.00,30303
14-Aug-14,848.50,854.50,832.47,846.50,30319
13-Aug-14,845.50,845.50,824.00,830.00,18401
12-Aug-14,843.00,849.50,829.26,835.50,16443
11-Aug-14,825.50,844.00,825.50,833.50,14539
8-Aug-14,816.00,839.90,800.00,832.00,40106
7-Aug-14,820.00,839.28,815.50,816.00,42718
6-Aug-14,811.50,823.62,811.50,823.50,25182
5-Aug-14,817.50,832.58,816.00,824.00,52072
4-Aug-14,821.50,838.00,810.71,824.00,32169
1-Aug-14,835.00,836.50,813.90,824.00,29972
31-Jul-14,822.50,845.00,806.75,823.50,26914
30-Jul-14,845.00,845.00,815.00,824.00,38662
29-Jul-14,837.50,842.00,822.00,828.00,18600
28-Jul-14,833.50,835.50,815.50,828.50,20139
25-Jul-14,845.00,845.00,827.50,834.50,30803
24-Jul-14,825.00,835.00,815.00,825.00,45795
23-Jul-14,833.50,833.50,807.16,826.50,38042
22-Jul-14,810.00,824.05,810.00,818.50,23939
21-Jul-14,816.50,829.98,812.00,814.00,36034
18-Jul-14,810.50,825.00,799.50,825.00,39881
17-Jul-14,810.50,822.00,810.00,815.00,28755
16-Jul-14,808.50,820.00,808.50,817.00,36717
15-Jul-14,818.50,832.98,806.50,809.50,63723
14-Jul-14,785.00,828.50,785.00,826.50,70213
11-Jul-14,758.00,791.52,758.00,787.79,52178
10-Jul-14,775.50,786.50,745.97,763.50,80705
9-Jul-14,809.50,819.00,771.00,776.50,86722
8-Jul-14,825.00,836.47,802.50,816.00,58275
7-Jul-14,850.50,857.00,822.00,832.00,29390
4-Jul-14,846.00,850.83,838.06,848.50,30454
3-Jul-14,840.50,847.50,809.84,843.50,56996
2-Jul-14,842.00,855.00,833.50,839.50,48221
1-Jul-14,825.50,841.00,823.15,841.00,44827
30-Jun-14,859.00,860.00,823.00,852.50,55552
27-Jun-14,864.00,878.68,861.50,862.50,46299
26-Jun-14,846.50,875.50,835.90,866.00,59461
25-Jun-14,844.50,844.50,820.50,835.00,42759
24-Jun-14,838.00,855.75,824.50,827.00,52854
23-Jun-14,818.00,839.50,818.00,838.50,57617
20-Jun-14,820.00,828.00,806.60,826.50,109030
19-Jun-14,834.50,836.42,810.75,811.50,40549
18-Jun-14,829.50,841.54,809.10,820.00,41149
17-Jun-14,874.00,874.00,811.80,821.50,71224
16-Jun-14,855.00,868.50,848.11,852.00,86383
13-Jun-14,885.00,889.28,860.00,860.00,38929
12-Jun-14,890.00,900.80,890.00,891.00,270230
11-Jun-14,898.50,900.00,865.38,886.50,72440
10-Jun-14,863.50,891.80,863.50,880.00,54032
9-Jun-14,894.50,897.50,880.82,890.00,37645
6-Jun-14,862.00,894.00,861.50,888.00,25770
5-Jun-14,882.50,882.50,850.00,861.50,81656
4-Jun-14,888.50,896.14,872.50,872.50,53479
3-Jun-14,902.50,905.06,885.50,894.50,41140
2-Jun-14,911.50,922.18,906.09,908.00,32872
30-May-14,910.50,925.50,897.30,915.00,44462
29-May-14,922.50,931.27,911.58,916.00,18219
28-May-14,934.00,934.00,913.54,918.50,27450
27-May-14,916.50,928.50,899.35,923.50,24230
23-May-14,934.50,934.50,910.74,915.50,24892
22-May-14,925.00,932.50,918.00,931.00,24542
21-May-14,910.00,921.00,904.50,920.00,28816
20-May-14,927.00,927.00,904.10,909.50,51645
19-May-14,911.50,924.95,901.00,910.00,44416
16-May-14,955.00,955.00,898.25,925.00,58074
15-May-14,940.00,950.50,925.00,926.00,50714
14-May-14,945.00,945.00,935.00,940.00,46849
13-May-14,948.00,956.30,936.50,940.00,30075
12-May-14,951.00,951.86,937.82,943.50,24276
9-May-14,940.00,948.30,938.50,948.00,26310
8-May-14,937.50,950.50,922.77,940.00,71056
7-May-14,937.00,940.00,902.90,932.00,66160
6-May-14,949.00,954.73,934.00,934.00,47859
2-May-14,946.00,956.28,937.12,950.00,25253
1-May-14,944.50,958.00,929.00,935.00,55339
30-Apr-14,952.50,952.50,927.00,936.50,39479
29-Apr-14,928.00,945.55,928.00,935.00,17367
28-Apr-14,952.00,954.56,931.50,937.50,17772
25-Apr-14,950.00,959.38,938.50,946.00,33167
24-Apr-14,981.50,981.50,945.50,950.00,46254
23-Apr-14,985.50,985.50,964.00,965.00,26232
22-Apr-14,971.00,989.22,953.80,981.50,15841
17-Apr-14,967.00,981.13,963.00,973.00,12911
16-Apr-14,982.00,982.00,967.00,971.00,42438
15-Apr-14,1013.00,1013.00,961.00,961.50,23806
14-Apr-14,1014.00,1014.00,979.00,980.00,132083
11-Apr-14,1023.00,1023.00,990.00,999.00,31859
10-Apr-14,1031.00,1031.00,1000.45,1001.00,86139
9-Apr-14,1014.00,1045.00,1001.00,1014.00,41349
8-Apr-14,1015.00,1025.12,993.50,1003.00,44738
7-Apr-14,1014.00,1015.00,986.80,1013.00,37267
4-Apr-14,1014.00,1014.00,988.00,1002.00,19471
3-Apr-14,967.00,1015.00,967.00,1006.00,77561
2-Apr-14,962.50,979.32,956.50,971.50,29073
1-Apr-14,920.50,962.50,920.50,962.50,37701
31-Mar-14,947.50,947.86,926.50,945.50,29244
28-Mar-14,940.00,959.62,913.54,926.50,30534
27-Mar-14,947.00,950.72,929.78,945.00,23374
26-Mar-14,954.50,954.50,937.48,943.50,26908
25-Mar-14,959.50,959.50,936.50,940.00,22536
24-Mar-14,959.50,959.50,926.00,941.50,23185
21-Mar-14,922.50,951.50,922.50,949.00,75401
20-Mar-14,924.00,953.50,924.00,950.00,32061
19-Mar-14,956.50,959.00,941.36,951.00,27872
18-Mar-14,945.00,970.00,941.95,950.50,36452
17-Mar-14,960.00,960.50,950.00,950.00,35908
14-Mar-14,935.50,958.00,935.50,952.00,21862
13-Mar-14,958.00,961.00,944.00,952.00,30089
12-Mar-14,953.00,956.00,943.50,953.00,29413
11-Mar-14,980.50,980.50,958.50,963.50,15568
10-Mar-14,968.00,985.00,960.50,970.50,24729
7-Mar-14,977.00,980.00,960.00,967.50,30591
6-Mar-14,991.50,998.00,970.00,973.00,48852
5-Mar-14,990.00,995.00,988.00,993.00,22742
4-Mar-14,989.50,1000.00,975.00,981.30,51108
3-Mar-14,990.50,997.50,966.00,979.50,42229
28-Feb-14,984.50,995.50,952.00,994.00,41392
27-Feb-14,959.50,988.50,947.00,984.50,30306
26-Feb-14,985.00,990.50,965.00,965.00,20085
25-Feb-14,976.50,995.00,969.00,993.00,91349
24-Feb-14,969.50,976.50,952.00,976.08,54283
21-Feb-14,934.00,959.00,933.50,955.00,47406
20-Feb-14,905.00,938.50,905.00,935.00,37851
19-Feb-14,906.00,915.00,897.00,913.00,29086
18-Feb-14,912.00,918.50,906.00,906.00,40551
17-Feb-14,880.00,916.50,880.00,916.50,44946
14-Feb-14,917.50,917.50,901.00,905.00,30046
13-Feb-14,885.00,919.50,884.00,885.00,85910
12-Feb-14,900.00,901.00,882.50,900.00,97270
11-Feb-14,910.00,930.00,884.50,900.00,58268
10-Feb-14,901.50,915.00,901.50,908.50,35568
7-Feb-14,911.50,914.50,904.00,910.00,18126
6-Feb-14,885.50,909.50,884.50,904.50,39212
5-Feb-14,901.50,916.00,879.50,879.50,61723
4-Feb-14,911.50,924.00,905.00,915.70,43172
3-Feb-14,928.50,929.00,914.00,920.00,71262
31-Jan-14,942.00,942.00,913.50,922.50,37736
30-Jan-14,914.50,940.50,908.00,935.50,39872
29-Jan-14,915.00,916.50,906.00,910.00,35026
28-Jan-14,917.50,928.50,903.00,906.00,28124
27-Jan-14,928.00,933.00,905.50,905.50,62456
24-Jan-14,934.50,937.00,923.00,923.00,32295
23-Jan-14,942.00,949.00,930.50,935.00,44125
22-Jan-14,919.50,950.00,919.50,949.50,29807
21-Jan-14,941.00,943.50,933.00,936.76,60538
20-Jan-14,945.00,945.00,938.50,940.00,21318
17-Jan-14,943.00,943.00,933.50,938.50,29470
16-Jan-14,940.00,953.50,934.00,939.00,47820
15-Jan-14,949.50,949.50,932.50,939.50,75480
14-Jan-14,922.00,949.50,921.50,946.62,38242
13-Jan-14,955.00,955.00,926.50,921.29,66818
10-Jan-14,931.50,934.00,921.00,930.00,67800
9-Jan-14,919.00,937.50,919.00,932.00,31933
8-Jan-14,948.50,950.00,920.00,921.00,46054
7-Jan-14,977.00,977.00,910.00,942.50,89357
6-Jan-14,940.50,982.00,940.00,976.10,56670
3-Jan-14,918.00,959.00,916.50,933.39,60462
2-Jan-14,905.00,928.50,905.00,919.50,32398
31-Dec-13,926.00,928.50,897.00,900.00,64746
30-Dec-13,916.00,932.50,915.00,926.00,24983
27-Dec-13,923.00,928.50,918.00,928.50,16186
24-Dec-13,920.50,930.00,897.50,918.00,10227
23-Dec-13,922.50,925.00,909.50,917.00,23790
20-Dec-13,895.00,929.50,895.00,922.50,65062
19-Dec-13,930.50,934.50,913.50,917.94,29861
18-Dec-13,934.50,934.50,914.50,918.00,61646
17-Dec-13,932.50,947.00,932.50,936.00,55045
16-Dec-13,937.50,944.50,931.00,938.00,19533
13-Dec-13,924.00,945.50,919.50,935.00,22506
12-Dec-13,930.00,930.00,917.00,919.50,31422
11-Dec-13,924.00,945.50,924.00,930.00,38333
10-Dec-13,916.50,935.50,916.50,920.00,30308
9-Dec-13,919.50,925.50,915.00,920.00,34369
6-Dec-13,909.50,922.50,890.50,915.00,103905
5-Dec-13,864.00,899.50,864.00,883.00,102808
4-Dec-13,889.00,893.50,868.00,886.00,93139
3-Dec-13,897.00,920.00,886.00,891.50,75370
2-Dec-13,900.00,903.00,886.00,894.00,45584
29-Nov-13,890.00,910.00,886.50,899.00,61193
28-Nov-13,890.00,893.00,862.50,886.50,38381
27-Nov-13,872.00,877.50,863.50,875.00,47019
26-Nov-13,882.00,895.00,877.00,885.00,68465
25-Nov-13,836.50,880.50,820.00,880.50,48556
22-Nov-13,844.00,846.00,826.50,832.00,35769
21-Nov-13,860.50,868.50,842.00,844.00,68227
20-Nov-13,889.50,889.50,852.00,861.68,53158
19-Nov-13,900.00,900.00,883.00,894.00,46324
18-Nov-13,882.00,894.00,882.00,890.00,81739
15-Nov-13,892.50,897.50,886.50,889.00,32043
14-Nov-13,889.50,896.50,886.50,886.50,27228
13-Nov-13,890.00,894.00,884.50,884.50,52899
12-Nov-13,885.50,893.00,878.00,890.00,28765
11-Nov-13,892.00,899.00,879.50,879.50,13729
8-Nov-13,880.00,895.00,879.00,886.50,23513
7-Nov-13,898.50,899.50,878.50,886.00,28555
6-Nov-13,889.50,908.00,874.50,874.50,23133
5-Nov-13,900.50,900.50,885.00,888.50,18384
4-Nov-13,904.00,904.00,881.00,881.00,41460
1-Nov-13,889.00,895.00,885.00,895.00,24952
31-Oct-13,888.50,898.00,880.00,885.00,49753
30-Oct-13,876.50,899.00,850.50,890.00,162191
29-Oct-13,882.00,891.50,876.50,876.50,33234
28-Oct-13,891.00,909.50,875.00,888.00,39547
25-Oct-13,889.00,905.50,885.50,892.00,44833
24-Oct-13,898.00,899.00,890.50,892.00,38121
23-Oct-13,902.00,902.00,889.50,898.00,34945
22-Oct-13,910.00,910.00,889.00,900.00,31799
21-Oct-13,898.00,898.00,883.00,892.50,35125
18-Oct-13,885.50,893.00,870.50,893.00,54844
17-Oct-13,830.00,875.00,830.00,865.00,41244
16-Oct-13,865.00,872.50,851.50,853.00,37968
15-Oct-13,853.00,869.50,851.50,864.00,67318
14-Oct-13,851.50,865.00,846.00,857.00,31249
11-Oct-13,859.50,869.50,831.00,853.04,42759
10-Oct-13,870.50,872.00,850.00,856.50,72500
9-Oct-13,877.50,878.00,861.50,867.00,65825
8-Oct-13,875.00,882.50,865.00,876.00,52788
7-Oct-13,872.00,883.50,865.00,874.00,52205
4-Oct-13,874.50,897.00,874.50,876.50,36810
3-Oct-13,880.00,895.00,870.00,877.00,100599
2-Oct-13,897.00,897.00,872.00,890.00,84141
1-Oct-13,919.50,932.50,919.50,926.00,43995
30-Sep-13,926.00,937.50,914.00,924.00,53776
27-Sep-13,929.50,935.50,926.00,926.00,23282
26-Sep-13,973.00,973.00,936.50,936.50,24383
25-Sep-13,959.00,975.50,940.00,975.50,45932
24-Sep-13,931.00,954.50,922.50,952.00,71366
20-Sep-13,956.00,972.00,956.00,958.00,68912
19-Sep-13,976.00,983.50,960.00,974.50,43573
18-Sep-13,968.50,977.50,959.50,968.50,38722
17-Sep-13,1017.00,1017.00,979.00,990.00,71167
16-Sep-13,964.00,997.50,945.50,997.50,95432
13-Sep-13,945.50,954.00,937.00,950.50,104039
12-Sep-13,930.00,978.50,917.00,940.00,68025
11-Sep-13,927.00,934.00,921.00,930.00,30843
10-Sep-13,935.50,936.50,925.00,931.40,58231
9-Sep-13,931.00,936.00,923.50,926.00,21984
6-Sep-13,936.00,950.50,927.50,931.00,16792
5-Sep-13,937.50,946.50,936.00,940.00,31955
4-Sep-13,958.50,964.00,930.00,960.00,24129
3-Sep-13,966.00,966.00,957.00,959.00,30415
2-Sep-13,949.00,958.00,937.50,951.00,16148
30-Aug-13,954.50,957.50,939.00,944.00,28995
29-Aug-13,938.00,960.00,937.50,951.00,69070
28-Aug-13,946.00,948.00,934.50,934.50,28680
27-Aug-13,951.50,951.50,940.50,947.00,39377
23-Aug-13,936.50,965.00,935.00,942.00,24559
22-Aug-13,918.00,937.50,911.50,933.00,22638
21-Aug-13,907.00,928.00,904.50,915.00,25691
20-Aug-13,910.00,925.50,902.50,902.50,20993
19-Aug-13,927.50,927.50,914.00,918.14,33268
16-Aug-13,921.00,930.00,915.00,920.00,35762
15-Aug-13,946.50,948.50,917.50,924.47,62690
14-Aug-13,953.00,966.50,949.50,949.50,8147
13-Aug-13,965.50,965.50,955.00,960.50,19181
12-Aug-13,965.50,965.50,955.00,962.00,40399
9-Aug-13,1005.00,1005.00,965.00,969.00,28527
8-Aug-13,988.50,1002.00,976.50,983.00,20849
7-Aug-13,1020.00,1020.00,981.50,985.00,30473
6-Aug-13,1040.00,1040.00,1016.00,1017.00,14796
5-Aug-13,1002.00,1036.00,1001.00,1034.00,39738
2-Aug-13,995.00,1001.00,984.00,999.00,24286
1-Aug-13,989.00,991.00,983.50,988.00,33202
31-Jul-13,1022.00,1023.00,968.50,985.00,42959
30-Jul-13,1011.00,1019.00,1007.00,1007.00,8225
29-Jul-13,1008.00,1019.00,1008.00,1010.00,30004
26-Jul-13,1033.00,1033.00,1010.00,1010.00,16043
25-Jul-13,1031.00,1044.00,1028.00,1029.00,19023
24-Jul-13,1052.00,1054.00,1032.00,1044.00,19311
23-Jul-13,1040.00,1051.00,1032.00,1039.00,28528
22-Jul-13,1034.00,1049.00,1027.00,1045.00,21312
19-Jul-13,1040.00,1048.00,1034.00,1034.00,46479
18-Jul-13,1043.00,1048.00,1035.00,1045.01,26661
17-Jul-13,1044.00,1047.00,1035.00,1047.00,27799
16-Jul-13,1047.00,1047.00,1015.12,1039.00,36015
15-Jul-13,1029.00,1047.00,1027.00,1043.00,47677
12-Jul-13,1010.00,1025.00,1005.80,1025.00,30306
11-Jul-13,1020.00,1020.00,998.00,1010.50,44563
10-Jul-13,1023.00,1023.00,1007.52,1013.00,24148
9-Jul-13,1025.00,1034.00,1021.25,1030.00,45101
8-Jul-13,1004.00,1025.00,991.41,1025.00,40556
5-Jul-13,932.50,1018.00,932.40,1018.00,69174
4-Jul-13,960.00,960.00,921.00,950.00,56070
3-Jul-13,931.50,953.00,931.50,948.50,36739
2-Jul-13,942.50,957.00,938.50,955.00,23709
1-Jul-13,941.00,952.50,936.11,940.50,39034
28-Jun-13,914.00,947.00,903.00,947.00,39675
27-Jun-13,904.50,918.00,900.00,914.00,44750
26-Jun-13,890.00,904.50,882.50,901.50,38839
25-Jun-13,885.50,891.00,873.00,891.00,20283
24-Jun-13,878.50,906.50,869.53,880.00,68268
21-Jun-13,894.00,900.78,855.00,882.50,134352
20-Jun-13,913.50,914.80,890.79,895.00,21820
19-Jun-13,924.00,929.15,908.00,913.50,118556
18-Jun-13,927.50,928.28,914.00,921.00,124876
17-Jun-13,922.00,935.60,920.50,925.00,11957
14-Jun-13,935.00,940.01,919.50,922.00,107754
13-Jun-13,906.50,936.39,906.50,921.00,30155
12-Jun-13,920.50,927.00,914.00,927.00,20554
11-Jun-13,925.00,932.00,904.50,922.50,30297
10-Jun-13,899.50,924.00,897.00,921.50,25792
7-Jun-13,884.50,897.00,881.50,897.00,12229
6-Jun-13,889.50,901.00,874.00,874.00,17250
5-Jun-13,897.50,903.00,882.00,894.50,25418
4-Jun-13,895.00,902.50,887.50,902.00,16286
3-Jun-13,891.00,899.88,863.48,890.00,43477
31-May-13,890.00,899.00,883.00,896.50,25816
30-May-13,861.00,888.44,861.00,885.00,15599
29-May-13,867.00,871.44,850.50,860.00,24164
28-May-13,870.00,872.18,850.50,867.00,37434
24-May-13,869.50,871.00,864.00,870.00,23419
23-May-13,872.00,880.00,865.50,871.00,20788
22-May-13,872.50,897.00,868.28,897.00,24931
21-May-13,856.50,874.00,845.86,874.00,30836
20-May-13,845.50,856.10,837.16,848.00,13268
17-May-13,845.00,845.00,831.80,840.50,30986
16-May-13,826.50,844.50,820.00,839.50,43097
15-May-13,829.50,835.10,816.00,821.00,62380
14-May-13,835.00,846.26,828.00,835.50,31533
13-May-13,848.00,852.26,837.14,838.50,11339
10-May-13,825.00,844.50,824.89,844.50,20546
9-May-13,822.50,835.00,820.44,833.50,21022
8-May-13,830.00,833.58,818.84,824.00,28005
7-May-13,824.50,830.49,822.00,825.00,20412
3-May-13,820.00,832.50,818.00,820.00,50500
2-May-13,870.00,870.00,820.00,821.50,45831
1-May-13,845.00,862.00,844.95,852.50,37173
30-Apr-13,851.50,858.96,837.84,845.00,18830
29-Apr-13,845.00,849.56,831.00,845.50,36118
26-Apr-13,858.50,858.50,840.00,840.50,25534
25-Apr-13,862.00,867.00,852.50,852.50,20463
24-Apr-13,857.50,865.50,851.00,861.50,42409
23-Apr-13,850.00,860.50,848.25,858.00,25971
22-Apr-13,853.50,853.75,840.00,845.00,19997
19-Apr-13,859.21,860.00,835.25,845.00,26408
18-Apr-13,867.50,881.76,858.50,858.50,29573
17-Apr-13,855.50,882.50,850.00,865.50,75264
16-Apr-13,850.00,858.00,847.65,855.50,89689
15-Apr-13,853.00,857.48,833.00,850.00,35216
12-Apr-13,830.00,852.00,830.00,849.00,33232
11-Apr-13,839.50,847.00,830.00,842.00,46772
10-Apr-13,843.50,854.06,816.92,841.00,101786
9-Apr-13,832.00,856.31,828.50,848.00,61049
8-Apr-13,830.00,836.50,826.00,836.50,32400
5-Apr-13,837.50,841.50,807.12,827.50,48327
4-Apr-13,854.50,854.50,825.00,832.00,55106
3-Apr-13,843.00,854.50,828.86,847.50,38606
2-Apr-13,835.50,853.18,835.50,840.00,29828
28-Mar-13,845.00,853.00,825.00,835.50,19505
27-Mar-13,855.00,860.14,825.00,829.00,45013
26-Mar-13,859.50,862.52,835.50,851.50,51099
25-Mar-13,820.50,891.50,812.30,841.50,59025
22-Mar-13,824.00,831.50,811.00,831.50,49521
21-Mar-13,817.50,824.32,801.02,820.00,34536
20-Mar-13,815.00,824.60,800.50,816.00,28142
19-Mar-13,826.00,830.66,815.00,815.50,61962
18-Mar-13,846.50,861.22,817.50,822.50,83052
15-Mar-13,811.00,853.50,798.50,853.50,157380
14-Mar-13,807.00,813.50,800.50,811.00,51006
13-Mar-13,809.50,809.50,792.70,804.00,30155
12-Mar-13,793.50,799.50,783.10,795.50,22116
11-Mar-13,815.00,817.11,784.00,788.50,30599
8-Mar-13,801.00,817.20,800.50,813.50,44485
7-Mar-13,785.00,801.50,780.00,801.50,38294
6-Mar-13,780.00,785.00,769.94,784.00,28422
5-Mar-13,764.00,779.60,754.50,776.45,25546
4-Mar-13,756.50,762.00,738.96,759.50,22873
1-Mar-13,750.50,762.00,739.48,762.00,29984
28-Feb-13,755.00,755.00,746.00,750.00,73722
27-Feb-13,758.50,764.50,748.50,750.00,34255
26-Feb-13,741.00,764.50,735.50,756.00,50253
25-Feb-13,769.00,769.84,754.50,768.00,23874
22-Feb-13,755.00,764.00,753.01,764.00,29701
21-Feb-13,760.00,766.00,750.72,765.00,16435
20-Feb-13,774.50,774.50,762.00,770.00,24836
19-Feb-13,780.00,780.00,760.50,762.50,34021
18-Feb-13,771.00,780.88,760.50,761.00,51488
15-Feb-13,780.00,782.50,772.00,778.00,25767
14-Feb-13,776.00,784.50,767.00,775.50,39651
13-Feb-13,765.00,778.70,765.00,773.00,62023
12-Feb-13,791.00,805.16,765.50,788.00,79550
11-Feb-13,814.50,821.22,790.00,791.50,35501
8-Feb-13,787.00,827.50,780.50,813.00,41770
7-Feb-13,786.00,811.00,771.00,784.00,68306
6-Feb-13,789.00,795.00,781.00,784.00,14510
5-Feb-13,776.00,787.00,771.35,784.50,24404
4-Feb-13,768.00,779.55,765.50,776.00,58553
1-Feb-13,765.00,772.00,754.65,767.00,47380
31-Jan-13,737.00,760.50,737.00,760.00,50341
30-Jan-13,750.00,757.50,744.60,750.50,47701
29-Jan-13,760.00,760.94,735.44,744.50,48671
28-Jan-13,775.00,775.00,748.75,760.00,34899
25-Jan-13,749.50,765.00,740.04,765.00,24900
24-Jan-13,745.50,757.00,745.00,746.00,31930
23-Jan-13,748.00,748.92,735.22,744.00,68662
22-Jan-13,747.50,749.68,731.50,744.50,19806
21-Jan-13,744.00,748.05,732.00,746.00,26257
18-Jan-13,741.50,743.00,730.88,740.50,33164
17-Jan-13,722.50,743.00,721.50,736.50,63319
16-Jan-13,710.00,719.50,707.62,719.50,53005
15-Jan-13,716.50,723.50,712.14,722.50,31649
14-Jan-13,713.50,719.50,698.49,713.50,39325
11-Jan-13,702.50,710.00,702.33,708.00,19182
10-Jan-13,715.30,719.00,699.38,700.00,34063
9-Jan-13,691.00,720.86,684.00,703.50,56189
8-Jan-13,687.00,710.50,686.00,710.00,42629
7-Jan-13,699.50,711.00,678.25,711.00,49442
4-Jan-13,682.00,691.00,678.00,680.50,8834
3-Jan-13,682.50,687.50,673.74,682.00,31054
2-Jan-13,700.00,707.64,681.00,683.00,45826
