31-Dec-15,755.50,762.50,755.50,761.00,6620
30-Dec-15,769.50,769.50,756.50,764.00,26951
29-Dec-15,747.00,768.50,742.50,751.95,87848
24-Dec-15,745.50,758.00,745.00,754.00,4746
23-Dec-15,752.50,765.00,749.00,755.45,45900
22-Dec-15,730.00,754.00,730.00,754.00,34007
21-Dec-15,751.00,751.00,738.50,738.50,23698
18-Dec-15,744.00,746.50,728.00,746.50,82151
16-Dec-15,728.00,731.00,700.50,730.00,104933
15-Dec-15,739.00,740.50,728.00,730.00,53511
14-Dec-15,745.00,751.00,736.00,739.61,105603
11-Dec-15,757.50,766.00,748.00,753.50,78238
10-Dec-15,749.00,751.00,736.50,740.94,91558
9-Dec-15,719.00,745.50,719.00,735.00,99952
8-Dec-15,741.00,741.00,730.35,735.00,77332
7-Dec-15,734.50,747.04,728.50,738.50,81854
4-Dec-15,729.00,735.50,726.32,733.50,49303
3-Dec-15,729.50,730.00,722.00,728.00,95055
2-Dec-15,717.50,724.00,714.00,724.00,85930
1-Dec-15,710.00,719.00,710.00,719.00,39351
30-Nov-15,692.00,711.00,687.00,710.00,74428
27-Nov-15,686.50,712.00,686.50,712.00,69813
26-Nov-15,685.00,705.00,676.00,702.50,66704
25-Nov-15,684.50,705.00,671.50,702.50,100662
24-Nov-15,689.00,689.00,660.12,670.00,81697
23-Nov-15,711.50,711.50,674.00,681.00,94987
20-Nov-15,716.50,716.50,690.00,700.00,76874
19-Nov-15,715.50,715.50,692.50,700.00,162728
18-Nov-15,694.00,710.32,694.00,700.00,83209
17-Nov-15,726.00,726.00,698.00,703.00,184442
16-Nov-15,628.50,750.00,618.00,716.00,369936
13-Nov-15,610.50,620.50,603.50,613.00,119966
12-Nov-15,635.00,635.50,600.29,610.00,187463
11-Nov-15,638.50,642.00,635.00,636.50,118000
10-Nov-15,641.00,658.99,635.00,637.00,80069
9-Nov-15,656.50,658.42,650.00,654.50,38022
6-Nov-15,659.00,659.50,646.81,657.50,60632
5-Nov-15,682.00,682.00,653.00,658.50,43066
4-Nov-15,663.50,675.00,659.85,666.50,121899
3-Nov-15,655.00,666.50,642.52,663.50,82852
2-Nov-15,649.00,651.50,644.20,649.00,38124
30-Oct-15,650.00,650.00,635.50,641.50,108612
29-Oct-15,643.50,646.50,636.50,639.00,35391
28-Oct-15,636.00,642.50,633.50,640.00,41936
27-Oct-15,637.50,650.00,637.50,641.50,63107
26-Oct-15,624.00,655.00,624.00,653.50,105648
23-Oct-15,620.50,642.50,620.50,638.00,97905
22-Oct-15,626.00,637.50,623.00,635.50,109972
21-Oct-15,640.00,640.00,628.00,632.50,100348
20-Oct-15,650.00,650.00,627.50,637.50,168418
19-Oct-15,663.50,663.50,638.50,641.00,63782
16-Oct-15,664.50,665.00,646.00,646.50,75300
15-Oct-15,662.00,672.55,660.00,664.00,50232
14-Oct-15,672.00,674.50,656.50,666.50,60368
13-Oct-15,694.00,694.00,670.42,672.00,100588
12-Oct-15,686.50,699.50,686.50,694.00,77165
9-Oct-15,689.50,701.00,680.50,700.50,61321
8-Oct-15,682.50,685.00,678.00,682.50,63390
7-Oct-15,690.00,691.00,681.00,685.00,28431
6-Oct-15,688.00,689.50,682.00,688.00,56225
5-Oct-15,688.50,688.50,678.50,684.00,80862
2-Oct-15,680.00,684.50,672.50,676.50,66482
1-Oct-15,664.00,678.50,663.00,676.00,81533
30-Sep-15,664.00,665.00,656.50,665.00,91494
29-Sep-15,650.00,661.00,650.00,656.50,135251
28-Sep-15,649.00,658.00,646.56,658.00,53719
25-Sep-15,636.00,653.50,633.50,652.00,139818
24-Sep-15,621.00,630.55,620.50,627.00,117006
23-Sep-15,624.00,628.00,617.00,623.00,60850
22-Sep-15,621.00,628.50,619.00,621.00,72389
21-Sep-15,635.00,638.50,625.50,627.00,132476
18-Sep-15,622.00,640.00,622.00,640.00,145363
17-Sep-15,640.00,643.00,632.00,635.00,128317
16-Sep-15,646.50,652.66,627.00,636.00,181629
15-Sep-15,636.00,655.23,636.00,648.00,58386
14-Sep-15,655.00,661.00,645.50,649.50,53316
11-Sep-15,653.00,658.00,652.00,655.00,80268
10-Sep-15,651.50,670.50,651.50,655.50,57307
9-Sep-15,661.00,670.50,651.00,664.00,113455
8-Sep-15,665.00,680.00,661.80,665.00,75841
7-Sep-15,661.00,675.00,661.00,666.00,60016
4-Sep-15,684.50,684.50,655.50,665.00,81298
3-Sep-15,661.00,698.00,660.00,682.00,419068
2-Sep-15,685.00,696.50,650.15,660.00,325845
1-Sep-15,725.50,727.12,711.39,715.50,40251
28-Aug-15,711.50,735.00,704.00,726.00,74533
27-Aug-15,718.00,723.00,700.50,709.00,86493
26-Aug-15,706.50,730.50,706.50,718.00,104005
25-Aug-15,707.50,730.00,706.50,725.00,72213
24-Aug-15,698.00,711.00,681.98,702.50,109444
21-Aug-15,729.50,729.50,700.00,713.50,43144
20-Aug-15,701.50,717.50,700.00,708.50,31245
19-Aug-15,700.00,724.50,700.00,712.50,31594
18-Aug-15,714.00,725.50,699.08,716.00,43450
17-Aug-15,730.50,730.50,712.96,719.50,14688
14-Aug-15,701.50,735.00,701.50,722.00,28144
13-Aug-15,733.50,733.50,718.50,725.00,37097
12-Aug-15,713.50,726.94,712.00,720.00,42446
11-Aug-15,729.50,729.50,720.50,727.00,14995
10-Aug-15,725.00,729.50,721.00,729.50,27046
7-Aug-15,739.00,739.00,705.31,722.00,22429
6-Aug-15,733.50,739.50,690.65,727.50,48499
5-Aug-15,736.50,736.50,715.50,733.50,44816
4-Aug-15,735.00,735.00,703.24,729.50,110240
3-Aug-15,777.00,777.00,664.51,729.00,46751
31-Jul-15,763.00,763.00,741.00,748.50,77950
30-Jul-15,765.00,778.30,755.00,756.50,58935
29-Jul-15,800.00,800.00,765.00,772.00,44818
28-Jul-15,751.50,780.25,751.50,765.00,23917
27-Jul-15,772.50,778.50,753.50,766.50,34487
24-Jul-15,770.00,790.00,770.00,775.00,29874
23-Jul-15,789.00,789.50,773.13,778.00,29620
22-Jul-15,771.50,782.00,770.00,782.00,17498
21-Jul-15,751.50,782.63,751.50,775.00,20518
20-Jul-15,794.00,794.00,770.00,780.00,17452
17-Jul-15,750.00,788.50,750.00,771.00,53503
16-Jul-15,818.50,818.50,754.00,771.50,49699
15-Jul-15,795.50,820.14,726.14,788.50,89273
14-Jul-15,810.00,831.23,806.50,820.00,49815
13-Jul-15,840.00,846.50,820.00,835.00,73026
10-Jul-15,840.00,840.00,812.00,821.00,44019
9-Jul-15,784.50,825.50,784.50,807.00,21153
8-Jul-15,830.00,830.00,791.00,799.00,67434
7-Jul-15,783.00,827.50,783.00,810.50,106947
6-Jul-15,783.50,821.50,783.50,805.00,15028
3-Jul-15,786.50,835.00,786.50,824.00,30958
2-Jul-15,783.00,836.50,783.00,829.00,33133
1-Jul-15,769.00,830.00,769.00,827.00,27861
30-Jun-15,767.50,816.50,767.50,808.00,52098
29-Jun-15,778.50,816.00,778.50,801.50,72136
26-Jun-15,788.00,829.00,788.00,829.00,73880
25-Jun-15,769.50,828.50,769.50,820.00,59180
24-Jun-15,830.00,830.00,796.50,807.50,31331
23-Jun-15,760.50,805.00,760.50,804.00,33886
22-Jun-15,818.00,825.00,789.00,800.00,69760
19-Jun-15,764.50,797.00,764.50,785.50,94242
18-Jun-15,800.00,807.50,781.00,784.00,34065
17-Jun-15,776.50,790.31,775.00,785.50,22509
16-Jun-15,756.50,780.00,756.50,780.00,42132
15-Jun-15,765.00,787.23,749.50,773.00,49906
12-Jun-15,770.00,794.00,765.00,773.50,35161
11-Jun-15,775.00,792.50,775.00,785.00,22158
10-Jun-15,765.00,791.50,765.00,785.00,22652
9-Jun-15,765.00,805.54,765.00,775.50,27247
8-Jun-15,765.50,815.00,765.50,792.50,11162
5-Jun-15,810.00,815.50,799.50,803.00,36104
4-Jun-15,796.00,816.00,796.00,812.50,33983
3-Jun-15,840.00,840.00,806.00,809.50,65814
2-Jun-15,834.00,834.00,802.50,808.00,48846
1-Jun-15,800.00,827.50,800.00,816.50,16864
29-May-15,776.00,822.42,776.00,808.50,68259
28-May-15,771.00,822.50,771.00,815.50,39817
27-May-15,796.00,812.50,796.00,811.00,49789
26-May-15,793.00,811.00,792.41,800.50,41229
22-May-15,765.00,810.00,765.00,796.00,52657
21-May-15,751.50,786.00,751.50,779.68,46341
20-May-15,779.50,790.50,779.50,788.50,33904
19-May-15,786.00,793.00,782.50,790.00,83504
18-May-15,785.00,805.79,785.00,790.50,54298
15-May-15,801.50,816.00,798.00,810.50,47542
14-May-15,801.50,810.50,784.50,800.00,75959
13-May-15,796.50,813.89,795.00,797.00,77334
12-May-15,785.00,803.56,753.50,800.50,75605
11-May-15,805.50,826.54,785.36,792.00,73332
8-May-15,838.00,916.50,820.00,847.00,119650
7-May-15,771.00,809.00,770.00,802.00,61723
6-May-15,820.00,823.00,720.75,758.50,51830
5-May-15,841.50,841.50,809.50,816.00,75696
1-May-15,802.50,806.00,776.00,804.00,15892
30-Apr-15,818.50,818.50,781.50,795.00,40364
29-Apr-15,830.00,830.00,800.00,802.00,38132
28-Apr-15,819.00,835.00,809.46,815.00,68788
27-Apr-15,795.00,829.00,795.00,815.50,25419
24-Apr-15,770.00,822.50,770.00,822.50,82053
23-Apr-15,795.00,800.00,781.52,788.50,25272
22-Apr-15,797.50,805.00,786.50,793.00,64220
21-Apr-15,808.00,810.00,790.00,793.00,79784
20-Apr-15,800.00,821.08,800.00,808.00,46493
17-Apr-15,848.00,848.00,802.46,818.50,25913
16-Apr-15,865.00,865.00,802.16,821.00,72878
15-Apr-15,840.00,840.00,812.00,824.00,33992
14-Apr-15,850.00,850.00,820.00,840.00,45039
13-Apr-15,800.00,838.50,800.00,834.00,34206
10-Apr-15,865.00,865.00,805.00,832.50,59331
9-Apr-15,828.00,844.50,789.44,827.50,49088
8-Apr-15,822.00,835.50,815.13,830.00,29533
7-Apr-15,845.00,845.00,815.00,821.50,30852
2-Apr-15,820.00,820.00,796.00,816.00,45117
1-Apr-15,839.50,839.50,795.50,797.00,105616
31-Mar-15,840.00,840.00,800.50,801.50,68954
30-Mar-15,848.00,848.00,794.50,809.00,54314
27-Mar-15,854.50,854.50,804.50,811.00,27053
26-Mar-15,844.00,844.00,803.73,818.00,44627
25-Mar-15,826.50,832.88,787.58,818.00,43207
24-Mar-15,881.50,881.50,822.94,824.50,26306
23-Mar-15,850.00,868.50,836.98,840.00,59850
20-Mar-15,867.50,870.00,840.50,859.87,118411
19-Mar-15,900.00,900.00,832.67,865.50,36558
18-Mar-15,804.00,878.50,804.00,864.00,49093
17-Mar-15,830.00,844.25,811.00,840.00,18848
16-Mar-15,853.00,853.00,804.00,820.00,31556
13-Mar-15,782.00,819.50,777.00,815.00,60879
12-Mar-15,808.50,808.50,755.20,765.50,44560
11-Mar-15,750.00,774.00,749.50,770.00,26881
10-Mar-15,774.50,785.50,760.00,775.00,23279
9-Mar-15,757.50,803.50,757.50,790.00,22657
6-Mar-15,805.00,805.00,780.00,792.00,20725
5-Mar-15,805.00,805.00,790.00,799.50,54497
4-Mar-15,790.00,805.00,772.50,805.00,44314
3-Mar-15,793.50,793.50,760.50,765.50,35863
2-Mar-15,761.50,825.00,761.50,786.50,21435
27-Feb-15,805.00,805.00,791.00,798.00,21193
26-Feb-15,832.50,832.50,780.30,798.00,38811
25-Feb-15,785.00,799.00,785.00,799.00,30343
24-Feb-15,835.50,835.50,782.50,800.00,41067
23-Feb-15,825.00,825.00,775.00,801.00,20621
20-Feb-15,819.50,819.50,776.24,795.00,37334
19-Feb-15,758.00,804.50,747.89,785.00,24525
18-Feb-15,758.00,758.00,750.00,757.50,39963
17-Feb-15,758.00,758.00,745.00,756.50,29759
16-Feb-15,757.00,788.50,755.87,759.50,29583
13-Feb-15,790.00,790.00,756.50,778.00,53755
12-Feb-15,755.00,784.50,753.51,780.00,38604
11-Feb-15,826.00,826.00,782.00,795.00,24067
10-Feb-15,755.00,799.50,755.00,790.00,20237
9-Feb-15,790.00,790.00,776.00,781.50,15890
6-Feb-15,763.00,798.50,757.50,792.00,37593
5-Feb-15,729.00,774.50,729.00,764.00,26732
4-Feb-15,736.50,788.00,700.79,768.00,38932
3-Feb-15,756.00,791.00,756.00,775.50,27184
2-Feb-15,723.00,783.50,723.00,775.00,29174
30-Jan-15,727.00,764.50,727.00,756.50,18283
29-Jan-15,731.50,765.00,731.50,757.50,30425
28-Jan-15,766.50,784.50,728.83,759.50,23068
27-Jan-15,784.00,784.00,756.00,770.00,43847
26-Jan-15,785.00,807.00,754.50,764.50,20339
23-Jan-15,757.00,757.00,747.50,750.00,51104
22-Jan-15,789.50,789.50,750.00,755.50,21319
21-Jan-15,750.00,761.06,740.05,755.00,13217
20-Jan-15,786.50,786.50,755.02,759.00,18338
19-Jan-15,720.00,762.50,720.00,753.50,32055
16-Jan-15,757.00,759.50,720.00,743.00,62134
15-Jan-15,720.00,731.50,720.00,722.00,21060
14-Jan-15,751.00,751.00,720.00,725.00,31257
13-Jan-15,744.00,750.00,714.77,730.00,31935
12-Jan-15,748.50,748.50,693.32,725.00,25415
9-Jan-15,744.00,744.00,714.00,720.00,8537
8-Jan-15,683.50,744.50,683.50,712.00,54661
7-Jan-15,691.00,723.00,691.00,719.00,34738
6-Jan-15,732.00,732.00,720.00,725.00,25514
5-Jan-15,713.00,724.50,711.50,718.00,28162
31-Dec-14,681.00,709.50,681.00,709.00,6617
30-Dec-14,744.50,744.50,713.00,715.50,14363
29-Dec-14,710.00,720.50,709.50,713.00,59870
24-Dec-14,684.50,725.46,684.50,713.00,12306
23-Dec-14,723.00,744.50,704.14,720.50,25977
22-Dec-14,749.00,749.00,719.50,726.50,9171
19-Dec-14,689.50,728.00,689.50,715.00,114584
18-Dec-14,698.50,737.00,698.50,719.00,35929
17-Dec-14,753.00,753.00,710.50,726.50,44680
16-Dec-14,693.50,722.00,693.50,715.00,88962
15-Dec-14,731.00,739.50,725.00,727.00,24373
12-Dec-14,769.50,769.50,731.00,731.00,24284
11-Dec-14,791.00,791.00,735.50,749.50,37862
10-Dec-14,765.00,786.50,750.00,750.00,42587
9-Dec-14,802.50,802.50,747.52,769.00,64593
8-Dec-14,782.50,782.50,757.80,772.50,16744
5-Dec-14,740.00,774.00,740.00,764.00,27692
4-Dec-14,739.50,750.00,734.00,748.00,25310
3-Dec-14,739.50,739.50,722.00,729.00,35002
2-Dec-14,705.50,731.00,705.50,730.00,32935
1-Dec-14,698.50,736.50,696.50,722.00,27917
28-Nov-14,694.50,720.00,688.50,714.50,16872
27-Nov-14,696.00,722.50,696.00,715.00,24766
26-Nov-14,706.50,709.00,686.56,704.71,99732
25-Nov-14,709.50,709.50,681.50,690.35,45088
24-Nov-14,715.00,715.00,685.00,692.50,22568
21-Nov-14,704.00,705.50,682.50,685.00,20334
20-Nov-14,678.00,710.50,678.00,705.50,25776
19-Nov-14,701.50,701.50,679.35,687.00,45296
18-Nov-14,713.00,724.00,684.00,686.00,29093
17-Nov-14,664.50,699.00,664.50,698.00,21074
14-Nov-14,686.00,705.50,677.00,685.00,14055
13-Nov-14,698.50,700.00,695.00,695.50,15330
12-Nov-14,682.50,710.50,675.50,698.00,25157
11-Nov-14,721.00,728.50,694.50,698.50,18012
10-Nov-14,697.00,711.28,697.00,703.50,20409
7-Nov-14,717.50,720.00,692.50,720.00,51459
6-Nov-14,724.50,724.50,680.50,699.50,53149
5-Nov-14,717.00,731.50,689.61,710.00,29621
4-Nov-14,723.00,732.00,705.50,714.00,44486
3-Nov-14,709.50,711.00,690.24,708.00,40829
31-Oct-14,698.50,700.00,682.00,690.00,39684
30-Oct-14,668.00,695.50,668.00,685.00,25430
29-Oct-14,673.50,682.00,666.00,681.00,20029
28-Oct-14,653.50,681.50,653.50,675.00,21863
27-Oct-14,660.50,682.50,655.50,670.50,21131
24-Oct-14,691.50,691.50,656.50,673.50,18138
23-Oct-14,690.00,690.00,658.50,675.00,39429
22-Oct-14,674.00,676.00,660.83,674.00,39760
21-Oct-14,651.50,671.50,651.50,670.00,39798
20-Oct-14,669.50,670.00,661.50,669.50,36298
17-Oct-14,669.50,669.50,650.00,650.00,66433
16-Oct-14,665.50,669.50,631.00,655.50,68617
15-Oct-14,658.50,676.50,658.50,662.50,42644
14-Oct-14,634.00,662.00,632.16,658.00,23678
13-Oct-14,657.00,662.00,644.50,648.00,56262
10-Oct-14,645.50,680.00,645.50,666.50,52463
9-Oct-14,678.50,686.00,655.50,665.50,27065
8-Oct-14,694.50,694.50,658.00,670.50,37825
7-Oct-14,718.00,718.00,690.00,692.50,91045
6-Oct-14,701.00,706.00,697.00,701.00,53072
3-Oct-14,696.50,723.00,688.00,703.00,51487
2-Oct-14,684.00,695.00,680.00,683.00,36866
1-Oct-14,679.50,691.50,679.50,685.73,27016
30-Sep-14,680.50,694.50,674.00,678.01,36753
29-Sep-14,685.00,689.50,675.50,685.50,19654
26-Sep-14,669.00,712.50,669.00,685.00,23622
25-Sep-14,702.00,706.50,684.50,686.00,34731
24-Sep-14,721.00,721.00,702.00,705.00,24313
23-Sep-14,721.00,721.00,696.00,703.00,30224
22-Sep-14,689.50,713.00,689.50,704.50,26786
19-Sep-14,707.50,735.00,694.93,720.00,118257
18-Sep-14,674.00,705.50,673.88,703.00,29109
17-Sep-14,677.00,696.50,672.00,673.56,28960
16-Sep-14,693.50,693.50,666.00,670.53,18888
15-Sep-14,671.50,692.50,671.50,675.00,19259
12-Sep-14,660.00,690.00,660.00,685.50,57018
11-Sep-14,689.00,691.50,662.00,672.60,40522
10-Sep-14,670.00,683.50,670.00,676.73,27963
9-Sep-14,696.50,696.50,670.50,679.50,22562
8-Sep-14,680.00,682.50,640.00,657.56,37064
5-Sep-14,697.50,697.50,680.00,680.00,7910
4-Sep-14,686.50,695.50,675.00,685.00,28288
3-Sep-14,709.00,709.00,682.50,686.00,20323
2-Sep-14,691.50,694.50,680.50,690.00,36870
1-Sep-14,699.50,699.50,682.00,691.00,13445
29-Aug-14,704.00,704.00,679.00,687.00,22012
28-Aug-14,698.50,714.00,675.00,700.95,83401
27-Aug-14,703.00,705.50,686.03,700.00,39582
26-Aug-14,698.50,698.50,682.00,683.50,22181
22-Aug-14,685.50,692.00,678.50,681.50,25502
21-Aug-14,679.00,704.50,651.75,686.00,47667
20-Aug-14,658.00,676.50,646.00,668.50,36467
19-Aug-14,660.00,676.50,643.00,652.00,43153
18-Aug-14,675.00,675.00,652.94,675.00,19714
15-Aug-14,679.50,687.00,672.00,675.00,20210
14-Aug-14,675.00,681.00,657.50,679.00,28280
13-Aug-14,650.50,664.58,649.00,661.50,66576
12-Aug-14,659.50,659.50,652.50,653.50,33933
11-Aug-14,651.50,666.98,650.00,655.98,18446
8-Aug-14,648.00,657.50,643.50,651.00,42706
7-Aug-14,650.50,659.00,650.50,650.50,26754
6-Aug-14,645.00,656.00,645.00,651.00,46191
5-Aug-14,640.00,652.50,640.00,651.50,28150
4-Aug-14,627.50,658.00,627.50,641.50,39342
1-Aug-14,627.50,646.50,627.50,640.00,40147
31-Jul-14,650.00,650.00,627.00,640.00,70013
30-Jul-14,651.00,651.50,629.50,638.00,51506
29-Jul-14,630.00,635.50,622.00,625.00,58832
28-Jul-14,630.00,639.50,630.00,630.50,30709
25-Jul-14,636.50,642.00,630.00,630.50,78444
24-Jul-14,634.50,639.50,620.00,632.50,32192
23-Jul-14,643.50,643.50,618.50,626.00,47414
22-Jul-14,622.00,630.38,613.50,627.00,15719
21-Jul-14,635.50,635.50,616.50,625.00,27836
18-Jul-14,641.00,641.00,611.50,625.50,36953
17-Jul-14,621.50,633.00,611.50,630.00,46683
16-Jul-14,637.50,637.50,617.90,620.50,56475
15-Jul-14,626.50,638.50,619.50,619.50,45918
14-Jul-14,630.00,631.00,624.81,630.00,75410
11-Jul-14,614.00,641.50,614.00,627.50,26230
10-Jul-14,641.00,650.00,628.00,630.00,39541
9-Jul-14,647.00,650.67,638.50,641.50,41105
8-Jul-14,644.00,654.00,642.00,647.00,65932
7-Jul-14,655.00,660.50,647.50,650.00,27959
4-Jul-14,669.50,669.50,656.50,657.50,20492
3-Jul-14,654.00,670.50,649.50,668.00,40827
2-Jul-14,658.00,662.00,653.50,655.00,29912
1-Jul-14,646.50,660.50,642.00,659.50,41301
30-Jun-14,643.50,649.00,634.00,641.00,58939
27-Jun-14,636.00,665.50,634.22,638.50,28821
26-Jun-14,626.50,650.50,626.50,638.50,46327
25-Jun-14,651.00,651.00,627.50,635.00,44173
24-Jun-14,630.00,638.32,630.00,635.00,67217
23-Jun-14,625.00,646.50,625.00,635.00,28055
20-Jun-14,625.00,651.00,625.00,645.00,85470
19-Jun-14,629.00,634.50,627.50,630.00,93026
18-Jun-14,625.00,638.90,603.84,625.00,43836
17-Jun-14,626.50,632.50,610.00,612.50,75727
16-Jun-14,646.00,646.00,620.00,625.00,48209
13-Jun-14,636.00,636.00,613.00,631.50,53762
12-Jun-14,628.00,633.00,619.50,630.00,96124
11-Jun-14,639.50,639.50,618.00,625.50,36472
10-Jun-14,659.50,659.50,617.34,639.50,25771
9-Jun-14,659.00,666.50,627.82,641.50,32820
6-Jun-14,637.50,651.50,637.50,644.00,55858
5-Jun-14,653.50,666.50,644.00,648.50,28621
4-Jun-14,632.50,670.89,632.50,655.50,21739
3-Jun-14,666.50,666.50,639.50,645.00,32715
2-Jun-14,641.50,657.50,641.50,653.69,37068
30-May-14,632.00,654.00,625.46,639.20,117589
29-May-14,618.50,637.60,617.38,627.23,38838
28-May-14,635.00,636.00,624.94,630.00,48244
27-May-14,621.00,640.00,621.00,636.95,44848
23-May-14,615.50,631.50,615.50,619.35,59128
22-May-14,630.50,635.50,619.50,624.88,53783
21-May-14,634.00,634.00,609.92,623.50,29093
20-May-14,621.50,635.50,621.50,622.50,34123
19-May-14,621.50,642.50,620.00,620.00,49416
16-May-14,648.50,673.90,620.00,637.50,48728
15-May-14,660.50,667.50,648.00,662.45,64711
14-May-14,685.50,685.50,658.00,666.00,22224
13-May-14,694.50,694.50,669.00,672.00,56785
12-May-14,674.50,704.50,672.00,678.00,56148
9-May-14,693.00,703.74,688.90,690.00,27399
8-May-14,690.50,702.00,677.00,699.00,48044
7-May-14,665.00,689.00,663.00,674.50,21299
6-May-14,658.50,682.94,655.50,672.50,30463
2-May-14,682.00,684.50,652.00,672.50,47025
1-May-14,706.50,706.50,665.00,667.00,9697
30-Apr-14,688.00,688.00,655.00,658.50,55907
29-Apr-14,674.50,686.50,668.50,675.50,31128
28-Apr-14,676.00,676.00,646.00,663.00,28014
25-Apr-14,675.50,675.50,649.50,663.50,31162
24-Apr-14,661.00,684.50,657.00,666.00,47922
23-Apr-14,648.00,666.75,648.00,661.00,36387
22-Apr-14,655.00,671.50,642.47,662.00,85601
17-Apr-14,692.00,692.00,648.32,667.61,39680
16-Apr-14,687.00,692.00,672.00,684.00,111592
15-Apr-14,668.00,695.50,668.00,674.50,26497
14-Apr-14,666.00,679.00,649.68,679.00,34148
11-Apr-14,680.50,692.50,668.00,670.00,47320
10-Apr-14,700.00,702.50,677.50,692.60,38514
9-Apr-14,705.00,722.00,693.50,698.00,35394
8-Apr-14,738.00,744.00,700.00,706.00,43809
7-Apr-14,723.50,734.00,712.50,722.00,27123
4-Apr-14,688.00,728.50,688.00,720.00,30515
3-Apr-14,698.00,717.50,688.00,711.69,53353
2-Apr-14,720.00,720.00,710.00,714.00,44724
1-Apr-14,713.50,727.00,700.00,720.50,31610
31-Mar-14,734.50,734.50,711.92,717.50,34449
28-Mar-14,707.50,726.12,707.50,716.10,22664
27-Mar-14,723.50,746.22,721.47,724.00,48109
26-Mar-14,724.50,747.00,711.00,728.50,40804
25-Mar-14,690.00,727.50,675.32,710.00,42027
24-Mar-14,650.00,722.00,650.00,695.90,390755
21-Mar-14,772.00,787.75,755.00,760.00,102699
20-Mar-14,733.50,799.50,733.50,775.00,48654
19-Mar-14,762.00,772.88,731.00,739.50,25613
18-Mar-14,746.50,768.46,729.70,750.00,24441
17-Mar-14,752.50,772.00,748.04,758.00,22637
14-Mar-14,734.50,765.00,734.00,759.00,15451
13-Mar-14,751.00,765.00,739.50,749.50,13134
12-Mar-14,774.50,777.50,752.00,759.00,37089
11-Mar-14,767.50,772.00,759.50,764.50,14556
10-Mar-14,772.00,779.00,753.50,767.50,28235
7-Mar-14,752.50,773.00,752.50,762.00,17668
6-Mar-14,779.50,780.00,744.00,766.00,46163
5-Mar-14,749.50,769.50,740.00,762.00,33983
4-Mar-14,750.50,757.50,749.50,755.50,24221
3-Mar-14,752.00,761.50,747.50,749.00,43170
28-Feb-14,742.50,777.00,741.50,774.00,59226
27-Feb-14,732.00,745.50,725.00,744.00,13182
26-Feb-14,760.00,760.00,737.00,740.75,73415
25-Feb-14,746.50,760.00,732.00,747.50,76544
24-Feb-14,741.50,756.00,729.50,756.00,57491
21-Feb-14,765.50,765.50,733.00,733.00,25297
20-Feb-14,732.50,744.50,731.50,743.00,10600
19-Feb-14,745.00,766.00,732.50,742.00,17867
18-Feb-14,736.50,764.00,735.50,758.00,39050
17-Feb-14,735.50,752.00,735.50,740.50,40597
14-Feb-14,715.00,756.00,704.50,747.00,62362
13-Feb-14,683.00,710.00,683.00,700.00,29288
12-Feb-14,682.50,700.00,682.50,696.50,15184
11-Feb-14,678.00,700.00,678.00,701.40,39045
10-Feb-14,695.00,698.50,681.00,691.50,41177
7-Feb-14,680.50,690.00,680.50,687.50,31300
6-Feb-14,686.00,693.00,682.00,693.00,53539
5-Feb-14,683.50,694.50,680.00,682.00,20044
4-Feb-14,694.00,700.00,687.50,688.00,71880
3-Feb-14,674.00,702.00,674.00,699.50,39050
31-Jan-14,684.00,700.00,684.00,695.00,52108
30-Jan-14,687.50,702.00,687.50,695.00,41604
29-Jan-14,677.00,705.00,677.00,700.00,107702
28-Jan-14,684.50,693.00,676.00,691.00,21230
27-Jan-14,705.00,705.00,682.50,686.00,64704
24-Jan-14,698.50,699.00,687.50,691.00,49039
23-Jan-14,687.50,709.00,687.50,699.00,22527
22-Jan-14,691.00,716.50,691.00,704.00,53200
21-Jan-14,695.00,712.00,691.00,693.00,33983
20-Jan-14,691.00,708.00,691.00,698.00,42031
17-Jan-14,709.50,710.00,675.00,695.00,48044
16-Jan-14,690.50,698.50,690.50,695.00,63347
15-Jan-14,700.50,709.00,687.50,695.00,75983
14-Jan-14,728.50,728.50,706.50,710.00,30554
13-Jan-14,721.50,734.00,708.50,720.00,23710
10-Jan-14,715.00,718.50,709.50,717.00,37167
9-Jan-14,724.00,729.00,712.00,719.50,21993
8-Jan-14,746.50,747.50,715.50,715.50,21567
7-Jan-14,739.00,744.50,719.50,744.50,18219
6-Jan-14,717.50,738.00,710.00,723.00,39840
3-Jan-14,700.00,715.50,690.50,700.00,41217
2-Jan-14,711.50,711.50,679.50,698.00,14957
31-Dec-13,690.00,698.50,665.50,675.00,43720
30-Dec-13,711.50,711.50,699.00,699.00,14401
27-Dec-13,709.50,714.00,697.00,710.50,6012
24-Dec-13,714.50,714.50,699.50,700.00,6684
23-Dec-13,708.00,709.50,699.50,709.50,9084
20-Dec-13,695.50,720.00,690.00,700.00,90678
19-Dec-13,695.00,722.50,695.00,710.00,35071
18-Dec-13,698.00,715.00,698.00,710.00,14108
17-Dec-13,710.50,727.00,705.00,714.50,63711
16-Dec-13,728.00,728.00,698.50,715.00,21272
13-Dec-13,723.00,723.00,692.00,717.50,16583
12-Dec-13,699.50,712.50,692.50,697.00,33073
11-Dec-13,712.50,715.00,699.00,706.50,34535
10-Dec-13,713.50,716.50,702.00,703.50,17049
9-Dec-13,688.00,712.50,688.00,705.50,27217
6-Dec-13,705.50,709.00,669.50,700.00,64659
5-Dec-13,675.50,707.00,675.50,693.00,50952
4-Dec-13,698.50,698.50,680.50,692.00,22514
3-Dec-13,684.50,712.50,675.50,687.00,53470
2-Dec-13,710.50,710.50,695.50,699.00,35349
29-Nov-13,708.00,730.50,698.50,700.00,38280
28-Nov-13,710.50,718.00,686.00,695.00,38537
27-Nov-13,728.00,737.00,714.50,715.00,34084
26-Nov-13,705.00,743.00,705.00,734.50,128944
25-Nov-13,719.50,727.50,700.00,727.33,45682
22-Nov-13,699.50,723.50,686.50,700.00,26515
21-Nov-13,699.50,715.00,687.00,700.50,48824
20-Nov-13,667.00,705.00,663.50,700.00,40013
19-Nov-13,657.50,677.00,656.50,664.00,48589
18-Nov-13,643.50,664.00,643.50,655.20,48727
15-Nov-13,662.50,668.50,657.00,666.50,33570
14-Nov-13,653.50,685.50,653.50,665.68,39994
13-Nov-13,656.00,675.00,640.50,644.79,45370
12-Nov-13,665.00,681.50,663.50,663.50,23815
11-Nov-13,685.00,685.00,669.50,670.00,55804
8-Nov-13,683.00,683.00,668.00,668.50,26479
7-Nov-13,682.50,705.00,671.50,685.00,24350
6-Nov-13,676.00,697.00,673.00,686.50,30165
5-Nov-13,694.00,696.50,671.00,690.00,21045
4-Nov-13,681.00,722.00,681.00,686.00,33490
1-Nov-13,687.00,694.00,676.50,690.00,20660
31-Oct-13,695.00,707.50,674.00,693.00,53768
30-Oct-13,677.00,687.00,668.50,687.00,26383
29-Oct-13,689.50,689.50,668.00,682.00,33168
28-Oct-13,680.50,688.00,655.50,673.50,19212
25-Oct-13,666.50,702.50,666.50,690.00,69306
24-Oct-13,680.00,680.00,674.00,674.00,20153
23-Oct-13,686.00,688.50,672.00,680.00,27554
22-Oct-13,696.50,697.50,659.00,680.00,16274
21-Oct-13,685.50,688.00,673.50,688.00,11631
18-Oct-13,667.50,690.00,654.00,688.00,19546
17-Oct-13,654.50,665.00,645.00,662.00,42123
16-Oct-13,671.00,671.00,629.00,660.50,29781
15-Oct-13,638.50,665.00,637.00,655.00,20114
14-Oct-13,632.00,646.00,621.00,645.50,18068
11-Oct-13,617.50,628.00,614.00,615.00,17531
10-Oct-13,638.50,638.50,617.00,631.00,33685
9-Oct-13,630.00,630.00,607.00,616.50,27007
8-Oct-13,614.00,625.50,611.50,611.50,12372
7-Oct-13,615.00,620.00,605.00,620.00,13509
4-Oct-13,628.50,633.00,621.00,622.50,16736
3-Oct-13,642.50,659.00,610.50,632.50,29444
2-Oct-13,665.50,665.50,644.00,657.50,7949
1-Oct-13,651.50,668.00,650.50,651.00,30852
30-Sep-13,656.50,658.50,630.50,653.00,33162
27-Sep-13,646.50,650.50,634.50,650.00,21440
26-Sep-13,639.50,653.00,639.50,650.00,35140
25-Sep-13,635.50,640.00,625.50,632.50,35622
24-Sep-13,609.00,644.00,604.00,636.00,65602
20-Sep-13,616.00,624.50,605.00,605.00,100176
19-Sep-13,643.50,643.50,606.50,615.00,58846
18-Sep-13,622.00,622.50,609.00,622.50,34929
17-Sep-13,636.00,640.00,610.50,617.50,90555
16-Sep-13,660.00,660.00,630.00,632.00,19827
13-Sep-13,651.00,653.00,633.00,633.00,33465
12-Sep-13,653.00,686.00,643.50,646.00,15422
11-Sep-13,659.00,665.00,650.00,661.00,22428
10-Sep-13,647.50,655.00,640.00,650.50,26262
9-Sep-13,640.00,644.50,625.00,644.50,16587
6-Sep-13,650.00,660.50,635.00,640.00,33151
5-Sep-13,640.00,651.50,627.50,633.59,23006
4-Sep-13,637.00,637.00,615.50,633.50,18125
3-Sep-13,629.00,635.50,619.50,635.00,23067
2-Sep-13,630.00,638.00,601.00,628.00,39367
30-Aug-13,605.50,607.50,583.00,600.00,25634
29-Aug-13,623.50,623.50,593.00,605.50,65833
28-Aug-13,619.00,624.50,605.50,623.50,29729
27-Aug-13,639.00,645.50,621.00,624.00,34617
23-Aug-13,642.50,642.50,631.50,642.00,24880
22-Aug-13,615.00,638.00,605.00,636.50,72110
21-Aug-13,606.00,606.00,592.50,600.00,62835
20-Aug-13,620.00,620.00,596.50,607.00,27196
19-Aug-13,623.50,627.50,609.00,615.00,53956
16-Aug-13,613.50,625.00,606.00,625.00,15498
15-Aug-13,618.00,632.00,605.00,615.00,46294
14-Aug-13,627.00,637.50,618.00,635.00,9106
13-Aug-13,644.50,646.00,630.00,630.00,25652
12-Aug-13,646.00,646.00,622.50,635.00,18006
9-Aug-13,617.50,652.50,617.00,630.00,44026
8-Aug-13,611.50,635.00,610.50,612.50,22037
7-Aug-13,599.50,610.50,597.00,603.00,39869
6-Aug-13,592.00,602.50,590.00,600.00,32838
5-Aug-13,581.50,600.00,581.50,594.50,23411
2-Aug-13,582.00,597.50,577.50,594.00,37381
1-Aug-13,578.00,585.00,577.00,582.00,18453
31-Jul-13,568.50,578.50,568.50,575.00,27213
30-Jul-13,568.50,578.00,564.00,567.00,14708
29-Jul-13,568.50,576.50,567.50,569.00,52858
26-Jul-13,581.00,581.00,570.00,570.50,12873
25-Jul-13,580.00,587.00,573.00,575.00,48474
24-Jul-13,600.00,600.00,592.00,595.00,28546
23-Jul-13,598.50,602.50,597.00,600.00,18902
22-Jul-13,616.00,616.00,595.50,595.50,45654
19-Jul-13,607.50,617.50,598.50,617.50,110619
18-Jul-13,598.00,608.50,588.00,606.00,17879
17-Jul-13,594.50,598.34,583.00,590.00,19315
16-Jul-13,594.50,599.50,588.22,599.50,24117
15-Jul-13,604.00,605.65,594.00,597.00,62314
12-Jul-13,599.00,602.50,586.50,600.00,28355
11-Jul-13,608.50,608.50,596.03,601.00,62570
10-Jul-13,598.00,601.00,590.00,592.00,33985
9-Jul-13,604.00,604.00,599.00,600.00,41201
8-Jul-13,595.00,604.00,592.40,600.00,87484
5-Jul-13,592.50,608.00,585.50,600.50,59283
4-Jul-13,570.00,588.00,564.50,588.00,51370
3-Jul-13,570.00,571.00,556.00,562.50,38544
2-Jul-13,569.50,574.50,553.00,574.50,36047
1-Jul-13,564.00,568.00,559.00,565.00,13460
28-Jun-13,569.00,569.00,555.50,560.50,37984
27-Jun-13,558.00,563.42,549.50,559.50,19701
26-Jun-13,554.00,559.50,552.00,556.50,55591
25-Jun-13,557.50,559.00,547.40,551.50,57433
24-Jun-13,560.00,561.38,551.00,552.00,35492
21-Jun-13,561.00,571.50,555.00,561.50,149834
20-Jun-13,562.00,567.28,557.50,557.50,39800
19-Jun-13,569.50,569.50,556.50,566.00,91463
18-Jun-13,568.00,570.42,560.00,561.31,35294
17-Jun-13,563.00,567.00,555.00,567.00,54143
14-Jun-13,560.00,564.50,555.00,560.00,47117
13-Jun-13,550.00,557.00,550.00,554.00,43001
12-Jun-13,549.00,554.00,549.00,554.00,20600
11-Jun-13,551.50,551.72,538.96,546.00,43116
10-Jun-13,552.00,552.00,541.40,543.50,20906
7-Jun-13,559.00,559.00,535.50,542.50,41474
6-Jun-13,548.00,565.00,540.00,541.00,39156
5-Jun-13,538.00,548.36,538.00,545.00,64249
4-Jun-13,536.00,547.50,530.50,545.00,33110
3-Jun-13,531.00,539.00,528.00,530.00,23350
31-May-13,545.00,545.00,527.00,529.99,40465
30-May-13,558.50,558.50,535.00,540.00,99998
29-May-13,562.50,563.50,541.24,548.00,82177
28-May-13,562.50,564.98,556.69,563.00,27184
24-May-13,582.50,582.60,553.00,553.00,43658
23-May-13,589.50,589.50,571.00,573.00,71083
22-May-13,595.00,595.00,589.50,591.50,25006
21-May-13,592.00,596.50,589.00,595.00,27737
20-May-13,590.00,592.42,580.10,583.50,20807
17-May-13,576.00,583.00,575.50,583.00,12577
16-May-13,575.00,576.15,566.95,575.00,60763
15-May-13,574.50,584.00,569.50,572.86,53743
14-May-13,580.50,585.00,571.50,580.00,116883
13-May-13,587.50,595.00,575.00,582.00,72688
10-May-13,590.50,599.50,587.00,599.50,21186
9-May-13,587.50,598.00,587.50,596.50,70028
8-May-13,604.00,604.00,583.50,590.00,27765
7-May-13,595.50,602.00,581.50,586.00,56711
3-May-13,597.00,607.00,595.50,600.42,61152
2-May-13,590.00,596.98,585.00,594.00,88692
1-May-13,574.50,591.50,564.88,591.50,30690
30-Apr-13,577.50,579.50,564.00,570.50,66967
29-Apr-13,575.50,586.66,572.58,574.50,20805
26-Apr-13,591.00,592.50,573.00,573.00,63884
25-Apr-13,580.50,591.50,580.50,587.50,50795
24-Apr-13,565.50,580.00,560.00,580.00,59608
23-Apr-13,552.00,558.50,545.50,558.00,34220
22-Apr-13,557.50,561.50,543.00,550.00,102798
19-Apr-13,552.00,557.00,545.00,556.00,61941
18-Apr-13,556.00,556.00,535.50,548.00,74534
17-Apr-13,545.50,552.50,542.50,543.00,33962
16-Apr-13,545.50,549.50,537.50,545.50,97315
15-Apr-13,548.00,551.50,526.50,540.00,122722
12-Apr-13,554.00,558.00,541.50,550.00,65722
11-Apr-13,546.00,558.00,546.00,556.50,102674
10-Apr-13,536.50,550.00,536.50,550.00,68625
9-Apr-13,540.00,545.00,515.25,540.00,96407
8-Apr-13,542.00,550.00,532.00,546.00,50886
5-Apr-13,555.50,555.50,527.21,544.50,79334
4-Apr-13,561.00,561.00,540.76,552.00,102205
3-Apr-13,564.00,564.00,548.77,558.50,42729
2-Apr-13,565.50,565.50,545.89,560.50,44443
28-Mar-13,569.00,573.00,548.00,560.50,55314
27-Mar-13,571.00,571.00,554.68,564.00,45272
26-Mar-13,569.50,570.00,561.68,567.00,116065
25-Mar-13,580.00,582.00,558.21,568.00,100136
22-Mar-13,596.50,602.50,580.50,580.50,83785
21-Mar-13,598.00,606.00,592.50,600.50,33011
20-Mar-13,613.50,613.50,596.00,606.50,130824
19-Mar-13,606.50,616.00,601.00,604.50,14424
18-Mar-13,607.50,612.00,598.50,602.50,28378
15-Mar-13,611.00,638.00,603.00,610.00,578990
14-Mar-13,597.50,613.00,593.70,606.00,118883
13-Mar-13,610.00,610.00,574.50,601.00,85931
12-Mar-13,615.50,621.50,596.87,605.00,62670
11-Mar-13,622.50,622.50,608.00,614.00,17630
8-Mar-13,614.50,620.00,605.00,620.00,72625
7-Mar-13,618.00,630.00,614.50,617.50,48228
6-Mar-13,620.00,627.00,607.46,627.00,63304
5-Mar-13,622.50,625.00,608.00,618.50,80683
4-Mar-13,616.00,618.00,607.50,618.00,38285
1-Mar-13,615.00,630.00,599.28,627.50,46729
28-Feb-13,630.00,630.00,600.12,612.50,53871
27-Feb-13,600.00,630.77,600.00,620.00,83206
26-Feb-13,581.50,609.00,581.50,600.00,77950
25-Feb-13,578.00,597.00,568.60,597.00,57610
22-Feb-13,572.50,581.66,568.00,577.00,150998
21-Feb-13,590.00,590.00,580.50,586.50,44121
20-Feb-13,585.00,597.00,577.50,597.00,85345
19-Feb-13,583.00,583.00,570.00,583.00,42437
18-Feb-13,563.00,583.00,563.00,583.00,18961
15-Feb-13,570.00,579.00,561.00,579.00,140757
14-Feb-13,580.00,580.00,559.87,565.00,99057
13-Feb-13,570.00,570.50,566.50,569.50,81956
12-Feb-13,578.50,578.50,565.00,570.00,70748
11-Feb-13,578.00,590.00,571.50,587.00,14514
8-Feb-13,567.00,583.00,567.00,577.00,26481
7-Feb-13,573.00,578.00,560.00,568.50,26345
6-Feb-13,590.00,590.00,570.00,570.00,38102
5-Feb-13,585.00,590.00,570.89,580.00,62171
4-Feb-13,565.00,580.00,553.00,574.00,67377
1-Feb-13,560.00,565.00,540.72,564.50,72578
31-Jan-13,525.00,557.00,525.00,557.00,70824
30-Jan-13,553.50,564.50,531.00,539.00,47720
29-Jan-13,552.00,557.00,546.00,553.50,64041
28-Jan-13,557.00,563.06,546.00,557.50,58045
25-Jan-13,552.00,553.46,532.00,546.00,45543
24-Jan-13,530.00,546.90,530.00,539.50,44894
23-Jan-13,554.50,554.50,531.50,540.00,64861
22-Jan-13,547.50,550.00,535.00,540.00,29820
21-Jan-13,551.50,552.00,525.00,550.00,24204
18-Jan-13,535.00,545.00,532.12,539.50,68229
17-Jan-13,517.50,538.28,517.50,535.00,45993
16-Jan-13,538.50,538.50,513.00,526.50,42990
15-Jan-13,545.00,555.53,521.10,538.00,28901
14-Jan-13,570.00,570.00,545.00,545.00,43404
11-Jan-13,569.00,572.00,557.00,560.00,42468
10-Jan-13,564.00,568.50,550.00,558.00,65803
9-Jan-13,559.00,559.00,540.00,558.00,32963
8-Jan-13,555.00,555.00,539.00,545.00,32619
7-Jan-13,551.50,551.50,537.00,548.00,71487
4-Jan-13,551.00,558.05,545.00,550.00,26995
3-Jan-13,547.50,550.00,536.96,550.00,30287
2-Jan-13,545.00,564.50,539.00,553.50,32963
