31-Dec-15,231.90,233.90,227.00,229.10,123907
30-Dec-15,230.90,233.50,229.50,230.50,310407
29-Dec-15,229.00,234.30,229.00,232.00,619593
24-Dec-15,228.70,233.60,223.50,230.60,208015
23-Dec-15,221.00,231.00,221.00,230.10,723284
22-Dec-15,220.00,221.50,219.50,221.00,819048
21-Dec-15,218.80,225.00,218.80,220.00,693866
18-Dec-15,218.30,222.80,217.00,220.70,1650127
16-Dec-15,233.40,237.00,231.00,236.70,539961
15-Dec-15,231.00,233.03,228.80,231.90,588968
14-Dec-15,231.10,232.20,227.00,228.40,447933
11-Dec-15,235.90,236.30,229.90,231.10,680414
10-Dec-15,234.40,237.20,232.50,236.30,508463
9-Dec-15,238.70,240.20,234.80,236.60,545717
8-Dec-15,241.70,241.70,237.20,238.30,569039
7-Dec-15,239.60,242.00,238.50,239.90,502623
4-Dec-15,245.00,245.70,239.40,239.60,543848
3-Dec-15,250.70,250.70,245.10,245.10,486336
2-Dec-15,250.00,251.70,248.40,248.90,839796
1-Dec-15,256.00,259.30,250.60,251.10,920201
30-Nov-15,245.40,258.30,243.10,254.10,1375675
27-Nov-15,242.40,247.30,242.40,243.40,333171
26-Nov-15,247.00,247.60,244.60,246.90,374077
25-Nov-15,240.80,247.80,240.40,246.30,614498
24-Nov-15,238.70,239.60,236.00,239.60,731161
23-Nov-15,241.50,241.50,238.30,239.40,318523
20-Nov-15,242.50,242.50,239.10,241.30,428525
19-Nov-15,237.90,243.42,237.05,240.00,628989
18-Nov-15,231.60,237.30,230.20,235.90,423897
17-Nov-15,231.10,233.10,230.70,232.20,370306
16-Nov-15,227.20,231.60,226.50,229.40,289431
13-Nov-15,230.10,230.20,227.20,228.50,870075
12-Nov-15,238.50,238.80,228.70,229.20,663149
11-Nov-15,238.90,242.50,237.80,239.30,505296
10-Nov-15,243.40,243.60,236.80,237.85,789600
9-Nov-15,242.00,244.80,242.00,243.00,900678
6-Nov-15,235.00,241.90,235.00,241.90,996409
5-Nov-15,239.40,240.70,235.00,235.00,754238
4-Nov-15,237.30,240.20,236.00,238.40,869408
3-Nov-15,236.90,237.30,233.60,236.00,1102521
2-Nov-15,234.50,236.50,231.10,235.00,1230315
30-Oct-15,221.60,243.00,221.60,234.60,2565649
29-Oct-15,233.50,234.00,224.60,225.40,2395596
28-Oct-15,233.60,235.93,231.20,234.00,1104571
27-Oct-15,241.90,241.90,233.60,233.60,803307
26-Oct-15,245.10,246.30,242.00,242.50,752556
23-Oct-15,243.30,245.50,240.80,245.10,491966
22-Oct-15,237.80,241.90,235.00,240.80,450618
21-Oct-15,235.40,239.00,235.40,238.60,650710
20-Oct-15,234.20,235.60,232.90,235.10,545271
19-Oct-15,235.90,236.80,233.40,234.00,414201
16-Oct-15,238.90,239.80,234.60,235.90,762641
15-Oct-15,237.40,238.30,234.90,237.80,538824
14-Oct-15,243.10,243.50,235.50,236.00,1024490
13-Oct-15,243.70,243.70,237.10,237.90,461819
12-Oct-15,248.70,249.70,243.20,244.10,512123
9-Oct-15,245.80,252.10,245.80,249.30,790029
8-Oct-15,244.70,246.04,241.90,244.70,937806
7-Oct-15,242.60,245.50,241.80,244.10,923394
6-Oct-15,236.10,243.00,235.30,241.00,772027
5-Oct-15,232.00,236.60,231.70,235.80,789055
2-Oct-15,230.40,232.00,229.00,231.30,696707
1-Oct-15,227.10,228.40,225.00,228.40,821682
30-Sep-15,220.10,223.60,219.20,223.20,842585
29-Sep-15,213.40,217.40,213.40,216.30,999586
28-Sep-15,217.10,219.70,216.00,216.30,806959
25-Sep-15,214.60,217.50,214.00,217.30,700869
24-Sep-15,210.20,214.00,210.20,211.20,789352
23-Sep-15,209.40,210.90,206.70,210.00,1157027
22-Sep-15,217.20,219.00,207.20,208.20,1201567
21-Sep-15,216.20,219.30,216.00,216.00,744623
18-Sep-15,226.50,227.30,216.60,218.20,1381971
17-Sep-15,232.90,232.90,226.30,226.30,1081168
16-Sep-15,232.20,233.20,230.80,232.20,468300
15-Sep-15,233.50,234.20,228.40,230.50,489202
14-Sep-15,233.60,234.00,230.38,232.50,470114
11-Sep-15,234.90,235.10,232.10,233.30,465400
10-Sep-15,233.10,235.10,232.30,234.00,394733
9-Sep-15,240.70,240.70,235.90,236.80,350131
8-Sep-15,233.30,235.50,233.10,235.00,290197
7-Sep-15,231.00,231.40,227.00,231.20,447110
4-Sep-15,230.00,231.00,226.10,227.20,537964
3-Sep-15,230.30,233.60,230.30,232.00,583525
2-Sep-15,234.50,235.20,228.40,228.40,626483
1-Sep-15,242.20,242.20,230.50,233.10,615477
28-Aug-15,232.80,238.20,232.20,237.40,675688
27-Aug-15,234.40,235.02,230.70,231.80,838428
26-Aug-15,232.80,235.00,228.60,229.80,737139
25-Aug-15,230.60,237.90,230.60,234.60,734499
24-Aug-15,234.10,234.10,224.00,227.40,784697
21-Aug-15,237.90,241.80,236.77,238.60,790976
20-Aug-15,238.90,242.10,236.79,241.73,533132
19-Aug-15,248.40,248.40,241.10,241.50,701067
18-Aug-15,250.80,251.70,249.20,249.60,257375
17-Aug-15,253.00,253.70,249.00,251.00,420013
14-Aug-15,251.80,254.70,251.70,252.20,327642
13-Aug-15,254.20,257.27,251.40,252.10,670196
12-Aug-15,257.90,259.45,248.30,251.10,869748
11-Aug-15,258.20,260.30,256.47,259.40,579827
10-Aug-15,259.40,260.20,255.50,259.50,690623
7-Aug-15,258.60,258.60,255.90,257.10,378635
6-Aug-15,260.50,261.00,257.00,258.30,407062
5-Aug-15,262.10,263.20,259.50,261.30,535624
4-Aug-15,258.30,261.50,256.20,260.90,592002
3-Aug-15,255.00,258.60,255.00,258.10,668988
31-Jul-15,256.90,257.80,253.90,257.00,563593
30-Jul-15,252.30,256.20,250.80,255.20,738231
29-Jul-15,256.70,256.70,247.60,253.10,1345605
28-Jul-15,248.00,254.00,246.50,253.10,794566
27-Jul-15,253.00,253.30,248.70,250.30,728255
24-Jul-15,253.20,255.50,250.70,252.10,625510
23-Jul-15,255.20,255.76,251.70,252.80,808062
22-Jul-15,259.10,259.10,254.30,255.60,630142
21-Jul-15,258.40,260.00,257.80,259.00,916922
20-Jul-15,259.90,260.40,258.29,259.80,523226
17-Jul-15,258.80,259.43,257.20,257.90,677493
16-Jul-15,258.50,261.89,257.60,259.20,1098420
15-Jul-15,259.70,260.80,257.90,259.40,559672
14-Jul-15,260.00,262.11,255.50,259.00,958707
13-Jul-15,256.10,259.63,253.60,258.80,899053
10-Jul-15,251.30,253.10,248.70,251.30,1089562
9-Jul-15,249.60,251.60,248.30,249.00,1239066
8-Jul-15,250.30,252.40,247.00,247.10,999251
7-Jul-15,254.40,255.60,249.70,251.00,1174727
6-Jul-15,253.10,257.60,251.60,255.70,921343
3-Jul-15,257.00,260.00,256.00,258.10,922677
2-Jul-15,259.50,264.80,256.80,258.90,1312524
1-Jul-15,256.50,263.00,256.50,260.10,1644549
30-Jun-15,252.00,258.00,248.90,256.60,1547994
29-Jun-15,250.20,253.40,246.10,252.40,2152246
26-Jun-15,255.40,259.10,252.81,256.20,2127088
25-Jun-15,250.00,259.50,247.00,258.30,3337506
24-Jun-15,265.00,290.00,250.90,257.60,6166724
23-Jun-15,310.40,312.40,309.90,312.00,527479
22-Jun-15,305.00,308.60,303.90,308.20,557263
19-Jun-15,302.70,303.70,300.50,300.80,1038297
18-Jun-15,300.00,301.70,296.90,301.50,550823
17-Jun-15,300.30,301.30,297.00,300.50,646413
16-Jun-15,295.10,299.40,294.30,299.30,591585
15-Jun-15,293.50,298.20,293.50,298.10,674645
12-Jun-15,299.40,301.90,296.70,299.10,503125
11-Jun-15,300.00,302.70,298.78,302.00,484864
10-Jun-15,296.70,299.10,294.50,299.10,503453
9-Jun-15,295.80,296.90,292.20,295.50,852209
8-Jun-15,295.00,295.90,292.80,294.50,981900
5-Jun-15,303.00,303.90,295.50,296.00,922377
4-Jun-15,309.10,309.10,303.00,304.30,618673
3-Jun-15,310.50,311.83,308.27,309.30,678154
2-Jun-15,310.40,310.80,305.00,308.30,575795
1-Jun-15,308.30,309.30,304.00,307.70,645900
29-May-15,310.80,311.80,304.60,305.70,1016035
28-May-15,307.80,312.20,307.80,311.30,420837
27-May-15,303.20,309.90,303.20,309.60,609827
26-May-15,306.70,308.20,302.70,304.60,768875
22-May-15,308.00,309.00,305.40,307.90,610831
21-May-15,302.80,306.80,300.90,306.50,932854
20-May-15,307.00,310.10,304.00,304.50,1315279
19-May-15,311.00,315.60,309.90,313.80,502952
18-May-15,309.60,313.87,308.90,310.90,477048
15-May-15,311.30,314.40,310.80,313.10,519735
14-May-15,309.00,313.80,308.20,311.50,578178
13-May-15,306.80,310.90,305.90,310.70,853365
12-May-15,301.50,307.30,301.50,306.00,726341
11-May-15,311.70,312.20,306.60,307.60,609286
8-May-15,308.20,317.60,308.20,310.40,1102020
7-May-15,302.60,302.90,296.60,301.90,712590
6-May-15,301.30,303.30,299.10,301.50,888224
5-May-15,305.70,308.40,302.90,302.90,891433
1-May-15,304.60,306.70,303.20,305.70,288375
30-Apr-15,305.20,306.30,303.00,304.50,1061619
29-Apr-15,310.40,312.20,304.10,304.70,1104716
28-Apr-15,314.90,315.00,308.80,311.30,837933
27-Apr-15,314.90,314.90,310.50,314.20,729757
24-Apr-15,307.50,320.03,307.50,311.60,1003474
23-Apr-15,307.50,310.50,302.50,309.20,1796682
22-Apr-15,315.00,322.30,314.80,315.00,1207334
21-Apr-15,318.60,324.10,317.90,320.50,979370
20-Apr-15,316.50,320.90,316.50,319.60,1067104
17-Apr-15,314.00,318.52,314.00,317.00,1381014
16-Apr-15,313.80,316.00,312.32,315.50,1734455
15-Apr-15,313.90,316.60,311.78,315.00,745973
14-Apr-15,309.10,316.30,309.00,311.00,830025
13-Apr-15,315.30,315.30,308.40,310.40,538837
10-Apr-15,306.70,315.30,302.70,313.20,643926
9-Apr-15,304.40,305.40,301.00,305.00,569869
8-Apr-15,302.60,305.40,300.53,302.00,919786
7-Apr-15,294.00,300.80,294.00,300.00,830662
2-Apr-15,293.30,294.90,292.00,294.30,541400
1-Apr-15,290.70,293.70,287.80,291.50,916064
31-Mar-15,292.70,294.40,289.30,290.20,910098
30-Mar-15,288.80,293.70,288.80,291.80,681741
27-Mar-15,288.10,290.90,288.10,289.40,683695
26-Mar-15,288.90,289.74,286.20,288.20,630741
25-Mar-15,287.90,294.30,287.90,291.60,525762
24-Mar-15,290.10,294.00,290.10,292.50,416285
23-Mar-15,291.60,292.70,287.90,292.50,485140
20-Mar-15,292.00,295.60,290.80,295.00,1045695
19-Mar-15,290.80,293.20,289.20,290.20,934421
18-Mar-15,283.90,291.00,281.90,289.60,1290178
17-Mar-15,283.60,283.80,278.80,283.00,615501
16-Mar-15,282.00,283.60,278.50,281.80,612089
13-Mar-15,280.00,281.50,278.33,280.00,586473
12-Mar-15,280.50,281.20,276.60,280.50,1152908
11-Mar-15,273.40,278.40,272.90,275.33,1699380
10-Mar-15,288.50,289.10,273.00,274.90,2535265
9-Mar-15,291.00,292.00,289.10,291.00,796939
6-Mar-15,289.80,292.10,288.70,290.50,760473
5-Mar-15,283.50,289.60,283.30,289.60,657101
4-Mar-15,284.70,285.70,277.50,283.00,842417
3-Mar-15,285.80,288.30,285.13,285.90,936802
2-Mar-15,284.90,287.80,283.60,284.40,728426
27-Feb-15,287.20,287.20,282.40,287.10,843387
26-Feb-15,282.70,286.60,281.40,285.90,855922
25-Feb-15,287.40,287.80,276.10,281.70,1421011
24-Feb-15,282.00,287.10,276.00,286.90,800696
23-Feb-15,286.70,288.05,281.34,284.30,523033
20-Feb-15,280.90,285.70,278.30,285.70,616033
19-Feb-15,284.30,284.90,278.30,280.30,555402
18-Feb-15,283.50,284.40,279.40,283.20,708232
17-Feb-15,282.30,282.30,273.80,279.70,716232
16-Feb-15,277.00,277.90,273.20,275.90,961262
13-Feb-15,282.40,282.40,275.50,276.47,1304514
12-Feb-15,274.40,283.00,274.40,282.22,1071436
11-Feb-15,277.80,278.00,275.00,275.81,395446
10-Feb-15,274.00,277.70,273.70,276.32,735884
9-Feb-15,276.20,279.86,270.80,275.00,1273753
6-Feb-15,278.30,284.60,277.30,277.90,498591
5-Feb-15,272.70,280.00,272.70,279.50,756904
4-Feb-15,273.90,277.31,272.90,274.00,737706
3-Feb-15,274.90,278.30,273.70,275.00,759949
2-Feb-15,275.90,277.00,272.10,275.80,888586
30-Jan-15,275.50,278.67,272.90,276.40,1032400
29-Jan-15,276.30,278.20,271.70,275.00,936625
28-Jan-15,286.00,287.80,277.35,279.60,866853
27-Jan-15,283.60,288.60,282.00,283.60,810527
26-Jan-15,287.30,287.90,281.90,283.60,1109427
23-Jan-15,289.50,294.20,286.70,288.60,1276896
22-Jan-15,289.50,295.90,289.50,294.80,834117
21-Jan-15,291.10,291.10,286.70,289.00,889591
20-Jan-15,285.90,293.10,285.90,289.70,592582
19-Jan-15,286.90,290.00,283.50,287.50,885729
16-Jan-15,285.00,289.60,282.60,286.20,1013028
15-Jan-15,290.00,291.00,280.30,284.20,1318651
14-Jan-15,275.80,288.00,273.50,287.50,2304846
13-Jan-15,277.00,278.10,272.90,276.90,1201904
12-Jan-15,279.70,281.20,273.00,275.00,1814741
9-Jan-15,267.80,272.80,266.05,270.10,932456
8-Jan-15,259.50,268.40,259.50,267.70,919239
7-Jan-15,251.70,259.00,251.70,256.90,536016
6-Jan-15,253.20,256.50,250.20,252.90,386993
5-Jan-15,255.50,261.70,254.40,255.00,597868
31-Dec-14,260.10,261.80,248.10,261.80,51949
30-Dec-14,261.40,262.10,259.40,260.10,149610
29-Dec-14,261.30,265.10,260.60,261.80,239565
24-Dec-14,266.90,266.90,262.50,264.80,53395
23-Dec-14,260.50,262.70,257.73,262.40,473522
22-Dec-14,257.10,259.90,255.08,258.00,555245
19-Dec-14,257.90,259.80,253.80,255.00,2026600
18-Dec-14,259.50,259.50,255.50,257.70,646593
17-Dec-14,249.20,255.80,247.80,254.80,462444
16-Dec-14,247.60,250.80,245.20,250.10,1032076
15-Dec-14,252.60,254.90,248.60,248.60,537032
12-Dec-14,252.90,256.70,252.70,253.60,623673
11-Dec-14,257.60,257.60,254.60,256.00,447672
10-Dec-14,256.10,257.10,254.54,256.10,475938
9-Dec-14,250.50,256.10,249.10,255.10,646033
8-Dec-14,254.60,254.60,250.10,251.30,294051
5-Dec-14,255.70,255.85,251.90,253.00,412393
4-Dec-14,248.20,253.30,246.00,252.70,711714
3-Dec-14,243.20,246.80,239.10,246.00,912087
2-Dec-14,247.70,248.90,240.10,241.98,1346646
1-Dec-14,250.60,255.00,244.30,246.10,814612
28-Nov-14,275.80,275.80,249.08,255.20,1669757
27-Nov-14,278.00,279.10,273.50,273.90,413887
26-Nov-14,274.70,278.30,270.80,277.60,407489
25-Nov-14,271.10,273.80,269.30,272.60,390468
24-Nov-14,271.90,272.50,268.80,268.90,316333
21-Nov-14,266.50,274.10,266.50,272.10,456039
20-Nov-14,264.50,267.70,262.70,267.60,325518
19-Nov-14,268.20,268.90,264.50,266.00,359096
18-Nov-14,263.80,269.54,263.80,266.50,300988
17-Nov-14,263.00,265.10,259.70,264.50,266682
14-Nov-14,265.20,268.20,261.86,264.10,307669
13-Nov-14,265.10,268.28,265.10,266.30,269777
12-Nov-14,263.70,266.70,262.30,265.00,429581
11-Nov-14,262.60,266.20,262.50,266.20,488854
10-Nov-14,262.40,265.30,259.55,263.00,712539
7-Nov-14,261.20,266.50,259.60,260.90,694687
6-Nov-14,265.40,266.00,257.40,260.50,1128070
5-Nov-14,273.60,273.60,264.50,266.10,1082550
4-Nov-14,267.20,272.40,267.20,270.00,750871
3-Nov-14,263.10,268.90,261.10,267.50,736157
31-Oct-14,262.50,268.90,261.60,263.90,1018508
30-Oct-14,254.20,258.30,254.10,257.00,682169
29-Oct-14,252.50,255.03,251.70,254.50,451382
28-Oct-14,251.10,252.90,248.60,252.60,411948
27-Oct-14,250.10,252.10,247.20,251.20,609764
24-Oct-14,251.50,251.50,248.30,248.30,529809
23-Oct-14,250.00,251.80,245.40,251.10,815423
22-Oct-14,243.00,250.70,243.00,250.00,1194704
21-Oct-14,237.50,244.20,237.00,242.50,825245
20-Oct-14,242.30,242.30,237.10,237.80,500846
17-Oct-14,232.90,241.80,232.10,240.80,1066378
16-Oct-14,229.20,234.90,225.50,233.20,1470221
15-Oct-14,236.20,237.70,226.50,227.60,794770
14-Oct-14,227.80,236.10,226.60,235.00,725541
13-Oct-14,231.90,234.00,226.50,229.00,1206867
10-Oct-14,235.90,238.70,233.40,234.30,1443037
9-Oct-14,238.80,243.70,234.98,237.90,915888
8-Oct-14,241.80,241.90,233.90,234.40,994234
7-Oct-14,250.20,250.20,242.10,242.20,565630
6-Oct-14,249.00,253.81,248.10,249.90,460916
3-Oct-14,248.40,250.35,245.30,247.60,630338
2-Oct-14,254.50,254.60,246.90,247.30,335837
1-Oct-14,253.80,256.40,252.90,254.50,637294
30-Sep-14,260.60,260.60,254.96,255.50,538597
29-Sep-14,251.90,257.10,249.00,255.90,432911
26-Sep-14,252.50,255.10,250.80,251.00,301561
25-Sep-14,259.00,262.00,253.10,254.00,433181
24-Sep-14,257.30,260.90,254.40,260.00,322022
23-Sep-14,262.70,264.40,258.40,259.30,300566
22-Sep-14,263.00,268.58,263.00,264.30,353061
19-Sep-14,267.40,271.50,265.50,265.80,825485
18-Sep-14,262.50,265.50,260.00,264.80,483141
17-Sep-14,264.20,265.50,261.60,261.60,527859
16-Sep-14,268.00,268.00,262.60,262.90,496283
15-Sep-14,269.10,274.30,267.30,268.20,321973
12-Sep-14,269.30,274.00,269.30,271.80,324789
11-Sep-14,279.90,279.90,269.80,270.30,354202
10-Sep-14,278.80,278.90,273.30,275.00,339851
9-Sep-14,278.70,280.70,276.60,279.10,281348
8-Sep-14,283.30,283.30,276.90,280.00,276888
5-Sep-14,286.30,287.80,282.50,284.20,428080
4-Sep-14,281.50,285.70,279.30,285.70,345676
3-Sep-14,282.20,286.50,279.70,281.40,326208
2-Sep-14,282.00,283.70,279.60,280.40,364365
1-Sep-14,282.60,283.30,280.70,281.80,91765
29-Aug-14,284.70,285.90,278.90,280.60,377982
28-Aug-14,286.10,286.10,281.90,283.50,217136
27-Aug-14,287.30,289.30,285.00,286.40,411638
26-Aug-14,290.00,290.00,284.90,286.60,417891
22-Aug-14,285.80,287.20,284.20,285.80,286605
21-Aug-14,282.90,286.70,281.30,284.90,591355
20-Aug-14,289.50,289.50,282.10,283.60,463601
19-Aug-14,289.70,291.90,287.60,287.60,636085
18-Aug-14,293.30,293.80,288.10,289.40,326115
15-Aug-14,291.50,296.90,289.00,290.00,874215
14-Aug-14,289.00,293.20,284.23,291.80,427186
13-Aug-14,285.10,287.20,279.60,287.20,421094
12-Aug-14,284.10,287.16,279.80,283.60,430892
11-Aug-14,280.30,289.70,278.90,284.90,657996
8-Aug-14,274.80,276.80,270.10,276.50,428294
7-Aug-14,266.70,281.30,266.70,276.10,1109441
6-Aug-14,268.10,270.44,261.80,264.40,442843
5-Aug-14,271.10,274.50,266.50,268.10,470888
4-Aug-14,265.80,269.30,264.80,268.50,587770
1-Aug-14,267.40,268.26,260.30,266.40,643482
31-Jul-14,275.80,275.80,263.10,270.00,934445
30-Jul-14,278.60,278.60,264.80,268.50,826519
29-Jul-14,260.00,277.96,257.96,270.70,954112
28-Jul-14,261.10,262.28,254.40,257.40,586842
25-Jul-14,260.00,262.20,258.50,259.00,301108
24-Jul-14,256.60,260.80,255.80,260.10,264293
23-Jul-14,257.10,260.80,254.50,256.20,415785
22-Jul-14,255.10,257.40,251.40,256.40,413189
21-Jul-14,253.70,255.70,249.40,254.30,383345
18-Jul-14,253.10,253.80,250.50,253.40,327129
17-Jul-14,257.30,257.30,254.23,255.10,263787
16-Jul-14,256.50,258.60,254.70,258.00,381410
15-Jul-14,261.50,262.80,254.40,254.40,730606
14-Jul-14,259.50,263.70,259.50,263.70,272248
11-Jul-14,258.00,260.20,255.00,259.30,343421
10-Jul-14,261.90,262.40,254.50,259.30,864883
9-Jul-14,263.90,263.90,258.20,262.60,431514
8-Jul-14,266.90,269.12,261.80,263.60,523438
7-Jul-14,267.60,270.52,266.00,268.10,478497
4-Jul-14,269.50,277.90,268.50,269.00,513918
3-Jul-14,266.00,267.60,263.70,267.40,816793
2-Jul-14,264.80,265.90,263.10,264.90,672540
1-Jul-14,259.30,265.00,259.30,264.00,895148
30-Jun-14,259.10,262.80,258.90,260.30,672901
27-Jun-14,266.50,266.50,251.00,260.00,1176773
26-Jun-14,263.40,267.85,262.70,265.10,818570
25-Jun-14,275.30,275.30,263.50,264.75,826493
24-Jun-14,276.60,282.00,273.40,274.20,555592
23-Jun-14,283.10,286.40,280.40,280.90,334060
20-Jun-14,282.50,286.30,279.40,284.70,833327
19-Jun-14,279.00,286.50,279.00,281.20,498301
18-Jun-14,276.30,279.50,275.20,279.30,491304
17-Jun-14,278.70,281.70,273.47,275.00,542678
16-Jun-14,277.20,279.50,273.10,278.82,448073
13-Jun-14,282.30,283.00,273.70,277.80,411457
12-Jun-14,281.50,286.50,280.40,284.30,335010
11-Jun-14,284.30,284.30,278.20,280.50,233870
10-Jun-14,286.00,287.00,281.60,283.00,409050
9-Jun-14,291.10,292.80,285.80,287.60,264200
6-Jun-14,289.80,294.60,288.20,291.60,384266
5-Jun-14,286.50,288.10,283.90,288.10,327310
4-Jun-14,285.00,288.20,285.00,288.00,256570
3-Jun-14,288.00,288.00,284.30,286.00,287173
2-Jun-14,286.70,289.50,285.10,285.99,336530
30-May-14,285.40,289.50,283.60,286.00,317894
29-May-14,287.20,287.50,284.40,284.50,184268
28-May-14,283.90,287.10,283.68,286.09,428945
27-May-14,278.20,285.50,278.20,283.10,519413
23-May-14,276.80,277.90,274.90,277.60,417725
22-May-14,274.10,277.80,273.70,274.80,443284
21-May-14,272.30,276.20,269.80,273.10,443769
20-May-14,266.30,274.60,265.60,272.20,452653
19-May-14,267.50,269.70,263.30,267.10,566978
16-May-14,272.30,274.95,263.10,266.70,538147
15-May-14,278.40,282.00,270.20,273.40,470254
14-May-14,288.20,288.20,280.50,281.20,384187
13-May-14,288.20,290.21,285.05,285.90,286244
12-May-14,282.90,286.10,282.50,285.90,262620
9-May-14,279.10,284.10,278.02,282.30,576325
8-May-14,280.40,284.00,279.80,281.20,331455
7-May-14,284.90,286.30,279.30,281.50,510667
6-May-14,280.40,286.81,278.80,280.90,709107
2-May-14,279.30,291.86,279.30,281.00,640705
1-May-14,278.20,287.31,278.03,287.31,301810
30-Apr-14,278.00,279.40,275.20,277.30,497815
29-Apr-14,278.90,286.20,278.90,285.60,347964
28-Apr-14,289.80,292.12,281.40,282.70,374607
25-Apr-14,290.20,292.68,286.90,290.90,448736
24-Apr-14,294.00,300.66,288.90,290.00,652337
23-Apr-14,298.30,298.30,292.20,294.30,422123
22-Apr-14,295.00,305.10,293.20,297.80,844731
17-Apr-14,285.60,293.20,284.30,291.30,575878
16-Apr-14,275.20,287.40,275.20,286.00,779850
15-Apr-14,284.10,287.20,272.80,274.90,679520
14-Apr-14,281.80,286.00,275.20,285.60,756193
11-Apr-14,286.80,288.32,282.50,284.80,538669
10-Apr-14,279.80,291.90,279.10,289.60,1085164
9-Apr-14,273.20,279.60,271.80,275.90,490696
8-Apr-14,280.80,282.00,269.70,277.60,696143
7-Apr-14,281.40,282.90,278.60,279.60,310622
4-Apr-14,286.50,286.70,282.60,283.90,413022
3-Apr-14,288.20,288.30,284.50,284.90,385222
2-Apr-14,286.90,291.70,286.90,288.00,501533
1-Apr-14,287.30,288.60,284.30,288.30,438991
31-Mar-14,282.80,286.70,282.70,286.50,409885
28-Mar-14,286.20,286.20,281.60,282.70,400246
27-Mar-14,283.00,285.40,282.30,282.80,247693
26-Mar-14,281.80,285.80,280.69,285.30,367173
25-Mar-14,277.30,280.50,275.90,279.20,330605
24-Mar-14,281.60,283.20,273.80,275.20,459456
21-Mar-14,283.00,288.17,281.00,282.30,675214
20-Mar-14,285.30,285.40,280.50,283.40,486436
19-Mar-14,283.70,291.90,283.70,287.90,504172
18-Mar-14,284.70,288.30,283.20,284.80,382097
17-Mar-14,278.70,285.40,278.50,284.20,284554
14-Mar-14,274.60,279.70,274.00,279.10,273341
13-Mar-14,282.20,283.70,275.90,277.20,352516
12-Mar-14,285.80,286.00,282.00,282.00,436892
11-Mar-14,283.00,286.50,282.30,286.30,392693
10-Mar-14,279.30,286.00,279.30,282.60,467037
7-Mar-14,282.40,285.10,280.90,282.20,470986
6-Mar-14,284.10,286.30,283.10,283.90,386411
5-Mar-14,284.90,287.50,281.70,282.40,370428
4-Mar-14,285.40,287.60,283.10,287.60,494245
3-Mar-14,283.60,286.30,281.20,281.80,859549
28-Feb-14,273.20,290.90,272.90,288.20,991999
27-Feb-14,269.80,275.00,267.10,273.60,516188
26-Feb-14,272.20,275.30,269.00,271.50,439992
25-Feb-14,278.10,278.10,268.10,270.49,626998
24-Feb-14,273.40,276.90,272.60,276.20,440469
21-Feb-14,274.60,277.30,273.60,275.30,275055
20-Feb-14,271.90,275.30,271.20,274.40,362303
19-Feb-14,269.10,276.70,269.10,276.30,251051
18-Feb-14,272.00,272.40,269.80,272.10,434724
17-Feb-14,274.60,275.40,272.20,272.90,296344
14-Feb-14,268.70,274.00,268.70,273.10,520559
13-Feb-14,264.10,270.60,263.50,270.10,612726
12-Feb-14,265.70,268.10,265.70,266.90,398783
11-Feb-14,263.10,266.00,260.30,266.00,381944
10-Feb-14,261.20,265.80,259.10,260.00,378983
7-Feb-14,259.60,263.70,257.60,262.10,548603
6-Feb-14,257.10,261.90,253.10,259.30,1187628
5-Feb-14,256.10,256.20,252.90,253.90,456688
4-Feb-14,250.60,256.60,250.60,255.30,496188
3-Feb-14,253.00,258.70,252.70,252.90,327204
31-Jan-14,256.60,260.90,251.10,255.90,313879
30-Jan-14,257.30,259.90,253.90,258.50,409125
29-Jan-14,257.70,260.20,252.90,256.00,467694
28-Jan-14,255.20,257.00,253.30,254.50,475482
27-Jan-14,251.60,262.40,249.30,254.10,774794
24-Jan-14,258.80,260.30,249.80,250.70,510362
23-Jan-14,261.20,262.00,257.50,259.50,280156
22-Jan-14,261.60,262.30,258.20,260.10,239888
21-Jan-14,264.10,264.10,259.40,260.10,338136
20-Jan-14,262.60,263.60,260.50,263.40,257900
17-Jan-14,262.80,265.80,258.70,261.60,409679
16-Jan-14,263.60,266.70,263.50,263.90,297510
15-Jan-14,261.90,265.10,261.90,265.10,351889
14-Jan-14,258.50,262.60,258.00,260.80,392542
13-Jan-14,263.80,265.30,262.50,263.60,405255
10-Jan-14,262.10,262.90,260.90,262.00,433807
9-Jan-14,263.80,264.40,259.50,260.50,463010
8-Jan-14,264.80,266.40,262.70,262.90,458028
7-Jan-14,270.20,270.20,262.80,263.00,547314
6-Jan-14,273.40,273.80,269.10,269.20,471401
3-Jan-14,271.70,273.90,269.60,273.30,509168
2-Jan-14,270.60,276.10,267.60,273.30,486571
31-Dec-13,272.10,272.10,268.90,268.90,40149
30-Dec-13,270.00,272.90,267.80,270.70,277457
27-Dec-13,268.00,268.90,267.30,268.20,333244
24-Dec-13,269.80,269.80,267.00,268.30,19411
23-Dec-13,265.50,269.70,262.50,268.40,604160
20-Dec-13,265.10,266.00,261.80,264.00,613097
19-Dec-13,260.00,266.50,259.40,265.50,452186
18-Dec-13,260.00,260.00,255.40,257.50,362813
17-Dec-13,260.30,262.50,257.50,259.10,354216
16-Dec-13,250.10,262.80,250.10,260.50,360698
13-Dec-13,256.70,256.70,251.20,252.40,305405
12-Dec-13,257.10,257.10,252.80,255.00,310744
11-Dec-13,257.00,261.10,256.00,256.60,387386
10-Dec-13,254.00,260.60,251.80,257.80,531869
9-Dec-13,251.00,253.30,249.00,252.90,398672
6-Dec-13,248.60,250.70,245.90,249.50,467651
5-Dec-13,250.30,252.30,245.20,248.30,774253
4-Dec-13,254.30,254.60,246.10,249.30,608900
3-Dec-13,257.40,258.50,252.80,252.90,450612
2-Dec-13,258.90,260.70,257.10,258.50,427700
29-Nov-13,258.30,260.80,257.40,259.50,367846
28-Nov-13,256.20,260.70,254.40,258.30,446369
27-Nov-13,252.70,255.30,250.80,254.30,270111
26-Nov-13,252.00,252.50,249.90,250.30,334815
25-Nov-13,251.40,251.80,249.50,251.80,350534
22-Nov-13,247.30,251.40,245.90,249.20,255864
21-Nov-13,253.30,254.00,247.30,248.80,367426
20-Nov-13,251.50,253.90,250.10,253.00,291265
19-Nov-13,251.60,253.00,249.20,251.70,303571
18-Nov-13,251.70,253.60,249.00,253.30,386078
15-Nov-13,252.40,253.00,250.40,251.70,294412
14-Nov-13,251.30,252.70,249.20,252.10,384791
13-Nov-13,252.20,254.50,248.70,248.70,509243
12-Nov-13,258.10,259.10,254.00,254.20,246246
11-Nov-13,256.90,260.40,256.90,257.90,254077
8-Nov-13,260.50,261.90,256.70,257.00,403348
7-Nov-13,256.10,264.30,254.40,263.00,1530737
6-Nov-13,256.00,259.60,255.00,255.90,532234
5-Nov-13,261.40,263.10,254.30,255.00,413738
4-Nov-13,259.20,262.40,258.30,261.30,379748
1-Nov-13,260.70,261.80,257.50,258.90,364899
31-Oct-13,262.30,263.80,259.00,259.10,363091
30-Oct-13,262.00,263.50,259.10,263.50,500579
29-Oct-13,267.20,269.00,261.80,262.60,487470
28-Oct-13,267.40,268.10,262.50,267.00,944124
25-Oct-13,242.00,268.80,242.00,266.40,1969633
24-Oct-13,243.40,245.40,242.70,244.30,268985
23-Oct-13,243.60,-,-,243.50,486475
22-Oct-13,246.10,247.60,243.00,244.00,485430
21-Oct-13,246.60,251.60,245.40,246.70,889699
18-Oct-13,237.20,247.80,236.80,247.30,622095
17-Oct-13,234.10,235.70,231.30,235.70,633244
16-Oct-13,236.80,237.50,232.60,235.30,681225
15-Oct-13,241.00,242.20,236.30,237.99,686475
14-Oct-13,241.70,241.70,238.30,239.90,370132
11-Oct-13,239.40,240.70,236.90,238.70,460097
10-Oct-13,231.10,238.50,229.80,238.50,575803
9-Oct-13,235.70,236.00,229.70,230.40,561703
8-Oct-13,235.10,237.80,234.60,236.50,566369
7-Oct-13,237.50,237.50,234.20,234.70,508018
4-Oct-13,239.30,240.00,236.80,237.80,565372
3-Oct-13,237.70,240.50,237.30,239.80,813466
2-Oct-13,238.10,238.90,235.00,237.85,501723
1-Oct-13,239.60,240.10,235.20,239.70,660521
30-Sep-13,238.00,240.30,236.80,239.70,523367
27-Sep-13,244.50,244.60,240.40,240.40,362398
26-Sep-13,245.60,246.90,242.50,243.70,488434
25-Sep-13,246.70,250.20,243.20,244.60,794914
24-Sep-13,251.20,251.20,245.90,246.60,511292
20-Sep-13,254.90,258.80,252.30,253.80,1046305
19-Sep-13,258.90,262.60,254.40,254.60,803585
18-Sep-13,258.30,258.30,253.20,255.30,529119
17-Sep-13,262.30,262.70,255.80,257.30,713301
16-Sep-13,257.50,281.30,257.50,262.60,1084000
13-Sep-13,251.90,255.70,251.40,255.70,283703
12-Sep-13,256.30,257.00,249.90,252.20,374429
11-Sep-13,259.10,260.30,255.00,256.73,532909
10-Sep-13,252.90,260.80,249.10,259.40,560117
9-Sep-13,251.40,252.80,248.40,251.50,377300
6-Sep-13,254.10,254.70,249.50,252.00,646604
5-Sep-13,247.20,252.80,247.20,252.10,573966
4-Sep-13,253.90,253.90,247.90,251.30,710819
3-Sep-13,253.40,256.30,251.10,253.00,590622
2-Sep-13,248.40,256.10,248.40,254.80,706143
30-Aug-13,249.60,252.70,247.10,247.80,943881
29-Aug-13,250.40,256.20,250.10,252.70,1040665
28-Aug-13,258.70,258.70,248.90,250.00,1165758
27-Aug-13,267.10,267.60,256.30,258.70,1031105
23-Aug-13,261.50,268.40,261.50,267.70,620695
22-Aug-13,259.60,262.80,257.60,262.20,600605
21-Aug-13,260.60,260.60,255.00,256.80,887696
20-Aug-13,258.60,260.60,255.00,258.60,834694
19-Aug-13,259.60,262.80,259.20,261.00,726480
16-Aug-13,259.80,262.10,255.90,259.60,866674
15-Aug-13,265.40,265.40,257.60,259.00,921705
14-Aug-13,263.20,266.10,263.20,264.50,670903
13-Aug-13,259.00,266.60,258.40,264.30,1174178
12-Aug-13,258.80,260.80,255.10,259.00,924896
9-Aug-13,258.30,260.00,255.80,256.15,629308
8-Aug-13,255.90,258.60,253.70,256.00,972025
7-Aug-13,259.40,262.50,255.90,255.90,1438289
6-Aug-13,260.00,270.60,257.60,259.40,1989715
5-Aug-13,251.20,259.90,251.20,259.90,1254632
2-Aug-13,249.10,258.60,249.10,257.60,956282
1-Aug-13,253.60,254.10,250.50,252.70,712082
31-Jul-13,256.00,256.00,246.60,250.70,1300369
30-Jul-13,232.30,256.80,231.60,253.90,2396678
29-Jul-13,232.20,236.00,231.20,232.50,731509
26-Jul-13,233.60,237.70,232.20,232.20,538093
25-Jul-13,235.20,236.00,232.60,234.40,389727
24-Jul-13,238.00,239.80,233.80,236.00,575869
23-Jul-13,236.30,241.00,235.50,238.40,925552
22-Jul-13,238.90,238.90,231.40,233.60,329903
19-Jul-13,230.20,233.50,229.60,232.80,697129
18-Jul-13,235.60,236.50,232.20,232.40,764404
17-Jul-13,231.00,237.10,227.10,236.50,513125
16-Jul-13,237.50,240.00,229.90,230.00,926401
15-Jul-13,237.40,246.26,236.65,238.70,1149428
12-Jul-13,223.10,236.40,223.10,233.82,903601
11-Jul-13,225.00,226.30,221.70,223.10,1107662
10-Jul-13,223.60,224.70,221.10,223.00,396351
9-Jul-13,225.40,225.80,223.60,224.40,1140155
8-Jul-13,225.00,228.44,223.40,223.90,706105
5-Jul-13,225.70,226.30,220.80,221.40,516372
4-Jul-13,222.00,227.30,220.06,226.00,722770
3-Jul-13,222.10,224.60,218.90,222.90,601288
2-Jul-13,221.90,224.20,217.10,224.00,807782
1-Jul-13,220.80,223.50,218.80,221.30,897669
28-Jun-13,227.40,227.40,218.50,219.40,1126235
27-Jun-13,231.90,231.90,220.10,222.60,1329184
26-Jun-13,228.60,231.50,227.30,228.00,923463
25-Jun-13,211.86,224.60,211.40,222.80,1351961
24-Jun-13,225.20,225.60,208.90,210.20,1300788
21-Jun-13,229.20,231.40,220.00,220.80,1625740
20-Jun-13,235.60,236.90,229.40,230.10,781408
19-Jun-13,236.10,239.00,234.00,239.00,784634
18-Jun-13,239.80,239.80,235.10,236.40,539636
17-Jun-13,240.20,240.20,235.50,237.00,1094319
14-Jun-13,230.10,237.70,229.40,236.60,862867
13-Jun-13,226.30,228.30,224.10,228.00,683333
12-Jun-13,228.10,230.30,226.20,228.90,457228
11-Jun-13,230.40,231.90,227.20,229.80,840229
10-Jun-13,230.20,233.10,229.60,231.30,389076
7-Jun-13,225.30,233.70,220.80,232.00,1242172
6-Jun-13,231.10,232.33,225.60,226.60,430376
5-Jun-13,231.20,232.60,228.60,230.50,730254
4-Jun-13,237.20,237.80,232.10,233.40,608828
3-Jun-13,233.90,238.60,231.00,236.00,553077
31-May-13,238.90,238.90,233.90,235.13,962917
30-May-13,238.80,241.70,237.30,238.20,512503
29-May-13,243.20,243.30,237.60,239.80,863429
28-May-13,240.80,245.40,239.29,244.60,634228
24-May-13,244.10,244.10,236.40,238.88,667851
23-May-13,243.50,243.50,238.88,241.60,688789
22-May-13,247.50,251.40,245.30,247.40,596387
21-May-13,245.00,248.40,244.60,247.50,910730
20-May-13,245.60,246.60,243.30,245.00,811391
17-May-13,244.80,246.20,243.70,245.00,928302
16-May-13,247.00,248.00,244.00,244.60,929837
15-May-13,246.20,248.80,245.48,247.10,893104
14-May-13,247.10,250.80,244.80,247.00,788992
13-May-13,253.70,255.27,242.40,246.90,1233772
10-May-13,257.10,257.10,252.90,254.30,552585
9-May-13,256.70,257.40,253.80,256.00,765594
8-May-13,255.20,261.00,254.30,254.90,852787
7-May-13,247.10,257.90,247.10,254.10,1185178
3-May-13,253.60,254.70,245.80,247.20,1603233
2-May-13,255.50,256.20,249.60,252.80,1027660
1-May-13,258.00,262.72,254.20,256.40,521288
30-Apr-13,266.10,269.80,259.70,263.50,944137
29-Apr-13,263.60,264.00,258.00,263.20,534853
26-Apr-13,262.00,262.20,256.80,258.60,986358
25-Apr-13,248.00,265.50,248.00,261.90,1612944
24-Apr-13,245.80,249.60,245.80,247.40,1083508
23-Apr-13,243.10,248.74,240.30,246.30,1189520
22-Apr-13,251.90,252.58,239.90,242.50,568962
19-Apr-13,249.50,249.80,244.30,247.50,480553
18-Apr-13,243.00,250.22,242.60,246.70,619690
17-Apr-13,249.00,249.00,240.86,243.00,805114
16-Apr-13,249.40,250.52,241.90,246.00,771601
15-Apr-13,256.30,256.80,248.30,249.00,609576
12-Apr-13,259.20,259.20,251.60,255.70,656431
11-Apr-13,250.00,259.80,248.20,258.90,862005
10-Apr-13,249.90,251.90,243.98,248.20,1535737
9-Apr-13,256.10,256.10,246.20,247.30,851386
8-Apr-13,252.00,258.00,251.90,252.90,945951
5-Apr-13,258.90,259.00,247.80,248.20,660489
4-Apr-13,266.80,267.86,255.50,257.00,541308
3-Apr-13,265.60,272.00,265.60,267.80,591546
2-Apr-13,260.00,269.50,255.90,268.30,484305
28-Mar-13,260.30,262.20,258.80,260.70,392380
27-Mar-13,263.90,263.90,258.10,261.10,328921
26-Mar-13,259.90,262.20,257.95,261.40,730127
25-Mar-13,258.90,264.14,258.70,259.30,502195
22-Mar-13,267.90,267.90,258.20,258.60,1050582
21-Mar-13,275.70,277.30,266.80,266.90,805222
20-Mar-13,270.60,280.70,270.10,275.00,914081
19-Mar-13,264.50,265.70,262.50,264.90,522071
18-Mar-13,266.70,267.70,263.40,263.40,764939
15-Mar-13,266.80,272.90,266.00,270.00,1599661
14-Mar-13,267.40,267.50,264.70,265.50,1121583
13-Mar-13,261.60,266.60,260.50,265.50,586795
12-Mar-13,264.10,264.10,257.30,261.70,873330
11-Mar-13,261.80,265.60,259.90,262.00,818914
8-Mar-13,260.50,265.40,257.90,264.70,1045183
7-Mar-13,250.30,261.10,247.70,260.10,1182744
6-Mar-13,248.30,251.17,246.20,247.00,745539
5-Mar-13,242.60,250.30,242.60,248.40,1199782
4-Mar-13,246.80,246.80,238.50,241.00,768652
1-Mar-13,246.50,251.00,243.40,246.50,477366
28-Feb-13,250.10,250.10,243.30,246.10,631663
27-Feb-13,246.60,246.60,240.00,242.20,688942
26-Feb-13,219.70,246.30,216.58,241.70,1347469
25-Feb-13,239.40,241.10,227.00,227.80,1316765
22-Feb-13,234.60,236.72,232.54,236.20,503404
21-Feb-13,235.60,236.22,229.70,232.50,472004
20-Feb-13,235.20,240.30,234.60,237.00,623084
19-Feb-13,227.80,236.30,226.80,234.80,513202
18-Feb-13,223.50,226.10,223.40,225.30,234994
15-Feb-13,223.70,226.20,223.70,225.00,425334
14-Feb-13,225.30,226.60,221.20,225.40,553847
13-Feb-13,222.00,226.24,220.90,225.10,684716
12-Feb-13,220.10,222.68,220.10,222.00,299399
11-Feb-13,220.70,221.50,218.40,221.10,352877
8-Feb-13,222.00,222.98,219.90,220.73,500295
7-Feb-13,222.80,224.30,220.10,221.30,483955
6-Feb-13,221.70,225.90,221.70,223.10,760063
5-Feb-13,220.70,225.80,219.36,221.60,511140
4-Feb-13,224.30,225.37,220.30,220.30,633008
1-Feb-13,211.80,223.70,211.80,223.70,758256
31-Jan-13,211.80,214.41,210.36,211.20,606918
30-Jan-13,211.80,215.40,210.30,213.60,1148830
29-Jan-13,211.30,212.80,211.00,212.11,406219
28-Jan-13,213.90,215.80,209.50,211.30,796183
25-Jan-13,211.20,217.00,211.20,214.85,671756
24-Jan-13,214.70,215.30,212.40,215.00,678341
23-Jan-13,212.60,213.10,210.60,212.60,1180187
22-Jan-13,221.00,221.10,208.10,218.59,1826790
21-Jan-13,221.70,222.60,219.85,221.30,336085
18-Jan-13,219.00,221.60,219.00,219.60,541637
17-Jan-13,217.10,221.20,216.40,219.90,894282
16-Jan-13,218.10,219.13,216.60,217.80,1055674
15-Jan-13,223.00,223.00,215.32,218.20,1126586
14-Jan-13,227.70,228.51,225.30,226.00,294076
11-Jan-13,228.20,229.30,227.10,227.70,393592
10-Jan-13,228.90,230.10,227.60,228.00,295682
9-Jan-13,229.00,230.00,227.20,229.20,290870
8-Jan-13,225.40,230.70,225.40,228.20,404814
7-Jan-13,229.40,230.30,225.28,230.20,779893
4-Jan-13,234.10,234.10,228.50,230.00,521882
3-Jan-13,235.30,235.30,231.50,231.50,499563
2-Jan-13,235.90,239.92,235.30,236.20,486488
