31-Dec-15,151.30,151.40,150.60,150.70,43777
30-Dec-15,151.40,151.62,150.80,151.20,88563
29-Dec-15,150.80,151.50,150.80,151.40,316891
24-Dec-15,150.80,151.80,150.80,151.30,68731
23-Dec-15,151.80,151.80,151.20,151.50,366736
22-Dec-15,151.80,151.80,151.28,151.50,201441
21-Dec-15,151.40,151.50,150.80,151.00,454804
18-Dec-15,150.90,151.58,150.80,151.50,777457
16-Dec-15,151.00,151.15,150.60,150.80,368735
15-Dec-15,150.00,151.30,150.00,151.10,721626
14-Dec-15,151.00,151.20,150.50,151.10,508921
11-Dec-15,150.50,151.47,150.00,150.80,502465
10-Dec-15,150.00,151.20,150.00,150.40,842393
9-Dec-15,151.70,151.70,149.90,150.00,892489
8-Dec-15,150.50,151.20,150.20,150.35,389693
7-Dec-15,152.50,152.50,150.50,150.60,679931
4-Dec-15,152.60,152.60,151.50,151.80,516646
3-Dec-15,152.80,152.80,151.80,151.80,736410
2-Dec-15,152.50,152.50,151.80,152.10,866311
1-Dec-15,152.50,152.50,152.10,152.15,346101
30-Nov-15,152.20,153.04,152.20,152.47,650734
27-Nov-15,151.70,153.00,151.60,152.50,710415
26-Nov-15,153.00,153.00,151.50,152.20,460457
25-Nov-15,153.60,154.00,153.40,153.90,357559
24-Nov-15,153.60,154.50,153.60,153.60,289284
23-Nov-15,154.30,154.60,153.72,154.40,450826
20-Nov-15,153.60,154.67,153.00,153.40,713874
19-Nov-15,153.00,153.50,152.80,153.20,419973
18-Nov-15,154.30,154.30,152.95,153.10,425222
17-Nov-15,153.60,154.00,153.60,153.75,603756
16-Nov-15,154.40,154.47,153.60,153.80,350776
13-Nov-15,154.90,155.00,153.60,153.90,485026
12-Nov-15,154.00,154.90,154.00,154.20,281492
11-Nov-15,154.70,154.80,154.30,154.60,369409
10-Nov-15,154.00,154.40,153.80,154.40,618623
9-Nov-15,154.60,154.80,153.80,154.30,374520
6-Nov-15,154.20,154.60,153.80,154.30,287482
5-Nov-15,154.40,154.90,154.00,154.65,489034
4-Nov-15,154.50,155.20,154.30,154.30,321251
3-Nov-15,154.50,155.10,154.50,154.80,228252
2-Nov-15,155.00,155.00,154.50,154.60,81266
30-Oct-15,154.50,155.02,154.40,154.70,282364
29-Oct-15,155.40,155.40,154.60,154.80,414982
28-Oct-15,154.80,154.90,154.40,154.80,355193
27-Oct-15,154.80,154.96,154.44,154.60,170239
26-Oct-15,154.30,155.20,154.30,155.00,376034
23-Oct-15,155.10,155.33,154.40,155.00,628265
22-Oct-15,154.80,155.50,154.80,155.00,925304
21-Oct-15,154.70,155.50,154.40,155.00,259745
20-Oct-15,155.60,155.60,154.30,154.80,412853
19-Oct-15,155.10,155.40,155.00,155.20,938576
16-Oct-15,155.60,155.80,155.10,155.20,476392
15-Oct-15,154.20,155.75,154.16,155.18,871194
14-Oct-15,153.20,154.60,153.20,154.00,400477
13-Oct-15,153.20,153.70,153.20,153.35,636770
12-Oct-15,153.00,153.67,153.00,153.20,342707
9-Oct-15,153.00,153.60,152.60,153.40,410685
8-Oct-15,152.40,153.24,152.30,152.70,817693
7-Oct-15,152.30,152.70,151.74,152.50,424308
6-Oct-15,152.70,153.00,152.20,152.40,308598
5-Oct-15,152.70,152.70,151.70,152.50,301488
2-Oct-15,152.00,152.50,151.80,152.20,771066
1-Oct-15,152.20,152.50,152.10,152.20,152709
30-Sep-15,152.20,152.50,151.90,152.30,240021
29-Sep-15,151.90,152.50,151.80,152.30,284477
28-Sep-15,151.70,152.20,151.60,152.00,219835
25-Sep-15,151.90,152.46,151.90,152.10,295262
24-Sep-15,153.10,153.10,151.60,152.10,371765
23-Sep-15,152.10,153.00,152.10,152.50,293094
22-Sep-15,153.00,153.00,151.30,152.25,549250
21-Sep-15,152.10,153.30,151.80,152.60,481142
18-Sep-15,152.50,152.50,151.82,152.00,2287828
17-Sep-15,152.20,152.55,151.80,152.00,321094
16-Sep-15,151.90,152.48,151.80,152.20,417554
15-Sep-15,152.30,152.50,151.80,151.80,610355
14-Sep-15,152.20,152.58,151.94,152.30,165599
11-Sep-15,152.90,152.90,151.80,152.00,272360
10-Sep-15,152.30,152.71,151.90,152.20,395402
9-Sep-15,153.20,153.20,152.20,152.80,712643
8-Sep-15,152.70,153.00,152.30,152.80,236786
7-Sep-15,153.20,153.20,152.58,152.70,121025
4-Sep-15,152.00,153.20,151.33,152.80,409214
3-Sep-15,151.90,152.20,151.50,152.00,574147
2-Sep-15,151.40,151.80,151.00,151.50,543970
1-Sep-15,152.00,152.00,150.90,151.40,421513
28-Aug-15,151.30,151.68,150.50,150.50,861406
27-Aug-15,151.90,152.30,150.97,151.20,907332
26-Aug-15,153.40,153.70,152.50,152.80,378705
25-Aug-15,153.30,154.30,153.20,153.65,790076
24-Aug-15,154.10,154.80,153.01,153.40,1489362
21-Aug-15,155.00,155.58,154.30,154.30,465930
20-Aug-15,154.80,155.80,154.80,155.00,298915
19-Aug-15,155.40,155.90,154.80,155.30,359772
18-Aug-15,155.40,155.40,154.95,155.20,416414
17-Aug-15,154.80,155.37,154.32,154.80,244620
14-Aug-15,154.30,154.60,153.60,154.30,190658
13-Aug-15,153.50,153.81,153.20,153.40,246837
12-Aug-15,153.40,154.00,153.00,153.00,493486
11-Aug-15,153.90,154.00,153.00,153.10,701497
10-Aug-15,153.10,153.50,152.54,153.30,315781
7-Aug-15,152.30,152.70,151.89,152.00,418600
6-Aug-15,152.50,152.50,152.00,152.10,458353
5-Aug-15,152.50,152.50,152.00,152.10,1234467
4-Aug-15,152.00,152.28,152.00,152.10,583317
3-Aug-15,152.40,152.70,151.87,152.50,458370
31-Jul-15,152.50,152.89,152.20,152.40,269961
30-Jul-15,152.70,153.20,152.00,152.60,982277
29-Jul-15,154.60,154.80,152.60,154.00,1119973
28-Jul-15,154.10,154.60,154.10,154.40,297206
27-Jul-15,155.00,155.00,154.10,154.80,550160
24-Jul-15,155.00,155.30,154.70,155.00,503313
23-Jul-15,155.10,155.70,154.90,155.20,1724296
22-Jul-15,154.70,155.40,154.70,155.20,399598
21-Jul-15,155.00,155.50,154.65,155.30,122036
20-Jul-15,153.90,154.85,153.50,154.70,223325
17-Jul-15,152.70,153.90,152.70,153.80,163938
16-Jul-15,152.50,153.40,152.20,153.00,844696
15-Jul-15,152.80,153.18,152.50,153.00,194087
14-Jul-15,153.00,153.00,152.50,153.00,113758
13-Jul-15,151.80,153.20,151.50,153.00,598541
10-Jul-15,151.90,152.50,151.50,152.40,336585
9-Jul-15,150.70,152.20,150.70,152.00,852204
8-Jul-15,150.70,151.20,150.40,151.00,303693
7-Jul-15,151.30,152.10,150.40,151.20,330727
6-Jul-15,153.20,153.65,151.40,153.00,172608
3-Jul-15,153.40,153.86,153.30,153.40,43465
2-Jul-15,153.80,154.20,153.40,153.90,336607
1-Jul-15,154.00,154.74,153.60,153.85,192927
30-Jun-15,154.80,154.80,154.00,154.00,815005
29-Jun-15,153.80,154.80,153.48,154.10,788843
26-Jun-15,154.20,154.40,153.40,154.00,270046
25-Jun-15,153.00,154.30,153.00,153.53,609648
24-Jun-15,153.00,153.83,153.00,153.57,242394
23-Jun-15,153.30,153.86,152.90,153.16,619513
22-Jun-15,153.40,153.90,153.10,153.50,493688
19-Jun-15,153.80,154.30,153.50,153.90,1333852
18-Jun-15,153.90,154.10,153.40,153.90,294327
17-Jun-15,153.70,153.70,153.00,153.30,412854
16-Jun-15,152.60,153.90,152.60,153.50,345786
15-Jun-15,153.50,153.50,152.50,152.70,298187
12-Jun-15,153.00,153.50,152.30,153.10,409025
11-Jun-15,152.50,152.80,152.10,152.80,275246
10-Jun-15,151.50,152.80,151.50,152.00,387230
9-Jun-15,151.80,152.00,151.50,151.70,515078
8-Jun-15,152.00,152.42,151.40,151.70,289393
5-Jun-15,152.80,153.09,151.80,152.10,345160
4-Jun-15,153.20,153.75,152.80,153.00,872706
3-Jun-15,152.50,153.70,152.30,153.60,682209
2-Jun-15,152.30,152.70,152.00,152.40,403419
1-Jun-15,153.00,153.29,152.00,152.00,268634
29-May-15,152.30,153.53,151.60,153.00,1023791
28-May-15,152.40,152.50,151.60,152.30,849112
27-May-15,153.90,154.40,153.50,153.80,442132
26-May-15,154.60,154.75,153.90,154.70,520798
22-May-15,155.00,155.17,154.23,154.70,586341
21-May-15,155.00,156.00,154.30,155.20,985077
20-May-15,155.40,155.53,154.30,155.10,1266160
19-May-15,155.50,155.80,155.25,155.50,663867
18-May-15,154.10,155.90,154.00,154.00,944969
15-May-15,154.00,155.00,154.00,154.50,1198280
14-May-15,153.70,154.60,153.30,154.50,737126
13-May-15,153.30,153.90,153.05,153.40,349861
12-May-15,153.20,153.70,153.00,153.40,717761
11-May-15,153.20,153.20,152.70,153.04,976615
8-May-15,153.20,153.50,152.73,153.00,2450656
7-May-15,151.50,152.80,151.50,152.70,384759
6-May-15,153.00,153.40,151.50,151.60,1008904
5-May-15,152.90,153.30,152.50,153.00,483502
1-May-15,153.10,153.29,152.80,152.90,346531
30-Apr-15,153.60,154.18,153.00,153.50,812457
29-Apr-15,153.60,154.00,153.20,153.70,461733
28-Apr-15,154.00,154.34,153.20,153.90,711997
27-Apr-15,154.00,154.00,153.40,154.00,197954
24-Apr-15,153.20,154.10,153.20,153.70,636291
23-Apr-15,153.50,154.00,153.20,153.60,402519
22-Apr-15,154.00,154.20,153.72,153.90,497502
21-Apr-15,154.40,154.75,153.10,153.80,647471
20-Apr-15,154.30,154.84,154.10,154.50,552424
17-Apr-15,154.60,154.80,154.25,154.40,345325
16-Apr-15,154.90,154.90,154.39,154.50,398596
15-Apr-15,155.40,155.40,154.65,154.70,241952
14-Apr-15,154.80,155.08,154.60,154.82,198979
13-Apr-15,155.70,156.30,154.50,154.90,547953
10-Apr-15,156.20,156.35,154.99,155.80,1069039
9-Apr-15,156.90,156.90,156.09,156.20,195099
8-Apr-15,156.20,156.40,156.03,156.10,318632
7-Apr-15,156.00,156.69,156.00,156.20,242639
2-Apr-15,156.80,156.80,156.00,156.20,617851
1-Apr-15,156.40,156.94,156.00,156.20,1340932
31-Mar-15,158.50,158.65,156.44,158.40,1552060
30-Mar-15,158.90,159.00,158.50,158.50,777677
27-Mar-15,159.00,159.20,158.60,158.90,322584
26-Mar-15,159.60,159.90,158.66,159.10,446598
25-Mar-15,159.80,160.06,159.40,159.50,1083106
24-Mar-15,160.30,160.60,159.50,160.35,522271
23-Mar-15,159.60,161.40,159.50,160.72,1012754
20-Mar-15,158.60,159.80,158.45,159.29,1309435
19-Mar-15,158.00,159.00,157.70,159.00,1062238
18-Mar-15,157.80,158.10,157.70,157.90,565470
17-Mar-15,157.10,158.00,157.10,157.95,772271
16-Mar-15,156.50,157.44,156.45,157.10,662918
13-Mar-15,156.20,157.00,156.20,156.90,382854
12-Mar-15,155.40,157.00,155.20,157.00,206891
11-Mar-15,156.00,156.70,153.50,155.50,1231576
10-Mar-15,156.80,157.20,156.00,156.00,224685
9-Mar-15,157.60,157.65,157.00,157.20,597786
6-Mar-15,157.70,157.70,156.90,157.30,254780
5-Mar-15,157.00,157.70,156.77,157.60,376560
4-Mar-15,156.70,157.00,156.55,156.80,416735
3-Mar-15,156.90,156.98,156.24,156.60,218012
2-Mar-15,155.40,156.60,155.30,156.50,363232
27-Feb-15,156.50,156.50,155.27,155.80,287963
26-Feb-15,156.20,156.20,154.80,155.50,1704414
25-Feb-15,157.30,157.40,156.60,157.10,418162
24-Feb-15,155.50,157.10,155.40,157.00,1107574
23-Feb-15,155.30,155.50,154.60,155.25,608477
20-Feb-15,154.70,155.30,154.40,155.30,1147655
19-Feb-15,154.10,154.69,154.00,154.60,157508
18-Feb-15,153.60,154.80,153.60,154.50,572751
17-Feb-15,154.10,154.50,153.50,153.80,395300
16-Feb-15,153.50,154.20,153.34,154.00,406415
13-Feb-15,153.30,154.10,152.80,153.50,721523
12-Feb-15,153.50,153.50,152.50,153.30,436574
11-Feb-15,153.10,153.70,152.60,152.90,310791
10-Feb-15,153.00,154.30,153.00,153.60,738044
9-Feb-15,154.20,154.30,153.00,153.20,612916
6-Feb-15,154.00,154.10,153.50,153.95,849213
5-Feb-15,153.00,154.20,152.30,153.60,603327
4-Feb-15,153.00,153.30,152.30,153.00,230720
3-Feb-15,153.20,153.30,152.30,152.40,273793
2-Feb-15,153.00,154.02,152.30,152.90,819547
30-Jan-15,152.10,152.71,152.00,152.10,211266
29-Jan-15,152.00,152.60,152.00,152.60,258476
28-Jan-15,152.20,152.62,152.10,152.25,187037
27-Jan-15,151.90,152.59,151.90,152.30,601241
26-Jan-15,152.10,152.80,152.04,152.20,439375
23-Jan-15,152.30,152.90,151.96,152.90,706202
22-Jan-15,153.50,153.85,152.20,152.70,531575
21-Jan-15,154.00,154.00,153.30,153.55,449925
20-Jan-15,154.00,154.00,153.60,153.70,286423
19-Jan-15,154.20,154.20,153.60,154.00,273512
16-Jan-15,154.10,154.10,153.10,153.40,669529
15-Jan-15,153.60,154.10,153.10,154.00,756458
14-Jan-15,155.50,155.50,153.60,154.00,532422
13-Jan-15,155.70,155.70,154.68,155.10,241949
12-Jan-15,155.90,156.20,154.62,155.50,534664
9-Jan-15,155.50,156.39,155.50,156.00,176039
8-Jan-15,155.30,156.20,155.03,155.80,808117
7-Jan-15,154.30,155.33,154.05,155.00,564689
6-Jan-15,153.00,154.10,152.70,153.40,841564
5-Jan-15,153.00,153.40,152.30,153.30,374386
31-Dec-14,152.50,152.90,151.64,152.50,67790
30-Dec-14,152.00,152.90,151.30,152.30,317340
29-Dec-14,153.30,153.30,152.10,153.00,353473
24-Dec-14,152.10,152.95,152.10,152.50,156222
23-Dec-14,153.00,153.29,151.70,152.90,380981
22-Dec-14,151.80,153.30,151.30,153.00,888943
19-Dec-14,149.50,152.43,149.50,150.90,2167601
18-Dec-14,149.20,150.00,149.10,149.60,529402
17-Dec-14,148.80,149.00,147.40,147.90,548040
16-Dec-14,148.20,148.71,147.50,148.40,391022
15-Dec-14,150.90,151.22,148.30,148.30,702731
12-Dec-14,152.40,152.60,150.90,151.00,1418298
11-Dec-14,152.40,153.10,152.20,152.50,1042896
10-Dec-14,152.40,153.00,151.60,152.30,329753
9-Dec-14,151.00,152.00,151.00,151.50,218437
8-Dec-14,151.40,151.90,151.40,151.90,105704
5-Dec-14,151.20,152.50,150.70,152.00,1124861
4-Dec-14,150.50,150.80,149.90,150.60,360594
3-Dec-14,150.20,150.40,149.60,149.80,341392
2-Dec-14,150.50,150.90,150.05,150.05,575217
1-Dec-14,151.60,151.60,150.50,151.10,227846
28-Nov-14,150.70,151.90,150.70,151.90,319610
27-Nov-14,151.40,151.50,150.68,151.40,571772
26-Nov-14,153.20,153.20,152.50,152.90,783640
25-Nov-14,152.80,153.40,152.00,152.80,776587
24-Nov-14,152.70,152.80,151.80,152.30,206622
21-Nov-14,151.40,152.50,151.40,151.90,726758
20-Nov-14,152.00,152.00,151.40,151.80,266668
19-Nov-14,151.00,152.70,151.00,151.30,2182060
18-Nov-14,149.90,150.00,149.10,149.75,379134
17-Nov-14,149.00,150.00,148.60,149.25,695557
14-Nov-14,150.70,150.70,149.10,150.30,682149
13-Nov-14,150.90,151.70,149.54,150.80,1077571
12-Nov-14,150.20,151.70,150.20,150.60,497463
11-Nov-14,150.50,151.00,150.00,150.35,434646
10-Nov-14,150.00,150.80,149.60,150.60,395745
7-Nov-14,149.80,150.10,149.50,149.60,246129
6-Nov-14,150.00,150.10,149.40,150.00,234239
5-Nov-14,148.30,149.90,148.30,149.90,1038675
4-Nov-14,147.20,148.90,147.00,147.40,1012848
3-Nov-14,148.10,148.10,147.10,147.90,631044
31-Oct-14,148.40,148.60,147.60,148.20,947107
30-Oct-14,145.90,148.40,145.90,146.80,1817605
29-Oct-14,145.70,146.60,145.70,146.00,413499
28-Oct-14,146.00,146.10,145.70,146.00,151683
27-Oct-14,145.30,146.20,145.30,145.80,616763
24-Oct-14,145.60,146.20,145.10,145.60,463898
23-Oct-14,146.30,146.30,145.40,145.45,359735
22-Oct-14,145.70,146.40,145.50,146.30,269914
21-Oct-14,146.20,146.40,145.80,146.00,428611
20-Oct-14,145.80,146.20,145.40,146.20,198825
17-Oct-14,145.60,145.80,145.20,145.80,459577
16-Oct-14,144.80,145.60,144.60,145.30,1361737
15-Oct-14,146.40,146.40,144.47,145.00,1029447
14-Oct-14,146.00,146.00,145.30,145.70,372249
13-Oct-14,145.80,146.20,145.60,146.20,593636
10-Oct-14,145.00,146.30,144.50,146.00,427234
9-Oct-14,145.50,146.20,145.10,145.40,679096
8-Oct-14,145.90,146.70,145.50,146.30,1053784
7-Oct-14,145.90,145.90,145.00,145.20,1256401
6-Oct-14,144.80,145.90,144.50,145.60,604386
3-Oct-14,145.70,145.70,144.50,145.10,500977
2-Oct-14,144.00,145.50,143.80,144.20,1734177
1-Oct-14,144.00,144.40,144.00,144.20,499584
30-Sep-14,144.30,144.70,143.80,143.90,1308341
29-Sep-14,144.10,144.40,143.80,144.00,358870
26-Sep-14,143.90,144.40,143.57,143.70,232253
25-Sep-14,144.80,145.00,144.10,144.40,609078
24-Sep-14,144.20,145.00,143.60,144.60,429078
23-Sep-14,142.90,144.00,142.60,143.30,712368
22-Sep-14,143.50,143.50,142.70,143.30,923801
19-Sep-14,143.30,144.42,143.00,143.90,3317596
18-Sep-14,140.30,142.40,140.14,142.00,1253747
17-Sep-14,142.30,142.54,140.10,142.00,2067644
16-Sep-14,144.00,144.26,142.20,143.10,1609947
15-Sep-14,143.70,144.40,143.70,144.10,357558
12-Sep-14,143.40,144.00,143.40,143.75,1637425
11-Sep-14,144.00,144.20,143.50,143.50,708927
10-Sep-14,144.00,144.50,143.60,143.70,1017468
9-Sep-14,145.60,145.60,144.10,144.20,641648
8-Sep-14,145.50,146.13,144.70,145.10,527708
5-Sep-14,145.90,146.00,145.50,145.70,438915
4-Sep-14,145.20,145.90,144.70,145.90,1034071
3-Sep-14,145.70,145.70,144.70,145.00,528755
2-Sep-14,146.20,146.50,144.70,146.40,2299133
1-Sep-14,146.80,146.95,146.12,146.60,319678
29-Aug-14,146.40,146.50,146.00,146.40,343218
28-Aug-14,146.20,146.80,146.00,146.35,507805
27-Aug-14,145.00,146.37,144.80,146.10,1282347
26-Aug-14,143.70,144.90,143.19,144.70,529131
22-Aug-14,143.20,143.40,142.70,143.00,674281
21-Aug-14,143.50,143.50,142.70,142.90,296093
20-Aug-14,144.00,144.81,143.00,143.05,411258
19-Aug-14,145.70,145.90,145.10,145.50,605552
18-Aug-14,145.50,145.80,144.90,145.45,389349
15-Aug-14,145.10,145.30,144.70,145.10,885199
14-Aug-14,144.00,145.40,143.90,144.70,242133
13-Aug-14,144.80,144.90,144.00,144.80,305887
12-Aug-14,144.30,144.80,143.90,144.80,250626
11-Aug-14,144.80,144.80,144.10,144.70,379029
8-Aug-14,144.00,144.80,144.00,144.60,742226
7-Aug-14,143.80,144.20,143.50,143.70,689306
6-Aug-14,143.40,143.90,142.50,143.20,562109
5-Aug-14,143.90,143.90,142.60,143.20,883017
4-Aug-14,144.50,144.50,143.30,143.90,1104571
1-Aug-14,144.30,144.50,143.90,144.30,719630
31-Jul-14,144.50,144.70,144.10,144.50,748820
30-Jul-14,144.10,144.35,143.80,144.30,699141
29-Jul-14,142.40,145.00,142.39,143.45,2131732
28-Jul-14,142.40,142.40,141.60,141.65,422879
25-Jul-14,141.60,142.20,141.60,141.80,613984
24-Jul-14,142.00,142.30,141.75,142.10,449519
23-Jul-14,140.70,142.00,140.47,141.35,857149
22-Jul-14,140.20,140.70,140.20,140.40,274872
21-Jul-14,140.80,140.83,140.30,140.40,248339
18-Jul-14,140.20,140.80,140.10,140.10,775291
17-Jul-14,140.50,140.70,139.80,140.25,258512
16-Jul-14,141.10,141.10,140.40,140.70,559827
15-Jul-14,140.80,141.30,140.60,140.75,719892
14-Jul-14,140.50,141.30,140.10,141.10,165572
11-Jul-14,140.20,140.50,139.60,140.50,435003
10-Jul-14,140.20,140.30,139.50,140.20,251896
9-Jul-14,139.10,139.68,138.90,139.50,283384
8-Jul-14,139.10,139.70,138.90,139.40,304993
7-Jul-14,140.30,140.30,139.00,139.40,677523
4-Jul-14,139.50,140.50,139.50,140.15,439806
3-Jul-14,140.10,140.20,139.30,139.70,771672
2-Jul-14,140.00,140.20,139.76,140.05,305509
1-Jul-14,139.40,140.40,139.40,139.60,768755
30-Jun-14,139.90,139.90,139.60,139.90,979041
27-Jun-14,141.10,141.10,139.60,140.50,677330
26-Jun-14,140.70,141.10,140.00,140.00,862555
25-Jun-14,140.70,140.70,139.90,140.00,221269
24-Jun-14,140.20,140.54,139.30,139.80,1028931
23-Jun-14,140.00,140.80,137.00,140.10,218895
20-Jun-14,139.80,141.00,139.50,140.90,1854727
19-Jun-14,139.00,139.50,138.53,139.45,581773
18-Jun-14,137.20,139.10,136.94,139.10,699692
17-Jun-14,136.70,137.20,136.55,136.90,670570
16-Jun-14,137.00,137.00,135.60,136.80,710605
13-Jun-14,138.10,138.65,137.10,138.03,995339
12-Jun-14,139.00,139.60,138.30,138.50,1692101
11-Jun-14,139.90,139.90,138.97,139.10,487158
10-Jun-14,139.60,140.00,139.20,140.00,262800
9-Jun-14,139.60,139.60,138.70,139.50,280465
6-Jun-14,137.90,139.30,137.90,138.30,354337
5-Jun-14,138.30,138.40,137.70,138.40,324574
4-Jun-14,137.70,138.30,137.40,138.20,661812
3-Jun-14,138.30,138.37,137.40,138.10,225810
2-Jun-14,136.90,138.20,136.50,138.00,1054252
30-May-14,136.50,136.90,136.40,136.50,488594
29-May-14,136.50,136.80,136.20,136.41,1027853
28-May-14,137.40,137.40,136.40,136.56,787100
27-May-14,137.00,137.40,136.66,137.40,847572
23-May-14,137.10,137.40,137.00,137.40,273354
22-May-14,137.10,137.30,136.50,137.20,564910
21-May-14,136.30,137.00,135.50,135.50,1298727
20-May-14,138.50,139.00,138.30,138.90,475328
19-May-14,138.30,138.90,138.10,138.20,696790
16-May-14,138.60,138.90,138.05,138.30,536639
15-May-14,138.80,138.90,138.00,138.50,543670
14-May-14,139.40,139.70,138.80,138.90,299887
13-May-14,138.90,139.90,138.80,139.20,1664480
12-May-14,138.60,138.70,137.60,138.70,366764
9-May-14,138.00,138.30,137.70,138.10,404693
8-May-14,137.80,138.20,137.50,138.00,448521
7-May-14,137.60,137.80,137.10,137.80,368994
6-May-14,136.90,137.50,136.70,136.90,379023
2-May-14,136.10,136.80,136.10,136.50,444156
1-May-14,137.00,137.00,136.20,136.60,932617
30-Apr-14,138.10,138.10,136.20,137.20,1056455
29-Apr-14,137.70,138.20,137.30,138.00,1164891
28-Apr-14,137.90,138.33,137.00,138.00,2060917
25-Apr-14,138.40,138.40,137.50,137.90,415554
24-Apr-14,138.50,138.90,137.50,138.50,968707
23-Apr-14,139.10,139.30,137.80,139.00,373110
22-Apr-14,139.30,139.30,138.79,139.20,369674
17-Apr-14,139.10,139.30,138.75,139.00,282380
16-Apr-14,139.00,139.30,138.80,139.10,514333
15-Apr-14,139.00,139.30,138.66,138.90,767066
14-Apr-14,138.40,139.00,138.30,138.70,826308
11-Apr-14,137.40,138.50,137.40,138.15,872856
10-Apr-14,138.00,138.40,137.50,138.00,982157
9-Apr-14,137.30,137.80,137.00,137.50,1697617
8-Apr-14,138.10,138.10,137.30,138.10,363911
7-Apr-14,137.60,138.10,137.10,138.10,602459
4-Apr-14,137.00,137.60,136.40,137.00,598129
3-Apr-14,136.00,136.90,136.00,136.50,823441
2-Apr-14,136.20,136.70,136.00,136.20,320638
1-Apr-14,136.60,136.60,136.00,136.27,324476
31-Mar-14,136.90,136.90,135.70,135.80,424308
28-Mar-14,136.20,136.70,135.70,135.70,610751
27-Mar-14,136.20,136.90,135.93,136.40,762820
26-Mar-14,135.10,136.20,134.60,135.90,402341
25-Mar-14,137.60,137.80,135.30,137.10,2777005
24-Mar-14,138.00,138.60,137.33,137.70,1242350
21-Mar-14,137.90,138.35,137.30,138.00,1115334
20-Mar-14,138.40,138.90,137.80,137.90,525490
19-Mar-14,136.70,139.00,136.70,138.90,818995
18-Mar-14,136.90,137.00,136.30,136.60,303419
17-Mar-14,136.40,136.60,135.70,136.47,198419
14-Mar-14,135.50,136.50,135.50,135.90,627852
13-Mar-14,135.60,136.00,135.10,136.00,366285
12-Mar-14,136.10,136.50,135.80,135.90,200568
11-Mar-14,137.10,137.20,136.20,136.80,317017
10-Mar-14,137.10,137.10,136.00,136.10,787111
7-Mar-14,137.50,137.70,136.50,137.30,784920
6-Mar-14,138.20,138.70,137.50,137.60,228686
5-Mar-14,138.00,138.40,137.80,138.20,260211
4-Mar-14,138.00,138.40,137.90,137.70,304536
3-Mar-14,137.50,138.20,137.10,137.40,545315
28-Feb-14,138.50,138.50,138.00,138.20,216545
27-Feb-14,137.10,138.40,136.50,137.90,1434650
26-Feb-14,137.50,137.60,136.80,137.00,1333359
25-Feb-14,138.80,139.00,137.30,138.00,2288746
24-Feb-14,139.20,139.70,139.10,139.30,954510
21-Feb-14,139.30,139.50,139.20,139.46,421344
20-Feb-14,138.20,139.30,138.20,139.00,359976
19-Feb-14,137.60,139.40,137.60,139.50,1112490
18-Feb-14,138.00,138.40,137.30,138.20,700963
17-Feb-14,138.60,138.60,137.70,138.60,557598
14-Feb-14,136.90,138.50,136.80,137.50,1540206
13-Feb-14,136.70,137.00,136.40,137.00,928266
12-Feb-14,136.00,136.70,136.00,136.60,423459
11-Feb-14,134.90,136.70,134.80,135.40,1063857
10-Feb-14,133.30,134.90,133.30,134.90,845417
7-Feb-14,133.50,133.60,133.10,133.60,265496
6-Feb-14,133.50,133.80,133.30,133.50,485056
5-Feb-14,133.00,133.90,133.00,133.50,313531
4-Feb-14,134.20,134.20,133.30,133.50,433168
3-Feb-14,134.40,134.80,133.90,134.70,517843
31-Jan-14,134.40,134.90,134.10,134.60,836712
30-Jan-14,133.80,134.40,133.70,133.80,338366
29-Jan-14,134.40,134.40,133.70,134.30,261723
28-Jan-14,134.00,134.40,133.70,134.40,302334
27-Jan-14,134.50,134.50,133.30,133.90,1084590
24-Jan-14,133.90,134.30,133.60,134.30,714710
23-Jan-14,133.60,134.50,133.60,134.50,420982
22-Jan-14,135.60,135.70,133.80,134.88,1064943
21-Jan-14,136.00,136.00,135.00,135.78,1601530
20-Jan-14,136.60,136.60,135.60,135.80,450462
17-Jan-14,136.60,136.90,135.70,136.15,315473
16-Jan-14,137.70,137.70,135.60,137.20,1225634
15-Jan-14,137.40,138.40,136.90,137.20,991841
14-Jan-14,136.90,137.40,136.20,137.40,292950
13-Jan-14,136.00,136.90,135.50,135.50,485313
10-Jan-14,134.60,136.00,134.60,135.40,581840
9-Jan-14,134.70,135.30,134.50,134.50,248060
8-Jan-14,136.00,136.30,134.40,136.10,796797
7-Jan-14,136.30,136.50,135.90,136.25,285331
6-Jan-14,136.50,137.00,135.80,136.20,553387
3-Jan-14,135.60,136.30,135.50,136.20,289053
2-Jan-14,134.60,136.00,134.60,135.20,1067701
31-Dec-13,134.40,134.50,134.00,134.50,252660
30-Dec-13,134.40,134.50,134.00,134.00,103755
27-Dec-13,133.70,134.50,133.70,134.50,658432
24-Dec-13,134.00,134.00,133.60,133.80,225758
23-Dec-13,133.60,134.00,133.50,134.00,426638
20-Dec-13,132.70,133.80,132.70,133.80,1056207
19-Dec-13,133.70,133.70,133.20,133.40,322829
18-Dec-13,133.60,133.70,133.00,133.30,319761
17-Dec-13,132.70,133.60,132.50,133.30,468940
16-Dec-13,132.50,133.20,132.50,132.60,485303
13-Dec-13,132.80,133.50,132.50,133.40,744409
12-Dec-13,132.50,132.50,131.80,132.20,511364
11-Dec-13,131.30,132.70,131.30,132.70,891523
10-Dec-13,131.00,131.40,131.00,131.40,88007
9-Dec-13,131.00,131.50,130.90,131.00,334217
6-Dec-13,130.40,131.00,129.90,131.00,613313
5-Dec-13,130.20,130.80,129.60,130.40,938316
4-Dec-13,128.80,130.20,128.80,129.30,833454
3-Dec-13,129.30,129.30,128.30,128.54,1166494
2-Dec-13,130.00,130.00,128.70,129.10,672888
29-Nov-13,130.00,130.00,129.10,129.10,1456285
28-Nov-13,131.00,131.00,130.00,130.34,1536908
27-Nov-13,131.20,131.20,130.70,130.80,229992
26-Nov-13,131.40,131.50,130.80,131.20,541086
25-Nov-13,131.20,131.20,130.60,131.00,518386
22-Nov-13,131.50,131.60,130.50,131.80,1547686
21-Nov-13,132.40,132.40,131.10,131.26,1486045
20-Nov-13,133.00,133.00,131.80,132.00,1453738
19-Nov-13,134.50,134.90,134.40,134.80,274086
18-Nov-13,134.40,134.50,134.10,134.30,322930
15-Nov-13,133.60,134.40,133.60,134.40,529211
14-Nov-13,133.70,134.30,133.60,134.20,239868
13-Nov-13,134.60,135.50,133.30,133.30,931412
12-Nov-13,135.10,135.60,135.00,135.00,392704
11-Nov-13,134.80,135.80,134.60,134.90,889899
8-Nov-13,134.50,135.00,134.40,135.00,536872
7-Nov-13,133.80,135.50,133.80,134.80,1008236
6-Nov-13,134.30,134.60,134.10,134.30,524594
5-Nov-13,133.90,134.50,133.70,133.75,458783
4-Nov-13,133.40,133.90,132.90,133.90,726308
1-Nov-13,132.60,133.40,132.60,133.35,268769
31-Oct-13,132.90,133.00,132.50,132.90,384318
30-Oct-13,132.30,133.00,132.30,132.50,303482
29-Oct-13,132.50,133.00,132.40,132.85,161076
28-Oct-13,133.00,133.00,132.10,132.20,262742
25-Oct-13,132.90,133.00,132.60,132.60,175735
24-Oct-13,133.10,133.20,132.80,133.07,298916
23-Oct-13,132.80,133.10,132.70,132.70,510372
22-Oct-13,132.20,133.00,132.20,132.60,346660
21-Oct-13,132.10,132.90,132.10,132.70,477593
18-Oct-13,132.90,132.90,132.20,132.79,225966
17-Oct-13,133.00,133.00,132.30,132.50,96054
16-Oct-13,132.70,132.80,131.60,131.80,487201
15-Oct-13,132.50,132.80,132.20,132.60,475492
14-Oct-13,133.00,133.20,132.40,132.80,979905
11-Oct-13,132.60,133.00,132.10,132.50,273845
10-Oct-13,132.30,132.80,132.30,132.45,365710
9-Oct-13,131.90,132.30,131.50,132.30,351326
8-Oct-13,132.00,132.00,131.50,131.65,352625
7-Oct-13,131.40,132.00,131.40,131.50,344777
4-Oct-13,131.70,132.10,131.40,131.90,220307
3-Oct-13,131.60,132.30,131.60,132.00,271692
2-Oct-13,130.30,132.40,129.80,131.15,2069493
1-Oct-13,129.70,130.40,129.50,130.40,651030
30-Sep-13,129.40,129.90,129.30,129.65,457015
27-Sep-13,129.60,130.10,129.30,129.70,376532
26-Sep-13,130.40,130.70,129.60,129.90,667773
25-Sep-13,130.50,130.90,130.50,130.50,353540
24-Sep-13,129.20,131.00,129.10,130.90,1007125
20-Sep-13,130.90,131.20,130.50,130.50,2409586
19-Sep-13,132.00,132.10,130.90,130.90,942021
18-Sep-13,131.40,131.50,130.80,131.50,473311
17-Sep-13,131.30,132.00,130.80,131.30,873546
16-Sep-13,131.70,131.70,131.30,131.40,356208
13-Sep-13,131.80,131.80,131.10,131.20,340551
12-Sep-13,130.80,131.80,130.50,131.20,595400
11-Sep-13,130.90,130.90,130.40,130.80,193455
10-Sep-13,130.30,130.80,130.30,130.60,392944
9-Sep-13,129.90,130.50,129.30,129.60,627760
6-Sep-13,131.50,131.60,129.20,132.95,858483
5-Sep-13,132.80,132.80,131.80,132.30,463304
4-Sep-13,132.90,132.90,132.60,132.50,271843
3-Sep-13,132.10,132.90,132.10,132.60,431021
2-Sep-13,132.40,132.80,132.10,132.40,584988
30-Aug-13,131.60,132.10,131.60,132.10,56563
29-Aug-13,132.40,132.40,131.70,132.30,307001
28-Aug-13,132.50,132.50,131.80,131.95,531571
27-Aug-13,133.10,133.10,132.20,132.30,1080773
23-Aug-13,132.50,133.20,132.30,131.80,485587
22-Aug-13,131.90,132.50,131.90,132.00,117316
21-Aug-13,131.90,132.50,131.40,131.80,430207
20-Aug-13,131.40,131.80,131.10,131.10,173694
19-Aug-13,132.30,132.30,131.10,131.60,234609
16-Aug-13,130.90,131.70,130.40,130.70,404203
15-Aug-13,132.20,132.20,130.80,131.00,2574743
14-Aug-13,133.40,133.90,132.50,133.50,495669
13-Aug-13,134.30,134.30,133.50,133.70,243151
12-Aug-13,134.80,134.80,133.80,134.60,680340
9-Aug-13,133.90,134.90,133.80,132.80,1108353
8-Aug-13,134.00,134.10,133.80,133.90,486526
7-Aug-13,133.30,133.80,133.00,131.90,1484348
6-Aug-13,132.10,133.30,132.00,131.90,1342255
5-Aug-13,131.90,132.20,131.80,131.80,937154
2-Aug-13,131.60,131.90,131.40,130.30,1365346
1-Aug-13,130.40,131.60,130.30,130.45,263657
31-Jul-13,130.30,130.50,130.00,130.40,634580
30-Jul-13,129.10,130.40,129.10,130.10,496553
29-Jul-13,129.40,129.40,129.00,128.50,669392
26-Jul-13,129.00,129.00,128.50,128.71,746954
25-Jul-13,128.60,128.70,128.30,128.70,246520
24-Jul-13,128.80,129.10,128.60,128.70,1577521
23-Jul-13,129.00,129.00,128.60,128.70,349449
22-Jul-13,128.60,128.90,128.50,128.50,661157
19-Jul-13,128.50,128.80,128.50,128.70,366804
18-Jul-13,128.50,128.90,128.50,128.50,536488
17-Jul-13,129.60,129.65,128.40,128.50,2326155
16-Jul-13,129.80,130.00,129.50,129.80,221843
15-Jul-13,130.20,130.20,129.60,129.90,131024
12-Jul-13,129.90,129.90,129.40,129.60,583559
11-Jul-13,129.50,129.90,129.30,129.90,454514
10-Jul-13,129.00,129.40,128.35,128.70,1395437
9-Jul-13,129.70,130.30,129.00,129.20,869484
8-Jul-13,131.00,131.00,129.30,129.40,2857490
5-Jul-13,132.60,133.40,130.70,130.90,3639822
4-Jul-13,131.10,133.60,131.10,132.50,1491710
3-Jul-13,130.00,131.70,129.92,131.70,385425
2-Jul-13,131.00,131.35,129.90,130.90,258236
1-Jul-13,132.00,132.20,131.00,131.20,434683
28-Jun-13,131.00,132.70,131.00,132.70,1305968
27-Jun-13,130.70,131.50,130.00,131.30,1339648
26-Jun-13,131.50,131.70,130.90,131.20,1112529
25-Jun-13,132.40,133.20,131.50,131.60,1067590
24-Jun-13,133.30,133.45,132.50,132.70,460974
21-Jun-13,132.60,133.40,132.00,133.40,2504017
20-Jun-13,132.50,133.00,132.50,132.60,691567
19-Jun-13,130.70,133.00,130.70,133.00,2150266
18-Jun-13,129.90,130.90,129.90,130.90,344833
17-Jun-13,129.90,130.10,129.50,129.90,267769
14-Jun-13,129.60,130.10,129.20,129.50,485487
13-Jun-13,130.50,130.50,129.30,129.50,740926
12-Jun-13,132.00,132.00,130.50,130.60,883939
11-Jun-13,131.00,132.00,131.00,131.60,353884
10-Jun-13,129.90,132.00,129.50,132.00,1548092
7-Jun-13,128.90,129.90,128.90,129.90,721703
6-Jun-13,128.40,129.10,128.20,128.90,997348
5-Jun-13,128.90,128.90,128.10,128.50,1094298
4-Jun-13,128.40,128.65,128.10,128.40,752104
3-Jun-13,128.70,128.70,127.90,128.40,230407
31-May-13,128.30,128.50,127.80,128.10,977107
30-May-13,128.40,128.40,127.42,127.80,737713
29-May-13,128.50,128.50,127.50,127.80,535800
28-May-13,129.50,129.80,128.10,128.10,852214
24-May-13,130.00,130.47,129.80,130.00,1513536
23-May-13,129.70,130.30,129.70,130.00,621373
22-May-13,133.00,133.00,129.80,130.20,2877554
21-May-13,132.90,133.50,132.70,133.00,692179
20-May-13,133.40,133.46,133.00,133.30,351408
17-May-13,133.00,133.40,132.82,133.40,472875
16-May-13,132.40,133.00,132.40,133.00,980009
15-May-13,133.10,133.25,132.60,132.90,682050
14-May-13,132.90,133.30,132.68,133.30,909827
13-May-13,132.40,132.90,132.15,132.80,1122863
10-May-13,131.30,132.30,131.30,132.30,808473
9-May-13,130.60,131.60,130.60,131.60,870650
8-May-13,130.80,131.00,130.40,130.90,283778
7-May-13,130.30,130.80,130.00,130.70,784808
3-May-13,129.80,130.30,129.80,130.10,362306
2-May-13,129.80,130.20,129.40,130.10,909393
1-May-13,130.20,130.42,129.50,129.50,1626491
30-Apr-13,130.90,130.90,130.10,130.40,2056489
29-Apr-13,130.90,131.20,130.50,130.70,656922
26-Apr-13,130.50,131.00,130.30,130.40,599312
25-Apr-13,130.10,130.70,130.10,130.70,657009
24-Apr-13,130.40,130.50,130.10,130.30,1033509
23-Apr-13,130.30,130.40,129.90,130.30,802686
22-Apr-13,130.00,130.20,129.80,130.20,459748
19-Apr-13,129.00,129.80,128.80,129.70,588906
18-Apr-13,129.00,129.30,128.80,129.25,346470
17-Apr-13,128.70,129.10,128.20,129.00,1452701
16-Apr-13,128.20,128.52,128.00,128.25,671179
15-Apr-13,128.50,128.60,128.20,128.50,606924
12-Apr-13,128.10,128.60,127.90,128.50,1009911
11-Apr-13,127.70,128.50,127.70,128.50,988154
10-Apr-13,127.20,128.00,126.85,128.00,739807
9-Apr-13,127.00,127.10,126.60,127.00,1419282
8-Apr-13,126.70,127.00,126.50,127.00,597117
5-Apr-13,126.80,127.00,126.50,126.80,4010054
4-Apr-13,126.90,126.90,126.60,126.70,746819
3-Apr-13,127.00,127.00,126.30,126.60,763277
2-Apr-13,126.50,127.00,126.10,126.80,533702
28-Mar-13,126.70,126.70,125.70,126.10,424083
27-Mar-13,126.50,126.70,125.60,126.10,1536560
26-Mar-13,126.40,126.80,125.70,126.50,2056185
25-Mar-13,125.20,126.60,124.70,126.40,2010173
22-Mar-13,124.10,125.20,123.90,124.20,4176317
21-Mar-13,123.90,124.30,123.40,124.20,338950
20-Mar-13,124.80,125.20,123.80,123.80,522429
19-Mar-13,124.80,125.35,124.70,124.80,365043
18-Mar-13,124.50,125.20,123.84,125.20,480580
15-Mar-13,123.50,124.50,123.49,124.50,1521373
14-Mar-13,123.20,123.90,122.70,123.70,818963
13-Mar-13,123.30,123.30,122.70,123.10,416762
12-Mar-13,122.60,123.30,122.60,122.90,514270
11-Mar-13,122.50,123.00,122.50,122.50,355333
8-Mar-13,123.40,123.40,122.50,122.70,432305
7-Mar-13,122.70,122.70,122.36,122.35,127219
6-Mar-13,122.50,122.70,122.36,122.35,283460
5-Mar-13,122.30,122.80,122.20,122.26,287774
4-Mar-13,122.50,123.50,122.10,122.20,585480
1-Mar-13,123.20,123.20,122.50,122.50,329931
28-Feb-13,123.10,123.50,122.80,122.95,849393
27-Feb-13,122.70,126.76,122.50,123.00,584269
26-Feb-13,126.70,126.80,124.10,125.50,1827518
25-Feb-13,126.80,127.00,126.50,126.70,660787
22-Feb-13,125.80,126.90,125.80,126.80,566971
21-Feb-13,126.00,126.20,125.60,126.20,371327
20-Feb-13,125.40,126.00,125.00,126.00,1213525
19-Feb-13,125.10,125.50,124.60,125.40,289830
18-Feb-13,124.60,125.00,124.50,124.80,248516
15-Feb-13,124.90,125.10,124.70,125.00,405834
14-Feb-13,124.60,125.10,124.10,124.60,521441
13-Feb-13,123.70,124.30,123.45,124.30,489534
12-Feb-13,123.10,123.60,123.10,123.50,235347
11-Feb-13,123.30,123.70,123.30,123.60,118180
8-Feb-13,123.40,123.70,123.40,123.60,60449
7-Feb-13,123.70,123.70,123.33,123.70,98696
6-Feb-13,123.10,123.80,123.10,123.60,138434
5-Feb-13,123.00,123.70,123.00,123.10,387277
4-Feb-13,123.50,123.72,123.00,123.00,866561
1-Feb-13,123.70,124.10,123.30,123.50,952679
31-Jan-13,125.00,125.20,123.50,123.50,1362241
30-Jan-13,125.00,125.30,125.00,125.10,324235
29-Jan-13,124.80,125.30,124.70,125.20,303279
28-Jan-13,125.30,125.30,124.90,125.30,645911
25-Jan-13,124.90,125.10,124.50,125.10,272029
24-Jan-13,124.40,125.00,124.40,124.60,126894
23-Jan-13,125.40,125.40,124.80,124.90,137650
22-Jan-13,124.90,125.50,124.80,124.80,340689
21-Jan-13,124.70,125.40,124.70,125.40,536838
18-Jan-13,124.40,125.00,124.20,124.25,671948
17-Jan-13,124.00,124.40,124.00,124.30,130400
16-Jan-13,123.80,124.50,123.80,124.30,161422
15-Jan-13,124.00,124.40,123.70,124.10,126055
14-Jan-13,123.90,124.30,123.10,124.20,578862
11-Jan-13,123.18,124.00,122.80,123.80,304045
10-Jan-13,122.50,123.20,122.50,123.20,135355
9-Jan-13,123.30,123.30,122.70,123.00,137112
8-Jan-13,123.80,124.20,123.00,123.20,301063
7-Jan-13,124.12,124.50,123.80,124.10,291405
4-Jan-13,124.00,124.50,123.70,124.30,182167
3-Jan-13,124.30,124.40,123.57,123.90,221771
2-Jan-13,123.40,124.20,123.40,123.80,218920
