31-Dec-15,782.50,786.50,776.50,785.00,207904
30-Dec-15,776.50,787.50,776.50,786.00,430283
29-Dec-15,778.00,781.50,769.00,781.00,368485
24-Dec-15,772.00,776.00,767.00,775.00,61410
23-Dec-15,764.50,772.00,761.00,769.50,286617
22-Dec-15,761.00,762.00,752.00,756.50,461171
21-Dec-15,756.00,764.50,753.50,755.00,392726
18-Dec-15,774.50,780.00,754.50,759.50,993921
16-Dec-15,759.00,762.50,749.00,751.00,751189
15-Dec-15,738.50,757.00,736.50,755.00,508935
14-Dec-15,744.00,750.50,734.00,734.00,619448
11-Dec-15,743.50,747.00,739.00,739.00,874139
10-Dec-15,757.00,757.00,743.50,743.50,423715
9-Dec-15,765.50,766.50,746.50,756.00,637602
8-Dec-15,777.50,780.00,761.00,761.50,531701
7-Dec-15,779.00,786.50,774.50,776.00,442870
4-Dec-15,778.50,780.50,770.00,778.50,285395
3-Dec-15,781.50,786.50,776.50,777.50,645592
2-Dec-15,790.00,790.00,779.00,781.00,384494
1-Dec-15,788.00,790.00,778.50,785.50,551584
30-Nov-15,784.00,787.00,778.38,786.50,560167
27-Nov-15,778.50,783.00,777.00,781.50,262009
26-Nov-15,778.00,783.50,776.00,782.50,220093
25-Nov-15,775.00,779.50,769.00,778.00,315063
24-Nov-15,782.50,782.50,761.50,767.50,469716
23-Nov-15,784.50,786.00,779.50,783.50,373418
20-Nov-15,788.00,790.50,784.00,787.50,295239
19-Nov-15,793.50,793.50,784.00,789.50,278394
18-Nov-15,784.00,786.50,778.90,785.50,362069
17-Nov-15,779.50,786.50,779.00,785.00,452700
16-Nov-15,767.00,776.50,758.00,773.50,516093
13-Nov-15,780.50,780.50,768.50,772.50,427792
12-Nov-15,795.00,795.00,779.00,780.50,341191
11-Nov-15,786.50,790.50,780.50,788.00,347446
10-Nov-15,798.50,798.50,777.00,781.50,577221
9-Nov-15,797.00,798.00,790.50,792.00,446411
6-Nov-15,794.50,803.50,789.50,797.00,332681
5-Nov-15,797.00,801.50,786.44,794.50,433276
4-Nov-15,797.50,800.38,791.00,792.50,447694
3-Nov-15,798.50,799.50,794.50,795.00,334184
2-Nov-15,797.50,803.00,797.00,800.00,429213
30-Oct-15,800.00,801.00,794.50,799.50,478749
29-Oct-15,800.50,802.00,794.00,797.00,408164
28-Oct-15,800.00,803.50,792.00,797.00,629479
27-Oct-15,802.00,804.00,795.50,797.00,506709
26-Oct-15,810.00,810.00,793.50,802.00,532684
23-Oct-15,792.00,823.00,792.00,810.00,845641
22-Oct-15,760.50,795.00,760.50,787.50,1364440
21-Oct-15,750.50,801.00,745.00,764.50,944937
20-Oct-15,751.50,766.00,744.50,748.00,451980
19-Oct-15,732.50,743.00,730.50,741.50,764596
16-Oct-15,726.00,733.50,725.36,732.50,552047
15-Oct-15,725.00,732.00,721.00,724.50,450745
14-Oct-15,726.00,733.00,719.50,722.50,484888
13-Oct-15,743.00,743.00,729.00,731.00,479166
12-Oct-15,741.50,742.50,737.00,739.50,436485
9-Oct-15,754.50,754.50,739.50,740.50,490608
8-Oct-15,746.00,749.00,736.50,748.00,660307
7-Oct-15,753.50,754.00,739.00,743.50,758569
6-Oct-15,747.50,757.50,740.50,753.00,920806
5-Oct-15,742.00,745.00,738.50,745.00,417087
2-Oct-15,740.50,742.50,725.00,730.50,654618
1-Oct-15,725.50,741.50,724.00,734.50,773847
30-Sep-15,713.00,725.00,711.00,719.00,650474
29-Sep-15,703.00,716.00,701.50,704.00,819520
28-Sep-15,711.50,722.00,709.50,713.00,582040
25-Sep-15,714.50,725.50,714.50,718.50,457106
24-Sep-15,712.50,717.50,699.50,706.00,870997
23-Sep-15,704.00,720.00,702.00,709.50,901753
22-Sep-15,722.00,723.75,705.50,705.50,738045
21-Sep-15,726.00,729.50,721.50,725.50,541842
18-Sep-15,736.50,737.47,728.00,733.50,1107589
17-Sep-15,733.00,743.50,731.00,736.50,884140
16-Sep-15,721.00,735.50,721.00,733.50,817361
15-Sep-15,718.00,719.00,706.00,715.00,787283
14-Sep-15,702.50,715.00,702.50,711.00,941274
11-Sep-15,705.00,705.00,696.00,702.50,519129
10-Sep-15,699.00,708.00,699.00,701.00,683339
9-Sep-15,716.00,716.00,706.50,708.50,601919
8-Sep-15,698.00,704.50,697.00,701.50,565270
7-Sep-15,707.00,707.50,691.00,692.05,621456
4-Sep-15,715.00,720.00,703.00,703.00,686972
3-Sep-15,723.00,728.50,719.00,726.50,585334
2-Sep-15,713.00,720.50,708.00,714.50,831677
1-Sep-15,728.00,728.00,704.50,712.00,854579
28-Aug-15,725.50,730.72,720.00,730.50,712683
27-Aug-15,723.00,726.00,713.00,725.00,882801
26-Aug-15,711.50,713.50,698.00,709.50,1455062
25-Aug-15,702.00,719.50,693.00,717.00,1285935
24-Aug-15,703.50,709.00,673.50,693.50,1225605
21-Aug-15,732.00,737.50,719.00,719.00,891897
20-Aug-15,751.50,756.50,740.50,743.50,822199
19-Aug-15,777.00,789.00,756.50,756.50,991770
18-Aug-15,776.00,782.50,772.00,776.00,345928
17-Aug-15,785.50,790.00,774.00,778.00,597445
14-Aug-15,782.00,788.50,780.00,781.00,491312
13-Aug-15,782.50,787.00,771.00,780.50,932468
12-Aug-15,800.50,803.00,770.50,773.50,1101634
11-Aug-15,805.50,811.00,801.00,806.00,730457
10-Aug-15,819.50,819.50,805.00,810.50,442920
7-Aug-15,815.00,815.50,807.50,811.00,497368
6-Aug-15,818.50,829.00,818.00,818.50,601712
5-Aug-15,825.00,840.00,822.50,836.50,757626
4-Aug-15,814.00,828.00,810.50,826.00,802639
3-Aug-15,802.50,812.50,802.50,811.00,771626
31-Jul-15,802.00,810.50,798.50,803.00,1389598
30-Jul-15,756.00,822.00,756.00,802.00,1582880
29-Jul-15,753.00,756.00,746.00,752.50,876231
28-Jul-15,751.50,758.50,747.50,749.50,976756
27-Jul-15,753.50,760.50,749.00,750.00,550331
24-Jul-15,768.00,774.00,755.00,755.50,509418
23-Jul-15,774.00,776.74,766.00,768.00,345396
22-Jul-15,773.50,780.00,768.00,768.50,705081
21-Jul-15,778.00,779.00,770.00,775.50,942867
20-Jul-15,774.50,779.00,773.00,775.50,950735
17-Jul-15,784.00,784.50,773.00,778.00,832090
16-Jul-15,788.50,790.50,780.50,783.50,773226
15-Jul-15,797.50,797.50,786.50,786.50,600794
14-Jul-15,808.00,808.00,791.00,797.50,517158
13-Jul-15,806.00,806.00,797.50,803.00,649488
10-Jul-15,807.00,808.00,792.50,796.00,729359
9-Jul-15,790.50,795.50,790.00,793.00,701505
8-Jul-15,788.00,795.50,781.00,785.50,791852
7-Jul-15,812.00,812.00,788.00,788.00,946857
6-Jul-15,817.50,819.00,806.00,808.00,619456
3-Jul-15,825.50,830.00,822.00,824.50,359499
2-Jul-15,827.50,836.00,822.00,824.50,755685
1-Jul-15,815.00,833.00,811.91,828.50,615832
30-Jun-15,818.50,821.00,811.00,811.00,737480
29-Jun-15,815.50,832.50,812.22,820.00,775023
26-Jun-15,839.00,839.50,828.50,833.00,786439
25-Jun-15,849.50,854.50,843.50,843.50,1005789
24-Jun-15,857.00,857.00,846.50,850.00,766683
23-Jun-15,860.00,860.00,851.00,854.00,535132
22-Jun-15,862.50,864.50,850.50,855.00,645079
19-Jun-15,860.50,864.00,842.50,848.50,1200740
18-Jun-15,836.50,853.00,833.50,849.00,992665
17-Jun-15,845.00,847.50,834.50,835.50,602837
16-Jun-15,832.00,842.50,825.50,841.00,658085
15-Jun-15,836.50,836.50,828.00,831.00,802469
12-Jun-15,854.00,854.50,834.00,841.50,564991
11-Jun-15,850.50,861.50,848.00,854.91,535860
10-Jun-15,836.50,849.50,836.50,848.50,654483
9-Jun-15,839.50,843.50,828.50,836.50,691912
8-Jun-15,846.00,849.50,837.00,837.50,977921
5-Jun-15,858.00,858.50,839.77,844.50,641813
4-Jun-15,859.50,862.00,848.00,857.50,591098
3-Jun-15,868.50,874.00,864.00,865.00,740924
2-Jun-15,866.50,868.00,853.00,864.50,845697
1-Jun-15,854.00,864.00,848.00,856.50,577258
29-May-15,858.50,858.50,843.50,845.00,947458
28-May-15,856.00,867.65,852.00,856.00,612151
27-May-15,865.50,875.59,864.50,871.50,563462
26-May-15,852.50,883.00,852.50,865.50,801153
22-May-15,856.50,860.50,851.50,858.50,940173
21-May-15,885.00,906.64,851.00,853.50,1412503
20-May-15,889.00,898.00,886.50,894.00,520369
19-May-15,889.50,895.00,887.50,893.00,761647
18-May-15,885.50,891.50,880.00,882.50,663814
15-May-15,874.50,891.00,874.50,889.00,818811
14-May-15,867.50,875.00,861.00,874.50,561199
13-May-15,858.50,872.00,854.50,867.50,883922
12-May-15,859.00,865.00,851.00,854.00,1594539
11-May-15,857.00,863.00,843.00,847.50,1192440
8-May-15,871.00,890.00,862.00,874.00,924331
7-May-15,838.00,846.00,834.82,844.50,948297
6-May-15,850.00,856.00,841.50,843.00,1193793
5-May-15,849.00,852.50,841.00,850.00,1340813
1-May-15,837.00,843.00,828.50,840.50,280308
30-Apr-15,829.50,837.00,820.50,832.00,711437
29-Apr-15,845.00,845.50,826.50,831.00,602170
28-Apr-15,838.50,843.50,827.50,840.50,647104
27-Apr-15,841.00,847.00,836.18,843.50,572476
24-Apr-15,835.50,843.20,834.00,841.00,451260
23-Apr-15,830.50,838.00,826.50,835.00,495597
22-Apr-15,836.50,847.00,827.50,833.00,758070
21-Apr-15,835.00,846.00,832.50,838.00,788830
20-Apr-15,836.50,843.00,826.00,830.32,618867
17-Apr-15,830.50,841.50,827.00,832.00,656946
16-Apr-15,843.50,844.00,829.50,833.50,798301
15-Apr-15,835.50,848.00,835.32,846.50,675490
14-Apr-15,833.00,843.50,833.00,838.00,987984
13-Apr-15,843.50,846.50,832.00,837.00,666665
10-Apr-15,839.50,843.50,832.63,843.50,805440
9-Apr-15,815.50,839.00,815.50,837.00,667677
8-Apr-15,824.50,826.00,812.00,817.00,691752
7-Apr-15,814.00,824.50,811.48,823.50,555416
2-Apr-15,804.50,811.00,803.60,808.00,510124
1-Apr-15,795.50,806.50,793.88,800.00,882568
31-Mar-15,804.50,814.00,794.76,795.00,889374
30-Mar-15,796.00,806.00,796.00,806.00,662068
27-Mar-15,801.50,805.50,794.00,794.50,642560
26-Mar-15,804.00,804.00,784.50,802.50,558962
25-Mar-15,816.00,821.59,803.50,806.50,773413
24-Mar-15,805.50,827.50,804.25,821.50,1183166
23-Mar-15,796.50,806.00,794.00,805.00,520435
20-Mar-15,800.00,804.00,795.00,799.50,4866862
19-Mar-15,807.00,814.00,796.00,800.50,740772
18-Mar-15,793.00,799.50,785.50,795.50,607471
17-Mar-15,788.00,793.50,786.08,792.50,765553
16-Mar-15,775.50,787.00,775.50,787.00,815134
13-Mar-15,777.50,784.00,773.00,779.00,806487
12-Mar-15,786.50,786.50,777.50,778.00,709436
11-Mar-15,787.00,787.00,771.00,780.50,1482463
10-Mar-15,753.00,804.50,753.00,788.00,2574277
9-Mar-15,746.50,747.50,737.50,741.00,828781
6-Mar-15,751.00,756.00,746.50,747.50,761943
5-Mar-15,752.00,753.00,744.50,748.00,800363
4-Mar-15,752.50,754.00,739.00,746.00,1080341
3-Mar-15,744.50,749.00,744.00,748.00,1045067
2-Mar-15,736.50,742.00,735.90,741.00,911764
27-Feb-15,737.00,740.00,732.00,736.00,863221
26-Feb-15,737.50,737.50,732.00,734.00,785737
25-Feb-15,736.00,740.38,732.00,736.00,782717
24-Feb-15,740.50,749.50,734.00,740.00,952363
23-Feb-15,733.50,738.00,731.50,737.00,571400
20-Feb-15,732.00,733.50,722.00,733.50,655694
19-Feb-15,728.00,732.50,720.50,731.50,733540
18-Feb-15,733.50,737.50,728.50,730.00,785772
17-Feb-15,739.00,739.00,726.00,730.50,538936
16-Feb-15,741.50,743.50,734.50,736.50,439957
13-Feb-15,732.00,743.50,730.61,742.00,862725
12-Feb-15,722.00,730.00,721.50,730.00,669857
11-Feb-15,723.50,726.50,719.00,723.00,579054
10-Feb-15,715.00,723.50,714.00,723.50,888589
9-Feb-15,720.50,721.00,712.00,718.50,832747
6-Feb-15,727.50,728.00,722.50,722.50,686568
5-Feb-15,716.50,729.50,716.00,728.00,977132
4-Feb-15,710.50,722.50,703.50,722.00,1223392
3-Feb-15,703.00,708.50,697.50,707.50,833248
2-Feb-15,697.50,700.00,693.50,698.00,699949
30-Jan-15,694.50,703.50,694.00,696.50,721401
29-Jan-15,699.50,700.50,691.00,693.50,661866
28-Jan-15,704.50,705.69,695.00,699.50,507125
27-Jan-15,704.50,706.00,696.00,700.50,663445
26-Jan-15,704.50,706.50,699.00,702.50,969956
23-Jan-15,707.00,708.83,698.63,702.50,1067222
22-Jan-15,708.00,709.00,700.50,701.50,891941
21-Jan-15,701.00,705.50,697.00,705.00,876536
20-Jan-15,704.00,706.00,699.00,700.00,892296
19-Jan-15,703.50,705.50,698.50,700.50,795078
16-Jan-15,701.00,704.50,693.00,700.00,756354
15-Jan-15,707.00,709.00,692.50,700.00,833477
14-Jan-15,704.50,708.50,695.00,702.00,836328
13-Jan-15,708.00,712.50,705.50,710.00,834884
12-Jan-15,711.50,711.50,701.00,707.00,699882
9-Jan-15,708.50,712.50,702.50,708.00,835776
8-Jan-15,706.00,712.00,701.50,708.50,792579
7-Jan-15,705.50,705.50,696.00,699.00,633099
6-Jan-15,711.00,712.50,696.00,697.00,861710
5-Jan-15,713.00,719.50,708.00,710.00,706037
31-Dec-14,711.50,726.50,710.50,725.00,214792
30-Dec-14,716.00,722.00,710.50,712.50,293283
29-Dec-14,719.50,726.00,710.00,718.50,464435
24-Dec-14,-,-,-,712.00,0
23-Dec-14,714.00,716.50,703.50,712.00,526226
22-Dec-14,713.00,713.00,704.50,709.50,863261
19-Dec-14,712.50,712.95,700.00,705.50,1198688
18-Dec-14,697.00,708.50,687.00,705.50,676546
17-Dec-14,694.00,695.00,685.00,688.50,641213
16-Dec-14,693.00,700.00,682.00,697.00,981510
15-Dec-14,703.00,708.00,692.59,694.00,596911
12-Dec-14,707.50,710.50,698.50,698.50,447840
11-Dec-14,715.00,727.00,703.71,714.50,767247
10-Dec-14,707.00,724.50,703.26,716.50,750453
9-Dec-14,714.00,716.46,699.50,700.00,653114
8-Dec-14,720.00,724.50,718.00,720.50,534908
5-Dec-14,727.00,729.00,718.50,720.00,553518
4-Dec-14,724.50,732.50,720.50,721.00,647998
3-Dec-14,720.00,732.50,720.00,725.00,442823
2-Dec-14,723.00,725.50,718.00,725.50,607524
1-Dec-14,716.00,723.14,704.78,717.00,474073
28-Nov-14,708.50,720.50,708.50,718.50,541247
27-Nov-14,707.00,713.50,705.00,710.50,337920
26-Nov-14,705.00,712.50,705.00,707.00,592166
25-Nov-14,689.00,712.50,689.00,705.00,864765
24-Nov-14,684.50,694.50,684.50,691.50,376533
21-Nov-14,683.50,694.50,683.50,686.50,530923
20-Nov-14,682.50,686.00,678.00,686.00,437066
19-Nov-14,690.00,691.00,682.00,684.00,342949
18-Nov-14,679.00,692.00,679.00,690.00,636133
17-Nov-14,677.50,683.00,674.00,680.50,617781
14-Nov-14,678.00,681.00,675.00,680.50,548958
13-Nov-14,678.00,681.50,672.50,675.50,817710
12-Nov-14,674.50,677.00,671.50,675.00,812396
11-Nov-14,676.00,676.50,671.50,674.50,585979
10-Nov-14,676.00,676.00,670.00,675.00,684159
7-Nov-14,675.50,680.02,668.50,675.00,1096385
6-Nov-14,685.00,686.50,673.00,673.00,1060822
5-Nov-14,689.00,691.00,682.00,685.00,841724
4-Nov-14,687.50,697.00,682.50,683.50,705455
3-Nov-14,699.00,700.00,688.00,689.00,643328
31-Oct-14,693.50,699.50,686.70,695.00,760431
30-Oct-14,673.50,684.50,667.50,682.50,873205
29-Oct-14,673.00,674.00,666.00,669.00,786507
28-Oct-14,672.00,675.50,669.00,669.00,667388
27-Oct-14,668.00,669.00,657.70,666.50,714880
24-Oct-14,669.00,671.00,661.00,664.50,901089
23-Oct-14,650.50,671.00,641.00,667.00,2206562
22-Oct-14,638.50,640.00,633.50,633.50,1079154
21-Oct-14,619.00,634.50,615.00,634.00,1255079
20-Oct-14,625.50,630.00,618.50,619.50,684853
17-Oct-14,620.00,628.00,615.50,625.50,887722
16-Oct-14,614.00,620.00,589.50,617.00,1335805
15-Oct-14,630.00,638.00,608.00,610.00,1045038
14-Oct-14,610.00,632.50,608.50,630.50,1404421
13-Oct-14,612.50,621.00,606.88,615.00,575434
10-Oct-14,625.50,627.00,615.00,615.50,582004
9-Oct-14,638.50,642.50,630.00,630.50,823151
8-Oct-14,633.00,635.00,623.00,629.50,647728
7-Oct-14,646.50,649.50,636.50,636.50,524912
6-Oct-14,655.00,658.00,648.00,650.00,913791
3-Oct-14,639.50,651.00,637.50,649.50,671281
2-Oct-14,645.00,648.50,631.50,641.95,1165904
1-Oct-14,641.50,645.50,639.00,644.00,1022212
30-Sep-14,665.00,665.00,636.50,644.00,2409048
29-Sep-14,679.00,681.00,664.00,670.50,850022
26-Sep-14,674.50,684.00,668.00,678.50,482316
25-Sep-14,686.00,693.00,675.00,675.50,544711
24-Sep-14,682.50,692.00,676.50,689.50,697904
23-Sep-14,682.00,687.00,675.00,681.00,542023
22-Sep-14,690.50,695.00,682.50,685.50,494031
19-Sep-14,692.50,696.00,690.50,695.50,1070969
18-Sep-14,683.00,691.50,679.00,689.00,479741
17-Sep-14,684.50,685.00,676.50,679.00,450977
16-Sep-14,682.00,682.00,673.15,677.50,357807
15-Sep-14,675.00,680.00,673.00,680.00,507679
12-Sep-14,675.50,680.50,672.50,679.00,512112
11-Sep-14,678.00,681.58,671.50,676.00,538834
10-Sep-14,680.00,680.50,674.50,676.00,450031
9-Sep-14,673.50,680.50,673.50,677.00,536117
8-Sep-14,674.00,678.00,668.70,677.00,553878
5-Sep-14,678.50,681.78,675.00,675.00,640962
4-Sep-14,677.00,677.00,668.50,675.00,829759
3-Sep-14,670.50,677.50,669.50,674.50,686288
2-Sep-14,675.50,677.55,665.00,668.00,659358
1-Sep-14,677.00,681.00,671.00,673.03,622180
29-Aug-14,676.50,678.50,668.00,675.00,477225
28-Aug-14,683.50,685.50,676.00,676.50,370834
27-Aug-14,692.00,698.14,684.50,687.00,567586
26-Aug-14,675.50,690.50,675.50,689.50,376428
22-Aug-14,673.00,680.50,671.00,675.00,372528
21-Aug-14,660.00,674.50,659.50,671.00,362992
20-Aug-14,672.00,672.00,657.50,658.50,390390
19-Aug-14,663.00,674.50,663.00,669.50,354182
18-Aug-14,660.50,661.00,654.00,661.00,208380
15-Aug-14,655.50,660.00,651.00,653.00,251100
14-Aug-14,646.50,656.00,644.00,652.50,440626
13-Aug-14,653.50,653.50,644.50,648.00,371721
12-Aug-14,649.00,652.50,646.90,649.00,240924
11-Aug-14,650.50,654.50,645.00,648.50,343306
8-Aug-14,646.50,650.00,636.94,642.00,471072
7-Aug-14,646.50,659.00,646.50,649.50,529744
6-Aug-14,654.50,654.50,639.99,650.00,532728
5-Aug-14,651.00,664.00,648.00,661.00,680400
4-Aug-14,645.00,649.00,636.50,647.00,457044
1-Aug-14,646.50,649.00,635.50,640.50,548423
31-Jul-14,641.00,658.50,635.95,643.00,557443
30-Jul-14,644.00,644.00,635.00,637.50,398636
29-Jul-14,638.50,649.50,638.50,641.50,415938
28-Jul-14,644.00,644.50,635.50,639.00,280783
25-Jul-14,652.50,655.00,640.50,641.50,429598
24-Jul-14,653.00,670.00,647.50,651.00,775679
23-Jul-14,633.50,641.50,633.50,637.50,287336
22-Jul-14,628.50,636.50,625.00,634.00,402240
21-Jul-14,627.50,628.00,615.50,624.00,365054
18-Jul-14,617.50,625.50,610.50,625.50,416097
17-Jul-14,627.00,627.00,618.50,622.00,251682
16-Jul-14,627.50,630.00,618.50,627.00,456143
15-Jul-14,631.00,634.50,620.86,623.50,300454
14-Jul-14,628.50,637.00,628.50,633.00,368981
11-Jul-14,625.00,633.00,623.50,627.50,328945
10-Jul-14,633.50,636.00,623.00,625.00,424924
9-Jul-14,637.00,638.50,626.50,633.00,390426
8-Jul-14,646.50,646.50,633.00,636.00,411538
7-Jul-14,659.00,659.00,643.50,646.00,374689
4-Jul-14,660.00,665.00,656.50,656.50,395568
3-Jul-14,635.50,658.00,634.00,656.50,535024
2-Jul-14,637.00,640.58,632.50,634.00,396674
1-Jul-14,634.00,638.50,629.00,636.00,656643
30-Jun-14,634.00,636.23,625.50,634.50,693056
27-Jun-14,629.00,635.00,622.00,631.00,513759
26-Jun-14,624.00,635.00,622.50,629.50,671109
25-Jun-14,608.00,619.00,607.50,612.00,577014
24-Jun-14,616.50,618.50,608.55,613.00,458674
23-Jun-14,617.50,622.00,613.50,618.00,356169
20-Jun-14,617.50,626.50,617.50,619.50,688905
19-Jun-14,607.50,621.00,602.50,618.50,710147
18-Jun-14,606.50,607.00,597.00,600.50,425710
17-Jun-14,607.00,612.50,603.00,605.50,607047
16-Jun-14,608.00,614.00,600.50,608.00,855327
13-Jun-14,623.00,624.88,600.50,608.00,810816
12-Jun-14,635.50,635.50,626.00,626.50,338682
11-Jun-14,629.00,635.50,617.36,631.00,443318
10-Jun-14,639.50,639.50,631.50,632.50,328759
9-Jun-14,639.50,641.50,634.00,637.50,323524
6-Jun-14,634.00,640.04,632.50,634.00,542594
5-Jun-14,627.00,635.50,615.50,628.00,598765
4-Jun-14,622.00,624.68,617.00,623.00,442372
3-Jun-14,628.50,628.50,617.00,619.50,425280
2-Jun-14,626.00,627.00,621.68,624.00,578178
30-May-14,622.50,629.00,621.50,622.00,500823
29-May-14,627.00,627.00,621.00,625.00,303017
28-May-14,634.50,634.50,623.50,624.50,406356
27-May-14,632.00,641.50,632.00,637.50,317273
23-May-14,639.00,639.00,628.00,630.50,664497
22-May-14,633.00,638.00,632.00,635.50,367832
21-May-14,628.50,635.50,625.50,631.50,469686
20-May-14,639.50,642.50,630.00,631.50,454846
19-May-14,630.50,643.00,627.50,637.50,546393
16-May-14,636.00,641.50,603.50,629.50,1101023
15-May-14,656.50,659.50,625.00,631.00,780434
14-May-14,660.00,660.50,652.00,654.00,325863
13-May-14,654.50,659.50,650.50,657.00,304843
12-May-14,651.50,653.50,646.50,653.00,487689
9-May-14,647.00,648.00,638.96,646.00,330021
8-May-14,642.00,647.50,640.50,645.50,358117
7-May-14,641.50,647.00,639.00,640.50,453262
6-May-14,644.00,644.99,635.00,642.50,344582
2-May-14,636.00,644.50,632.50,640.00,536092
1-May-14,646.50,654.00,637.00,638.00,255512
30-Apr-14,643.50,644.00,636.50,641.00,780933
29-Apr-14,642.00,646.50,638.50,642.00,522088
28-Apr-14,635.50,638.00,627.00,637.50,574263
25-Apr-14,633.50,633.50,626.50,629.00,377741
24-Apr-14,642.50,642.50,626.50,633.00,414315
23-Apr-14,640.00,643.00,636.00,636.50,331554
22-Apr-14,630.00,647.50,627.50,639.50,517857
17-Apr-14,624.00,633.50,623.50,630.00,508874
16-Apr-14,622.50,629.00,621.00,625.00,884298
15-Apr-14,641.50,645.50,615.50,618.50,1106634
14-Apr-14,646.50,650.00,630.50,642.00,660695
11-Apr-14,660.00,667.00,648.50,651.00,851739
10-Apr-14,690.00,694.00,667.00,667.50,738144
9-Apr-14,664.00,677.50,664.00,674.00,499535
8-Apr-14,665.00,669.50,653.50,662.00,668827
7-Apr-14,662.00,672.00,662.00,668.00,546621
4-Apr-14,670.00,675.00,669.50,671.50,388366
3-Apr-14,667.50,673.00,667.50,670.00,298394
2-Apr-14,669.00,671.00,665.50,670.00,578166
1-Apr-14,646.50,668.50,646.00,668.00,410205
31-Mar-14,644.50,650.50,641.00,646.00,631795
28-Mar-14,648.50,649.00,639.50,643.50,426317
27-Mar-14,639.50,645.50,636.50,643.00,414000
26-Mar-14,638.50,647.00,633.00,645.00,661188
25-Mar-14,634.00,644.50,634.00,637.50,707640
24-Mar-14,636.50,642.00,630.00,635.50,785591
21-Mar-14,635.50,641.00,631.00,638.50,1134923
20-Mar-14,633.00,637.40,630.00,635.00,683424
19-Mar-14,621.00,640.00,621.00,637.50,556918
18-Mar-14,618.00,624.50,613.00,624.50,712874
17-Mar-14,625.00,630.00,618.00,622.50,603274
14-Mar-14,624.50,629.00,619.00,621.50,1031363
13-Mar-14,634.50,637.50,628.50,629.50,748092
12-Mar-14,638.50,638.50,627.00,630.00,827148
11-Mar-14,622.00,650.00,622.00,640.50,1141977
10-Mar-14,619.50,628.50,614.00,615.00,549348
7-Mar-14,618.00,630.00,617.50,621.50,607874
6-Mar-14,621.50,624.00,614.00,618.50,346872
5-Mar-14,615.00,620.00,614.00,616.00,388297
4-Mar-14,610.00,622.50,610.00,617.50,734360
3-Mar-14,620.50,620.50,597.50,606.50,1169398
28-Feb-14,613.00,629.00,608.50,628.00,747853
27-Feb-14,608.50,612.00,601.00,610.50,453294
26-Feb-14,615.50,615.50,605.50,609.50,291510
25-Feb-14,614.00,615.00,606.50,611.50,736093
24-Feb-14,606.00,613.00,605.50,612.00,443710
21-Feb-14,619.00,620.00,605.50,609.50,644725
20-Feb-14,604.00,616.00,598.00,616.00,483161
19-Feb-14,612.00,614.00,608.00,608.00,540149
18-Feb-14,613.00,615.00,609.00,611.00,617358
17-Feb-14,606.00,614.50,601.00,612.50,412867
14-Feb-14,601.00,606.00,595.50,601.50,377332
13-Feb-14,609.00,610.50,591.50,598.50,516831
12-Feb-14,603.50,613.00,603.50,608.00,398172
11-Feb-14,591.50,601.50,591.50,601.50,439131
10-Feb-14,594.50,598.00,587.50,589.00,446474
7-Feb-14,590.00,597.50,588.00,595.50,550613
6-Feb-14,589.50,592.00,583.00,587.00,750508
5-Feb-14,571.50,587.50,571.50,581.00,827619
4-Feb-14,566.50,582.50,561.00,575.50,635691
3-Feb-14,579.00,587.50,565.00,568.50,1006443
31-Jan-14,586.00,593.00,570.00,585.00,832331
30-Jan-14,595.50,595.50,580.00,588.50,622445
29-Jan-14,594.50,607.50,586.50,597.50,980499
28-Jan-14,590.00,597.50,578.00,587.00,847100
27-Jan-14,605.50,606.00,580.50,585.50,638073
24-Jan-14,632.00,636.50,602.00,603.00,553984
23-Jan-14,640.50,644.00,631.00,634.50,322104
22-Jan-14,646.00,652.00,640.00,644.00,312073
21-Jan-14,645.50,651.00,641.50,646.50,324876
20-Jan-14,638.50,647.00,635.00,642.50,345381
17-Jan-14,645.50,650.50,639.50,641.00,421777
16-Jan-14,649.00,649.50,644.00,648.50,425155
15-Jan-14,647.00,649.50,638.00,649.50,525630
14-Jan-14,632.00,644.00,629.00,643.00,447419
13-Jan-14,642.00,645.00,637.50,637.50,351540
10-Jan-14,622.50,638.50,622.50,638.50,445989
9-Jan-14,630.00,630.00,621.00,622.50,427082
8-Jan-14,630.00,630.50,626.00,628.00,339773
7-Jan-14,626.50,629.50,616.50,629.50,610706
6-Jan-14,633.50,636.50,622.50,623.50,403080
3-Jan-14,627.00,632.00,623.00,630.50,498954
2-Jan-14,618.50,625.50,616.50,625.50,620065
31-Dec-13,623.50,623.50,609.00,614.50,72135
30-Dec-13,616.00,623.50,616.00,620.00,157239
27-Dec-13,625.00,628.00,617.00,620.00,272988
24-Dec-13,624.50,624.50,617.50,619.00,59617
23-Dec-13,608.50,616.50,608.00,616.50,423548
20-Dec-13,610.50,630.00,610.50,611.00,1629090
19-Dec-13,609.00,616.50,606.00,611.50,691755
18-Dec-13,590.00,602.00,590.00,600.00,670959
17-Dec-13,578.00,593.50,577.50,590.50,640214
16-Dec-13,558.00,579.00,556.50,577.50,563668
13-Dec-13,565.00,568.50,556.50,556.50,479735
12-Dec-13,581.00,581.00,564.50,566.00,439768
11-Dec-13,578.50,585.00,577.00,581.50,503489
10-Dec-13,579.50,581.50,575.00,577.00,595788
9-Dec-13,579.50,584.00,573.50,582.00,520778
6-Dec-13,578.00,581.00,569.50,578.50,480769
5-Dec-13,578.00,581.00,574.00,575.00,444027
4-Dec-13,582.00,585.00,579.00,580.00,841659
3-Dec-13,587.50,592.50,577.50,580.50,504501
2-Dec-13,596.00,596.00,589.50,590.50,404513
29-Nov-13,593.50,600.50,593.50,595.00,377794
28-Nov-13,600.00,600.00,593.50,595.50,309094
27-Nov-13,594.50,600.50,594.00,599.50,361328
26-Nov-13,595.50,600.00,593.50,594.50,295958
25-Nov-13,599.50,601.50,595.00,597.50,393608
22-Nov-13,588.00,596.00,581.00,593.00,291589
21-Nov-13,595.00,600.00,587.00,588.50,443679
20-Nov-13,604.50,607.00,594.50,598.00,451455
19-Nov-13,612.00,614.00,605.50,607.00,428580
18-Nov-13,615.00,619.50,610.50,615.50,278859
15-Nov-13,614.00,619.00,613.00,615.50,317218
14-Nov-13,619.00,621.00,609.50,613.50,307239
13-Nov-13,617.00,618.50,607.50,609.00,601038
12-Nov-13,624.00,625.50,616.00,619.00,352371
11-Nov-13,626.00,626.00,620.50,623.50,301551
8-Nov-13,615.00,622.50,608.50,620.50,1017175
7-Nov-13,630.00,634.50,620.50,621.00,410501
6-Nov-13,628.50,638.00,628.50,632.00,416282
5-Nov-13,633.00,634.00,622.00,627.50,554773
4-Nov-13,636.50,642.00,632.00,632.00,353472
1-Nov-13,637.50,641.00,628.00,635.50,466521
31-Oct-13,635.50,640.50,624.00,636.00,657169
30-Oct-13,633.50,644.50,631.50,636.00,431338
29-Oct-13,637.00,642.00,628.50,634.00,494553
28-Oct-13,643.50,645.00,630.00,636.00,650209
25-Oct-13,644.50,646.50,637.00,640.50,766484
24-Oct-13,633.50,655.00,625.00,644.50,1286993
23-Oct-13,616.50,625.00,613.00,622.50,659471
22-Oct-13,627.00,632.00,618.00,618.00,425922
21-Oct-13,627.50,634.50,624.00,629.00,506191
18-Oct-13,626.50,631.50,624.50,630.05,509924
17-Oct-13,620.00,629.00,613.50,622.50,409169
16-Oct-13,625.00,626.00,618.50,624.07,534019
15-Oct-13,621.50,623.50,619.50,622.58,410800
14-Oct-13,617.50,619.00,613.50,617.50,419116
11-Oct-13,611.00,620.00,607.50,615.30,487274
10-Oct-13,598.50,608.00,596.50,608.00,509804
9-Oct-13,604.50,605.00,592.50,596.00,655672
8-Oct-13,612.50,613.50,604.00,604.50,432376
7-Oct-13,606.50,615.00,604.50,612.00,477796
4-Oct-13,611.00,620.50,606.50,612.50,729950
3-Oct-13,608.50,615.50,604.00,610.50,554966
2-Oct-13,607.50,614.00,599.50,607.00,400939
1-Oct-13,610.50,616.00,603.00,606.00,530918
30-Sep-13,604.00,610.50,600.00,610.50,857002
27-Sep-13,613.50,619.50,607.50,610.00,335434
26-Sep-13,612.00,616.00,606.50,611.00,446302
25-Sep-13,607.50,618.00,607.50,612.00,776733
24-Sep-13,605.50,612.50,601.50,610.50,463939
20-Sep-13,615.00,627.50,613.00,614.50,691023
19-Sep-13,630.00,639.00,610.00,615.00,973545
18-Sep-13,616.00,622.50,603.50,607.00,541319
17-Sep-13,627.50,627.50,616.50,616.50,573590
16-Sep-13,629.50,629.50,618.00,623.50,542352
13-Sep-13,617.00,624.50,615.00,620.50,559482
12-Sep-13,630.50,633.00,613.50,619.00,515061
11-Sep-13,630.50,640.50,624.50,627.50,681452
10-Sep-13,615.50,646.00,615.50,638.75,1068103
9-Sep-13,604.00,616.00,600.00,612.00,423871
6-Sep-13,608.50,616.50,602.00,606.00,736314
5-Sep-13,600.00,615.50,600.00,611.00,677318
4-Sep-13,611.00,617.50,596.50,603.00,505786
3-Sep-13,614.50,620.00,608.00,610.50,800272
2-Sep-13,598.00,614.50,594.50,613.00,885043
30-Aug-13,587.50,601.00,576.00,589.00,1065136
29-Aug-13,594.00,604.50,594.00,601.50,576124
28-Aug-13,602.00,602.00,588.00,592.50,755515
27-Aug-13,620.50,624.50,603.50,605.00,469925
23-Aug-13,625.00,629.50,617.50,624.00,337427
22-Aug-13,618.50,627.00,618.00,625.00,254997
21-Aug-13,615.00,618.50,608.00,615.00,535576
20-Aug-13,628.00,628.00,606.00,612.00,917745
19-Aug-13,637.50,637.50,623.50,633.50,527166
16-Aug-13,620.00,625.50,619.00,624.50,601262
15-Aug-13,628.00,629.00,615.50,620.00,1344041
14-Aug-13,625.00,636.00,625.00,628.00,339830
13-Aug-13,635.00,637.00,627.50,630.00,584535
12-Aug-13,635.00,646.50,628.00,631.50,369355
9-Aug-13,632.00,640.00,627.50,635.88,630980
8-Aug-13,632.00,637.50,624.50,628.50,715316
7-Aug-13,636.00,638.50,625.50,630.00,852532
6-Aug-13,637.00,641.00,628.50,633.00,1028205
5-Aug-13,652.50,655.50,632.00,633.20,910451
2-Aug-13,614.00,654.50,614.00,645.00,2428953
1-Aug-13,573.00,587.00,568.50,587.00,699404
31-Jul-13,565.00,571.50,560.50,569.22,531956
30-Jul-13,562.00,564.50,558.00,560.00,692775
29-Jul-13,558.50,563.00,554.50,557.00,217832
26-Jul-13,562.50,562.50,553.00,557.00,659279
25-Jul-13,557.00,562.00,553.50,558.00,491582
24-Jul-13,556.00,564.50,554.50,559.00,400186
23-Jul-13,555.00,564.50,553.00,555.00,581598
22-Jul-13,559.00,562.00,552.00,555.50,326841
19-Jul-13,557.50,563.50,552.00,560.00,389001
18-Jul-13,553.00,565.00,553.00,560.50,337839
17-Jul-13,558.50,560.50,545.00,555.50,868990
16-Jul-13,536.00,558.00,534.50,554.50,1025384
15-Jul-13,537.00,540.50,533.00,536.50,302163
12-Jul-13,527.00,536.00,525.00,535.00,601845
11-Jul-13,528.50,533.00,523.06,527.00,528961
10-Jul-13,525.50,528.00,514.00,523.00,245651
9-Jul-13,524.00,529.00,522.00,525.00,614197
8-Jul-13,515.50,528.07,511.30,522.00,625930
5-Jul-13,519.00,524.00,510.50,512.50,770793
4-Jul-13,502.00,521.00,501.00,518.00,554874
3-Jul-13,503.00,503.00,485.50,500.00,1231323
2-Jul-13,516.50,516.50,497.09,502.50,662874
1-Jul-13,504.00,515.00,502.00,514.50,546760
28-Jun-13,505.50,513.50,493.92,501.00,770101
27-Jun-13,493.00,507.50,487.70,507.00,851477
26-Jun-13,484.00,493.00,483.90,490.20,1242126
25-Jun-13,454.80,484.50,454.80,484.50,1605071
24-Jun-13,476.10,479.20,449.20,458.60,1638666
21-Jun-13,516.00,516.00,466.50,475.50,3857298
20-Jun-13,525.50,526.50,508.00,513.50,756233
19-Jun-13,528.50,534.50,526.50,531.50,811084
18-Jun-13,525.50,529.50,522.00,528.00,543003
17-Jun-13,526.50,529.50,522.50,526.00,237085
14-Jun-13,514.00,526.50,512.83,525.50,608800
13-Jun-13,517.00,517.50,507.50,510.00,620654
12-Jun-13,526.00,527.50,517.00,522.00,703070
11-Jun-13,538.00,540.00,518.00,524.00,601958
10-Jun-13,540.00,543.00,535.00,538.00,546404
7-Jun-13,535.00,540.50,528.00,532.61,579287
6-Jun-13,536.00,541.50,530.00,533.50,682760
5-Jun-13,542.00,544.66,535.00,539.50,753742
4-Jun-13,552.50,552.50,542.88,545.00,545055
3-Jun-13,545.50,549.50,542.00,546.16,476382
31-May-13,557.50,557.50,545.00,549.00,716493
30-May-13,555.50,564.50,555.00,558.50,558241
29-May-13,568.00,570.00,553.00,558.00,626176
28-May-13,554.00,577.00,553.50,572.00,729220
24-May-13,548.50,554.00,545.38,549.00,556326
23-May-13,550.00,552.50,540.00,544.91,532291
22-May-13,565.00,572.50,555.50,558.50,1041945
21-May-13,567.50,578.50,561.00,577.50,723357
20-May-13,566.00,566.50,557.50,564.31,605118
17-May-13,562.00,563.00,551.50,561.00,728665
16-May-13,527.00,569.50,526.65,564.50,2103512
15-May-13,525.00,528.22,523.00,526.50,656187
14-May-13,527.00,527.50,523.50,525.50,556928
13-May-13,524.50,527.19,521.50,527.00,555193
10-May-13,525.00,526.00,517.50,525.50,989873
9-May-13,523.50,525.50,518.50,521.00,504550
8-May-13,517.00,526.00,516.50,522.00,815243
7-May-13,515.00,521.50,512.50,515.00,562653
3-May-13,512.00,516.50,509.00,512.50,754549
2-May-13,501.50,514.00,500.50,513.89,809294
1-May-13,501.00,509.50,498.70,502.50,479205
30-Apr-13,511.50,514.50,501.00,506.48,1070965
29-Apr-13,508.50,513.50,506.00,510.00,553816
26-Apr-13,505.00,506.50,493.20,506.50,861033
25-Apr-13,495.00,506.50,493.60,506.50,1700432
24-Apr-13,496.30,500.00,488.20,494.80,1341519
23-Apr-13,492.00,500.00,491.30,499.00,1366010
22-Apr-13,500.00,501.50,491.90,493.10,1104865
19-Apr-13,505.50,505.50,490.60,498.00,1027970
18-Apr-13,500.00,504.50,496.20,501.00,764068
17-Apr-13,507.00,508.00,495.00,499.90,817846
16-Apr-13,507.00,508.50,496.00,502.00,1080731
15-Apr-13,513.00,514.50,503.00,508.50,641456
12-Apr-13,513.00,514.50,506.50,513.00,616464
11-Apr-13,508.50,519.00,507.00,513.50,830310
10-Apr-13,492.10,514.00,492.10,510.44,927676
9-Apr-13,494.40,501.50,489.50,491.90,926423
8-Apr-13,489.90,496.80,489.20,492.80,979683
5-Apr-13,506.00,506.00,480.00,489.20,1067236
4-Apr-13,501.50,503.50,496.70,502.62,940088
3-Apr-13,505.50,509.20,498.90,500.00,691100
2-Apr-13,502.00,512.00,500.00,507.00,581228
28-Mar-13,502.50,511.00,499.10,502.50,798423
27-Mar-13,513.50,516.50,500.50,502.00,791567
26-Mar-13,504.00,513.00,502.00,512.50,678821
25-Mar-13,506.50,510.00,501.00,503.00,550671
22-Mar-13,501.50,510.50,500.00,504.00,453073
21-Mar-13,507.00,507.50,490.80,504.00,827223
20-Mar-13,506.50,515.50,505.50,507.50,466973
19-Mar-13,510.50,515.50,505.00,507.00,692792
18-Mar-13,502.50,516.15,502.50,509.50,777375
15-Mar-13,512.00,518.00,503.00,509.50,1631978
14-Mar-13,525.00,528.00,516.30,518.52,759499
13-Mar-13,522.00,524.50,515.50,521.00,807319
12-Mar-13,525.00,532.00,502.64,518.00,1001928
11-Mar-13,527.00,530.00,521.50,530.00,611657
8-Mar-13,523.50,533.00,523.50,530.00,448393
7-Mar-13,519.00,524.00,517.00,524.00,414602
6-Mar-13,521.00,523.50,514.50,518.00,538884
5-Mar-13,508.00,518.00,500.77,516.00,382598
4-Mar-13,510.50,513.50,503.50,507.00,399093
1-Mar-13,503.50,510.00,502.00,508.00,358077
28-Feb-13,503.00,507.00,501.50,505.50,660983
27-Feb-13,497.90,502.50,490.60,500.50,828934
26-Feb-13,495.20,500.50,492.50,497.20,509230
25-Feb-13,510.50,511.00,499.40,507.00,541636
22-Feb-13,505.50,511.15,502.50,507.50,293675
21-Feb-13,517.00,518.50,505.00,505.00,612748
20-Feb-13,504.50,528.00,504.50,517.50,743061
19-Feb-13,491.20,508.00,490.90,504.50,609453
18-Feb-13,489.10,492.52,487.60,489.90,358481
15-Feb-13,483.60,492.20,483.60,489.50,386428
14-Feb-13,494.60,499.30,484.40,484.50,330719
13-Feb-13,489.70,500.50,488.60,495.70,552002
12-Feb-13,489.90,495.40,486.10,488.00,512718
11-Feb-13,492.15,493.20,487.10,490.80,333977
8-Feb-13,486.30,492.60,484.80,492.00,292158
7-Feb-13,487.90,492.30,483.90,485.50,521171
6-Feb-13,480.20,491.90,480.20,486.50,390820
5-Feb-13,479.80,485.50,476.80,479.60,431698
4-Feb-13,486.90,489.10,479.30,479.50,513298
1-Feb-13,473.00,488.00,473.00,485.60,683464
31-Jan-13,471.30,475.80,466.20,473.30,617998
30-Jan-13,468.00,473.90,464.50,471.50,663763
29-Jan-13,471.30,475.70,464.20,464.70,570340
28-Jan-13,469.50,472.60,467.80,470.00,374098
25-Jan-13,466.10,475.50,465.30,469.40,649252
24-Jan-13,453.70,467.80,448.50,466.70,509925
23-Jan-13,453.60,454.72,451.00,453.70,682806
22-Jan-13,456.00,456.91,449.90,453.70,585439
21-Jan-13,453.10,456.90,449.30,456.90,261446
18-Jan-13,449.90,453.56,446.80,452.80,450242
17-Jan-13,444.30,448.10,443.80,447.80,348286
16-Jan-13,447.80,447.80,440.10,443.80,417797
15-Jan-13,449.60,453.00,444.40,448.00,835350
14-Jan-13,448.50,452.00,448.32,449.40,347151
11-Jan-13,445.50,447.94,442.60,447.90,488473
10-Jan-13,445.30,451.50,442.50,445.00,1019198
9-Jan-13,450.70,451.60,443.10,444.60,492869
8-Jan-13,447.40,452.90,443.70,448.70,428837
7-Jan-13,447.40,451.10,445.10,449.10,539174
4-Jan-13,444.00,453.70,440.00,447.80,714492
3-Jan-13,441.00,445.10,439.40,444.00,393622
2-Jan-13,439.20,445.70,435.60,441.10,678856
