31-Dec-15,275.70,278.28,275.60,275.75,55690
30-Dec-15,277.30,279.50,275.70,277.73,111497
29-Dec-15,274.20,279.00,274.20,278.94,57894
24-Dec-15,275.10,276.20,275.10,275.10,32646
23-Dec-15,277.40,277.40,274.13,276.94,67849
22-Dec-15,277.00,277.90,274.10,275.91,64252
21-Dec-15,279.50,281.12,274.40,274.40,44542
18-Dec-15,276.50,279.00,276.00,278.53,107551
16-Dec-15,272.90,275.88,270.75,274.00,50329
15-Dec-15,271.50,273.80,268.70,270.80,38552
14-Dec-15,268.60,272.20,267.00,268.94,29662
11-Dec-15,274.00,274.60,268.63,270.00,95031
10-Dec-15,278.50,278.50,273.00,276.00,38637
9-Dec-15,280.00,280.00,275.00,275.14,43963
8-Dec-15,280.90,280.90,275.50,279.00,110687
7-Dec-15,278.00,280.87,276.50,280.85,25526
4-Dec-15,276.00,277.76,274.13,275.90,18268
3-Dec-15,282.00,284.05,277.10,277.40,96076
2-Dec-15,279.50,284.00,277.50,280.20,91142
1-Dec-15,278.00,279.25,276.50,276.80,37548
30-Nov-15,279.40,279.46,275.76,279.34,34260
27-Nov-15,277.30,279.40,274.60,277.60,72347
26-Nov-15,275.60,278.71,275.60,277.00,222696
25-Nov-15,274.50,279.90,274.50,279.25,31798
24-Nov-15,276.40,278.00,275.00,277.70,20775
23-Nov-15,276.20,278.50,274.54,277.82,22526
20-Nov-15,277.50,277.90,274.30,276.75,102213
19-Nov-15,275.00,277.40,274.10,275.70,129130
18-Nov-15,274.20,275.52,273.50,275.00,17367
17-Nov-15,273.00,275.00,271.54,273.60,92073
16-Nov-15,267.50,272.52,267.50,269.12,18740
13-Nov-15,273.60,276.82,271.10,274.12,29317
12-Nov-15,280.80,281.83,274.68,277.10,17571
11-Nov-15,281.20,281.60,278.00,280.21,68262
10-Nov-15,278.30,282.40,278.30,281.04,136866
9-Nov-15,282.70,284.90,279.00,280.70,34974
6-Nov-15,281.00,283.92,279.60,283.92,271221
5-Nov-15,280.50,283.88,280.00,282.47,80791
4-Nov-15,282.00,282.00,278.56,280.26,28849
3-Nov-15,278.50,281.96,278.41,278.96,12792
2-Nov-15,277.50,281.20,277.50,280.08,12048
30-Oct-15,277.50,282.00,277.50,282.00,50205
29-Oct-15,282.00,282.50,278.80,280.50,16674
28-Oct-15,277.00,281.76,275.70,281.72,70762
27-Oct-15,275.00,277.00,272.00,275.00,129427
26-Oct-15,273.50,275.90,271.00,272.60,50341
23-Oct-15,268.50,273.40,265.60,272.50,69485
22-Oct-15,263.10,268.15,263.10,268.15,37610
21-Oct-15,263.60,267.50,263.60,266.28,29736
20-Oct-15,263.00,267.20,263.00,264.85,5408
19-Oct-15,267.50,267.50,263.10,263.95,54435
16-Oct-15,264.10,267.50,263.20,267.25,94677
15-Oct-15,265.50,265.50,261.04,263.90,26935
14-Oct-15,262.60,265.90,261.10,263.60,70471
13-Oct-15,262.60,267.00,262.60,266.64,43495
12-Oct-15,262.70,266.21,262.70,265.50,71172
9-Oct-15,264.70,265.90,261.80,265.00,39466
8-Oct-15,263.10,265.25,260.00,261.60,78122
7-Oct-15,266.00,266.96,263.20,264.90,57723
6-Oct-15,265.00,266.50,264.00,266.50,61118
5-Oct-15,257.10,264.40,257.10,263.69,97703
2-Oct-15,256.40,260.79,254.24,255.92,86194
1-Oct-15,258.20,261.00,256.50,258.00,57308
30-Sep-15,256.00,258.40,252.88,256.96,17429
29-Sep-15,253.10,255.00,251.00,252.79,34189
28-Sep-15,259.30,262.47,256.00,256.84,85553
25-Sep-15,261.60,265.50,259.08,264.50,52483
24-Sep-15,261.10,263.50,257.60,258.00,24210
23-Sep-15,258.10,263.68,258.10,263.40,22856
22-Sep-15,260.40,262.47,256.50,259.90,70295
21-Sep-15,259.30,262.50,257.42,262.40,61880
18-Sep-15,263.70,263.70,258.60,259.10,133398
17-Sep-15,265.40,265.40,262.32,262.97,30862
16-Sep-15,262.10,265.90,261.00,264.08,41876
15-Sep-15,261.70,265.00,260.00,263.00,162441
14-Sep-15,262.00,264.49,260.30,263.50,27588
11-Sep-15,260.00,261.59,257.32,261.20,4435
10-Sep-15,264.70,264.90,257.70,257.70,130069
9-Sep-15,271.00,271.20,263.00,270.08,113687
8-Sep-15,263.10,266.88,263.10,265.00,24132
7-Sep-15,263.50,265.48,263.41,264.00,37968
4-Sep-15,262.70,266.00,261.60,262.34,56876
3-Sep-15,260.30,266.00,260.16,264.00,46740
2-Sep-15,257.10,262.50,257.10,261.62,225074
1-Sep-15,262.90,262.90,257.00,261.20,31157
28-Aug-15,263.90,268.00,262.28,266.78,38543
27-Aug-15,258.20,266.00,257.00,263.35,120821
26-Aug-15,249.40,254.00,247.44,251.00,85096
25-Aug-15,242.10,258.90,242.10,255.79,201108
24-Aug-15,252.90,252.90,238.90,245.25,129515
21-Aug-15,265.00,265.94,259.70,263.84,47733
20-Aug-15,270.00,272.00,267.00,269.49,22285
19-Aug-15,275.00,275.85,270.10,270.10,27290
18-Aug-15,272.80,276.00,272.80,275.50,25211
17-Aug-15,274.60,274.60,270.70,271.00,13574
14-Aug-15,273.20,274.36,271.00,272.90,62220
13-Aug-15,272.90,275.12,272.73,274.84,50847
12-Aug-15,278.40,278.40,270.60,271.77,74907
11-Aug-15,276.10,279.79,276.10,276.80,14407
10-Aug-15,279.70,280.97,277.80,279.43,218079
7-Aug-15,279.60,281.90,279.60,281.00,13218
6-Aug-15,279.50,281.50,278.32,281.00,6536
5-Aug-15,275.40,281.50,275.40,280.14,65386
4-Aug-15,278.00,278.00,275.90,277.90,20031
3-Aug-15,277.40,278.00,275.58,277.25,6099
31-Jul-15,275.50,277.90,273.12,277.84,69675
30-Jul-15,274.50,276.36,273.00,273.99,55938
29-Jul-15,273.80,276.26,273.50,274.52,38432
28-Jul-15,274.00,276.40,273.36,275.47,30936
27-Jul-15,277.00,279.70,274.00,277.00,48213
24-Jul-15,278.10,280.86,277.00,277.76,23684
23-Jul-15,279.70,281.97,279.00,280.20,19208
22-Jul-15,281.60,283.19,279.00,279.66,17585
21-Jul-15,281.90,283.51,281.24,283.00,18360
20-Jul-15,281.60,283.80,280.01,281.60,47363
17-Jul-15,277.50,281.60,277.50,280.04,107926
16-Jul-15,278.50,280.00,276.40,279.40,30106
15-Jul-15,277.50,278.50,276.00,276.30,25133
14-Jul-15,277.00,277.44,275.21,276.10,65019
13-Jul-15,276.00,277.00,273.03,277.00,23503
10-Jul-15,275.00,276.50,273.00,274.70,20972
9-Jul-15,274.60,275.90,273.50,274.62,47818
8-Jul-15,272.50,276.40,271.39,273.40,41605
7-Jul-15,272.10,274.89,270.00,272.70,72578
6-Jul-15,271.50,272.50,270.00,271.38,23991
3-Jul-15,273.60,275.48,273.00,274.46,1613
2-Jul-15,273.00,275.50,273.00,274.93,35808
1-Jul-15,270.00,274.93,270.00,274.93,69788
30-Jun-15,267.40,272.34,266.74,270.65,106066
29-Jun-15,271.00,273.50,267.12,270.00,122830
26-Jun-15,274.50,276.40,273.20,274.60,37437
25-Jun-15,277.50,277.50,274.78,275.04,94559
24-Jun-15,276.50,277.74,274.10,276.85,84532
23-Jun-15,275.50,277.50,275.50,277.50,117927
22-Jun-15,274.80,277.00,273.50,276.40,195447
19-Jun-15,274.20,275.50,273.50,273.50,266471
18-Jun-15,274.00,275.00,271.50,271.67,71427
17-Jun-15,277.00,277.53,274.00,274.98,85773
16-Jun-15,274.90,275.50,273.00,275.06,144294
15-Jun-15,278.50,278.50,274.10,276.00,72587
12-Jun-15,280.30,281.17,275.80,278.00,45541
11-Jun-15,280.00,281.10,277.36,279.52,41346
10-Jun-15,277.00,279.70,276.62,277.00,12263
9-Jun-15,279.00,280.15,276.70,278.50,95058
8-Jun-15,280.50,282.52,279.68,280.07,15680
5-Jun-15,283.40,283.40,280.10,282.01,111754
4-Jun-15,286.50,286.50,281.00,282.07,54112
3-Jun-15,282.50,287.00,282.50,284.26,125330
2-Jun-15,286.00,286.57,283.10,284.39,67443
1-Jun-15,285.60,288.00,284.02,284.53,64045
29-May-15,284.60,286.00,282.70,284.04,186262
28-May-15,283.50,286.50,281.63,285.00,61370
27-May-15,283.40,283.50,280.00,283.20,43687
26-May-15,282.00,284.52,280.00,283.03,37931
22-May-15,282.30,283.10,280.13,282.50,13149
21-May-15,283.50,284.78,280.10,281.50,53814
20-May-15,286.40,286.40,284.30,284.74,46914
19-May-15,281.80,286.29,280.10,284.64,109151
18-May-15,279.00,281.10,276.46,280.00,99616
15-May-15,274.00,279.00,274.00,277.13,121376
14-May-15,273.00,277.70,273.00,276.04,91109
13-May-15,273.60,276.90,273.00,273.94,88722
12-May-15,279.50,279.68,273.50,276.04,64644
11-May-15,279.50,279.90,276.42,277.78,333051
8-May-15,276.00,279.50,274.11,276.71,266440
7-May-15,274.50,275.77,271.80,275.77,122339
6-May-15,277.00,278.70,272.12,275.00,147570
5-May-15,279.00,280.71,277.69,278.89,136546
1-May-15,275.00,278.00,273.50,277.10,95247
30-Apr-15,277.20,280.05,274.80,275.07,81183
29-Apr-15,279.10,281.61,277.00,278.00,38268
28-Apr-15,282.90,283.00,278.50,280.31,141640
27-Apr-15,281.00,282.50,280.06,282.10,90166
24-Apr-15,281.00,283.00,279.65,282.45,124434
23-Apr-15,281.50,282.81,281.00,282.00,71308
22-Apr-15,283.70,284.53,279.00,282.00,75009
21-Apr-15,283.00,287.00,282.15,286.90,89349
20-Apr-15,282.00,285.10,281.00,283.25,88260
17-Apr-15,286.00,289.32,280.54,281.10,196834
16-Apr-15,289.00,290.40,286.00,287.60,12728
15-Apr-15,287.20,290.40,287.10,288.42,125952
14-Apr-15,289.90,292.87,287.00,287.00,136961
13-Apr-15,292.50,292.50,289.00,291.19,83807
10-Apr-15,289.50,292.40,285.22,292.00,179529
9-Apr-15,284.50,287.30,282.63,286.50,97751
8-Apr-15,285.20,287.70,282.71,286.38,46889
7-Apr-15,288.40,288.50,285.01,287.34,40099
2-Apr-15,286.00,286.50,282.00,285.00,83958
1-Apr-15,284.90,286.70,281.60,283.00,76874
31-Mar-15,286.50,287.50,283.32,286.50,207908
30-Mar-15,282.70,287.40,279.28,287.40,146411
27-Mar-15,283.30,283.30,279.50,281.30,73422
26-Mar-15,284.00,284.00,278.70,279.88,98281
25-Mar-15,288.80,291.34,285.10,285.50,110455
24-Mar-15,288.70,292.45,288.10,290.50,131607
23-Mar-15,290.60,290.75,287.74,290.50,77967
20-Mar-15,289.90,291.40,287.70,290.54,384071
19-Mar-15,291.70,292.84,285.17,289.10,134379
18-Mar-15,287.60,290.53,286.46,290.00,67640
17-Mar-15,288.50,288.75,285.00,286.80,111804
16-Mar-15,286.50,287.02,284.10,285.50,52477
13-Mar-15,284.00,285.90,283.88,285.10,44760
12-Mar-15,280.50,283.20,278.94,283.20,91654
11-Mar-15,280.00,281.13,277.00,279.50,144356
10-Mar-15,284.40,284.93,279.00,279.64,90200
9-Mar-15,285.30,288.69,283.45,284.10,59758
6-Mar-15,287.50,288.20,285.50,288.13,136968
5-Mar-15,285.50,288.30,283.00,286.47,56732
4-Mar-15,284.00,284.82,282.01,284.00,43456
3-Mar-15,291.00,291.00,284.00,284.00,141966
2-Mar-15,289.80,289.80,287.00,287.50,31434
27-Feb-15,287.10,289.70,287.10,287.71,8949
26-Feb-15,289.40,289.70,287.02,288.00,14703
25-Feb-15,288.00,289.58,287.70,288.50,27425
24-Feb-15,288.10,289.20,287.00,288.00,42054
23-Feb-15,287.40,289.80,287.30,288.40,53657
20-Feb-15,289.00,289.00,287.00,288.55,62466
19-Feb-15,289.90,289.90,287.30,288.50,33330
18-Feb-15,291.50,291.74,288.00,290.00,23706
17-Feb-15,289.80,291.18,288.00,289.50,71141
16-Feb-15,290.90,291.31,288.50,289.20,15289
13-Feb-15,289.00,291.80,288.10,290.10,113559
12-Feb-15,288.00,289.05,286.80,288.20,43563
11-Feb-15,286.60,287.30,285.18,287.00,73501
10-Feb-15,287.00,287.00,285.04,285.80,113841
9-Feb-15,288.20,290.50,285.80,287.40,128316
6-Feb-15,287.90,291.20,287.82,291.20,208453
5-Feb-15,290.00,291.00,286.70,289.00,44990
4-Feb-15,287.60,290.00,287.36,289.60,21071
3-Feb-15,287.00,290.90,287.00,288.70,117931
2-Feb-15,286.10,287.00,283.10,283.10,60763
30-Jan-15,287.60,289.00,284.50,284.80,95997
29-Jan-15,288.60,288.60,282.80,287.00,181168
28-Jan-15,288.00,289.76,287.25,288.50,35225
27-Jan-15,292.20,294.00,285.41,286.36,132467
26-Jan-15,291.00,294.80,291.00,292.75,62795
23-Jan-15,292.00,295.37,291.90,294.00,50671
22-Jan-15,289.10,290.90,286.55,290.20,70011
21-Jan-15,287.00,289.40,285.43,287.25,88462
20-Jan-15,286.50,288.89,283.20,285.25,31444
19-Jan-15,286.20,287.46,283.13,286.90,48708
16-Jan-15,287.10,287.10,282.10,284.86,163288
15-Jan-15,288.30,289.46,285.20,286.00,158826
14-Jan-15,289.00,290.72,284.71,286.00,176431
13-Jan-15,293.90,294.40,290.50,293.88,133072
12-Jan-15,294.40,295.50,290.70,291.75,72200
9-Jan-15,294.80,296.14,293.44,295.53,35908
8-Jan-15,289.80,295.80,289.80,295.80,92861
7-Jan-15,287.40,289.90,286.21,289.00,50265
6-Jan-15,288.20,288.90,284.73,288.40,89044
5-Jan-15,288.60,290.82,286.50,287.90,43802
31-Dec-14,289.30,289.34,288.00,289.28,0
30-Dec-14,290.20,291.07,288.60,288.60,12448
29-Dec-14,291.60,293.31,289.80,290.60,38923
24-Dec-14,293.50,293.50,290.03,291.20,10835
23-Dec-14,288.50,292.88,287.02,292.54,55536
22-Dec-14,285.50,288.50,285.45,288.30,9382
19-Dec-14,287.50,288.00,284.01,287.70,233062
18-Dec-14,276.50,282.28,276.50,282.00,315981
17-Dec-14,275.70,275.70,270.30,273.94,245272
16-Dec-14,275.20,277.34,271.88,276.29,325309
15-Dec-14,277.40,278.90,275.10,275.10,257513
12-Dec-14,280.50,280.98,277.50,277.60,57431
11-Dec-14,281.20,284.29,279.10,284.29,70012
10-Dec-14,284.40,284.50,281.50,282.90,46808
9-Dec-14,285.30,285.40,281.50,284.38,68558
8-Dec-14,287.30,288.00,286.26,286.60,60651
5-Dec-14,285.60,287.45,285.44,286.69,16769
4-Dec-14,286.00,286.50,284.61,285.80,44933
3-Dec-14,284.60,286.50,283.70,285.89,49643
2-Dec-14,286.90,286.90,283.32,285.77,359380
1-Dec-14,287.40,287.40,284.60,285.60,77469
28-Nov-14,286.50,287.80,285.70,287.10,20499
27-Nov-14,286.50,287.00,285.93,286.66,59581
26-Nov-14,287.00,287.00,284.50,286.21,106545
25-Nov-14,286.70,286.70,284.40,285.20,33329
24-Nov-14,286.40,286.53,284.50,284.52,58649
21-Nov-14,280.10,285.96,280.10,284.60,54519
20-Nov-14,281.50,283.55,280.20,282.30,49591
19-Nov-14,283.50,284.50,281.61,283.00,86739
18-Nov-14,281.40,283.43,280.13,282.90,20032
17-Nov-14,280.00,282.00,279.10,281.25,38204
14-Nov-14,278.60,280.90,277.95,280.30,32762
13-Nov-14,277.00,278.71,276.38,278.30,42711
12-Nov-14,275.60,276.98,273.66,275.50,24298
11-Nov-14,274.00,277.49,273.24,276.50,55040
10-Nov-14,272.60,273.50,272.00,273.40,78891
7-Nov-14,273.00,273.50,271.60,271.70,394590
6-Nov-14,272.50,273.60,271.07,273.00,27325
5-Nov-14,271.10,272.08,270.50,271.97,1316726
4-Nov-14,271.00,274.10,269.20,270.00,102568
3-Nov-14,271.50,274.38,264.10,270.30,756151
31-Oct-14,272.10,274.70,269.50,271.50,285167
30-Oct-14,265.50,269.00,264.50,266.50,111853
29-Oct-14,263.00,266.50,263.00,265.40,114380
28-Oct-14,259.10,263.80,259.10,262.48,44562
27-Oct-14,260.00,261.69,259.50,260.00,405141
24-Oct-14,258.50,260.28,257.50,259.02,31463
23-Oct-14,256.40,259.40,254.00,257.96,126079
22-Oct-14,253.00,256.80,252.50,256.80,57871
21-Oct-14,245.00,252.90,245.00,251.60,90965
20-Oct-14,248.00,248.48,245.94,248.00,46520
17-Oct-14,243.00,248.00,242.09,248.00,125315
16-Oct-14,244.20,244.90,236.04,242.72,291294
15-Oct-14,250.80,250.80,240.28,243.78,172588
14-Oct-14,249.00,250.00,245.80,248.30,126859
13-Oct-14,252.00,252.98,248.02,248.50,72903
10-Oct-14,256.60,257.60,253.40,254.25,84248
9-Oct-14,260.30,263.73,258.00,258.40,137789
8-Oct-14,260.10,260.10,256.50,258.30,80099
7-Oct-14,261.90,262.86,258.50,260.00,51686
6-Oct-14,261.70,264.50,261.70,263.00,24416
3-Oct-14,256.00,262.59,255.24,261.70,235590
2-Oct-14,258.40,258.40,252.50,254.00,425182
1-Oct-14,259.40,260.74,256.00,258.20,87999
30-Sep-14,261.50,262.00,259.50,262.00,37189
29-Sep-14,259.40,261.50,257.36,258.60,98330
26-Sep-14,257.00,259.30,257.00,258.60,13394
25-Sep-14,261.60,264.90,257.60,257.60,72728
24-Sep-14,261.50,261.60,259.97,261.50,24229
23-Sep-14,262.10,263.48,259.70,261.09,26086
22-Sep-14,263.60,264.90,262.00,263.35,43507
19-Sep-14,264.00,266.00,263.29,264.80,287797
18-Sep-14,263.00,264.00,261.00,263.90,154173
17-Sep-14,262.00,263.00,261.10,261.20,46328
16-Sep-14,260.50,262.20,259.30,261.34,80136
15-Sep-14,260.90,260.90,257.10,260.00,74584
12-Sep-14,257.70,260.90,257.70,260.70,42760
11-Sep-14,260.90,260.90,257.50,258.90,49958
10-Sep-14,259.50,261.47,259.00,259.00,77766
9-Sep-14,263.00,263.00,260.10,261.00,89244
8-Sep-14,262.00,263.90,261.00,261.51,94674
5-Sep-14,262.50,262.50,260.08,260.20,25561
4-Sep-14,260.00,262.30,259.00,261.90,48646
3-Sep-14,259.50,262.75,259.50,261.00,64618
2-Sep-14,259.90,261.00,257.71,261.00,49494
1-Sep-14,256.10,259.90,256.10,259.60,94524
29-Aug-14,258.60,259.90,256.00,257.00,28313
28-Aug-14,260.00,260.04,258.02,258.90,34774
27-Aug-14,259.20,260.40,258.28,260.10,55552
26-Aug-14,258.50,259.80,258.06,259.39,61732
22-Aug-14,255.50,258.00,253.38,257.40,67011
21-Aug-14,253.00,255.22,251.70,254.60,35639
20-Aug-14,254.40,256.20,252.00,252.00,124173
19-Aug-14,253.50,255.60,251.52,254.50,163670
18-Aug-14,251.50,253.30,251.02,253.30,20788
15-Aug-14,250.50,253.00,249.46,251.00,60248
14-Aug-14,249.00,251.25,246.33,250.40,78985
13-Aug-14,247.00,249.30,245.78,249.30,176436
12-Aug-14,247.30,247.40,245.50,245.50,47843
11-Aug-14,242.10,247.40,242.10,247.40,60462
8-Aug-14,242.90,244.20,241.50,243.00,148100
7-Aug-14,245.00,246.50,243.10,243.10,120089
6-Aug-14,246.10,248.15,244.28,245.61,320961
5-Aug-14,248.50,248.50,246.40,247.60,25113
4-Aug-14,245.10,248.40,245.10,247.00,8384
1-Aug-14,250.50,250.50,245.16,247.10,269473
31-Jul-14,250.00,251.68,247.42,247.90,36152
30-Jul-14,249.40,252.57,249.40,251.00,18991
29-Jul-14,250.00,252.44,249.13,251.60,30735
28-Jul-14,251.10,252.48,249.00,250.50,11558
25-Jul-14,252.90,252.90,249.80,249.80,23728
24-Jul-14,251.90,252.50,248.00,252.48,70600
23-Jul-14,250.50,251.92,248.78,251.20,67809
22-Jul-14,248.00,250.50,246.50,250.50,14021
21-Jul-14,248.00,248.00,245.50,248.00,22812
18-Jul-14,245.70,249.00,244.24,247.08,81290
17-Jul-14,245.70,247.70,244.85,247.07,36708
16-Jul-14,247.10,248.80,247.00,247.10,23644
15-Jul-14,247.00,249.00,245.20,245.20,46921
14-Jul-14,248.00,248.90,247.12,247.80,68198
11-Jul-14,247.50,247.50,245.80,246.00,27021
10-Jul-14,248.80,249.30,245.00,245.90,56915
9-Jul-14,247.00,248.90,246.90,246.90,18747
8-Jul-14,249.00,251.04,247.00,248.70,57845
7-Jul-14,251.10,252.00,249.00,249.00,44414
4-Jul-14,249.80,251.20,248.29,251.20,21025
3-Jul-14,247.70,249.80,246.76,249.80,29064
2-Jul-14,247.40,250.00,246.40,247.90,44836
1-Jul-14,245.00,248.40,245.00,247.90,71000
30-Jun-14,248.00,248.00,246.38,246.50,24403
27-Jun-14,247.80,247.80,245.90,246.42,25107
26-Jun-14,246.00,247.87,246.00,247.60,35442
25-Jun-14,247.50,248.34,246.00,246.75,82312
24-Jun-14,247.70,250.00,246.60,247.60,103604
23-Jun-14,249.00,250.47,247.40,247.80,53234
20-Jun-14,246.70,252.00,246.50,248.00,447812
19-Jun-14,246.00,249.76,245.30,247.60,131187
18-Jun-14,244.50,247.00,242.90,247.00,85428
17-Jun-14,242.90,244.00,242.00,242.80,198364
16-Jun-14,245.00,245.00,240.60,241.80,229858
13-Jun-14,250.50,250.50,242.10,244.00,81767
12-Jun-14,248.50,250.72,247.00,248.20,38315
11-Jun-14,249.30,250.25,247.80,248.00,62446
10-Jun-14,250.90,251.00,248.40,250.30,37375
9-Jun-14,249.00,250.21,248.10,249.80,59072
6-Jun-14,245.00,249.00,245.00,247.15,66435
5-Jun-14,245.60,246.00,243.40,246.00,71411
4-Jun-14,244.00,245.60,244.00,244.00,32721
3-Jun-14,246.00,246.00,244.00,244.50,46295
2-Jun-14,245.00,245.73,243.10,245.00,77778
30-May-14,243.30,244.50,242.10,243.50,55663
29-May-14,242.70,244.90,242.00,243.66,63788
28-May-14,240.60,244.00,240.16,243.10,82102
27-May-14,238.00,241.00,237.30,240.49,177025
23-May-14,236.20,237.66,235.42,237.50,21786
22-May-14,234.00,237.50,234.00,236.10,36087
21-May-14,233.20,235.70,231.30,234.60,101446
20-May-14,233.90,234.00,231.90,232.80,258597
19-May-14,234.90,236.40,233.10,234.00,133573
16-May-14,235.90,236.00,233.00,233.60,94405
15-May-14,240.00,241.00,234.00,235.00,123208
14-May-14,241.00,241.00,239.00,240.40,81848
13-May-14,238.50,241.00,237.20,239.29,82492
12-May-14,235.50,237.50,234.50,236.10,51859
9-May-14,234.40,236.50,233.60,234.00,137868
8-May-14,233.00,237.29,232.50,235.80,136901
7-May-14,1165.00,1171.89,1156.00,1159.00,30669
6-May-14,1181.00,1181.00,1165.00,1171.00,19570
2-May-14,1175.00,1180.00,1168.11,1173.00,30001
1-May-14,1174.00,1177.00,1165.61,1175.38,9255
30-Apr-14,1173.00,1173.00,1159.00,1162.80,20037
29-Apr-14,1173.00,1177.00,1165.20,1168.00,17431
28-Apr-14,1166.00,1171.00,1162.00,1165.00,10871
25-Apr-14,1166.00,1172.97,1160.00,1164.00,12806
24-Apr-14,1174.00,1183.00,1167.00,1170.00,21321
23-Apr-14,1174.00,1177.40,1170.00,1172.00,2181
22-Apr-14,1165.00,1179.80,1161.65,1173.92,15058
17-Apr-14,1151.00,1162.58,1151.00,1157.00,8054
16-Apr-14,1154.00,1159.00,1150.16,1158.90,9011
15-Apr-14,1155.00,1157.62,1136.00,1136.00,7642
14-Apr-14,1146.00,1155.00,1140.00,1144.00,22264
11-Apr-14,1161.00,1161.12,1145.00,1147.00,26818
10-Apr-14,1175.00,1184.00,1169.00,1178.50,17611
9-Apr-14,1164.00,1170.89,1160.00,1165.00,15588
8-Apr-14,1173.00,1181.89,1160.11,1171.00,10068
7-Apr-14,1195.00,1195.00,1178.00,1178.00,18776
4-Apr-14,1203.00,1213.72,1197.75,1202.00,16856
3-Apr-14,1191.00,1202.00,1191.00,1195.00,11871
2-Apr-14,1188.00,1196.00,1187.00,1194.11,13279
1-Apr-14,1182.00,1194.00,1180.97,1190.76,18699
31-Mar-14,1192.00,1192.00,1176.21,1177.00,11243
28-Mar-14,1177.00,1189.99,1174.00,1182.00,12123
27-Mar-14,1184.00,1186.89,1177.00,1180.00,21769
26-Mar-14,1190.00,1197.00,1183.00,1189.00,8723
25-Mar-14,1184.00,1200.60,1176.51,1195.71,36888
24-Mar-14,1194.00,1194.00,1175.00,1179.00,11892
21-Mar-14,1181.00,1192.00,1175.00,1175.00,55199
20-Mar-14,1170.00,1184.00,1167.01,1182.50,13013
19-Mar-14,1179.00,1181.15,1170.00,1171.00,6076
18-Mar-14,1168.00,1179.00,1158.64,1163.00,21457
17-Mar-14,1165.00,1165.00,1156.90,1159.00,27231
14-Mar-14,1160.00,1165.00,1156.00,1156.00,8735
13-Mar-14,1176.00,1178.00,1166.00,1173.50,7840
12-Mar-14,1184.00,1188.00,1175.00,1183.00,15874
11-Mar-14,1187.00,1195.00,1184.00,1188.00,16576
10-Mar-14,1178.00,1188.00,1171.00,1184.50,15091
7-Mar-14,1178.00,1185.00,1170.00,1175.80,15395
6-Mar-14,1165.00,1185.00,1165.00,1179.19,12709
5-Mar-14,1167.00,1177.00,1167.00,1172.00,6225
4-Mar-14,1168.00,1177.00,1163.00,1170.00,74471
3-Mar-14,1178.00,1178.00,1158.00,1161.00,29637
28-Feb-14,1177.00,1190.00,1176.00,1182.00,9931
27-Feb-14,1183.00,1183.00,1168.00,1179.50,8418
26-Feb-14,1188.00,1188.00,1175.00,1185.00,13150
25-Feb-14,1180.00,1187.00,1173.00,1187.00,55071
24-Feb-14,1174.00,1180.00,1165.00,1178.89,6028
21-Feb-14,1169.00,1175.00,1169.00,1172.20,9103
20-Feb-14,1165.00,1172.00,1160.00,1164.11,10342
19-Feb-14,1165.00,1171.00,1165.00,1169.40,24344
18-Feb-14,1170.00,1175.00,1166.00,1169.40,10291
17-Feb-14,1161.00,1169.00,1161.00,1168.70,13469
14-Feb-14,1158.00,1160.00,1155.00,1159.00,13723
13-Feb-14,1150.00,1159.00,1145.00,1159.00,9287
12-Feb-14,1166.00,1169.00,1158.00,1158.00,12959
11-Feb-14,1153.00,1164.00,1153.00,1158.00,12365
10-Feb-14,1150.00,1159.00,1150.00,1150.43,48180
7-Feb-14,1146.00,1156.00,1142.00,1155.00,16617
6-Feb-14,1134.00,1148.00,1134.00,1148.00,11067
5-Feb-14,1144.00,1144.00,1130.00,1134.00,63353
4-Feb-14,1133.00,1143.00,1130.00,1143.00,28203
3-Feb-14,1139.00,1156.00,1136.00,1148.00,21562
31-Jan-14,1150.00,1152.00,1133.00,1152.00,35404
30-Jan-14,1132.00,1152.00,1132.00,1142.00,18090
29-Jan-14,1145.00,1150.00,1130.00,1131.00,14943
28-Jan-14,1133.00,1147.00,1133.00,1144.00,9810
27-Jan-14,1153.00,1159.00,1133.00,1144.40,44827
24-Jan-14,1172.00,1172.00,1153.00,1154.50,17440
23-Jan-14,1185.00,1187.00,1167.00,1171.05,11737
22-Jan-14,1195.00,1195.00,1185.00,1188.00,3417
21-Jan-14,1207.00,1207.00,1190.00,1203.67,22763
20-Jan-14,1209.00,1209.00,1199.00,1203.01,8936
17-Jan-14,1217.00,1217.00,1200.00,1206.07,11716
16-Jan-14,1211.00,1215.00,1207.00,1211.00,16910
15-Jan-14,1205.00,1217.00,1205.00,1217.00,20339
14-Jan-14,1200.00,1210.00,1193.00,1205.00,24457
13-Jan-14,1200.00,1217.00,1200.00,1215.00,27970
10-Jan-14,1200.00,1210.00,1200.00,1204.00,27401
9-Jan-14,1196.00,1204.00,1191.00,1196.00,7614
8-Jan-14,1200.00,1209.00,1195.00,1195.00,36435
7-Jan-14,1200.00,1205.00,1193.00,1205.00,11232
6-Jan-14,1185.00,1206.00,1185.00,1205.00,21545
3-Jan-14,1190.00,1200.00,1186.00,1195.95,12119
2-Jan-14,1195.00,1199.00,1190.00,1198.00,14034
31-Dec-13,1197.00,1197.00,1191.00,1191.00,5199
30-Dec-13,1190.00,1200.00,1190.00,1192.00,26528
27-Dec-13,1176.00,1190.00,1176.00,1183.00,1307
24-Dec-13,1185.00,1185.00,1185.00,1185.00,283
23-Dec-13,1184.00,1191.00,1180.00,1188.00,7130
20-Dec-13,1181.00,1184.00,1172.00,1182.50,24587
19-Dec-13,1172.00,1181.00,1172.00,1179.00,6724
18-Dec-13,1160.00,1169.00,1156.00,1156.00,16915
17-Dec-13,1170.00,1173.00,1162.00,1168.00,34659
16-Dec-13,1180.00,1180.00,1162.00,1175.00,127032
13-Dec-13,1177.00,1180.00,1174.00,1178.00,8799
12-Dec-13,1189.00,1189.00,1172.00,1174.00,19116
11-Dec-13,1189.00,1190.00,1179.00,1190.00,9875
10-Dec-13,1184.00,1199.00,1184.00,1189.00,23427
9-Dec-13,1182.00,1195.00,1182.00,1190.00,4554
6-Dec-13,1185.00,1195.00,1174.00,1191.00,33798
5-Dec-13,1171.00,1185.00,1171.00,1182.00,22539
4-Dec-13,1180.00,1188.00,1180.00,1180.00,15600
3-Dec-13,1181.00,1184.00,1173.00,1178.00,19415
2-Dec-13,1190.00,1190.00,1181.00,1184.99,26971
29-Nov-13,1189.00,1190.00,1184.00,1186.00,3854
28-Nov-13,1194.00,1202.00,1189.00,1189.00,15655
27-Nov-13,1194.00,1194.00,1181.00,1185.00,9732
26-Nov-13,1193.00,1198.00,1187.00,1186.00,14629
25-Nov-13,1171.00,1194.00,1171.00,1186.00,6516
22-Nov-13,1177.00,1185.00,1172.00,1181.98,16405
21-Nov-13,1184.00,1187.00,1175.00,1181.74,14447
20-Nov-13,1187.00,1230.00,1173.00,1180.00,41010
19-Nov-13,1181.00,1188.00,1176.00,1188.00,6698
18-Nov-13,1189.00,1195.00,1181.00,1181.00,20170
15-Nov-13,1192.00,1192.00,1173.00,1173.00,9673
14-Nov-13,1181.00,1195.00,1181.00,1184.90,6064
13-Nov-13,1184.00,1189.00,1171.00,1183.00,16891
12-Nov-13,1189.00,1192.00,1181.00,1183.00,23804
11-Nov-13,1182.00,1189.00,1182.00,1184.00,6186
8-Nov-13,1172.00,1180.00,1161.00,1177.00,23669
7-Nov-13,1183.00,1185.00,1167.00,1176.99,18638
6-Nov-13,1179.00,1184.00,1174.00,1180.00,9220
5-Nov-13,1180.00,1181.00,1173.00,1180.00,49769
4-Nov-13,1166.00,1180.00,1166.00,1175.00,13233
1-Nov-13,1163.00,1173.00,1163.00,1168.00,13729
31-Oct-13,1163.00,1176.00,1161.00,1164.00,34769
30-Oct-13,1175.00,1180.00,1171.00,1180.00,27808
29-Oct-13,1160.00,1175.00,1160.00,1175.00,14709
28-Oct-13,1158.00,1165.00,1155.00,1165.00,16315
25-Oct-13,1153.00,1158.00,1148.00,1153.00,6740
24-Oct-13,1145.00,1159.00,1145.00,1158.00,24823
23-Oct-13,1152.00,1155.00,1149.00,1151.11,12165
22-Oct-13,1155.00,1155.00,1149.00,1155.00,9198
21-Oct-13,1144.00,1154.00,1144.00,1152.00,11404
18-Oct-13,1143.00,1147.00,1141.00,1141.00,6132
17-Oct-13,1141.00,1144.00,1138.00,1143.00,9943
16-Oct-13,1147.00,1153.00,1125.00,1153.00,21295
15-Oct-13,1130.00,1154.00,1130.00,1141.00,57044
14-Oct-13,1129.00,1130.00,1122.00,1130.00,5705
11-Oct-13,1120.00,1130.00,1114.00,1130.00,24573
10-Oct-13,1105.00,1115.00,1102.00,1110.00,19575
9-Oct-13,1095.00,1102.00,1091.00,1091.00,8696
8-Oct-13,1110.00,1110.00,1096.00,1096.00,5579
7-Oct-13,1102.00,1110.00,1095.00,1104.00,12977
4-Oct-13,1103.00,1112.00,1096.00,1101.00,34613
3-Oct-13,1100.00,1105.00,1093.00,1093.00,11800
2-Oct-13,1100.00,1100.00,1091.00,1094.00,7859
1-Oct-13,1098.00,1104.00,1090.00,1104.00,14009
30-Sep-13,1097.00,1097.00,1084.00,1096.00,19525
27-Sep-13,1117.00,1117.00,1097.00,1107.00,12137
26-Sep-13,1113.00,1119.00,1113.00,1117.00,9880
25-Sep-13,1129.00,1129.00,1113.00,1118.00,13236
24-Sep-13,1114.00,1129.00,1114.00,1123.00,10498
20-Sep-13,1130.00,1133.00,1123.00,1144.50,52200
19-Sep-13,1140.00,1146.00,1130.00,1123.50,23489
18-Sep-13,1127.00,1135.00,1127.00,1134.00,11499
17-Sep-13,1125.00,1138.00,1122.00,1136.00,49146
16-Sep-13,1137.00,1140.00,1128.00,1132.14,45980
13-Sep-13,1135.00,1135.00,1123.00,1132.00,7561
12-Sep-13,1136.00,1136.00,1133.00,1133.70,7698
11-Sep-13,1133.00,1139.00,1128.00,1135.00,11438
10-Sep-13,1127.00,1132.00,1122.00,1132.00,13497
9-Sep-13,1124.00,1127.00,1121.00,1125.00,11680
6-Sep-13,1126.00,1126.00,1115.00,1126.00,29002
5-Sep-13,1119.00,1127.00,1119.00,1113.00,32911
4-Sep-13,1120.00,1122.00,1103.00,1107.00,47302
3-Sep-13,1125.00,1140.00,1123.00,1133.00,15285
2-Sep-13,1120.00,1137.00,1120.00,1134.00,18493
30-Aug-13,1130.00,1130.00,1120.00,1127.00,7392
29-Aug-13,1122.00,1126.00,1119.00,1123.00,20495
28-Aug-13,1120.00,1122.00,1113.00,1119.00,12469
27-Aug-13,1133.00,1133.00,1118.00,1126.11,11710
23-Aug-13,1128.00,1136.00,1124.00,1129.00,18693
22-Aug-13,1119.00,1128.00,1119.00,1127.50,5504
21-Aug-13,1115.00,1121.00,1110.00,1119.00,20216
20-Aug-13,1119.00,1125.00,1113.00,1121.00,19929
19-Aug-13,1130.00,1130.00,1120.00,1124.00,10160
16-Aug-13,1134.00,1134.00,1122.00,1127.00,11570
15-Aug-13,1151.00,1152.00,1127.00,1157.00,11310
14-Aug-13,1146.00,1160.00,1146.00,1151.00,13870
13-Aug-13,1155.00,1170.00,1150.00,1162.02,24242
12-Aug-13,1147.00,1155.00,1145.00,1149.00,16525
9-Aug-13,1142.00,1151.00,1140.00,1154.00,10988
8-Aug-13,1150.00,1160.00,1140.00,1146.00,23004
7-Aug-13,1163.00,1170.00,1145.00,1147.67,14357
6-Aug-13,1172.00,1172.00,1161.00,1171.00,5615
5-Aug-13,1174.00,1177.00,1167.00,1172.00,27063
2-Aug-13,1174.00,1183.00,1162.00,1170.50,18684
1-Aug-13,1157.00,1173.00,1157.00,1155.00,9487
31-Jul-13,1159.00,1164.00,1150.00,1151.50,38144
30-Jul-13,1155.00,1159.00,1150.00,1159.00,2873
29-Jul-13,1155.00,1155.00,1145.00,1150.00,532
26-Jul-13,1154.00,1154.00,1142.00,1153.00,31204
25-Jul-13,1150.00,1155.00,1145.00,1154.00,9388
24-Jul-13,1166.00,1170.00,1152.00,1168.00,61570
23-Jul-13,1158.00,1169.00,1157.00,1162.17,13251
22-Jul-13,1166.00,1170.00,1161.00,1169.00,21477
19-Jul-13,1166.00,1166.00,1160.11,1166.00,9362
18-Jul-13,1169.00,1170.99,1158.51,1170.00,8465
17-Jul-13,1162.00,1169.20,1155.00,1168.00,16913
16-Jul-13,1169.00,1175.00,1163.51,1168.00,3905
15-Jul-13,1171.00,1178.00,1161.00,1161.00,20841
12-Jul-13,1166.00,1171.00,1158.11,1171.00,25955
11-Jul-13,1162.00,1168.00,1158.16,1161.00,3396
10-Jul-13,1162.00,1168.00,1153.00,1153.00,15525
9-Jul-13,1165.00,1170.00,1156.58,1170.00,27503
8-Jul-13,1150.00,1160.00,1147.00,1153.00,85755
5-Jul-13,1135.00,1159.00,1132.11,1147.00,36481
4-Jul-13,1103.00,1137.00,1102.99,1137.00,30146
3-Jul-13,1110.00,1110.00,1091.00,1102.00,18385
2-Jul-13,1106.00,1113.00,1100.00,1113.00,13142
1-Jul-13,1087.87,1107.00,1087.87,1107.00,34020
28-Jun-13,1087.00,1099.00,1086.00,1097.50,15815
27-Jun-13,1078.00,1099.00,1071.11,1089.00,41914
26-Jun-13,1069.00,1078.00,1069.00,1075.00,6644
25-Jun-13,1065.00,1074.00,1062.00,1062.00,29710
24-Jun-13,1076.00,1076.00,1055.00,1057.00,20846
21-Jun-13,1079.00,1083.99,1069.00,1080.00,39001
20-Jun-13,1095.00,1095.00,1070.00,1080.00,54353
19-Jun-13,1099.00,1103.00,1091.50,1100.00,61045
18-Jun-13,1093.00,1098.00,1085.22,1098.00,21980
17-Jun-13,1088.00,1092.84,1078.00,1091.00,29619
14-Jun-13,1082.00,1090.00,1080.36,1081.00,4593
13-Jun-13,1061.00,1078.70,1059.00,1078.00,15073
12-Jun-13,1092.00,1092.14,1078.00,1084.00,6258
11-Jun-13,1099.00,1106.29,1083.52,1095.00,20245
10-Jun-13,1101.00,1112.89,1101.00,1103.00,8813
7-Jun-13,1082.00,1103.00,1080.00,1103.00,17114
6-Jun-13,1092.00,1096.30,1082.00,1082.00,8533
5-Jun-13,1105.00,1116.80,1090.00,1098.00,36568
4-Jun-13,1118.00,1120.00,1111.00,1111.00,13753
3-Jun-13,1114.00,1120.00,1108.00,1114.50,66686
31-May-13,1130.00,1132.00,1120.00,1132.00,33487
30-May-13,1120.00,1133.00,1120.00,1129.00,12826
29-May-13,1130.00,1137.00,1121.00,1124.00,17841
28-May-13,1125.00,1145.00,1125.00,1145.00,14682
24-May-13,1129.00,1130.00,1115.00,1116.00,22638
23-May-13,1138.00,1138.00,1108.00,1125.00,29492
22-May-13,1139.00,1150.99,1132.01,1150.00,30963
21-May-13,1134.68,1136.99,1124.10,1134.00,16652
20-May-13,1128.00,1135.00,1121.01,1130.00,41286
17-May-13,1114.00,1128.00,1107.01,1128.00,14543
16-May-13,1114.00,1117.30,1108.00,1114.00,19441
15-May-13,1106.00,1113.40,1102.80,1112.00,14122
14-May-13,1090.51,1106.00,1090.00,1106.00,12043
13-May-13,1092.00,1092.00,1085.51,1087.00,3778
10-May-13,1074.00,1092.00,1074.00,1090.00,13133
9-May-13,1071.00,1080.00,1070.00,1080.00,4209
8-May-13,1068.00,1079.00,1068.00,1079.00,4015
7-May-13,1068.00,1073.00,1060.80,1073.00,7757
3-May-13,1054.00,1070.00,1046.70,1070.00,18931
2-May-13,1055.00,1055.00,1038.00,1054.00,17739
1-May-13,1054.00,1055.00,1048.25,1055.00,20765
30-Apr-13,1057.00,1057.00,1047.00,1053.00,8092
29-Apr-13,1051.00,1057.00,1049.60,1057.00,3218
26-Apr-13,1056.00,1062.00,1050.00,1051.00,5107
25-Apr-13,1064.00,1065.00,1055.15,1060.00,11379
24-Apr-13,1052.00,1065.00,1048.01,1065.00,22782
23-Apr-13,1045.00,1053.00,1036.01,1053.00,12167
22-Apr-13,1045.00,1045.00,1036.00,1044.00,4589
19-Apr-13,1042.00,1045.00,1035.49,1040.00,12678
18-Apr-13,1043.00,1055.00,1040.00,1047.00,16370
17-Apr-13,1060.00,1060.00,1044.06,1049.00,13073
16-Apr-13,1058.00,1063.95,1045.00,1058.00,17026
15-Apr-13,1065.00,1068.80,1059.60,1063.00,5159
12-Apr-13,1079.00,1079.00,1065.00,1065.00,16003
11-Apr-13,1073.00,1083.34,1071.94,1083.00,12951
10-Apr-13,1055.00,1072.00,1054.52,1072.00,14290
9-Apr-13,1056.00,1064.00,1050.00,1063.00,16999
8-Apr-13,1052.00,1058.00,1046.10,1048.00,2627
5-Apr-13,1070.00,1070.00,1045.00,1047.00,17821
4-Apr-13,1065.00,1074.99,1061.00,1069.00,5743
3-Apr-13,1079.00,1084.00,1065.01,1072.00,19220
2-Apr-13,1071.00,1080.00,1068.00,1080.00,7969
28-Mar-13,1070.00,1074.48,1064.00,1069.00,9174
27-Mar-13,1070.00,1070.00,1060.00,1062.00,6514
26-Mar-13,1065.00,1070.00,1058.11,1070.00,19071
25-Mar-13,1065.00,1075.00,1057.62,1060.00,30810
22-Mar-13,1059.00,1064.00,1050.00,1064.00,17451
21-Mar-13,1065.00,1065.00,1051.01,1059.00,10207
20-Mar-13,1052.00,1064.38,1050.01,1062.00,8347
19-Mar-13,1065.00,1065.64,1053.25,1056.00,3268
18-Mar-13,1047.00,1061.00,1041.00,1061.00,17725
15-Mar-13,1075.00,1075.00,1060.00,1060.00,63579
14-Mar-13,1067.00,1074.00,1063.85,1070.00,24462
13-Mar-13,1065.00,1068.00,1061.73,1064.00,8402
12-Mar-13,1072.00,1074.00,1066.00,1066.00,6963
11-Mar-13,1062.00,1072.00,1062.00,1072.00,5886
8-Mar-13,1060.00,1069.00,1056.00,1068.00,17466
7-Mar-13,1054.00,1059.00,1051.01,1058.00,9887
6-Mar-13,1042.00,1056.70,1042.00,1053.00,8379
5-Mar-13,1039.00,1047.00,1033.10,1043.00,6624
4-Mar-13,1030.00,1036.00,1025.10,1036.00,7755
1-Mar-13,1025.00,1036.00,1013.10,1036.00,11972
28-Feb-13,1023.00,1029.29,1021.48,1029.00,10654
27-Feb-13,1009.00,1021.00,1009.00,1020.00,21144
26-Feb-13,1023.95,1023.95,1003.60,1008.00,26419
25-Feb-13,1026.39,1035.00,1020.00,1034.00,11588
22-Feb-13,1010.00,1024.99,1010.00,1019.00,19002
21-Feb-13,1023.00,1029.00,1010.00,1010.00,3799
20-Feb-13,1011.00,1029.00,1011.00,1027.00,19426
19-Feb-13,1009.00,1019.00,1003.01,1012.00,11411
18-Feb-13,1009.00,1009.90,1004.94,1009.00,2683
15-Feb-13,1005.00,1008.90,998.30,1007.00,10257
14-Feb-13,1000.00,1005.00,1000.00,1001.00,6993
13-Feb-13,995.00,1004.25,990.50,1004.00,4581
12-Feb-13,990.00,998.45,989.10,995.50,16667
11-Feb-13,986.00,990.50,982.51,989.64,25141
8-Feb-13,983.00,987.99,980.01,984.50,6939
7-Feb-13,984.50,988.00,981.75,983.00,11913
6-Feb-13,987.00,1000.00,985.25,990.00,25748
5-Feb-13,979.11,988.00,979.00,987.50,26880
4-Feb-13,991.00,993.49,980.50,980.50,13633
1-Feb-13,989.50,992.00,980.78,992.00,132574
31-Jan-13,993.00,994.00,981.09,986.00,16445
30-Jan-13,994.00,1003.35,992.50,993.00,10567
29-Jan-13,996.00,997.00,990.62,994.00,13355
28-Jan-13,1000.00,1001.00,990.31,1001.00,13967
25-Jan-13,987.00,994.50,986.01,993.50,19051
24-Jan-13,985.00,992.00,980.00,990.50,10478
23-Jan-13,985.50,986.68,978.01,986.00,4858
22-Jan-13,984.50,985.00,978.01,985.00,7489
21-Jan-13,975.00,984.00,973.00,984.00,11640
18-Jan-13,966.00,973.00,964.50,964.50,4958
17-Jan-13,959.50,964.99,954.36,957.50,6253
16-Jan-13,950.50,958.00,947.50,958.00,13662
15-Jan-13,946.50,955.50,946.50,947.00,15921
14-Jan-13,956.50,956.50,946.50,946.50,12526
11-Jan-13,953.00,955.50,946.50,946.50,4408
10-Jan-13,950.00,956.49,946.50,947.00,7197
9-Jan-13,950.00,952.00,940.50,950.00,5382
8-Jan-13,943.50,950.21,941.50,948.00,3415
7-Jan-13,945.00,949.50,940.00,949.50,9334
4-Jan-13,934.00,944.99,934.00,940.00,541
3-Jan-13,931.00,940.00,925.75,935.00,17434
2-Jan-13,920.00,930.00,914.51,930.00,9170
