31-Dec-15,447.00,456.10,447.00,451.70,140928
30-Dec-15,455.20,457.60,451.00,454.10,272718
29-Dec-15,446.90,455.40,441.25,455.40,386757
24-Dec-15,447.60,449.70,443.50,448.30,44609
23-Dec-15,443.80,447.50,442.00,445.50,403414
22-Dec-15,451.50,451.50,438.00,442.00,613074
21-Dec-15,454.20,462.00,445.50,445.50,719621
18-Dec-15,455.10,461.00,455.10,457.50,659448
16-Dec-15,451.90,451.90,444.40,445.70,472208
15-Dec-15,441.30,449.00,440.10,446.60,537975
14-Dec-15,441.50,448.20,436.90,437.10,346890
11-Dec-15,453.30,453.30,438.90,441.50,592362
10-Dec-15,453.50,455.50,450.50,452.70,376423
9-Dec-15,461.50,461.50,452.80,458.60,486263
8-Dec-15,466.70,466.70,453.70,457.70,560835
7-Dec-15,463.10,470.00,463.10,464.10,326992
4-Dec-15,463.30,463.90,457.10,462.30,500139
3-Dec-15,472.80,473.00,463.00,463.40,527047
2-Dec-15,474.80,476.60,469.60,473.00,435371
1-Dec-15,474.60,474.60,467.90,470.40,828668
30-Nov-15,468.60,474.50,468.00,470.60,789265
27-Nov-15,463.20,474.00,461.40,472.40,387883
26-Nov-15,466.60,466.60,462.00,464.90,228838
25-Nov-15,458.10,466.00,455.01,463.40,389437
24-Nov-15,462.60,463.90,450.90,454.50,370620
23-Nov-15,456.30,463.40,453.33,461.00,492296
20-Nov-15,461.40,463.00,457.50,459.10,927231
19-Nov-15,467.80,470.10,462.20,463.00,555323
18-Nov-15,468.80,468.80,461.20,463.40,227198
17-Nov-15,461.70,469.00,461.70,466.30,326108
16-Nov-15,455.60,458.80,452.00,458.30,258997
13-Nov-15,459.30,459.75,453.60,457.70,406027
12-Nov-15,469.60,470.70,459.60,467.50,491670
11-Nov-15,470.40,481.30,460.60,470.10,701890
10-Nov-15,468.40,468.40,453.10,459.50,630371
9-Nov-15,456.00,469.60,456.00,462.70,1684197
6-Nov-15,449.20,452.10,444.00,451.50,484291
5-Nov-15,450.60,453.10,447.70,449.90,361097
4-Nov-15,453.20,457.00,448.20,449.80,776163
3-Nov-15,455.20,455.20,447.00,450.00,449966
2-Nov-15,448.90,454.40,448.80,452.00,319373
30-Oct-15,451.80,452.00,446.60,449.50,476673
29-Oct-15,448.90,449.80,445.10,449.80,420125
28-Oct-15,445.10,449.10,441.80,446.90,509071
27-Oct-15,449.50,450.70,445.60,446.00,373942
26-Oct-15,451.20,452.40,449.34,451.00,295229
23-Oct-15,441.20,451.70,439.20,450.36,681567
22-Oct-15,447.80,447.80,436.90,440.00,517211
21-Oct-15,446.40,450.00,438.40,445.90,457675
20-Oct-15,439.40,445.80,437.84,444.30,519057
19-Oct-15,439.30,443.40,435.50,440.00,504103
16-Oct-15,439.00,444.00,438.60,441.30,831176
15-Oct-15,421.30,436.90,421.30,432.85,727267
14-Oct-15,429.40,431.70,419.90,420.20,750941
13-Oct-15,437.10,439.00,430.50,431.30,674481
12-Oct-15,424.00,429.80,424.00,428.20,475815
9-Oct-15,434.30,434.30,424.40,426.90,546420
8-Oct-15,429.10,432.65,428.10,428.20,465649
7-Oct-15,435.00,442.00,431.00,431.00,626604
6-Oct-15,436.40,442.80,434.00,440.50,651540
5-Oct-15,439.00,440.00,435.50,436.70,533111
2-Oct-15,437.30,440.40,428.40,432.30,581452
1-Oct-15,437.90,443.20,435.40,436.60,462111
30-Sep-15,431.40,436.00,429.10,433.40,796049
29-Sep-15,427.80,431.50,424.20,424.80,561355
28-Sep-15,442.50,444.30,435.30,436.20,418600
25-Sep-15,441.00,448.20,437.30,446.00,958745
24-Sep-15,438.70,441.10,430.50,431.70,657476
23-Sep-15,437.40,441.90,434.10,441.00,710862
22-Sep-15,452.20,452.20,434.90,438.15,520245
21-Sep-15,452.00,454.90,448.90,451.00,813750
18-Sep-15,457.00,457.00,446.30,450.20,830614
17-Sep-15,460.10,460.10,456.40,457.30,556103
16-Sep-15,454.90,461.00,450.70,457.60,391280
15-Sep-15,450.10,452.30,444.10,450.90,473807
14-Sep-15,438.90,456.10,438.90,447.50,786226
11-Sep-15,448.10,450.50,446.30,450.30,368029
10-Sep-15,454.40,454.40,447.30,449.00,736569
9-Sep-15,448.70,459.70,446.15,456.60,1171272
8-Sep-15,430.30,439.00,430.30,438.10,410889
7-Sep-15,427.80,430.50,424.00,429.30,447875
4-Sep-15,435.70,435.90,424.40,425.30,679710
3-Sep-15,431.60,441.10,430.20,440.20,882368
2-Sep-15,434.20,436.90,425.90,427.60,719952
1-Sep-15,439.30,442.00,431.40,432.80,586992
28-Aug-15,438.60,446.30,435.90,446.30,530910
27-Aug-15,437.00,440.50,433.00,439.20,678082
26-Aug-15,429.00,435.90,422.80,426.70,616215
25-Aug-15,415.00,436.30,411.34,435.70,863258
24-Aug-15,422.60,424.00,399.20,410.30,835063
21-Aug-15,436.80,446.00,430.70,431.50,625439
20-Aug-15,446.80,448.10,443.20,445.00,493405
19-Aug-15,454.80,457.40,448.40,448.40,454894
18-Aug-15,459.00,461.66,455.10,456.20,381928
17-Aug-15,457.20,462.10,454.40,457.70,515246
14-Aug-15,453.20,459.30,450.80,454.90,351828
13-Aug-15,445.80,455.20,445.20,451.50,608544
12-Aug-15,456.60,460.00,444.00,445.80,534824
11-Aug-15,462.70,465.30,457.30,457.60,506572
10-Aug-15,462.40,465.70,459.40,464.60,528377
7-Aug-15,465.00,465.50,458.80,462.60,470382
6-Aug-15,463.60,470.20,462.20,464.20,671184
5-Aug-15,476.90,478.20,471.60,472.10,796437
4-Aug-15,473.30,475.20,469.40,475.10,360712
3-Aug-15,472.00,473.20,468.40,472.20,460119
31-Jul-15,468.10,470.90,462.80,469.60,947109
30-Jul-15,458.00,472.00,458.00,465.00,1631375
29-Jul-15,442.90,461.60,442.90,452.50,958208
28-Jul-15,440.20,444.50,438.40,441.40,520001
27-Jul-15,446.30,450.00,439.70,439.80,685179
24-Jul-15,454.10,457.60,449.50,449.70,588064
23-Jul-15,456.80,461.20,454.60,456.70,672949
22-Jul-15,450.90,460.30,450.90,455.00,829034
21-Jul-15,456.00,457.80,452.00,455.50,860394
20-Jul-15,458.70,458.70,450.40,456.10,693118
17-Jul-15,455.20,456.38,449.70,450.80,836847
16-Jul-15,448.50,454.80,447.26,453.10,856879
15-Jul-15,440.70,447.80,439.20,447.50,610396
14-Jul-15,445.30,445.30,437.10,440.30,897885
13-Jul-15,441.00,446.60,438.70,444.40,937969
10-Jul-15,426.60,437.10,426.60,436.70,1004946
9-Jul-15,412.60,423.30,410.60,422.20,941225
8-Jul-15,419.00,420.10,410.50,412.90,1186779
7-Jul-15,430.70,431.30,423.10,423.30,709054
6-Jul-15,434.80,436.40,428.72,430.20,915525
3-Jul-15,440.30,443.50,438.70,442.80,503760
2-Jul-15,448.00,449.40,439.50,442.20,1100533
1-Jul-15,447.60,454.80,446.20,449.80,884141
30-Jun-15,446.00,448.90,438.40,447.80,1347772
29-Jun-15,451.40,456.48,445.90,447.00,577333
26-Jun-15,463.80,463.80,457.40,463.60,589484
25-Jun-15,461.00,465.80,459.00,464.50,739620
24-Jun-15,467.50,468.50,462.30,465.50,625038
23-Jun-15,465.10,467.20,463.90,465.70,434825
22-Jun-15,459.80,462.10,455.30,462.10,562477
19-Jun-15,451.80,455.90,449.60,451.80,842524
18-Jun-15,448.10,450.00,444.30,449.70,897418
17-Jun-15,457.10,457.80,448.80,451.30,920925
16-Jun-15,451.30,455.80,448.00,454.50,688011
15-Jun-15,459.30,461.60,452.79,453.70,606357
12-Jun-15,465.30,470.30,458.80,463.20,760828
11-Jun-15,459.00,468.70,459.00,468.40,840092
10-Jun-15,447.30,458.80,446.40,458.40,794659
9-Jun-15,455.00,456.30,448.04,450.30,549853
8-Jun-15,454.90,459.20,453.80,456.90,587389
5-Jun-15,462.40,462.40,452.20,454.90,792919
4-Jun-15,467.50,468.50,460.36,466.50,620172
3-Jun-15,469.20,469.20,464.80,467.60,726320
2-Jun-15,472.70,472.70,464.10,465.90,413637
1-Jun-15,471.60,471.80,466.20,469.80,583936
29-May-15,466.40,470.50,461.60,468.00,1343306
28-May-15,467.30,469.80,464.80,466.40,348373
27-May-15,461.50,470.40,461.40,469.10,765546
26-May-15,461.10,464.30,456.80,461.50,548476
22-May-15,464.40,466.30,461.70,465.00,528094
21-May-15,462.20,466.30,461.90,464.40,583487
20-May-15,466.40,466.40,461.90,462.20,878695
19-May-15,458.00,466.20,458.00,464.70,1251830
18-May-15,456.20,457.34,450.00,454.90,491393
15-May-15,449.70,458.00,449.70,457.20,750917
14-May-15,441.80,450.60,440.62,449.70,670952
13-May-15,447.50,450.60,443.20,445.90,987281
12-May-15,443.50,447.10,439.70,443.50,888483
11-May-15,445.10,452.60,443.90,449.40,1265468
8-May-15,439.50,446.80,433.80,444.40,1522418
7-May-15,422.50,431.10,417.40,430.50,1282372
6-May-15,423.70,426.80,421.60,424.00,1299662
5-May-15,438.10,438.14,423.70,423.70,1298597
1-May-15,435.00,435.20,430.50,432.60,651348
30-Apr-15,428.50,432.90,424.10,431.90,1345648
29-Apr-15,435.80,438.60,428.80,430.50,836850
28-Apr-15,436.50,436.50,432.20,434.50,1072727
27-Apr-15,437.30,438.70,431.15,436.20,644964
24-Apr-15,434.50,437.80,430.40,434.10,943040
23-Apr-15,432.90,433.20,427.90,430.90,716682
22-Apr-15,438.00,438.85,427.00,430.90,974212
21-Apr-15,431.70,433.60,425.80,428.60,1182507
20-Apr-15,433.70,438.80,426.40,429.10,1181634
17-Apr-15,439.60,441.30,428.98,431.00,1169449
16-Apr-15,436.50,446.80,436.50,439.10,1440670
15-Apr-15,445.20,445.20,437.20,440.00,1263548
14-Apr-15,435.70,436.10,430.30,435.20,811626
13-Apr-15,434.50,435.50,431.50,433.90,1025249
10-Apr-15,429.00,433.20,427.43,433.20,930849
9-Apr-15,407.60,425.40,405.70,416.50,1496016
8-Apr-15,412.00,412.00,406.90,407.60,1204148
7-Apr-15,413.90,414.40,408.20,410.50,936058
2-Apr-15,410.10,411.60,405.00,409.60,567646
1-Apr-15,405.50,412.40,405.50,408.20,917281
31-Mar-15,413.20,418.50,408.80,409.00,744045
30-Mar-15,410.00,415.90,408.53,415.60,505313
27-Mar-15,407.70,413.30,405.71,409.90,957288
26-Mar-15,412.30,412.30,401.40,405.40,642186
25-Mar-15,418.00,418.10,413.60,414.50,510085
24-Mar-15,419.60,420.10,415.00,416.50,931402
23-Mar-15,419.40,420.00,415.10,417.00,746095
20-Mar-15,415.50,418.60,412.40,418.60,1293788
19-Mar-15,407.30,413.00,403.80,412.80,1079402
18-Mar-15,419.10,428.40,419.10,426.10,845991
17-Mar-15,423.60,425.70,416.60,420.90,666610
16-Mar-15,425.40,429.10,421.60,424.00,571581
13-Mar-15,419.10,422.40,419.10,422.00,351482
12-Mar-15,418.20,420.00,414.45,419.20,633412
11-Mar-15,411.40,417.00,409.90,416.20,678401
10-Mar-15,422.50,425.60,411.30,412.30,575140
9-Mar-15,424.80,426.10,420.80,423.70,781932
6-Mar-15,421.20,427.59,421.20,426.00,556371
5-Mar-15,417.90,425.00,417.90,423.60,770761
4-Mar-15,420.70,422.20,413.50,418.90,783572
3-Mar-15,422.30,422.30,417.60,418.60,1949779
2-Mar-15,418.40,421.70,416.00,420.00,1428099
27-Feb-15,414.70,417.50,410.90,417.40,875514
26-Feb-15,415.00,415.06,397.80,412.90,1046227
25-Feb-15,406.00,408.53,404.60,406.70,427400
24-Feb-15,407.30,410.50,406.30,409.00,801567
23-Feb-15,405.90,407.29,401.60,406.40,401202
20-Feb-15,399.70,404.70,397.00,404.70,422711
19-Feb-15,403.10,405.60,395.80,398.30,733279
18-Feb-15,399.30,404.50,398.80,404.40,564441
17-Feb-15,389.70,400.29,389.70,395.90,491243
16-Feb-15,398.30,400.46,396.40,399.80,320559
13-Feb-15,397.30,398.10,394.50,397.00,667019
12-Feb-15,386.00,393.40,386.00,393.40,847180
11-Feb-15,390.70,391.30,386.40,387.30,424953
10-Feb-15,386.00,390.70,385.10,389.70,614077
9-Feb-15,383.20,384.30,380.80,384.30,688100
6-Feb-15,382.90,386.00,379.80,385.70,614364
5-Feb-15,377.70,381.50,375.50,381.50,833488
4-Feb-15,382.80,383.38,376.50,378.30,649269
3-Feb-15,382.50,386.20,379.30,385.80,678338
2-Feb-15,381.80,381.80,374.20,379.70,825448
30-Jan-15,383.00,384.00,379.30,379.40,571497
29-Jan-15,383.20,383.20,379.40,382.10,489356
28-Jan-15,384.00,385.00,379.50,385.00,594600
27-Jan-15,382.20,382.50,378.40,379.76,983420
26-Jan-15,384.40,384.40,376.00,382.20,657898
23-Jan-15,374.00,377.20,370.87,377.20,842898
22-Jan-15,359.50,370.53,359.50,370.50,1124030
21-Jan-15,352.10,358.30,349.80,357.00,720049
20-Jan-15,347.30,352.20,347.30,350.50,817011
19-Jan-15,345.40,350.00,344.92,348.60,723868
16-Jan-15,347.50,347.63,341.30,342.20,948872
15-Jan-15,352.00,356.75,342.40,347.00,1489654
14-Jan-15,344.20,347.20,340.40,342.60,1009207
13-Jan-15,345.60,346.50,338.78,345.30,1002739
12-Jan-15,348.90,351.10,344.40,345.00,618105
9-Jan-15,352.30,355.60,348.00,350.40,452921
8-Jan-15,353.10,357.50,351.30,355.30,381555
7-Jan-15,348.30,350.00,344.78,347.10,510451
6-Jan-15,353.00,354.10,347.26,348.90,501715
5-Jan-15,359.30,362.80,351.00,353.00,448689
31-Dec-14,358.40,364.90,358.30,364.90,114367
30-Dec-14,362.50,363.80,350.20,360.80,219058
29-Dec-14,363.20,371.20,360.60,366.90,247762
24-Dec-14,-,-,-,369.20,0
23-Dec-14,369.50,371.00,365.50,369.20,326081
22-Dec-14,368.40,370.41,365.90,367.70,377082
19-Dec-14,366.90,369.80,363.00,365.40,747059
18-Dec-14,361.60,366.50,355.40,364.90,566552
17-Dec-14,348.40,355.50,346.30,354.40,720856
16-Dec-14,343.70,350.00,339.46,350.00,653157
15-Dec-14,346.20,350.00,342.60,342.60,346033
12-Dec-14,358.90,358.90,348.00,348.00,510364
11-Dec-14,359.70,362.00,354.30,359.00,541508
10-Dec-14,366.80,366.80,362.00,362.00,900121
9-Dec-14,371.90,371.90,363.00,363.50,1377360
8-Dec-14,366.00,367.00,362.40,367.00,372807
5-Dec-14,366.70,366.70,364.00,366.00,532921
4-Dec-14,364.70,364.70,359.26,361.80,466233
3-Dec-14,363.70,364.00,360.40,361.50,382497
2-Dec-14,362.10,364.30,359.20,362.10,258861
1-Dec-14,357.90,362.30,357.90,358.10,727166
28-Nov-14,368.60,368.60,361.20,362.90,389659
27-Nov-14,362.00,367.30,361.10,365.90,417268
26-Nov-14,365.00,365.70,361.00,361.80,938034
25-Nov-14,362.80,364.50,360.38,363.00,820162
24-Nov-14,362.00,362.68,358.70,361.00,417817
21-Nov-14,352.70,360.50,352.60,359.30,640546
20-Nov-14,357.30,359.00,352.20,353.10,815504
19-Nov-14,365.30,365.30,359.70,360.40,403511
18-Nov-14,361.50,366.82,359.10,365.00,501784
17-Nov-14,359.80,366.47,359.70,362.00,471707
14-Nov-14,362.20,368.10,359.50,363.50,499301
13-Nov-14,360.80,369.00,360.80,365.40,588966
12-Nov-14,360.90,366.60,358.30,361.10,665984
11-Nov-14,363.00,367.30,362.30,364.50,528669
10-Nov-14,358.60,365.00,355.30,365.00,448875
7-Nov-14,360.50,364.70,356.90,357.60,746696
6-Nov-14,356.40,357.90,354.40,355.00,822300
5-Nov-14,355.10,357.70,351.10,352.80,1341367
4-Nov-14,361.30,361.45,350.30,355.50,1324742
3-Nov-14,358.30,359.90,354.80,356.50,485199
31-Oct-14,350.90,359.60,350.00,357.60,797881
30-Oct-14,344.00,348.20,343.00,346.80,755492
29-Oct-14,337.00,344.80,335.00,338.50,2111407
28-Oct-14,338.10,340.60,334.50,338.00,1716620
27-Oct-14,348.60,348.60,335.80,336.30,1573575
24-Oct-14,344.30,347.20,340.40,343.47,1098196
23-Oct-14,347.20,350.80,342.80,346.90,627340
22-Oct-14,350.10,352.10,345.20,347.70,1280864
21-Oct-14,329.60,350.61,329.60,347.10,1466354
20-Oct-14,336.00,336.60,329.40,333.50,513577
17-Oct-14,323.30,335.30,321.70,335.00,838337
16-Oct-14,321.00,325.10,313.70,320.70,685452
15-Oct-14,328.40,331.90,317.50,318.00,1376105
14-Oct-14,324.60,329.60,321.80,328.60,1091338
13-Oct-14,329.00,333.40,326.10,327.40,1050186
10-Oct-14,327.60,339.70,324.22,332.30,1179827
9-Oct-14,349.90,350.40,335.80,336.20,1017207
8-Oct-14,345.00,346.40,340.30,345.10,1084234
7-Oct-14,353.10,353.10,347.00,348.20,709333
6-Oct-14,353.00,355.90,351.40,353.80,775431
3-Oct-14,348.20,351.50,343.00,349.50,563365
2-Oct-14,354.00,354.00,343.40,343.40,732347
1-Oct-14,353.10,357.50,352.40,352.40,724414
30-Sep-14,361.50,362.94,353.30,355.60,523997
29-Sep-14,357.00,361.80,356.60,359.20,401437
26-Sep-14,355.80,359.60,352.60,357.90,499849
25-Sep-14,358.30,363.00,354.90,357.60,1212106
24-Sep-14,356.10,361.40,353.20,358.85,1086656
23-Sep-14,359.50,359.50,354.80,355.50,1247988
22-Sep-14,355.60,360.70,353.10,358.40,810742
19-Sep-14,361.20,363.24,358.50,359.60,1469576
18-Sep-14,351.40,356.40,350.60,356.40,943587
17-Sep-14,352.20,353.80,350.90,351.00,637992
16-Sep-14,354.30,354.30,348.70,349.70,876649
15-Sep-14,357.20,360.42,352.40,353.00,710361
12-Sep-14,353.90,363.10,353.90,359.50,649005
11-Sep-14,363.60,367.70,353.50,354.00,828450
10-Sep-14,363.00,363.10,355.90,360.90,629441
9-Sep-14,360.20,363.80,358.20,361.90,704684
8-Sep-14,369.40,369.62,361.30,363.00,927060
5-Sep-14,370.00,371.37,365.20,365.90,605331
4-Sep-14,373.90,373.90,368.10,369.77,601376
3-Sep-14,377.40,379.40,372.30,374.28,691372
2-Sep-14,379.00,379.00,372.90,375.30,566412
1-Sep-14,377.90,378.09,373.10,375.00,171319
29-Aug-14,377.00,378.10,373.40,375.50,640864
28-Aug-14,382.30,382.30,373.60,375.00,308476
27-Aug-14,379.30,384.60,379.30,381.70,298523
26-Aug-14,379.10,381.00,375.10,380.70,351834
22-Aug-14,373.40,377.00,370.60,375.50,319602
21-Aug-14,375.00,378.40,368.00,374.20,845774
20-Aug-14,384.00,385.60,374.40,375.00,631911
19-Aug-14,377.40,385.12,377.40,382.80,609101
18-Aug-14,377.60,378.30,375.80,376.80,255004
15-Aug-14,373.40,378.40,372.00,373.40,280344
14-Aug-14,368.60,376.20,368.60,373.10,225375
13-Aug-14,370.30,372.50,366.40,371.00,731734
12-Aug-14,367.30,370.80,364.50,370.20,408189
11-Aug-14,368.90,368.90,365.00,367.30,780414
8-Aug-14,360.00,365.50,356.90,363.40,693261
7-Aug-14,360.90,364.20,360.90,363.00,776839
6-Aug-14,363.80,364.80,360.50,363.30,1188804
5-Aug-14,370.60,370.60,365.30,367.70,537426
4-Aug-14,372.10,372.72,366.20,368.00,951374
1-Aug-14,380.20,383.90,365.00,369.30,1196062
31-Jul-14,393.00,393.00,376.00,382.80,1535713
30-Jul-14,407.00,419.21,393.90,394.00,1624377
29-Jul-14,406.20,415.70,406.20,415.10,822690
28-Jul-14,409.10,410.50,404.80,407.50,448514
25-Jul-14,408.60,413.50,406.30,407.90,626140
24-Jul-14,407.10,409.20,406.30,408.80,570300
23-Jul-14,405.20,410.40,404.90,408.00,630479
22-Jul-14,403.50,408.60,402.60,406.90,458305
21-Jul-14,403.90,404.90,395.20,403.30,748470
18-Jul-14,413.60,413.60,403.40,408.00,471827
17-Jul-14,414.50,416.77,410.80,413.70,383768
16-Jul-14,413.70,418.20,409.20,416.10,452377
15-Jul-14,412.00,416.90,409.10,411.50,553809
14-Jul-14,407.50,416.10,407.50,413.80,429991
11-Jul-14,405.30,411.00,404.30,407.20,410324
10-Jul-14,408.40,409.90,400.60,406.00,549538
9-Jul-14,410.20,412.20,404.90,407.80,578991
8-Jul-14,415.00,415.60,407.75,409.10,924717
7-Jul-14,416.00,416.10,412.60,415.80,799771
4-Jul-14,410.40,416.20,410.40,414.30,625652
3-Jul-14,404.20,413.30,401.90,412.30,490260
2-Jul-14,404.30,408.50,403.40,405.20,405510
1-Jul-14,399.80,404.00,399.80,402.40,523374
30-Jun-14,401.30,405.30,398.00,399.50,680924
27-Jun-14,400.00,402.70,397.20,400.70,360831
26-Jun-14,390.00,400.40,390.00,399.40,473885
25-Jun-14,385.50,391.20,382.70,389.00,540153
24-Jun-14,391.00,391.00,382.30,386.50,688146
23-Jun-14,393.40,395.00,389.30,390.00,984630
20-Jun-14,394.30,396.40,391.00,394.30,706327
19-Jun-14,396.20,400.20,390.70,393.20,758094
18-Jun-14,395.40,396.90,389.60,390.00,732991
17-Jun-14,402.80,404.90,393.90,395.40,577721
16-Jun-14,403.40,403.80,396.90,401.90,879662
13-Jun-14,413.20,413.50,401.40,403.50,544242
12-Jun-14,413.70,415.90,411.70,415.00,336395
11-Jun-14,413.10,415.10,405.90,414.20,714542
10-Jun-14,411.90,414.70,407.40,414.00,256309
9-Jun-14,419.10,419.90,409.50,411.90,310902
6-Jun-14,403.30,416.00,400.80,416.00,871955
5-Jun-14,404.60,404.80,399.40,401.90,512297
4-Jun-14,399.20,402.92,396.90,402.92,338076
3-Jun-14,405.60,405.60,396.60,398.92,307406
2-Jun-14,401.40,405.70,401.40,404.92,426281
30-May-14,395.40,406.30,395.30,401.32,1154741
29-May-14,399.00,401.00,393.80,398.72,474873
28-May-14,395.30,399.00,393.30,397.82,538873
27-May-14,388.50,395.10,385.70,394.00,649481
23-May-14,388.50,388.50,384.00,386.30,369245
22-May-14,383.00,387.80,380.10,386.40,623368
21-May-14,377.40,385.20,376.80,383.22,1135653
20-May-14,377.70,380.80,373.80,376.92,726633
19-May-14,380.90,382.60,375.30,376.50,822767
16-May-14,390.60,391.10,378.20,380.00,1000463
15-May-14,407.30,408.10,385.70,387.90,1017469
14-May-14,412.00,412.00,405.10,405.60,636457
13-May-14,411.00,412.00,407.00,410.50,782297
12-May-14,399.00,408.40,398.90,407.90,1039514
9-May-14,401.30,401.30,396.50,396.50,537107
8-May-14,396.50,401.50,393.70,400.70,718398
7-May-14,389.10,401.71,386.20,389.50,1204607
6-May-14,391.00,392.38,383.20,389.10,453630
2-May-14,386.40,391.20,386.00,390.00,555377
1-May-14,389.00,403.10,386.00,387.70,311472
30-Apr-14,388.10,389.60,384.20,385.10,581648
29-Apr-14,387.90,398.86,386.10,390.50,417801
28-Apr-14,391.00,391.80,387.40,387.80,574749
25-Apr-14,388.80,400.74,386.70,391.00,740054
24-Apr-14,384.00,396.50,380.50,392.70,1769012
23-Apr-14,382.80,392.44,374.20,375.40,651952
22-Apr-14,382.80,388.10,382.60,384.80,369991
17-Apr-14,368.90,382.00,368.90,381.50,567080
16-Apr-14,376.30,376.30,366.60,370.80,813628
15-Apr-14,378.00,390.75,368.70,369.90,594777
14-Apr-14,382.80,384.14,373.40,376.60,1140076
11-Apr-14,400.90,401.82,382.00,386.00,1109767
10-Apr-14,403.20,406.39,400.90,404.90,679377
9-Apr-14,403.30,409.00,401.68,402.70,910162
8-Apr-14,424.50,426.00,408.00,410.00,1097847
7-Apr-14,426.30,426.30,422.10,423.10,1137707
4-Apr-14,422.60,430.70,420.30,430.70,602785
3-Apr-14,426.50,428.66,420.70,421.00,619548
2-Apr-14,417.60,429.00,401.63,419.84,1013556
1-Apr-14,400.10,416.80,400.10,414.38,734584
31-Mar-14,402.90,403.50,399.10,400.80,664528
28-Mar-14,406.50,406.51,399.80,400.90,547969
27-Mar-14,408.80,410.50,401.50,406.20,475503
26-Mar-14,416.70,419.00,409.00,409.20,408312
25-Mar-14,407.50,414.30,407.10,414.20,670130
24-Mar-14,406.90,408.60,400.40,406.90,1143344
21-Mar-14,419.60,419.60,408.00,408.00,3717184
20-Mar-14,418.20,421.60,410.20,417.90,1249630
19-Mar-14,411.20,424.90,407.10,419.00,1327192
18-Mar-14,402.50,409.30,400.00,408.40,737815
17-Mar-14,405.90,405.90,397.80,402.70,516326
14-Mar-14,397.70,401.80,395.00,396.90,717526
13-Mar-14,407.50,407.50,400.90,402.20,428507
12-Mar-14,406.30,408.70,403.30,404.00,486727
11-Mar-14,407.90,408.90,404.30,407.90,581548
10-Mar-14,404.80,410.60,401.90,404.50,767684
7-Mar-14,408.50,410.00,405.80,406.90,777110
6-Mar-14,406.80,410.30,405.80,407.80,1312502
5-Mar-14,412.10,412.50,404.50,405.80,4873211
4-Mar-14,421.40,431.50,418.00,428.70,517617
3-Mar-14,426.00,426.00,412.70,413.50,668006
28-Feb-14,438.00,447.60,432.70,436.80,713390
27-Feb-14,400.00,436.70,400.00,418.10,947050
26-Feb-14,395.20,405.70,395.20,402.00,474244
25-Feb-14,397.60,400.10,394.50,397.10,398740
24-Feb-14,394.20,400.30,390.30,400.10,234605
21-Feb-14,398.90,400.20,395.00,396.90,329051
20-Feb-14,393.10,398.60,390.30,397.80,186855
19-Feb-14,399.70,406.00,399.10,400.00,323231
18-Feb-14,392.90,401.90,391.00,401.40,469528
17-Feb-14,385.80,395.40,385.80,392.90,205206
14-Feb-14,388.70,389.20,382.40,386.30,186153
13-Feb-14,381.70,387.30,376.80,387.30,364731
12-Feb-14,383.90,387.30,381.60,386.40,240111
11-Feb-14,380.20,385.90,380.20,384.20,287150
10-Feb-14,378.30,380.90,376.00,380.50,344528
7-Feb-14,382.20,386.30,378.50,378.50,385105
6-Feb-14,378.80,383.40,375.00,383.40,234282
5-Feb-14,379.80,386.70,373.40,373.50,595712
4-Feb-14,362.50,380.50,358.60,379.00,961951
3-Feb-14,371.30,375.90,362.00,362.50,462692
31-Jan-14,372.60,375.90,367.30,373.80,475339
30-Jan-14,365.90,374.90,362.00,374.50,434919
29-Jan-14,368.80,370.30,358.80,364.50,951213
28-Jan-14,360.00,365.10,359.90,364.00,631860
27-Jan-14,365.30,370.30,357.00,358.90,636430
24-Jan-14,378.10,378.20,365.40,367.10,459928
23-Jan-14,387.00,387.00,376.00,377.10,737348
22-Jan-14,382.90,383.30,378.30,380.00,278819
21-Jan-14,382.10,384.40,378.70,379.50,308839
20-Jan-14,381.90,385.80,380.40,382.60,177646
17-Jan-14,383.10,385.60,381.20,383.70,343466
16-Jan-14,396.50,396.50,385.10,386.00,393568
15-Jan-14,386.00,394.10,385.00,389.00,722096
14-Jan-14,382.60,382.60,378.70,381.34,534401
13-Jan-14,386.40,389.00,386.40,387.00,410506
10-Jan-14,382.80,388.00,382.80,385.00,437984
9-Jan-14,387.30,387.30,380.30,381.70,393668
8-Jan-14,385.50,385.90,382.10,385.70,438598
7-Jan-14,388.00,388.40,384.30,386.00,468299
6-Jan-14,386.00,388.60,384.30,386.20,412930
3-Jan-14,382.00,391.30,377.70,388.00,555478
2-Jan-14,388.30,388.50,383.90,386.00,483525
31-Dec-13,386.40,386.40,381.80,385.00,150528
30-Dec-13,389.80,389.80,384.00,386.90,195631
27-Dec-13,392.30,392.40,385.90,386.87,214779
24-Dec-13,390.80,390.80,388.00,389.90,18205
23-Dec-13,378.90,389.90,378.90,388.80,346620
20-Dec-13,377.70,384.90,375.50,380.70,537627
19-Dec-13,371.20,382.00,369.90,378.00,1371595
18-Dec-13,369.00,369.40,363.20,366.50,687984
17-Dec-13,366.30,367.10,362.00,364.70,1087236
16-Dec-13,365.50,367.80,362.80,367.00,1442120
13-Dec-13,370.30,370.30,365.20,365.20,542661
12-Dec-13,374.60,374.60,367.10,367.30,336302
11-Dec-13,374.10,378.00,373.20,375.00,280101
10-Dec-13,377.40,380.50,374.20,375.50,443117
9-Dec-13,379.00,381.70,374.30,379.50,728237
6-Dec-13,371.80,380.60,370.00,378.70,301600
5-Dec-13,374.70,377.40,369.00,372.30,303060
4-Dec-13,384.50,384.50,373.40,377.20,330074
3-Dec-13,388.60,388.60,380.50,381.60,261332
2-Dec-13,391.90,392.80,386.20,389.90,312329
29-Nov-13,393.90,393.90,389.50,389.60,302419
28-Nov-13,391.70,393.70,391.20,391.20,145692
27-Nov-13,391.50,393.00,388.90,390.70,447278
26-Nov-13,393.20,397.90,391.00,391.00,232250
25-Nov-13,391.10,396.30,388.30,394.80,294007
22-Nov-13,384.00,388.20,382.90,387.60,343123
21-Nov-13,381.40,386.30,380.90,385.00,467211
20-Nov-13,387.80,390.80,382.60,384.80,519007
19-Nov-13,390.70,395.40,390.30,392.40,400102
18-Nov-13,399.70,400.80,393.60,393.70,404652
15-Nov-13,397.00,401.80,395.50,401.20,267706
14-Nov-13,393.50,397.20,390.00,396.00,402515
13-Nov-13,393.90,393.90,384.30,389.20,560990
12-Nov-13,393.40,395.30,391.00,392.50,180184
11-Nov-13,392.90,396.40,392.20,396.40,191669
8-Nov-13,392.60,395.20,388.40,391.90,394284
7-Nov-13,394.10,399.00,393.50,396.20,173336
6-Nov-13,395.60,396.00,392.00,395.30,161082
5-Nov-13,395.00,395.00,389.00,391.60,229775
4-Nov-13,393.40,398.40,393.20,395.20,168755
1-Nov-13,398.20,398.20,392.60,393.20,153507
31-Oct-13,399.30,399.60,396.50,398.70,276165
30-Oct-13,403.50,405.50,400.40,401.90,134529
29-Oct-13,400.30,405.80,399.30,403.40,166712
28-Oct-13,405.00,405.50,401.50,402.40,246429
25-Oct-13,398.70,402.00,397.50,401.40,261537
24-Oct-13,404.70,404.70,400.30,401.40,148747
23-Oct-13,398.90,404.40,-,404.40,530777
22-Oct-13,400.00,401.60,395.40,401.60,463276
21-Oct-13,390.00,401.30,390.00,401.30,595179
18-Oct-13,390.20,390.60,385.40,390.00,210014
17-Oct-13,373.90,386.50,373.10,385.00,653643
16-Oct-13,372.90,378.00,368.00,378.00,237952
15-Oct-13,369.10,378.00,368.50,375.00,361260
14-Oct-13,371.20,371.20,365.90,369.20,328483
11-Oct-13,369.70,371.50,365.80,371.50,343356
10-Oct-13,352.20,370.80,351.90,369.30,731190
9-Oct-13,352.80,353.70,350.20,352.00,487763
8-Oct-13,363.30,364.00,355.30,355.30,209885
7-Oct-13,364.90,365.40,362.20,363.60,166291
4-Oct-13,368.00,370.20,364.90,367.00,352327
3-Oct-13,370.10,370.30,366.50,366.90,461890
2-Oct-13,368.30,375.00,365.70,369.60,515985
1-Oct-13,368.40,369.50,364.20,368.90,261838
30-Sep-13,365.90,367.00,361.90,367.00,432989
27-Sep-13,369.90,371.80,366.60,370.00,229895
26-Sep-13,374.00,374.20,369.70,370.90,324203
25-Sep-13,370.50,375.60,366.30,375.10,571491
24-Sep-13,370.90,373.80,368.70,372.00,321513
20-Sep-13,384.90,384.90,376.90,380.30,609759
19-Sep-13,372.20,385.50,372.20,382.50,574021
18-Sep-13,373.90,373.90,367.80,369.20,441757
17-Sep-13,367.80,371.50,365.20,370.30,716061
16-Sep-13,364.00,366.60,363.50,365.50,455555
13-Sep-13,357.70,361.70,357.40,358.10,211593
12-Sep-13,365.40,365.40,357.30,359.80,445702
11-Sep-13,365.10,365.50,360.90,364.90,405615
10-Sep-13,366.30,366.50,361.40,364.40,413965
9-Sep-13,355.40,364.10,355.40,361.90,330908
6-Sep-13,360.30,360.30,350.90,355.00,438130
5-Sep-13,357.40,363.00,356.70,360.00,886370
4-Sep-13,349.90,357.30,343.30,356.70,770597
3-Sep-13,346.40,352.00,341.20,350.70,949878
2-Sep-13,335.90,348.60,335.90,346.80,647185
30-Aug-13,333.20,337.20,330.00,333.10,496501
29-Aug-13,335.90,339.00,334.10,336.00,609557
28-Aug-13,336.70,338.00,332.80,335.90,635095
27-Aug-13,356.50,356.70,339.60,341.10,1172253
23-Aug-13,352.40,359.60,352.40,358.00,672955
22-Aug-13,347.70,353.70,347.70,353.00,434101
21-Aug-13,346.60,351.00,344.60,348.00,689971
20-Aug-13,351.40,351.40,341.60,343.10,643301
19-Aug-13,352.70,352.70,347.70,351.30,519045
16-Aug-13,346.10,352.40,341.50,350.60,492840
15-Aug-13,361.60,361.60,344.20,344.90,626487
14-Aug-13,362.00,362.40,353.40,359.30,2118673
13-Aug-13,355.90,366.00,354.00,363.00,1079724
12-Aug-13,360.60,363.20,353.40,354.40,345111
9-Aug-13,352.00,361.10,352.00,359.80,383497
8-Aug-13,354.70,355.50,349.10,352.50,1030705
7-Aug-13,358.80,360.00,351.60,352.00,939650
6-Aug-13,366.90,367.30,357.80,361.00,819552
5-Aug-13,365.40,365.60,361.20,364.60,554347
2-Aug-13,362.90,365.60,350.90,358.20,982053
1-Aug-13,333.60,361.20,332.00,360.00,1848124
31-Jul-13,320.00,327.00,320.00,324.60,475947
30-Jul-13,328.90,328.90,322.30,324.20,695986
29-Jul-13,327.50,328.10,324.50,326.00,480489
26-Jul-13,323.30,328.00,323.10,326.60,531212
25-Jul-13,325.90,326.60,322.00,322.60,413814
24-Jul-13,327.00,332.30,325.20,326.80,544848
23-Jul-13,328.60,331.70,325.30,325.30,393378
22-Jul-13,329.70,330.00,326.20,328.80,489692
19-Jul-13,326.70,331.40,321.60,330.00,423208
18-Jul-13,325.60,330.50,325.60,329.80,399409
17-Jul-13,327.80,330.20,323.30,327.10,423909
16-Jul-13,332.00,332.00,326.60,329.20,342399
15-Jul-13,328.70,333.60,325.18,329.74,253405
12-Jul-13,327.90,337.30,325.70,327.40,330635
11-Jul-13,334.80,334.80,325.50,330.10,430340
10-Jul-13,325.80,330.30,318.70,330.30,622630
9-Jul-13,317.50,326.55,316.50,326.10,556291
8-Jul-13,313.40,319.40,312.60,315.90,679323
5-Jul-13,301.50,314.80,301.12,311.50,1045443
4-Jul-13,285.10,302.90,285.10,302.90,434693
3-Jul-13,289.00,293.20,286.60,293.20,322422
2-Jul-13,295.50,296.40,290.50,293.90,442050
1-Jul-13,289.40,293.60,286.60,293.00,378634
28-Jun-13,290.00,292.30,285.80,289.70,712095
27-Jun-13,295.00,295.00,286.60,289.50,599953
26-Jun-13,281.40,292.60,281.10,289.00,892795
25-Jun-13,273.90,282.30,273.90,280.20,761915
24-Jun-13,283.30,284.00,271.70,274.60,1562195
21-Jun-13,299.10,299.20,281.60,281.60,2956195
20-Jun-13,301.30,307.97,295.60,296.10,637966
19-Jun-13,310.10,311.47,305.80,307.00,729712
18-Jun-13,311.70,314.00,310.10,310.90,920589
17-Jun-13,314.60,315.90,310.10,312.00,463066
14-Jun-13,309.30,316.90,309.20,312.50,524034
13-Jun-13,309.10,312.90,304.40,307.80,488788
12-Jun-13,311.80,318.00,311.70,313.20,287647
11-Jun-13,323.00,323.00,313.00,314.30,593748
10-Jun-13,321.50,326.80,321.50,324.10,381508
7-Jun-13,321.40,322.80,317.00,322.40,907137
6-Jun-13,318.30,323.80,315.77,320.00,885079
5-Jun-13,323.40,325.55,315.40,317.60,786748
4-Jun-13,324.50,329.50,324.10,327.50,566457
3-Jun-13,323.10,328.40,318.50,319.20,414273
31-May-13,333.70,333.70,325.50,326.00,469938
30-May-13,335.80,336.50,329.50,332.50,565538
29-May-13,345.30,345.30,336.80,337.90,475165
28-May-13,338.20,348.90,338.00,347.47,933131
24-May-13,346.90,346.90,335.00,335.60,638540
23-May-13,355.10,355.60,342.10,345.00,680906
22-May-13,354.20,362.60,353.40,362.20,1023461
21-May-13,346.20,354.30,344.40,354.30,809629
20-May-13,338.70,343.10,338.40,342.70,559484
17-May-13,339.60,344.00,336.40,343.00,284193
16-May-13,342.00,346.60,339.80,340.60,299491
15-May-13,336.60,345.23,336.30,343.80,691521
14-May-13,339.20,343.40,334.10,336.60,627779
13-May-13,342.60,343.64,337.90,338.00,443471
10-May-13,338.40,343.05,338.40,342.90,571419
9-May-13,337.40,340.60,337.40,339.00,425339
8-May-13,339.60,344.40,338.30,338.50,500411
7-May-13,337.50,342.31,336.82,338.90,548930
3-May-13,332.40,337.70,331.50,336.40,604943
2-May-13,328.80,333.20,324.40,332.70,663795
1-May-13,330.50,330.60,326.70,329.00,397117
30-Apr-13,323.90,330.90,320.90,330.50,1325105
29-Apr-13,318.00,321.80,318.00,320.90,548372
26-Apr-13,318.10,318.60,308.90,318.00,415828
25-Apr-13,317.40,321.20,316.20,319.60,438132
24-Apr-13,318.80,320.61,316.00,317.40,667980
23-Apr-13,310.50,320.10,310.10,318.90,804448
22-Apr-13,314.00,318.83,309.30,310.50,807418
19-Apr-13,322.00,322.00,310.00,310.30,619032
18-Apr-13,330.00,330.00,317.00,318.60,888644
17-Apr-13,333.20,334.60,324.60,327.50,762462
16-Apr-13,335.00,335.00,329.20,329.50,624628
15-Apr-13,337.60,339.10,330.00,333.90,811217
12-Apr-13,337.80,340.30,331.70,337.00,717121
11-Apr-13,338.30,344.70,337.00,339.70,860566
10-Apr-13,330.30,337.30,329.77,335.50,850195
9-Apr-13,329.50,332.80,326.00,330.00,734780
8-Apr-13,322.90,326.90,321.70,326.10,454359
5-Apr-13,325.00,327.03,319.20,322.10,1445138
4-Apr-13,333.30,335.60,326.00,327.50,559841
3-Apr-13,335.60,341.30,328.60,329.80,710279
2-Apr-13,326.70,334.00,325.65,332.00,489899
28-Mar-13,325.50,330.40,321.00,327.60,600575
27-Mar-13,322.50,323.40,319.90,320.90,544726
26-Mar-13,323.80,325.90,322.10,323.60,535153
25-Mar-13,332.60,333.80,319.50,320.30,838533
22-Mar-13,328.30,335.40,323.70,328.90,751780
21-Mar-13,324.00,329.90,319.50,328.00,2391583
20-Mar-13,337.00,337.00,329.00,329.00,791281
19-Mar-13,345.90,346.10,334.00,334.00,780478
18-Mar-13,342.80,346.80,341.30,344.50,429126
15-Mar-13,350.00,355.00,348.00,349.40,790978
14-Mar-13,350.70,352.30,347.43,349.00,632387
13-Mar-13,359.30,359.30,349.00,349.90,721214
12-Mar-13,361.80,365.43,357.60,358.80,330499
11-Mar-13,358.40,361.10,351.50,361.10,696788
8-Mar-13,349.50,360.20,349.50,357.02,551136
7-Mar-13,341.50,347.80,341.20,347.30,469083
6-Mar-13,335.40,342.70,333.60,338.40,392495
5-Mar-13,334.30,344.00,334.30,340.20,577593
4-Mar-13,332.00,350.00,328.70,331.50,569851
1-Mar-13,331.20,337.40,323.90,330.30,394432
28-Feb-13,333.30,343.20,333.10,336.10,391343
27-Feb-13,335.20,335.20,328.00,329.50,316643
26-Feb-13,332.70,334.10,330.00,332.30,257834
25-Feb-13,341.50,344.20,337.40,339.70,355805
22-Feb-13,338.50,346.20,338.50,340.80,506330
21-Feb-13,345.70,345.70,332.40,336.40,565990
20-Feb-13,342.70,350.60,342.00,346.00,275770
19-Feb-13,332.00,344.30,329.80,342.90,408668
18-Feb-13,331.40,335.00,329.30,330.30,222893
15-Feb-13,335.50,339.29,332.00,332.00,406425
14-Feb-13,345.50,349.10,334.70,334.70,888118
13-Feb-13,348.30,349.50,345.10,347.70,544519
12-Feb-13,341.80,348.30,340.60,347.30,517434
11-Feb-13,340.20,341.50,338.00,339.43,338049
8-Feb-13,342.10,343.70,337.80,339.00,518932
7-Feb-13,340.80,344.00,339.66,342.00,421454
6-Feb-13,339.30,348.70,339.20,341.30,581290
5-Feb-13,330.80,339.40,327.69,337.70,588527
4-Feb-13,335.30,336.89,328.30,329.60,409981
1-Feb-13,325.70,334.80,324.10,333.10,569265
31-Jan-13,318.00,325.40,310.97,325.40,401708
30-Jan-13,326.50,328.00,322.56,325.70,505795
29-Jan-13,327.60,330.60,325.30,326.80,264968
28-Jan-13,331.20,332.90,328.30,330.10,478770
25-Jan-13,327.50,330.30,323.60,328.00,429433
24-Jan-13,324.40,331.30,322.05,328.90,336077
23-Jan-13,325.80,325.80,318.95,323.00,696577
22-Jan-13,329.00,330.70,318.00,321.90,786695
21-Jan-13,324.60,326.70,321.20,323.00,479466
18-Jan-13,321.90,324.60,318.20,322.70,540611
17-Jan-13,308.50,321.80,308.50,321.80,387889
16-Jan-13,322.70,322.80,310.90,316.40,1063234
15-Jan-13,321.50,334.10,317.30,325.00,1820079
14-Jan-13,310.50,322.10,310.50,321.70,500623
11-Jan-13,306.20,315.30,305.20,313.50,495034
10-Jan-13,305.50,310.00,305.00,305.20,243663
9-Jan-13,307.80,308.10,305.00,305.00,300114
8-Jan-13,308.30,309.50,304.00,305.00,543304
7-Jan-13,303.00,309.90,302.00,309.90,413691
4-Jan-13,297.60,305.59,293.90,304.10,664226
3-Jan-13,289.90,296.10,289.90,293.50,632639
2-Jan-13,282.50,294.70,281.66,290.40,536448
