31-Dec-15,121.80,122.19,119.40,119.70,757830
30-Dec-15,123.00,123.00,121.30,122.50,886505
29-Dec-15,119.70,122.90,119.50,122.90,1455556
24-Dec-15,120.50,120.50,118.50,119.80,579959
23-Dec-15,117.70,120.10,117.16,119.80,1301491
22-Dec-15,116.30,117.50,115.76,116.90,773375
21-Dec-15,116.20,116.20,115.50,115.80,1088480
18-Dec-15,116.80,116.80,115.70,115.70,2511471
16-Dec-15,116.50,118.60,115.90,117.60,1213611
15-Dec-15,116.00,117.30,115.00,116.60,1806690
14-Dec-15,114.40,115.70,113.70,115.20,1828635
11-Dec-15,115.30,115.50,113.80,114.00,979008
10-Dec-15,116.00,117.34,114.60,114.60,1618430
9-Dec-15,116.70,116.70,115.80,116.50,1981576
8-Dec-15,116.00,117.83,114.97,116.10,1148612
7-Dec-15,115.40,117.20,114.90,116.50,1427550
4-Dec-15,116.70,116.90,114.50,115.00,1590966
3-Dec-15,116.40,118.90,115.40,115.50,2119412
2-Dec-15,117.80,118.00,116.40,117.00,1140572
1-Dec-15,118.50,119.10,116.20,116.70,1265942
30-Nov-15,115.60,117.10,114.14,116.50,1178670
27-Nov-15,114.00,116.30,114.00,114.90,976801
26-Nov-15,112.10,114.00,111.31,114.00,1217999
25-Nov-15,110.40,111.80,109.56,111.60,1847085
24-Nov-15,109.00,110.80,109.00,109.60,1418760
23-Nov-15,109.60,110.10,108.30,110.00,1983096
20-Nov-15,110.40,111.00,109.33,109.60,1969150
19-Nov-15,111.00,111.00,109.20,109.50,2140309
18-Nov-15,108.90,110.10,108.00,109.50,2026593
17-Nov-15,109.30,110.10,109.10,109.30,1861597
16-Nov-15,109.80,110.10,107.80,108.50,1732899
13-Nov-15,110.80,111.10,108.70,109.40,1839281
12-Nov-15,110.90,111.50,109.20,110.80,2950132
11-Nov-15,109.00,111.10,108.60,110.60,3088387
10-Nov-15,110.90,110.90,108.20,108.20,2482367
9-Nov-15,110.40,110.80,109.70,110.00,1641806
6-Nov-15,110.40,110.40,109.20,110.00,1807140
5-Nov-15,110.00,110.38,109.10,109.60,2113857
4-Nov-15,108.20,110.40,107.50,110.00,3324357
3-Nov-15,106.10,109.10,106.00,107.20,2740735
2-Nov-15,105.60,105.80,104.14,104.70,1558460
30-Oct-15,106.20,106.20,104.60,105.60,1558429
29-Oct-15,106.00,106.40,105.20,105.80,1599104
28-Oct-15,106.50,107.10,105.80,106.40,1578783
27-Oct-15,109.40,109.40,106.20,106.50,1524017
26-Oct-15,110.30,110.30,108.00,109.10,2317682
23-Oct-15,110.00,111.30,108.60,110.00,4137821
22-Oct-15,104.00,110.10,103.55,109.90,5064458
21-Oct-15,101.50,101.70,100.20,101.10,2327815
20-Oct-15,103.80,104.80,101.26,101.50,1965292
19-Oct-15,102.10,103.80,102.10,103.40,2175581
16-Oct-15,104.10,104.28,101.50,101.60,1774016
15-Oct-15,104.90,105.40,103.20,103.40,2053702
14-Oct-15,105.10,105.30,103.80,104.40,2376930
13-Oct-15,108.50,108.50,104.70,104.70,3102313
12-Oct-15,106.20,108.30,105.40,105.90,2029573
9-Oct-15,109.00,109.50,105.70,107.00,3656846
8-Oct-15,103.70,107.70,103.30,107.60,3717515
7-Oct-15,100.90,103.50,100.10,103.50,3830506
6-Oct-15,102.10,102.20,99.95,100.40,1366101
5-Oct-15,99.00,102.30,98.20,101.20,2672606
2-Oct-15,97.00,98.95,97.00,98.05,1628187
1-Oct-15,96.00,97.45,95.50,96.70,2525933
30-Sep-15,94.85,95.70,94.65,95.70,1782710
29-Sep-15,94.70,94.70,92.85,93.35,2451395
28-Sep-15,97.10,97.91,95.00,95.00,1395193
25-Sep-15,97.50,98.40,96.98,97.85,1451209
24-Sep-15,95.80,96.40,95.00,96.35,2072076
23-Sep-15,96.35,97.40,95.48,96.00,1464294
22-Sep-15,98.80,99.20,96.45,96.45,2860039
21-Sep-15,99.40,100.00,98.95,99.05,2496616
18-Sep-15,99.10,100.09,98.54,99.30,12421365
17-Sep-15,99.95,100.00,98.90,99.50,2082561
16-Sep-15,96.65,99.90,96.24,99.50,2039390
15-Sep-15,95.50,96.40,94.40,95.75,2131096
14-Sep-15,96.60,97.56,94.70,95.05,1097158
11-Sep-15,97.15,99.50,96.25,96.65,1897124
10-Sep-15,98.05,98.70,96.55,97.55,1823683
9-Sep-15,99.55,99.55,98.05,99.25,1596038
8-Sep-15,95.30,98.27,95.30,97.40,2691451
7-Sep-15,98.25,98.50,93.50,95.45,4393403
4-Sep-15,97.30,99.10,96.60,97.25,2656055
3-Sep-15,100.20,101.10,98.95,99.40,3383575
2-Sep-15,99.25,99.90,97.55,99.50,3639532
1-Sep-15,98.55,99.65,98.15,98.35,2583073
28-Aug-15,100.50,100.50,96.90,100.00,4447286
27-Aug-15,100.70,101.00,98.75,100.20,3590458
26-Aug-15,100.00,100.00,95.70,98.85,9366308
25-Aug-15,101.40,105.40,99.70,101.60,5057438
24-Aug-15,99.00,100.90,96.45,99.85,5044442
21-Aug-15,103.20,104.40,101.27,101.90,3717827
20-Aug-15,105.50,108.00,104.10,105.00,4644183
19-Aug-15,105.50,106.60,105.00,105.22,4781197
18-Aug-15,105.60,106.69,105.40,106.00,3014573
17-Aug-15,107.10,107.40,105.26,106.50,1543104
14-Aug-15,106.70,107.40,106.27,106.90,2424090
13-Aug-15,105.50,106.40,104.00,106.00,6072047
12-Aug-15,109.00,110.30,105.80,106.60,5738333
11-Aug-15,110.20,111.70,106.93,107.50,3109295
10-Aug-15,112.70,112.70,109.10,110.00,2697618
7-Aug-15,111.10,112.00,109.60,111.40,5148122
6-Aug-15,112.00,112.00,109.70,110.05,3083662
5-Aug-15,108.10,112.00,107.67,111.50,6973601
4-Aug-15,111.30,111.30,107.00,107.00,13136545
3-Aug-15,113.20,113.40,110.30,110.70,4170054
31-Jul-15,112.30,114.20,110.80,113.90,4439813
30-Jul-15,114.20,114.40,110.26,111.50,5987076
29-Jul-15,117.30,117.60,113.40,114.10,7824445
28-Jul-15,118.40,119.20,117.10,117.40,4339807
27-Jul-15,123.00,123.90,116.92,117.50,10595556
24-Jul-15,127.00,128.40,122.97,124.10,9902415
23-Jul-15,129.40,129.50,127.10,128.30,2281599
22-Jul-15,130.50,130.60,128.00,128.00,1854509
21-Jul-15,129.00,131.50,128.00,130.40,3551473
20-Jul-15,129.00,132.00,128.02,130.30,4537869
17-Jul-15,126.80,128.40,126.80,127.70,1515582
16-Jul-15,129.00,129.00,127.50,127.50,2240176
15-Jul-15,130.40,130.50,127.00,127.30,2816669
14-Jul-15,126.80,130.64,126.07,129.70,3646857
13-Jul-15,129.90,131.50,128.10,130.10,2577806
10-Jul-15,127.40,128.30,125.90,127.70,3157859
9-Jul-15,126.20,127.30,124.80,125.70,3347492
8-Jul-15,127.00,129.90,123.60,124.60,6122353
7-Jul-15,127.90,128.20,125.50,126.00,3229593
6-Jul-15,129.70,130.40,127.60,129.80,2607180
3-Jul-15,132.50,133.20,130.97,131.50,1775720
2-Jul-15,132.10,133.40,130.70,133.40,3668835
1-Jul-15,130.80,135.60,130.10,132.40,4706812
30-Jun-15,130.20,130.70,129.30,129.80,4368462
29-Jun-15,132.00,132.10,129.50,130.80,4956055
26-Jun-15,135.20,135.60,131.85,132.70,6317338
25-Jun-15,137.10,138.40,135.30,136.60,6940834
24-Jun-15,138.00,139.00,133.07,138.70,11182892
23-Jun-15,127.90,147.00,127.90,140.00,25241348
22-Jun-15,124.20,124.70,120.90,122.10,3946123
19-Jun-15,121.10,122.90,120.10,122.90,9536634
18-Jun-15,121.90,122.60,119.80,120.80,4286374
17-Jun-15,124.00,124.90,120.10,121.80,3776240
16-Jun-15,120.00,122.10,119.70,122.10,6772654
15-Jun-15,119.50,120.33,116.40,117.00,3567905
12-Jun-15,122.30,122.82,119.30,119.80,3449175
11-Jun-15,123.00,125.30,122.50,122.70,2774370
10-Jun-15,122.30,123.40,121.50,122.80,3889104
9-Jun-15,122.40,122.40,120.84,122.00,2392654
8-Jun-15,122.10,123.44,121.70,122.00,3565531
5-Jun-15,125.30,125.30,122.35,122.40,4176707
4-Jun-15,125.00,128.11,123.20,125.48,12081223
3-Jun-15,120.90,123.40,119.90,122.30,6296910
2-Jun-15,120.20,121.70,119.30,120.10,4729196
1-Jun-15,119.50,120.70,118.60,119.20,3412149
29-May-15,120.60,122.10,119.60,119.80,3047309
28-May-15,121.30,122.21,119.70,120.80,2452055
27-May-15,120.00,122.50,120.00,121.65,3663138
26-May-15,119.50,121.60,119.50,120.37,3208390
22-May-15,120.30,123.00,119.90,120.70,4083431
21-May-15,118.80,120.32,118.30,119.80,3891920
20-May-15,118.90,119.80,118.30,119.30,4739327
19-May-15,118.70,119.60,117.80,118.50,4092958
18-May-15,117.80,120.30,117.29,118.60,5054865
15-May-15,116.50,119.70,116.16,117.30,5252890
14-May-15,115.30,118.00,114.30,116.30,5159200
13-May-15,114.00,115.70,113.40,115.10,6103596
12-May-15,115.10,115.40,112.80,112.90,7472480
11-May-15,116.50,116.90,114.80,116.10,7141445
8-May-15,114.70,117.50,114.00,116.10,15237933
7-May-15,105.90,106.20,103.34,105.60,5415639
6-May-15,106.00,106.70,104.00,105.90,5860194
5-May-15,104.20,106.40,103.30,105.40,7697116
1-May-15,101.20,103.00,101.20,101.90,1387676
30-Apr-15,102.30,103.23,101.20,102.60,3660763
29-Apr-15,103.50,104.10,102.30,102.70,3021422
28-Apr-15,104.40,105.12,101.70,102.90,4266128
27-Apr-15,104.60,105.38,102.90,104.90,3909086
24-Apr-15,103.40,104.00,102.50,104.00,3559887
23-Apr-15,102.20,103.70,101.20,102.70,5642760
22-Apr-15,104.00,105.10,102.10,102.70,7839117
21-Apr-15,103.90,106.50,102.60,106.10,6037083
20-Apr-15,103.20,104.19,101.76,103.10,3884510
17-Apr-15,103.20,104.96,102.30,103.00,2910639
16-Apr-15,103.90,104.33,102.80,103.70,3762554
15-Apr-15,105.00,105.80,104.00,104.00,2786498
14-Apr-15,105.40,105.80,103.80,104.80,3608703
13-Apr-15,109.00,109.34,104.88,105.50,5205254
10-Apr-15,108.50,109.90,107.50,109.20,2930512
9-Apr-15,107.10,108.30,105.30,108.00,4328848
8-Apr-15,104.20,106.97,104.06,106.50,5264646
7-Apr-15,102.50,104.90,102.50,104.20,4650583
2-Apr-15,104.30,104.50,101.02,102.40,4331725
1-Apr-15,104.30,105.62,103.80,104.20,4013689
31-Mar-15,103.50,105.00,103.10,104.30,4589782
30-Mar-15,104.80,105.50,103.40,103.80,3810870
27-Mar-15,104.50,105.66,103.70,104.10,3267297
26-Mar-15,105.00,105.65,102.36,104.10,4628245
25-Mar-15,110.30,111.20,109.50,109.70,3653093
24-Mar-15,110.10,111.40,110.10,110.80,3192973
23-Mar-15,111.80,111.95,110.40,111.10,2866557
20-Mar-15,111.70,112.90,108.70,111.50,10569805
19-Mar-15,111.00,111.77,109.60,111.20,5386143
18-Mar-15,112.50,113.80,110.70,113.50,2781847
17-Mar-15,110.80,113.10,110.80,112.90,2604562
16-Mar-15,113.00,113.13,109.30,111.00,4066148
13-Mar-15,112.30,114.80,110.89,113.00,2987061
12-Mar-15,112.10,112.64,110.50,111.50,4074905
11-Mar-15,112.80,113.11,110.80,111.50,3308622
10-Mar-15,114.90,114.90,112.07,112.80,3832293
9-Mar-15,113.70,116.30,112.60,114.80,2872000
6-Mar-15,114.90,115.55,113.70,113.90,2705974
5-Mar-15,114.70,115.87,114.10,115.30,4157488
4-Mar-15,117.90,118.46,114.70,115.50,4730638
3-Mar-15,117.80,118.15,116.70,117.80,4719136
2-Mar-15,118.90,120.08,115.77,117.00,5747477
27-Feb-15,122.50,122.80,118.20,118.70,4469331
26-Feb-15,116.00,122.30,115.20,121.00,10384560
25-Feb-15,116.80,117.50,113.00,114.20,4064045
24-Feb-15,116.20,117.90,115.50,117.10,5187284
23-Feb-15,121.10,121.55,111.10,115.70,14556575
20-Feb-15,121.50,122.40,120.66,122.00,2072760
19-Feb-15,120.10,121.70,118.70,121.10,3445409
18-Feb-15,121.60,121.71,120.70,121.00,2584514
17-Feb-15,122.80,122.80,120.50,120.80,2114046
16-Feb-15,120.40,122.60,119.40,121.40,2072735
13-Feb-15,121.00,121.50,118.60,119.10,3193854
12-Feb-15,118.40,120.50,118.37,120.50,2858533
11-Feb-15,120.20,120.20,118.40,119.00,2916340
10-Feb-15,121.90,122.00,118.90,119.70,6096152
9-Feb-15,121.90,130.40,119.20,122.00,4985226
6-Feb-15,120.90,122.50,120.20,121.90,2325484
5-Feb-15,119.10,121.30,118.40,120.50,4596814
4-Feb-15,124.00,124.30,118.70,120.10,5511644
3-Feb-15,117.20,124.40,117.00,124.00,6594749
2-Feb-15,116.70,117.00,115.40,116.10,2429362
30-Jan-15,114.60,116.80,113.60,116.20,3608103
29-Jan-15,112.20,114.63,111.60,113.80,2390206
28-Jan-15,114.80,115.06,112.00,113.10,2761136
27-Jan-15,113.80,115.30,113.10,114.10,4154497
26-Jan-15,115.00,115.58,113.20,114.20,3854244
23-Jan-15,118.00,118.00,115.00,115.20,5261334
22-Jan-15,113.70,117.60,113.52,117.30,5969458
21-Jan-15,110.30,113.60,109.50,113.60,3274048
20-Jan-15,111.40,113.10,109.60,110.50,4693812
19-Jan-15,109.50,112.40,109.21,112.00,2626936
16-Jan-15,109.50,110.40,109.00,110.00,3800085
15-Jan-15,110.00,111.50,108.00,110.40,6765689
14-Jan-15,107.00,108.40,106.30,108.00,5283275
13-Jan-15,104.80,108.60,104.70,107.90,5522867
12-Jan-15,103.80,105.20,102.20,104.70,4656158
9-Jan-15,103.60,105.70,102.70,105.20,3625602
8-Jan-15,105.30,105.80,102.90,103.80,5227824
7-Jan-15,103.00,106.70,102.69,104.20,4426535
6-Jan-15,108.80,109.05,102.30,102.50,7618821
5-Jan-15,111.50,112.90,108.47,108.60,5054313
31-Dec-14,112.00,113.10,110.30,110.50,1732967
30-Dec-14,113.40,114.90,111.80,112.40,1775618
29-Dec-14,110.30,114.20,110.30,113.90,1613182
24-Dec-14,112.30,112.30,110.00,111.00,740100
23-Dec-14,109.20,112.30,108.50,111.30,4007267
22-Dec-14,109.00,110.09,107.49,109.20,2434592
19-Dec-14,108.30,108.70,106.50,108.00,5163779
18-Dec-14,107.80,109.10,106.70,107.90,5595443
17-Dec-14,107.60,108.20,105.93,106.50,3133324
16-Dec-14,109.30,110.16,107.20,108.20,3557626
15-Dec-14,110.20,112.30,109.10,109.10,3017389
12-Dec-14,113.00,113.30,110.40,110.40,2030205
11-Dec-14,113.10,114.90,112.50,113.20,3094797
10-Dec-14,115.30,116.80,113.70,113.90,1878506
9-Dec-14,117.90,118.50,114.70,114.70,2568831
8-Dec-14,118.60,119.90,118.40,119.00,2488635
5-Dec-14,116.00,119.80,116.00,119.40,3639224
4-Dec-14,114.50,117.40,114.50,116.00,4546010
3-Dec-14,117.10,118.50,114.00,114.00,5227809
2-Dec-14,113.30,114.60,113.10,113.50,2101944
1-Dec-14,111.70,114.20,111.10,112.50,4570326
28-Nov-14,112.50,112.90,109.52,111.30,4422734
27-Nov-14,112.70,113.20,111.20,112.40,2878434
26-Nov-14,114.20,114.20,111.50,112.40,2340254
25-Nov-14,114.20,114.70,112.66,113.70,2897363
24-Nov-14,120.00,120.00,112.80,113.80,4568065
21-Nov-14,120.90,121.70,120.20,120.30,1522656
20-Nov-14,121.50,122.70,120.10,120.50,3568425
19-Nov-14,124.10,124.10,121.13,122.30,2297509
18-Nov-14,122.70,124.10,122.00,123.50,2246485
17-Nov-14,122.30,122.70,120.88,121.90,2267003
14-Nov-14,120.60,123.60,119.90,122.60,2632092
13-Nov-14,120.50,121.60,119.79,120.30,3502459
12-Nov-14,119.00,123.50,119.00,120.30,6557111
11-Nov-14,117.20,119.00,116.50,118.60,2806116
10-Nov-14,115.20,116.60,114.36,116.50,2515501
7-Nov-14,116.10,117.80,114.80,115.40,2841877
6-Nov-14,114.20,115.90,114.11,115.90,2903921
5-Nov-14,114.10,115.20,113.39,114.80,2569517
4-Nov-14,117.70,117.70,113.90,114.00,5530624
3-Nov-14,118.30,118.30,116.60,118.00,3165602
31-Oct-14,119.20,119.32,117.10,118.10,4685144
30-Oct-14,118.30,119.40,115.20,117.20,7489467
29-Oct-14,116.40,119.10,115.41,118.40,4666025
28-Oct-14,116.00,117.20,115.20,115.74,4888717
27-Oct-14,118.40,118.97,113.90,115.50,5073506
24-Oct-14,120.90,121.54,116.30,116.90,6252668
23-Oct-14,128.50,129.20,116.97,121.10,10641841
22-Oct-14,127.00,129.80,126.80,129.00,6125714
21-Oct-14,125.50,129.00,125.30,127.30,7241769
20-Oct-14,120.20,122.60,119.58,122.50,3540968
17-Oct-14,118.00,122.10,117.22,119.90,6161906
16-Oct-14,117.00,118.10,113.50,117.40,10308081
15-Oct-14,117.90,119.90,114.60,116.00,5683268
14-Oct-14,112.60,117.20,112.60,116.90,5784034
13-Oct-14,109.60,114.80,108.80,113.70,6610592
10-Oct-14,117.60,119.00,110.50,110.70,9800210
9-Oct-14,122.50,123.00,118.50,118.60,4583111
8-Oct-14,122.60,123.00,119.72,121.20,4568455
7-Oct-14,125.40,125.80,122.70,122.70,2411634
6-Oct-14,124.50,126.40,124.09,125.80,1675254
3-Oct-14,124.00,125.30,123.20,123.80,1723425
2-Oct-14,125.70,126.20,122.90,123.00,3442182
1-Oct-14,129.40,130.00,125.00,125.60,2704471
30-Sep-14,129.30,130.20,127.00,129.40,2457448
29-Sep-14,129.20,130.20,127.80,128.90,1900830
26-Sep-14,130.10,132.30,128.30,128.90,2104171
25-Sep-14,127.90,132.80,127.83,130.30,4151405
24-Sep-14,126.10,128.90,123.43,127.10,2799528
23-Sep-14,131.90,132.50,128.70,129.40,2364052
22-Sep-14,134.30,134.40,130.40,131.90,3125732
19-Sep-14,129.70,135.40,129.45,134.40,8743475
18-Sep-14,129.00,129.90,127.60,128.60,2178975
17-Sep-14,130.90,131.40,128.30,128.30,1849072
16-Sep-14,127.00,131.20,126.90,130.00,3912536
15-Sep-14,128.40,129.60,125.00,125.70,2860013
12-Sep-14,128.20,131.30,128.00,129.80,2769932
11-Sep-14,131.60,133.60,127.60,127.70,2965123
10-Sep-14,133.10,133.10,130.07,130.80,1729255
9-Sep-14,133.00,134.10,131.20,132.80,1718706
8-Sep-14,135.90,135.90,131.90,133.00,2168293
5-Sep-14,136.40,136.70,134.70,135.60,2031422
4-Sep-14,137.40,137.40,134.50,136.40,2840934
3-Sep-14,135.60,138.60,135.00,137.80,3070878
2-Sep-14,133.60,135.90,133.40,135.50,1449930
1-Sep-14,134.00,134.35,133.10,133.90,858579
29-Aug-14,133.80,134.30,132.10,133.10,1637355
28-Aug-14,133.10,134.10,130.19,133.20,1572347
27-Aug-14,133.50,134.20,132.10,133.30,1616146
26-Aug-14,136.00,136.00,131.50,133.30,3131770
22-Aug-14,132.60,136.40,131.60,135.20,2507012
21-Aug-14,135.60,135.60,131.80,132.30,2406395
20-Aug-14,137.40,137.40,134.90,135.30,1979214
19-Aug-14,137.90,139.00,136.70,136.80,2317421
18-Aug-14,136.00,138.10,135.30,137.10,2556072
15-Aug-14,136.10,139.10,134.10,134.50,3696162
14-Aug-14,131.10,136.10,130.16,135.30,3192094
13-Aug-14,130.80,132.00,129.10,131.00,3072350
12-Aug-14,136.30,136.90,128.60,129.90,7842564
11-Aug-14,128.00,130.94,127.70,130.50,3201909
8-Aug-14,127.00,127.60,125.10,127.30,3936520
7-Aug-14,127.70,128.80,127.20,128.10,1974598
6-Aug-14,128.30,128.30,125.90,127.50,3103946
5-Aug-14,131.20,131.20,128.00,128.50,2549157
4-Aug-14,131.90,132.10,130.20,130.50,1508954
1-Aug-14,132.40,133.00,130.20,130.80,2139364
31-Jul-14,132.90,132.90,130.60,132.00,2180066
30-Jul-14,131.60,133.50,130.60,132.30,1795655
29-Jul-14,131.90,132.20,130.33,130.80,1221209
28-Jul-14,132.60,133.19,130.70,131.20,1325332
25-Jul-14,132.00,134.30,131.30,131.90,2811187
24-Jul-14,137.90,137.90,131.70,132.30,2573882
23-Jul-14,138.00,139.50,137.12,139.10,1267249
22-Jul-14,137.20,139.00,136.85,137.80,1159835
21-Jul-14,136.70,137.30,135.20,136.60,1503919
18-Jul-14,135.20,137.10,133.80,137.10,3230816
17-Jul-14,137.50,137.50,135.30,136.00,2307702
16-Jul-14,135.50,137.90,134.60,137.70,2718611
15-Jul-14,133.50,135.50,131.70,134.80,3632310
14-Jul-14,132.40,134.30,131.40,133.60,2032844
11-Jul-14,132.20,134.80,130.70,131.80,2945041
10-Jul-14,133.10,133.98,128.40,131.70,3280316
9-Jul-14,134.10,135.14,131.10,132.80,4576046
8-Jul-14,140.00,140.40,134.60,134.70,3218025
7-Jul-14,141.30,143.57,139.91,140.10,2382198
4-Jul-14,140.80,143.00,140.80,141.00,1982442
3-Jul-14,141.40,142.60,139.90,140.60,2890987
2-Jul-14,139.30,141.80,138.70,141.00,2774067
1-Jul-14,140.80,140.80,138.40,139.00,2850926
30-Jun-14,141.70,142.80,139.02,140.31,3220487
27-Jun-14,140.10,141.40,139.50,141.20,2285721
26-Jun-14,141.40,141.80,137.60,139.50,2730369
25-Jun-14,141.40,143.72,138.20,140.90,2360836
24-Jun-14,142.00,144.70,142.00,142.20,3077608
23-Jun-14,142.60,143.20,141.30,141.70,1917637
20-Jun-14,141.60,144.60,140.30,142.00,4167590
19-Jun-14,142.50,143.00,140.60,142.40,2900078
18-Jun-14,143.50,144.00,140.40,140.90,2441495
17-Jun-14,146.90,147.70,139.90,143.00,4404355
16-Jun-14,148.40,149.19,145.10,146.80,1801628
13-Jun-14,150.50,151.10,147.10,148.60,2031688
12-Jun-14,151.40,153.80,150.40,151.10,2306944
11-Jun-14,151.70,152.40,148.80,151.40,2179079
10-Jun-14,151.30,152.60,148.80,152.00,1949349
9-Jun-14,152.80,153.00,149.79,151.10,1026105
6-Jun-14,148.50,152.50,148.30,151.90,1191469
5-Jun-14,149.70,150.90,147.00,149.11,1746641
4-Jun-14,151.10,151.10,148.70,149.31,2598873
3-Jun-14,154.80,155.00,150.50,151.01,2796141
2-Jun-14,153.60,155.04,151.90,154.51,3062021
30-May-14,150.00,153.30,149.70,152.61,6125997
29-May-14,143.30,150.42,141.70,150.40,4451618
28-May-14,142.50,143.70,141.80,143.10,1463918
27-May-14,145.10,146.60,142.21,142.90,2164879
23-May-14,143.20,144.90,141.30,143.90,3667004
22-May-14,138.90,144.30,138.50,142.70,4643434
21-May-14,133.20,139.10,133.20,138.50,5703334
20-May-14,130.60,134.80,129.70,133.60,4572750
19-May-14,135.20,135.48,130.30,133.80,3549818
16-May-14,138.40,140.15,133.80,134.80,4630213
15-May-14,145.10,145.60,136.60,138.40,4837164
14-May-14,146.70,147.60,143.70,144.80,2262039
13-May-14,148.80,148.80,144.00,146.90,3022324
12-May-14,148.10,149.96,147.20,148.00,1883843
9-May-14,147.00,148.20,144.40,147.70,2861438
8-May-14,148.10,148.50,145.10,147.00,2602775
7-May-14,150.90,151.80,146.50,147.70,4624563
6-May-14,150.00,153.00,150.00,151.50,2397364
2-May-14,154.50,154.50,149.90,154.00,6462898
1-May-14,155.00,155.30,149.00,154.00,1869787
30-Apr-14,143.90,157.00,137.70,153.30,15439638
29-Apr-14,146.00,148.00,142.30,143.40,3518245
28-Apr-14,138.30,146.90,138.30,145.10,4728675
25-Apr-14,136.20,141.30,135.30,138.70,3219910
24-Apr-14,136.00,137.50,135.30,136.40,2295301
23-Apr-14,134.00,136.80,133.60,136.00,3903198
22-Apr-14,131.10,133.70,130.60,133.70,2472705
17-Apr-14,130.80,131.70,128.40,130.70,2772529
16-Apr-14,130.90,131.20,129.00,130.40,3168252
15-Apr-14,130.60,131.10,128.70,129.20,2956266
14-Apr-14,130.70,131.40,128.30,130.10,2444053
11-Apr-14,133.70,134.78,130.50,130.70,3017622
10-Apr-14,137.40,138.80,134.90,134.90,3420975
9-Apr-14,134.70,138.60,134.00,136.60,3487383
8-Apr-14,135.60,135.90,132.76,134.20,1974721
7-Apr-14,138.00,138.16,135.80,135.80,2338977
4-Apr-14,140.10,141.30,138.80,139.90,3169974
3-Apr-14,141.40,143.66,139.10,140.00,5012940
2-Apr-14,136.00,142.00,134.60,141.50,5472999
1-Apr-14,135.00,136.92,133.90,135.80,3675841
31-Mar-14,134.70,139.25,133.00,135.00,3353091
28-Mar-14,134.00,135.50,132.02,134.00,4614378
27-Mar-14,132.80,134.80,130.80,133.90,5005394
26-Mar-14,130.40,134.80,130.36,133.40,7547167
25-Mar-14,130.80,132.11,130.00,130.80,2733538
24-Mar-14,130.90,131.48,128.60,130.70,5068054
21-Mar-14,134.70,134.70,129.10,131.00,16921239
20-Mar-14,137.00,137.00,131.40,134.10,9766030
19-Mar-14,159.00,160.90,135.00,140.40,17728253
18-Mar-14,157.20,159.50,155.20,159.00,3378556
17-Mar-14,156.20,157.60,155.20,157.00,3012538
14-Mar-14,157.40,157.40,154.10,156.30,3200574
13-Mar-14,160.70,161.80,158.60,158.60,2483063
12-Mar-14,160.80,161.60,158.80,160.50,2673402
11-Mar-14,162.00,162.40,159.30,160.90,2295451
10-Mar-14,162.90,166.50,160.20,161.10,2786205
7-Mar-14,165.20,165.20,161.50,163.40,4769129
6-Mar-14,164.10,167.30,162.80,164.70,2919463
5-Mar-14,166.00,166.00,162.90,163.80,3485953
4-Mar-14,163.20,166.90,162.80,165.50,3894233
3-Mar-14,164.00,164.30,160.90,161.30,3721113
28-Feb-14,161.60,167.30,160.90,166.90,6457906
27-Feb-14,160.30,163.90,157.10,161.90,5352783
26-Feb-14,154.50,161.60,154.10,160.00,7019776
25-Feb-14,154.00,158.00,148.00,154.60,10775323
24-Feb-14,147.90,151.00,146.90,151.00,5649015
21-Feb-14,148.20,148.80,146.50,148.10,3215465
20-Feb-14,146.90,148.60,144.70,147.90,4141936
19-Feb-14,149.60,150.00,148.70,149.60,1930396
18-Feb-14,150.40,150.90,148.90,149.90,3052086
17-Feb-14,149.30,150.50,147.40,150.20,1910287
14-Feb-14,150.00,152.30,148.20,149.70,3704011
13-Feb-14,149.60,151.30,144.20,145.70,4270422
12-Feb-14,152.40,153.40,150.60,151.20,2264645
11-Feb-14,151.40,153.00,150.40,152.40,2465683
10-Feb-14,154.50,155.30,149.80,150.70,3248445
7-Feb-14,154.40,155.30,152.90,153.00,3507785
6-Feb-14,150.70,154.50,149.60,154.50,3510496
5-Feb-14,149.90,152.10,149.20,150.90,1602404
4-Feb-14,149.30,151.80,148.10,149.90,2647249
3-Feb-14,149.40,151.60,148.30,150.10,2612897
31-Jan-14,148.00,149.50,145.80,149.50,3779899
30-Jan-14,146.80,148.70,145.60,147.90,3767485
29-Jan-14,150.60,151.30,146.90,147.20,4409450
28-Jan-14,150.50,151.60,148.40,149.90,2286957
27-Jan-14,152.40,155.40,150.00,150.30,2596487
24-Jan-14,150.80,154.10,148.70,152.60,4113926
23-Jan-14,154.30,154.30,148.50,150.70,3901772
22-Jan-14,159.20,160.00,151.80,154.60,4610586
21-Jan-14,165.00,165.80,158.10,160.78,4595066
20-Jan-14,166.00,168.90,165.60,166.70,1922059
17-Jan-14,176.70,176.70,166.70,168.00,4995860
16-Jan-14,178.00,181.40,175.00,176.00,7124659
15-Jan-14,166.10,173.00,163.90,173.00,5193029
14-Jan-14,167.00,167.90,163.10,165.20,2419113
13-Jan-14,167.00,167.70,164.40,165.50,1881605
10-Jan-14,164.80,167.10,161.30,166.20,3639845
9-Jan-14,175.40,175.40,163.20,167.75,8381195
8-Jan-14,178.90,181.40,178.40,179.70,3956825
7-Jan-14,177.30,183.00,176.00,179.60,4588269
6-Jan-14,177.80,179.20,175.20,176.80,1684147
3-Jan-14,177.40,179.50,176.10,179.00,1938462
2-Jan-14,178.90,179.40,174.30,177.30,2531807
31-Dec-13,178.30,179.20,177.10,178.90,721094
30-Dec-13,178.50,178.50,176.60,177.50,1964255
27-Dec-13,179.50,179.50,175.80,177.40,1136523
24-Dec-13,176.80,179.20,176.80,177.60,250365
23-Dec-13,173.00,176.30,172.60,176.00,1792469
20-Dec-13,173.00,173.40,170.40,172.70,2653025
19-Dec-13,169.70,173.30,168.90,172.90,2572431
18-Dec-13,170.80,170.80,167.30,167.30,2220986
17-Dec-13,170.50,170.50,166.80,169.90,2143417
16-Dec-13,174.10,176.20,170.30,170.40,2812951
13-Dec-13,172.50,174.20,171.10,171.30,1662198
12-Dec-13,173.50,173.50,171.00,172.10,1198360
11-Dec-13,175.00,176.60,172.70,173.30,1403253
10-Dec-13,176.80,176.90,174.40,174.40,981271
9-Dec-13,175.00,177.00,174.60,176.08,1639808
6-Dec-13,172.10,175.10,171.80,173.50,1840565
5-Dec-13,171.20,174.50,170.90,173.40,2241073
4-Dec-13,168.90,172.40,168.90,171.90,2477317
3-Dec-13,174.80,174.80,168.10,168.10,3475723
2-Dec-13,174.40,175.50,173.00,174.40,1968449
29-Nov-13,174.40,176.40,174.40,174.80,1926500
28-Nov-13,176.30,177.30,174.30,174.90,1178755
27-Nov-13,176.90,177.00,175.30,176.10,2119893
26-Nov-13,174.10,178.60,174.10,177.30,2227574
25-Nov-13,172.70,176.50,172.70,174.30,1374989
22-Nov-13,168.70,174.20,168.70,172.60,2174501
21-Nov-13,171.00,171.70,169.30,170.00,2001731
20-Nov-13,174.40,175.50,171.30,172.00,2514756
19-Nov-13,177.00,177.00,171.30,175.00,3782453
18-Nov-13,175.90,179.30,175.90,178.20,1853082
15-Nov-13,181.10,181.10,175.80,177.10,2728490
14-Nov-13,188.10,189.00,177.80,180.20,6548443
13-Nov-13,189.30,189.80,185.10,186.80,2125035
12-Nov-13,193.00,193.00,188.80,189.50,1380444
11-Nov-13,192.80,194.60,190.10,192.60,1578685
8-Nov-13,192.60,194.30,190.90,193.00,2034901
7-Nov-13,193.10,196.00,192.10,193.90,2562086
6-Nov-13,190.60,196.10,190.60,193.90,3003211
5-Nov-13,191.00,191.90,188.50,191.00,1567113
4-Nov-13,191.40,192.60,190.30,190.40,1699052
1-Nov-13,191.90,192.00,187.50,190.80,2003157
31-Oct-13,190.00,191.50,188.90,191.10,2147686
30-Oct-13,193.40,193.70,189.90,190.00,2390489
29-Oct-13,191.90,194.70,191.00,193.00,2022007
28-Oct-13,190.50,191.80,188.60,191.60,2281988
25-Oct-13,186.80,190.20,185.80,189.80,2234750
24-Oct-13,190.00,190.00,184.80,187.20,3418153
23-Oct-13,188.40,190.90,-,189.20,1285159
22-Oct-13,188.60,189.50,187.20,188.40,1958129
21-Oct-13,187.10,188.00,186.20,187.00,1605160
18-Oct-13,186.40,187.40,184.90,187.20,1816425
17-Oct-13,186.90,186.90,184.10,184.70,2466890
16-Oct-13,186.70,187.70,183.50,186.90,2129323
15-Oct-13,192.00,192.00,184.80,185.50,4375365
14-Oct-13,190.50,192.20,187.30,191.60,3710525
11-Oct-13,185.30,190.70,183.40,190.70,4966602
10-Oct-13,181.70,190.80,181.70,185.00,9085935
9-Oct-13,168.60,181.10,167.80,179.80,6977629
8-Oct-13,167.00,169.70,167.00,169.00,3496448
7-Oct-13,167.40,170.50,167.40,169.30,3567709
4-Oct-13,170.80,172.50,170.60,171.00,2251556
3-Oct-13,166.60,171.80,166.60,171.20,4006366
2-Oct-13,167.30,170.20,167.30,167.40,3982453
1-Oct-13,168.90,169.40,165.40,168.20,4668764
30-Sep-13,167.50,171.80,167.40,169.20,4736336
27-Sep-13,174.70,174.70,169.70,171.70,5300249
26-Sep-13,170.00,178.20,169.50,173.80,13346168
25-Sep-13,187.80,188.40,184.70,188.10,3761129
24-Sep-13,190.00,190.00,187.10,188.50,2263594
20-Sep-13,192.90,193.30,191.10,192.00,5360718
19-Sep-13,196.40,197.10,192.10,192.80,2679167
18-Sep-13,198.60,198.60,192.50,193.60,2570593
17-Sep-13,200.40,204.80,200.40,201.20,2509688
16-Sep-13,200.10,202.20,200.00,201.70,1889393
13-Sep-13,198.20,199.80,197.70,199.10,1182757
12-Sep-13,198.90,199.90,196.50,198.00,2101050
11-Sep-13,198.60,199.50,197.80,199.00,1247309
10-Sep-13,196.90,199.00,196.90,198.20,1639146
9-Sep-13,194.30,196.90,193.30,196.10,3768810
6-Sep-13,191.60,194.70,190.80,193.70,2997384
5-Sep-13,191.00,191.50,188.50,191.50,2262749
4-Sep-13,189.80,190.90,189.00,189.70,2833800
3-Sep-13,188.70,189.80,188.10,189.80,4320271
2-Sep-13,186.30,189.10,186.00,188.60,2589308
30-Aug-13,186.10,187.30,183.70,184.50,3668697
29-Aug-13,186.20,187.70,183.40,185.40,3992679
28-Aug-13,187.50,188.50,184.90,185.90,2781396
27-Aug-13,192.00,194.90,188.80,189.00,2970637
23-Aug-13,191.90,194.60,191.90,193.20,2019772
22-Aug-13,195.40,197.30,192.60,193.10,4581289
21-Aug-13,195.00,197.70,193.50,195.00,6281875
20-Aug-13,193.30,200.40,193.00,197.50,7845488
19-Aug-13,188.30,191.50,188.10,191.50,4311597
16-Aug-13,187.20,189.10,187.20,187.70,3516002
15-Aug-13,192.90,192.90,187.30,187.30,4133135
14-Aug-13,193.00,196.30,192.60,192.70,3077821
13-Aug-13,194.00,196.30,193.90,195.00,3935429
12-Aug-13,195.10,196.20,191.60,193.90,4937744
9-Aug-13,200.00,202.20,198.60,199.10,3462010
8-Aug-13,198.90,204.00,196.30,199.60,10389719
7-Aug-13,209.40,209.50,206.20,207.52,2604264
6-Aug-13,208.40,210.30,208.40,210.00,2052135
5-Aug-13,212.00,212.00,206.30,209.10,2694639
2-Aug-13,217.50,218.30,210.30,214.20,2916096
1-Aug-13,213.50,219.00,213.00,217.50,3559399
31-Jul-13,213.40,214.50,212.80,213.00,3505869
30-Jul-13,210.70,214.20,208.00,214.00,5164165
29-Jul-13,211.00,212.70,209.00,209.70,1809681
26-Jul-13,209.70,211.50,209.70,210.70,2473190
25-Jul-13,205.20,210.10,205.10,210.00,3266944
24-Jul-13,204.30,206.10,202.30,206.10,2611965
23-Jul-13,206.30,207.60,201.70,202.30,2873864
22-Jul-13,204.10,204.40,200.50,201.40,2056738
19-Jul-13,201.80,206.80,201.50,203.30,2078844
18-Jul-13,201.30,203.40,200.20,201.90,2874632
17-Jul-13,200.60,202.10,194.80,201.20,4102124
16-Jul-13,205.60,205.60,199.80,199.80,4459366
15-Jul-13,206.60,208.00,204.20,204.60,2335088
12-Jul-13,210.10,210.10,205.30,206.70,2580730
11-Jul-13,210.20,211.70,208.90,209.30,3079296
10-Jul-13,207.50,211.40,206.40,207.30,2210598
9-Jul-13,208.00,209.70,207.10,209.00,3557915
8-Jul-13,205.60,207.98,205.51,206.80,2315310
5-Jul-13,207.60,208.80,203.62,204.50,2285091
4-Jul-13,204.20,207.30,203.30,206.50,2407143
3-Jul-13,201.60,203.00,200.10,202.30,2792194
2-Jul-13,204.90,205.10,201.30,202.60,4067418
1-Jul-13,201.10,205.20,199.10,204.50,2022419
28-Jun-13,198.60,201.73,197.00,199.90,2616230
27-Jun-13,195.00,199.70,194.80,198.60,3820546
26-Jun-13,195.20,196.24,194.00,194.90,2198310
25-Jun-13,192.10,195.20,190.80,195.10,2401891
24-Jun-13,196.70,197.00,189.70,190.60,2951534
21-Jun-13,199.80,202.50,196.60,196.60,2786516
20-Jun-13,201.70,202.40,197.90,198.90,2755355
19-Jun-13,203.00,204.50,200.00,204.30,3515277
18-Jun-13,199.80,203.00,199.50,202.50,3121941
17-Jun-13,197.90,200.30,197.90,199.90,1970607
14-Jun-13,195.00,200.20,194.60,197.60,2915203
13-Jun-13,193.40,194.60,192.16,194.30,1673296
12-Jun-13,195.60,198.40,194.70,195.70,1872699
11-Jun-13,199.30,200.70,194.10,195.80,2095461
10-Jun-13,199.40,201.20,198.80,200.00,1129492
7-Jun-13,199.10,199.70,195.80,199.30,2357558
6-Jun-13,201.20,202.40,198.00,198.50,2427423
5-Jun-13,201.00,202.70,199.20,201.00,2387437
4-Jun-13,205.30,206.26,201.20,201.80,2566931
3-Jun-13,206.00,206.30,202.50,204.10,2601432
31-May-13,207.40,208.30,204.80,206.80,3318100
30-May-13,205.50,207.30,204.60,207.10,3108112
29-May-13,209.70,210.30,205.09,206.20,2204816
28-May-13,208.30,210.90,207.90,210.40,2115036
24-May-13,210.40,211.50,206.50,207.10,2143837
23-May-13,210.00,212.60,207.50,209.40,7566253
22-May-13,216.00,216.10,212.80,213.60,2891191
21-May-13,216.00,216.10,213.80,215.00,3622958
20-May-13,213.60,216.00,211.44,214.20,2708075
17-May-13,214.90,215.80,213.40,215.00,1581870
16-May-13,211.90,215.04,211.36,213.81,3632719
15-May-13,209.90,212.30,209.60,211.30,2404190
14-May-13,206.80,210.20,206.30,209.90,2223908
13-May-13,205.50,207.40,204.60,206.39,2807540
10-May-13,204.60,206.40,202.93,205.10,2632248
9-May-13,200.50,206.20,199.70,205.10,3848112
8-May-13,199.50,202.60,199.50,199.90,3478825
7-May-13,198.80,202.40,195.50,199.50,6631670
3-May-13,189.90,198.90,189.60,198.80,6226198
2-May-13,187.82,190.00,187.60,188.90,6560252
1-May-13,189.70,191.50,187.40,189.70,2498554
30-Apr-13,191.90,192.90,187.60,189.40,2976400
29-Apr-13,192.50,193.36,189.30,191.00,1615022
26-Apr-13,192.80,193.00,190.70,192.20,1681163
25-Apr-13,191.30,194.10,190.40,193.50,2766219
24-Apr-13,192.30,193.00,190.80,192.00,3020261
23-Apr-13,187.50,193.40,186.23,192.90,3585893
22-Apr-13,189.00,189.00,185.30,186.40,3176672
19-Apr-13,182.70,188.70,181.70,188.00,4223445
18-Apr-13,187.20,187.30,181.40,182.00,6092706
17-Apr-13,192.90,195.30,188.90,189.00,4448871
16-Apr-13,188.80,193.00,187.60,191.90,4273944
15-Apr-13,186.99,195.90,186.70,190.30,9049229
12-Apr-13,210.20,210.40,206.20,206.90,1531905
11-Apr-13,206.20,213.10,206.20,211.00,3004546
10-Apr-13,206.00,209.30,205.40,206.70,3070795
9-Apr-13,208.80,209.30,203.80,205.90,3108732
8-Apr-13,209.00,213.50,205.70,207.90,5919376
5-Apr-13,219.80,219.80,203.90,207.50,9498874
4-Apr-13,227.20,228.00,221.80,223.00,6351629
3-Apr-13,227.80,231.00,226.40,227.20,2121845
2-Apr-13,226.00,229.75,224.60,228.00,2272070
28-Mar-13,223.80,227.60,222.04,225.80,3260323
27-Mar-13,228.30,228.97,223.40,223.60,4093974
26-Mar-13,221.00,228.28,221.00,228.00,6494129
25-Mar-13,221.00,226.20,220.00,221.30,3906800
22-Mar-13,220.70,221.00,218.22,219.20,3017956
21-Mar-13,224.40,224.40,219.21,221.90,4260939
20-Mar-13,227.50,227.72,224.20,224.80,3393183
19-Mar-13,237.50,237.59,230.60,231.40,3899091
18-Mar-13,235.00,239.10,233.80,238.30,2706970
15-Mar-13,240.50,242.40,238.50,238.50,6220117
14-Mar-13,240.10,240.88,239.20,240.20,2938507
13-Mar-13,241.50,241.90,237.80,240.00,2610492
12-Mar-13,241.70,245.00,241.60,243.10,3901428
11-Mar-13,236.40,243.90,233.50,239.80,5547950
8-Mar-13,227.60,227.60,224.40,225.20,3483150
7-Mar-13,234.00,234.10,226.50,226.70,3575307
6-Mar-13,231.66,234.80,227.90,234.30,3651533
5-Mar-13,235.00,236.40,233.80,235.60,2716184
4-Mar-13,234.30,235.30,229.10,234.40,2232940
1-Mar-13,229.30,235.50,228.00,235.40,4296412
28-Feb-13,224.50,229.80,222.90,229.60,5182335
27-Feb-13,223.30,225.60,222.50,223.00,3605597
26-Feb-13,224.50,224.50,221.20,222.30,2215316
25-Feb-13,228.30,229.70,225.93,226.20,3243833
22-Feb-13,225.00,228.20,224.50,225.90,1970740
21-Feb-13,230.30,230.40,220.90,223.80,3568888
20-Feb-13,229.90,233.70,229.90,231.00,2477249
19-Feb-13,225.01,231.50,224.75,230.30,3733677
18-Feb-13,223.40,224.05,220.00,221.20,1281515
15-Feb-13,224.20,224.50,222.50,223.00,1082191
14-Feb-13,223.90,224.50,221.50,223.60,2053712
13-Feb-13,221.40,225.30,220.70,224.30,1696063
12-Feb-13,220.20,221.40,218.90,220.30,1744751
11-Feb-13,221.10,223.20,220.38,220.50,1068852
8-Feb-13,218.90,221.80,218.30,221.50,1575811
7-Feb-13,219.20,219.42,217.70,217.90,1171811
6-Feb-13,216.30,219.83,216.30,218.70,1700135
5-Feb-13,213.20,217.00,212.90,215.60,1861845
4-Feb-13,217.10,218.67,212.80,212.80,1692665
1-Feb-13,212.50,218.30,212.50,216.70,1861238
31-Jan-13,213.10,214.00,211.10,212.00,1776893
30-Jan-13,212.20,214.70,210.70,214.00,1748964
29-Jan-13,213.70,215.20,209.90,212.30,1573419
28-Jan-13,210.00,212.60,208.88,212.30,1613048
25-Jan-13,207.20,211.30,206.51,210.90,2444992
24-Jan-13,202.20,207.30,202.20,206.10,2984093
23-Jan-13,199.40,200.00,196.60,199.40,2066897
22-Jan-13,197.70,201.00,196.50,198.70,1802600
21-Jan-13,199.80,200.70,197.50,198.10,2440307
18-Jan-13,201.20,201.90,199.10,199.30,1964328
17-Jan-13,201.70,202.50,200.40,201.00,2240514
16-Jan-13,201.30,202.30,200.61,201.60,982861
15-Jan-13,201.80,204.10,200.60,201.40,1344944
14-Jan-13,203.00,204.00,201.80,202.20,692558
11-Jan-13,203.00,203.70,202.00,203.00,1268691
10-Jan-13,202.40,204.40,201.10,202.40,1449732
9-Jan-13,202.70,203.50,201.90,202.10,1413574
8-Jan-13,202.70,203.50,201.50,202.00,1956185
7-Jan-13,202.50,204.00,201.60,202.20,1866890
4-Jan-13,200.80,203.30,200.32,202.20,1430759
3-Jan-13,200.00,202.30,199.94,200.50,1261607
2-Jan-13,200.30,202.40,198.30,200.80,1638962
