31-Dec-15,1595.00,1613.00,1587.00,1595.00,89519
30-Dec-15,1604.00,1622.00,1585.84,1610.00,157853
29-Dec-15,1570.00,1609.00,1566.00,1607.00,196131
24-Dec-15,1581.00,1589.00,1572.00,1579.00,41920
23-Dec-15,1566.00,1587.00,1555.00,1587.00,300913
22-Dec-15,1547.00,1559.00,1531.00,1555.00,204145
21-Dec-15,1551.00,1559.22,1536.00,1545.00,242128
18-Dec-15,1523.00,1548.00,1517.00,1542.00,505372
16-Dec-15,1538.00,1552.00,1527.00,1530.44,464591
15-Dec-15,1517.00,1539.00,1506.48,1536.00,473069
14-Dec-15,1548.00,1555.00,1508.00,1532.06,502044
11-Dec-15,1519.00,1575.00,1501.00,1536.51,856440
10-Dec-15,1370.00,1524.00,1353.75,1516.00,791865
9-Dec-15,1324.00,1338.48,1321.00,1331.00,290546
8-Dec-15,1338.00,1344.00,1309.00,1319.00,197946
7-Dec-15,1313.00,1338.00,1309.00,1328.00,314052
4-Dec-15,1310.00,1319.00,1302.00,1313.00,165238
3-Dec-15,1305.00,1319.00,1295.00,1307.00,193402
2-Dec-15,1300.00,1303.00,1289.00,1301.00,122989
1-Dec-15,1282.00,1303.00,1278.00,1295.00,239380
30-Nov-15,1276.00,1288.28,1264.68,1283.00,218761
27-Nov-15,1265.00,1278.00,1260.00,1273.34,103191
26-Nov-15,1274.00,1274.00,1258.00,1270.00,85823
25-Nov-15,1249.00,1271.00,1244.00,1269.00,118013
24-Nov-15,1265.00,1270.00,1236.00,1243.00,249044
23-Nov-15,1262.00,1272.00,1247.20,1265.00,188517
20-Nov-15,1282.00,1284.00,1256.00,1263.00,291924
19-Nov-15,1280.00,1280.00,1261.00,1277.00,253566
18-Nov-15,1271.00,1278.00,1267.13,1273.00,170564
17-Nov-15,1279.00,1283.00,1263.00,1269.35,227894
16-Nov-15,1261.00,1272.00,1256.30,1265.00,209129
13-Nov-15,1273.00,1278.00,1264.00,1271.00,133726
12-Nov-15,1275.00,1285.00,1269.00,1279.20,230468
11-Nov-15,1259.00,1282.00,1259.00,1275.00,197419
10-Nov-15,1275.00,1276.00,1257.00,1259.00,146609
9-Nov-15,1271.00,1280.00,1260.00,1274.00,276940
6-Nov-15,1242.00,1268.00,1242.00,1264.00,208855
5-Nov-15,1251.00,1256.00,1236.00,1249.00,166593
4-Nov-15,1250.00,1264.60,1233.00,1247.00,364797
3-Nov-15,1258.00,1258.00,1238.50,1250.00,489018
2-Nov-15,1251.00,1267.00,1249.00,1251.00,338143
30-Oct-15,1253.00,1256.00,1241.00,1256.00,288237
29-Oct-15,1236.00,1258.00,1223.00,1246.00,378114
28-Oct-15,1185.00,1235.00,1185.00,1235.00,374061
27-Oct-15,1204.00,1209.00,1183.00,1189.00,420579
26-Oct-15,1177.00,1190.00,1171.00,1180.00,372748
23-Oct-15,1185.00,1185.00,1150.00,1175.00,1052712
22-Oct-15,1229.00,1236.00,1221.00,1231.00,149788
21-Oct-15,1227.00,1238.00,1218.00,1237.00,203603
20-Oct-15,1209.00,1224.00,1204.00,1220.00,252144
19-Oct-15,1196.00,1211.00,1194.96,1207.00,191185
16-Oct-15,1224.00,1230.00,1199.00,1200.00,225806
15-Oct-15,1232.00,1232.00,1208.00,1218.00,234587
14-Oct-15,1243.00,1255.22,1225.00,1226.00,182970
13-Oct-15,1243.00,1250.00,1229.00,1248.00,174750
12-Oct-15,1250.00,1254.00,1225.00,1234.00,185286
9-Oct-15,1255.00,1268.00,1250.00,1254.00,194881
8-Oct-15,1256.00,1262.00,1244.00,1253.00,239549
7-Oct-15,1258.00,1261.00,1243.00,1250.25,339838
6-Oct-15,1245.00,1260.00,1245.00,1257.47,162799
5-Oct-15,1231.00,1252.00,1231.00,1251.00,260908
2-Oct-15,1226.00,1232.00,1204.00,1216.00,204605
1-Oct-15,1223.00,1228.00,1197.34,1223.00,284672
30-Sep-15,1217.00,1220.00,1191.00,1203.00,300345
29-Sep-15,1218.00,1218.00,1193.00,1200.00,246180
28-Sep-15,1234.00,1236.00,1220.00,1225.00,238720
25-Sep-15,1245.00,1252.90,1232.00,1234.00,138399
24-Sep-15,1213.00,1245.00,1213.00,1231.00,249123
23-Sep-15,1211.00,1225.00,1203.16,1222.00,249590
22-Sep-15,1246.00,1248.00,1206.00,1210.00,315652
21-Sep-15,1257.00,1272.00,1245.00,1249.00,207796
18-Sep-15,1268.00,1271.00,1251.00,1270.00,825835
17-Sep-15,1290.00,1290.00,1264.00,1267.00,299242
16-Sep-15,1267.00,1288.00,1255.00,1287.00,395416
15-Sep-15,1242.00,1266.00,1231.00,1255.00,293010
14-Sep-15,1228.00,1238.00,1228.00,1234.00,168218
11-Sep-15,1227.00,1233.00,1212.00,1225.00,295704
10-Sep-15,1230.00,1244.00,1226.00,1227.00,169639
9-Sep-15,1235.00,1244.00,1228.00,1235.00,274322
8-Sep-15,1230.00,1231.00,1207.00,1221.00,248190
7-Sep-15,1230.00,1231.00,1213.00,1221.00,136158
4-Sep-15,1223.00,1229.00,1213.94,1221.00,259958
3-Sep-15,1243.00,1257.00,1227.00,1233.00,412389
2-Sep-15,1283.00,1289.00,1262.00,1268.00,247623
1-Sep-15,1286.00,1304.84,1264.00,1277.00,252266
28-Aug-15,1290.00,1305.00,1277.00,1305.00,333560
27-Aug-15,1283.00,1294.00,1260.00,1289.00,533949
26-Aug-15,1278.00,1280.00,1260.00,1263.00,306780
25-Aug-15,1256.00,1294.00,1244.60,1287.00,378880
24-Aug-15,1264.00,1270.00,1234.00,1246.00,489732
21-Aug-15,1287.00,1316.00,1276.00,1294.00,357602
20-Aug-15,1328.00,1341.72,1302.00,1303.00,455811
19-Aug-15,1344.00,1353.00,1334.00,1336.00,320397
18-Aug-15,1338.00,1356.44,1338.00,1352.00,178645
17-Aug-15,1359.00,1360.00,1334.00,1345.00,206548
14-Aug-15,1361.00,1370.00,1348.00,1355.00,173673
13-Aug-15,1355.00,1365.00,1348.00,1361.00,309830
12-Aug-15,1376.00,1376.00,1342.00,1347.00,333223
11-Aug-15,1379.00,1392.00,1369.00,1387.00,317305
10-Aug-15,1375.00,1385.00,1358.00,1376.00,335724
7-Aug-15,1369.00,1371.00,1356.00,1371.00,280800
6-Aug-15,1375.00,1380.00,1364.00,1370.00,361376
5-Aug-15,1384.00,1386.00,1371.00,1381.00,188797
4-Aug-15,1388.00,1395.00,1374.00,1381.00,260098
3-Aug-15,1394.00,1399.00,1383.00,1390.00,281659
31-Jul-15,1385.00,1398.00,1376.00,1398.00,327357
30-Jul-15,1389.00,1395.00,1366.00,1379.00,429164
29-Jul-15,1390.00,1401.00,1366.00,1379.00,563443
28-Jul-15,1395.00,1401.00,1378.00,1380.00,224684
27-Jul-15,1389.00,1400.00,1380.00,1395.00,329377
24-Jul-15,1407.00,1417.00,1395.00,1395.00,223266
23-Jul-15,1402.00,1404.00,1390.00,1404.00,362643
22-Jul-15,1388.00,1402.00,1384.00,1391.00,280281
21-Jul-15,1385.00,1396.00,1381.00,1391.00,425310
20-Jul-15,1372.00,1386.00,1371.00,1375.79,265801
17-Jul-15,1352.00,1369.00,1343.74,1368.00,541974
16-Jul-15,1340.00,1348.00,1337.00,1348.00,462379
15-Jul-15,1330.00,1355.00,1330.00,1355.00,1852595
14-Jul-15,1440.00,1442.00,1422.00,1434.00,247850
13-Jul-15,1421.00,1442.00,1421.00,1434.82,451456
10-Jul-15,1416.00,1420.00,1407.00,1414.00,190099
9-Jul-15,1396.00,1414.60,1385.00,1394.89,283141
8-Jul-15,1335.00,1381.00,1335.00,1372.00,182497
7-Jul-15,1373.00,1393.00,1361.00,1369.00,337272
6-Jul-15,1368.00,1391.00,1368.00,1379.00,192737
3-Jul-15,1375.00,1386.00,1372.00,1386.00,136322
2-Jul-15,1359.00,1374.00,1359.00,1374.00,217915
1-Jul-15,1368.00,1384.00,1362.00,1363.00,211566
30-Jun-15,1368.00,1372.00,1353.00,1361.00,192415
29-Jun-15,1347.00,1375.00,1339.66,1370.00,186345
26-Jun-15,1373.00,1384.40,1364.00,1377.00,195222
25-Jun-15,1350.00,1387.00,1343.60,1387.00,257384
24-Jun-15,1378.00,1379.00,1354.00,1358.00,152895
23-Jun-15,1370.00,1381.00,1366.00,1375.00,250242
22-Jun-15,1373.00,1381.00,1360.00,1369.00,250934
19-Jun-15,1377.00,1384.00,1354.00,1360.00,612762
18-Jun-15,1375.00,1375.00,1356.00,1372.00,164861
17-Jun-15,1385.00,1389.00,1362.00,1374.00,218168
16-Jun-15,1363.00,1382.00,1353.00,1375.00,295437
15-Jun-15,1349.00,1363.00,1345.00,1360.00,198164
12-Jun-15,1339.00,1360.00,1338.00,1354.00,211198
11-Jun-15,1338.00,1353.00,1331.00,1353.00,188471
10-Jun-15,1333.00,1337.00,1315.00,1334.00,319630
9-Jun-15,1320.00,1333.00,1299.00,1333.00,180979
8-Jun-15,1326.00,1326.00,1309.00,1315.00,130194
5-Jun-15,1331.00,1335.00,1318.00,1318.00,94516
4-Jun-15,1349.00,1352.00,1325.00,1336.00,181519
3-Jun-15,1354.00,1372.00,1348.00,1356.00,240454
2-Jun-15,1343.00,1350.00,1328.00,1344.00,259314
1-Jun-15,1332.00,1336.00,1321.68,1334.00,181076
29-May-15,1346.00,1351.40,1320.00,1324.00,250182
28-May-15,1329.00,1349.00,1324.00,1346.00,254253
27-May-15,1305.00,1342.00,1298.96,1329.00,605999
26-May-15,1276.00,1298.00,1255.80,1293.00,382676
22-May-15,1290.00,1290.00,1275.00,1278.00,256806
21-May-15,1293.00,1294.00,1274.00,1286.00,228763
20-May-15,1310.00,1310.00,1289.00,1289.00,211014
19-May-15,1297.00,1310.00,1297.00,1307.00,192044
18-May-15,1293.00,1299.00,1278.00,1294.00,162270
15-May-15,1291.00,1305.00,1291.00,1296.00,132093
14-May-15,1279.00,1299.40,1279.00,1293.00,182082
13-May-15,1289.00,1309.00,1283.00,1292.00,191048
12-May-15,1268.00,1284.00,1267.00,1280.00,178666
11-May-15,1289.00,1300.00,1271.40,1286.00,348340
8-May-15,1296.00,1364.00,1293.00,1313.80,345203
7-May-15,1265.00,1282.00,1265.00,1277.00,297573
6-May-15,1262.00,1283.00,1261.00,1278.00,211621
5-May-15,1265.00,1288.00,1256.65,1272.00,306122
1-May-15,1250.00,1274.00,1250.00,1265.00,99996
30-Apr-15,1241.00,1262.00,1230.00,1257.00,269399
29-Apr-15,1233.00,1248.00,1232.00,1244.00,216801
28-Apr-15,1248.00,1250.00,1225.00,1239.00,233700
27-Apr-15,1250.00,1256.00,1233.00,1252.00,161362
24-Apr-15,1241.00,1245.00,1231.00,1240.00,161058
23-Apr-15,1226.00,1238.00,1222.00,1238.00,149868
22-Apr-15,1250.00,1250.00,1219.00,1232.00,205435
21-Apr-15,1212.00,1242.00,1208.20,1235.00,225505
20-Apr-15,1183.00,1202.00,1183.00,1200.00,152691
17-Apr-15,1201.00,1219.40,1185.00,1188.00,161343
16-Apr-15,1210.00,1222.80,1208.00,1211.00,248009
15-Apr-15,1231.00,1243.00,1219.00,1223.00,165689
14-Apr-15,1228.00,1246.60,1215.00,1225.00,215693
13-Apr-15,1212.00,1243.00,1210.00,1222.00,276576
10-Apr-15,1221.00,1230.40,1209.00,1212.00,313760
9-Apr-15,1183.00,1216.00,1183.00,1213.00,265054
8-Apr-15,1175.00,1196.00,1175.00,1185.00,210905
7-Apr-15,1164.00,1186.00,1164.00,1185.00,155372
2-Apr-15,1160.00,1188.00,1160.00,1183.00,154672
1-Apr-15,1169.00,1185.00,1161.83,1162.00,243678
31-Mar-15,1194.00,1206.00,1169.00,1181.00,287436
30-Mar-15,1165.00,1197.00,1165.00,1194.00,221237
27-Mar-15,1172.00,1186.00,1162.00,1169.00,192585
26-Mar-15,1163.00,1183.00,1158.00,1174.00,206385
25-Mar-15,1176.00,1189.00,1157.80,1183.00,206105
24-Mar-15,1158.00,1188.00,1158.00,1166.00,168987
23-Mar-15,1196.00,1196.00,1167.00,1174.00,115273
20-Mar-15,1172.00,1189.00,1172.00,1181.00,251547
19-Mar-15,1183.00,1183.00,1169.00,1179.00,184915
18-Mar-15,1172.00,1181.00,1151.00,1176.00,308021
17-Mar-15,1140.00,1155.00,1128.62,1148.00,172665
16-Mar-15,1125.00,1150.00,1125.00,1150.00,177686
13-Mar-15,1120.00,1136.06,1118.00,1132.00,155460
12-Mar-15,1115.00,1136.00,1112.00,1131.00,397926
11-Mar-15,1109.00,1117.00,1099.00,1114.00,343818
10-Mar-15,1087.00,1104.00,-,1101.00,259943
9-Mar-15,1112.00,1112.00,1089.00,1096.00,176855
6-Mar-15,1113.00,1121.00,1099.00,1114.00,397595
5-Mar-15,1116.00,1116.00,1092.00,1101.00,209287
4-Mar-15,1085.00,1105.00,1081.00,1103.00,261795
3-Mar-15,1086.00,1092.00,1070.00,1084.58,279375
2-Mar-15,1088.00,1088.00,1072.00,1078.00,151351
27-Feb-15,1089.00,1089.00,1073.00,1085.00,205718
26-Feb-15,1076.00,1087.00,1069.61,1087.00,132849
25-Feb-15,1086.00,1097.00,1080.00,1086.00,139599
24-Feb-15,1103.00,1106.00,1080.64,1097.00,175334
23-Feb-15,1099.00,1103.00,1092.67,1098.00,165413
20-Feb-15,1108.00,1108.00,1085.00,1086.00,167030
19-Feb-15,1099.00,1114.00,1090.28,1100.00,191457
18-Feb-15,1104.00,1104.00,1092.00,1095.00,205346
17-Feb-15,1118.00,1118.09,1089.00,1097.00,164697
16-Feb-15,1111.00,1111.00,1099.00,1106.00,185623
13-Feb-15,1119.00,1119.00,1101.00,1105.00,194777
12-Feb-15,1103.00,1113.00,1094.52,1108.00,232496
11-Feb-15,1162.00,1162.00,1099.00,1100.00,454622
10-Feb-15,1130.00,1172.00,1126.00,1152.00,403905
9-Feb-15,1100.00,1105.00,1077.00,1102.00,223434
6-Feb-15,1101.00,1108.00,1082.00,1100.00,149388
5-Feb-15,1090.00,1101.00,1084.00,1097.00,166886
4-Feb-15,1079.00,1095.00,1064.00,1089.00,341595
3-Feb-15,1060.00,1082.00,1055.00,1068.00,256340
2-Feb-15,1045.00,1065.00,1016.51,1048.92,361739
30-Jan-15,1074.00,1074.00,1042.00,1052.00,133271
29-Jan-15,1080.00,1080.00,1047.00,1063.00,231018
28-Jan-15,1065.00,1086.00,1065.00,1077.00,135240
27-Jan-15,1086.00,1122.00,1060.00,1061.00,152874
26-Jan-15,1059.00,1099.00,1059.00,1095.00,202079
23-Jan-15,1069.00,1090.00,1063.00,1089.00,168682
22-Jan-15,1074.00,1074.00,1050.00,1056.00,196630
21-Jan-15,1043.00,1071.00,1043.00,1066.00,177990
20-Jan-15,1050.00,1059.82,1041.00,1053.00,186867
19-Jan-15,1056.00,1062.00,1039.20,1057.00,153602
16-Jan-15,1043.00,1049.00,1019.00,1045.00,219328
15-Jan-15,1050.00,1050.00,1020.24,1039.00,163011
14-Jan-15,1038.00,1048.19,1029.00,1036.00,260216
13-Jan-15,1049.00,1051.00,1034.00,1042.00,193747
12-Jan-15,1061.00,1061.00,1041.00,1048.00,207380
9-Jan-15,1062.00,1063.00,1047.00,1048.00,229234
8-Jan-15,1042.00,1073.00,1042.00,1059.00,200151
7-Jan-15,1045.00,1048.00,1024.00,1041.00,209615
6-Jan-15,1055.00,1055.00,1028.00,1031.00,150208
5-Jan-15,1064.00,1079.00,1041.00,1050.00,226454
31-Dec-14,1061.00,1088.00,1045.00,1080.00,49680
30-Dec-14,1059.00,1089.00,1057.00,1087.00,83554
29-Dec-14,1098.00,1102.98,1069.00,1069.00,120424
24-Dec-14,1052.00,1107.00,1052.00,1107.00,15384
23-Dec-14,1083.00,1097.08,1076.00,1079.00,146552
22-Dec-14,1077.00,1093.20,1055.00,1090.00,226368
19-Dec-14,1037.00,1080.00,1037.00,1067.07,869627
18-Dec-14,1031.00,1041.00,1017.05,1038.00,255049
17-Dec-14,1036.00,1042.36,1021.02,1028.00,205802
16-Dec-14,1070.00,1074.75,1037.00,1054.90,387875
15-Dec-14,1066.00,1073.74,1053.00,1058.20,218729
12-Dec-14,1060.00,1086.00,1060.00,1071.00,184080
11-Dec-14,1039.00,1081.00,1039.00,1075.00,322532
10-Dec-14,1106.00,1133.00,1023.70,1051.00,422539
9-Dec-14,1165.00,1165.00,1128.00,1131.00,138089
8-Dec-14,1148.00,1164.71,1143.80,1160.00,163953
5-Dec-14,1155.00,1169.96,1141.00,1162.00,135506
4-Dec-14,1153.00,1157.00,1140.00,1145.00,160350
3-Dec-14,1138.00,1151.00,1134.00,1144.00,287594
2-Dec-14,1138.00,1151.00,1124.00,1135.00,236518
1-Dec-14,1137.00,1146.00,1126.00,1138.00,341064
28-Nov-14,1152.00,1169.00,1137.00,1141.00,233696
27-Nov-14,1150.00,1165.00,1129.50,1165.00,1692515
26-Nov-14,1148.00,1148.00,1120.00,1132.00,305237
25-Nov-14,1135.00,1138.68,1116.35,1137.00,285206
24-Nov-14,1125.00,1147.00,1117.00,1124.00,238546
21-Nov-14,1057.00,1126.00,1057.00,1121.85,418821
20-Nov-14,1012.00,1064.00,1012.00,1051.07,112766
19-Nov-14,1114.00,1128.00,1096.00,1102.00,95157
18-Nov-14,1106.09,1131.20,1099.62,1101.78,54390
17-Nov-14,1089.93,1127.63,1084.42,1115.78,84896
14-Nov-14,1093.00,1099.00,1086.00,1093.00,60330
13-Nov-14,1092.00,1113.00,1083.00,1091.00,85364
12-Nov-14,1100.00,1106.00,1087.00,1092.00,79411
11-Nov-14,1079.00,1122.00,1079.00,1109.00,97032
10-Nov-14,1096.00,1100.00,1083.00,1092.00,108555
7-Nov-14,1077.00,1107.00,1057.00,1089.00,125968
6-Nov-14,1051.70,1071.76,1049.00,1068.39,129741
5-Nov-14,1074.30,1075.90,1057.10,1060.90,142626
4-Nov-14,1080.00,1080.00,1068.00,1071.00,96850
3-Nov-14,1050.00,1090.00,1050.00,1072.00,91237
31-Oct-14,1180.00,1180.00,1146.00,1151.00,195477
30-Oct-14,1145.40,1166.90,1140.80,1153.00,118287
29-Oct-14,1144.86,1152.83,1136.16,1140.22,73173
28-Oct-14,1150.70,1150.70,1130.90,1135.00,101918
27-Oct-14,1179.70,1179.70,1147.20,1151.20,108785
24-Oct-14,1162.00,1188.00,1162.00,1176.00,52202
23-Oct-14,1170.00,1179.00,1161.00,1169.00,85547
22-Oct-14,1165.70,1171.50,1152.40,1169.20,89975
21-Oct-14,1159.90,1179.70,1146.60,1159.40,116783
20-Oct-14,1153.00,1167.00,1138.00,1163.00,66101
17-Oct-14,1156.50,1176.20,1137.30,1150.70,128444
16-Oct-14,1146.00,1168.10,1135.60,1159.40,136565
15-Oct-14,1159.40,1163.40,1136.70,1146.00,130315
14-Oct-14,1146.02,1164.58,1139.85,1159.94,72688
13-Oct-14,1142.00,1155.30,1125.70,1152.40,111989
10-Oct-14,1148.30,1173.90,1133.80,1157.00,94225
9-Oct-14,1172.70,1178.50,1155.90,1163.40,84437
8-Oct-14,1181.00,1183.00,1127.00,1160.00,209126
7-Oct-14,1212.14,1219.10,1176.18,1183.16,78370
6-Oct-14,1225.00,1240.00,1209.00,1214.00,86033
3-Oct-14,1210.98,1216.26,1181.98,1213.30,101731
2-Oct-14,1243.00,1243.00,1204.00,1206.00,108961
1-Oct-14,1239.98,1245.78,1227.22,1237.72,94244
30-Sep-14,1249.00,1268.00,1221.00,1230.00,84575
29-Sep-14,1216.78,1255.06,1210.98,1226.50,135580
26-Sep-14,1198.22,1205.18,1189.84,1196.85,99727
25-Sep-14,1193.58,1217.94,1193.58,1204.16,77516
24-Sep-14,1194.70,1199.40,1174.80,1194.70,99992
23-Sep-14,1194.74,1200.45,1179.66,1194.74,124026
22-Sep-14,1178.50,1198.00,1176.20,1192.40,114170
19-Sep-14,1155.88,1207.50,1151.24,1171.09,401566
18-Sep-14,1137.00,1156.00,1132.00,1148.00,196611
17-Sep-14,1126.90,1137.30,1109.50,1129.80,188919
16-Sep-14,1119.30,1133.30,1096.70,1130.90,151823
15-Sep-14,1066.57,1130.94,1055.55,1074.48,181440
12-Sep-14,974.90,987.70,972.00,977.30,43075
11-Sep-14,984.20,992.90,970.30,970.30,45203
10-Sep-14,988.00,998.00,973.00,973.00,57377
9-Sep-14,984.20,1006.80,977.80,992.30,54173
8-Sep-14,973.20,997.00,971.50,980.20,56599
5-Sep-14,995.23,1009.15,989.58,995.23,27075
4-Sep-14,987.70,1001.00,985.40,995.20,60305
3-Sep-14,989.00,998.00,980.00,989.00,49813
2-Sep-14,1016.11,1016.11,1003.09,1011.47,30510
1-Sep-14,1017.85,1019.01,992.63,1013.21,29767
29-Aug-14,1003.90,1023.10,1003.90,1010.90,56269
28-Aug-14,1024.80,1027.70,1009.10,1021.30,35473
27-Aug-14,1021.33,1023.65,1005.86,1020.75,105276
26-Aug-14,1042.79,1049.12,1016.69,1020.17,48142
22-Aug-14,1032.90,1041.00,1030.60,1034.70,32171
21-Aug-14,1027.10,1042.20,1022.50,1037.00,44221
20-Aug-14,1032.30,1040.50,1022.50,1023.10,99343
19-Aug-14,1028.90,1039.90,1028.30,1029.40,68216
18-Aug-14,1021.91,1039.66,1008.01,1032.35,37535
15-Aug-14,1035.20,1035.20,1013.80,1017.80,37691
14-Aug-14,1002.80,1023.10,1002.80,1016.10,65802
13-Aug-14,1006.20,1013.80,1001.00,1002.20,67431
12-Aug-14,1009.70,1014.90,1002.20,1009.10,56138
11-Aug-14,1002.00,1017.00,995.00,1011.00,40218
8-Aug-14,971.45,996.02,971.45,992.33,74644
7-Aug-14,966.80,986.50,966.80,982.50,52684
6-Aug-14,985.40,994.70,961.60,981.90,88960
5-Aug-14,944.20,980.20,944.20,979.60,68836
4-Aug-14,964.00,969.00,937.00,945.00,114999
1-Aug-14,987.10,987.10,952.90,962.80,98401
31-Jul-14,997.00,997.50,975.50,986.00,153404
30-Jul-14,986.50,994.70,977.30,991.80,44126
29-Jul-14,969.71,996.61,969.71,983.63,47932
28-Jul-14,964.50,994.10,964.50,977.80,49033
25-Jul-14,992.91,1002.91,977.25,980.73,50399
24-Jul-14,987.69,1000.64,978.41,992.33,69522
23-Jul-14,956.40,988.90,956.40,988.90,54617
22-Jul-14,964.00,979.00,962.00,972.00,75314
21-Jul-14,972.03,972.94,954.63,960.55,61795
18-Jul-14,982.47,988.90,973.77,980.15,48308
17-Jul-14,990.60,997.50,984.20,990.60,56130
16-Jul-14,977.25,1002.24,977.25,984.79,83352
15-Jul-14,981.89,993.85,976.67,980.15,58560
14-Jul-14,992.91,1002.77,985.81,992.91,41456
11-Jul-14,970.30,998.70,970.30,988.30,60491
10-Jul-14,987.11,991.75,974.33,977.25,57758
9-Jul-14,999.30,1000.40,978.40,978.40,149662
8-Jul-14,1001.60,1005.10,991.20,995.20,114048
7-Jul-14,1016.11,1019.65,1001.61,1007.99,53335
4-Jul-14,1017.30,1021.30,1013.80,1016.70,42629
3-Jul-14,1020.70,1026.00,1009.70,1014.90,89920
2-Jul-14,1020.20,1023.60,1003.30,1010.30,67009
1-Jul-14,1001.60,1021.90,1001.60,1017.30,41375
30-Jun-14,1009.00,1011.00,999.00,1007.00,77550
27-Jun-14,996.97,1007.41,993.43,1004.51,55154
26-Jun-14,966.80,998.70,966.80,986.00,66087
25-Jun-14,987.10,995.80,978.40,992.90,73321
24-Jun-14,1015.53,1020.73,984.21,992.33,127085
23-Jun-14,1001.61,1036.41,999.21,1010.31,96288
20-Jun-14,1003.93,1028.49,989.43,1028.29,208339
19-Jun-14,988.27,1027.71,985.95,1005.53,169873
18-Jun-14,980.70,980.70,958.10,968.00,41993
17-Jun-14,970.90,974.90,948.80,957.00,80319
16-Jun-14,966.20,976.10,953.50,962.80,92874
13-Jun-14,985.37,989.32,952.89,958.11,72739
12-Jun-14,963.33,983.89,958.11,983.63,110506
11-Jun-14,967.40,967.40,941.90,957.50,62650
10-Jun-14,951.20,968.00,941.30,961.00,48063
9-Jun-14,949.40,965.70,945.40,951.20,57653
6-Jun-14,959.27,961.76,949.02,961.59,72776
5-Jun-14,971.45,971.45,944.19,949.02,59699
4-Jun-14,961.60,974.90,952.90,973.20,20642
3-Jun-14,983.10,983.10,960.40,965.70,44688
2-Jun-14,970.30,987.10,963.30,972.60,120885
30-May-14,944.20,986.00,934.30,971.50,102372
29-May-14,949.40,958.10,936.70,944.20,39464
28-May-14,952.00,964.00,944.00,951.00,80615
27-May-14,965.70,965.70,948.80,949.40,42001
23-May-14,963.30,963.30,950.60,958.70,42261
22-May-14,966.00,967.00,955.00,960.00,67523
21-May-14,944.20,957.50,941.90,957.50,56143
20-May-14,933.80,948.30,930.90,946.50,79738
19-May-14,905.30,943.60,905.30,928.00,114916
16-May-14,928.00,939.60,894.90,902.40,84792
15-May-14,951.70,963.30,923.30,930.90,59186
14-May-14,987.10,992.30,952.90,952.90,42664
13-May-14,981.30,998.10,962.80,973.20,52052
12-May-14,957.53,980.74,957.53,980.74,55171
9-May-14,969.10,972.60,954.10,965.10,63319
8-May-14,959.90,976.70,958.10,963.30,92469
7-May-14,918.10,970.90,918.10,962.80,179313
6-May-14,915.20,921.60,908.20,921.60,73911
2-May-14,919.30,919.30,898.40,909.40,35828
1-May-14,933.75,941.35,904.17,916.93,43812
30-Apr-14,911.10,911.10,882.70,895.50,79265
29-Apr-14,885.62,909.39,881.10,889.68,51650
28-Apr-14,898.40,902.40,877.50,880.40,59544
25-Apr-14,926.20,926.20,879.20,879.20,159329
24-Apr-14,941.90,941.90,919.30,923.90,50703
23-Apr-14,943.61,943.61,929.11,934.21,26124
22-Apr-14,933.17,941.87,930.27,935.76,66918
17-Apr-14,933.80,933.80,923.90,928.50,76150
16-Apr-14,938.40,942.50,924.50,930.90,101072
15-Apr-14,894.90,934.69,894.90,925.63,48806
14-Apr-14,958.10,969.10,911.70,921.00,69867
11-Apr-14,963.30,972.00,953.50,968.00,67584
10-Apr-14,965.10,981.90,965.10,974.40,52185
9-Apr-14,962.20,974.40,957.50,972.60,68245
8-Apr-14,952.90,962.20,940.70,954.60,44221
7-Apr-14,947.09,968.97,939.55,955.79,72779
4-Apr-14,957.00,965.00,947.00,951.00,44888
3-Apr-14,952.89,968.55,947.27,962.75,82015
2-Apr-14,983.60,983.60,966.80,970.90,58311
1-Apr-14,974.00,979.00,964.00,978.00,91250
31-Mar-14,936.10,963.30,936.10,963.30,76812
28-Mar-14,947.70,960.40,945.40,955.20,76256
27-Mar-14,925.05,952.04,923.31,949.99,49778
26-Mar-14,924.47,929.11,917.35,923.31,59363
25-Mar-14,908.80,921.00,904.80,919.80,36709
24-Mar-14,913.50,928.00,900.70,904.20,70357
21-Mar-14,927.37,934.12,916.35,916.93,110884
20-Mar-14,942.50,942.50,918.10,929.70,66542
19-Mar-14,921.60,935.50,921.00,928.50,58931
18-Mar-14,933.80,939.00,916.40,922.20,54602
17-Mar-14,916.40,936.10,908.80,932.60,146238
14-Mar-14,869.40,903.60,869.40,897.80,63652
13-Mar-14,896.10,899.50,887.90,889.70,47427
12-Mar-14,920.40,920.40,893.20,897.80,71065
11-Mar-14,886.20,905.30,886.20,901.30,50633
10-Mar-14,891.40,903.00,881.00,887.40,41196
7-Mar-14,893.70,904.80,893.20,893.20,74069
6-Mar-14,895.48,904.75,892.58,895.66,49502
5-Mar-14,900.10,904.80,892.00,899.50,62120
4-Mar-14,894.90,912.30,887.40,908.80,87272
3-Mar-14,899.50,902.40,882.70,893.20,89351
28-Feb-14,884.50,924.50,884.50,908.80,137042
27-Feb-14,922.70,924.50,900.70,902.40,76157
26-Feb-14,923.90,936.70,921.60,928.00,84943
25-Feb-14,943.00,943.00,916.90,925.60,130301
24-Feb-14,918.10,944.80,918.10,937.20,72653
21-Feb-14,929.10,931.40,914.00,921.60,69972
20-Feb-14,904.20,931.40,904.20,925.60,58956
19-Feb-14,907.70,929.10,907.70,924.50,82919
18-Feb-14,904.75,932.01,904.75,924.73,75311
17-Feb-14,857.80,910.00,857.80,907.70,71105
14-Feb-14,868.20,879.20,856.00,879.20,58668
13-Feb-14,868.20,871.10,863.60,867.60,97382
12-Feb-14,866.50,872.90,865.30,872.90,99913
11-Feb-14,862.40,870.50,861.30,866.50,80889
10-Feb-14,840.40,864.70,838.60,863.00,69073
7-Feb-14,836.90,844.40,833.40,841.00,63831
6-Feb-14,848.50,848.50,834.60,836.90,82769
5-Feb-14,835.70,852.60,835.70,843.30,84121
4-Feb-14,855.50,856.00,842.70,851.40,71692
3-Feb-14,867.10,880.40,860.70,860.70,85350
31-Jan-14,865.90,872.28,856.62,861.57,91211
30-Jan-14,890.80,890.80,865.90,867.60,92884
29-Jan-14,882.10,893.70,882.10,882.10,141544
28-Jan-14,878.10,907.70,878.10,882.70,79844
27-Jan-14,887.40,887.40,877.50,881.60,142031
24-Jan-14,885.60,906.50,883.90,887.40,114314
23-Jan-14,883.30,893.20,879.20,886.80,71696
22-Jan-14,854.90,887.90,854.90,887.40,66783
21-Jan-14,865.00,884.00,865.00,870.00,95858
20-Jan-14,858.40,870.50,858.40,870.50,34503
17-Jan-14,845.00,865.90,842.70,860.70,123235
16-Jan-14,851.40,867.10,842.70,847.90,107419
15-Jan-14,881.60,881.60,850.20,852.00,193919
14-Jan-14,895.50,899.00,877.50,883.30,82268
13-Jan-14,910.00,910.00,901.90,902.40,50488
10-Jan-14,905.30,922.70,898.40,905.90,122992
9-Jan-14,895.00,914.00,895.00,905.00,119265
8-Jan-14,890.30,900.70,885.00,897.80,54485
7-Jan-14,884.00,892.00,884.00,891.00,52707
6-Jan-14,892.00,893.20,879.80,887.40,127913
3-Jan-14,906.50,916.40,895.50,904.80,70577
2-Jan-14,910.00,929.10,902.40,903.00,129150
31-Dec-13,896.10,903.00,887.40,890.80,43232
30-Dec-13,924.50,926.20,900.10,901.90,70900
27-Dec-13,907.70,918.10,907.70,918.10,27740
24-Dec-13,911.70,918.70,904.20,915.80,13516
23-Dec-13,910.60,917.50,905.90,915.80,21997
20-Dec-13,910.00,916.40,902.40,908.20,146574
19-Dec-13,915.80,916.40,909.40,911.70,56480
18-Dec-13,914.00,919.30,907.70,914.00,63255
17-Dec-13,904.80,923.30,897.20,914.00,102856
16-Dec-13,905.90,915.80,903.60,903.60,44216
13-Dec-13,883.00,912.00,883.00,904.00,49974
12-Dec-13,899.50,910.00,897.80,901.90,75751
11-Dec-13,923.30,923.90,903.00,905.90,119728
10-Dec-13,937.80,941.90,918.70,921.00,116569
9-Dec-13,949.40,949.40,928.00,931.80,75337
6-Dec-13,950.00,950.00,921.60,944.20,59372
5-Dec-13,948.25,963.91,937.23,940.42,97596
4-Dec-13,936.70,948.30,928.00,948.30,101729
3-Dec-13,939.60,980.20,892.60,947.10,100484
2-Dec-13,945.90,947.10,935.50,943.60,60675
29-Nov-13,941.30,948.30,937.80,948.30,40505
28-Nov-13,932.60,950.60,932.60,944.20,43866
27-Nov-13,929.10,948.30,929.10,939.60,46961
26-Nov-13,927.40,936.10,927.40,936.10,70646
25-Nov-13,941.30,941.30,928.50,933.20,30896
22-Nov-13,908.80,925.60,908.80,923.30,45778
21-Nov-13,881.00,914.60,881.00,914.60,182759
20-Nov-13,931.00,931.00,899.00,899.00,128273
19-Nov-13,944.80,944.80,933.20,933.20,39431
18-Nov-13,944.20,949.40,936.10,949.40,89815
15-Nov-13,952.30,958.70,945.40,947.10,61644
14-Nov-13,956.40,964.50,952.90,952.90,45802
13-Nov-13,958.10,961.00,937.80,952.90,81681
12-Nov-13,957.50,968.60,953.50,961.60,60919
11-Nov-13,940.10,963.30,940.10,959.90,54724
8-Nov-13,955.80,955.80,930.90,941.30,103209
7-Nov-13,987.10,987.10,955.20,960.40,63216
6-Nov-13,955.80,984.20,955.80,984.20,74813
5-Nov-13,958.00,958.00,944.00,957.00,46377
4-Nov-13,952.00,972.00,952.00,958.00,118514
1-Nov-13,955.80,957.50,943.60,953.50,91568
31-Oct-13,945.90,951.20,939.00,949.40,101154
30-Oct-13,940.10,955.80,930.30,945.40,92859
29-Oct-13,937.80,944.20,923.30,942.50,127338
28-Oct-13,942.45,952.31,937.23,941.95,93030
25-Oct-13,918.00,952.00,918.00,943.00,94670
24-Oct-13,1011.60,1020.40,1007.20,1019.10,66499
23-Oct-13,1014.10,1024.10,1012.20,1013.50,143960
22-Oct-13,1010.90,1030.40,1007.80,1022.20,54809
21-Oct-13,985.20,1012.20,980.80,1012.20,86453
18-Oct-13,1006.50,1010.30,993.30,1002.10,88445
17-Oct-13,999.60,1003.40,990.20,1001.50,55405
16-Oct-13,965.00,1003.00,960.00,1003.00,81190
15-Oct-13,978.00,978.00,964.00,965.00,92319
14-Oct-13,965.70,970.10,959.40,967.60,52094
11-Oct-13,953.10,968.20,945.00,968.20,89451
10-Oct-13,930.50,954.40,930.50,954.40,87983
9-Oct-13,931.10,934.30,924.90,929.90,202532
8-Oct-13,944.30,951.90,935.50,935.50,95757
7-Oct-13,959.40,965.10,941.20,942.50,213775
4-Oct-13,971.40,975.10,941.80,958.80,144641
3-Oct-13,966.30,978.90,961.90,973.20,118597
2-Oct-13,957.50,973.20,955.00,963.80,84069
1-Oct-13,955.00,965.70,950.60,957.50,93006
30-Sep-13,948.70,952.50,941.80,952.50,94845
27-Sep-13,950.00,971.40,935.50,941.80,84229
26-Sep-13,967.60,967.60,948.70,951.90,128819
25-Sep-13,978.00,983.00,966.00,969.00,114628
24-Sep-13,964.40,980.80,962.60,977.00,91470
20-Sep-13,969.50,987.10,961.90,972.00,146270
19-Sep-13,977.00,985.80,970.10,971.40,65491
18-Sep-13,965.70,975.80,961.30,969.50,73870
17-Sep-13,965.70,969.50,958.20,960.70,98036
16-Sep-13,969.00,974.00,960.00,965.00,107284
13-Sep-13,956.00,963.00,951.00,961.00,81043
12-Sep-13,953.10,959.40,940.60,955.00,149326
11-Sep-13,968.20,971.40,957.50,963.20,90659
10-Sep-13,961.30,977.00,960.70,966.30,98583
9-Sep-13,944.30,961.30,944.30,954.40,53388
6-Sep-13,934.30,960.00,934.30,954.40,85569
5-Sep-13,920.00,959.00,920.00,959.00,106791
4-Sep-13,950.60,973.20,901.60,934.90,274718
3-Sep-13,989.60,1000.30,965.10,968.20,211694
2-Sep-13,1008.40,1025.40,990.20,990.20,232758
30-Aug-13,968.20,1017.80,968.20,994.60,140081
29-Aug-13,973.90,989.60,968.80,970.70,141784
28-Aug-13,975.10,983.30,967.00,969.50,108648
27-Aug-13,984.00,990.00,965.00,988.00,126864
23-Aug-13,994.60,1007.80,987.70,987.70,86261
22-Aug-13,993.30,1004.00,983.30,1004.00,176467
21-Aug-13,991.50,998.40,987.70,994.00,56450
20-Aug-13,997.70,1000.90,989.60,995.90,146647
19-Aug-13,997.11,1002.14,989.58,991.92,76673
16-Aug-13,992.70,999.00,987.10,996.50,47897
15-Aug-13,991.50,1011.60,985.80,995.90,102997
14-Aug-13,992.70,996.50,987.70,994.60,109001
13-Aug-13,997.10,997.10,982.70,992.70,100263
12-Aug-13,994.00,1002.10,988.90,993.30,56279
9-Aug-13,1002.80,1009.10,991.50,995.90,90779
8-Aug-13,1004.00,1011.60,995.90,1002.80,70820
7-Aug-13,1015.30,1015.30,991.50,1003.40,113496
6-Aug-13,1021.00,1032.90,1017.80,1019.70,124082
5-Aug-13,1012.80,1024.10,1007.80,1021.00,156960
2-Aug-13,1006.50,1013.50,995.90,1012.80,109268
1-Aug-13,999.60,999.60,982.70,995.20,94112
31-Jul-13,970.70,1013.50,970.70,1000.30,119233
30-Jul-13,955.00,971.00,955.00,969.00,83685
29-Jul-13,958.80,966.30,955.60,960.00,81312
26-Jul-13,951.90,956.90,948.70,953.80,121240
25-Jul-13,950.60,955.60,943.70,950.00,82061
24-Jul-13,945.00,965.70,942.50,953.80,96193
23-Jul-13,942.00,953.00,940.00,947.00,91731
22-Jul-13,962.60,962.60,939.30,939.90,72570
19-Jul-13,960.05,961.93,946.22,955.19,56248
18-Jul-13,963.80,978.90,959.40,963.80,87838
17-Jul-13,943.70,966.50,943.70,961.90,79487
16-Jul-13,950.00,955.60,937.40,942.50,83515
15-Jul-13,967.60,968.80,948.70,950.60,71696
12-Jul-13,956.90,963.80,951.20,963.80,73151
11-Jul-13,947.50,954.10,938.70,953.10,78296
10-Jul-13,935.54,944.97,920.06,941.20,155417
9-Jul-13,953.13,965.70,939.96,952.51,118359
8-Jul-13,923.60,955.60,921.10,954.40,99723
5-Jul-13,922.98,926.86,912.92,915.44,111368
4-Jul-13,908.52,928.00,906.92,925.49,71077
3-Jul-13,892.80,907.90,885.30,902.20,160438
2-Jul-13,895.00,896.00,885.00,895.00,84066
1-Jul-13,895.30,902.90,887.20,890.90,110283
28-Jun-13,897.20,899.10,875.90,892.20,111087
27-Jun-13,867.10,894.10,867.10,893.40,226397
26-Jun-13,868.00,909.00,865.00,865.00,213722
25-Jun-13,869.60,872.70,835.60,866.40,159071
24-Jun-13,871.45,873.34,856.73,865.17,138938
21-Jun-13,901.00,901.00,870.80,874.00,242926
20-Jun-13,888.40,914.20,874.60,892.20,294803
19-Jun-13,833.76,903.55,832.50,891.56,515808
18-Jun-13,813.02,820.78,807.37,813.02,132917
17-Jun-13,808.00,829.00,808.00,816.00,124843
14-Jun-13,814.91,817.42,796.99,808.00,100965
13-Jun-13,784.75,797.31,781.48,796.55,92245
12-Jun-13,809.25,815.89,791.03,792.29,125660
11-Jun-13,823.70,828.70,800.50,808.60,217414
10-Jun-13,829.40,836.30,822.40,824.30,117745
7-Jun-13,828.70,837.50,818.70,828.10,103950
6-Jun-13,830.60,865.20,830.60,833.10,75090
5-Jun-13,857.00,865.80,846.30,849.50,81068
4-Jun-13,863.90,874.00,858.30,860.80,124475
3-Jun-13,852.00,867.10,852.00,858.90,94329
31-May-13,854.50,889.00,854.50,862.00,102610
30-May-13,856.40,868.30,850.70,857.00,65577
29-May-13,884.60,884.60,855.10,860.10,66852
28-May-13,868.90,894.70,868.90,884.60,60664
24-May-13,878.99,888.42,867.48,870.84,63774
23-May-13,883.40,890.30,870.80,878.40,90120
22-May-13,879.00,892.80,879.00,888.40,75736
21-May-13,885.30,889.70,875.20,879.60,78057
20-May-13,873.30,894.10,872.10,892.20,38466
17-May-13,867.70,879.60,867.10,870.80,85609
16-May-13,872.10,886.50,848.20,870.20,136224
15-May-13,856.40,865.20,850.10,850.10,149171
14-May-13,865.17,869.37,856.38,856.38,48765
13-May-13,862.03,867.13,856.38,862.03,89093
10-May-13,857.00,863.29,849.50,860.77,97195
9-May-13,850.10,862.00,850.10,853.90,70671
8-May-13,841.90,853.90,841.90,853.90,83286
7-May-13,846.00,853.00,836.00,844.00,118099
3-May-13,838.80,852.00,837.50,852.00,93655
2-May-13,848.84,854.49,833.76,840.76,155577
1-May-13,845.07,863.91,827.83,863.91,58749
30-Apr-13,845.70,847.60,836.90,841.30,98099
29-Apr-13,857.60,857.60,841.30,841.90,92994
26-Apr-13,869.57,873.99,843.13,853.86,102756
25-Apr-13,857.60,872.70,857.60,868.90,106434
24-Apr-13,851.30,862.70,840.00,858.30,102765
23-Apr-13,835.01,851.07,833.13,849.46,74481
22-Apr-13,841.30,845.70,823.70,828.70,89876
19-Apr-13,837.00,842.00,824.00,838.00,129096
18-Apr-13,829.36,840.04,825.84,837.59,126112
17-Apr-13,829.40,845.70,822.40,833.10,72680
16-Apr-13,827.47,841.53,819.93,826.83,127108
15-Apr-13,844.40,847.60,822.40,830.60,79164
12-Apr-13,860.15,868.31,839.17,842.55,101474
11-Apr-13,845.69,871.45,845.51,861.40,67787
10-Apr-13,835.00,851.30,826.20,845.10,129762
9-Apr-13,814.91,843.18,812.21,836.90,157518
8-Apr-13,818.68,831.11,806.74,809.25,97288
5-Apr-13,837.50,865.20,803.60,818.00,140361
4-Apr-13,880.88,883.66,847.70,857.00,122229
3-Apr-13,880.90,882.10,867.70,882.10,124179
2-Apr-13,863.29,887.16,860.45,887.16,89221
28-Mar-13,873.30,873.30,855.10,861.40,91071
27-Mar-13,862.03,868.94,838.06,863.92,135710
26-Mar-13,874.60,879.60,860.10,863.90,128197
25-Mar-13,867.68,883.39,862.62,875.22,89493
22-Mar-13,843.80,858.90,826.80,854.50,104249
21-Mar-13,862.03,865.17,843.88,846.95,124970
20-Mar-13,870.20,878.40,864.54,870.20,82366
19-Mar-13,869.60,876.50,862.00,867.10,61490
18-Mar-13,862.03,882.76,859.40,873.34,57620
15-Mar-13,862.70,881.50,860.50,871.50,223163
14-Mar-13,863.91,877.14,853.03,862.96,208771
13-Mar-13,879.00,882.10,860.10,863.30,103009
12-Mar-13,868.94,885.91,868.07,882.14,108368
11-Mar-13,878.37,879.17,862.66,870.83,95963
8-Mar-13,876.50,888.40,874.60,880.30,79370
7-Mar-13,874.60,882.25,863.91,876.48,71945
6-Mar-13,877.70,889.70,869.60,875.90,59272
5-Mar-13,862.70,879.60,862.70,874.60,65560
4-Mar-13,868.31,881.31,841.92,862.03,109243
1-Mar-13,867.06,875.88,862.72,872.08,59645
28-Feb-13,858.30,873.30,849.50,863.90,112530
27-Feb-13,848.20,863.30,841.30,856.40,76574
26-Feb-13,858.90,858.90,823.70,844.40,132640
25-Feb-13,837.00,861.00,837.00,849.00,121718
22-Feb-13,816.20,843.20,816.20,836.90,62682
21-Feb-13,817.40,824.30,803.00,821.80,105517
20-Feb-13,809.30,841.30,806.70,830.00,94391
19-Feb-13,812.40,823.60,808.60,810.50,107543
18-Feb-13,857.60,857.60,799.80,809.30,106778
15-Feb-13,825.00,850.70,817.40,848.80,85461
14-Feb-13,815.54,826.30,813.15,826.22,39982
13-Feb-13,802.97,818.76,801.08,818.68,130551
12-Feb-13,803.00,808.00,787.30,808.00,152763
11-Feb-13,803.60,806.19,797.32,806.11,55623
8-Feb-13,794.80,805.37,792.29,802.97,82678
7-Feb-13,792.30,796.10,774.70,794.20,91986
6-Feb-13,791.00,797.30,788.50,792.30,76830
5-Feb-13,782.20,789.80,779.10,786.60,67623
4-Feb-13,786.01,804.85,778.99,782.24,118013
1-Feb-13,770.30,786.00,766.50,782.90,122273
31-Jan-13,766.50,769.70,764.00,767.20,158293
30-Jan-13,773.40,773.40,764.60,766.50,179400
29-Jan-13,770.30,774.07,756.70,771.56,174254
28-Jan-13,792.30,797.90,773.40,774.10,259158
25-Jan-13,781.00,796.10,776.00,796.10,122058
24-Jan-13,775.30,787.30,773.40,782.20,199102
23-Jan-13,758.40,780.40,757.70,779.10,108688
22-Jan-13,767.20,769.70,759.00,760.20,87621
21-Jan-13,772.18,775.89,761.50,765.90,87715
18-Jan-13,770.93,782.68,769.72,774.70,68524
17-Jan-13,750.20,772.20,750.20,770.30,85153
16-Jan-13,752.70,759.00,749.60,754.00,180217
15-Jan-13,755.80,760.90,748.90,754.00,143741
14-Jan-13,769.00,769.70,755.20,756.50,114008
11-Jan-13,755.85,774.07,754.95,766.53,184041
10-Jan-13,736.40,765.90,736.40,752.70,251262
9-Jan-13,739.50,744.50,734.50,738.90,156237
8-Jan-13,726.90,735.70,725.80,735.10,131364
7-Jan-13,723.80,729.50,721.30,728.80,85515
4-Jan-13,723.80,733.23,721.82,723.80,92288
3-Jan-13,718.10,730.10,718.10,723.20,114944
2-Jan-13,730.10,738.40,722.50,722.50,155714
