31-Dec-15,177.80,179.70,177.18,178.90,1187527
30-Dec-15,182.40,183.60,180.90,181.10,4246704
29-Dec-15,182.90,183.60,181.41,183.00,4176352
24-Dec-15,181.10,183.60,180.30,181.70,1078991
23-Dec-15,176.20,179.40,176.20,179.10,4764808
22-Dec-15,174.70,176.70,173.70,174.30,4444560
21-Dec-15,172.60,176.90,171.90,172.60,7160357
18-Dec-15,170.80,174.10,170.80,171.80,14336682
16-Dec-15,166.00,167.20,164.90,165.00,8866722
15-Dec-15,159.70,171.30,159.60,166.20,22952273
14-Dec-15,169.90,172.30,157.30,157.80,27645051
11-Dec-15,171.50,171.50,154.60,155.70,26880577
10-Dec-15,187.00,187.00,169.80,174.20,23964855
9-Dec-15,194.70,197.00,194.40,195.40,6189923
8-Dec-15,201.00,201.10,193.60,194.80,8067066
7-Dec-15,200.20,202.66,199.20,200.60,4933200
4-Dec-15,199.00,200.80,197.10,199.20,10034814
3-Dec-15,207.10,208.30,200.80,200.80,10168092
2-Dec-15,209.50,209.70,207.50,208.60,4979302
1-Dec-15,210.60,210.60,206.50,208.80,8090226
30-Nov-15,209.20,210.55,207.80,209.00,7056194
27-Nov-15,209.10,210.30,207.40,210.20,3839121
26-Nov-15,210.00,211.70,208.00,210.80,3807346
25-Nov-15,208.40,210.10,207.70,210.00,5312393
24-Nov-15,206.60,207.30,204.00,206.90,4869032
23-Nov-15,205.30,208.40,203.20,207.40,6404597
20-Nov-15,204.40,207.90,203.00,207.00,9793012
19-Nov-15,201.60,202.20,201.00,202.10,6793567
18-Nov-15,198.00,199.70,196.70,199.60,5160942
17-Nov-15,195.10,199.80,195.10,198.90,8445278
16-Nov-15,189.50,192.35,189.50,191.60,5917876
13-Nov-15,194.80,194.90,189.90,191.40,10113337
12-Nov-15,200.90,201.20,195.30,195.70,6244218
11-Nov-15,199.30,201.80,198.30,201.70,6680798
10-Nov-15,203.10,203.10,198.10,199.25,8017511
9-Nov-15,204.50,205.30,201.60,201.60,7377999
6-Nov-15,206.00,207.80,203.80,204.00,9172901
5-Nov-15,212.80,212.80,206.50,206.60,8109626
4-Nov-15,217.60,219.20,213.00,213.00,9085926
3-Nov-15,212.90,214.40,212.40,214.40,3590418
2-Nov-15,210.20,212.60,209.90,212.60,3692287
30-Oct-15,213.20,213.40,210.30,212.30,5990597
29-Oct-15,213.80,214.80,210.90,212.30,5354814
28-Oct-15,210.90,214.80,209.90,214.10,4494567
27-Oct-15,212.50,212.80,210.60,210.60,4774825
26-Oct-15,212.10,215.20,212.10,213.90,3754235
23-Oct-15,210.30,214.50,210.20,212.70,5351378
22-Oct-15,207.00,210.50,206.40,209.50,4552416
21-Oct-15,209.00,209.50,206.70,207.90,4500079
20-Oct-15,210.40,210.60,206.20,208.10,6106062
19-Oct-15,209.30,212.60,208.85,209.80,3207914
16-Oct-15,209.30,210.80,208.30,209.40,4539583
15-Oct-15,206.00,208.00,204.70,206.80,5631023
14-Oct-15,203.60,205.70,202.50,203.60,4656618
13-Oct-15,210.60,210.60,204.30,205.60,6576999
12-Oct-15,210.60,212.80,209.80,210.80,6527526
9-Oct-15,208.60,213.10,208.00,211.00,7713769
8-Oct-15,205.90,208.00,204.50,207.40,5277405
7-Oct-15,205.40,209.70,205.40,207.00,10397000
6-Oct-15,200.80,203.40,200.10,202.30,5719412
5-Oct-15,197.50,201.20,197.35,200.70,7898233
2-Oct-15,191.60,196.20,190.50,193.50,6488923
1-Oct-15,191.10,193.10,190.10,190.40,7077327
30-Sep-15,186.50,189.70,186.30,189.10,9431443
29-Sep-15,181.90,185.30,181.40,182.10,8795340
28-Sep-15,189.60,189.60,184.00,184.10,7378425
25-Sep-15,187.60,191.30,187.10,189.60,7483728
24-Sep-15,189.50,189.80,183.40,184.00,10123576
23-Sep-15,186.50,193.90,185.50,192.20,9554888
22-Sep-15,191.50,193.30,186.10,186.10,7059198
21-Sep-15,192.40,194.80,192.00,192.50,6228737
18-Sep-15,196.10,196.70,190.70,192.80,16440337
17-Sep-15,196.60,200.30,196.20,196.40,9021563
16-Sep-15,192.90,197.50,192.90,196.90,10217945
15-Sep-15,189.30,193.20,188.30,192.30,10381404
14-Sep-15,189.90,191.90,188.60,189.50,9753070
11-Sep-15,191.00,191.80,188.60,189.20,9531380
10-Sep-15,192.00,192.40,188.90,190.30,7404024
9-Sep-15,193.00,196.00,192.70,193.20,7659163
8-Sep-15,186.10,191.20,186.00,188.90,8704615
7-Sep-15,187.10,188.10,183.20,185.50,6515984
4-Sep-15,189.20,189.70,185.80,185.80,10223567
3-Sep-15,191.50,193.00,190.60,191.70,6182412
2-Sep-15,188.10,192.20,186.30,189.40,7123169
1-Sep-15,196.50,197.40,186.70,187.40,10175758
28-Aug-15,198.80,200.20,196.40,200.20,9608724
27-Aug-15,197.10,199.70,192.98,198.80,10972919
26-Aug-15,192.20,196.50,190.30,192.30,13136417
25-Aug-15,187.30,195.80,186.80,194.50,13023353
24-Aug-15,190.10,191.30,178.90,184.20,18786349
21-Aug-15,202.10,203.50,196.50,196.50,8881445
20-Aug-15,206.90,208.20,204.30,205.00,7598850
19-Aug-15,213.30,215.00,208.20,208.40,8439037
18-Aug-15,215.50,216.20,213.30,214.00,6339632
17-Aug-15,218.30,218.30,213.30,216.10,5241612
14-Aug-15,221.30,221.70,216.10,217.50,6238908
13-Aug-15,220.50,222.80,219.80,220.40,8868518
12-Aug-15,223.70,228.36,217.00,218.50,9408494
11-Aug-15,228.00,229.20,224.90,224.90,9708563
10-Aug-15,228.80,230.00,225.00,228.90,5366352
7-Aug-15,228.80,228.80,226.80,227.00,7542738
6-Aug-15,215.00,229.80,215.00,229.10,7051422
5-Aug-15,219.00,220.30,217.80,218.50,7750731
4-Aug-15,213.20,219.30,211.60,219.20,9667179
3-Aug-15,211.00,213.90,211.00,213.20,6257123
31-Jul-15,213.90,213.90,210.80,212.10,10665894
30-Jul-15,211.90,213.50,211.20,212.80,6702284
29-Jul-15,210.70,211.90,209.20,211.30,6010575
28-Jul-15,210.10,211.60,209.10,210.00,7517663
27-Jul-15,210.70,212.20,208.40,208.80,6945277
24-Jul-15,215.40,216.20,211.00,211.10,7485411
23-Jul-15,216.30,217.50,214.64,216.30,7463170
22-Jul-15,216.90,219.20,215.20,215.60,6404832
21-Jul-15,219.60,219.90,218.50,219.20,4271311
20-Jul-15,218.60,220.30,218.10,219.20,3398282
17-Jul-15,219.60,219.70,218.10,219.00,5119631
16-Jul-15,217.90,220.00,216.50,219.30,5286475
15-Jul-15,215.70,218.00,215.40,217.20,4213902
14-Jul-15,218.30,218.60,215.30,216.70,5595223
13-Jul-15,217.60,218.20,215.50,218.20,7374190
10-Jul-15,213.00,215.10,212.40,214.60,7178213
9-Jul-15,205.00,210.40,205.00,209.70,6057510
8-Jul-15,199.10,204.50,198.20,204.50,10299859
7-Jul-15,204.80,206.00,199.00,199.00,13421156
6-Jul-15,202.40,204.80,202.40,203.70,6194698
3-Jul-15,204.80,206.60,204.50,204.50,3888981
2-Jul-15,206.00,206.60,204.40,205.70,5753077
1-Jul-15,202.90,207.30,202.20,205.90,9455877
30-Jun-15,202.10,205.40,200.80,201.50,14483402
29-Jun-15,202.60,206.30,200.70,203.60,7409334
26-Jun-15,208.60,210.80,207.60,209.40,7176384
25-Jun-15,209.00,211.40,208.30,209.50,10246300
24-Jun-15,210.30,210.30,207.90,209.20,8320812
23-Jun-15,209.80,210.90,208.80,208.90,6686291
22-Jun-15,206.40,209.10,205.50,208.90,7066131
19-Jun-15,205.00,206.20,203.30,204.50,14338512
18-Jun-15,200.40,204.60,200.30,203.90,10857951
17-Jun-15,203.00,204.70,200.30,201.40,7816354
16-Jun-15,203.60,204.60,201.60,203.20,5317241
15-Jun-15,206.80,207.60,203.80,203.90,5638327
12-Jun-15,210.00,210.70,206.70,207.90,7860115
11-Jun-15,210.80,214.20,210.50,211.60,10484577
10-Jun-15,207.00,212.40,206.60,211.80,12088578
9-Jun-15,208.00,209.00,206.50,207.20,9367869
8-Jun-15,210.60,210.82,208.50,208.60,6571270
5-Jun-15,211.20,211.30,208.60,210.10,9423002
4-Jun-15,213.90,214.00,210.10,211.90,10523922
3-Jun-15,216.00,216.60,212.90,215.10,12835962
2-Jun-15,219.50,219.50,214.00,215.90,10737169
1-Jun-15,222.30,222.80,217.90,218.50,8584438
29-May-15,225.40,226.60,220.10,221.10,15069966
28-May-15,228.90,229.30,224.70,226.50,8397890
27-May-15,233.20,233.20,225.80,229.00,13919571
26-May-15,235.20,235.50,229.80,231.00,8691859
22-May-15,235.40,236.90,234.50,235.30,6564909
21-May-15,232.90,234.50,232.90,234.20,5908308
20-May-15,234.00,234.10,231.20,233.40,9736380
19-May-15,230.80,236.10,230.80,236.10,8678323
18-May-15,229.30,231.10,227.80,229.80,6131052
15-May-15,231.40,232.40,228.30,229.80,7457995
14-May-15,228.00,230.60,227.00,230.50,7715972
13-May-15,227.10,228.50,225.90,227.20,6779414
12-May-15,231.50,231.50,224.90,226.60,10508136
11-May-15,233.10,234.70,232.20,232.70,6503025
8-May-15,231.60,234.10,229.20,234.10,11286639
7-May-15,229.70,229.70,224.40,228.90,12553388
6-May-15,229.70,232.40,229.30,230.00,9125645
5-May-15,234.60,235.20,230.70,230.70,10886710
1-May-15,233.90,234.90,229.20,233.00,5330427
30-Apr-15,232.40,234.90,231.50,234.90,12887971
29-Apr-15,233.70,235.90,231.90,232.80,15220532
28-Apr-15,229.60,232.00,227.80,232.00,17584467
27-Apr-15,231.10,231.70,227.30,230.40,9021526
24-Apr-15,230.80,232.30,230.20,231.00,10523601
23-Apr-15,231.20,232.00,225.00,231.10,11208526
22-Apr-15,239.60,240.80,234.40,237.50,9931400
21-Apr-15,239.30,240.20,237.00,238.50,8550060
20-Apr-15,237.20,239.33,235.80,236.70,7777171
17-Apr-15,239.80,240.30,235.60,236.40,13369118
16-Apr-15,237.90,241.60,236.60,240.30,14916359
15-Apr-15,236.00,237.40,232.00,236.10,21380955
14-Apr-15,234.20,236.40,234.20,235.40,5746569
13-Apr-15,236.80,237.20,234.40,235.30,5293792
10-Apr-15,236.00,237.13,234.40,236.80,6295614
9-Apr-15,234.50,235.80,233.60,235.40,5667960
8-Apr-15,231.50,234.60,231.40,232.50,7605291
7-Apr-15,228.40,233.50,228.00,232.20,7192091
2-Apr-15,224.80,228.04,224.70,227.40,6477876
1-Apr-15,222.00,226.00,221.93,225.20,8428489
31-Mar-15,227.10,228.40,221.90,222.10,10186093
30-Mar-15,227.20,228.00,225.70,227.00,8435451
27-Mar-15,228.00,228.00,224.40,224.70,7894349
26-Mar-15,231.70,231.74,226.30,227.90,7096454
25-Mar-15,234.80,235.60,233.20,233.30,5034668
24-Mar-15,231.20,236.30,230.60,234.80,7766695
23-Mar-15,230.00,231.50,229.40,231.20,3968758
20-Mar-15,231.00,232.20,228.40,231.70,9328467
19-Mar-15,230.50,233.90,228.40,230.20,10034274
18-Mar-15,226.20,229.80,225.90,229.50,6324968
17-Mar-15,227.80,228.70,224.70,226.20,5485898
16-Mar-15,223.00,227.40,223.00,227.00,5702484
13-Mar-15,224.60,225.50,220.70,222.40,7930933
12-Mar-15,221.70,225.90,221.60,223.60,9423327
11-Mar-15,219.30,220.90,217.90,220.20,8814602
10-Mar-15,223.40,224.90,217.70,217.80,10641505
9-Mar-15,225.20,226.00,224.64,225.70,6183478
6-Mar-15,226.70,228.10,225.90,227.10,7853335
5-Mar-15,225.10,228.54,225.00,226.80,8333936
4-Mar-15,223.20,223.90,221.20,223.90,8490063
3-Mar-15,224.40,225.70,222.30,222.30,8137763
2-Mar-15,225.20,227.00,223.50,224.70,7011935
27-Feb-15,224.90,226.50,224.20,225.10,8760535
26-Feb-15,221.90,223.30,220.20,223.20,7377392
25-Feb-15,222.00,223.82,220.86,222.10,6332402
24-Feb-15,219.40,221.80,218.30,221.50,5836033
23-Feb-15,219.00,220.10,217.80,220.10,5544054
20-Feb-15,218.10,219.33,217.00,218.30,6356474
19-Feb-15,217.40,218.80,215.80,218.40,6084997
18-Feb-15,218.10,219.30,216.30,217.60,4993764
17-Feb-15,215.40,218.10,214.60,217.10,6914004
16-Feb-15,216.10,217.20,215.60,216.50,3356894
13-Feb-15,215.30,216.70,214.50,216.00,6140522
12-Feb-15,215.40,217.90,213.90,215.50,7692941
11-Feb-15,215.10,216.50,214.30,216.00,9113104
10-Feb-15,213.60,216.30,213.40,215.50,7311265
9-Feb-15,213.80,214.00,211.40,213.30,4733487
6-Feb-15,214.00,215.40,213.60,214.30,4926660
5-Feb-15,211.50,214.20,211.40,214.00,5638904
4-Feb-15,213.20,214.50,210.90,212.90,10894917
3-Feb-15,209.80,214.90,209.00,213.70,10784528
2-Feb-15,208.60,209.80,206.30,209.80,7703109
30-Jan-15,209.90,210.58,207.78,208.20,8136059
29-Jan-15,207.00,209.70,206.20,209.70,6638252
28-Jan-15,206.50,208.60,205.20,208.60,7752506
27-Jan-15,206.30,206.70,202.70,204.80,7197161
26-Jan-15,203.50,206.10,203.20,206.00,4364740
23-Jan-15,203.80,205.90,203.50,204.60,7146951
22-Jan-15,198.70,202.50,198.20,202.50,8612589
21-Jan-15,194.50,198.10,194.00,198.10,7293162
20-Jan-15,195.20,195.95,193.20,194.40,7130749
19-Jan-15,191.90,194.80,190.70,193.60,4870975
16-Jan-15,189.90,191.80,189.10,191.70,8056430
15-Jan-15,188.70,191.50,183.60,191.40,12033030
14-Jan-15,188.90,190.80,187.30,187.30,11950338
13-Jan-15,190.60,194.40,190.60,192.70,8067404
12-Jan-15,189.90,192.00,189.20,190.80,8262398
9-Jan-15,192.40,192.90,187.90,189.10,7879908
8-Jan-15,189.00,193.70,188.40,193.40,8540012
7-Jan-15,186.40,188.13,185.00,186.17,10082563
6-Jan-15,183.90,188.20,183.70,185.10,10802512
5-Jan-15,189.40,191.60,183.70,183.90,8039426
31-Dec-14,191.90,192.80,190.30,190.50,2154813
30-Dec-14,191.30,191.90,188.30,188.80,3964704
29-Dec-14,192.30,193.40,190.70,192.80,5515351
24-Dec-14,-,-,-,191.60,0
23-Dec-14,190.70,192.20,190.20,191.60,4441208
22-Dec-14,188.80,191.00,188.60,189.90,5956775
19-Dec-14,190.40,190.40,184.80,188.30,18902742
18-Dec-14,183.40,190.20,182.90,189.90,15560474
17-Dec-14,177.90,180.50,177.10,179.70,8466256
16-Dec-14,176.90,180.10,174.90,180.10,10110277
15-Dec-14,181.20,183.80,176.40,176.40,11819829
12-Dec-14,185.50,185.50,180.50,180.60,9264543
11-Dec-14,188.00,189.80,186.40,186.50,10233048
10-Dec-14,190.00,190.70,187.40,187.40,8126116
9-Dec-14,193.00,193.00,189.60,189.60,10014241
8-Dec-14,196.40,196.80,193.90,195.10,5702464
5-Dec-14,198.10,198.40,197.20,197.60,7916356
4-Dec-14,197.70,201.70,196.40,196.50,7581355
3-Dec-14,198.00,198.80,197.00,197.00,7682460
2-Dec-14,195.80,199.00,195.20,198.20,8740161
1-Dec-14,199.80,199.80,194.60,194.80,10876273
28-Nov-14,201.10,201.90,200.10,200.30,8077401
27-Nov-14,199.20,201.20,198.60,200.40,5272377
26-Nov-14,200.40,201.70,199.00,199.40,8985124
25-Nov-14,200.80,201.70,199.10,199.80,10844781
24-Nov-14,202.40,204.30,200.80,201.10,9672182
21-Nov-14,199.60,203.20,199.10,201.40,14220099
20-Nov-14,200.10,200.60,197.60,198.70,7277563
19-Nov-14,201.40,201.50,199.30,200.10,7493132
18-Nov-14,199.00,200.70,198.40,200.30,6819302
17-Nov-14,197.60,199.40,197.50,198.50,6935201
14-Nov-14,196.90,198.50,195.90,198.30,7629515
13-Nov-14,196.20,197.60,195.70,196.50,9133550
12-Nov-14,196.40,197.10,194.70,195.30,12369949
11-Nov-14,195.40,197.50,195.40,197.10,7294282
10-Nov-14,193.50,196.00,193.20,195.90,8477147
7-Nov-14,193.50,194.12,191.80,192.70,9770623
6-Nov-14,191.80,194.20,191.30,192.80,11298155
5-Nov-14,192.00,193.30,190.90,192.40,11161494
4-Nov-14,191.90,194.30,191.10,192.00,7098293
3-Nov-14,193.20,194.06,191.56,191.70,9211210
31-Oct-14,194.60,195.03,192.90,193.50,15364145
30-Oct-14,191.00,191.30,188.60,191.10,11397934
29-Oct-14,188.00,191.20,187.80,190.00,14077974
28-Oct-14,184.60,187.30,184.50,186.00,14043133
27-Oct-14,186.90,187.23,183.30,184.10,12872035
24-Oct-14,182.60,185.20,182.60,184.70,16337410
23-Oct-14,181.00,184.60,179.70,183.50,16967885
22-Oct-14,178.20,183.20,178.00,181.90,15445160
21-Oct-14,172.60,178.90,172.10,178.00,17753692
20-Oct-14,173.90,176.10,172.50,172.70,11138723
17-Oct-14,169.40,174.86,168.40,174.60,20183380
16-Oct-14,170.60,172.10,163.80,169.50,23325445
15-Oct-14,175.30,176.60,169.30,169.50,18636711
14-Oct-14,171.80,175.70,171.80,175.10,14722988
13-Oct-14,169.00,174.90,168.90,173.30,17313558
10-Oct-14,173.70,174.20,170.80,170.80,11704747
9-Oct-14,178.80,180.70,175.20,175.80,14484011
8-Oct-14,176.30,177.60,175.00,176.90,10242059
7-Oct-14,180.70,180.80,176.90,176.90,9692862
6-Oct-14,177.50,182.60,177.40,181.20,12661645
3-Oct-14,178.70,179.20,176.80,177.40,8442441
2-Oct-14,180.00,181.10,177.60,177.60,10010883
1-Oct-14,181.50,182.60,180.10,180.40,10465909
30-Sep-14,182.50,182.90,180.16,181.70,15659889
29-Sep-14,183.90,184.00,181.50,182.50,6388697
26-Sep-14,183.90,184.70,182.20,184.00,7781449
25-Sep-14,187.40,188.70,183.20,183.80,10475431
24-Sep-14,185.60,188.00,184.50,187.80,6461249
23-Sep-14,192.90,192.90,187.60,188.50,10645067
22-Sep-14,193.30,194.20,191.60,192.20,7679837
19-Sep-14,196.90,196.90,193.70,193.70,19592767
18-Sep-14,193.40,195.90,193.10,194.40,7803511
17-Sep-14,192.00,193.90,190.70,193.00,8591095
16-Sep-14,191.50,191.80,190.48,191.10,13341864
15-Sep-14,193.00,193.50,191.30,191.50,10084664
12-Sep-14,197.10,197.10,193.70,194.00,11307113
11-Sep-14,199.00,199.30,195.80,196.40,8099753
10-Sep-14,198.40,199.21,196.30,198.20,9522628
9-Sep-14,200.20,201.30,198.60,199.40,8720158
8-Sep-14,204.20,204.90,200.60,200.80,10778250
5-Sep-14,206.50,206.50,203.84,204.90,5368577
4-Sep-14,203.80,206.80,203.28,206.20,7652666
3-Sep-14,203.00,205.20,202.60,203.80,5819591
2-Sep-14,199.70,202.70,199.42,202.60,9883965
1-Sep-14,198.50,199.28,197.30,198.90,4942167
29-Aug-14,199.20,199.27,197.50,198.90,8837438
28-Aug-14,201.00,201.60,198.80,198.80,7117302
27-Aug-14,199.40,201.40,199.00,200.90,8091487
26-Aug-14,197.10,199.30,196.90,199.20,6996694
22-Aug-14,197.00,197.70,195.20,196.40,5474646
21-Aug-14,194.00,197.70,193.30,196.60,5977752
20-Aug-14,196.20,196.20,192.60,194.00,6672424
19-Aug-14,196.30,197.70,195.60,196.60,5909573
18-Aug-14,194.90,196.20,194.40,195.70,6098925
15-Aug-14,194.50,197.00,193.60,193.60,8361322
14-Aug-14,192.40,195.30,191.90,194.40,6541192
13-Aug-14,192.20,194.20,191.90,192.80,8559399
12-Aug-14,191.00,192.70,190.40,191.10,8400279
11-Aug-14,189.80,192.01,189.40,191.50,7379598
8-Aug-14,188.70,189.41,186.20,188.80,9220983
7-Aug-14,193.20,193.20,186.30,190.60,13009052
6-Aug-14,194.20,194.70,192.60,193.90,9299219
5-Aug-14,195.00,198.50,194.60,195.40,8224842
4-Aug-14,194.90,196.30,193.60,194.30,7551161
1-Aug-14,195.80,195.80,192.20,194.30,8628115
31-Jul-14,197.50,197.60,195.10,195.80,7561650
30-Jul-14,199.60,200.00,196.96,197.80,5996849
29-Jul-14,200.10,200.90,199.40,199.60,6158614
28-Jul-14,202.00,202.20,199.10,200.10,5694738
25-Jul-14,201.50,202.53,200.90,201.30,4448777
24-Jul-14,200.20,202.30,198.80,202.20,7510731
23-Jul-14,199.40,200.70,199.40,200.10,5681280
22-Jul-14,199.00,200.10,198.30,199.50,5816291
21-Jul-14,199.50,199.50,197.60,198.20,3855533
18-Jul-14,200.40,200.40,197.10,199.60,6658029
17-Jul-14,202.60,202.60,199.80,201.00,5984593
16-Jul-14,201.00,204.20,200.29,203.00,7367760
15-Jul-14,200.50,200.80,198.30,200.00,8033073
14-Jul-14,197.20,200.00,197.00,199.30,4967301
11-Jul-14,196.20,197.50,195.30,196.80,6811668
10-Jul-14,197.40,198.16,193.80,195.60,7065752
9-Jul-14,199.10,199.10,196.40,197.70,6442786
8-Jul-14,201.20,201.20,198.96,199.20,7870432
7-Jul-14,200.90,201.10,199.70,200.40,4729163
4-Jul-14,200.50,201.37,199.50,200.80,3549933
3-Jul-14,199.60,201.10,198.60,200.30,8211316
2-Jul-14,200.00,201.00,198.90,199.80,6587255
1-Jul-14,197.90,200.63,197.90,200.10,7090723
30-Jun-14,196.00,198.50,195.30,197.70,7207687
27-Jun-14,195.60,196.30,194.50,196.00,3434573
26-Jun-14,194.70,195.70,193.50,195.00,4942904
25-Jun-14,194.00,195.20,193.80,193.80,6293926
24-Jun-14,195.80,195.90,193.50,194.90,5604650
23-Jun-14,195.20,196.50,193.60,194.90,3856739
20-Jun-14,195.80,196.90,195.50,195.50,6375724
19-Jun-14,198.10,198.50,196.80,196.80,6661752
18-Jun-14,195.90,197.70,195.40,196.40,5053254
17-Jun-14,193.60,196.20,193.40,195.50,6538672
16-Jun-14,196.10,196.60,193.20,193.40,5452782
13-Jun-14,199.40,199.40,194.70,196.00,5588820
12-Jun-14,200.60,201.00,199.20,199.80,4491586
11-Jun-14,201.80,202.10,199.96,200.10,5708699
10-Jun-14,204.60,204.60,200.90,202.10,6769596
9-Jun-14,206.00,206.00,203.70,204.50,3350519
6-Jun-14,202.30,205.80,202.30,205.20,3856234
5-Jun-14,199.20,203.30,198.70,202.09,6864848
4-Jun-14,199.00,200.30,198.44,199.20,3930888
3-Jun-14,201.30,201.60,198.60,198.79,4889613
2-Jun-14,202.60,202.80,200.10,201.59,5477671
30-May-14,203.00,204.40,201.99,201.99,8765609
29-May-14,203.10,204.90,203.10,203.90,2374856
28-May-14,202.40,203.90,202.00,203.69,5515623
27-May-14,203.60,203.90,202.50,203.00,5473532
23-May-14,202.00,202.50,200.70,202.10,3307211
22-May-14,200.60,201.80,199.20,201.20,5227779
21-May-14,198.80,201.10,198.30,200.90,4870370
20-May-14,201.50,201.50,198.40,198.60,6387577
19-May-14,201.00,201.90,199.50,200.70,4659230
16-May-14,199.10,206.20,197.80,200.00,7504496
15-May-14,208.90,208.90,198.70,199.10,11292038
14-May-14,208.20,211.20,208.20,209.40,6250333
13-May-14,208.20,209.10,207.40,208.20,4899956
12-May-14,206.10,207.20,204.50,207.00,5295265
9-May-14,206.10,207.15,204.70,205.80,6683540
8-May-14,203.70,211.52,203.70,208.00,8563918
7-May-14,203.50,204.50,202.40,203.10,5203938
6-May-14,204.20,204.60,202.40,203.79,6168102
2-May-14,200.60,203.60,200.20,202.60,10786489
1-May-14,200.10,201.00,198.90,200.50,2584179
30-Apr-14,197.10,203.67,197.10,199.70,10158530
29-Apr-14,194.90,202.00,194.90,197.90,7266672
28-Apr-14,195.10,201.34,193.90,195.20,3620028
25-Apr-14,195.50,196.00,193.90,194.60,8367692
24-Apr-14,197.00,197.80,194.10,195.50,7490459
23-Apr-14,198.00,198.50,195.80,196.00,7547018
22-Apr-14,201.60,204.50,198.90,204.00,10717085
17-Apr-14,198.20,202.10,197.00,201.20,7073079
16-Apr-14,198.60,199.30,196.80,197.30,6327802
15-Apr-14,199.30,199.60,196.40,197.10,7189233
14-Apr-14,198.00,199.10,195.50,198.90,8042731
11-Apr-14,200.00,200.70,197.30,198.94,8652782
10-Apr-14,202.00,203.28,199.30,201.58,8418055
9-Apr-14,200.20,201.90,199.30,200.80,6727100
8-Apr-14,202.10,203.20,198.50,199.58,9737452
7-Apr-14,203.00,204.47,201.80,202.60,5558049
4-Apr-14,201.10,206.20,201.10,205.20,7964274
3-Apr-14,202.10,202.80,200.40,201.20,7676766
2-Apr-14,203.50,203.75,201.50,202.60,6973672
1-Apr-14,201.90,203.90,201.50,203.30,5057858
31-Mar-14,201.50,202.50,200.50,201.09,10219527
28-Mar-14,202.40,202.70,198.00,200.50,10706809
27-Mar-14,199.40,201.50,199.10,201.20,9263326
26-Mar-14,198.60,200.50,197.95,200.00,8754637
25-Mar-14,193.50,198.20,193.50,197.80,8992317
24-Mar-14,194.20,194.50,191.90,192.50,6141123
21-Mar-14,191.60,195.20,191.40,194.20,13025231
20-Mar-14,190.90,192.20,189.80,191.30,12420485
19-Mar-14,191.80,195.10,191.20,192.90,10641103
18-Mar-14,189.20,192.70,188.30,191.80,7422727
17-Mar-14,188.50,191.50,188.36,189.90,6677835
14-Mar-14,189.00,190.40,187.60,187.90,7285013
13-Mar-14,192.60,192.80,189.80,189.80,9115614
12-Mar-14,193.20,193.60,190.20,191.60,12017605
11-Mar-14,195.60,195.60,191.20,193.80,9875640
10-Mar-14,196.40,198.10,194.50,195.60,8401690
7-Mar-14,199.40,200.00,196.90,196.90,9729679
6-Mar-14,197.30,200.20,197.00,198.90,9392177
5-Mar-14,195.70,197.00,194.80,196.60,8572870
4-Mar-14,196.50,196.50,193.10,196.30,9275551
3-Mar-14,193.80,195.50,191.70,194.70,13444050
28-Feb-14,190.00,198.50,190.00,197.10,15622750
27-Feb-14,186.20,186.50,183.60,186.20,7573555
26-Feb-14,187.40,188.50,185.90,186.70,9412353
25-Feb-14,187.60,187.80,185.60,187.00,16631159
24-Feb-14,184.30,187.10,183.10,187.10,9119807
21-Feb-14,184.60,185.00,182.00,183.80,10030295
20-Feb-14,182.00,184.10,180.60,184.10,7376289
19-Feb-14,183.60,184.60,182.40,184.40,5931171
18-Feb-14,183.80,184.90,181.20,184.40,7847819
17-Feb-14,181.80,185.00,181.80,184.00,6051617
14-Feb-14,180.30,182.30,180.30,182.00,5386134
13-Feb-14,181.50,182.20,178.90,180.60,9884543
12-Feb-14,181.40,184.10,181.40,182.20,10688587
11-Feb-14,178.80,181.10,178.80,181.10,14560557
10-Feb-14,177.20,178.20,175.90,178.00,7206543
7-Feb-14,176.60,178.40,175.40,177.10,9900743
6-Feb-14,174.80,176.60,172.30,175.70,10447311
5-Feb-14,171.90,174.60,170.60,173.90,10306661
4-Feb-14,169.40,174.00,168.10,172.50,17123360
3-Feb-14,172.80,174.30,170.50,171.10,11139506
31-Jan-14,173.10,173.10,168.70,172.50,9835345
30-Jan-14,175.10,175.10,170.90,173.90,17333173
29-Jan-14,182.10,183.30,173.10,176.10,17567956
28-Jan-14,179.60,181.30,178.70,180.10,8277022
27-Jan-14,182.20,182.90,178.10,179.00,11903809
24-Jan-14,188.30,189.00,183.30,183.40,15007164
23-Jan-14,191.50,191.50,187.20,187.80,9159540
22-Jan-14,194.10,195.00,192.30,192.40,5799996
21-Jan-14,192.90,194.90,192.40,194.20,8693907
20-Jan-14,191.70,193.00,190.50,192.60,4051580
17-Jan-14,193.80,194.20,190.30,191.90,12007208
16-Jan-14,195.40,195.40,192.60,193.40,6897148
15-Jan-14,195.30,196.50,194.80,195.70,6248432
14-Jan-14,193.10,195.50,191.50,195.30,8018867
13-Jan-14,194.60,196.10,193.10,195.50,7341966
10-Jan-14,190.90,195.50,190.90,193.90,8695764
9-Jan-14,191.20,191.90,189.10,189.40,7755290
8-Jan-14,193.50,193.90,190.80,191.90,5528134
7-Jan-14,191.00,194.00,190.70,193.30,7757411
6-Jan-14,189.00,191.00,188.30,189.80,5986792
3-Jan-14,189.50,190.60,188.50,189.60,4448899
2-Jan-14,189.40,190.90,187.70,189.70,6659962
31-Dec-13,190.50,191.30,187.70,189.10,3361708
30-Dec-13,191.20,192.30,189.70,190.50,5086230
27-Dec-13,192.20,193.00,190.50,191.40,4802962
24-Dec-13,190.50,193.00,190.50,192.80,993507
23-Dec-13,187.70,190.90,187.70,190.80,4095502
20-Dec-13,187.20,188.40,185.00,187.70,12052379
19-Dec-13,187.10,189.00,185.90,186.50,8822803
18-Dec-13,184.20,187.00,184.00,184.70,5952081
17-Dec-13,183.80,185.80,183.70,184.10,5995719
16-Dec-13,181.10,185.60,181.10,184.80,5021054
13-Dec-13,181.50,183.70,181.30,182.20,5745071
12-Dec-13,184.40,184.50,181.40,182.60,7294872
11-Dec-13,185.70,187.10,185.10,185.40,6181370
10-Dec-13,186.60,188.60,186.40,187.00,3639046
9-Dec-13,188.80,189.80,186.60,187.30,6241670
6-Dec-13,186.70,190.20,186.50,188.70,6101873
5-Dec-13,185.70,189.10,185.70,187.20,11103465
4-Dec-13,189.50,190.90,188.60,189.40,6789394
3-Dec-13,194.80,194.80,188.20,189.20,14093384
2-Dec-13,199.70,199.70,196.10,196.20,6114852
29-Nov-13,199.40,200.60,198.70,199.10,6273200
28-Nov-13,195.60,200.00,195.00,199.40,11668473
27-Nov-13,193.50,195.60,193.50,194.00,6295484
26-Nov-13,198.60,198.60,193.90,194.00,9076628
25-Nov-13,199.50,200.60,198.60,199.20,4172352
22-Nov-13,198.50,198.90,195.90,198.20,4501976
21-Nov-13,197.00,198.40,196.50,198.20,4361331
20-Nov-13,197.60,200.40,197.50,199.30,5358530
19-Nov-13,198.90,199.60,197.40,198.32,4678722
18-Nov-13,197.40,201.30,197.00,200.50,4903691
15-Nov-13,198.30,200.80,197.80,199.30,6565811
14-Nov-13,200.30,200.60,195.50,197.30,10242916
13-Nov-13,199.90,201.20,196.00,197.40,7487589
12-Nov-13,199.50,201.10,197.80,200.50,6775662
11-Nov-13,201.00,201.00,198.30,199.50,7515451
8-Nov-13,200.10,200.80,197.90,200.00,8319331
7-Nov-13,203.80,204.20,200.80,201.40,7829249
6-Nov-13,203.90,205.50,200.50,204.20,10330486
5-Nov-13,203.80,203.80,197.50,199.60,5772965
4-Nov-13,203.00,204.20,201.60,202.70,4367218
1-Nov-13,204.40,204.70,200.40,201.20,6801416
31-Oct-13,203.70,204.90,201.80,203.60,8135994
30-Oct-13,204.60,205.40,201.90,202.70,5555086
29-Oct-13,205.40,205.40,203.80,204.80,5806843
28-Oct-13,204.80,206.10,203.80,204.80,5455891
25-Oct-13,202.90,204.70,202.90,204.60,4109658
24-Oct-13,202.70,205.40,202.40,203.90,4888394
23-Oct-13,202.30,202.40,-,202.40,3841289
22-Oct-13,199.40,202.40,198.80,202.40,6040661
21-Oct-13,201.00,201.00,198.80,200.40,4590329
18-Oct-13,197.90,201.20,196.00,200.50,8208220
17-Oct-13,195.80,197.40,195.10,197.20,6561659
16-Oct-13,195.20,198.40,194.50,197.20,6904403
15-Oct-13,192.00,196.50,192.00,196.10,10063545
14-Oct-13,189.40,191.40,188.90,191.00,5168333
11-Oct-13,190.10,191.80,189.50,190.40,8028153
10-Oct-13,184.20,190.10,184.10,189.90,7302778
9-Oct-13,183.80,185.50,183.40,184.20,5168722
8-Oct-13,187.30,187.60,184.60,184.60,6620128
7-Oct-13,186.70,188.10,185.90,187.90,3946551
4-Oct-13,186.50,188.90,186.50,187.70,4604411
3-Oct-13,184.80,187.80,184.80,186.70,5859961
2-Oct-13,186.00,186.70,183.70,186.00,4920150
1-Oct-13,187.50,187.90,186.00,187.10,5243496
30-Sep-13,185.70,187.60,184.70,187.60,6337935
27-Sep-13,191.40,191.40,187.00,188.00,4669484
26-Sep-13,191.70,192.30,189.00,190.70,4867370
25-Sep-13,190.60,192.30,189.50,190.50,5176844
24-Sep-13,192.90,194.60,192.20,193.80,3099568
20-Sep-13,194.60,195.00,191.80,191.90,8038194
19-Sep-13,194.00,198.00,194.00,195.60,7114940
18-Sep-13,191.80,193.00,189.60,191.30,4960834
17-Sep-13,191.70,193.60,191.10,192.00,6137357
16-Sep-13,195.10,195.10,191.90,192.40,3936548
13-Sep-13,191.70,192.60,190.20,191.80,3344768
12-Sep-13,191.10,192.80,189.20,192.20,5286081
11-Sep-13,190.40,191.40,189.50,191.40,4576593
10-Sep-13,190.00,191.70,188.60,191.00,5968560
9-Sep-13,187.00,188.10,185.40,187.80,6178690
6-Sep-13,184.00,186.40,182.40,186.00,7035085
5-Sep-13,183.10,185.80,181.60,184.70,5476551
4-Sep-13,183.00,184.20,179.80,182.70,6137099
3-Sep-13,184.10,185.00,181.70,182.60,6133146
2-Sep-13,182.40,185.70,182.40,183.90,4477168
30-Aug-13,184.10,185.50,181.00,181.00,8872402
29-Aug-13,183.40,185.20,182.60,184.20,6858474
28-Aug-13,183.50,184.40,181.90,183.00,7479202
27-Aug-13,191.90,191.90,184.40,184.40,8872463
23-Aug-13,187.80,190.80,186.20,189.10,5403663
22-Aug-13,187.10,189.50,186.70,187.10,7467892
21-Aug-13,192.10,192.70,187.70,187.70,7810459
20-Aug-13,192.00,192.70,190.20,191.90,6887191
19-Aug-13,198.40,198.50,193.20,194.00,5647514
16-Aug-13,193.90,198.10,193.90,197.50,7945733
15-Aug-13,198.50,202.30,194.20,194.80,7099349
14-Aug-13,196.10,200.00,196.10,198.00,6687216
13-Aug-13,192.00,198.50,192.00,196.10,10155424
12-Aug-13,203.60,204.70,200.40,201.30,7378446
9-Aug-13,202.80,204.10,200.10,202.30,5204192
8-Aug-13,202.00,206.20,198.40,203.00,10540305
7-Aug-13,190.70,203.80,190.70,198.10,13582724
6-Aug-13,194.20,197.00,190.40,192.50,7456251
5-Aug-13,195.30,197.80,193.00,194.70,3949621
2-Aug-13,198.60,198.60,194.60,195.20,6167902
1-Aug-13,195.10,198.20,194.30,198.10,4800082
31-Jul-13,193.50,195.50,192.40,194.20,7560792
30-Jul-13,192.80,194.20,191.90,192.70,4443230
29-Jul-13,191.50,193.40,190.60,191.70,4413918
26-Jul-13,194.60,194.60,190.80,191.30,4716521
25-Jul-13,196.60,196.90,191.50,193.50,8158140
24-Jul-13,198.00,200.10,194.90,197.20,6307336
23-Jul-13,198.90,200.20,197.50,198.10,5933470
22-Jul-13,198.10,198.40,195.90,197.10,3506353
19-Jul-13,197.90,198.20,195.80,197.30,7283273
18-Jul-13,198.20,199.30,197.00,199.00,6683025
17-Jul-13,195.00,200.10,193.30,199.00,8707933
16-Jul-13,198.20,199.10,194.10,194.80,5838380
15-Jul-13,196.60,199.47,196.00,198.20,3931597
12-Jul-13,196.50,197.90,195.90,196.30,4442939
11-Jul-13,199.30,199.30,194.80,195.90,7888932
10-Jul-13,192.70,195.90,191.00,192.70,5958783
9-Jul-13,192.30,195.80,192.10,193.70,5861723
8-Jul-13,188.00,191.80,187.00,190.20,7325801
5-Jul-13,189.00,193.20,185.90,186.60,8286987
4-Jul-13,183.10,189.90,181.70,188.90,9771137
3-Jul-13,182.00,182.10,177.90,181.00,10659756
2-Jul-13,185.60,185.80,181.90,184.30,5966900
1-Jul-13,182.80,186.40,180.20,185.60,8969631
28-Jun-13,180.30,182.60,179.40,180.70,15569664
27-Jun-13,177.30,180.20,175.50,179.50,8293713
26-Jun-13,173.50,178.20,172.70,176.90,6810999
25-Jun-13,171.90,175.30,171.70,173.60,8874374
24-Jun-13,173.20,174.10,169.30,170.80,6790283
21-Jun-13,177.40,179.70,174.00,174.00,16328422
20-Jun-13,183.30,183.30,176.00,177.10,8836167
19-Jun-13,186.30,187.20,183.50,186.20,5421553
18-Jun-13,185.50,188.80,184.50,187.10,6359245
17-Jun-13,185.50,187.40,184.10,185.50,5845279
14-Jun-13,184.50,186.20,183.30,184.80,9591547
13-Jun-13,181.20,183.60,178.40,183.00,9698236
12-Jun-13,184.90,187.20,184.00,184.20,8421357
11-Jun-13,191.10,191.20,181.90,184.50,13679010
10-Jun-13,192.10,193.70,190.50,192.10,7881617
7-Jun-13,190.50,193.70,188.30,193.50,12247229
6-Jun-13,198.10,198.70,190.20,190.20,15484739
5-Jun-13,204.20,204.20,197.70,197.70,11629719
4-Jun-13,203.70,206.70,202.40,205.60,7636116
3-Jun-13,204.70,204.70,201.50,202.20,8970735
31-May-13,210.00,210.00,201.30,205.40,17816518
30-May-13,210.20,213.90,207.20,210.30,12407738
29-May-13,216.40,216.40,209.50,210.50,7822763
28-May-13,216.60,218.70,216.20,216.60,7053117
24-May-13,216.30,216.80,213.00,214.00,4801407
23-May-13,214.70,218.20,212.10,214.90,8243309
22-May-13,218.20,221.30,217.10,219.80,6245992
21-May-13,216.70,218.30,213.70,217.90,14383680
20-May-13,222.40,223.20,215.20,216.80,10957493
17-May-13,221.10,222.10,218.70,221.60,5081294
16-May-13,221.30,222.70,220.40,221.50,5721429
15-May-13,219.30,222.50,219.10,221.00,7048397
14-May-13,216.60,219.50,215.99,219.50,8416984
13-May-13,216.40,217.70,214.99,216.30,5950966
10-May-13,220.50,221.40,214.90,215.80,10097931
9-May-13,216.00,223.90,215.99,220.40,9670159
8-May-13,213.50,216.00,212.80,215.50,6967698
7-May-13,208.40,214.10,208.40,213.20,9985134
3-May-13,204.40,209.10,202.70,208.10,8652937
2-May-13,204.20,204.80,202.20,204.50,6681365
1-May-13,206.60,206.60,203.10,204.50,2164475
30-Apr-13,205.20,205.60,203.90,205.00,10997305
29-Apr-13,204.70,206.30,204.30,205.30,5340749
26-Apr-13,204.50,204.80,202.70,204.20,5050263
25-Apr-13,201.50,206.10,201.00,205.00,7664360
24-Apr-13,200.30,202.50,198.00,201.30,9079494
23-Apr-13,199.10,205.50,198.50,205.30,7217083
22-Apr-13,201.90,203.10,197.60,198.70,6711053
19-Apr-13,199.50,200.30,197.60,199.80,6682489
18-Apr-13,199.30,201.40,197.30,198.60,5335487
17-Apr-13,201.10,201.10,197.00,198.30,6750995
16-Apr-13,197.80,199.90,196.90,199.50,6684553
15-Apr-13,201.30,201.40,197.50,199.00,8484412
12-Apr-13,202.10,202.70,200.10,201.30,6791120
11-Apr-13,200.70,203.30,200.00,202.90,7133862
10-Apr-13,196.60,201.00,196.40,200.80,8814964
9-Apr-13,195.90,197.60,195.80,197.00,7903790
8-Apr-13,195.20,196.30,194.30,195.70,7282443
5-Apr-13,198.50,199.20,192.20,194.40,7736116
4-Apr-13,201.50,201.90,196.70,197.50,8978167
3-Apr-13,205.50,205.80,199.80,200.30,9155455
2-Apr-13,201.70,206.20,201.70,206.10,7103519
28-Mar-13,201.80,204.60,200.80,202.70,7394444
27-Mar-13,205.20,205.20,199.20,201.80,5402627
26-Mar-13,203.70,204.70,203.00,204.30,7174475
25-Mar-13,205.20,207.30,201.30,202.30,6284057
22-Mar-13,203.40,205.75,203.00,204.50,4670636
21-Mar-13,206.80,206.90,203.50,204.70,5639236
20-Mar-13,209.00,210.60,206.90,207.20,6660951
19-Mar-13,207.70,208.50,205.90,207.20,8939028
18-Mar-13,204.60,207.90,203.20,207.20,6817561
15-Mar-13,211.70,211.70,208.00,208.70,10949804
14-Mar-13,208.90,211.10,208.80,211.00,7479170
13-Mar-13,208.50,208.80,205.90,208.70,11063182
12-Mar-13,209.30,211.00,208.90,209.30,6341636
11-Mar-13,209.60,210.80,209.40,210.00,3664670
8-Mar-13,209.90,211.20,209.00,210.10,7251639
7-Mar-13,209.80,210.60,207.40,209.30,8074358
6-Mar-13,211.60,213.80,209.80,210.10,6495487
5-Mar-13,208.30,211.50,207.72,210.70,6822944
4-Mar-13,207.40,208.71,204.70,206.80,8825100
1-Mar-13,208.90,213.00,203.00,211.40,11242706
28-Feb-13,201.80,202.70,200.40,202.50,11139002
27-Feb-13,198.80,200.80,197.30,200.50,8336504
26-Feb-13,198.00,199.20,194.40,197.80,8914058
25-Feb-13,200.60,202.90,199.70,200.70,5658405
22-Feb-13,198.70,200.40,198.30,199.80,6216665
21-Feb-13,199.00,199.56,196.10,198.10,10832450
20-Feb-13,200.70,203.10,199.85,201.50,6493796
19-Feb-13,196.40,201.10,195.90,200.40,6684826
18-Feb-13,197.50,198.40,196.14,196.90,4299912
15-Feb-13,195.70,198.00,195.40,196.60,5138625
14-Feb-13,196.40,197.10,195.00,196.00,5110669
13-Feb-13,193.60,197.80,193.00,196.50,9927297
12-Feb-13,192.40,194.00,191.00,194.00,6863321
11-Feb-13,191.80,194.40,191.80,193.30,5883351
8-Feb-13,186.90,192.30,186.90,192.00,13017513
7-Feb-13,186.70,188.90,185.10,185.90,5717668
6-Feb-13,186.20,188.20,185.10,186.40,6343498
5-Feb-13,183.90,186.30,183.50,184.90,5286409
4-Feb-13,189.90,189.90,183.40,184.20,8445212
1-Feb-13,188.40,190.04,186.70,189.20,5554861
31-Jan-13,188.60,189.20,186.80,187.40,7046263
30-Jan-13,189.50,189.80,188.30,189.00,6818755
29-Jan-13,188.80,190.50,188.80,189.50,5131175
28-Jan-13,188.00,190.90,187.80,188.40,5435328
25-Jan-13,186.10,188.40,186.10,187.60,3984375
24-Jan-13,183.50,187.80,182.85,186.80,4933183
23-Jan-13,186.50,186.70,183.30,184.30,6560837
22-Jan-13,186.80,188.40,186.30,186.60,4656182
21-Jan-13,185.70,187.70,185.40,186.60,3621100
18-Jan-13,186.20,186.80,185.60,185.70,6026810
17-Jan-13,182.40,187.00,182.40,186.10,10091471
16-Jan-13,183.10,183.30,180.40,182.10,7334396
15-Jan-13,185.00,185.60,182.30,183.10,6809858
14-Jan-13,185.80,187.60,185.00,185.30,5423673
11-Jan-13,184.10,185.70,183.50,185.20,5169556
10-Jan-13,183.20,184.90,183.20,183.50,4175770
9-Jan-13,182.50,184.76,182.30,183.50,5058510
8-Jan-13,181.10,184.10,180.80,182.00,6338219
7-Jan-13,182.40,183.20,181.40,182.30,4005056
4-Jan-13,181.60,182.90,181.00,182.50,4435437
3-Jan-13,182.20,183.20,181.57,182.10,4045609
2-Jan-13,180.00,182.70,179.80,181.50,5425357
