31-Dec-15,930.50,933.10,917.00,917.00,66694
30-Dec-15,920.00,923.00,915.00,922.00,150051
29-Dec-15,895.50,920.00,895.50,919.50,332212
24-Dec-15,919.00,919.50,902.63,916.00,46097
23-Dec-15,909.50,917.00,902.00,914.50,211769
22-Dec-15,914.00,915.00,896.00,902.00,249330
21-Dec-15,906.50,917.00,905.50,905.50,160187
18-Dec-15,898.00,920.00,898.00,907.50,425079
16-Dec-15,903.50,906.50,897.22,899.50,291327
15-Dec-15,897.00,903.00,894.38,898.00,358357
14-Dec-15,913.50,916.00,888.00,895.00,226466
11-Dec-15,912.00,917.75,909.00,909.50,379478
10-Dec-15,910.00,918.50,908.50,912.50,273409
9-Dec-15,912.50,918.22,908.00,914.00,477483
8-Dec-15,910.50,915.00,902.06,910.00,212146
7-Dec-15,902.00,914.50,902.00,913.50,314924
4-Dec-15,896.00,903.00,889.06,902.00,248148
3-Dec-15,905.00,918.63,898.60,899.50,324451
2-Dec-15,915.50,916.00,904.50,910.50,240880
1-Dec-15,913.00,918.00,910.38,914.50,252168
30-Nov-15,912.00,918.00,899.63,915.00,238609
27-Nov-15,901.00,911.00,901.00,910.00,124325
26-Nov-15,900.00,905.50,894.50,905.50,192310
25-Nov-15,892.00,898.50,880.34,897.50,206600
24-Nov-15,878.00,890.00,874.70,888.50,161279
23-Nov-15,888.50,893.50,887.00,887.50,165766
20-Nov-15,884.00,894.50,873.74,894.50,184992
19-Nov-15,880.00,889.50,877.38,887.00,320677
18-Nov-15,875.50,880.00,856.00,880.00,212219
17-Nov-15,866.50,876.00,852.53,874.00,199929
16-Nov-15,852.00,860.50,833.44,860.00,136773
13-Nov-15,860.00,861.50,850.50,857.50,163685
12-Nov-15,878.50,878.50,856.00,862.50,166504
11-Nov-15,868.00,878.00,867.00,875.50,557802
10-Nov-15,870.00,871.00,864.00,869.50,239813
9-Nov-15,866.50,875.00,866.00,868.50,254881
6-Nov-15,863.50,873.50,863.50,869.50,248354
5-Nov-15,864.00,873.50,862.00,867.50,239464
4-Nov-15,860.00,868.00,846.00,861.50,206874
3-Nov-15,866.00,866.50,858.50,860.00,205750
2-Nov-15,850.00,861.50,847.25,861.50,256133
30-Oct-15,856.50,860.00,845.68,855.50,250471
29-Oct-15,858.50,861.00,844.75,858.00,240481
28-Oct-15,846.00,859.30,846.00,858.50,158026
27-Oct-15,844.00,856.50,844.00,850.00,137317
26-Oct-15,853.00,855.00,846.50,851.50,230241
23-Oct-15,841.00,857.50,838.50,850.00,372446
22-Oct-15,829.00,837.50,822.50,835.00,236594
21-Oct-15,829.50,829.50,818.50,825.50,175905
20-Oct-15,822.00,826.50,820.50,821.50,156892
19-Oct-15,819.00,824.50,813.38,819.50,155588
16-Oct-15,814.50,826.84,813.50,819.00,188336
15-Oct-15,812.00,813.00,793.05,809.50,204202
14-Oct-15,809.50,816.00,806.00,806.50,224346
13-Oct-15,820.50,822.10,810.50,817.50,282760
12-Oct-15,824.50,829.40,820.00,824.00,270805
9-Oct-15,824.00,837.50,824.00,827.00,336043
8-Oct-15,826.00,829.50,817.50,824.50,266510
7-Oct-15,827.00,833.25,821.15,826.50,360492
6-Oct-15,831.00,835.30,824.00,826.00,187139
5-Oct-15,826.00,833.50,824.00,831.50,217317
2-Oct-15,826.00,826.00,813.50,818.00,246368
1-Oct-15,817.00,826.00,815.50,818.00,290940
30-Sep-15,825.00,825.50,814.00,817.50,298015
29-Sep-15,817.00,819.00,808.00,809.50,479549
28-Sep-15,832.50,859.25,820.50,822.00,251363
25-Sep-15,825.00,857.72,820.78,832.00,362573
24-Sep-15,833.50,838.00,815.00,815.00,454217
23-Sep-15,825.00,839.50,820.50,836.00,421303
22-Sep-15,850.50,852.00,826.98,827.00,347942
21-Sep-15,855.00,860.00,847.00,849.00,308674
18-Sep-15,862.00,864.50,853.00,855.50,1746224
17-Sep-15,885.00,903.33,861.00,865.00,807434
16-Sep-15,865.50,888.46,857.80,888.46,357251
15-Sep-15,860.00,883.41,851.00,860.00,262069
14-Sep-15,867.00,888.58,855.00,856.50,343756
11-Sep-15,864.50,884.54,852.50,884.54,360333
10-Sep-15,839.50,863.50,839.00,858.50,416798
9-Sep-15,841.50,841.50,830.50,838.50,315512
8-Sep-15,820.00,831.50,818.00,828.50,279522
7-Sep-15,820.00,820.00,810.50,818.00,323027
4-Sep-15,834.00,834.00,811.50,812.00,577146
3-Sep-15,837.00,840.35,832.00,838.50,278822
2-Sep-15,833.50,834.50,819.00,833.00,355508
1-Sep-15,839.00,841.50,827.00,827.50,472305
28-Aug-15,830.00,844.00,823.50,843.50,559541
27-Aug-15,843.50,851.30,826.48,830.00,622129
26-Aug-15,866.00,871.00,850.00,862.50,534496
25-Aug-15,867.50,873.50,853.00,868.00,552913
24-Aug-15,858.50,859.48,827.50,846.00,633589
21-Aug-15,876.00,886.28,873.83,876.00,387311
20-Aug-15,882.00,907.50,877.50,890.00,488417
19-Aug-15,879.50,885.50,875.00,883.00,296325
18-Aug-15,884.50,887.50,877.20,885.00,255384
17-Aug-15,890.50,894.00,881.00,883.00,163684
14-Aug-15,889.50,898.00,887.50,887.50,276344
13-Aug-15,882.00,896.50,882.00,890.50,248406
12-Aug-15,886.00,886.00,877.00,880.50,279153
11-Aug-15,883.00,895.50,883.00,893.00,156885
10-Aug-15,898.50,898.50,886.50,893.50,160367
7-Aug-15,897.50,900.00,889.50,889.50,190390
6-Aug-15,865.00,900.50,865.00,896.50,680372
5-Aug-15,867.50,874.00,866.50,870.00,162797
4-Aug-15,867.00,870.78,863.50,870.50,208524
3-Aug-15,847.00,863.50,847.00,863.00,256924
31-Jul-15,854.50,854.50,842.50,853.00,346747
30-Jul-15,846.00,854.00,844.50,849.50,213203
29-Jul-15,843.50,851.50,838.00,845.50,267738
28-Jul-15,837.50,850.50,837.50,847.50,312581
27-Jul-15,842.00,850.50,834.50,839.98,316019
24-Jul-15,855.50,855.50,846.50,852.50,297817
23-Jul-15,856.00,860.50,852.50,855.50,210267
22-Jul-15,862.00,862.50,853.00,854.00,236136
21-Jul-15,855.50,859.50,851.00,859.50,445769
20-Jul-15,850.00,856.50,847.00,852.50,303465
17-Jul-15,841.00,850.00,840.50,849.00,274941
16-Jul-15,849.50,850.00,841.28,846.00,332191
15-Jul-15,836.00,837.00,830.00,834.00,316844
14-Jul-15,844.50,844.50,827.50,833.00,194080
13-Jul-15,836.00,843.50,828.50,835.50,461434
10-Jul-15,827.50,828.32,817.50,825.00,265085
9-Jul-15,801.50,818.00,801.50,810.50,277468
8-Jul-15,810.00,813.00,801.50,810.50,212908
7-Jul-15,821.00,821.00,801.00,804.00,281074
6-Jul-15,815.00,823.00,815.00,818.00,185588
3-Jul-15,825.00,833.50,820.00,825.00,261707
2-Jul-15,832.00,839.00,830.50,833.50,179453
1-Jul-15,814.50,837.00,811.08,834.50,332587
30-Jun-15,814.00,822.50,807.83,820.00,333839
29-Jun-15,815.50,820.00,814.00,814.00,412260
26-Jun-15,842.50,842.50,817.50,822.00,291499
25-Jun-15,818.50,830.00,818.50,826.50,232400
24-Jun-15,830.50,832.50,821.50,825.00,312641
23-Jun-15,830.00,833.00,825.00,826.00,364185
22-Jun-15,826.50,832.34,821.50,827.00,307661
19-Jun-15,812.00,826.50,812.00,817.00,553587
18-Jun-15,821.00,823.50,810.00,823.50,281618
17-Jun-15,831.00,835.50,816.50,820.50,255894
16-Jun-15,822.50,830.00,816.00,828.00,266433
15-Jun-15,825.00,828.50,815.45,823.00,208037
12-Jun-15,839.50,845.55,830.00,833.50,261950
11-Jun-15,843.00,845.50,837.50,845.00,259080
10-Jun-15,827.00,839.00,826.50,838.00,253813
9-Jun-15,830.50,837.00,824.00,827.50,294525
8-Jun-15,839.00,846.18,835.00,836.00,182590
5-Jun-15,842.00,852.07,837.50,841.50,217069
4-Jun-15,848.00,854.00,842.86,851.00,222366
3-Jun-15,849.00,858.50,848.98,856.50,408793
2-Jun-15,855.00,858.00,843.50,850.50,344373
1-Jun-15,854.00,861.00,846.00,853.50,243793
29-May-15,858.00,864.00,853.50,856.00,398329
28-May-15,858.50,860.00,854.50,860.00,211590
27-May-15,843.50,864.00,843.50,861.00,488330
26-May-15,876.50,876.50,855.48,856.00,210164
22-May-15,854.50,865.00,854.50,860.00,321121
21-May-15,861.00,864.05,858.50,859.50,225188
20-May-15,868.00,868.28,860.50,863.50,264770
19-May-15,855.00,865.50,853.70,854.85,465004
18-May-15,850.00,854.00,843.50,851.50,257684
15-May-15,843.50,855.00,843.00,847.50,256857
14-May-15,841.50,850.50,840.50,845.00,413150
13-May-15,844.00,848.00,839.00,845.50,216156
12-May-15,838.00,841.50,831.00,840.00,352534
11-May-15,857.00,859.00,847.00,848.00,340948
8-May-15,859.50,874.00,852.00,854.50,569488
7-May-15,828.00,845.00,828.00,843.00,547499
6-May-15,822.50,833.00,821.00,830.00,640972
5-May-15,840.00,845.50,825.00,825.00,653287
1-May-15,835.00,841.50,826.38,840.00,187527
30-Apr-15,834.00,844.50,834.00,843.50,428976
29-Apr-15,840.00,851.00,831.00,838.00,427758
28-Apr-15,851.50,851.50,839.00,843.00,443153
27-Apr-15,840.00,857.00,840.00,848.50,313835
24-Apr-15,837.50,864.00,835.22,845.00,440549
23-Apr-15,845.00,845.00,839.00,842.50,363185
22-Apr-15,841.00,848.50,836.50,842.50,354524
21-Apr-15,846.50,851.00,836.00,843.00,369300
20-Apr-15,840.00,848.34,839.00,840.50,386586
17-Apr-15,854.00,854.50,835.50,840.00,409499
16-Apr-15,850.50,853.50,847.40,849.00,411332
15-Apr-15,858.50,858.50,850.00,854.50,223124
14-Apr-15,849.50,859.00,849.50,854.57,325810
13-Apr-15,857.00,860.00,854.00,855.50,314393
10-Apr-15,854.00,859.00,846.68,859.00,384207
9-Apr-15,835.00,852.00,835.00,848.50,318497
8-Apr-15,833.50,842.51,833.50,837.50,380853
7-Apr-15,835.00,841.50,833.00,838.50,496035
2-Apr-15,826.50,829.00,820.00,829.00,558927
1-Apr-15,811.50,826.50,806.09,821.00,567354
31-Mar-15,827.50,836.74,813.50,816.14,573482
30-Mar-15,830.50,841.83,827.50,831.00,614162
27-Mar-15,842.00,849.84,827.50,832.50,537034
26-Mar-15,864.50,869.18,842.50,845.00,921812
25-Mar-15,888.00,890.01,882.00,883.00,369041
24-Mar-15,887.00,889.00,881.00,883.00,686560
23-Mar-15,890.00,899.05,878.50,883.00,573554
20-Mar-15,863.50,935.00,858.00,888.00,5955929
19-Mar-15,870.00,870.00,854.50,861.70,921074
18-Mar-15,855.00,876.00,834.58,862.00,1326457
17-Mar-15,855.00,873.00,852.50,858.00,635938
16-Mar-15,863.50,874.00,852.00,870.00,613642
13-Mar-15,850.00,863.79,848.00,856.00,324474
12-Mar-15,839.00,850.00,838.50,850.00,343556
11-Mar-15,844.00,846.50,834.50,840.50,308512
10-Mar-15,863.50,863.50,839.00,840.50,441243
9-Mar-15,851.00,863.00,851.00,858.35,662297
6-Mar-15,858.00,859.50,850.50,856.50,389261
5-Mar-15,845.00,858.00,845.00,858.00,424490
4-Mar-15,843.00,847.50,839.81,846.50,311574
3-Mar-15,852.50,858.00,841.50,843.00,209710
2-Mar-15,847.00,863.00,844.70,855.50,365020
27-Feb-15,872.00,872.00,844.29,858.00,623620
26-Feb-15,859.00,861.34,854.50,858.50,492037
25-Feb-15,853.50,864.50,850.00,859.50,312384
24-Feb-15,849.50,852.00,847.08,849.00,686471
23-Feb-15,850.00,854.00,844.50,850.00,365085
20-Feb-15,839.00,847.00,833.50,847.00,365867
19-Feb-15,834.50,842.50,833.50,835.50,438434
18-Feb-15,836.50,843.00,827.00,837.50,314701
17-Feb-15,840.00,845.50,826.00,839.50,286465
16-Feb-15,835.00,837.50,827.55,828.00,134420
13-Feb-15,832.50,838.00,830.00,835.50,428143
12-Feb-15,819.50,840.00,819.50,833.50,229674
11-Feb-15,832.50,833.50,826.00,826.00,134431
10-Feb-15,821.50,834.00,821.50,827.00,473408
9-Feb-15,820.00,826.50,815.00,823.50,476650
6-Feb-15,816.50,834.00,816.50,830.00,258775
5-Feb-15,821.00,830.50,818.00,826.50,307008
4-Feb-15,838.50,838.50,831.00,832.00,314105
3-Feb-15,830.00,840.50,828.60,837.00,356620
2-Feb-15,843.50,843.50,827.50,831.50,302178
30-Jan-15,845.50,845.50,833.50,839.00,768939
29-Jan-15,826.00,838.50,825.50,838.50,244686
28-Jan-15,825.00,833.50,821.50,833.50,439987
27-Jan-15,824.50,826.00,820.00,820.24,275373
26-Jan-15,821.00,824.50,812.00,823.00,232877
23-Jan-15,826.50,828.50,821.50,824.50,317305
22-Jan-15,815.00,821.00,812.00,816.50,305617
21-Jan-15,811.00,816.00,809.00,813.00,212729
20-Jan-15,826.00,826.00,814.50,815.00,295703
19-Jan-15,820.00,826.50,817.00,821.50,334432
16-Jan-15,807.00,819.50,804.00,816.50,437735
15-Jan-15,814.50,814.50,789.00,805.00,446386
14-Jan-15,820.00,823.00,800.00,809.50,425106
13-Jan-15,802.50,830.00,797.00,829.00,490382
12-Jan-15,808.00,810.00,797.00,801.00,241451
9-Jan-15,801.50,808.50,797.50,803.00,276372
8-Jan-15,797.00,803.00,794.00,802.50,290184
7-Jan-15,791.50,794.47,784.60,792.50,425996
6-Jan-15,808.00,808.00,783.50,783.50,401759
5-Jan-15,819.00,824.00,801.54,803.00,209923
31-Dec-14,810.50,833.00,810.50,830.00,238139
30-Dec-14,817.00,818.00,810.50,816.50,124406
29-Dec-14,804.50,823.00,804.50,816.00,262328
24-Dec-14,806.50,827.00,806.50,818.00,73376
23-Dec-14,816.50,824.50,816.00,823.00,210913
22-Dec-14,811.00,820.00,810.00,820.00,437626
19-Dec-14,808.00,818.50,806.00,814.00,720546
18-Dec-14,810.50,810.50,794.50,809.00,437900
17-Dec-14,793.50,798.50,787.50,794.50,343843
16-Dec-14,766.00,794.50,765.00,794.50,673530
15-Dec-14,771.00,787.50,766.00,766.00,409698
12-Dec-14,797.50,801.78,778.50,780.50,238595
11-Dec-14,814.00,814.00,800.00,804.00,423764
10-Dec-14,809.00,813.50,799.19,811.50,277265
9-Dec-14,808.00,824.00,802.00,804.50,473524
8-Dec-14,824.00,829.50,819.00,824.00,327682
5-Dec-14,824.00,826.50,819.50,824.50,551499
4-Dec-14,816.00,829.50,813.50,816.00,590895
3-Dec-14,812.00,823.50,803.75,819.50,671160
2-Dec-14,809.50,818.00,798.00,814.00,1056800
1-Dec-14,796.00,801.50,794.84,800.50,438676
28-Nov-14,802.00,802.50,800.50,802.00,470368
27-Nov-14,800.00,807.00,797.50,802.00,367344
26-Nov-14,781.00,800.00,778.72,797.50,712037
25-Nov-14,780.00,789.00,778.00,785.50,717289
24-Nov-14,770.00,797.50,769.50,780.00,958461
21-Nov-14,762.50,770.00,762.50,769.00,395656
20-Nov-14,759.50,767.00,759.50,766.00,189484
19-Nov-14,770.00,770.00,763.50,763.50,243870
18-Nov-14,766.50,772.50,763.50,768.00,307794
17-Nov-14,760.50,768.65,756.00,767.50,264182
14-Nov-14,758.50,767.50,756.50,767.50,396049
13-Nov-14,758.50,760.00,755.08,760.00,469320
12-Nov-14,756.00,760.45,756.00,760.00,478937
11-Nov-14,756.50,760.00,756.50,760.00,485271
10-Nov-14,749.00,760.00,748.50,760.00,236175
7-Nov-14,759.50,761.00,752.00,752.00,368341
6-Nov-14,761.50,761.85,755.50,757.00,347064
5-Nov-14,760.50,765.22,758.50,762.00,335246
4-Nov-14,751.50,760.00,749.50,756.00,256606
3-Nov-14,753.50,755.50,744.50,750.00,289089
31-Oct-14,757.50,762.34,743.50,753.00,425324
30-Oct-14,749.50,754.49,744.00,752.00,397784
29-Oct-14,743.50,750.31,743.50,749.00,232270
28-Oct-14,734.50,746.00,734.00,745.50,364734
27-Oct-14,741.50,744.00,729.00,733.00,454793
24-Oct-14,736.00,744.50,732.13,738.00,274820
23-Oct-14,728.00,738.00,721.50,734.50,518419
22-Oct-14,725.00,733.50,723.75,725.00,331503
21-Oct-14,715.00,729.50,715.00,724.21,239557
20-Oct-14,717.00,727.50,715.00,719.50,146685
17-Oct-14,708.50,720.00,706.50,719.50,328211
16-Oct-14,718.50,725.50,693.00,708.50,543712
15-Oct-14,728.00,731.04,717.15,719.00,651701
14-Oct-14,721.50,730.00,719.00,729.00,535281
13-Oct-14,720.00,724.50,717.00,722.50,517682
10-Oct-14,715.50,729.00,715.50,724.50,614440
9-Oct-14,733.00,733.00,711.50,721.50,359758
8-Oct-14,730.00,733.00,723.50,725.50,380041
7-Oct-14,735.00,739.90,729.00,732.50,345564
6-Oct-14,739.00,746.00,733.00,737.50,299065
3-Oct-14,723.00,738.50,718.27,738.00,256298
2-Oct-14,723.50,725.50,715.50,718.00,265813
1-Oct-14,725.00,730.00,720.00,723.00,359120
30-Sep-14,734.00,734.50,722.00,728.00,314891
29-Sep-14,732.00,736.00,726.50,731.50,269148
26-Sep-14,738.50,745.00,734.00,737.50,182963
25-Sep-14,736.50,745.50,734.15,740.00,367179
24-Sep-14,735.50,737.04,727.50,732.00,417584
23-Sep-14,747.50,747.50,730.00,733.50,347403
22-Sep-14,737.50,748.00,735.00,746.00,368675
19-Sep-14,732.50,749.00,732.50,740.50,1480621
18-Sep-14,718.50,731.50,718.50,731.50,261320
17-Sep-14,731.50,735.00,721.00,721.00,221101
16-Sep-14,726.00,730.50,718.00,725.50,257442
15-Sep-14,706.50,734.50,706.50,730.50,447674
12-Sep-14,711.00,714.50,708.50,712.00,196356
11-Sep-14,711.50,718.00,710.00,713.00,266794
10-Sep-14,721.00,721.00,714.50,715.00,285415
9-Sep-14,720.50,723.05,713.50,716.00,157469
8-Sep-14,726.50,726.50,710.50,723.00,240293
5-Sep-14,735.50,735.50,721.50,725.50,246392
4-Sep-14,733.50,739.50,730.59,733.50,307004
3-Sep-14,735.50,744.50,733.03,738.00,240744
2-Sep-14,747.00,754.46,743.50,752.00,228475
1-Sep-14,746.00,755.50,738.64,753.50,215672
29-Aug-14,740.00,748.00,736.40,741.00,210787
28-Aug-14,749.00,750.00,738.50,740.00,200490
27-Aug-14,750.00,755.00,746.90,751.00,336671
26-Aug-14,738.00,753.00,721.30,752.50,561617
22-Aug-14,739.00,743.98,730.38,738.00,257498
21-Aug-14,722.50,735.50,704.00,718.00,438428
20-Aug-14,734.00,734.00,712.50,715.00,211502
19-Aug-14,721.00,728.70,717.45,724.00,169251
18-Aug-14,719.50,719.50,715.34,719.50,157837
15-Aug-14,719.00,719.50,715.00,717.00,247989
14-Aug-14,718.00,721.42,714.50,720.44,219465
13-Aug-14,716.50,723.00,712.00,718.50,197938
12-Aug-14,717.00,717.00,710.50,716.00,196599
11-Aug-14,719.00,719.00,711.00,715.00,217410
8-Aug-14,709.50,714.60,706.00,713.00,230449
7-Aug-14,702.00,714.50,702.00,712.00,204357
6-Aug-14,705.00,706.50,696.00,705.50,281239
5-Aug-14,710.50,716.84,704.50,704.50,228796
4-Aug-14,696.00,706.00,693.50,705.00,381982
1-Aug-14,700.50,701.00,690.00,692.50,440965
31-Jul-14,709.00,713.58,696.50,700.00,262472
30-Jul-14,697.50,711.00,690.50,707.99,408983
29-Jul-14,691.50,699.46,688.00,693.50,258787
28-Jul-14,682.50,691.00,679.22,687.50,302917
25-Jul-14,672.50,684.50,671.50,680.00,477368
24-Jul-14,650.00,673.88,649.00,672.00,2026613
23-Jul-14,650.00,658.00,642.00,652.07,5087860
22-Jul-14,647.00,650.00,646.50,650.00,925893
21-Jul-14,647.50,650.00,642.50,650.00,726196
18-Jul-14,646.00,650.00,636.50,642.00,814687
17-Jul-14,650.00,655.50,646.50,646.50,852674
16-Jul-14,647.00,650.00,645.50,650.00,225574
15-Jul-14,644.00,649.50,642.30,644.50,172661
14-Jul-14,641.50,645.00,638.90,645.00,479432
11-Jul-14,645.00,645.50,633.50,640.00,290227
10-Jul-14,646.50,646.50,635.00,643.50,149017
9-Jul-14,655.50,655.50,642.00,643.50,161181
8-Jul-14,654.50,654.50,642.00,649.00,238359
7-Jul-14,655.00,661.80,650.50,653.50,226190
4-Jul-14,660.00,669.37,658.00,661.50,172496
3-Jul-14,655.00,661.32,654.85,660.00,460289
2-Jul-14,657.50,663.20,653.00,657.00,165220
1-Jul-14,655.50,656.00,647.40,654.00,266490
30-Jun-14,635.00,649.00,634.00,649.00,332377
27-Jun-14,633.50,637.50,628.50,635.00,185938
26-Jun-14,628.50,638.21,623.50,632.00,236248
25-Jun-14,621.00,626.00,614.85,625.50,296672
24-Jun-14,631.50,633.50,622.50,625.00,471560
23-Jun-14,625.00,632.92,625.00,629.00,258226
20-Jun-14,638.00,641.04,624.87,635.25,924469
19-Jun-14,640.00,642.50,632.00,634.50,257223
18-Jun-14,636.00,640.82,635.44,637.00,253663
17-Jun-14,643.00,643.00,633.50,634.50,234801
16-Jun-14,639.00,644.50,633.50,638.50,184838
13-Jun-14,650.00,650.56,634.15,639.00,129030
12-Jun-14,655.00,853.50,648.00,648.00,90777
11-Jun-14,657.50,657.50,652.00,652.00,145923
10-Jun-14,657.50,660.00,651.60,657.00,192934
9-Jun-14,660.00,662.00,646.20,654.00,208359
6-Jun-14,652.50,658.00,647.73,658.00,195137
5-Jun-14,652.00,653.50,646.50,652.00,289977
4-Jun-14,650.00,653.50,646.00,651.00,144276
3-Jun-14,654.00,654.51,647.13,649.00,214038
2-Jun-14,653.50,655.00,648.50,652.50,325087
30-May-14,649.00,655.61,646.50,650.00,412379
29-May-14,650.00,654.00,644.65,648.00,134203
28-May-14,640.00,655.50,637.70,649.00,208728
27-May-14,641.50,642.40,633.00,638.00,337645
23-May-14,637.00,640.50,633.00,633.50,282227
22-May-14,642.50,642.50,635.00,635.00,336223
21-May-14,649.50,649.50,637.50,640.50,141431
20-May-14,637.50,644.00,635.50,641.50,257011
19-May-14,643.00,652.00,634.50,635.50,230911
16-May-14,655.00,658.42,630.18,641.50,375612
15-May-14,667.50,667.50,644.00,652.50,298128
14-May-14,672.00,672.00,663.50,665.00,173692
13-May-14,675.00,677.50,666.00,669.50,99483
12-May-14,673.50,674.42,667.01,671.00,164413
9-May-14,681.50,681.50,665.00,670.00,247434
8-May-14,685.00,685.00,667.50,672.50,172230
7-May-14,679.00,681.52,669.00,675.00,206679
6-May-14,684.00,684.00,666.00,677.50,510649
2-May-14,690.00,690.00,671.69,676.00,345668
1-May-14,685.00,719.70,680.60,691.50,262223
30-Apr-14,698.00,698.00,678.33,683.00,149163
29-Apr-14,675.00,696.00,670.72,693.00,270591
28-Apr-14,676.00,680.75,668.79,672.00,530670
25-Apr-14,672.50,675.00,666.50,669.00,290093
24-Apr-14,665.50,679.88,661.50,674.00,364718
23-Apr-14,666.00,666.50,658.55,660.00,176456
22-Apr-14,647.00,667.44,647.00,663.50,255365
17-Apr-14,647.50,647.50,632.50,640.00,340810
16-Apr-14,646.50,666.41,638.00,641.50,220496
15-Apr-14,652.50,669.77,641.00,648.50,429093
14-Apr-14,638.50,663.96,638.50,660.50,529305
11-Apr-14,630.50,647.00,629.50,644.00,585947
10-Apr-14,636.00,640.50,635.00,637.00,302261
9-Apr-14,625.00,635.50,622.90,635.00,436128
8-Apr-14,636.50,639.68,618.00,619.00,302441
7-Apr-14,648.00,649.00,633.50,634.50,130541
4-Apr-14,650.50,657.00,632.00,647.50,409191
3-Apr-14,651.50,663.00,637.50,639.00,227390
2-Apr-14,685.00,685.06,647.81,652.00,936042
1-Apr-14,661.00,685.74,660.50,684.50,449311
31-Mar-14,663.00,699.81,652.50,661.92,1025327
28-Mar-14,713.50,719.50,560.52,652.00,2784222
27-Mar-14,744.50,745.00,731.00,737.00,242504
26-Mar-14,730.00,747.50,709.80,741.50,831860
25-Mar-14,698.50,711.80,697.50,710.00,298218
24-Mar-14,690.50,729.88,688.19,693.00,559199
21-Mar-14,696.00,706.00,688.00,688.00,403896
20-Mar-14,700.00,712.50,694.50,702.36,253549
19-Mar-14,744.50,744.50,685.07,702.00,668960
18-Mar-14,740.00,745.00,733.00,740.50,99355
17-Mar-14,729.50,745.00,729.50,740.50,75929
14-Mar-14,736.00,741.00,730.50,733.00,76413
13-Mar-14,744.00,745.00,735.00,743.29,101035
12-Mar-14,739.00,746.50,737.50,742.00,174461
11-Mar-14,741.50,746.00,739.00,745.00,150097
10-Mar-14,744.50,745.50,739.50,745.50,151415
7-Mar-14,747.00,747.00,740.00,743.00,134947
6-Mar-14,747.00,748.00,742.50,745.00,172299
5-Mar-14,747.00,750.00,745.00,745.00,605834
4-Mar-14,740.50,750.00,740.50,749.00,207630
3-Mar-14,742.00,746.00,732.50,740.00,131540
28-Feb-14,747.50,750.00,747.50,750.00,297340
27-Feb-14,744.00,750.00,741.00,748.50,134628
26-Feb-14,750.00,750.00,746.00,750.00,133369
25-Feb-14,748.00,750.00,746.00,750.00,677396
24-Feb-14,745.50,750.00,745.50,748.00,174529
21-Feb-14,742.00,750.00,737.50,749.92,248154
20-Feb-14,729.00,744.00,729.00,742.00,131308
19-Feb-14,734.50,749.00,734.50,738.00,141906
18-Feb-14,732.00,740.00,732.00,740.00,248331
17-Feb-14,734.50,735.00,732.50,735.00,152187
14-Feb-14,735.00,735.00,731.00,733.00,146671
13-Feb-14,735.00,735.00,730.50,735.00,115186
12-Feb-14,735.00,735.00,734.00,735.00,427468
11-Feb-14,734.00,736.50,733.00,735.00,315306
10-Feb-14,732.00,742.00,732.00,735.00,536239
7-Feb-14,735.00,735.50,733.00,735.00,382283
6-Feb-14,735.00,735.50,730.00,735.00,306180
5-Feb-14,733.00,738.50,730.50,732.50,205644
4-Feb-14,724.50,737.50,724.50,733.86,218240
3-Feb-14,731.50,737.50,729.00,730.00,287652
31-Jan-14,735.00,737.00,727.50,734.50,164316
30-Jan-14,729.50,735.00,726.50,732.00,67911
29-Jan-14,732.00,737.50,725.00,724.00,184259
28-Jan-14,732.00,735.50,725.00,727.00,133564
27-Jan-14,732.00,732.00,727.00,729.00,130692
24-Jan-14,739.00,739.50,728.00,730.50,183785
23-Jan-14,731.50,741.50,731.50,738.50,282493
22-Jan-14,744.50,744.50,736.00,740.00,59509
21-Jan-14,735.00,744.50,735.00,738.50,440252
20-Jan-14,735.00,748.00,734.00,744.00,573109
17-Jan-14,735.00,735.00,731.50,735.00,95042
16-Jan-14,735.00,737.00,733.00,735.00,369173
15-Jan-14,734.50,735.50,731.50,734.75,247614
14-Jan-14,735.00,737.50,732.50,735.00,216188
13-Jan-14,735.00,737.50,733.50,735.00,333380
10-Jan-14,734.00,737.50,732.00,735.00,279019
9-Jan-14,734.00,740.50,731.50,735.00,244561
8-Jan-14,736.50,739.00,733.50,734.96,110056
7-Jan-14,735.00,740.00,732.50,735.00,447597
6-Jan-14,737.00,739.50,733.50,735.00,100118
3-Jan-14,737.00,739.00,725.00,735.00,93584
2-Jan-14,730.00,743.00,726.50,730.50,112244
31-Dec-13,729.00,729.00,722.00,727.50,65838
30-Dec-13,732.00,735.00,724.50,725.50,126910
27-Dec-13,736.00,738.50,728.00,738.50,92430
24-Dec-13,704.00,733.50,704.00,732.00,23360
23-Dec-13,699.00,700.00,694.50,700.00,303706
20-Dec-13,695.50,704.00,695.50,699.50,1779815
19-Dec-13,700.00,701.50,696.00,700.00,248438
18-Dec-13,699.50,699.50,689.50,690.50,76467
17-Dec-13,688.00,698.50,688.00,691.50,109040
16-Dec-13,681.50,700.00,681.50,691.00,107785
13-Dec-13,695.50,695.50,685.00,690.50,60848
12-Dec-13,690.50,693.00,684.00,689.00,95913
11-Dec-13,679.00,693.00,679.00,690.50,196562
10-Dec-13,684.00,691.00,677.00,681.50,105739
9-Dec-13,669.50,683.50,666.00,683.00,401626
6-Dec-13,664.50,674.00,658.50,661.50,228775
5-Dec-13,700.00,702.00,655.00,661.50,473420
4-Dec-13,711.00,711.50,703.00,704.00,143586
3-Dec-13,705.00,715.00,705.00,712.00,224274
2-Dec-13,708.50,712.50,708.50,710.00,196898
29-Nov-13,709.00,710.00,707.50,710.00,109740
28-Nov-13,705.00,710.00,705.00,707.50,62327
27-Nov-13,708.00,711.00,705.00,707.50,158552
26-Nov-13,704.50,708.00,701.00,706.50,136864
25-Nov-13,709.00,715.00,702.00,705.00,134295
22-Nov-13,695.00,706.00,693.00,705.50,82644
21-Nov-13,701.50,702.00,692.50,697.48,296210
20-Nov-13,711.00,715.50,704.50,705.00,117822
19-Nov-13,720.00,722.50,709.50,710.00,123673
18-Nov-13,717.50,722.00,713.00,720.50,101152
15-Nov-13,711.00,735.00,709.00,712.00,507234
14-Nov-13,715.00,762.00,710.00,715.25,799172
13-Nov-13,777.00,782.50,776.00,777.00,159131
12-Nov-13,784.50,785.00,778.50,780.36,91913
11-Nov-13,786.50,792.00,784.50,790.00,111391
8-Nov-13,779.50,790.00,779.00,785.00,90177
7-Nov-13,777.00,807.00,777.00,784.50,241264
6-Nov-13,771.00,783.50,770.50,777.00,202372
5-Nov-13,783.50,786.00,766.50,772.00,129694
4-Nov-13,778.00,790.50,778.00,786.00,116034
1-Nov-13,778.00,782.50,775.00,778.50,66368
31-Oct-13,783.00,783.00,773.50,778.99,115277
30-Oct-13,788.00,790.00,781.00,785.00,98117
29-Oct-13,776.00,791.50,775.00,788.50,108048
28-Oct-13,790.00,790.00,753.00,775.00,231055
25-Oct-13,785.00,810.00,774.50,785.00,183926
24-Oct-13,770.00,777.50,769.00,775.00,158438
23-Oct-13,767.00,770.00,763.00,767.00,206021
22-Oct-13,765.50,767.50,754.50,766.50,162392
21-Oct-13,751.00,767.00,751.00,760.00,254971
18-Oct-13,750.00,752.00,747.00,750.00,304630
17-Oct-13,750.00,750.50,743.50,749.96,217359
16-Oct-13,750.00,754.50,747.00,750.00,315495
15-Oct-13,750.00,750.50,747.00,750.00,77365
14-Oct-13,745.50,751.50,745.50,750.00,164781
11-Oct-13,732.50,751.50,730.50,747.00,151522
10-Oct-13,730.50,738.50,720.00,734.50,207194
9-Oct-13,728.00,736.50,726.00,730.00,262523
8-Oct-13,728.00,734.00,727.00,732.50,97823
7-Oct-13,740.50,740.50,727.00,730.00,67008
4-Oct-13,737.50,746.00,737.50,740.50,80231
3-Oct-13,745.50,749.00,737.00,737.00,58888
2-Oct-13,746.00,748.00,738.50,746.00,111945
1-Oct-13,741.00,749.00,739.00,746.00,216561
30-Sep-13,744.00,746.50,735.50,745.00,179658
27-Sep-13,746.50,748.50,739.50,741.50,72807
26-Sep-13,751.00,751.50,746.50,746.50,100639
25-Sep-13,756.00,757.00,748.00,750.38,145351
24-Sep-13,751.00,758.50,750.00,755.00,143247
20-Sep-13,772.50,772.50,761.00,762.50,556374
19-Sep-13,787.50,787.50,768.50,774.63,94298
18-Sep-13,778.00,780.00,773.50,775.00,128442
17-Sep-13,778.00,791.50,775.00,779.00,160336
16-Sep-13,778.50,782.50,774.00,781.00,127377
13-Sep-13,759.50,775.00,753.00,773.50,114938
12-Sep-13,763.50,764.50,750.50,758.50,78360
11-Sep-13,737.00,762.00,737.00,759.50,132750
10-Sep-13,726.00,744.00,726.00,740.50,108498
9-Sep-13,729.00,733.00,720.50,725.07,149100
6-Sep-13,735.00,736.00,728.50,730.50,127991
5-Sep-13,718.00,736.50,718.00,734.00,100285
4-Sep-13,726.00,741.50,713.00,726.67,161990
3-Sep-13,763.00,770.00,752.50,755.00,151564
2-Sep-13,763.50,774.50,758.00,770.00,172127
30-Aug-13,758.50,758.50,746.50,748.50,93173
29-Aug-13,741.00,759.50,738.00,753.50,240511
28-Aug-13,740.50,742.50,733.50,742.50,87555
27-Aug-13,746.50,754.00,739.00,740.00,159102
23-Aug-13,740.00,749.50,736.50,746.00,98190
22-Aug-13,735.00,775.00,735.00,735.00,245389
21-Aug-13,752.50,754.00,741.00,750.03,91299
20-Aug-13,752.50,752.50,740.50,748.00,95782
19-Aug-13,739.50,755.00,739.00,747.58,106594
16-Aug-13,736.50,746.00,732.50,741.00,71112
15-Aug-13,738.50,743.50,730.50,735.00,107119
14-Aug-13,746.50,752.50,741.00,741.00,67701
13-Aug-13,757.00,760.00,745.50,750.01,59282
12-Aug-13,754.50,760.00,751.50,755.00,50655
9-Aug-13,770.50,770.50,751.50,751.50,73657
8-Aug-13,747.00,767.00,747.00,762.93,112781
7-Aug-13,740.50,752.00,739.50,744.35,71844
6-Aug-13,751.50,760.00,745.50,747.00,112969
5-Aug-13,746.00,751.50,745.50,751.50,60876
2-Aug-13,744.00,748.50,727.00,741.50,127475
1-Aug-13,734.50,740.50,731.50,740.00,63769
31-Jul-13,733.50,736.00,725.50,732.50,47355
30-Jul-13,730.00,736.00,720.50,736.00,92025
29-Jul-13,726.50,735.00,723.00,729.00,86976
26-Jul-13,726.00,727.00,720.00,720.50,103406
25-Jul-13,726.50,728.00,720.00,725.50,61885
24-Jul-13,729.00,731.50,721.50,727.50,97081
23-Jul-13,725.00,728.00,718.50,728.00,87084
22-Jul-13,716.00,723.00,709.00,720.00,65354
19-Jul-13,719.50,724.50,719.00,722.00,61710
18-Jul-13,725.00,728.05,715.00,723.00,112025
17-Jul-13,712.00,712.50,706.50,711.50,129925
16-Jul-13,711.00,716.50,711.00,712.00,140021
15-Jul-13,718.00,720.00,710.00,712.00,219743
12-Jul-13,678.00,719.00,673.50,719.00,1017617
11-Jul-13,654.50,656.00,650.50,653.10,57046
10-Jul-13,654.00,655.00,647.50,649.50,100314
9-Jul-13,657.50,660.00,652.50,654.52,107572
8-Jul-13,647.00,661.50,642.86,653.24,118389
5-Jul-13,640.00,646.70,630.88,639.64,97806
4-Jul-13,637.00,647.00,632.50,640.00,124616
3-Jul-13,636.00,637.50,623.50,633.50,65766
2-Jul-13,647.50,647.50,633.45,636.18,96659
1-Jul-13,630.00,640.50,630.00,640.00,80961
28-Jun-13,640.50,641.72,631.00,636.00,110262
27-Jun-13,637.00,639.40,630.50,636.50,181476
26-Jun-13,622.00,647.00,622.00,636.00,214955
25-Jun-13,625.00,629.50,617.33,624.50,224461
24-Jun-13,636.00,638.00,621.00,625.00,154981
21-Jun-13,640.50,649.50,635.05,643.33,525394
20-Jun-13,648.00,648.34,635.00,636.50,144096
19-Jun-13,652.50,657.07,647.50,650.50,125956
18-Jun-13,653.00,657.00,652.50,653.50,138201
17-Jun-13,650.50,655.00,647.00,652.50,168227
14-Jun-13,652.00,656.32,647.50,648.00,81507
13-Jun-13,643.00,651.92,643.00,648.00,76055
12-Jun-13,653.00,660.00,647.00,650.00,62427
11-Jun-13,657.50,658.00,645.00,653.00,160672
10-Jun-13,663.00,663.40,657.00,657.00,118572
7-Jun-13,643.00,665.00,643.00,664.50,186668
6-Jun-13,646.00,648.00,642.42,645.00,172336
5-Jun-13,648.50,650.08,639.50,644.00,151959
4-Jun-13,651.50,660.50,644.50,654.50,91163
3-Jun-13,642.50,651.50,639.50,647.00,61499
31-May-13,649.50,655.00,645.00,647.00,122693
30-May-13,645.50,659.00,645.50,653.00,93005
29-May-13,645.50,650.00,640.00,646.09,297574
28-May-13,660.00,660.00,642.00,648.50,142685
24-May-13,660.00,660.00,644.50,651.00,219553
23-May-13,648.00,658.50,640.67,648.00,342061
22-May-13,659.50,661.56,651.22,656.00,265469
21-May-13,660.00,668.50,650.50,656.50,287812
20-May-13,660.00,661.00,657.50,659.32,101915
17-May-13,654.00,666.68,651.50,658.50,139917
16-May-13,650.00,664.50,646.00,656.23,239698
15-May-13,642.00,647.00,638.00,646.50,215730
14-May-13,637.00,643.00,635.67,640.00,220974
13-May-13,635.50,641.00,635.50,639.00,98287
10-May-13,645.00,653.00,635.50,639.50,267347
9-May-13,639.00,649.58,637.00,644.53,234709
8-May-13,640.00,640.00,631.86,634.00,152145
7-May-13,640.00,640.00,630.50,636.46,187089
3-May-13,645.00,652.50,638.00,640.00,337463
2-May-13,639.50,643.00,634.50,639.50,230990
1-May-13,640.00,645.00,633.00,639.00,143946
30-Apr-13,646.00,646.50,629.50,634.50,238730
29-Apr-13,640.00,642.50,633.00,640.00,207470
26-Apr-13,636.50,640.00,630.00,640.00,211169
25-Apr-13,640.00,640.00,634.00,638.00,199960
24-Apr-13,640.00,640.00,636.50,639.00,148515
23-Apr-13,634.00,644.00,633.48,640.00,191964
22-Apr-13,627.50,641.00,627.50,636.89,46260
19-Apr-13,630.00,633.29,623.16,630.00,569023
18-Apr-13,631.00,640.00,628.00,629.00,212577
17-Apr-13,640.00,640.00,625.36,630.00,226834
16-Apr-13,646.50,646.50,630.50,638.50,118226
15-Apr-13,646.00,654.68,639.46,641.50,80106
12-Apr-13,652.00,655.00,645.00,650.00,74601
11-Apr-13,647.00,656.21,645.50,651.54,114164
10-Apr-13,637.00,646.00,636.00,646.00,173561
9-Apr-13,629.50,639.50,629.50,636.50,112777
8-Apr-13,641.50,641.50,628.00,628.50,122080
5-Apr-13,658.00,658.00,620.00,624.50,271054
4-Apr-13,675.00,675.00,639.00,639.00,228284
3-Apr-13,674.00,674.00,660.50,660.50,193324
2-Apr-13,675.00,695.50,673.00,686.00,438091
28-Mar-13,656.50,669.00,650.50,668.00,183330
27-Mar-13,670.50,679.84,649.50,650.00,322544
26-Mar-13,659.00,668.50,650.35,667.00,281281
25-Mar-13,650.00,664.00,648.15,658.50,429641
22-Mar-13,608.00,650.50,608.00,649.50,514695
21-Mar-13,608.00,619.00,603.45,605.50,118073
20-Mar-13,625.00,626.50,603.50,605.66,316340
19-Mar-13,625.00,639.50,625.00,627.50,113687
18-Mar-13,626.00,640.00,625.00,633.00,229707
15-Mar-13,631.00,645.00,626.00,635.56,553311
14-Mar-13,619.50,640.00,618.00,635.00,201404
13-Mar-13,629.50,633.50,618.00,620.50,96670
12-Mar-13,640.00,640.00,627.00,629.50,273077
11-Mar-13,631.50,640.00,630.00,640.00,241299
8-Mar-13,631.00,642.00,631.00,637.50,228245
7-Mar-13,630.50,637.00,630.00,635.00,111578
6-Mar-13,636.00,638.00,633.00,637.50,223399
5-Mar-13,632.50,640.00,632.50,637.00,122496
4-Mar-13,635.00,639.00,626.53,635.00,146804
1-Mar-13,645.00,645.00,631.00,636.27,111832
28-Feb-13,639.00,653.00,625.00,625.00,674336
27-Feb-13,638.00,643.50,632.00,640.00,170349
26-Feb-13,650.00,650.00,636.00,641.50,168196
25-Feb-13,655.00,668.50,648.50,653.00,134959
22-Feb-13,654.50,657.00,642.50,654.00,103490
21-Feb-13,649.00,655.00,644.00,650.00,171730
20-Feb-13,635.50,655.50,635.50,655.50,102467
19-Feb-13,638.00,642.00,636.00,638.00,129851
18-Feb-13,633.00,643.50,633.00,639.00,82851
15-Feb-13,631.50,640.89,630.00,637.00,76629
14-Feb-13,625.00,640.00,625.00,640.00,175824
13-Feb-13,622.00,634.00,622.00,630.00,175554
12-Feb-13,630.00,635.00,625.00,630.00,143556
11-Feb-13,620.00,639.50,620.00,630.00,327602
8-Feb-13,620.00,630.00,620.00,628.00,45673
7-Feb-13,628.00,630.00,620.00,624.00,136243
6-Feb-13,638.00,638.00,625.12,629.00,161787
5-Feb-13,630.00,640.00,630.00,635.00,104124
4-Feb-13,635.50,640.00,629.50,632.00,372938
1-Feb-13,640.00,640.00,630.50,640.00,135597
31-Jan-13,635.00,640.00,615.74,640.00,157885
30-Jan-13,595.00,647.49,594.66,630.00,662695
29-Jan-13,564.50,596.25,564.50,591.00,145798
28-Jan-13,584.50,588.50,575.50,585.50,33358
25-Jan-13,576.50,583.50,574.00,583.50,25451
24-Jan-13,572.00,585.86,571.00,585.00,76589
23-Jan-13,583.00,584.50,563.50,568.00,79654
22-Jan-13,571.50,592.84,567.50,577.00,133502
21-Jan-13,577.00,586.50,567.61,586.50,32307
18-Jan-13,565.00,581.00,564.00,570.00,53019
17-Jan-13,560.00,570.00,560.00,568.50,93097
16-Jan-13,563.50,565.00,557.00,563.55,70044
15-Jan-13,560.50,565.00,560.50,565.00,61271
14-Jan-13,557.00,565.00,553.50,564.50,141177
11-Jan-13,564.50,567.00,557.50,558.00,45740
10-Jan-13,562.00,571.50,552.00,560.00,77937
9-Jan-13,556.50,567.04,556.50,562.05,127144
8-Jan-13,551.50,559.50,551.50,557.00,44211
7-Jan-13,551.50,563.50,549.50,560.50,168165
4-Jan-13,555.00,555.00,546.50,551.50,38817
3-Jan-13,549.50,560.50,545.50,560.00,135800
2-Jan-13,545.00,556.50,541.48,547.50,271570
