31-Dec-15,416.00,419.00,415.60,418.00,20989
30-Dec-15,418.40,419.00,416.00,418.90,6091
29-Dec-15,415.10,419.42,415.10,419.00,73415
24-Dec-15,416.10,417.20,414.76,417.00,2079
23-Dec-15,414.00,417.03,411.65,417.00,21657
22-Dec-15,410.70,412.55,407.23,412.50,19400
21-Dec-15,411.00,412.00,406.00,410.30,48750
18-Dec-15,409.00,413.57,408.00,408.79,115334
16-Dec-15,407.90,409.51,405.66,409.10,39986
15-Dec-15,398.10,409.75,398.10,402.00,52852
14-Dec-15,400.90,402.66,397.17,397.17,69651
11-Dec-15,403.00,408.00,399.50,402.35,81995
10-Dec-15,408.00,410.00,404.40,406.90,83733
9-Dec-15,413.10,413.10,408.00,410.20,48245
8-Dec-15,414.40,414.40,410.20,412.00,75612
7-Dec-15,414.50,416.60,413.10,414.00,17102
4-Dec-15,413.00,414.48,411.00,412.50,35963
3-Dec-15,418.80,420.00,413.00,413.00,68762
2-Dec-15,418.40,424.50,418.10,421.00,36644
1-Dec-15,416.10,424.00,416.10,421.90,26544
30-Nov-15,418.40,421.00,416.00,417.00,33026
27-Nov-15,418.00,421.00,416.00,417.00,44637
26-Nov-15,417.40,419.31,415.00,415.00,18167
25-Nov-15,416.50,417.83,414.00,417.50,10270
24-Nov-15,415.20,417.05,411.10,413.00,31016
23-Nov-15,414.40,419.29,413.00,419.29,40195
20-Nov-15,418.50,419.00,415.00,416.30,48328
19-Nov-15,413.00,418.50,413.00,415.00,45558
18-Nov-15,413.90,416.10,411.00,413.48,22594
17-Nov-15,410.80,414.95,409.34,411.99,63366
16-Nov-15,402.30,406.78,400.00,406.36,41728
13-Nov-15,407.00,407.10,400.00,400.00,69508
12-Nov-15,408.30,412.60,406.10,406.90,37110
11-Nov-15,410.90,412.52,409.80,410.80,11639
10-Nov-15,412.30,413.78,408.76,413.00,11063
9-Nov-15,411.30,416.20,410.40,411.00,13778
6-Nov-15,413.00,415.90,412.30,415.50,20818
5-Nov-15,419.00,419.00,411.10,412.89,16173
4-Nov-15,419.70,420.00,416.00,417.40,35521
3-Nov-15,415.90,417.00,412.50,415.67,2683
2-Nov-15,412.90,414.87,410.89,411.00,42799
30-Oct-15,415.80,419.00,412.00,412.60,27031
29-Oct-15,418.50,418.50,412.50,416.00,51131
28-Oct-15,413.70,420.79,413.70,417.00,21478
27-Oct-15,415.70,416.70,413.71,415.00,6917
26-Oct-15,420.80,420.80,414.50,419.00,34347
23-Oct-15,414.00,420.90,413.10,417.00,78850
22-Oct-15,409.10,414.00,408.00,414.00,31945
21-Oct-15,410.50,413.40,408.00,410.48,25296
20-Oct-15,408.50,412.50,408.50,411.00,17988
19-Oct-15,412.00,412.00,407.88,408.50,96426
16-Oct-15,408.10,411.69,406.39,408.10,47460
15-Oct-15,408.50,409.00,406.50,408.76,44118
14-Oct-15,403.30,408.54,403.30,404.30,18052
13-Oct-15,411.90,411.90,405.30,408.50,51826
12-Oct-15,411.00,414.00,407.00,411.20,47463
9-Oct-15,414.00,414.00,409.67,411.00,31202
8-Oct-15,412.50,412.50,405.10,408.00,91488
7-Oct-15,417.50,418.87,409.00,414.10,48562
6-Oct-15,415.90,416.80,412.03,414.50,67080
5-Oct-15,415.00,416.00,410.50,413.40,39934
2-Oct-15,407.10,409.00,400.10,409.00,25796
1-Oct-15,410.00,411.50,403.80,406.50,16556
30-Sep-15,402.00,404.60,400.50,404.00,50657
29-Sep-15,395.70,399.65,393.00,394.70,45482
28-Sep-15,403.90,404.97,397.42,398.50,49289
25-Sep-15,401.80,404.50,397.90,403.20,30195
24-Sep-15,403.70,404.90,394.60,398.08,55479
23-Sep-15,398.60,404.42,394.00,400.70,145829
22-Sep-15,403.00,407.45,392.10,396.50,92192
21-Sep-15,406.90,407.70,404.00,405.40,16142
18-Sep-15,410.80,410.80,401.10,409.04,187218
17-Sep-15,408.40,410.72,406.00,407.50,45782
16-Sep-15,410.00,411.40,406.70,407.80,47258
15-Sep-15,403.00,408.80,400.80,402.00,120493
14-Sep-15,407.90,411.25,405.00,406.10,30671
11-Sep-15,406.80,410.24,405.56,409.80,2167
10-Sep-15,406.30,411.00,405.39,408.25,58776
9-Sep-15,410.90,412.60,408.00,410.00,106928
8-Sep-15,402.20,406.29,400.67,401.21,58113
7-Sep-15,396.60,402.18,396.60,398.90,11776
4-Sep-15,399.20,402.00,396.00,397.50,23540
3-Sep-15,399.80,405.00,399.80,401.70,37556
2-Sep-15,402.30,405.40,397.00,400.00,55906
1-Sep-15,404.30,406.38,396.00,400.30,107003
28-Aug-15,405.40,411.80,404.10,411.50,85811
27-Aug-15,403.40,405.90,400.24,405.00,78474
26-Aug-15,395.90,401.00,393.30,397.27,78074
25-Aug-15,391.90,404.30,390.30,398.00,242723
24-Aug-15,396.00,396.10,382.40,384.58,189870
21-Aug-15,409.00,412.11,404.10,407.25,104927
20-Aug-15,415.50,415.50,412.60,413.50,66648
19-Aug-15,416.00,418.50,414.10,414.90,76904
18-Aug-15,418.50,420.00,416.80,418.50,63333
17-Aug-15,418.00,420.68,417.00,417.50,7484
14-Aug-15,419.50,420.88,417.32,418.65,41555
13-Aug-15,420.00,421.40,418.00,419.00,27046
12-Aug-15,418.60,419.36,414.10,417.80,79963
11-Aug-15,423.50,425.35,422.50,424.25,24307
10-Aug-15,425.70,426.51,423.00,424.00,34173
7-Aug-15,423.60,426.00,422.00,424.00,23814
6-Aug-15,422.70,425.99,420.30,422.60,23083
5-Aug-15,421.50,423.40,419.35,422.50,20323
4-Aug-15,419.00,422.00,417.72,420.50,26331
3-Aug-15,421.00,422.40,419.00,419.80,11304
31-Jul-15,423.00,423.00,419.98,422.72,8794
30-Jul-15,418.40,422.26,417.60,420.50,61444
29-Jul-15,419.30,420.87,417.50,418.50,39035
28-Jul-15,418.10,420.70,417.00,418.10,36251
27-Jul-15,417.20,419.00,415.50,415.65,22213
24-Jul-15,421.80,424.90,419.50,420.00,35009
23-Jul-15,424.00,425.40,421.60,421.60,10096
22-Jul-15,424.00,426.30,418.89,418.89,37470
21-Jul-15,427.80,430.88,424.48,424.48,70775
20-Jul-15,427.90,431.00,425.62,427.80,80129
17-Jul-15,426.50,428.50,424.98,424.98,19902
16-Jul-15,424.00,428.00,424.00,425.60,53511
15-Jul-15,422.20,424.00,420.06,423.00,31857
14-Jul-15,422.50,423.30,418.10,423.00,40631
13-Jul-15,421.50,423.30,419.40,422.40,42794
10-Jul-15,420.00,421.10,417.50,419.50,21244
9-Jul-15,411.00,416.20,410.98,414.10,82668
8-Jul-15,408.00,414.18,408.00,410.25,88295
7-Jul-15,414.50,414.50,408.00,408.00,41749
6-Jul-15,411.50,415.00,409.00,414.25,19292
3-Jul-15,415.20,417.81,412.60,416.00,24588
2-Jul-15,412.00,418.50,412.00,412.13,97171
1-Jul-15,412.00,417.50,411.21,416.00,72740
30-Jun-15,411.40,415.30,408.87,410.00,70055
29-Jun-15,409.50,417.00,406.87,415.08,43654
26-Jun-15,420.50,420.50,416.15,417.20,9343
25-Jun-15,421.60,422.50,420.00,421.50,36995
24-Jun-15,424.90,425.10,420.50,420.50,24012
23-Jun-15,421.40,426.90,420.27,421.90,100893
22-Jun-15,414.50,419.98,414.50,416.25,106119
19-Jun-15,413.50,415.50,412.00,415.50,203951
18-Jun-15,411.70,414.40,410.52,414.00,79628
17-Jun-15,415.20,417.00,411.04,414.46,33305
16-Jun-15,414.50,416.10,412.16,413.00,35552
15-Jun-15,419.30,419.90,414.50,415.50,53692
12-Jun-15,416.00,420.40,415.58,418.00,59204
11-Jun-15,420.00,421.59,415.60,419.75,34802
10-Jun-15,412.20,418.50,411.84,415.75,108497
9-Jun-15,415.00,415.00,410.10,412.25,41403
8-Jun-15,416.00,416.81,412.00,414.50,39632
5-Jun-15,414.60,417.00,413.00,414.70,57176
4-Jun-15,422.90,424.20,414.30,417.88,108055
3-Jun-15,423.30,429.90,423.30,427.00,110316
2-Jun-15,423.70,426.90,420.90,421.50,104650
1-Jun-15,426.20,427.20,422.63,427.06,10097
29-May-15,426.00,426.70,422.00,426.10,107363
28-May-15,422.40,426.00,421.60,425.28,29302
27-May-15,418.80,424.00,418.30,422.90,69399
26-May-15,422.50,423.49,418.30,420.38,120943
22-May-15,423.00,423.49,421.22,423.14,14743
21-May-15,421.50,422.90,420.20,420.20,57351
20-May-15,421.50,421.50,419.70,420.90,33256
19-May-15,420.90,421.50,418.02,419.50,33884
18-May-15,421.00,421.00,417.10,417.75,32512
15-May-15,414.80,420.00,414.80,419.00,104442
14-May-15,412.80,417.90,409.90,416.40,102712
13-May-15,413.50,416.80,412.83,412.83,54256
12-May-15,414.70,416.00,410.94,413.50,70137
11-May-15,415.00,416.90,413.60,416.80,98330
8-May-15,406.90,414.90,405.32,411.30,303187
7-May-15,397.60,399.80,393.70,396.60,106017
6-May-15,401.20,401.40,397.90,399.00,43225
5-May-15,398.70,403.50,398.00,400.50,213800
1-May-15,397.50,399.00,395.65,397.50,18992
30-Apr-15,400.60,401.68,396.50,396.80,86870
29-Apr-15,406.50,408.00,398.40,402.00,141773
28-Apr-15,410.00,412.90,403.30,404.45,87634
27-Apr-15,412.50,415.48,410.22,411.75,97488
24-Apr-15,411.80,415.25,410.46,412.55,77080
23-Apr-15,411.90,412.28,409.50,409.50,51931
22-Apr-15,415.00,415.00,408.50,410.50,32011
21-Apr-15,413.80,415.00,410.86,410.86,48216
20-Apr-15,413.90,415.86,410.28,411.00,72863
17-Apr-15,416.00,417.90,410.20,410.80,29054
16-Apr-15,417.10,419.13,415.66,415.66,22673
15-Apr-15,416.00,418.00,412.60,417.66,56949
14-Apr-15,412.20,415.85,412.10,413.25,37378
13-Apr-15,417.00,418.34,414.10,414.50,11927
10-Apr-15,414.90,417.70,414.06,416.98,40253
9-Apr-15,409.10,413.90,407.50,407.50,62816
8-Apr-15,413.00,414.00,406.60,409.87,90205
7-Apr-15,407.00,412.00,405.42,411.50,42772
2-Apr-15,404.90,406.15,403.00,405.51,16927
1-Apr-15,397.90,404.90,397.40,403.00,110809
31-Mar-15,405.00,407.50,398.50,398.50,104570
30-Mar-15,407.00,407.00,403.56,403.56,22726
27-Mar-15,404.00,407.50,402.75,406.50,219587
26-Mar-15,404.00,405.51,401.76,403.80,38560
25-Mar-15,410.80,411.68,406.70,407.48,34355
24-Mar-15,410.70,412.10,408.41,410.00,42387
23-Mar-15,413.00,413.35,407.89,411.33,46500
20-Mar-15,411.20,415.00,407.93,412.90,154829
19-Mar-15,410.20,411.70,408.00,410.10,53871
18-Mar-15,401.10,411.00,401.10,409.20,49619
17-Mar-15,404.00,406.34,402.98,405.20,20082
16-Mar-15,402.00,403.90,399.46,403.70,27094
13-Mar-15,400.90,402.00,398.98,400.20,24994
12-Mar-15,395.10,401.90,394.35,399.50,73230
11-Mar-15,400.70,400.70,396.10,397.67,77707
10-Mar-15,402.90,406.20,395.90,398.10,69714
9-Mar-15,406.00,408.09,403.00,405.50,35185
6-Mar-15,407.30,410.00,406.38,406.38,35184
5-Mar-15,408.00,410.50,405.60,407.20,28544
4-Mar-15,404.90,407.50,404.65,406.70,32086
3-Mar-15,408.70,411.19,406.00,407.58,30922
2-Mar-15,407.10,412.50,407.10,410.80,42622
27-Feb-15,407.70,410.80,407.70,410.01,22227
26-Feb-15,407.90,410.40,407.82,409.80,14216
25-Feb-15,409.00,410.36,406.90,409.00,37232
24-Feb-15,405.30,408.40,404.72,408.30,44984
23-Feb-15,404.00,406.66,400.80,405.00,39911
20-Feb-15,399.50,403.50,399.50,403.10,47260
19-Feb-15,399.60,403.50,399.60,402.67,22667
18-Feb-15,403.00,403.00,400.00,402.60,34187
17-Feb-15,400.00,402.30,399.89,401.30,73695
16-Feb-15,401.00,403.34,400.00,402.76,36531
13-Feb-15,403.40,406.00,401.10,404.00,102287
12-Feb-15,394.40,403.00,394.40,402.90,137950
11-Feb-15,393.30,397.00,393.00,395.50,46716
10-Feb-15,393.00,396.89,389.17,393.00,108139
9-Feb-15,390.10,392.14,388.50,391.00,37699
6-Feb-15,390.30,394.58,390.30,393.10,47847
5-Feb-15,392.00,394.00,390.10,391.60,27662
4-Feb-15,400.00,400.43,392.50,392.70,36798
3-Feb-15,397.00,399.80,394.19,397.00,50102
2-Feb-15,393.70,395.68,391.96,391.96,35361
30-Jan-15,396.30,398.18,393.10,393.10,53283
29-Jan-15,396.30,397.30,394.41,396.40,37243
28-Jan-15,397.50,400.75,395.14,395.14,53984
27-Jan-15,402.90,402.90,399.00,399.60,65722
26-Jan-15,399.00,401.10,398.40,401.10,44856
23-Jan-15,400.00,402.00,399.05,399.98,37298
22-Jan-15,399.40,400.00,396.10,398.00,19209
21-Jan-15,396.30,398.40,394.80,398.40,41071
20-Jan-15,396.90,398.90,393.80,393.80,48440
19-Jan-15,393.50,395.69,392.00,394.75,18880
16-Jan-15,394.20,394.20,388.50,388.50,64660
15-Jan-15,396.40,396.40,387.40,392.83,176407
14-Jan-15,393.00,396.30,388.86,392.80,103180
13-Jan-15,397.40,399.37,395.37,398.50,40221
12-Jan-15,397.40,398.00,393.40,395.00,81122
9-Jan-15,397.00,398.47,394.20,394.20,35761
8-Jan-15,394.00,398.50,392.87,397.18,113161
7-Jan-15,390.90,392.90,389.65,390.98,56249
6-Jan-15,393.90,393.90,386.50,388.17,205942
5-Jan-15,395.50,398.78,391.10,394.40,127151
31-Dec-14,399.00,399.30,397.85,398.04,14232
30-Dec-14,401.00,401.00,396.10,396.20,40495
29-Dec-14,400.20,401.36,399.00,399.64,64752
24-Dec-14,401.70,402.41,400.10,401.50,39773
23-Dec-14,401.50,401.50,398.73,401.50,22536
22-Dec-14,398.00,401.25,396.89,400.10,48931
19-Dec-14,396.00,398.00,394.48,397.10,204887
18-Dec-14,387.80,393.50,387.60,393.00,134863
17-Dec-14,385.00,386.60,382.97,386.00,54674
16-Dec-14,383.50,388.50,378.20,387.80,466202
15-Dec-14,388.90,389.00,381.30,381.70,108560
12-Dec-14,393.60,393.60,387.00,387.10,246295
11-Dec-14,397.50,398.50,392.50,397.26,159248
10-Dec-14,399.50,400.80,397.50,397.94,72176
9-Dec-14,396.50,399.24,395.50,395.70,68376
8-Dec-14,403.60,403.60,401.50,402.25,17435
5-Dec-14,402.90,403.57,400.90,403.57,25990
4-Dec-14,398.70,400.90,398.50,399.70,69956
3-Dec-14,403.00,403.50,400.70,401.50,29225
2-Dec-14,400.50,403.00,398.64,400.10,53457
1-Dec-14,399.50,399.50,397.00,397.83,18438
28-Nov-14,399.20,402.00,397.56,401.10,91098
27-Nov-14,398.70,402.00,397.20,400.16,109254
26-Nov-14,397.00,399.90,397.00,398.63,44482
25-Nov-14,395.00,397.90,393.50,397.90,37845
24-Nov-14,393.90,396.40,392.63,392.63,25434
21-Nov-14,391.50,397.00,391.50,394.00,50176
20-Nov-14,391.00,393.30,391.00,391.90,34295
19-Nov-14,392.00,393.38,391.23,392.35,21076
18-Nov-14,391.50,392.30,389.66,391.80,38577
17-Nov-14,386.60,391.80,386.60,391.80,58568
14-Nov-14,389.80,391.50,387.60,389.90,15071
13-Nov-14,390.70,391.70,386.00,390.00,97499
12-Nov-14,389.90,391.06,386.00,387.00,128363
11-Nov-14,393.40,395.00,389.00,389.89,102681
10-Nov-14,392.60,393.49,390.11,390.11,23429
7-Nov-14,389.40,392.90,387.20,389.30,123961
6-Nov-14,391.50,394.00,388.75,391.00,115293
5-Nov-14,389.00,392.89,387.10,391.00,51960
4-Nov-14,387.00,387.90,384.80,385.50,24550
3-Nov-14,388.50,389.75,385.10,386.66,29273
31-Oct-14,386.70,391.00,385.58,388.10,107232
30-Oct-14,380.90,382.50,376.44,382.40,72674
29-Oct-14,377.30,381.00,377.30,379.75,76244
28-Oct-14,376.60,377.00,374.11,375.00,17352
27-Oct-14,374.40,376.16,370.96,373.50,23760
24-Oct-14,372.00,376.00,372.00,374.20,123420
23-Oct-14,374.70,374.70,371.20,373.70,134284
22-Oct-14,368.90,374.00,368.90,372.00,31965
21-Oct-14,362.60,370.90,361.72,366.02,84681
20-Oct-14,363.20,365.00,360.50,364.50,122573
17-Oct-14,354.70,362.50,354.70,358.55,119871
16-Oct-14,359.00,362.45,350.81,357.50,232212
15-Oct-14,365.00,365.90,356.00,356.29,239105
14-Oct-14,362.30,365.50,358.90,360.66,186770
13-Oct-14,361.80,365.55,360.60,364.60,91087
10-Oct-14,367.50,367.50,363.14,363.14,96463
9-Oct-14,373.90,374.49,368.00,373.50,122423
8-Oct-14,370.00,372.25,366.90,372.25,50793
7-Oct-14,371.60,376.51,370.45,372.20,59205
6-Oct-14,377.00,378.00,375.00,375.00,82073
3-Oct-14,370.10,374.90,368.56,374.50,99501
2-Oct-14,369.00,371.47,366.00,367.00,66828
1-Oct-14,372.20,374.27,367.50,369.50,42580
30-Sep-14,373.70,375.90,373.24,374.00,205527
29-Sep-14,371.50,374.90,371.25,373.00,54040
26-Sep-14,369.80,373.79,368.05,372.10,15634
25-Sep-14,374.00,375.50,370.00,373.80,90455
24-Sep-14,372.00,374.90,369.00,374.00,194348
23-Sep-14,377.00,377.00,369.05,374.00,47043
22-Sep-14,375.90,376.00,374.00,374.30,72718
19-Sep-14,377.30,380.70,376.00,377.80,307004
18-Sep-14,372.00,374.90,370.14,374.36,70254
17-Sep-14,374.00,374.70,369.30,369.30,60000
16-Sep-14,370.30,373.30,368.44,368.44,117048
15-Sep-14,372.10,373.68,370.50,371.90,26001
12-Sep-14,371.60,374.60,370.71,372.20,63161
11-Sep-14,372.90,373.40,370.80,372.80,38873
10-Sep-14,371.80,373.30,368.40,368.80,120228
9-Sep-14,371.90,374.00,367.60,369.50,162115
8-Sep-14,372.80,375.09,369.60,369.60,182915
5-Sep-14,373.90,376.38,371.32,373.00,69251
4-Sep-14,375.40,377.38,374.06,374.06,33871
3-Sep-14,373.30,377.38,373.30,375.67,38043
2-Sep-14,375.10,377.00,374.20,375.60,86381
1-Sep-14,375.00,377.77,374.23,376.20,8525
29-Aug-14,375.60,377.97,375.10,376.73,40782
28-Aug-14,373.60,378.00,373.10,377.40,192175
27-Aug-14,374.30,377.00,372.78,376.00,25568
26-Aug-14,374.80,376.40,372.20,374.00,20966
22-Aug-14,369.20,373.00,368.28,370.50,28260
21-Aug-14,369.80,371.90,369.29,371.10,10659
20-Aug-14,372.60,374.41,370.70,370.70,28563
19-Aug-14,371.00,374.80,371.00,372.30,92664
18-Aug-14,375.00,375.00,371.79,373.00,109391
15-Aug-14,371.90,372.90,368.16,372.25,62765
14-Aug-14,371.50,371.50,369.50,371.00,82148
13-Aug-14,371.30,371.30,367.33,367.33,83213
12-Aug-14,370.00,370.00,368.00,369.50,59060
11-Aug-14,365.60,370.20,365.60,368.90,137129
8-Aug-14,364.80,368.60,363.10,366.00,70282
7-Aug-14,365.80,368.70,364.40,366.80,59660
6-Aug-14,368.80,370.30,364.00,367.80,61293
5-Aug-14,374.10,374.10,371.50,371.50,33543
4-Aug-14,374.90,375.00,371.48,373.90,37076
1-Aug-14,374.00,374.07,368.70,372.70,53488
31-Jul-14,375.00,377.25,373.50,374.00,17121
30-Jul-14,378.90,379.40,375.90,376.96,13736
29-Jul-14,378.10,380.00,377.16,378.90,19862
28-Jul-14,377.20,379.24,376.13,378.00,53560
25-Jul-14,377.00,380.20,376.31,378.30,14058
24-Jul-14,379.50,379.60,377.10,379.20,22279
23-Jul-14,380.00,380.20,377.52,380.20,45809
22-Jul-14,376.40,380.00,376.30,378.86,180981
21-Jul-14,376.20,378.54,375.50,377.00,47692
18-Jul-14,380.00,380.00,375.70,379.00,46949
17-Jul-14,379.50,380.70,378.00,378.40,32949
16-Jul-14,379.10,381.50,378.80,379.90,53876
15-Jul-14,378.60,382.40,377.40,378.00,67079
14-Jul-14,381.70,382.00,378.50,378.50,67947
11-Jul-14,377.20,381.20,377.10,379.80,101529
10-Jul-14,378.30,380.70,375.20,376.00,65831
9-Jul-14,379.20,380.30,378.00,380.26,51683
8-Jul-14,383.80,385.70,381.90,382.00,83152
7-Jul-14,385.90,388.00,384.00,386.10,37229
4-Jul-14,384.10,387.90,384.10,387.00,33293
3-Jul-14,384.00,385.80,383.16,385.30,81058
2-Jul-14,385.90,386.90,383.38,385.00,42256
1-Jul-14,379.40,384.90,379.40,382.59,94639
30-Jun-14,382.00,382.30,380.15,380.78,42468
27-Jun-14,379.50,381.90,379.31,380.40,198020
26-Jun-14,378.40,379.89,376.25,379.10,143020
25-Jun-14,380.00,382.04,375.10,377.75,40546
24-Jun-14,381.50,383.54,381.20,381.50,98491
23-Jun-14,381.50,385.87,381.24,381.90,46927
20-Jun-14,382.30,388.00,381.00,385.00,338088
19-Jun-14,380.90,382.10,379.00,382.00,67017
18-Jun-14,377.50,378.89,374.91,374.91,43043
17-Jun-14,379.00,381.64,375.00,376.30,133888
16-Jun-14,381.00,382.31,377.90,379.33,92587
13-Jun-14,382.30,383.17,377.70,378.40,67285
12-Jun-14,383.30,385.66,382.80,385.30,16415
11-Jun-14,385.60,388.96,383.50,385.70,70609
10-Jun-14,389.00,389.00,385.30,385.50,29432
9-Jun-14,384.00,388.26,384.00,384.17,33266
6-Jun-14,386.00,387.50,384.72,387.40,46309
5-Jun-14,384.00,384.64,380.88,384.50,31435
4-Jun-14,386.00,386.00,381.91,383.20,61435
3-Jun-14,387.60,390.40,385.98,387.60,151675
2-Jun-14,388.30,391.25,387.32,388.00,43281
30-May-14,387.40,390.60,387.30,389.50,57315
29-May-14,386.20,390.00,383.74,389.51,68502
28-May-14,385.90,386.50,385.12,386.48,87763
27-May-14,383.00,386.40,379.62,385.42,56693
23-May-14,380.40,382.38,378.58,382.00,35837
22-May-14,381.00,383.50,378.50,378.87,90658
21-May-14,377.30,379.90,376.44,379.34,44275
20-May-14,379.20,379.90,376.00,376.00,48848
19-May-14,380.70,381.07,375.60,379.63,85118
16-May-14,383.00,383.90,380.10,381.50,107148
15-May-14,383.30,384.00,380.70,380.70,157783
14-May-14,381.60,382.98,381.43,381.43,32884
13-May-14,381.00,383.30,380.31,380.31,39857
12-May-14,380.60,381.00,379.00,379.80,51671
9-May-14,379.60,380.99,377.60,378.00,78469
8-May-14,378.10,381.00,378.00,380.30,120407
7-May-14,378.60,379.79,375.50,378.10,54083
6-May-14,382.50,382.50,378.02,378.02,23273
2-May-14,380.70,382.26,378.50,380.00,64950
1-May-14,381.20,382.00,380.00,381.00,31829
30-Apr-14,383.40,383.40,378.30,380.20,130773
29-Apr-14,380.50,382.64,379.84,381.00,34468
28-Apr-14,377.60,380.00,377.52,377.70,49412
25-Apr-14,378.50,380.50,376.50,376.60,51878
24-Apr-14,380.20,384.17,378.20,379.00,36895
23-Apr-14,383.70,383.70,378.41,379.34,39737
22-Apr-14,380.40,382.97,377.22,381.40,22273
17-Apr-14,374.40,376.20,373.39,374.00,13688
16-Apr-14,372.00,375.81,372.00,372.04,28558
15-Apr-14,376.50,376.50,371.50,371.53,36118
14-Apr-14,373.30,376.50,372.59,374.00,54489
11-Apr-14,370.00,377.00,370.00,377.00,85811
10-Apr-14,380.50,381.00,376.50,379.00,129702
9-Apr-14,374.00,376.80,371.10,376.80,45787
8-Apr-14,374.40,376.06,369.48,371.90,51758
7-Apr-14,378.00,378.40,372.40,376.00,53646
4-Apr-14,376.70,381.08,375.63,376.20,28738
3-Apr-14,377.10,379.44,374.00,374.00,41544
2-Apr-14,378.00,380.70,377.31,380.00,43295
1-Apr-14,379.00,379.70,376.38,378.66,141693
31-Mar-14,381.00,381.00,377.00,377.50,48091
28-Mar-14,377.90,380.60,376.60,379.50,161494
27-Mar-14,375.10,377.20,372.77,376.00,61124
26-Mar-14,377.00,377.80,374.50,375.79,67720
25-Mar-14,375.00,377.10,373.30,374.40,28226
24-Mar-14,379.50,379.50,372.90,374.12,61734
21-Mar-14,377.00,380.10,375.30,375.77,112633
20-Mar-14,378.00,380.60,375.21,378.50,32928
19-Mar-14,380.50,383.10,378.50,378.60,98076
18-Mar-14,378.50,382.82,377.58,381.75,49544
17-Mar-14,377.50,379.81,376.20,378.00,138545
14-Mar-14,375.00,376.50,374.20,375.94,26940
13-Mar-14,383.50,383.80,379.00,379.67,24699
12-Mar-14,383.70,385.10,382.80,385.41,54938
11-Mar-14,386.10,391.00,386.00,389.90,66457
10-Mar-14,390.20,390.60,386.40,386.58,49164
7-Mar-14,395.00,395.00,388.00,389.04,25007
6-Mar-14,393.00,393.00,390.80,391.20,19690
5-Mar-14,390.60,393.00,390.10,390.12,29722
4-Mar-14,388.50,394.60,388.50,393.45,48000
3-Mar-14,386.40,387.00,383.00,384.70,74983
28-Feb-14,391.40,395.20,390.00,390.60,63350
27-Feb-14,388.40,391.60,387.20,390.20,29775
26-Feb-14,389.80,391.30,389.80,390.70,29812
25-Feb-14,391.00,392.30,388.50,390.91,155279
24-Feb-14,390.20,390.80,387.00,390.50,91209
21-Feb-14,391.30,392.20,390.10,390.10,37106
20-Feb-14,383.50,391.60,383.50,390.00,176186
19-Feb-14,386.80,389.30,386.80,386.50,25797
18-Feb-14,383.10,389.50,383.10,389.50,109986
17-Feb-14,383.90,386.00,381.70,385.35,30235
14-Feb-14,382.30,384.60,381.10,383.10,62787
13-Feb-14,377.60,382.20,377.60,379.30,19466
12-Feb-14,378.40,382.00,378.40,381.50,100112
11-Feb-14,375.50,382.00,375.50,381.00,108622
10-Feb-14,372.80,379.00,372.80,377.00,57185
7-Feb-14,375.60,376.30,373.20,374.20,37836
6-Feb-14,372.50,376.10,372.30,370.96,69581
5-Feb-14,370.00,372.10,367.70,372.60,63650
4-Feb-14,366.60,371.10,366.60,370.80,21383
3-Feb-14,370.90,372.70,368.50,370.30,88815
31-Jan-14,373.60,373.60,368.10,367.70,141991
30-Jan-14,368.50,373.50,368.50,372.54,146083
29-Jan-14,374.00,375.00,367.50,370.80,238448
28-Jan-14,367.10,371.90,367.10,370.22,60510
27-Jan-14,370.90,371.50,367.50,369.40,178610
24-Jan-14,378.00,378.10,373.00,374.10,303987
23-Jan-14,378.00,381.60,377.70,379.90,49145
22-Jan-14,380.80,381.00,378.20,381.69,43646
21-Jan-14,382.00,383.80,379.00,382.05,87524
20-Jan-14,381.00,384.10,381.00,382.00,29377
17-Jan-14,381.90,383.00,381.90,382.00,230905
16-Jan-14,382.90,383.10,379.00,378.72,102011
15-Jan-14,384.50,384.50,380.30,382.00,64400
14-Jan-14,381.70,383.70,380.50,382.50,56884
13-Jan-14,382.00,384.70,382.00,382.16,71668
10-Jan-14,373.40,381.20,373.40,381.00,128722
9-Jan-14,375.30,375.50,373.00,373.50,31835
8-Jan-14,376.90,377.80,375.10,375.30,50650
7-Jan-14,378.00,380.60,377.70,379.34,48327
6-Jan-14,378.00,378.90,376.10,376.10,15180
3-Jan-14,377.20,378.20,375.20,377.00,15831
2-Jan-14,374.60,377.90,374.60,377.90,17692
31-Dec-13,377.10,377.10,376.00,378.90,118
30-Dec-13,376.70,377.90,374.60,374.61,36522
27-Dec-13,375.90,376.60,373.10,373.10,18537
24-Dec-13,373.90,373.90,373.00,373.10,14872
23-Dec-13,375.10,375.10,372.00,372.50,53825
20-Dec-13,367.20,374.00,367.20,370.80,290842
19-Dec-13,368.40,371.00,365.30,368.30,37478
18-Dec-13,361.40,366.40,361.40,364.50,25895
17-Dec-13,362.70,364.70,361.40,360.50,94049
16-Dec-13,358.90,366.20,358.90,365.12,75567
13-Dec-13,358.70,362.60,358.40,361.00,31777
12-Dec-13,358.90,361.10,357.90,357.42,47731
11-Dec-13,360.20,363.40,360.00,362.11,58818
10-Dec-13,362.00,364.10,361.50,363.50,111766
9-Dec-13,364.60,364.60,362.10,364.00,54042
6-Dec-13,361.20,362.30,358.10,362.00,49238
5-Dec-13,360.40,360.70,357.20,357.20,75174
4-Dec-13,357.00,360.50,356.60,360.50,86404
3-Dec-13,362.20,362.20,360.10,360.90,68107
2-Dec-13,366.00,366.00,359.80,361.50,33047
29-Nov-13,362.00,365.30,361.50,362.80,60182
28-Nov-13,358.80,360.70,358.70,359.50,65729
27-Nov-13,358.10,360.00,356.70,357.30,29526
26-Nov-13,359.00,359.20,356.00,356.00,86427
25-Nov-13,355.50,359.00,355.50,359.00,15876
22-Nov-13,356.00,356.60,355.20,353.29,31995
21-Nov-13,355.40,356.90,354.70,356.80,87158
20-Nov-13,357.70,357.70,354.90,356.00,76796
19-Nov-13,356.00,356.80,355.20,356.41,27425
18-Nov-13,354.50,357.50,354.50,355.50,53153
15-Nov-13,355.90,357.10,353.40,354.03,51230
14-Nov-13,353.10,353.50,352.30,352.79,34905
13-Nov-13,351.50,352.00,349.00,349.60,144469
12-Nov-13,352.70,353.10,351.00,351.00,38137
11-Nov-13,352.10,353.50,351.60,351.80,15730
8-Nov-13,348.00,352.90,348.00,349.90,22275
7-Nov-13,352.00,353.90,348.00,352.00,49219
6-Nov-13,351.00,352.00,351.00,350.60,33990
5-Nov-13,352.00,353.00,349.50,349.81,64031
4-Nov-13,352.40,352.40,350.00,350.10,18084
1-Nov-13,349.30,350.20,348.10,348.40,29959
31-Oct-13,351.80,351.80,347.60,348.59,93749
30-Oct-13,352.40,354.90,352.40,352.90,49699
29-Oct-13,350.10,354.50,350.10,353.00,38528
28-Oct-13,350.80,353.80,350.60,350.01,19133
25-Oct-13,354.00,354.00,352.20,353.40,16979
24-Oct-13,354.50,354.50,352.30,353.25,35693
23-Oct-13,352.91,353.00,351.30,351.30,28830
22-Oct-13,355.50,355.50,352.50,353.00,475104
21-Oct-13,355.00,355.10,352.50,352.41,51752
18-Oct-13,353.60,353.60,350.70,351.00,51457
17-Oct-13,354.70,354.70,348.70,351.50,37428
16-Oct-13,350.00,352.70,344.50,352.00,157553
15-Oct-13,358.80,360.80,349.60,352.50,123386
14-Oct-13,357.00,357.50,356.30,357.50,5035
11-Oct-13,352.70,355.10,352.50,355.10,23376
10-Oct-13,347.50,353.00,347.50,351.83,25549
9-Oct-13,350.70,350.70,345.70,349.50,35742
8-Oct-13,353.80,353.80,349.40,352.40,42645
7-Oct-13,356.90,356.90,351.40,353.70,13415
4-Oct-13,354.20,354.40,352.20,354.00,37355
3-Oct-13,353.50,354.80,353.00,353.13,47818
2-Oct-13,352.30,355.00,351.70,353.00,13150
1-Oct-13,352.20,354.50,351.00,351.20,77053
30-Sep-13,353.70,354.00,350.00,352.70,53660
27-Sep-13,357.90,357.90,353.70,353.70,27808
26-Sep-13,358.90,359.00,355.90,355.73,37835
25-Sep-13,360.00,360.00,355.90,355.90,52644
24-Sep-13,354.30,359.10,354.30,358.30,80711
20-Sep-13,359.40,361.40,356.60,356.60,166785
19-Sep-13,363.00,364.20,358.80,365.37,168882
18-Sep-13,358.00,358.00,355.90,355.90,24210
17-Sep-13,357.20,359.70,355.90,356.85,98839
16-Sep-13,359.90,359.90,359.00,359.00,30088
13-Sep-13,356.00,356.00,353.50,355.90,14406
12-Sep-13,355.90,356.00,354.00,356.00,46592
11-Sep-13,352.00,354.50,352.00,353.28,23676
10-Sep-13,351.90,353.50,351.00,352.00,32333
9-Sep-13,350.60,350.60,346.00,342.62,69818
6-Sep-13,349.30,349.30,345.00,348.00,291253
5-Sep-13,349.30,349.80,348.00,348.50,3445
4-Sep-13,345.40,347.50,344.90,342.62,88961
3-Sep-13,350.60,351.50,349.00,350.00,36443
2-Sep-13,349.30,350.80,348.40,348.50,59110
30-Aug-13,348.60,351.00,346.30,348.50,49312
29-Aug-13,349.60,351.20,348.50,348.00,166011
28-Aug-13,349.80,350.10,347.40,349.40,59518
27-Aug-13,354.50,354.80,352.20,352.00,11717
23-Aug-13,353.70,358.00,353.50,354.00,86228
22-Aug-13,349.30,354.00,349.30,352.00,94899
21-Aug-13,350.00,351.80,348.00,348.00,60009
20-Aug-13,349.80,349.90,346.40,348.66,121075
19-Aug-13,353.50,353.50,349.50,349.50,14432
16-Aug-13,354.10,354.50,351.00,352.20,44221
15-Aug-13,360.10,360.10,353.50,361.50,87182
14-Aug-13,364.10,364.50,360.80,364.00,14977
13-Aug-13,363.20,364.90,363.20,363.80,23354
12-Aug-13,363.70,364.50,361.60,361.60,17523
9-Aug-13,360.60,365.60,360.60,363.25,51452
8-Aug-13,361.00,363.40,361.00,360.65,50486
7-Aug-13,363.50,364.80,359.90,362.80,48362
6-Aug-13,364.00,364.50,361.50,362.50,19536
5-Aug-13,365.60,367.50,362.00,362.90,69353
2-Aug-13,364.90,364.90,361.00,358.20,84474
1-Aug-13,361.80,363.70,359.40,359.19,12854
31-Jul-13,359.40,362.00,358.00,361.40,39164
30-Jul-13,358.80,358.80,357.40,358.80,9646
29-Jul-13,358.50,359.90,356.70,356.50,12158
26-Jul-13,358.50,358.50,356.50,360.50,19684
25-Jul-13,356.80,358.40,355.90,361.60,15671
24-Jul-13,360.70,362.00,360.00,361.75,77349
23-Jul-13,361.50,361.50,360.30,361.50,29417
22-Jul-13,361.00,361.10,360.30,359.10,25933
19-Jul-13,361.20,361.20,357.30,361.00,41716
18-Jul-13,363.90,363.90,358.50,361.20,42677
17-Jul-13,360.00,361.09,355.98,359.00,93759
16-Jul-13,359.70,361.79,359.00,359.90,37926
15-Jul-13,363.50,363.50,359.00,360.00,13039
12-Jul-13,362.90,363.25,359.50,360.00,31259
11-Jul-13,365.00,365.00,306.60,361.30,29100
10-Jul-13,361.00,362.50,358.00,361.50,51987
9-Jul-13,357.80,361.60,356.07,361.60,138867
8-Jul-13,353.30,359.30,353.30,357.00,148015
5-Jul-13,352.10,356.28,350.50,352.30,141378
4-Jul-13,339.40,351.10,338.70,351.00,170311
3-Jul-13,335.00,338.60,333.10,338.60,62372
2-Jul-13,340.00,341.10,337.90,338.60,74330
1-Jul-13,335.70,340.20,334.30,340.00,32920
28-Jun-13,335.10,337.61,332.00,335.70,119968
27-Jun-13,330.00,335.50,328.70,335.50,76194
26-Jun-13,323.70,330.00,323.25,330.00,50175
25-Jun-13,327.00,327.00,322.75,324.00,52820
24-Jun-13,328.10,328.89,321.30,324.40,76678
21-Jun-13,330.20,333.40,328.00,328.00,196819
20-Jun-13,335.00,335.00,328.00,330.00,33102
19-Jun-13,338.50,338.90,336.25,338.00,102562
18-Jun-13,334.40,338.95,332.42,337.50,140868
17-Jun-13,334.00,335.65,332.50,335.10,70278
14-Jun-13,330.00,333.70,329.17,331.70,119264
13-Jun-13,325.00,330.00,322.10,330.00,60839
12-Jun-13,333.40,333.40,329.20,331.00,38489
11-Jun-13,331.50,334.80,328.60,334.80,34116
10-Jun-13,335.00,335.60,333.30,335.30,35055
7-Jun-13,330.00,335.00,327.14,334.90,85484
6-Jun-13,336.80,337.66,330.00,330.00,56978
5-Jun-13,341.50,343.30,336.50,336.50,141676
4-Jun-13,347.50,347.90,345.40,347.50,37008
3-Jun-13,344.00,346.80,342.51,345.00,27296
31-May-13,349.10,349.10,345.19,345.70,22913
30-May-13,348.40,351.50,347.69,351.00,28151
29-May-13,350.00,350.96,347.93,350.90,34799
28-May-13,348.50,353.40,348.50,353.40,166336
24-May-13,348.60,351.05,346.10,346.70,18898
23-May-13,353.20,354.70,346.81,348.50,101980
22-May-13,357.00,358.00,354.34,358.00,23544
21-May-13,354.50,356.80,354.10,356.80,80344
20-May-13,353.00,354.50,351.80,354.50,5462
17-May-13,348.70,352.00,346.90,352.00,40534
16-May-13,347.90,349.05,346.30,348.60,27439
15-May-13,346.60,348.00,345.95,347.20,45929
14-May-13,344.90,346.50,343.88,346.50,65893
13-May-13,342.90,345.00,341.56,344.50,65456
10-May-13,340.50,343.40,340.50,343.40,14898
9-May-13,343.50,343.50,342.03,343.40,51178
8-May-13,340.10,343.40,339.80,343.40,70308
7-May-13,340.00,340.79,339.40,339.40,27767
3-May-13,336.50,342.80,336.30,340.00,105221
2-May-13,337.10,337.10,333.56,336.00,66430
1-May-13,337.00,337.10,335.50,337.10,49775
30-Apr-13,337.20,338.99,334.71,336.90,80301
29-Apr-13,335.80,338.35,335.80,338.00,23734
26-Apr-13,338.00,338.10,334.61,336.40,21509
25-Apr-13,338.40,339.00,336.18,339.00,43557
24-Apr-13,334.50,338.50,332.00,338.50,57640
23-Apr-13,330.00,335.10,328.16,335.10,55232
22-Apr-13,329.30,331.30,329.30,330.40,69989
19-Apr-13,327.30,330.40,327.30,328.60,6571
18-Apr-13,328.60,328.70,325.14,328.20,67378
17-Apr-13,330.50,330.50,325.30,325.70,53328
16-Apr-13,326.60,329.84,326.30,328.40,41967
15-Apr-13,327.10,329.20,325.50,325.50,48560
12-Apr-13,328.60,328.90,326.58,327.10,82161
11-Apr-13,328.40,329.90,326.70,329.10,168079
10-Apr-13,323.00,337.07,321.25,327.50,93153
9-Apr-13,321.90,323.30,319.23,323.30,64545
8-Apr-13,319.90,321.10,318.00,319.50,30742
5-Apr-13,325.00,325.00,316.11,322.30,98907
4-Apr-13,323.30,325.74,322.18,323.00,91046
3-Apr-13,326.00,326.64,323.86,324.75,95939
2-Apr-13,322.20,327.30,320.61,327.10,94022
28-Mar-13,320.00,324.50,319.75,322.00,293141
27-Mar-13,323.20,323.20,318.70,320.10,186342
26-Mar-13,324.00,324.00,320.30,323.20,105782
25-Mar-13,320.20,324.90,320.04,322.40,155848
22-Mar-13,315.50,321.40,315.50,320.00,100528
21-Mar-13,317.80,319.66,315.60,317.20,91207
20-Mar-13,320.00,321.00,316.10,317.80,53754
19-Mar-13,319.80,319.80,317.00,317.80,54727
18-Mar-13,316.10,319.80,313.92,319.50,103044
15-Mar-13,317.42,320.85,317.40,320.00,264726
14-Mar-13,318.50,319.30,316.00,318.00,140969
13-Mar-13,320.00,320.00,315.20,315.70,111206
12-Mar-13,322.40,324.70,320.00,322.70,63326
11-Mar-13,318.40,322.60,318.40,322.30,36917
8-Mar-13,321.90,322.64,319.50,322.30,54799
7-Mar-13,317.20,320.90,317.09,319.90,41526
6-Mar-13,317.00,320.00,316.77,318.50,105828
5-Mar-13,314.00,317.23,311.10,314.70,59476
4-Mar-13,312.40,312.80,310.00,311.00,38108
1-Mar-13,311.90,313.90,309.50,313.90,32480
28-Feb-13,311.20,312.79,310.60,312.00,102489
27-Feb-13,307.80,311.00,306.52,309.00,70153
26-Feb-13,305.20,307.99,302.30,307.80,112337
25-Feb-13,306.70,309.50,306.20,309.30,63929
22-Feb-13,305.30,307.00,304.61,306.90,14648
21-Feb-13,307.40,307.40,302.75,306.50,89806
20-Feb-13,307.10,310.00,307.00,307.40,65255
19-Feb-13,307.20,308.30,305.80,307.70,101852
18-Feb-13,307.70,308.90,305.32,308.50,18235
15-Feb-13,306.00,307.92,305.00,305.00,74332
14-Feb-13,306.60,308.52,305.40,305.60,84155
13-Feb-13,306.00,308.50,305.32,308.00,164097
12-Feb-13,306.80,308.10,304.99,306.80,61497
11-Feb-13,306.90,307.53,305.17,305.40,65648
8-Feb-13,305.00,306.50,303.35,304.70,36859
7-Feb-13,306.70,307.50,302.70,303.80,119961
6-Feb-13,308.10,308.50,305.60,305.60,10757
5-Feb-13,306.00,308.45,305.20,306.00,12730
4-Feb-13,308.90,308.90,304.80,304.80,101861
1-Feb-13,305.00,309.00,305.00,309.00,66582
31-Jan-13,303.90,304.70,302.40,304.70,69076
30-Jan-13,304.20,305.50,303.65,303.90,15993
29-Jan-13,306.60,307.00,303.60,307.00,13507
28-Jan-13,304.30,307.00,304.30,307.00,46365
25-Jan-13,304.00,304.77,301.34,303.50,50598
24-Jan-13,301.80,304.00,301.80,304.00,16074
23-Jan-13,301.50,304.00,300.00,301.10,15736
22-Jan-13,300.40,303.30,300.00,303.00,43464
21-Jan-13,299.80,302.30,298.10,302.30,43710
18-Jan-13,298.70,301.20,296.70,301.20,110814
17-Jan-13,295.90,297.33,295.80,297.20,50177
16-Jan-13,296.70,297.24,295.20,295.80,58854
15-Jan-13,295.80,297.47,294.60,295.00,23202
14-Jan-13,297.90,297.90,294.70,296.10,73775
11-Jan-13,296.00,297.85,295.10,296.40,15069
10-Jan-13,296.90,298.30,296.31,298.10,93583
9-Jan-13,296.30,298.00,294.68,298.00,36893
8-Jan-13,296.50,297.29,293.67,296.00,40390
7-Jan-13,295.50,297.00,294.00,297.00,59878
4-Jan-13,292.10,297.00,292.09,296.80,40936
3-Jan-13,294.80,295.00,292.00,292.50,36740
2-Jan-13,291.90,295.50,291.10,295.00,46686
