31-Dec-15,269.90,272.10,268.40,270.90,147141
30-Dec-15,274.00,274.40,272.00,272.60,494349
29-Dec-15,269.10,273.10,268.48,272.70,486379
24-Dec-15,267.00,270.30,267.00,270.30,74422
23-Dec-15,266.40,269.30,264.63,268.40,752402
22-Dec-15,268.40,269.20,264.12,266.40,1183458
21-Dec-15,272.10,272.30,268.00,268.00,1113208
18-Dec-15,273.80,274.90,270.60,271.50,1840480
16-Dec-15,271.00,273.30,271.00,272.80,1136547
15-Dec-15,271.00,272.60,269.60,271.40,1233466
14-Dec-15,275.70,275.70,266.97,269.50,1145109
11-Dec-15,271.50,273.70,269.20,269.50,2753584
10-Dec-15,270.40,271.70,268.60,271.70,1409632
9-Dec-15,268.10,270.20,266.90,269.90,2204260
8-Dec-15,266.20,268.10,265.40,267.00,1213968
7-Dec-15,264.00,269.20,264.00,266.10,1275937
4-Dec-15,265.80,268.60,263.40,264.50,2308979
3-Dec-15,267.20,270.50,266.92,267.90,982385
2-Dec-15,268.20,269.20,265.78,266.60,978601
1-Dec-15,263.40,267.00,262.20,266.40,1427154
30-Nov-15,258.90,264.60,256.50,262.90,1824174
27-Nov-15,258.60,258.60,256.20,258.30,1253592
26-Nov-15,260.00,260.90,257.60,259.40,1463949
25-Nov-15,259.00,261.00,257.30,260.20,2075492
24-Nov-15,261.40,262.00,255.90,258.90,1790451
23-Nov-15,261.00,266.00,258.40,261.20,2343000
20-Nov-15,263.00,263.00,256.70,260.80,1968279
19-Nov-15,237.00,263.90,237.00,260.10,4732252
18-Nov-15,234.40,235.70,232.60,235.70,2762029
17-Nov-15,232.00,235.00,232.00,234.50,2796754
16-Nov-15,226.90,231.13,226.90,230.50,2121139
13-Nov-15,229.90,232.30,227.70,230.00,1162242
12-Nov-15,230.70,232.40,227.50,229.90,1407819
11-Nov-15,229.90,231.60,229.70,230.50,1707883
10-Nov-15,230.80,230.80,227.91,229.60,988655
9-Nov-15,230.00,230.60,228.65,230.10,2121660
6-Nov-15,228.00,230.40,226.90,230.00,1922163
5-Nov-15,227.60,227.90,226.30,227.40,934086
4-Nov-15,225.50,229.00,224.70,227.10,1490449
3-Nov-15,225.50,228.50,224.58,225.00,1335833
2-Nov-15,223.70,225.50,223.40,225.50,1200548
30-Oct-15,224.50,226.30,223.70,224.30,709396
29-Oct-15,223.80,225.00,222.40,224.30,933754
28-Oct-15,224.50,224.80,221.60,224.60,847343
27-Oct-15,226.00,226.00,223.70,223.90,728195
26-Oct-15,225.40,226.50,223.30,225.40,1437006
23-Oct-15,224.70,226.88,224.10,225.10,2329976
22-Oct-15,225.70,227.00,223.10,223.90,1033607
21-Oct-15,226.80,227.02,225.00,226.00,940315
20-Oct-15,224.80,227.00,224.30,226.00,1353591
19-Oct-15,226.00,227.50,223.30,225.50,937363
16-Oct-15,226.00,226.20,224.00,225.60,1059914
15-Oct-15,227.00,227.00,225.40,225.90,536843
14-Oct-15,226.50,227.40,224.80,225.50,777445
13-Oct-15,228.50,229.20,226.00,227.40,672943
12-Oct-15,229.70,232.10,227.20,227.30,635093
9-Oct-15,230.00,232.00,229.30,230.90,1002886
8-Oct-15,230.60,231.70,228.00,229.40,1052384
7-Oct-15,234.90,235.00,230.00,231.40,1242985
6-Oct-15,233.50,234.20,231.50,233.50,873620
5-Oct-15,232.30,234.50,232.20,232.50,710221
2-Oct-15,229.30,232.00,227.20,229.40,789625
1-Oct-15,227.00,229.80,227.00,228.60,1210858
30-Sep-15,220.80,228.20,220.80,225.50,1564052
29-Sep-15,223.00,228.00,223.00,224.80,1793479
28-Sep-15,224.80,226.30,223.80,226.30,989580
25-Sep-15,224.20,225.70,222.80,224.70,719179
24-Sep-15,223.40,225.00,220.90,221.40,602305
23-Sep-15,221.30,225.00,221.00,224.30,813184
22-Sep-15,226.00,226.00,221.50,222.30,520365
21-Sep-15,226.20,229.00,223.72,226.40,877355
18-Sep-15,228.20,228.20,225.10,227.30,2064151
17-Sep-15,231.70,232.60,227.50,228.20,871565
16-Sep-15,234.60,234.60,229.80,230.10,1044195
15-Sep-15,233.60,234.30,231.50,232.30,1051495
14-Sep-15,235.20,236.50,232.80,234.20,754497
11-Sep-15,233.80,235.60,232.00,234.00,715098
10-Sep-15,230.80,235.30,230.40,234.40,1820038
9-Sep-15,230.40,233.00,229.70,232.30,2009653
8-Sep-15,227.80,230.50,225.50,226.50,1863510
7-Sep-15,231.50,231.50,225.70,227.20,1466081
4-Sep-15,228.60,231.10,228.00,229.00,1040716
3-Sep-15,230.90,234.30,230.60,232.80,1765244
2-Sep-15,230.90,232.00,227.80,229.00,1293251
1-Sep-15,230.60,231.10,227.80,229.40,1286045
28-Aug-15,230.50,232.90,228.80,232.90,966593
27-Aug-15,229.00,230.80,227.40,230.30,1217840
26-Aug-15,224.90,228.30,220.90,225.00,1647473
25-Aug-15,222.10,227.60,222.10,226.70,1485504
24-Aug-15,225.10,225.70,217.70,222.10,1942545
21-Aug-15,231.80,234.80,229.40,229.40,1125832
20-Aug-15,236.30,238.10,234.50,235.30,979056
19-Aug-15,239.60,240.20,237.30,238.00,1143489
18-Aug-15,238.40,240.60,236.90,240.10,1720468
17-Aug-15,238.90,238.90,235.20,237.90,1181492
14-Aug-15,236.30,241.10,235.90,236.30,1160217
13-Aug-15,236.30,236.90,234.70,236.80,1484836
12-Aug-15,233.60,235.04,228.80,233.40,1465064
11-Aug-15,235.80,236.20,232.81,234.90,1060505
10-Aug-15,237.30,237.60,234.20,236.00,1485696
7-Aug-15,239.60,239.60,232.10,235.20,1239960
6-Aug-15,235.20,236.00,233.00,235.20,1054268
5-Aug-15,239.30,240.22,237.40,239.40,1093608
4-Aug-15,238.40,239.10,237.00,238.40,909771
3-Aug-15,236.60,239.20,236.30,237.80,1128159
31-Jul-15,233.70,237.20,232.70,237.20,2027007
30-Jul-15,232.30,233.10,230.60,232.20,1224887
29-Jul-15,230.70,232.90,228.80,230.60,1357885
28-Jul-15,230.80,232.30,229.30,231.00,1086714
27-Jul-15,231.50,233.08,229.70,230.50,1062940
24-Jul-15,232.60,233.80,230.46,233.20,1124948
23-Jul-15,232.10,233.50,231.60,232.30,903541
22-Jul-15,233.50,234.60,225.00,232.40,999835
21-Jul-15,236.70,237.50,233.80,234.50,915732
20-Jul-15,239.00,239.00,235.90,236.70,704092
17-Jul-15,235.10,238.00,235.00,237.70,660860
16-Jul-15,233.60,236.50,233.20,235.60,1155488
15-Jul-15,231.00,232.30,229.60,232.30,931750
14-Jul-15,231.40,232.50,229.00,232.50,759086
13-Jul-15,228.60,230.50,228.50,229.90,907954
10-Jul-15,229.50,229.70,227.30,229.60,815189
9-Jul-15,224.90,228.30,223.80,227.00,812101
8-Jul-15,224.60,225.30,223.30,224.30,979461
7-Jul-15,224.10,224.70,222.80,223.40,1018070
6-Jul-15,225.50,226.00,223.50,224.10,930986
3-Jul-15,228.70,228.70,226.30,226.80,494613
2-Jul-15,228.50,230.20,228.30,229.40,909536
1-Jul-15,224.30,231.20,224.30,229.20,837622
30-Jun-15,226.30,226.30,222.80,224.30,1894974
29-Jun-15,226.90,229.10,225.50,226.70,1568888
26-Jun-15,229.90,231.40,228.80,230.60,1531035
25-Jun-15,232.50,237.20,231.30,234.90,1270251
24-Jun-15,233.90,234.10,231.80,232.60,1338936
23-Jun-15,233.80,234.30,231.70,232.90,902145
22-Jun-15,231.40,234.70,228.80,232.00,1152038
19-Jun-15,229.00,232.10,227.20,227.20,2714658
18-Jun-15,229.40,229.40,225.10,228.00,1276668
17-Jun-15,229.20,230.10,226.50,228.30,879455
16-Jun-15,227.70,228.80,225.30,228.40,1059057
15-Jun-15,229.30,230.00,228.10,228.40,866279
12-Jun-15,233.30,234.00,229.57,230.10,1496283
11-Jun-15,235.70,236.70,232.80,234.50,826490
10-Jun-15,232.20,235.40,232.20,235.00,1439638
9-Jun-15,235.70,236.90,232.30,233.90,1073774
8-Jun-15,234.90,237.60,234.70,236.60,810017
5-Jun-15,236.90,236.90,234.50,236.30,984745
4-Jun-15,237.10,237.70,233.09,237.10,1388667
3-Jun-15,237.40,238.70,234.77,236.60,2115322
2-Jun-15,238.80,238.80,235.80,236.70,1109435
1-Jun-15,239.00,239.00,235.90,237.20,1432499
29-May-15,237.70,238.00,236.30,236.60,2503951
28-May-15,237.50,238.67,236.50,237.70,1530917
27-May-15,236.80,240.10,236.50,237.20,2804993
26-May-15,240.00,240.00,231.30,236.80,1971746
22-May-15,239.20,239.40,232.07,235.40,2827347
21-May-15,223.30,239.50,222.72,239.20,4149469
20-May-15,216.00,216.10,212.46,215.20,998279
19-May-15,215.10,216.50,214.00,215.30,1222848
18-May-15,213.70,215.40,212.70,213.50,1670411
15-May-15,211.80,214.30,211.60,213.90,2043927
14-May-15,211.90,213.01,209.10,212.60,1451959
13-May-15,210.00,211.10,209.40,210.80,1792993
12-May-15,206.20,209.60,205.50,209.60,1583342
11-May-15,207.40,210.00,207.20,209.10,1971983
8-May-15,209.80,213.20,205.90,206.10,3158843
7-May-15,202.00,204.80,200.11,204.20,1807488
6-May-15,202.70,205.70,202.10,203.00,2729043
5-May-15,204.40,205.90,203.90,204.30,1600113
1-May-15,201.70,203.70,199.34,202.90,992658
30-Apr-15,203.50,203.80,200.60,202.60,1835418
29-Apr-15,201.20,203.60,201.20,202.00,1663659
28-Apr-15,203.30,204.70,201.60,202.00,1843721
27-Apr-15,202.70,204.00,201.90,202.70,1305705
24-Apr-15,202.60,206.60,202.40,202.80,1874776
23-Apr-15,202.60,203.70,202.60,203.30,1672600
22-Apr-15,202.00,203.50,201.40,203.20,1574110
21-Apr-15,202.40,203.90,202.10,202.70,1684819
20-Apr-15,203.00,207.00,202.40,202.80,1846825
17-Apr-15,199.70,206.50,198.42,202.50,2572752
16-Apr-15,196.80,197.80,194.40,195.10,1555437
15-Apr-15,195.00,198.70,195.00,197.40,1036514
14-Apr-15,195.40,199.00,195.40,198.00,975381
13-Apr-15,197.00,198.04,196.90,197.10,1020229
10-Apr-15,197.50,198.00,196.38,197.50,1160958
9-Apr-15,195.00,197.90,193.90,196.30,1143268
8-Apr-15,194.20,197.50,194.20,196.40,1559240
7-Apr-15,193.90,195.40,192.22,194.70,1511362
2-Apr-15,188.50,192.00,187.70,191.80,879653
1-Apr-15,189.70,190.70,187.70,188.20,1242045
31-Mar-15,191.20,196.90,190.60,190.90,1611037
30-Mar-15,193.60,193.70,189.20,191.10,854041
27-Mar-15,194.20,194.70,191.50,191.50,1102284
26-Mar-15,194.90,196.00,193.10,194.20,1296217
25-Mar-15,197.60,198.40,196.30,196.80,1034948
24-Mar-15,197.50,199.90,196.90,198.40,1384104
23-Mar-15,196.70,197.80,195.10,196.40,1501120
20-Mar-15,197.00,197.60,195.50,197.50,1847816
19-Mar-15,200.00,200.00,196.80,197.40,1329401
18-Mar-15,197.40,199.70,197.40,199.00,1721177
17-Mar-15,198.80,199.20,197.40,197.90,714951
16-Mar-15,201.30,201.80,198.30,198.40,788183
13-Mar-15,197.30,199.60,197.30,199.30,999634
12-Mar-15,196.50,198.60,196.50,197.60,611265
11-Mar-15,198.90,200.10,196.30,196.80,1019499
10-Mar-15,200.00,200.90,197.00,197.80,1241118
9-Mar-15,197.90,200.90,197.90,199.90,722913
6-Mar-15,198.40,200.70,198.40,199.60,755022
5-Mar-15,198.80,199.90,197.50,198.90,931769
4-Mar-15,196.20,200.20,196.00,199.80,1390412
3-Mar-15,199.20,199.70,196.30,197.10,860477
2-Mar-15,200.10,201.71,197.30,198.20,814289
27-Feb-15,199.90,200.73,199.00,199.70,1078113
26-Feb-15,200.00,200.60,198.70,199.40,1204488
25-Feb-15,198.40,200.10,197.54,200.00,1144940
24-Feb-15,198.70,199.22,197.10,197.90,711301
23-Feb-15,197.20,199.60,197.20,198.70,919600
20-Feb-15,194.20,197.70,194.20,197.50,623949
19-Feb-15,194.50,197.20,193.80,195.50,425028
18-Feb-15,194.10,196.60,194.10,195.20,542496
17-Feb-15,195.10,196.50,193.50,194.70,463292
16-Feb-15,195.00,195.00,193.10,194.30,471020
13-Feb-15,194.50,195.70,193.30,194.20,587114
12-Feb-15,190.70,193.30,189.50,193.00,1204445
11-Feb-15,190.00,190.90,184.79,190.40,742434
10-Feb-15,190.00,190.90,188.40,188.90,986497
9-Feb-15,189.80,190.00,185.30,189.80,909983
6-Feb-15,187.20,192.60,187.20,189.40,549458
5-Feb-15,188.60,192.10,188.60,192.00,562050
4-Feb-15,190.60,193.00,189.00,190.00,758751
3-Feb-15,188.60,194.00,188.60,191.30,964553
2-Feb-15,186.60,189.60,186.60,188.80,905059
30-Jan-15,186.50,191.40,186.43,187.10,861536
29-Jan-15,189.40,190.70,189.00,190.00,708062
28-Jan-15,194.40,194.40,189.30,190.20,869144
27-Jan-15,191.10,193.60,189.10,190.00,1282230
26-Jan-15,188.20,190.20,186.10,190.00,1294156
23-Jan-15,190.00,191.00,186.80,187.70,1067028
22-Jan-15,188.10,191.10,187.70,189.70,1058257
21-Jan-15,187.30,187.90,185.60,187.10,1013075
20-Jan-15,185.00,187.30,185.00,186.50,712235
19-Jan-15,183.40,185.60,183.40,185.00,649833
16-Jan-15,182.30,182.30,179.70,181.90,1217698
15-Jan-15,182.20,184.70,179.20,182.10,1206257
14-Jan-15,187.00,189.29,180.40,182.10,783413
13-Jan-15,187.50,189.60,186.60,188.80,1247277
12-Jan-15,188.20,189.40,185.80,186.80,772168
9-Jan-15,188.10,190.50,187.00,187.10,1323708
8-Jan-15,186.50,188.70,185.90,187.60,755584
7-Jan-15,186.00,186.80,183.20,183.50,909146
6-Jan-15,187.00,187.10,183.00,184.90,726430
5-Jan-15,189.30,190.00,184.80,186.70,808074
31-Dec-14,188.00,189.50,179.02,187.90,294496
30-Dec-14,189.50,189.80,187.80,189.00,368203
29-Dec-14,190.00,191.90,184.40,190.00,387555
24-Dec-14,192.50,192.50,190.00,190.40,109304
23-Dec-14,190.60,191.70,189.36,190.50,691106
22-Dec-14,192.00,192.00,190.30,190.90,614341
19-Dec-14,185.50,191.30,185.50,190.00,2954525
18-Dec-14,189.70,190.30,187.40,189.10,1026884
17-Dec-14,185.10,187.40,184.60,186.10,1258923
16-Dec-14,182.30,187.30,179.20,187.30,1272636
15-Dec-14,184.50,188.89,181.50,182.50,869962
12-Dec-14,187.00,187.20,185.00,185.00,917251
11-Dec-14,191.00,192.10,188.40,188.40,557109
10-Dec-14,195.00,196.00,191.20,191.20,1176283
9-Dec-14,196.50,197.80,192.80,192.80,869972
8-Dec-14,197.90,199.20,197.30,198.00,901994
5-Dec-14,198.10,201.60,197.70,199.00,1232693
4-Dec-14,200.00,202.30,197.50,198.00,792676
3-Dec-14,197.20,200.10,197.07,199.90,883922
2-Dec-14,196.30,198.60,195.36,198.60,676995
1-Dec-14,196.70,197.20,194.50,195.00,616184
28-Nov-14,197.50,199.20,196.50,197.90,1066366
27-Nov-14,197.20,198.20,194.70,198.10,1320911
26-Nov-14,204.00,204.00,195.80,196.50,1312019
25-Nov-14,204.60,208.60,203.90,206.10,1059164
24-Nov-14,203.50,207.20,203.50,204.10,660615
21-Nov-14,204.30,205.20,201.70,204.40,1062263
20-Nov-14,204.00,205.40,199.81,202.60,960092
19-Nov-14,205.50,206.90,204.60,205.50,811039
18-Nov-14,205.00,208.70,205.00,206.60,719200
17-Nov-14,205.90,208.30,205.10,206.60,1330930
14-Nov-14,207.10,209.00,207.10,207.80,1082046
13-Nov-14,206.80,210.00,206.80,207.60,1084350
12-Nov-14,206.00,208.30,206.00,207.50,774417
11-Nov-14,209.90,210.60,207.30,208.00,806890
10-Nov-14,206.50,208.20,204.30,208.10,1399059
7-Nov-14,206.50,208.00,205.30,205.30,1117392
6-Nov-14,204.30,206.90,204.30,205.80,1328207
5-Nov-14,204.00,206.50,202.69,205.00,1542244
4-Nov-14,202.40,205.00,201.80,202.10,1085398
3-Nov-14,202.80,204.70,200.60,201.80,1133506
31-Oct-14,204.80,205.40,200.80,201.90,2369458
30-Oct-14,204.00,205.90,201.90,201.90,1224858
29-Oct-14,202.90,205.40,202.90,204.00,1086529
28-Oct-14,202.90,204.90,202.50,202.60,887585
27-Oct-14,202.50,208.60,201.00,201.40,941488
24-Oct-14,203.90,206.60,203.60,204.30,826570
23-Oct-14,202.50,205.50,200.40,205.00,1067992
22-Oct-14,203.50,205.00,201.70,202.38,1489669
21-Oct-14,198.50,204.20,197.30,204.00,1398572
20-Oct-14,198.30,200.50,197.22,198.80,708902
17-Oct-14,196.70,199.80,192.90,199.00,1617302
16-Oct-14,193.50,198.20,191.40,196.60,2401164
15-Oct-14,210.00,210.00,191.30,193.00,2923837
14-Oct-14,216.50,220.10,215.30,218.80,665663
13-Oct-14,216.40,219.60,212.10,218.10,864791
10-Oct-14,214.10,219.70,214.10,217.90,624675
9-Oct-14,223.00,223.20,216.30,217.30,572611
8-Oct-14,223.40,225.00,220.10,220.80,607946
7-Oct-14,229.50,229.50,223.60,223.60,716179
6-Oct-14,228.00,230.70,227.90,229.40,539907
3-Oct-14,225.80,228.00,223.00,227.80,544635
2-Oct-14,224.00,225.80,221.20,222.50,647332
1-Oct-14,224.50,228.90,223.20,223.50,554439
30-Sep-14,224.20,229.30,223.00,224.50,966914
29-Sep-14,221.80,225.70,221.80,224.30,408063
26-Sep-14,221.60,223.90,218.80,223.30,382345
25-Sep-14,223.70,225.20,221.80,222.30,489636
24-Sep-14,223.90,226.00,221.00,225.00,727990
23-Sep-14,227.50,228.00,222.90,223.00,851785
22-Sep-14,226.50,228.20,225.60,225.70,465739
19-Sep-14,226.30,231.90,226.16,228.00,1199058
18-Sep-14,222.40,225.90,220.60,225.10,599823
17-Sep-14,225.50,225.50,221.50,221.50,663483
16-Sep-14,225.50,225.50,221.40,223.80,638041
15-Sep-14,223.40,226.00,223.40,224.80,448215
12-Sep-14,222.40,228.10,222.40,225.70,660179
11-Sep-14,220.80,223.30,219.70,222.70,460727
10-Sep-14,222.00,222.00,217.20,220.50,624167
9-Sep-14,218.20,222.40,218.20,220.80,697147
8-Sep-14,220.00,220.00,215.10,219.10,535175
5-Sep-14,218.80,220.30,215.38,219.60,322303
4-Sep-14,221.40,221.40,218.80,219.70,444963
3-Sep-14,218.40,221.30,218.40,220.80,633886
2-Sep-14,222.70,222.70,217.95,218.20,734001
1-Sep-14,217.30,222.10,217.00,220.50,474010
29-Aug-14,218.60,218.60,214.68,216.60,591436
28-Aug-14,218.60,219.20,216.30,217.70,561458
27-Aug-14,216.00,219.10,213.46,218.50,667623
26-Aug-14,214.50,216.60,212.80,216.00,457283
22-Aug-14,213.00,214.30,211.00,213.30,487633
21-Aug-14,212.50,212.70,210.31,212.10,326612
20-Aug-14,215.00,215.20,210.60,211.60,436080
19-Aug-14,213.50,215.00,212.70,214.10,618242
18-Aug-14,210.70,211.30,209.05,210.70,441724
15-Aug-14,209.00,210.95,206.84,208.90,429875
14-Aug-14,207.90,210.00,206.90,209.10,882155
13-Aug-14,207.20,208.40,205.85,207.60,466038
12-Aug-14,205.70,207.00,205.40,205.70,695889
11-Aug-14,203.90,207.50,203.30,206.00,384932
8-Aug-14,201.40,203.80,200.10,202.50,755466
7-Aug-14,200.90,202.70,200.70,202.00,571943
6-Aug-14,200.00,201.50,196.88,201.50,594241
5-Aug-14,199.50,204.60,199.50,203.20,430612
4-Aug-14,205.60,205.60,202.50,203.50,375736
1-Aug-14,206.10,207.40,202.50,206.40,511952
31-Jul-14,208.60,210.00,205.70,206.80,411918
30-Jul-14,207.80,210.00,207.70,208.80,718027
29-Jul-14,208.70,208.70,207.30,207.40,332084
28-Jul-14,208.90,209.50,207.40,207.80,389803
25-Jul-14,212.00,212.00,208.40,208.90,634346
24-Jul-14,209.70,213.20,206.80,211.60,691212
23-Jul-14,216.00,216.00,208.70,210.00,934654
22-Jul-14,204.00,215.80,204.00,215.50,661957
21-Jul-14,207.70,208.50,205.70,207.00,721793
18-Jul-14,206.20,208.70,205.20,208.10,391012
17-Jul-14,205.00,208.90,204.90,208.50,1231659
16-Jul-14,204.90,207.90,204.40,206.60,528594
15-Jul-14,205.30,206.10,203.60,204.30,738241
14-Jul-14,204.80,206.32,203.80,206.00,557244
11-Jul-14,205.50,206.70,202.30,203.20,596401
10-Jul-14,206.00,207.10,204.50,205.40,1081102
9-Jul-14,204.40,205.22,202.00,204.00,575364
8-Jul-14,210.70,211.51,203.80,205.40,891316
7-Jul-14,211.20,212.20,210.40,210.60,681271
4-Jul-14,210.30,213.00,210.30,212.40,506472
3-Jul-14,206.90,212.50,205.90,211.90,906331
2-Jul-14,207.60,210.90,206.50,206.50,473687
1-Jul-14,206.70,208.60,206.60,207.70,436732
30-Jun-14,205.60,208.50,204.70,206.80,668852
27-Jun-14,207.00,208.20,204.90,206.00,657801
26-Jun-14,203.90,208.20,203.50,207.10,1065176
25-Jun-14,202.40,205.60,200.70,204.00,529567
24-Jun-14,207.50,207.50,202.00,203.70,1032896
23-Jun-14,210.00,210.59,206.00,206.00,679170
20-Jun-14,207.60,211.30,207.60,210.40,1815641
19-Jun-14,210.80,211.60,208.60,208.90,644650
18-Jun-14,210.70,211.40,209.00,209.00,958993
17-Jun-14,209.50,211.50,209.50,210.00,838479
16-Jun-14,209.00,210.90,209.00,210.00,1335859
13-Jun-14,213.40,213.60,209.90,210.00,677006
12-Jun-14,211.60,215.50,210.20,214.10,799990
11-Jun-14,211.10,211.80,209.20,210.00,823316
10-Jun-14,212.10,213.40,211.10,212.10,622683
9-Jun-14,212.00,212.60,210.10,212.30,563356
6-Jun-14,211.00,212.27,210.00,211.80,664011
5-Jun-14,209.50,210.50,208.90,209.49,1219227
4-Jun-14,210.70,210.90,209.00,209.99,1194177
3-Jun-14,212.00,213.00,209.50,209.69,581913
2-Jun-14,209.10,212.70,209.10,211.99,900273
30-May-14,207.40,212.90,207.40,208.99,1601885
29-May-14,205.00,210.50,205.00,208.80,1318766
28-May-14,197.00,206.00,197.00,205.49,873250
27-May-14,196.50,199.57,194.70,196.90,1147173
23-May-14,196.50,197.62,195.60,197.10,578724
22-May-14,200.00,203.00,196.40,196.80,862937
21-May-14,197.70,201.00,196.10,199.00,717588
20-May-14,198.50,200.40,197.10,197.40,475130
19-May-14,196.90,199.00,194.50,197.50,693049
16-May-14,201.00,201.80,194.10,196.50,854681
15-May-14,205.90,206.00,199.02,200.00,870043
14-May-14,207.90,208.20,204.30,205.50,864292
13-May-14,210.30,211.50,207.30,207.30,1329360
12-May-14,208.10,211.00,206.70,210.50,651130
9-May-14,213.00,214.20,208.90,210.10,879430
8-May-14,214.50,215.00,212.30,213.80,535508
7-May-14,212.50,215.50,212.50,213.20,547710
6-May-14,213.90,217.70,212.50,213.30,417322
2-May-14,210.10,215.20,209.83,214.00,584211
1-May-14,212.50,213.60,210.70,211.00,537017
30-Apr-14,211.00,212.10,209.30,210.80,1212962
29-Apr-14,213.70,215.10,211.30,211.70,692514
28-Apr-14,218.30,218.40,214.00,214.00,550023
25-Apr-14,217.10,217.63,215.50,217.30,448804
24-Apr-14,216.80,219.90,216.10,217.40,492933
23-Apr-14,216.40,217.90,215.50,216.80,772552
22-Apr-14,225.00,225.60,217.40,218.10,1065706
17-Apr-14,218.40,223.10,217.20,221.60,496460
16-Apr-14,216.00,217.40,214.60,217.40,662429
15-Apr-14,215.40,217.00,212.51,213.60,401968
14-Apr-14,215.30,217.14,211.50,214.90,539250
11-Apr-14,221.10,222.50,216.80,217.70,561593
10-Apr-14,226.50,230.40,223.80,224.00,441313
9-Apr-14,224.10,228.40,224.10,225.70,677138
8-Apr-14,224.40,226.10,221.80,224.20,534470
7-Apr-14,226.00,227.10,224.00,225.50,341689
4-Apr-14,229.50,229.50,227.10,227.60,467100
3-Apr-14,231.20,233.40,227.50,228.50,367988
2-Apr-14,231.00,233.70,230.70,231.70,545852
1-Apr-14,227.00,230.70,225.79,229.75,607355
31-Mar-14,222.10,226.30,222.10,225.90,672421
28-Mar-14,222.40,224.00,222.20,223.00,490494
27-Mar-14,221.50,223.50,220.80,223.50,364527
26-Mar-14,223.10,223.10,220.70,221.60,428152
25-Mar-14,218.50,222.30,215.19,221.30,380983
24-Mar-14,221.00,221.78,216.70,217.80,442206
21-Mar-14,220.10,223.70,219.30,221.80,1056897
20-Mar-14,221.50,223.10,219.20,220.10,795457
19-Mar-14,223.90,225.70,223.60,223.90,524840
18-Mar-14,223.50,225.50,222.00,224.50,567767
17-Mar-14,219.90,224.40,215.30,222.90,560856
14-Mar-14,216.90,221.00,216.70,220.30,815469
13-Mar-14,221.80,221.90,218.80,219.10,716812
12-Mar-14,223.70,227.00,221.10,222.10,785589
11-Mar-14,222.40,226.40,222.40,225.60,356497
10-Mar-14,222.30,226.40,222.10,222.70,587141
7-Mar-14,230.50,230.50,223.00,224.30,822924
6-Mar-14,228.40,230.50,226.80,229.50,445732
5-Mar-14,231.50,231.50,228.20,228.70,586201
4-Mar-14,226.50,231.40,222.00,231.10,742431
3-Mar-14,225.10,227.50,223.30,224.10,1337088
28-Feb-14,224.90,231.90,224.90,229.30,1789114
27-Feb-14,227.40,230.40,227.40,230.00,947874
26-Feb-14,226.90,229.10,226.90,227.30,1044061
25-Feb-14,227.20,229.50,226.60,228.40,964461
24-Feb-14,226.90,228.70,224.60,228.40,520474
21-Feb-14,225.60,227.20,224.30,226.60,654437
20-Feb-14,223.10,227.60,221.80,225.10,1030258
19-Feb-14,221.40,225.90,221.00,225.80,1045220
18-Feb-14,217.80,222.90,217.80,221.30,687070
17-Feb-14,217.90,220.80,217.70,219.30,477049
14-Feb-14,218.60,221.00,218.10,219.40,612846
13-Feb-14,222.40,222.40,218.00,219.20,689460
12-Feb-14,221.70,223.50,221.50,222.60,644529
11-Feb-14,220.10,222.90,219.70,220.80,444577
10-Feb-14,219.90,221.10,218.60,220.60,507191
7-Feb-14,218.70,222.00,218.70,219.80,717897
6-Feb-14,220.00,220.30,216.90,220.30,1067499
5-Feb-14,219.00,221.00,217.50,217.60,487046
4-Feb-14,220.00,220.80,217.70,219.50,829080
3-Feb-14,223.10,224.70,220.30,221.10,603084
31-Jan-14,223.70,226.40,221.50,223.50,689621
30-Jan-14,224.50,225.00,222.30,223.90,742299
29-Jan-14,223.80,226.00,222.30,223.70,1148517
28-Jan-14,215.60,221.40,214.90,221.40,605790
27-Jan-14,218.80,220.00,214.20,215.10,912935
24-Jan-14,224.50,226.30,218.90,220.20,945643
23-Jan-14,230.00,231.20,224.60,224.90,576468
22-Jan-14,230.00,232.00,229.60,229.90,421494
21-Jan-14,232.00,232.00,229.40,230.10,635418
20-Jan-14,232.00,232.00,228.30,231.30,370081
17-Jan-14,228.10,232.20,228.10,231.90,744139
16-Jan-14,235.40,237.30,228.20,229.20,936096
15-Jan-14,236.70,237.00,234.10,236.20,548680
14-Jan-14,228.60,238.70,227.50,236.70,1734448
13-Jan-14,227.00,227.60,224.50,227.50,661624
10-Jan-14,222.60,229.00,222.60,229.00,1133747
9-Jan-14,222.50,226.40,222.10,223.00,864476
8-Jan-14,225.40,225.40,222.30,223.60,591839
7-Jan-14,221.00,225.40,219.50,224.80,795075
6-Jan-14,222.50,224.50,221.00,221.20,578713
3-Jan-14,217.60,222.40,216.60,220.50,1521433
2-Jan-14,216.50,218.30,215.20,217.20,504631
31-Dec-13,218.60,221.90,215.40,217.00,179818
30-Dec-13,220.10,220.10,216.10,217.70,404099
27-Dec-13,216.90,218.50,215.60,218.20,171709
24-Dec-13,215.10,216.30,215.00,215.40,253683
23-Dec-13,213.40,216.70,211.00,216.20,462696
20-Dec-13,210.70,213.40,210.40,212.50,1258971
19-Dec-13,213.60,214.30,209.70,211.60,460016
18-Dec-13,209.40,212.40,208.80,210.90,882394
17-Dec-13,211.30,212.90,208.00,208.40,682010
16-Dec-13,209.50,211.80,207.40,211.10,360441
13-Dec-13,206.00,210.40,205.50,208.20,386628
12-Dec-13,210.70,215.50,206.40,206.50,570794
11-Dec-13,207.80,216.00,207.50,211.60,1032996
10-Dec-13,207.70,211.40,206.60,209.00,669621
9-Dec-13,208.30,209.70,205.90,208.10,526371
6-Dec-13,206.30,209.40,206.00,208.50,448425
5-Dec-13,205.80,208.40,203.90,206.80,794642
4-Dec-13,210.80,211.20,205.10,207.10,875361
3-Dec-13,213.40,214.70,211.30,211.80,1189472
2-Dec-13,215.80,215.80,212.70,213.30,970696
29-Nov-13,216.40,218.50,214.90,217.50,1145572
28-Nov-13,216.80,216.80,213.80,215.40,644687
27-Nov-13,216.30,217.40,214.10,215.00,1289071
26-Nov-13,216.00,217.90,215.30,216.60,1017725
25-Nov-13,213.70,216.60,213.70,216.50,1424268
22-Nov-13,210.30,215.10,209.10,213.50,1589979
21-Nov-13,198.40,214.40,198.00,211.00,2248282
20-Nov-13,197.00,199.70,196.10,198.78,742792
19-Nov-13,196.50,198.90,196.50,198.50,952360
18-Nov-13,194.20,197.70,194.20,197.50,543994
15-Nov-13,197.40,197.60,194.20,194.70,853749
14-Nov-13,199.40,199.40,197.20,197.90,563890
13-Nov-13,197.70,198.50,196.40,196.70,1289838
12-Nov-13,198.40,198.50,196.60,197.20,656337
11-Nov-13,197.60,199.10,197.20,198.10,859905
8-Nov-13,196.60,197.80,195.30,197.50,1406661
7-Nov-13,198.50,198.50,196.70,197.50,1230022
6-Nov-13,199.50,199.50,197.90,197.90,560254
5-Nov-13,199.50,199.50,197.40,198.90,990630
4-Nov-13,198.70,201.10,198.30,198.70,1164226
1-Nov-13,198.50,199.00,197.10,198.80,1070817
31-Oct-13,199.20,200.30,197.10,197.90,1522012
30-Oct-13,199.40,199.70,198.20,199.00,1070544
29-Oct-13,197.60,200.20,197.60,199.00,561558
28-Oct-13,200.50,200.50,197.60,198.80,651642
25-Oct-13,201.10,201.10,197.90,200.30,491542
24-Oct-13,201.30,202.30,200.00,201.10,550247
23-Oct-13,201.20,201.60,199.60,201.50,1032574
22-Oct-13,203.80,203.80,199.40,202.20,447003
21-Oct-13,195.00,203.60,195.00,202.80,1408901
18-Oct-13,193.80,194.60,192.30,193.90,575194
17-Oct-13,192.70,194.00,191.90,193.00,977161
16-Oct-13,190.00,193.30,186.80,193.10,664302
15-Oct-13,191.20,192.00,189.20,190.20,407211
14-Oct-13,189.30,191.60,189.10,190.20,396842
11-Oct-13,187.50,190.40,186.40,190.40,803155
10-Oct-13,185.30,188.20,184.90,188.10,705809
9-Oct-13,182.60,186.50,181.50,184.50,1106244
8-Oct-13,181.80,182.70,180.70,180.80,784109
7-Oct-13,184.10,185.50,181.00,181.80,1116396
4-Oct-13,183.20,185.90,183.00,185.00,565840
3-Oct-13,188.20,188.20,182.90,183.50,792380
2-Oct-13,192.90,193.50,187.00,188.10,816151
1-Oct-13,191.70,194.40,191.40,193.70,681980
30-Sep-13,193.70,196.20,190.40,191.60,961957
27-Sep-13,194.00,197.70,191.00,196.20,1344922
26-Sep-13,196.20,196.20,193.60,194.60,603252
25-Sep-13,193.00,195.50,191.10,195.50,771842
24-Sep-13,190.60,193.00,189.40,193.00,1008602
20-Sep-13,187.40,189.70,186.00,189.00,1401243
19-Sep-13,190.80,191.20,187.40,187.60,682479
18-Sep-13,189.00,192.20,187.70,189.00,803239
17-Sep-13,194.90,194.90,187.70,189.20,875805
16-Sep-13,193.90,195.40,193.60,193.70,355623
13-Sep-13,191.90,194.50,191.60,192.90,675420
12-Sep-13,192.60,194.70,192.40,192.50,475165
11-Sep-13,195.00,197.70,193.70,194.30,597945
10-Sep-13,195.00,196.60,193.10,194.70,418243
9-Sep-13,193.50,195.10,192.50,194.50,756454
6-Sep-13,192.40,193.60,191.50,193.50,539015
5-Sep-13,190.50,192.50,190.50,192.20,364618
4-Sep-13,189.20,190.30,188.30,189.90,408647
3-Sep-13,189.40,190.00,186.00,189.30,770229
2-Sep-13,188.10,190.40,187.00,189.00,724794
30-Aug-13,189.30,189.30,187.00,188.00,583052
29-Aug-13,188.70,189.10,186.30,187.90,656310
28-Aug-13,188.10,189.00,186.60,187.40,469408
27-Aug-13,190.00,190.10,187.50,188.10,433730
23-Aug-13,188.30,192.50,188.30,190.70,616577
22-Aug-13,186.20,189.70,186.20,189.70,868916
21-Aug-13,184.50,187.70,184.40,187.10,815996
20-Aug-13,185.30,186.10,182.00,185.20,480976
19-Aug-13,181.50,185.40,181.50,184.30,423603
16-Aug-13,183.00,184.10,181.70,182.50,628252
15-Aug-13,190.20,190.70,182.00,182.60,724204
14-Aug-13,190.10,191.10,189.20,190.50,511908
13-Aug-13,187.80,190.20,187.80,189.60,674163
12-Aug-13,185.90,188.00,185.70,187.70,861013
9-Aug-13,181.30,188.80,181.30,187.20,1151999
8-Aug-13,181.20,183.30,179.20,181.50,789296
7-Aug-13,183.00,183.00,179.90,180.50,670078
6-Aug-13,188.20,189.10,184.40,185.70,434498
5-Aug-13,187.90,190.00,186.40,188.40,481851
2-Aug-13,190.40,190.40,186.50,187.70,386808
1-Aug-13,186.10,187.90,185.90,187.60,402805
31-Jul-13,186.50,186.80,184.40,184.90,1341640
30-Jul-13,187.60,188.10,185.20,187.20,661510
29-Jul-13,192.00,192.00,185.90,186.20,553186
26-Jul-13,193.90,196.80,189.50,190.20,801752
25-Jul-13,186.90,191.60,184.20,190.50,956128
24-Jul-13,188.90,190.70,185.00,185.10,712192
23-Jul-13,189.60,190.20,187.50,188.90,382078
22-Jul-13,190.60,191.20,188.70,189.30,326687
19-Jul-13,188.00,191.60,186.90,190.90,622800
18-Jul-13,189.40,189.70,186.70,188.70,906567
17-Jul-13,190.50,191.60,188.70,189.10,772309
16-Jul-13,189.10,190.60,187.50,190.50,525479
15-Jul-13,190.80,192.70,188.50,188.60,486876
12-Jul-13,188.90,191.30,188.90,190.70,553493
11-Jul-13,190.70,191.00,188.50,189.10,465766
10-Jul-13,191.50,193.40,186.40,189.10,793834
9-Jul-13,194.40,194.80,190.95,191.30,678982
8-Jul-13,190.20,194.10,190.20,193.10,731315
5-Jul-13,192.10,193.20,187.90,189.60,808022
4-Jul-13,188.80,193.20,188.60,192.90,577001
3-Jul-13,186.30,189.00,184.40,188.10,1036133
2-Jul-13,185.40,187.60,183.70,187.00,638342
1-Jul-13,181.20,185.80,181.01,185.60,959556
28-Jun-13,180.90,183.00,179.51,180.40,1326687
27-Jun-13,179.90,180.80,178.70,179.70,756664
26-Jun-13,181.80,182.15,178.90,179.50,698329
25-Jun-13,181.20,182.50,179.70,180.50,693817
24-Jun-13,182.00,182.00,178.50,180.00,709081
21-Jun-13,182.00,186.10,181.50,181.70,1446348
20-Jun-13,184.80,184.80,180.40,181.70,1064516
19-Jun-13,189.50,189.79,184.80,185.80,3150717
18-Jun-13,187.30,190.70,186.20,189.30,813468
17-Jun-13,188.20,189.20,185.00,188.20,707979
14-Jun-13,184.40,188.30,184.00,187.30,934430
13-Jun-13,184.40,184.60,180.80,183.50,733061
12-Jun-13,185.20,188.10,184.90,185.50,561932
11-Jun-13,185.70,185.70,182.50,184.90,645021
10-Jun-13,184.70,187.50,183.00,186.60,525777
7-Jun-13,182.50,185.40,180.20,184.50,1195527
6-Jun-13,185.30,186.44,181.90,182.10,616406
5-Jun-13,184.10,185.40,183.30,184.80,1129266
4-Jun-13,186.30,187.10,183.60,185.00,1033578
3-Jun-13,184.50,191.80,184.00,185.30,1090581
31-May-13,186.80,187.10,183.90,185.30,1195621
30-May-13,186.70,188.70,184.70,187.20,611800
29-May-13,189.90,191.00,187.10,187.30,986522
28-May-13,193.00,193.73,190.30,190.40,1411274
24-May-13,196.70,196.70,188.30,190.30,1101737
23-May-13,202.50,204.00,195.50,198.00,707917
22-May-13,206.10,207.50,200.90,203.80,802204
21-May-13,200.40,207.70,199.40,207.00,1741071
20-May-13,193.70,199.70,193.70,199.00,440596
17-May-13,196.20,197.60,194.80,197.10,427034
16-May-13,198.40,199.50,193.10,196.00,804404
15-May-13,197.10,198.80,194.60,198.10,512359
14-May-13,195.30,197.20,193.80,197.20,463838
13-May-13,189.50,194.40,189.50,194.30,746958
10-May-13,188.10,189.90,187.20,188.90,690121
9-May-13,185.20,189.00,185.06,188.40,950858
8-May-13,183.60,188.30,183.30,185.70,1808752
7-May-13,191.40,192.00,180.80,181.60,1422320
3-May-13,185.90,192.70,185.90,191.00,489498
2-May-13,190.80,190.80,184.60,186.40,733264
1-May-13,189.40,190.90,187.40,189.50,289073
30-Apr-13,192.70,194.00,187.80,189.40,804892
29-Apr-13,193.70,195.06,190.40,191.80,487034
26-Apr-13,190.20,194.30,189.51,193.70,907817
25-Apr-13,188.90,190.80,188.40,190.00,477440
24-Apr-13,187.00,189.10,186.40,188.80,549426
23-Apr-13,184.20,188.56,184.20,187.40,547352
22-Apr-13,184.50,186.80,184.10,184.20,494374
19-Apr-13,188.00,188.00,183.00,184.30,614121
18-Apr-13,185.40,188.10,184.70,185.00,635508
17-Apr-13,188.90,189.90,184.70,185.00,863732
16-Apr-13,191.80,191.80,187.90,188.50,1064604
15-Apr-13,197.50,197.50,191.20,192.60,577277
12-Apr-13,199.20,199.20,195.80,196.90,481620
11-Apr-13,194.90,199.40,194.80,198.70,477305
10-Apr-13,192.30,195.70,191.50,195.20,782956
9-Apr-13,196.00,196.64,190.50,192.30,671784
8-Apr-13,193.60,195.70,192.30,195.60,623886
5-Apr-13,202.80,202.80,189.38,193.50,1123795
4-Apr-13,206.90,208.16,201.00,201.80,745230
3-Apr-13,210.30,210.45,206.40,207.20,638525
2-Apr-13,209.80,211.50,207.86,210.40,832190
28-Mar-13,205.50,209.40,194.87,207.40,1411230
27-Mar-13,211.40,211.90,205.30,206.00,992544
26-Mar-13,209.00,212.00,206.98,210.70,764471
25-Mar-13,209.50,211.00,208.10,208.40,1055052
22-Mar-13,203.30,209.40,203.10,208.60,1364116
21-Mar-13,196.10,204.70,195.50,203.70,1195273
20-Mar-13,197.60,198.00,194.80,195.60,630248
19-Mar-13,196.30,198.40,195.80,196.50,795561
18-Mar-13,194.30,196.70,194.30,196.20,533699
15-Mar-13,196.00,198.50,195.60,196.70,1298302
14-Mar-13,196.50,196.90,194.20,196.00,1204771
13-Mar-13,196.00,197.00,194.29,196.20,672046
12-Mar-13,200.50,200.50,196.10,196.10,656401
11-Mar-13,201.50,201.58,199.81,201.00,603109
8-Mar-13,205.50,205.90,199.10,201.80,944651
7-Mar-13,204.60,206.00,203.70,204.80,453429
6-Mar-13,205.50,206.10,204.10,205.20,460408
5-Mar-13,205.40,206.60,204.40,205.00,473523
4-Mar-13,204.60,206.60,203.40,204.90,1203329
1-Mar-13,204.50,206.90,203.20,205.60,663082
28-Feb-13,207.00,208.00,204.90,205.20,636191
27-Feb-13,205.30,206.10,201.52,206.10,391116
26-Feb-13,203.80,204.90,203.40,204.50,470739
25-Feb-13,208.80,209.00,205.86,207.20,539910
22-Feb-13,207.00,209.40,206.60,206.80,822271
21-Feb-13,210.10,210.74,203.90,206.90,987055
20-Feb-13,209.50,214.60,209.33,211.10,924511
19-Feb-13,206.00,210.50,205.10,210.50,609323
18-Feb-13,208.70,209.90,204.60,205.70,640146
15-Feb-13,208.30,209.33,207.61,208.20,590628
14-Feb-13,208.10,210.30,207.30,209.20,888517
13-Feb-13,207.10,209.65,204.80,208.30,732538
12-Feb-13,201.40,207.50,199.41,207.20,1551922
11-Feb-13,200.00,200.60,198.20,200.30,553641
8-Feb-13,200.50,201.50,199.30,200.40,649248
7-Feb-13,201.50,203.00,200.00,200.60,1204617
6-Feb-13,198.00,202.50,196.73,201.50,1271339
5-Feb-13,199.00,199.00,196.00,196.60,1194559
4-Feb-13,197.70,200.08,197.01,197.30,1132445
1-Feb-13,190.90,198.80,189.22,197.60,1657757
31-Jan-13,189.00,189.70,187.30,188.00,702178
30-Jan-13,187.80,190.50,187.04,189.30,1330800
29-Jan-13,187.80,189.80,187.30,187.30,861552
28-Jan-13,185.90,187.70,185.20,187.30,712967
25-Jan-13,184.90,187.10,184.30,186.30,710980
24-Jan-13,185.60,187.30,185.20,185.90,654413
23-Jan-13,186.10,187.00,183.90,186.50,664036
22-Jan-13,182.60,187.51,182.40,185.50,1022791
21-Jan-13,180.00,183.50,180.00,182.20,928022
18-Jan-13,179.20,180.58,178.00,180.00,961031
17-Jan-13,178.80,180.70,178.80,179.40,986469
16-Jan-13,178.80,180.60,177.70,179.00,635560
15-Jan-13,180.60,182.50,179.41,180.00,716474
14-Jan-13,180.50,182.10,177.80,180.40,597404
11-Jan-13,180.70,182.00,180.40,181.70,607094
10-Jan-13,181.80,184.90,180.80,180.90,533084
9-Jan-13,181.30,181.84,180.80,181.60,684123
8-Jan-13,182.30,183.60,180.80,180.80,842604
7-Jan-13,182.10,185.26,182.10,184.10,637890
4-Jan-13,184.70,186.40,184.60,185.00,542204
3-Jan-13,185.90,187.30,183.72,185.00,616128
2-Jan-13,185.00,187.80,185.00,186.20,643866
