31-Dec-15,306.00,306.30,301.90,302.00,2171037
30-Dec-15,308.60,308.90,302.70,302.80,5062865
29-Dec-15,299.30,310.20,299.00,310.10,7811472
24-Dec-15,305.00,307.60,303.63,304.80,890447
23-Dec-15,300.00,304.50,298.00,304.30,5491652
22-Dec-15,299.90,299.90,295.50,297.40,6423237
21-Dec-15,294.00,298.60,291.70,294.70,6774458
18-Dec-15,293.10,297.80,292.10,294.00,11446827
16-Dec-15,288.70,293.60,288.00,289.80,13249815
15-Dec-15,284.30,290.00,284.05,288.80,8591858
14-Dec-15,285.60,287.40,281.40,282.60,11873415
11-Dec-15,291.70,292.20,284.40,285.50,9630524
10-Dec-15,288.80,293.90,288.10,292.60,10453448
9-Dec-15,291.40,292.90,287.60,290.30,7765725
8-Dec-15,298.40,299.20,288.70,291.10,10359222
7-Dec-15,306.40,306.40,299.10,299.50,6595784
4-Dec-15,304.90,306.30,302.10,303.80,7015718
3-Dec-15,311.30,315.70,305.70,305.70,10885176
2-Dec-15,313.10,314.00,309.10,309.10,4806738
1-Dec-15,308.50,312.70,308.50,312.20,13063043
30-Nov-15,306.70,307.80,302.38,302.40,18830775
27-Nov-15,305.40,307.60,304.70,306.70,5409808
26-Nov-15,300.00,307.30,299.90,307.20,7578090
25-Nov-15,302.70,303.60,299.40,300.50,11608349
24-Nov-15,302.70,304.00,295.90,302.30,11743743
23-Nov-15,307.10,309.90,301.30,304.40,12128205
20-Nov-15,316.20,317.60,309.50,309.50,7134417
19-Nov-15,317.00,320.30,314.80,315.20,7678767
18-Nov-15,311.00,316.10,309.60,315.80,7961386
17-Nov-15,310.90,313.30,309.10,311.00,8656872
16-Nov-15,305.70,309.00,304.30,308.40,7981871
13-Nov-15,308.20,313.50,306.90,308.30,8111444
12-Nov-15,311.70,312.10,309.50,310.00,8412131
11-Nov-15,313.50,314.10,310.90,312.00,5313208
10-Nov-15,320.60,320.63,308.90,312.30,10997205
9-Nov-15,320.00,325.20,319.20,319.60,8444935
6-Nov-15,312.70,320.30,309.90,319.30,10868491
5-Nov-15,325.10,325.30,307.97,312.00,18637197
4-Nov-15,323.10,332.00,321.30,322.30,11381242
3-Nov-15,323.50,323.80,320.10,321.50,6622513
2-Nov-15,320.00,324.60,317.70,323.10,9067353
30-Oct-15,312.80,323.20,312.80,317.60,13080355
29-Oct-15,325.90,326.20,317.20,320.70,10024983
28-Oct-15,324.00,326.70,320.70,326.40,6681780
27-Oct-15,326.90,328.60,324.70,325.10,4408458
26-Oct-15,328.80,330.80,326.30,327.50,5834039
23-Oct-15,325.30,331.30,323.80,330.00,7825162
22-Oct-15,321.70,323.60,319.80,322.90,8192518
21-Oct-15,323.20,325.00,319.20,322.60,6024456
20-Oct-15,324.60,324.80,319.54,323.20,6245555
19-Oct-15,324.20,327.00,322.04,323.50,6176824
16-Oct-15,328.20,329.70,325.40,326.00,11049351
15-Oct-15,322.00,326.30,322.00,326.30,6525882
14-Oct-15,321.60,323.20,318.90,321.20,4733525
13-Oct-15,327.60,328.16,319.40,323.20,6361488
12-Oct-15,334.40,334.80,326.90,328.30,6309127
9-Oct-15,333.10,336.00,330.00,334.30,5000185
8-Oct-15,330.20,333.40,328.06,330.80,6562115
7-Oct-15,332.20,335.40,329.60,331.30,7250367
6-Oct-15,329.90,332.20,327.00,330.60,7667126
5-Oct-15,325.60,328.80,323.40,328.80,8045045
2-Oct-15,321.30,327.50,317.10,320.80,9734997
1-Oct-15,318.30,323.30,317.90,319.20,9950170
30-Sep-15,314.00,316.30,312.00,315.00,8675791
29-Sep-15,305.90,315.40,304.40,308.60,14772876
28-Sep-15,317.80,318.90,307.40,309.60,9748628
25-Sep-15,316.80,319.70,315.40,319.00,9041764
24-Sep-15,315.00,317.00,310.30,310.70,9428068
23-Sep-15,311.60,316.90,310.00,313.30,6792232
22-Sep-15,320.40,320.90,309.80,311.30,11323263
21-Sep-15,317.70,325.10,317.00,319.50,7170227
18-Sep-15,325.40,325.40,312.90,318.90,18973088
17-Sep-15,328.20,328.80,325.20,326.00,10379111
16-Sep-15,330.10,331.00,326.40,327.70,8613653
15-Sep-15,326.50,331.00,322.40,328.90,4668275
14-Sep-15,330.00,331.83,323.60,325.40,7041438
11-Sep-15,330.60,331.56,327.60,328.70,5671202
10-Sep-15,329.30,332.50,327.20,329.90,6993080
9-Sep-15,333.70,335.60,330.60,331.30,7940497
8-Sep-15,326.40,332.00,320.44,328.00,6569716
7-Sep-15,325.10,326.10,321.80,324.60,4708440
4-Sep-15,330.90,331.60,322.20,322.50,10547097
3-Sep-15,331.80,337.20,331.70,334.40,9152799
2-Sep-15,329.90,334.30,324.20,327.70,8875553
1-Sep-15,336.10,336.10,322.00,328.00,16806034
28-Aug-15,333.50,336.80,324.20,336.80,14676605
27-Aug-15,332.10,335.80,328.90,333.80,12567114
26-Aug-15,325.30,328.80,317.50,324.10,18840936
25-Aug-15,312.40,323.00,311.90,321.20,16870162
24-Aug-15,312.90,316.10,300.30,308.90,33502537
21-Aug-15,326.00,330.50,323.10,323.10,13604092
20-Aug-15,330.30,334.80,330.00,332.00,15223985
19-Aug-15,339.50,339.80,332.00,332.20,9266222
18-Aug-15,339.20,342.40,338.54,340.70,7604251
17-Aug-15,342.70,343.60,339.20,339.90,9883681
14-Aug-15,339.50,342.80,338.40,341.40,11483670
13-Aug-15,343.00,344.50,338.50,338.70,14359060
12-Aug-15,342.00,344.55,337.80,339.00,76766899
11-Aug-15,343.10,347.44,341.86,344.70,16480704
10-Aug-15,346.50,348.60,338.00,343.90,21095928
7-Aug-15,349.30,350.40,344.60,345.50,17914612
6-Aug-15,345.50,349.74,344.20,348.90,37711689
5-Aug-15,340.80,348.70,340.80,345.00,31417306
4-Aug-15,336.00,341.10,330.00,332.50,61738638
3-Aug-15,340.00,342.20,334.70,337.60,19596906
31-Jul-15,341.20,344.40,338.42,342.20,10762722
30-Jul-15,366.00,370.00,340.30,342.40,26440036
29-Jul-15,353.10,356.60,349.70,353.20,8612556
28-Jul-15,348.20,352.60,347.40,351.70,5554059
27-Jul-15,350.40,353.20,346.80,347.10,6130862
24-Jul-15,351.80,354.10,348.80,353.80,9074365
23-Jul-15,362.50,363.25,353.30,353.40,7634561
22-Jul-15,358.30,361.80,355.70,359.80,6034008
21-Jul-15,360.00,361.70,358.10,361.30,5679280
20-Jul-15,359.80,361.90,358.40,360.30,4772901
17-Jul-15,361.00,361.00,359.20,360.20,4325219
16-Jul-15,357.50,362.00,357.50,360.70,5326267
15-Jul-15,353.00,357.40,351.16,356.50,6448796
14-Jul-15,352.80,354.30,345.50,353.00,7210908
13-Jul-15,349.50,351.60,346.00,351.60,9561391
10-Jul-15,348.90,349.20,344.10,345.10,8083011
9-Jul-15,338.80,346.00,338.60,343.10,10457041
8-Jul-15,338.00,341.30,335.10,338.30,12222724
7-Jul-15,350.90,350.90,336.55,336.80,9354556
6-Jul-15,355.50,356.60,346.50,346.50,12301348
3-Jul-15,363.00,363.00,357.50,359.30,8801224
2-Jul-15,361.50,367.00,360.90,366.10,9568208
1-Jul-15,354.00,364.50,353.70,362.70,11901314
30-Jun-15,357.20,358.70,351.50,351.50,11389120
29-Jun-15,356.00,363.60,354.91,357.60,9593497
26-Jun-15,366.70,369.20,363.20,367.20,8442718
25-Jun-15,361.10,370.00,360.46,368.70,13389150
24-Jun-15,358.20,363.70,358.10,362.60,9290796
23-Jun-15,355.90,360.40,354.61,359.50,8655626
22-Jun-15,354.40,355.90,352.10,354.80,8568644
19-Jun-15,347.00,350.30,345.90,349.60,10274362
18-Jun-15,345.80,349.10,342.80,347.30,7302854
17-Jun-15,351.30,351.60,347.20,347.60,7087217
16-Jun-15,349.80,352.70,346.00,350.30,9910407
15-Jun-15,354.50,356.60,347.70,350.50,7685428
12-Jun-15,359.80,363.88,354.95,357.40,8953235
11-Jun-15,354.80,364.94,352.70,361.50,12991592
10-Jun-15,352.50,356.23,349.60,354.80,10979805
9-Jun-15,350.50,353.60,348.30,352.60,8767052
8-Jun-15,355.80,357.50,350.30,351.90,8990158
5-Jun-15,350.90,359.70,348.60,356.40,14013313
4-Jun-15,347.60,353.80,344.60,351.80,10775746
3-Jun-15,345.50,351.40,345.20,349.50,8155328
2-Jun-15,344.00,345.80,337.30,345.20,11351961
1-Jun-15,345.00,348.30,341.12,341.40,6237869
29-May-15,348.80,351.60,343.40,345.30,8932785
28-May-15,345.90,349.60,344.90,348.50,5683428
27-May-15,346.10,348.90,343.60,347.10,7716848
26-May-15,352.90,353.80,344.40,349.72,7948120
22-May-15,354.10,356.63,353.40,355.10,6203327
21-May-15,354.10,356.90,351.20,355.00,8725490
20-May-15,348.00,356.80,346.80,354.70,12290060
19-May-15,351.20,354.10,347.50,348.50,8008776
18-May-15,352.70,354.50,349.90,351.30,8853688
15-May-15,355.50,356.58,350.15,351.80,7565087
14-May-15,352.30,357.40,350.60,355.50,5853956
13-May-15,351.50,355.70,351.40,353.00,8657532
12-May-15,356.20,356.20,349.90,350.90,10792391
11-May-15,352.00,359.30,349.50,357.70,13452026
8-May-15,350.00,356.50,344.50,352.40,29312494
7-May-15,330.80,333.00,326.10,332.10,9492930
6-May-15,333.50,338.10,331.70,333.10,8815418
5-May-15,343.00,344.60,335.30,335.30,11659391
1-May-15,336.50,344.50,333.10,339.80,6592357
30-Apr-15,346.00,346.30,332.50,338.50,20616069
29-Apr-15,356.60,358.60,345.76,349.80,9843023
28-Apr-15,354.80,355.20,351.00,355.20,5236100
27-Apr-15,355.30,357.15,348.70,355.90,6919258
24-Apr-15,351.80,356.40,351.60,353.90,8166210
23-Apr-15,350.00,351.30,344.68,351.00,6797499
22-Apr-15,355.40,355.50,346.65,349.40,7834494
21-Apr-15,354.40,357.10,351.60,354.20,7835568
20-Apr-15,350.00,354.94,349.00,351.80,5586498
17-Apr-15,354.70,357.30,349.00,349.20,8326592
16-Apr-15,357.70,360.80,354.50,354.50,8893565
15-Apr-15,353.20,357.40,352.37,355.70,5748658
14-Apr-15,352.50,358.51,352.00,353.70,11423801
13-Apr-15,348.60,354.20,347.30,353.20,6626671
10-Apr-15,348.30,350.10,345.60,348.90,7261472
9-Apr-15,350.50,351.80,346.10,347.80,7219262
8-Apr-15,354.40,354.40,348.50,348.70,6355431
7-Apr-15,353.10,354.60,350.25,353.00,8884791
2-Apr-15,345.30,350.30,345.10,349.60,7504943
1-Apr-15,339.90,348.60,339.90,345.40,11757685
31-Mar-15,345.90,347.70,340.00,340.00,9335533
30-Mar-15,345.50,349.01,342.40,347.10,7540122
27-Mar-15,340.50,350.80,340.50,343.10,11439097
26-Mar-15,351.40,352.90,345.40,350.30,9749022
25-Mar-15,353.40,356.00,351.40,352.30,8024274
24-Mar-15,355.30,355.60,351.19,352.00,6895671
23-Mar-15,356.50,359.30,353.80,354.10,9743053
20-Mar-15,348.50,357.00,331.87,356.30,11476510
19-Mar-15,352.60,354.00,348.50,348.50,11203878
18-Mar-15,350.10,354.20,348.30,351.70,10295109
17-Mar-15,351.00,352.00,333.25,350.70,9731360
16-Mar-15,356.60,358.70,350.30,351.50,13611700
13-Mar-15,362.90,364.10,353.80,356.20,10438309
12-Mar-15,361.10,366.80,359.60,360.20,12125151
11-Mar-15,359.30,362.20,357.60,360.10,10618802
10-Mar-15,366.80,370.03,359.60,359.80,12736142
9-Mar-15,373.50,376.90,366.20,367.80,12674787
6-Mar-15,378.20,380.70,375.20,376.10,9285052
5-Mar-15,373.40,379.30,371.40,379.30,9808009
4-Mar-15,369.70,374.90,368.34,373.20,8012382
3-Mar-15,378.00,379.90,369.15,371.00,9562660
2-Mar-15,367.90,378.80,365.30,378.30,13154072
27-Feb-15,384.50,388.30,366.30,367.20,20653638
26-Feb-15,409.10,414.00,375.20,386.60,23015025
25-Feb-15,397.40,405.30,397.40,403.30,8520507
24-Feb-15,400.00,405.40,396.50,403.90,7005511
23-Feb-15,400.00,403.00,396.80,398.80,6699635
20-Feb-15,394.00,399.70,393.12,397.50,9661097
19-Feb-15,396.40,398.50,393.20,395.90,6806549
18-Feb-15,389.10,396.70,387.98,396.50,8276900
17-Feb-15,380.60,386.50,378.90,386.50,5648322
16-Feb-15,386.10,389.70,382.70,384.20,5746520
13-Feb-15,387.90,393.02,385.80,389.00,7982180
12-Feb-15,379.10,389.80,379.08,386.90,8925606
11-Feb-15,381.30,382.40,376.50,378.40,6917486
10-Feb-15,379.00,385.70,379.00,382.50,7055562
9-Feb-15,380.20,384.80,377.90,381.00,6735074
6-Feb-15,376.50,384.60,375.55,384.00,7618904
5-Feb-15,375.00,378.70,373.20,377.70,4495109
4-Feb-15,376.00,380.80,373.00,380.80,10302122
3-Feb-15,368.00,376.00,367.70,375.60,11734150
2-Feb-15,365.50,366.41,360.90,365.50,8470187
30-Jan-15,371.10,372.70,362.00,362.40,8716748
29-Jan-15,370.00,373.00,366.10,369.20,9618349
28-Jan-15,378.00,379.50,371.30,374.90,6762889
27-Jan-15,384.00,384.05,373.00,376.30,5399262
26-Jan-15,379.40,384.36,375.30,383.10,5405360
23-Jan-15,387.90,388.40,376.90,380.10,7288305
22-Jan-15,382.10,387.10,379.20,386.00,7766101
21-Jan-15,378.80,380.53,372.70,380.20,8817300
20-Jan-15,371.80,381.97,369.36,380.50,10216495
19-Jan-15,362.80,370.04,362.42,369.00,4471680
16-Jan-15,359.90,363.50,359.30,363.00,9499129
15-Jan-15,364.50,370.90,357.86,362.80,14295528
14-Jan-15,367.70,371.80,361.40,362.70,7120996
13-Jan-15,366.40,375.00,365.49,373.70,5851748
12-Jan-15,368.40,370.80,363.20,368.50,7023380
9-Jan-15,374.60,375.60,363.80,367.70,17553151
8-Jan-15,370.90,379.27,368.40,377.70,7965663
7-Jan-15,372.10,375.00,366.60,367.40,6576076
6-Jan-15,377.60,380.24,369.80,370.00,7558403
5-Jan-15,387.00,389.70,375.80,378.00,9527118
31-Dec-14,392.20,395.00,389.10,394.40,1739838
30-Dec-14,391.30,395.03,388.40,389.20,2755042
29-Dec-14,395.30,397.50,387.81,393.70,3262323
24-Dec-14,-,-,-,391.20,0
23-Dec-14,390.60,391.60,388.04,391.20,3757187
22-Dec-14,389.50,394.00,387.20,387.90,4425810
19-Dec-14,385.00,390.40,381.80,388.70,13139453
18-Dec-14,372.90,382.40,370.10,375.49,11910830
17-Dec-14,367.30,371.20,363.19,367.30,9689263
16-Dec-14,360.10,372.10,357.20,372.00,13093471
15-Dec-14,373.60,377.60,363.40,363.70,9972367
12-Dec-14,379.50,382.57,375.20,375.60,6219155
11-Dec-14,384.00,386.40,380.10,382.90,5917844
10-Dec-14,386.60,390.10,383.50,385.80,7782043
9-Dec-14,398.40,399.58,388.20,388.20,10345456
8-Dec-14,403.40,403.40,399.40,400.00,5726136
5-Dec-14,397.50,403.90,394.80,403.50,10178586
4-Dec-14,395.70,400.20,389.60,392.80,6629322
3-Dec-14,394.80,399.40,388.20,394.78,10995485
2-Dec-14,386.90,396.30,386.90,394.80,8378206
1-Dec-14,392.90,395.50,383.86,385.60,7650959
28-Nov-14,389.10,396.10,388.70,395.30,11999861
27-Nov-14,387.30,391.86,385.25,390.60,5442487
26-Nov-14,387.10,389.00,384.50,387.00,6381212
25-Nov-14,378.10,389.27,378.10,387.10,11942298
24-Nov-14,376.80,383.60,376.60,378.90,9518072
21-Nov-14,379.20,384.50,369.40,377.70,22091114
20-Nov-14,385.00,385.10,378.80,380.60,7391780
19-Nov-14,383.50,385.90,381.35,383.80,6331201
18-Nov-14,381.40,383.94,378.60,381.60,5653022
17-Nov-14,374.40,381.80,374.00,380.00,5312648
14-Nov-14,374.50,376.90,371.69,376.60,6655105
13-Nov-14,375.60,376.30,369.60,373.80,6226581
12-Nov-14,375.60,380.50,372.30,374.10,7135165
11-Nov-14,377.80,381.20,376.10,377.70,4854635
10-Nov-14,374.50,379.10,372.80,378.50,5486334
7-Nov-14,382.20,382.52,373.00,374.90,8323420
6-Nov-14,381.30,385.60,377.80,380.70,7234717
5-Nov-14,380.80,385.40,379.90,382.80,7423027
4-Nov-14,379.00,385.94,377.50,379.50,8174684
3-Nov-14,384.30,384.77,378.50,380.20,12477520
31-Oct-14,375.00,389.90,369.50,388.00,29245844
30-Oct-14,363.10,366.74,355.90,365.30,10703933
29-Oct-14,360.20,362.50,357.50,359.80,7380296
28-Oct-14,360.60,360.80,353.70,359.10,6706542
27-Oct-14,368.00,369.40,356.30,359.20,9992475
24-Oct-14,366.30,368.50,361.60,364.20,10215453
23-Oct-14,363.00,368.40,360.15,367.50,7837674
22-Oct-14,362.80,366.70,361.40,364.40,8424776
21-Oct-14,349.80,362.00,348.60,360.00,10649376
20-Oct-14,342.50,352.70,338.55,351.90,14000934
17-Oct-14,339.60,347.93,337.70,344.90,13886924
16-Oct-14,344.90,345.90,327.80,337.70,24281849
15-Oct-14,359.70,360.60,342.20,342.20,15895055
14-Oct-14,357.80,360.30,352.20,357.80,8372229
13-Oct-14,353.50,363.40,353.50,360.50,7221964
10-Oct-14,355.30,360.90,353.40,357.00,8173253
9-Oct-14,368.10,369.87,356.40,358.40,11400684
8-Oct-14,368.00,368.90,364.20,366.20,7471825
7-Oct-14,371.40,371.88,368.10,369.70,8484891
6-Oct-14,369.20,372.40,367.80,371.90,8488563
3-Oct-14,362.30,369.20,359.60,366.50,9134183
2-Oct-14,367.70,369.86,358.50,358.80,12275799
1-Oct-14,366.40,370.50,364.30,368.60,8124439
30-Sep-14,378.00,379.70,366.00,368.20,21988908
29-Sep-14,362.00,364.30,358.90,361.40,5228454
26-Sep-14,361.80,363.60,359.60,362.50,6068566
25-Sep-14,362.60,366.80,359.20,361.40,9471109
24-Sep-14,356.00,362.10,352.00,362.10,14193330
23-Sep-14,360.10,360.62,357.30,357.90,7653774
22-Sep-14,363.80,364.80,358.00,359.60,9975214
19-Sep-14,369.40,373.80,365.80,366.00,30257390
18-Sep-14,356.60,362.43,355.40,357.20,10905422
17-Sep-14,354.10,357.10,350.32,354.90,11715307
16-Sep-14,345.50,351.30,343.80,351.30,11437649
15-Sep-14,347.70,349.40,344.56,346.70,6534461
12-Sep-14,347.20,351.89,346.80,349.70,8088981
11-Sep-14,348.50,351.00,343.64,346.00,11216727
10-Sep-14,344.70,346.90,341.00,342.20,9040455
9-Sep-14,342.20,347.00,340.90,344.20,10851809
8-Sep-14,342.00,342.90,333.50,342.50,17680061
5-Sep-14,356.20,358.76,346.70,347.00,8600552
4-Sep-14,352.50,355.80,348.91,354.90,10155694
3-Sep-14,351.50,356.90,347.40,349.43,15757459
2-Sep-14,360.00,365.10,350.20,351.50,13218925
1-Sep-14,361.70,363.00,355.20,360.30,3844379
29-Aug-14,362.00,365.19,360.40,362.80,5090773
28-Aug-14,366.60,366.70,361.00,361.70,4288831
27-Aug-14,366.70,368.00,362.72,366.40,6155827
26-Aug-14,359.60,365.90,358.82,365.70,6824557
22-Aug-14,360.50,365.10,357.30,358.30,5984073
21-Aug-14,359.70,363.02,357.40,361.00,5861120
20-Aug-14,359.80,361.90,354.50,360.10,6126275
19-Aug-14,354.20,361.32,353.00,359.40,7212489
18-Aug-14,349.90,351.20,346.60,351.20,6462872
15-Aug-14,349.50,352.30,347.60,347.60,7521666
14-Aug-14,347.10,352.40,345.51,349.20,4859565
13-Aug-14,343.60,350.40,341.90,348.40,6464786
12-Aug-14,340.50,344.20,336.60,342.00,7876818
11-Aug-14,347.90,347.90,338.60,339.60,10538927
8-Aug-14,335.00,349.40,333.81,345.60,10421589
7-Aug-14,345.60,345.96,336.20,337.40,8757678
6-Aug-14,345.60,347.20,338.80,346.10,7909907
5-Aug-14,353.40,355.40,347.20,347.30,6337276
4-Aug-14,350.00,355.60,347.90,352.50,9663260
1-Aug-14,351.60,353.30,345.53,350.00,12471932
31-Jul-14,363.00,364.10,354.70,355.30,7888357
30-Jul-14,354.90,364.10,353.90,362.90,14540635
29-Jul-14,353.40,356.50,350.60,354.00,11997426
28-Jul-14,366.50,368.26,350.80,352.00,19678539
25-Jul-14,360.00,378.00,359.92,364.20,40827697
24-Jul-14,324.20,329.00,321.60,328.80,4253667
23-Jul-14,320.30,332.96,320.30,332.96,4552358
22-Jul-14,320.30,325.10,319.50,322.30,5980825
21-Jul-14,318.60,320.20,316.40,319.00,4718485
18-Jul-14,322.40,322.40,314.90,319.20,10612984
17-Jul-14,329.60,330.80,323.10,323.70,7153274
16-Jul-14,327.60,330.70,325.00,330.00,7335342
15-Jul-14,319.00,328.49,317.80,327.30,12246699
14-Jul-14,315.70,320.52,314.50,319.50,6941073
11-Jul-14,314.40,319.41,310.70,314.10,7349863
10-Jul-14,317.10,317.70,308.00,314.90,10503391
9-Jul-14,319.90,321.50,314.96,316.20,6681766
8-Jul-14,330.10,331.00,319.80,320.20,6062628
7-Jul-14,331.70,333.40,328.34,329.90,4198609
4-Jul-14,332.20,332.90,329.02,331.50,2531883
3-Jul-14,325.70,332.80,324.72,332.80,10555072
2-Jul-14,326.50,327.91,324.10,326.00,3196809
1-Jul-14,329.90,331.50,324.80,327.00,5789822
30-Jun-14,327.10,331.60,326.15,328.43,6828917
27-Jun-14,324.20,329.26,323.70,327.00,5142980
26-Jun-14,324.70,326.00,319.50,324.70,9431442
25-Jun-14,325.70,326.85,321.83,323.03,5381940
24-Jun-14,330.60,332.70,325.50,327.60,5992575
23-Jun-14,337.60,338.90,329.80,330.00,6292962
20-Jun-14,337.60,340.30,336.90,337.20,10616353
19-Jun-14,340.70,342.50,338.40,338.50,4086258
18-Jun-14,342.00,343.50,337.60,338.07,4611756
17-Jun-14,339.70,342.49,336.00,341.90,7383998
16-Jun-14,341.90,345.20,338.40,339.60,8309968
13-Jun-14,341.00,343.80,336.90,342.20,10537606
12-Jun-14,338.00,340.82,335.10,340.30,8812057
11-Jun-14,342.90,344.02,338.40,340.00,10862377
10-Jun-14,342.60,344.20,340.50,341.60,7453496
9-Jun-14,340.00,343.50,338.40,343.20,9431216
6-Jun-14,340.00,342.70,336.10,338.60,8961407
5-Jun-14,336.90,342.70,335.40,337.20,8619796
4-Jun-14,340.50,340.50,334.04,337.88,7659138
3-Jun-14,343.80,346.00,339.60,341.00,5949660
2-Jun-14,345.00,347.20,343.40,344.88,4578962
30-May-14,344.30,349.60,343.00,346.58,22840139
29-May-14,343.60,346.70,342.90,346.33,5730730
28-May-14,339.90,344.40,339.60,343.10,8132532
27-May-14,336.10,342.80,334.00,339.10,7387663
23-May-14,331.70,336.13,330.70,334.60,4484853
22-May-14,330.40,332.60,327.80,331.90,5074748
21-May-14,326.50,331.20,325.40,330.50,6267911
20-May-14,324.50,328.60,322.54,327.10,6411346
19-May-14,325.00,326.00,317.70,323.73,4997366
16-May-14,324.60,326.80,319.40,322.78,8500265
15-May-14,331.40,336.30,323.70,325.30,11081539
14-May-14,328.40,332.70,327.20,331.80,6591527
13-May-14,328.10,330.40,327.00,329.00,7323581
12-May-14,325.80,328.20,323.60,326.20,8256306
9-May-14,330.20,332.82,324.40,325.20,7504445
8-May-14,326.00,332.60,325.14,331.00,9637865
7-May-14,323.30,328.80,322.76,325.50,11635369
6-May-14,330.20,335.40,324.00,325.20,11793254
2-May-14,333.00,347.76,320.00,331.70,42465973
1-May-14,299.60,310.00,299.60,306.60,9203284
30-Apr-14,301.00,304.00,298.30,298.80,9971501
29-Apr-14,296.00,301.40,296.00,301.20,12099754
28-Apr-14,302.50,305.80,294.70,295.50,10536069
25-Apr-14,306.00,306.50,301.20,303.20,8571649
24-Apr-14,302.20,305.51,300.80,303.80,10020220
23-Apr-14,302.40,303.30,299.76,301.10,5059697
22-Apr-14,304.80,305.15,301.40,302.23,6961601
17-Apr-14,300.40,304.64,297.90,302.90,9692422
16-Apr-14,301.00,302.21,298.00,300.20,7323578
15-Apr-14,304.20,305.40,295.10,297.60,9413932
14-Apr-14,303.80,306.65,299.90,304.20,8078121
11-Apr-14,307.00,309.04,300.60,306.00,10492567
10-Apr-14,315.00,318.00,308.70,308.70,8549362
9-Apr-14,310.30,314.50,308.30,309.80,5860503
8-Apr-14,312.30,312.88,303.40,309.30,8635427
7-Apr-14,314.80,317.08,311.00,312.00,5999255
4-Apr-14,317.30,319.87,315.04,318.30,4749543
3-Apr-14,322.60,323.99,316.20,316.90,7866876
2-Apr-14,318.00,323.80,317.30,322.90,7468013
1-Apr-14,311.60,319.94,311.40,317.82,9598940
31-Mar-14,308.80,313.20,307.10,311.00,8914362
28-Mar-14,304.90,310.10,300.82,307.20,8603010
27-Mar-14,303.30,303.80,299.74,301.90,7697002
26-Mar-14,306.70,309.40,302.50,306.10,9160380
25-Mar-14,303.70,309.50,303.70,307.80,12278087
24-Mar-14,300.20,306.60,296.70,303.60,15911848
21-Mar-14,304.00,307.00,297.24,299.10,13536228
20-Mar-14,302.40,307.30,300.50,305.30,9398076
19-Mar-14,305.50,305.85,300.00,301.50,6610925
18-Mar-14,301.00,306.50,299.30,305.50,9493136
17-Mar-14,302.00,305.30,297.00,303.00,9412611
14-Mar-14,300.00,302.80,291.60,299.50,13488280
13-Mar-14,306.00,306.20,300.00,300.60,9959643
12-Mar-14,305.20,310.40,302.30,306.00,16213167
11-Mar-14,319.00,320.70,309.50,310.20,16929902
10-Mar-14,324.20,326.80,316.30,319.80,13174843
7-Mar-14,332.60,333.60,325.90,330.90,12487603
6-Mar-14,330.00,333.00,327.50,332.30,9301530
5-Mar-14,328.80,331.40,324.80,327.60,6047024
4-Mar-14,325.00,331.30,323.80,329.60,11057999
3-Mar-14,319.00,324.80,315.90,321.57,11282838
28-Feb-14,325.90,330.10,319.00,327.90,16985939
27-Feb-14,339.00,341.70,320.00,326.60,37539392
26-Feb-14,363.80,364.50,353.50,354.00,9882579
25-Feb-14,361.20,362.90,359.80,362.40,8682102
24-Feb-14,356.90,362.00,356.90,361.80,6345952
21-Feb-14,359.10,364.50,359.10,360.10,15376022
20-Feb-14,350.00,356.80,349.00,355.70,8202671
19-Feb-14,358.70,362.00,358.20,359.40,5022577
18-Feb-14,352.50,362.20,352.20,360.20,10823319
17-Feb-14,343.00,353.50,343.00,351.80,8979582
14-Feb-14,344.60,344.70,339.90,342.60,5302370
13-Feb-14,344.10,345.20,338.50,343.90,8484805
12-Feb-14,345.00,348.80,344.30,346.20,10251297
11-Feb-14,339.50,343.50,338.00,343.20,8228108
10-Feb-14,340.00,340.90,337.30,337.60,4891835
7-Feb-14,337.80,340.60,335.60,337.50,7976862
6-Feb-14,333.40,338.80,329.80,336.80,10796190
5-Feb-14,330.90,334.10,329.00,331.00,8479441
4-Feb-14,331.00,335.00,328.00,331.20,6382532
3-Feb-14,340.00,341.70,332.30,333.30,9038641
31-Jan-14,346.10,348.40,337.40,340.00,10640191
30-Jan-14,340.00,348.80,335.20,347.40,9622706
29-Jan-14,343.50,347.50,333.80,341.20,10114903
28-Jan-14,329.00,344.30,327.50,343.90,15666426
27-Jan-14,338.10,341.30,328.30,332.20,16474792
24-Jan-14,343.60,349.80,338.20,339.73,11737068
23-Jan-14,340.00,355.20,340.00,344.80,12042885
22-Jan-14,356.60,357.20,346.30,348.00,17369038
21-Jan-14,359.10,362.80,357.60,359.00,5181560
20-Jan-14,360.00,360.60,354.40,359.00,7846858
17-Jan-14,367.90,370.80,363.00,363.70,10500385
16-Jan-14,376.70,377.00,368.20,371.50,9889573
15-Jan-14,370.70,378.50,370.30,375.00,9223857
14-Jan-14,361.50,370.70,360.70,369.60,7680665
13-Jan-14,361.50,368.10,361.40,368.00,9127299
10-Jan-14,362.20,362.70,356.80,356.90,9218306
9-Jan-14,359.50,364.90,356.80,360.20,11419342
8-Jan-14,350.70,362.00,348.90,357.90,11756277
7-Jan-14,342.50,352.30,342.00,350.40,6703263
6-Jan-14,343.10,346.70,340.00,344.30,5357283
3-Jan-14,340.20,346.60,339.70,343.30,6126969
2-Jan-14,340.30,342.30,339.30,340.13,4841884
31-Dec-13,340.00,342.00,338.00,338.10,1735231
30-Dec-13,340.00,342.10,337.10,339.70,3613425
27-Dec-13,335.00,341.10,334.60,340.00,4953629
24-Dec-13,330.50,334.60,329.50,332.20,1099322
23-Dec-13,326.70,331.00,326.70,329.80,3197447
20-Dec-13,324.80,329.40,323.80,327.10,7760657
19-Dec-13,324.30,328.00,324.30,326.10,7748456
18-Dec-13,322.00,324.00,318.50,320.50,6293525
17-Dec-13,319.60,321.10,318.20,319.80,5543122
16-Dec-13,316.00,324.60,313.80,320.60,7361140
13-Dec-13,316.60,318.90,311.90,315.90,7668309
12-Dec-13,325.00,325.20,315.50,317.70,10796249
11-Dec-13,334.00,334.00,325.20,326.90,10890853
10-Dec-13,337.30,341.60,335.00,336.70,6361116
9-Dec-13,336.80,338.90,335.30,336.80,5053983
6-Dec-13,331.90,336.10,329.20,335.50,7354030
5-Dec-13,331.00,333.50,330.80,330.90,10162019
4-Dec-13,331.00,333.50,329.70,331.10,13571135
3-Dec-13,328.70,333.10,328.70,331.00,9440760
2-Dec-13,326.90,332.40,324.70,331.40,8590492
29-Nov-13,331.80,336.10,325.90,327.20,9425185
28-Nov-13,331.50,337.20,330.40,332.90,6766774
27-Nov-13,331.50,334.10,327.10,330.60,7295893
26-Nov-13,330.60,334.80,328.80,329.90,5795370
25-Nov-13,332.30,334.50,330.40,331.50,5112340
22-Nov-13,331.10,333.90,329.50,330.10,3430739
21-Nov-13,326.10,332.90,324.60,329.90,5295996
20-Nov-13,326.10,332.60,323.80,327.60,6226600
19-Nov-13,330.70,331.50,326.40,327.60,6170571
18-Nov-13,330.00,335.40,329.70,333.30,5154810
15-Nov-13,327.60,332.30,327.00,330.00,5321646
14-Nov-13,329.60,329.60,325.10,326.80,6095983
13-Nov-13,330.70,332.80,322.70,324.90,9444737
12-Nov-13,335.00,336.00,329.30,331.60,11313552
11-Nov-13,324.30,341.30,323.50,339.80,14937185
8-Nov-13,320.00,325.50,316.50,322.50,6720640
7-Nov-13,327.40,332.10,320.70,321.80,9077536
6-Nov-13,326.30,330.20,322.50,328.00,12892898
5-Nov-13,330.00,331.30,318.80,326.00,20624149
4-Nov-13,345.30,345.30,329.80,331.70,13480861
1-Nov-13,361.00,361.90,335.70,340.00,36838003
31-Oct-13,364.20,369.00,362.90,367.60,10753774
30-Oct-13,365.90,370.90,365.00,366.50,12267183
29-Oct-13,359.30,366.60,356.00,364.80,11053009
28-Oct-13,371.00,374.50,364.80,368.50,10169570
25-Oct-13,356.10,373.30,356.10,368.40,15572609
24-Oct-13,355.10,359.10,354.20,356.50,6969150
23-Oct-13,360.00,-,-,352.80,14879799
22-Oct-13,352.00,365.70,349.80,362.00,11931554
21-Oct-13,371.30,371.30,346.30,353.10,21785831
18-Oct-13,380.00,380.10,367.90,372.70,8898959
17-Oct-13,377.30,379.10,372.80,376.90,6681753
16-Oct-13,375.20,380.60,371.00,379.10,8224462
15-Oct-13,374.40,379.80,373.00,377.00,5476967
14-Oct-13,365.80,375.00,365.80,371.70,11110449
11-Oct-13,387.50,387.50,374.60,376.90,7219789
10-Oct-13,372.20,387.40,370.40,384.90,8663468
9-Oct-13,369.50,372.90,367.20,369.70,5581669
8-Oct-13,373.00,374.60,370.70,371.40,7282863
7-Oct-13,372.40,373.90,363.60,373.60,7447098
4-Oct-13,366.70,375.00,365.50,373.20,9603563
3-Oct-13,365.90,368.70,363.80,367.00,5057626
2-Oct-13,367.40,371.80,363.90,366.90,6103781
1-Oct-13,359.70,369.40,359.60,368.30,8340293
30-Sep-13,360.50,363.10,357.60,359.90,8276974
27-Sep-13,370.00,371.30,362.60,366.50,8898973
26-Sep-13,373.50,374.80,361.80,371.10,8063573
25-Sep-13,367.30,380.60,365.00,372.70,14756739
24-Sep-13,361.00,371.00,359.70,367.90,10128103
20-Sep-13,366.20,366.90,363.20,364.40,10221829
19-Sep-13,370.10,374.40,366.80,369.00,10606329
18-Sep-13,363.80,366.60,361.20,365.50,7186981
17-Sep-13,356.80,365.20,356.10,362.50,13429798
16-Sep-13,365.00,367.30,361.40,366.50,8536271
13-Sep-13,360.20,361.40,354.70,361.40,5912415
12-Sep-13,357.40,361.20,355.30,360.40,8913422
11-Sep-13,356.00,357.00,349.10,357.00,10790376
10-Sep-13,342.30,356.40,342.30,356.00,15859043
9-Sep-13,336.00,341.50,331.80,340.00,8916346
6-Sep-13,335.90,340.20,333.20,337.00,8413007
5-Sep-13,331.60,336.40,331.60,335.80,8325222
4-Sep-13,333.00,333.00,323.30,328.60,7302130
3-Sep-13,336.00,337.00,328.00,331.30,8107581
2-Sep-13,336.80,340.00,332.80,334.80,6464366
30-Aug-13,340.00,341.60,333.00,333.70,6714389
29-Aug-13,337.70,340.80,332.20,339.20,7362605
28-Aug-13,329.10,337.90,325.90,336.00,12419489
27-Aug-13,340.60,342.30,328.10,330.10,9509340
23-Aug-13,344.20,347.80,339.00,344.30,7340734
22-Aug-13,332.10,345.00,332.10,343.00,8803482
21-Aug-13,337.90,340.60,333.30,334.10,8572930
20-Aug-13,338.00,340.00,330.50,338.60,11995056
19-Aug-13,343.60,344.20,337.00,339.90,7370974
16-Aug-13,335.00,343.30,331.20,343.00,12315643
15-Aug-13,345.90,346.10,337.60,340.60,12005817
14-Aug-13,335.00,345.70,332.80,344.70,13161597
13-Aug-13,331.80,333.60,330.30,333.00,6701334
12-Aug-13,327.10,330.70,326.80,329.50,10069524
9-Aug-13,323.90,327.50,321.20,325.60,5821254
8-Aug-13,320.80,324.30,319.10,322.90,7011845
7-Aug-13,317.40,322.80,315.80,320.90,11012218
6-Aug-13,316.10,320.80,315.50,317.70,9281461
5-Aug-13,320.00,322.50,314.10,317.40,11066207
2-Aug-13,335.20,335.30,312.40,322.50,18573690
1-Aug-13,318.80,334.00,317.30,333.50,12464863
31-Jul-13,318.60,319.50,315.20,317.60,8370507
30-Jul-13,325.00,325.00,316.40,317.40,9796797
29-Jul-13,328.80,330.30,321.90,325.60,8314326
26-Jul-13,337.90,338.50,325.80,328.00,8732143
25-Jul-13,341.20,343.10,334.00,338.10,7887941
24-Jul-13,335.80,341.90,335.80,341.20,5107733
23-Jul-13,336.80,342.50,335.80,335.80,7767208
22-Jul-13,336.70,339.50,332.40,334.90,8013809
19-Jul-13,329.30,338.08,327.50,337.10,15445226
18-Jul-13,320.00,336.20,320.00,334.40,11735647
17-Jul-13,323.70,324.20,313.50,321.60,12198139
16-Jul-13,321.40,326.90,318.60,319.10,11414399
15-Jul-13,305.30,320.40,305.30,320.00,13252535
12-Jul-13,305.10,315.60,303.30,304.40,13267976
11-Jul-13,306.20,307.80,299.70,304.00,8657936
10-Jul-13,301.10,309.00,300.08,301.30,9401404
9-Jul-13,290.00,307.80,290.00,304.40,19514828
8-Jul-13,278.00,293.70,277.70,288.80,11935594
5-Jul-13,282.00,286.00,275.70,276.70,11922320
4-Jul-13,273.00,285.08,271.60,284.10,13918841
3-Jul-13,271.30,273.46,267.00,270.00,12422427
2-Jul-13,283.20,285.00,273.14,274.30,9160093
1-Jul-13,277.10,283.68,271.57,281.90,14140681
28-Jun-13,278.10,279.89,272.00,273.50,14105652
27-Jun-13,280.90,283.00,273.10,275.80,15920534
26-Jun-13,282.90,283.93,280.30,280.30,11109801
25-Jun-13,284.90,285.45,279.90,281.50,11255782
24-Jun-13,285.60,286.96,279.10,280.90,14691416
21-Jun-13,300.40,303.80,281.70,281.70,26735417
20-Jun-13,312.80,319.54,302.30,303.70,15592870
19-Jun-13,324.00,324.00,318.80,319.50,7531393
18-Jun-13,316.00,324.70,311.20,323.00,8467202
17-Jun-13,317.10,320.30,312.70,316.00,8586100
14-Jun-13,318.00,319.24,311.00,316.00,13122709
13-Jun-13,312.50,315.70,298.90,315.00,27405284
12-Jun-13,334.90,335.00,324.70,325.60,7424907
11-Jun-13,332.50,333.90,323.26,327.50,9643301
10-Jun-13,335.00,335.70,328.65,334.00,10620934
7-Jun-13,318.50,328.80,310.30,327.40,9526015
6-Jun-13,327.00,329.00,316.80,316.90,6505457
5-Jun-13,331.50,334.90,324.62,328.40,8589261
4-Jun-13,336.20,338.80,332.87,335.40,5079624
3-Jun-13,335.50,338.10,331.50,332.60,8291707
31-May-13,332.70,339.80,329.76,336.60,14633287
30-May-13,326.06,331.97,324.45,331.50,5537805
29-May-13,331.00,331.00,325.70,326.00,6730969
28-May-13,330.40,337.10,327.50,332.30,9169749
24-May-13,339.60,345.00,325.40,327.00,11646051
23-May-13,339.10,341.16,331.80,337.20,14373661
22-May-13,343.00,352.85,340.22,349.60,17357220
21-May-13,350.10,351.10,336.66,342.20,13385272
20-May-13,346.60,353.50,329.00,351.90,19436467
17-May-13,318.60,337.06,316.12,336.80,19606815
16-May-13,308.50,320.40,305.50,318.80,16863253
15-May-13,302.80,309.60,299.80,307.00,10878199
14-May-13,296.90,302.62,292.80,302.50,13095112
13-May-13,299.40,300.79,292.20,297.40,7310063
10-May-13,294.30,303.44,294.00,299.20,14705780
9-May-13,291.40,295.30,285.48,293.80,12485247
8-May-13,290.50,291.80,283.60,285.40,9506184
7-May-13,292.10,293.70,282.80,289.60,13963365
3-May-13,298.00,299.80,280.00,289.71,24669028
2-May-13,302.60,310.00,301.70,307.30,7009405
1-May-13,305.10,311.20,304.41,306.80,4610000
30-Apr-13,296.60,311.70,296.00,306.30,16940009
29-Apr-13,297.00,299.50,292.90,294.00,5939403
26-Apr-13,299.10,300.70,290.30,295.10,8486706
25-Apr-13,297.30,302.50,295.60,300.70,7685516
24-Apr-13,293.80,298.80,292.80,296.40,8022361
23-Apr-13,285.60,295.90,284.50,293.00,6898905
22-Apr-13,284.00,295.80,283.00,286.20,8280610
19-Apr-13,276.00,280.70,274.40,280.50,5387806
18-Apr-13,285.00,285.00,271.90,273.90,7948440
17-Apr-13,286.60,287.60,280.90,283.20,9674517
16-Apr-13,277.60,286.20,276.50,283.80,12385036
15-Apr-13,285.10,286.30,275.24,280.30,8324147
12-Apr-13,284.00,285.54,280.40,285.00,6799526
11-Apr-13,285.90,290.26,282.80,287.20,7988129
10-Apr-13,271.70,287.14,271.70,285.40,10177308
9-Apr-13,267.80,276.00,267.80,273.90,7652757
8-Apr-13,271.20,274.12,264.97,266.10,6359588
5-Apr-13,275.20,278.12,267.50,269.50,10881926
4-Apr-13,272.10,283.10,268.98,274.40,13637314
3-Apr-13,284.10,284.45,270.10,271.10,11681173
2-Apr-13,274.90,284.20,268.90,283.70,10847139
28-Mar-13,275.00,279.64,272.80,275.50,13756777
27-Mar-13,285.90,292.30,274.60,277.10,20887913
26-Mar-13,288.10,289.20,281.90,286.00,10883904
25-Mar-13,300.30,304.20,284.17,287.20,10086882
22-Mar-13,299.30,299.30,289.40,293.30,10790108
21-Mar-13,300.30,305.11,296.50,300.50,9469819
20-Mar-13,297.10,302.10,295.24,300.20,10237011
19-Mar-13,297.60,300.32,291.70,293.60,7802394
18-Mar-13,300.00,300.91,291.50,297.30,12088577
15-Mar-13,300.10,309.30,298.90,307.90,23620565
14-Mar-13,300.50,306.61,297.06,304.50,9595632
13-Mar-13,306.00,307.60,298.30,300.10,11773640
12-Mar-13,300.20,311.12,298.00,306.30,11314367
11-Mar-13,305.90,306.43,297.00,301.30,10002287
8-Mar-13,306.40,307.70,297.60,306.20,16089221
7-Mar-13,309.30,311.05,303.10,303.20,12895516
6-Mar-13,313.00,315.62,308.90,309.10,7419334
5-Mar-13,309.70,315.50,309.70,312.80,7691856
4-Mar-13,310.20,312.70,305.20,306.90,10659897
1-Mar-13,318.00,320.70,305.40,314.00,17940969
28-Feb-13,344.50,345.06,320.07,323.90,27191185
27-Feb-13,340.20,347.45,335.00,346.80,7987707
26-Feb-13,344.20,345.90,339.00,339.50,8838234
25-Feb-13,346.80,358.93,345.81,354.80,9474388
22-Feb-13,348.40,351.43,342.30,345.00,7253152
21-Feb-13,351.60,351.60,343.80,346.50,6948497
20-Feb-13,344.10,357.53,342.54,354.10,8674428
19-Feb-13,337.70,346.28,336.64,345.10,7781847
18-Feb-13,342.90,345.20,338.50,339.30,5367801
15-Feb-13,347.70,348.84,341.60,344.20,5128766
14-Feb-13,353.40,354.10,345.00,347.90,5902645
13-Feb-13,354.30,354.68,348.00,352.90,5827737
12-Feb-13,340.00,355.16,337.60,354.20,10501543
11-Feb-13,339.00,342.72,338.10,340.30,5804106
8-Feb-13,335.00,342.72,334.20,339.10,5511522
7-Feb-13,340.00,342.92,331.25,332.90,7383196
6-Feb-13,338.30,344.36,334.42,342.10,8933430
5-Feb-13,328.30,340.10,326.87,337.50,7914540
4-Feb-13,340.80,341.67,328.60,328.60,7611289
1-Feb-13,342.60,345.70,337.58,340.50,7317968
31-Jan-13,346.30,347.64,336.50,343.30,10798480
30-Jan-13,346.10,351.88,341.86,347.20,7457932
29-Jan-13,364.50,366.48,343.10,345.80,19201167
28-Jan-13,367.30,370.62,361.60,367.80,6734229
25-Jan-13,363.90,369.50,363.40,365.90,5828391
24-Jan-13,357.60,366.36,355.00,365.00,4422627
23-Jan-13,361.90,364.80,358.50,359.00,5978404
22-Jan-13,365.90,367.20,359.40,362.90,6777471
21-Jan-13,359.50,369.30,356.79,366.90,7319620
18-Jan-13,354.80,359.98,348.10,358.80,7101955
17-Jan-13,350.00,356.90,349.10,353.80,6002166
16-Jan-13,352.30,353.30,342.14,350.10,12844601
15-Jan-13,364.50,364.60,350.70,354.10,13846295
14-Jan-13,361.40,369.22,361.00,364.50,9222755
11-Jan-13,359.00,363.74,356.50,360.40,9024858
10-Jan-13,352.40,361.15,351.20,356.80,13164266
9-Jan-13,337.80,351.35,337.74,349.90,12184410
8-Jan-13,333.20,342.83,331.78,337.00,7982890
7-Jan-13,336.30,340.00,332.40,333.90,7571576
4-Jan-13,331.70,334.00,329.40,333.80,6513689
3-Jan-13,333.80,337.20,329.70,332.40,6109241
2-Jan-13,330.00,337.23,329.72,334.20,6519924
