31-Dec-15,260.80,260.80,253.50,255.91,2680836
30-Dec-15,263.30,264.16,260.10,261.70,3848724
29-Dec-15,264.30,267.20,262.50,264.90,5627255
24-Dec-15,265.10,267.60,263.69,266.40,655947
23-Dec-15,260.20,266.60,260.20,266.00,4570574
22-Dec-15,260.60,262.00,255.90,259.10,4003933
21-Dec-15,254.10,263.31,253.50,259.60,6185518
18-Dec-15,253.60,257.20,251.90,255.20,9022393
16-Dec-15,249.80,249.80,243.60,248.20,8807913
15-Dec-15,238.70,249.50,237.10,249.30,9801344
14-Dec-15,235.10,244.80,235.10,236.90,6117575
11-Dec-15,240.60,241.20,234.40,235.00,7732375
10-Dec-15,244.00,245.80,240.30,241.50,5428013
9-Dec-15,244.30,247.40,242.80,245.50,6936401
8-Dec-15,242.00,253.10,241.10,244.70,8362256
7-Dec-15,245.20,245.75,241.70,241.70,4744129
4-Dec-15,245.30,248.90,243.50,245.00,6870449
3-Dec-15,250.80,255.90,246.20,246.20,5976299
2-Dec-15,254.10,254.15,250.20,251.60,4201953
1-Dec-15,254.00,255.50,250.20,252.70,5716352
30-Nov-15,255.50,256.40,252.30,253.80,6385258
27-Nov-15,257.10,258.40,255.30,256.10,3646950
26-Nov-15,253.30,258.10,252.98,258.10,4147242
25-Nov-15,251.20,253.60,249.90,252.40,4516198
24-Nov-15,248.50,251.10,247.40,250.20,5726665
23-Nov-15,252.60,252.90,248.13,249.60,3769597
20-Nov-15,254.30,256.76,253.60,253.70,4905279
19-Nov-15,250.50,255.70,250.50,253.20,6118918
18-Nov-15,247.00,256.30,246.00,253.60,6744940
17-Nov-15,243.90,251.90,243.20,248.40,9313718
16-Nov-15,239.90,243.20,236.30,243.20,5642953
13-Nov-15,241.50,245.30,240.40,241.10,6317991
12-Nov-15,250.00,252.12,241.90,243.00,11863619
11-Nov-15,277.90,279.00,252.70,253.30,17866163
10-Nov-15,273.50,274.20,266.44,272.60,7534201
9-Nov-15,273.90,277.40,273.20,273.30,6928915
6-Nov-15,274.80,276.50,272.70,274.60,3553041
5-Nov-15,276.70,277.70,273.10,275.00,6963601
4-Nov-15,270.70,279.90,269.40,277.00,6966475
3-Nov-15,268.20,271.40,267.50,269.40,4120268
2-Nov-15,265.90,268.00,264.60,267.10,3810528
30-Oct-15,270.10,270.50,264.96,266.40,5683648
29-Oct-15,269.30,271.40,268.10,269.30,3403512
28-Oct-15,268.10,270.60,266.00,269.00,5133112
27-Oct-15,271.10,271.40,266.50,266.90,3489539
26-Oct-15,269.00,274.50,266.30,271.10,4302035
23-Oct-15,266.70,269.90,264.90,269.20,4185667
22-Oct-15,263.50,267.80,263.50,265.80,3371971
21-Oct-15,265.60,266.63,262.40,264.60,3913506
20-Oct-15,264.80,266.20,261.80,265.60,6147979
19-Oct-15,264.30,267.10,262.70,263.60,2951299
16-Oct-15,262.50,268.51,262.50,264.90,6420688
15-Oct-15,264.00,264.90,261.70,262.80,3707229
14-Oct-15,261.90,265.50,260.50,262.20,6985922
13-Oct-15,270.50,271.00,262.66,263.70,9790381
12-Oct-15,274.80,275.85,269.60,271.20,5455912
9-Oct-15,274.70,276.01,272.00,275.70,7296348
8-Oct-15,272.10,274.20,268.87,272.80,6970710
7-Oct-15,271.90,274.00,269.30,272.10,7743712
6-Oct-15,267.00,272.94,266.63,272.40,7423329
5-Oct-15,263.40,266.60,262.20,266.60,10781768
2-Oct-15,258.40,260.10,254.94,259.30,7314344
1-Oct-15,261.00,262.60,252.40,256.00,13249169
30-Sep-15,250.50,264.00,250.50,261.00,26409974
29-Sep-15,223.90,233.90,223.40,229.30,8183015
28-Sep-15,226.60,228.94,225.10,226.10,5168768
25-Sep-15,226.40,229.90,223.70,226.60,7526505
24-Sep-15,228.40,228.70,223.20,223.70,8239365
23-Sep-15,227.80,231.10,226.10,228.70,5770610
22-Sep-15,232.10,234.20,227.30,227.80,9438276
21-Sep-15,227.80,232.90,227.20,231.60,5528551
18-Sep-15,224.50,229.90,224.10,228.30,9205175
17-Sep-15,231.50,231.50,224.80,225.00,7602926
16-Sep-15,229.40,232.30,228.60,231.20,4812114
15-Sep-15,229.00,229.87,221.30,228.60,7003943
14-Sep-15,233.50,236.10,229.30,229.60,5789047
11-Sep-15,239.10,239.60,232.90,233.40,5199002
10-Sep-15,242.20,242.40,237.96,238.90,7263905
9-Sep-15,243.30,246.50,241.80,243.40,4325038
8-Sep-15,236.50,241.60,235.91,238.50,5297932
7-Sep-15,239.30,240.00,234.96,235.40,2805251
4-Sep-15,241.10,241.80,237.40,237.40,7263756
3-Sep-15,239.10,245.80,238.16,243.30,6168004
2-Sep-15,237.40,240.10,234.70,237.10,7974391
1-Sep-15,240.10,242.00,236.70,237.90,9893648
28-Aug-15,240.70,242.70,237.89,242.70,5782912
27-Aug-15,240.00,241.70,237.10,240.50,6943801
26-Aug-15,235.00,240.13,233.20,235.90,8645161
25-Aug-15,234.50,238.80,232.70,237.70,7424442
24-Aug-15,232.50,236.70,230.10,231.90,16776013
21-Aug-15,242.90,247.40,239.60,239.60,5107491
20-Aug-15,245.00,248.10,242.20,245.80,5542342
19-Aug-15,252.10,252.30,245.80,246.20,5238934
18-Aug-15,252.60,254.60,252.20,252.50,4173876
17-Aug-15,256.80,256.80,252.60,253.40,2871218
14-Aug-15,254.10,256.90,253.10,254.90,3848231
13-Aug-15,253.00,255.60,251.50,253.10,8378556
12-Aug-15,256.00,260.85,250.80,252.30,6623812
11-Aug-15,264.00,264.90,257.60,258.30,5656889
10-Aug-15,267.70,268.80,260.80,264.40,3831680
7-Aug-15,265.80,268.26,264.20,267.70,5375876
6-Aug-15,263.50,267.80,262.40,266.60,4346023
5-Aug-15,262.00,267.30,261.70,264.70,5535701
4-Aug-15,263.00,264.10,261.00,261.90,4615047
3-Aug-15,263.70,264.90,260.50,263.40,4945110
31-Jul-15,261.90,264.90,259.10,264.90,10066221
30-Jul-15,262.00,263.34,259.80,260.80,4990296
29-Jul-15,259.30,262.60,259.30,261.60,5966588
28-Jul-15,260.70,262.60,258.30,259.30,6067341
27-Jul-15,261.00,261.80,258.30,260.00,7056442
24-Jul-15,265.10,266.40,262.20,262.50,8532663
23-Jul-15,271.00,274.20,263.10,266.60,17569635
22-Jul-15,273.80,275.90,271.37,272.60,5935362
21-Jul-15,273.50,277.30,271.50,275.70,7263293
20-Jul-15,267.30,272.70,265.60,272.30,7455605
17-Jul-15,268.40,268.90,265.60,266.60,3376396
16-Jul-15,268.40,268.70,265.10,267.90,4932159
15-Jul-15,269.10,269.10,264.47,266.60,5271325
14-Jul-15,264.10,268.00,263.40,267.70,7480486
13-Jul-15,261.20,264.50,259.41,263.10,5252981
10-Jul-15,256.20,259.40,254.50,258.80,7667168
9-Jul-15,254.80,256.40,249.70,253.50,11714455
8-Jul-15,258.60,261.10,252.97,254.50,9631767
7-Jul-15,264.60,264.80,256.10,257.40,6140519
6-Jul-15,260.20,267.00,260.18,265.10,4439873
3-Jul-15,266.50,266.90,260.80,263.30,2876809
2-Jul-15,266.60,267.40,264.00,266.40,4298119
1-Jul-15,266.90,266.90,262.30,265.30,6813402
30-Jun-15,272.30,272.50,264.80,265.30,12799609
29-Jun-15,269.00,277.00,269.00,274.20,8291246
26-Jun-15,277.90,281.70,275.86,276.30,9265309
25-Jun-15,275.00,277.50,273.20,274.40,6783542
24-Jun-15,274.20,277.63,263.93,275.50,14259309
23-Jun-15,267.00,271.09,263.85,269.20,7277576
22-Jun-15,267.60,268.00,261.99,265.70,4493782
19-Jun-15,261.50,267.40,260.54,262.90,9742800
18-Jun-15,260.70,264.10,259.30,261.30,5854921
17-Jun-15,259.70,261.80,256.66,259.90,4571463
16-Jun-15,259.50,261.50,257.40,260.60,4689160
15-Jun-15,262.10,263.00,256.61,259.20,6456195
12-Jun-15,262.90,265.00,257.96,261.80,6705860
11-Jun-15,266.70,267.70,260.00,264.00,10255787
10-Jun-15,249.90,262.60,248.71,260.30,17303897
9-Jun-15,249.40,250.30,245.60,249.00,8329752
8-Jun-15,247.30,249.03,244.60,247.30,5241440
5-Jun-15,250.00,250.00,246.80,247.20,6244447
4-Jun-15,249.00,254.04,246.90,250.30,7851567
3-Jun-15,245.60,251.60,245.10,249.80,6748792
2-Jun-15,248.30,248.68,241.60,245.10,9327412
1-Jun-15,252.00,253.80,247.70,248.00,7813421
29-May-15,257.60,260.60,251.40,251.60,10599333
28-May-15,254.90,258.60,254.30,257.20,7286123
27-May-15,256.50,257.40,254.70,255.70,6635422
26-May-15,260.60,261.40,254.80,256.30,5641404
22-May-15,260.70,262.62,259.67,261.30,4661980
21-May-15,262.00,264.93,260.20,260.70,4509097
20-May-15,266.10,266.10,261.50,262.00,6587024
19-May-15,266.20,267.40,263.47,264.60,5363454
18-May-15,266.00,269.80,263.30,266.20,5260795
15-May-15,269.30,269.90,264.50,265.90,7156117
14-May-15,267.20,271.30,264.60,269.20,7749618
13-May-15,279.40,279.60,273.90,275.50,8604728
12-May-15,281.20,283.00,275.50,279.00,7306998
11-May-15,279.00,285.99,276.50,281.50,7160475
8-May-15,271.20,279.60,270.18,278.00,13451876
7-May-15,266.70,268.80,263.80,267.00,7430855
6-May-15,279.00,279.00,259.60,266.30,18346785
5-May-15,270.00,276.40,269.90,275.00,8966738
1-May-15,274.10,274.10,269.50,271.70,3628734
30-Apr-15,272.60,272.60,267.40,272.10,9034562
29-Apr-15,267.80,271.30,263.60,268.30,6620238
28-Apr-15,266.60,267.90,263.40,266.10,4860867
27-Apr-15,267.70,269.59,261.80,266.00,5426381
24-Apr-15,267.00,268.70,264.40,268.10,5922664
23-Apr-15,262.90,267.70,261.10,267.00,9272010
22-Apr-15,271.50,273.20,261.73,263.00,14397271
21-Apr-15,275.10,277.60,271.60,273.20,4709068
20-Apr-15,275.30,278.30,272.80,274.60,4707646
17-Apr-15,278.00,280.01,273.90,275.20,5521532
16-Apr-15,286.00,286.00,276.30,277.90,9303390
15-Apr-15,275.70,288.40,274.60,284.70,9549686
14-Apr-15,274.00,277.40,271.70,275.00,4440547
13-Apr-15,277.10,278.30,272.90,274.90,4792521
10-Apr-15,275.00,277.80,272.70,277.40,4521631
9-Apr-15,271.70,274.90,270.90,273.90,6181516
8-Apr-15,268.40,274.60,267.90,270.70,8295299
7-Apr-15,260.80,271.30,260.80,269.40,7516426
2-Apr-15,258.30,261.40,256.90,260.40,4635301
1-Apr-15,257.40,260.00,253.80,258.10,7129450
31-Mar-15,262.20,265.10,259.00,259.20,7533457
30-Mar-15,264.70,265.50,261.40,261.80,4192311
27-Mar-15,265.60,265.60,258.90,262.50,4887797
26-Mar-15,266.40,267.70,263.10,264.40,6057439
25-Mar-15,272.80,272.80,267.50,268.20,4405366
24-Mar-15,273.10,273.80,270.72,272.40,3631833
23-Mar-15,272.40,273.80,270.30,272.90,5292816
20-Mar-15,270.70,272.60,268.30,272.10,18464352
19-Mar-15,271.00,273.60,269.30,270.00,6304328
18-Mar-15,266.70,271.00,263.10,270.60,7347302
17-Mar-15,275.00,275.50,264.70,266.40,14008062
16-Mar-15,259.80,270.70,255.40,268.60,10309166
13-Mar-15,264.00,266.30,256.90,259.10,7955829
12-Mar-15,265.80,271.00,262.90,263.70,8510894
11-Mar-15,266.10,266.30,259.60,264.50,10623627
10-Mar-15,275.00,276.55,265.40,265.90,11049509
9-Mar-15,276.20,277.90,274.40,275.50,4448325
6-Mar-15,277.30,280.40,275.90,276.60,6073055
5-Mar-15,274.30,277.30,272.00,276.50,6734619
4-Mar-15,274.10,275.20,270.89,272.00,4370092
3-Mar-15,272.00,278.40,270.60,273.70,5952329
2-Mar-15,272.00,273.30,267.10,272.00,5849074
27-Feb-15,275.70,276.30,270.70,271.90,5213182
26-Feb-15,272.00,275.80,270.90,275.10,5655306
25-Feb-15,270.00,272.82,268.40,271.70,3587828
24-Feb-15,271.60,271.60,266.85,270.00,2934223
23-Feb-15,272.60,273.20,266.40,270.30,3341382
20-Feb-15,267.60,271.86,267.35,271.60,4438150
19-Feb-15,270.10,270.90,267.50,269.10,4062690
18-Feb-15,271.70,272.60,266.80,270.30,4091000
17-Feb-15,268.00,270.90,266.85,269.88,6941669
16-Feb-15,266.20,267.88,264.70,266.98,3003123
13-Feb-15,264.90,267.50,262.80,266.80,5644704
12-Feb-15,263.60,266.40,261.50,263.00,6829849
11-Feb-15,265.10,267.25,263.80,264.50,4552811
10-Feb-15,269.00,269.30,262.72,265.20,11295780
9-Feb-15,267.00,268.70,264.50,267.80,5591971
6-Feb-15,269.30,270.80,266.90,269.80,5929181
5-Feb-15,265.60,269.50,262.00,269.40,8082328
4-Feb-15,272.20,274.80,266.20,266.70,9014325
3-Feb-15,268.90,273.30,267.30,272.60,7406948
2-Feb-15,264.70,267.30,260.70,267.30,10688565
30-Jan-15,265.00,266.20,254.30,255.40,10406902
29-Jan-15,262.00,264.00,257.10,263.80,5153348
28-Jan-15,272.40,273.50,258.33,262.90,8488748
27-Jan-15,267.10,272.20,260.72,270.30,7382762
26-Jan-15,267.90,269.50,264.66,268.40,8891024
23-Jan-15,271.20,271.40,266.16,267.90,6321801
22-Jan-15,264.00,271.15,261.24,269.60,13942342
21-Jan-15,258.90,264.06,255.70,264.00,8209143
20-Jan-15,260.60,263.00,250.26,256.70,6385036
19-Jan-15,258.30,263.60,256.80,257.50,5892195
16-Jan-15,257.10,259.60,253.10,256.80,6963708
15-Jan-15,245.30,255.70,244.30,255.30,9885237
14-Jan-15,246.90,249.20,240.33,243.10,7309455
13-Jan-15,242.10,252.00,241.70,249.00,9394200
12-Jan-15,243.00,243.50,236.70,240.30,6480153
9-Jan-15,250.00,250.00,240.40,241.80,12741394
8-Jan-15,235.00,256.10,233.50,252.40,30005321
7-Jan-15,242.00,246.00,227.80,229.60,20639953
6-Jan-15,237.60,237.60,228.50,234.60,7902436
5-Jan-15,241.40,245.00,232.70,233.50,8184571
31-Dec-14,242.00,246.70,241.40,246.70,1933674
30-Dec-14,245.90,247.30,242.70,244.60,4261063
29-Dec-14,245.30,246.41,242.20,246.00,4453286
24-Dec-14,246.60,246.76,243.40,244.70,1317809
23-Dec-14,240.00,244.90,238.10,244.10,4585576
22-Dec-14,242.30,242.90,238.10,239.60,5031498
19-Dec-14,237.30,240.58,232.20,239.80,11845627
18-Dec-14,233.40,235.54,231.10,235.00,9361819
17-Dec-14,226.60,230.60,225.30,229.60,8667197
16-Dec-14,229.50,231.40,224.89,229.40,10483950
15-Dec-14,226.70,234.12,224.70,229.30,10786759
12-Dec-14,224.40,228.44,221.10,227.50,9513217
11-Dec-14,226.50,229.90,224.62,226.30,6509469
10-Dec-14,231.00,233.00,226.02,226.40,7598846
9-Dec-14,226.30,236.40,222.90,231.60,17862881
8-Dec-14,243.00,247.10,233.50,235.80,7477890
5-Dec-14,235.50,239.20,234.70,238.30,6757012
4-Dec-14,241.00,241.80,233.20,233.40,6318605
3-Dec-14,242.30,246.10,239.00,240.50,8904255
2-Dec-14,232.50,244.53,232.08,241.20,9618514
1-Dec-14,229.90,236.10,229.60,231.80,9810996
28-Nov-14,234.60,235.10,226.10,233.40,8185198
27-Nov-14,239.70,239.90,233.62,233.90,8568795
26-Nov-14,242.00,244.90,238.20,239.00,7958277
25-Nov-14,253.10,253.80,240.80,241.40,12993746
24-Nov-14,260.30,260.80,251.80,252.30,6369969
21-Nov-14,259.70,262.00,258.20,259.70,6113071
20-Nov-14,261.40,261.40,255.30,258.10,4899997
19-Nov-14,267.10,267.80,261.30,262.60,6746406
18-Nov-14,267.30,269.14,263.70,265.60,7507084
17-Nov-14,268.00,268.90,263.00,265.70,6479475
14-Nov-14,264.60,273.40,260.40,270.10,11791217
13-Nov-14,266.90,271.05,261.90,265.10,9326717
12-Nov-14,276.00,282.40,251.70,266.10,24374684
11-Nov-14,257.50,270.00,255.55,269.10,10326979
10-Nov-14,263.00,263.00,253.50,254.70,11764319
7-Nov-14,264.10,275.90,261.10,261.60,13953375
6-Nov-14,247.10,265.40,246.40,262.20,15873054
5-Nov-14,244.10,248.40,241.70,247.30,7449199
4-Nov-14,244.10,247.28,240.50,241.80,7429894
3-Nov-14,244.90,247.70,244.20,244.60,6522142
31-Oct-14,249.60,250.50,244.60,245.50,9425968
30-Oct-14,253.50,253.50,244.70,246.50,9166105
29-Oct-14,247.10,250.90,244.80,250.60,7385615
28-Oct-14,242.00,245.80,241.88,245.30,6404659
27-Oct-14,240.80,241.10,237.00,240.40,5515843
24-Oct-14,237.30,238.90,233.40,238.20,5413660
23-Oct-14,242.30,242.42,232.10,237.20,11177543
22-Oct-14,250.00,250.00,240.90,241.60,8556576
21-Oct-14,243.20,250.30,241.20,250.00,10713200
20-Oct-14,245.80,246.20,237.90,242.70,8424393
17-Oct-14,234.70,245.79,232.20,244.80,16520884
16-Oct-14,227.20,233.70,223.40,233.20,15824052
15-Oct-14,231.40,231.40,223.63,225.40,10436742
14-Oct-14,226.80,228.70,223.33,227.70,6613892
13-Oct-14,227.50,231.40,227.50,228.70,8013158
10-Oct-14,228.50,232.56,225.24,228.80,11851032
9-Oct-14,229.80,232.70,228.10,230.20,8756335
8-Oct-14,230.80,235.60,226.50,226.70,10448821
7-Oct-14,231.00,234.78,229.40,230.20,9216019
6-Oct-14,229.60,232.10,228.00,231.10,7174917
3-Oct-14,227.00,231.20,223.60,227.40,14876314
2-Oct-14,232.20,238.50,224.50,224.80,23029871
1-Oct-14,255.10,256.00,233.80,234.00,31630994
30-Sep-14,247.60,251.70,247.60,251.50,13928554
29-Sep-14,250.00,252.48,243.40,247.30,9309997
26-Sep-14,257.20,258.00,249.90,250.10,10861226
25-Sep-14,260.00,260.50,254.30,258.00,15555537
24-Sep-14,263.00,263.40,258.10,260.60,13341958
23-Sep-14,278.00,278.60,259.40,263.80,19808758
22-Sep-14,280.00,281.70,274.40,278.80,11781901
19-Sep-14,288.70,288.70,280.95,284.30,9168881
18-Sep-14,283.70,283.76,276.98,280.90,5354115
17-Sep-14,283.50,285.30,281.50,283.20,4326840
16-Sep-14,284.00,284.90,281.20,282.00,4038741
15-Sep-14,287.00,287.00,282.50,284.20,4458993
12-Sep-14,287.10,293.00,209.50,287.10,9206690
11-Sep-14,291.70,292.30,283.90,285.30,7951767
10-Sep-14,294.30,294.30,287.40,289.10,6399072
9-Sep-14,293.00,295.10,291.30,293.30,4404296
8-Sep-14,292.50,292.50,287.80,291.60,4225259
5-Sep-14,297.10,297.10,290.80,292.00,4790846
4-Sep-14,296.20,297.22,293.00,295.20,5328461
3-Sep-14,299.90,299.90,294.50,296.80,5854626
2-Sep-14,290.80,295.14,289.68,294.70,5749354
1-Sep-14,290.70,290.90,285.30,289.50,7053054
29-Aug-14,290.00,297.00,284.60,290.30,23615188
28-Aug-14,304.20,305.30,300.81,303.50,5814987
27-Aug-14,313.00,313.70,303.30,304.20,7434496
26-Aug-14,309.10,312.50,306.10,312.30,5083314
22-Aug-14,307.00,309.00,304.70,306.50,3252271
21-Aug-14,307.60,310.01,305.90,307.10,3593830
20-Aug-14,312.40,312.40,305.40,306.90,3540265
19-Aug-14,314.60,314.64,308.80,311.90,3478808
18-Aug-14,313.60,314.30,309.90,312.40,3228779
15-Aug-14,309.00,312.70,308.30,311.70,5697700
14-Aug-14,303.60,308.20,300.34,308.20,4996226
13-Aug-14,302.90,304.02,301.83,303.30,3106496
12-Aug-14,303.00,303.80,300.40,301.00,3135915
11-Aug-14,303.50,303.97,302.10,302.90,3247091
8-Aug-14,296.10,302.91,291.88,302.40,8382486
7-Aug-14,302.90,304.50,297.70,298.90,6775529
6-Aug-14,306.50,307.64,298.18,303.50,7938772
5-Aug-14,309.10,310.90,306.90,307.30,4477975
4-Aug-14,312.00,312.84,306.80,307.80,4885827
1-Aug-14,313.40,315.00,310.30,310.90,5331237
31-Jul-14,314.90,315.18,311.50,312.90,7985625
30-Jul-14,322.10,322.33,311.20,313.80,6398050
29-Jul-14,320.40,324.49,319.79,323.30,3667030
28-Jul-14,321.90,323.16,318.10,319.80,3811467
25-Jul-14,319.00,332.40,318.80,320.20,11551841
24-Jul-14,313.00,318.60,310.70,317.00,8115610
23-Jul-14,314.40,316.50,311.30,313.00,6011770
22-Jul-14,320.90,321.30,313.40,313.80,5587732
21-Jul-14,320.00,323.40,317.64,318.30,6240233
18-Jul-14,325.20,326.73,322.60,324.70,5515931
17-Jul-14,325.30,327.80,323.10,325.70,4537032
16-Jul-14,320.60,327.70,320.60,325.60,5402332
15-Jul-14,319.40,321.50,317.60,319.50,3882610
14-Jul-14,315.90,320.73,315.44,320.00,4514482
11-Jul-14,315.80,319.50,311.90,315.10,7453248
10-Jul-14,309.30,321.50,308.60,314.90,11876547
9-Jul-14,309.70,311.14,307.00,309.20,4675878
8-Jul-14,318.40,320.00,307.40,309.00,8605302
7-Jul-14,320.90,322.60,316.50,317.10,2903244
4-Jul-14,322.00,322.40,319.50,321.60,2688356
3-Jul-14,315.20,321.70,313.81,321.00,7395747
2-Jul-14,315.10,316.30,313.00,314.30,4089500
1-Jul-14,316.30,316.90,311.40,314.10,4682173
30-Jun-14,317.30,319.00,314.90,315.53,4663541
27-Jun-14,314.60,317.40,314.09,316.70,4261131
26-Jun-14,314.50,314.84,310.70,313.50,3967328
25-Jun-14,315.50,317.20,311.60,312.70,4631455
24-Jun-14,316.30,319.80,314.30,315.90,4205338
23-Jun-14,318.30,318.40,313.07,315.30,4279634
20-Jun-14,321.00,321.90,316.30,316.80,7697936
19-Jun-14,319.30,331.84,318.07,321.30,6747029
18-Jun-14,323.40,326.00,316.98,317.13,4565675
17-Jun-14,318.60,323.10,318.10,321.90,5761524
16-Jun-14,322.80,323.50,316.70,317.70,5989857
13-Jun-14,325.80,327.00,320.30,322.80,5534037
12-Jun-14,333.00,333.10,325.30,325.70,5661199
11-Jun-14,330.10,344.90,329.30,333.00,12023221
10-Jun-14,328.40,330.10,324.70,329.80,5297407
9-Jun-14,327.20,329.60,323.90,328.60,3552644
6-Jun-14,328.80,329.50,324.40,326.10,5995058
5-Jun-14,327.40,328.60,324.16,327.50,6112890
4-Jun-14,336.30,336.90,325.30,327.63,9798213
3-Jun-14,338.90,339.40,331.60,333.80,5746385
2-Jun-14,346.70,346.70,336.50,339.10,5242199
30-May-14,341.60,348.60,337.00,346.08,9957103
29-May-14,335.70,341.80,334.08,340.60,2784284
28-May-14,339.40,339.40,331.00,335.50,7145840
27-May-14,345.90,345.90,338.50,339.00,5177888
23-May-14,343.60,346.30,339.90,343.70,4786675
22-May-14,339.00,343.40,337.10,342.50,6740134
21-May-14,339.70,339.90,334.70,337.70,6240664
20-May-14,345.50,345.50,337.00,339.50,6476669
19-May-14,349.00,349.00,337.40,344.98,6293569
16-May-14,331.40,348.50,329.50,347.68,12838276
15-May-14,328.90,333.50,326.44,332.78,6163285
14-May-14,327.80,328.85,323.80,327.70,5652988
13-May-14,337.90,341.34,336.20,339.00,7964716
12-May-14,337.00,337.40,332.40,336.00,3923576
9-May-14,332.30,336.70,329.97,335.80,4693687
8-May-14,325.50,332.20,320.30,331.20,7529406
7-May-14,340.00,345.00,322.10,323.90,14054969
6-May-14,323.10,334.50,320.73,333.40,7945255
2-May-14,324.20,327.30,320.11,321.30,7703852
1-May-14,332.00,332.10,320.60,324.80,6247317
30-Apr-14,331.50,335.70,328.70,335.70,7196884
29-Apr-14,330.50,334.00,329.56,333.20,5072177
28-Apr-14,323.50,334.00,321.30,330.50,6884097
25-Apr-14,323.80,325.20,320.00,322.10,3841323
24-Apr-14,321.90,325.30,320.85,323.70,4951006
23-Apr-14,320.10,321.00,316.90,319.80,5160600
22-Apr-14,316.70,321.50,315.82,320.50,4142303
17-Apr-14,322.30,322.30,311.10,314.00,7089035
16-Apr-14,324.10,324.40,316.80,320.60,7792819
15-Apr-14,326.50,328.20,318.60,319.40,9067928
14-Apr-14,309.20,326.50,308.00,326.50,9750999
11-Apr-14,308.40,312.30,307.20,309.60,3670884
10-Apr-14,313.50,313.60,307.00,309.60,5496998
9-Apr-14,309.20,312.90,308.70,312.00,7151405
8-Apr-14,309.90,311.80,301.50,308.50,12407558
7-Apr-14,309.80,312.00,308.87,310.00,5549261
4-Apr-14,310.10,312.30,308.88,311.00,7111034
3-Apr-14,315.00,315.10,308.70,309.10,6685551
2-Apr-14,311.30,313.73,307.41,313.00,5592704
1-Apr-14,316.20,316.30,308.70,309.90,7924045
31-Mar-14,318.40,318.40,315.50,316.10,5839083
28-Mar-14,314.30,317.90,313.80,317.10,5498228
27-Mar-14,312.80,315.20,309.70,313.50,6067979
26-Mar-14,310.30,315.20,309.50,312.90,6187684
25-Mar-14,313.90,314.00,306.90,310.30,9810922
24-Mar-14,311.70,313.40,307.80,310.40,9277711
21-Mar-14,306.70,310.30,303.51,309.50,21025782
20-Mar-14,308.20,308.90,305.20,306.90,9202237
19-Mar-14,312.40,314.60,308.90,310.50,12145418
18-Mar-14,306.00,321.40,305.80,313.90,16327230
17-Mar-14,314.00,314.00,307.50,311.40,9953270
14-Mar-14,303.30,314.90,301.70,313.60,18231405
13-Mar-14,318.00,318.10,304.60,304.90,41348866
12-Mar-14,333.60,336.70,329.60,333.20,6065131
11-Mar-14,337.40,338.20,332.60,333.80,11904109
10-Mar-14,339.30,342.40,337.30,337.60,5538671
7-Mar-14,344.20,344.80,339.00,339.00,7442162
6-Mar-14,347.20,347.70,344.30,344.30,3597941
5-Mar-14,345.10,346.50,341.40,345.90,3451589
4-Mar-14,338.50,345.10,337.80,344.60,4471151
3-Mar-14,338.90,341.60,335.70,337.20,8242872
28-Feb-14,348.50,350.30,341.80,342.60,7052269
27-Feb-14,346.00,349.00,342.90,347.70,5740944
26-Feb-14,350.30,353.20,341.10,345.50,6775620
25-Feb-14,349.10,350.10,345.20,350.10,7803283
24-Feb-14,350.20,351.00,345.80,347.80,5805650
21-Feb-14,353.30,353.30,349.00,350.10,6755470
20-Feb-14,348.00,354.00,345.60,350.80,7999334
19-Feb-14,345.70,354.40,342.00,348.10,11633997
18-Feb-14,346.60,347.00,342.50,345.70,5910956
17-Feb-14,345.80,346.50,341.30,345.20,5210404
14-Feb-14,352.70,353.00,344.60,345.20,8816261
13-Feb-14,350.80,352.60,346.40,352.00,5492546
12-Feb-14,353.30,357.20,349.00,350.80,9954071
11-Feb-14,356.70,360.30,345.80,348.90,12069879
10-Feb-14,352.50,357.40,352.30,356.20,4070286
7-Feb-14,354.40,355.50,349.90,351.10,3409215
6-Feb-14,352.30,354.40,348.50,353.60,9595306
5-Feb-14,347.40,354.60,346.30,349.30,5409499
4-Feb-14,350.20,354.50,346.90,347.30,7629709
3-Feb-14,344.40,349.10,342.60,345.50,4903800
31-Jan-14,349.50,351.00,341.80,344.90,6795847
30-Jan-14,347.90,351.20,345.00,349.70,7480301
29-Jan-14,359.70,361.20,335.90,348.50,21461788
28-Jan-14,359.00,360.40,355.20,356.70,3336949
27-Jan-14,362.50,367.40,356.70,357.40,5864210
24-Jan-14,359.50,364.10,356.20,362.10,8171815
23-Jan-14,364.50,367.20,355.60,358.80,9319620
22-Jan-14,367.10,369.00,364.30,365.32,3208912
21-Jan-14,367.00,372.70,364.10,366.00,8516125
20-Jan-14,368.80,369.70,363.90,366.00,4023874
17-Jan-14,368.00,371.50,366.00,368.60,13572275
16-Jan-14,356.40,362.40,355.50,361.10,9057396
15-Jan-14,362.00,362.60,356.20,356.20,7610853
14-Jan-14,350.50,360.50,349.00,360.50,10746788
13-Jan-14,348.40,353.50,348.00,351.20,7239066
10-Jan-14,353.40,355.30,345.40,346.00,9723166
9-Jan-14,355.00,356.40,349.70,351.40,13621016
8-Jan-14,380.00,383.30,357.60,360.00,18175996
7-Jan-14,365.00,368.90,360.50,368.90,8800688
6-Jan-14,374.80,374.80,367.50,367.80,4466348
3-Jan-14,370.60,374.80,367.60,374.00,5380303
2-Jan-14,366.20,369.40,363.60,367.40,5595628
31-Dec-13,373.50,373.50,365.00,365.00,2034432
30-Dec-13,378.10,379.20,369.30,371.10,4270941
27-Dec-13,375.20,378.40,372.50,378.40,2327803
24-Dec-13,372.90,376.00,371.00,371.80,845513
23-Dec-13,370.70,372.90,369.50,372.60,2686838
20-Dec-13,368.20,371.80,364.20,370.10,9132116
19-Dec-13,368.40,370.00,358.80,366.00,9090046
18-Dec-13,379.20,380.00,364.30,365.10,12268464
17-Dec-13,396.60,400.00,376.70,378.60,10579694
16-Dec-13,389.90,395.50,389.10,395.50,3867612
13-Dec-13,388.20,390.40,387.70,389.10,3333589
12-Dec-13,388.90,392.40,386.10,386.90,5304478
11-Dec-13,385.40,389.00,383.70,388.00,3749022
10-Dec-13,386.90,392.70,384.10,385.70,4699813
9-Dec-13,390.10,390.90,384.20,386.10,3228652
6-Dec-13,391.20,392.20,387.20,388.90,2864756
5-Dec-13,392.30,392.70,387.20,389.90,3801336
4-Dec-13,397.90,399.90,391.10,393.00,4040779
3-Dec-13,392.70,398.50,392.70,395.90,4505775
2-Dec-13,406.70,407.20,393.30,396.80,5681316
29-Nov-13,408.70,410.70,406.60,407.40,2341642
28-Nov-13,406.70,408.80,404.50,407.80,1717890
27-Nov-13,405.80,407.40,402.70,406.00,2209057
26-Nov-13,408.70,408.70,404.10,405.80,4158061
25-Nov-13,407.90,413.50,406.00,408.90,2377873
22-Nov-13,404.90,407.40,403.80,404.60,1756889
21-Nov-13,404.00,405.60,402.30,404.80,2167560
20-Nov-13,406.40,409.30,401.40,404.80,3490809
19-Nov-13,410.40,411.70,406.50,411.70,3622782
18-Nov-13,409.10,414.20,405.80,411.50,3852756
15-Nov-13,416.10,417.50,407.80,409.00,6903308
14-Nov-13,417.90,428.00,411.50,414.60,16699226
13-Nov-13,404.40,416.70,402.30,410.70,10274003
12-Nov-13,394.70,398.80,394.50,398.80,3886379
11-Nov-13,396.70,396.70,392.80,394.00,1647910
8-Nov-13,393.10,396.40,392.10,395.00,2884805
7-Nov-13,397.00,399.10,392.50,394.20,3260369
6-Nov-13,397.10,398.40,394.80,397.00,2388573
5-Nov-13,396.30,396.40,393.10,395.70,2058690
4-Nov-13,394.00,396.60,393.30,395.20,2069574
1-Nov-13,395.70,400.90,392.90,393.90,2703746
31-Oct-13,401.80,401.80,393.30,394.50,3554595
30-Oct-13,399.90,400.60,397.90,400.10,3228313
29-Oct-13,399.80,400.80,397.70,398.00,2523184
28-Oct-13,397.40,399.50,395.60,398.80,1700863
25-Oct-13,395.90,398.00,395.00,396.80,2038667
24-Oct-13,395.70,398.20,393.90,396.10,2276163
23-Oct-13,399.10,-,392.40,396.50,4372855
22-Oct-13,398.70,400.90,395.10,398.50,2457038
21-Oct-13,396.80,399.90,395.40,397.30,4826721
18-Oct-13,397.00,398.40,394.50,395.00,4519774
17-Oct-13,398.20,399.60,396.20,396.50,3169858
16-Oct-13,395.90,399.70,393.30,397.60,2340932
15-Oct-13,392.50,397.20,392.50,395.30,2945674
14-Oct-13,388.80,392.10,386.50,390.00,1953814
11-Oct-13,389.50,390.70,387.50,388.50,1731991
10-Oct-13,385.60,391.00,384.80,388.70,2694292
9-Oct-13,384.10,385.50,382.60,384.20,2135702
8-Oct-13,388.20,388.20,384.30,384.30,2438252
7-Oct-13,388.70,392.40,386.60,387.70,1893689
4-Oct-13,389.10,391.30,388.80,389.80,2294729
3-Oct-13,387.40,391.10,385.30,388.70,3452129
2-Oct-13,392.00,393.20,378.60,385.30,4699814
1-Oct-13,390.40,392.40,387.80,390.20,3313456
30-Sep-13,392.90,392.90,389.40,391.50,3048296
27-Sep-13,398.90,399.90,393.50,394.70,2302817
26-Sep-13,395.30,401.10,395.00,398.00,3446845
25-Sep-13,400.00,400.00,393.10,394.40,3145593
24-Sep-13,395.90,401.90,395.60,398.00,3651418
20-Sep-13,395.00,400.80,393.60,396.40,7642868
19-Sep-13,391.80,393.20,389.60,391.00,2313086
18-Sep-13,394.30,394.70,389.30,389.50,3126611
17-Sep-13,395.60,399.20,393.90,393.90,2688238
16-Sep-13,400.80,403.30,396.50,396.80,2967876
13-Sep-13,400.60,402.70,396.90,397.20,2632048
12-Sep-13,396.50,402.00,395.80,400.80,3457937
11-Sep-13,397.10,399.20,395.50,396.10,3040874
10-Sep-13,395.00,399.30,394.80,396.30,3532273
9-Sep-13,393.40,394.20,392.20,392.80,1340660
6-Sep-13,388.90,396.00,388.90,393.50,1999296
5-Sep-13,390.00,390.70,384.70,388.40,1926662
4-Sep-13,387.10,389.90,382.20,388.60,2328159
3-Sep-13,387.00,388.60,385.40,386.00,4515597
2-Sep-13,387.10,389.30,385.90,387.00,2361503
30-Aug-13,391.50,391.50,384.60,384.60,3460987
29-Aug-13,393.90,393.90,388.90,390.20,2768491
28-Aug-13,398.10,398.10,390.70,391.30,3139147
27-Aug-13,398.20,400.00,395.40,398.70,4299744
23-Aug-13,389.50,398.60,388.90,398.20,4962422
22-Aug-13,387.10,390.80,386.50,388.30,1909459
21-Aug-13,388.80,389.40,384.70,386.00,2779825
20-Aug-13,387.20,387.70,384.40,387.60,2404020
19-Aug-13,383.00,388.80,381.70,388.40,1980812
16-Aug-13,384.60,386.30,382.00,383.60,2323755
15-Aug-13,390.20,390.90,380.50,384.50,2248691
14-Aug-13,391.10,392.20,387.60,390.30,1496974
13-Aug-13,392.00,394.50,388.50,390.80,1630314
12-Aug-13,395.00,395.00,390.30,391.90,1744152
9-Aug-13,393.00,395.30,391.70,395.00,1933964
8-Aug-13,388.20,393.70,387.40,391.80,2023090
7-Aug-13,391.20,393.60,386.00,386.30,2730928
6-Aug-13,393.30,394.20,388.90,391.30,2311412
5-Aug-13,393.90,395.90,391.50,393.20,1936863
2-Aug-13,395.90,396.60,391.80,393.50,1700772
1-Aug-13,395.00,397.00,391.50,395.30,2378531
31-Jul-13,390.10,395.00,388.60,393.60,3144619
30-Jul-13,389.00,392.10,388.70,390.10,2145018
29-Jul-13,394.40,395.10,385.50,387.00,2969167
26-Jul-13,395.80,396.50,390.90,392.00,2005349
25-Jul-13,395.00,395.00,392.00,395.00,2840133
24-Jul-13,397.40,398.70,393.80,394.80,2889191
23-Jul-13,399.70,400.90,396.70,396.70,3072717
22-Jul-13,396.00,401.20,393.10,398.50,4579190
19-Jul-13,392.30,396.40,388.90,395.80,4663599
18-Jul-13,380.90,393.90,380.20,391.10,4119149
17-Jul-13,381.30,385.60,378.20,379.80,3453244
16-Jul-13,382.70,383.80,379.10,380.80,4479867
15-Jul-13,384.50,386.10,379.00,382.20,2852923
12-Jul-13,377.00,385.34,376.60,382.80,4130270
11-Jul-13,376.80,377.70,373.20,375.30,2462625
10-Jul-13,376.10,377.60,370.50,373.80,2505110
9-Jul-13,378.10,378.12,375.20,376.20,2793416
8-Jul-13,373.00,375.39,370.50,375.00,2601118
5-Jul-13,368.70,375.20,367.42,372.50,2786122
4-Jul-13,360.70,369.80,360.40,368.60,2384279
3-Jul-13,359.90,360.80,356.40,359.70,3074889
2-Jul-13,359.30,362.60,356.80,361.80,2611799
1-Jul-13,357.10,360.10,354.00,358.80,3006709
28-Jun-13,358.60,359.20,354.40,355.30,3774335
27-Jun-13,357.20,359.91,354.90,358.30,3246370
26-Jun-13,354.70,361.10,353.40,356.20,4330119
25-Jun-13,351.90,356.30,349.83,352.90,3720213
24-Jun-13,354.10,356.80,349.40,349.40,5440295
21-Jun-13,364.50,368.40,357.96,358.00,8314720
20-Jun-13,372.90,373.70,364.40,364.80,4653532
19-Jun-13,373.50,377.33,371.30,376.50,2353324
18-Jun-13,376.70,377.20,372.00,372.70,4135930
17-Jun-13,371.40,377.80,371.30,375.50,5005269
14-Jun-13,369.60,371.70,366.90,369.80,2751122
13-Jun-13,362.80,368.50,361.00,367.90,3432918
12-Jun-13,363.90,368.90,359.20,365.10,4650828
11-Jun-13,363.70,366.00,357.20,362.70,3551305
10-Jun-13,359.70,365.50,358.64,363.70,1804990
7-Jun-13,364.10,373.81,356.40,360.70,5050664
6-Jun-13,367.30,368.80,363.00,363.30,3883501
5-Jun-13,371.60,372.70,364.80,365.10,3657359
4-Jun-13,374.20,375.70,370.80,371.90,2489372
3-Jun-13,372.80,382.88,368.70,371.50,2815328
31-May-13,377.60,386.68,372.90,374.30,4814021
30-May-13,375.80,390.13,373.40,377.20,2204694
29-May-13,382.20,383.19,377.00,377.00,3830085
28-May-13,380.00,385.10,379.88,383.20,3543375
24-May-13,385.00,385.00,376.60,378.00,2824114
23-May-13,378.90,385.70,376.10,382.30,5392421
22-May-13,375.10,382.40,374.90,382.00,5669831
21-May-13,377.60,387.94,374.06,376.50,3570298
20-May-13,378.76,378.80,374.65,377.20,2738688
17-May-13,374.50,379.40,372.50,378.20,3580107
16-May-13,377.50,377.68,373.20,374.50,3621474
15-May-13,380.30,392.00,377.30,377.30,4830431
14-May-13,390.80,390.90,385.00,390.30,3226945
13-May-13,382.70,391.20,382.01,389.80,6045505
10-May-13,378.80,383.54,377.80,382.20,4289298
9-May-13,381.10,384.09,377.40,378.80,4558275
8-May-13,398.00,398.60,376.89,381.00,8249551
7-May-13,391.80,396.50,388.40,396.50,5104305
3-May-13,384.90,392.00,382.87,390.90,3613220
2-May-13,397.90,397.90,382.10,386.10,3951819
1-May-13,382.00,383.90,380.66,382.00,2222313
30-Apr-13,383.20,383.90,379.50,381.10,3332604
29-Apr-13,377.70,382.50,375.27,382.10,4057966
26-Apr-13,381.60,384.67,380.94,382.80,2972931
25-Apr-13,385.80,386.50,379.90,382.00,3953829
24-Apr-13,389.20,389.60,385.80,386.90,2880763
23-Apr-13,380.60,389.00,379.00,388.70,3360401
22-Apr-13,379.40,382.90,378.70,380.00,1753869
19-Apr-13,376.30,378.70,373.30,377.80,3181784
18-Apr-13,378.80,378.90,373.00,375.80,3145982
17-Apr-13,384.20,384.20,374.90,377.40,3578407
16-Apr-13,386.00,386.10,381.36,382.30,2038367
15-Apr-13,384.50,389.10,383.90,387.20,2183441
12-Apr-13,384.20,385.10,381.38,385.10,2578826
11-Apr-13,382.50,386.00,381.60,384.10,3481808
10-Apr-13,374.90,382.30,374.50,382.10,3122335
9-Apr-13,375.70,375.91,373.00,375.00,2454962
8-Apr-13,372.90,374.50,370.96,373.60,2229787
5-Apr-13,380.50,380.90,368.10,370.90,3222402
4-Apr-13,383.20,383.99,378.40,379.90,2752067
3-Apr-13,385.60,387.50,381.84,383.10,2926381
2-Apr-13,378.90,386.40,378.90,385.50,3952608
28-Mar-13,375.80,380.35,373.80,378.50,2671624
27-Mar-13,378.00,379.60,372.54,375.90,3448036
26-Mar-13,375.60,377.00,372.60,376.60,2880483
25-Mar-13,375.50,380.30,372.10,375.00,2828345
22-Mar-13,367.40,378.80,367.32,375.50,4218724
21-Mar-13,374.50,374.50,366.00,367.90,3992002
20-Mar-13,375.00,379.32,373.04,374.60,5827323
19-Mar-13,373.00,376.40,367.90,371.40,8364417
18-Mar-13,362.00,367.54,359.50,365.20,7189475
15-Mar-13,358.60,363.00,356.50,362.80,8352481
14-Mar-13,359.00,360.30,354.76,358.00,4746800
13-Mar-13,348.80,358.00,348.52,358.00,4995215
12-Mar-13,346.30,350.25,345.60,349.20,2802174
11-Mar-13,341.80,347.10,340.09,346.90,3158675
8-Mar-13,342.90,343.76,339.20,342.00,3326318
7-Mar-13,347.50,348.00,341.70,342.00,2523816
6-Mar-13,345.60,349.10,344.70,346.90,2866314
5-Mar-13,346.20,347.55,342.74,344.90,3176703
4-Mar-13,342.50,347.04,339.40,344.70,2474111
1-Mar-13,345.20,347.00,340.82,342.90,3551288
28-Feb-13,345.10,347.30,343.30,345.80,3895838
27-Feb-13,341.40,343.90,339.10,343.90,2409040
26-Feb-13,344.70,344.70,340.30,341.30,2862735
25-Feb-13,345.70,347.20,344.50,346.60,3767072
22-Feb-13,345.00,347.01,342.50,345.00,5522582
21-Feb-13,335.00,338.80,332.20,337.80,3123323
20-Feb-13,331.80,336.40,330.50,335.10,2308762
19-Feb-13,331.00,332.60,315.83,332.30,3314902
18-Feb-13,331.70,333.64,330.10,332.80,1563751
15-Feb-13,335.80,336.97,330.36,331.00,2943464
14-Feb-13,337.00,338.54,334.57,335.80,1861329
13-Feb-13,337.30,338.60,335.40,337.40,2756785
12-Feb-13,334.00,337.24,332.70,336.90,4215553
11-Feb-13,332.50,334.43,330.86,333.60,2792610
8-Feb-13,330.40,332.20,327.57,331.70,2684867
7-Feb-13,332.00,332.73,328.60,328.80,3316703
6-Feb-13,331.50,334.03,329.60,331.20,3316708
5-Feb-13,331.10,334.94,330.80,331.00,2932962
4-Feb-13,333.70,334.40,329.74,330.90,4999163
1-Feb-13,332.30,335.24,331.90,333.20,3419691
31-Jan-13,334.00,335.90,330.60,330.70,3254007
30-Jan-13,335.80,336.40,333.40,334.00,3483599
29-Jan-13,330.50,335.70,330.20,335.10,5477234
28-Jan-13,330.90,332.40,327.70,331.26,5622166
25-Jan-13,329.50,330.80,328.10,330.50,3106891
24-Jan-13,329.00,329.61,325.20,329.60,3865739
23-Jan-13,328.90,331.00,327.20,329.00,2982864
22-Jan-13,328.20,330.83,328.14,328.90,2234747
21-Jan-13,325.90,329.60,325.90,328.50,2270005
18-Jan-13,325.00,326.52,323.40,326.10,4687287
17-Jan-13,326.30,328.72,325.30,328.00,3455637
16-Jan-13,322.30,325.70,321.70,325.00,4999667
15-Jan-13,326.00,326.30,320.30,321.90,5174142
14-Jan-13,323.40,327.78,323.30,325.60,3061860
11-Jan-13,326.00,327.82,323.64,324.00,4221066
10-Jan-13,324.60,329.22,324.00,325.70,5113081
9-Jan-13,340.00,340.44,325.90,329.20,8659704
8-Jan-13,332.10,339.45,330.10,339.00,5947076
7-Jan-13,333.80,335.60,331.35,331.70,3393071
4-Jan-13,335.90,336.76,330.40,333.80,5986004
3-Jan-13,335.90,337.64,333.70,336.60,3961898
2-Jan-13,347.90,349.94,333.40,336.00,9782769
