31-Dec-15,950.00,955.60,939.50,939.50,244549
30-Dec-15,963.50,964.00,953.50,957.50,478200
29-Dec-15,963.00,966.50,952.00,966.50,498044
24-Dec-15,959.00,963.00,954.60,958.50,96919
23-Dec-15,943.50,964.00,943.50,960.00,910926
22-Dec-15,929.00,938.00,926.00,936.00,758860
21-Dec-15,924.50,945.00,923.00,923.00,584379
18-Dec-15,919.50,931.00,915.00,924.00,1629959
16-Dec-15,926.00,949.00,924.00,937.50,857963
15-Dec-15,927.00,933.50,915.00,927.00,1470156
14-Dec-15,943.50,951.00,918.00,919.50,852588
11-Dec-15,956.00,958.85,935.50,941.00,1248721
10-Dec-15,966.00,966.90,949.50,950.00,1678019
9-Dec-15,967.50,998.00,961.60,986.50,1299073
8-Dec-15,992.00,992.00,967.00,968.50,1284717
7-Dec-15,1005.00,1012.15,991.50,993.50,908732
4-Dec-15,1003.00,1017.00,993.50,1005.00,1192432
3-Dec-15,1019.00,1037.00,1008.00,1008.00,998029
2-Dec-15,1039.00,1040.00,1020.00,1023.00,1181971
1-Dec-15,1043.00,1049.00,1030.00,1033.00,1128943
30-Nov-15,1030.00,1036.00,1021.00,1033.00,1040128
27-Nov-15,1030.00,1034.00,1023.00,1030.00,498259
26-Nov-15,1031.00,1040.00,1022.00,1034.00,720113
25-Nov-15,1023.00,1043.00,1020.00,1033.00,956307
24-Nov-15,1014.00,1019.00,998.50,1018.00,1121953
23-Nov-15,1012.00,1019.00,1001.00,1016.00,1018458
20-Nov-15,1015.00,1025.00,1003.00,1018.00,1378536
19-Nov-15,992.50,1014.00,988.50,1006.00,1632290
18-Nov-15,1013.00,1015.14,987.00,989.50,1565570
17-Nov-15,950.00,1038.00,950.00,1020.00,3191901
16-Nov-15,918.00,937.00,916.50,925.50,1655456
13-Nov-15,927.00,936.50,919.00,927.50,1503877
12-Nov-15,983.00,984.50,929.50,933.50,1695141
11-Nov-15,990.00,1004.36,975.50,984.00,934319
10-Nov-15,999.50,1000.99,980.00,989.00,1049726
9-Nov-15,999.50,1021.00,992.50,994.50,808114
6-Nov-15,990.50,1009.00,988.50,999.50,694888
5-Nov-15,1017.00,1018.00,987.50,988.00,1051020
4-Nov-15,1000.00,1029.00,998.00,1018.00,1432133
3-Nov-15,977.00,1017.12,974.50,991.50,958699
2-Nov-15,951.50,975.00,951.50,973.00,833009
30-Oct-15,950.00,962.50,950.00,962.00,1085454
29-Oct-15,966.00,990.37,950.10,955.50,1037732
28-Oct-15,960.00,974.00,950.10,963.00,1726865
27-Oct-15,990.50,993.00,964.00,965.00,933046
26-Oct-15,996.00,1005.20,989.50,989.50,861661
23-Oct-15,987.00,1011.00,987.00,1002.00,930800
22-Oct-15,981.50,988.50,972.50,984.00,1081790
21-Oct-15,1019.00,1023.00,1005.00,1011.00,1333510
20-Oct-15,996.50,997.00,982.50,990.50,731742
19-Oct-15,1004.00,1016.34,994.00,998.00,749064
16-Oct-15,1025.00,1031.00,1004.00,1009.00,1174662
15-Oct-15,1009.00,1027.00,1008.00,1022.00,1315564
14-Oct-15,1031.00,1042.00,1023.00,1030.00,1113993
13-Oct-15,1077.00,1077.00,1032.00,1037.00,1696543
12-Oct-15,1028.00,1085.00,1028.00,1051.00,1943922
9-Oct-15,1008.00,1038.00,1001.00,1025.00,2641353
8-Oct-15,1005.00,1011.40,999.00,1001.00,1648822
7-Oct-15,1007.00,1017.00,1004.00,1008.00,1831622
6-Oct-15,1010.00,1012.00,1002.00,1008.00,1246155
5-Oct-15,1015.00,1015.00,1004.00,1009.00,1876533
2-Oct-15,1002.00,1007.64,987.00,997.00,1284576
1-Oct-15,1019.00,1020.34,993.00,995.50,1521185
30-Sep-15,1015.00,1016.00,992.50,1005.00,1413378
29-Sep-15,974.50,1004.00,971.50,994.50,1189152
28-Sep-15,993.00,998.50,982.50,985.00,806313
25-Sep-15,990.00,1002.00,983.50,995.50,1370926
24-Sep-15,1033.00,1034.00,965.50,975.00,2311210
23-Sep-15,1035.00,1072.00,1032.00,1039.00,1640587
22-Sep-15,1057.00,1067.00,1023.00,1029.00,1370487
21-Sep-15,1064.00,1073.00,1059.00,1062.00,897124
18-Sep-15,1081.00,1085.00,1056.00,1062.00,1052231
17-Sep-15,1120.00,1120.00,1071.00,1082.00,1436641
16-Sep-15,1106.00,1132.00,1106.00,1129.00,861942
15-Sep-15,1090.00,1106.00,1079.00,1101.00,663982
14-Sep-15,1102.00,1111.00,1086.00,1088.00,545134
11-Sep-15,1100.00,1108.00,1095.00,1103.00,778326
10-Sep-15,1110.00,1111.34,1094.00,1097.00,703473
9-Sep-15,1114.00,1122.00,1110.00,1116.00,600428
8-Sep-15,1089.00,1104.36,1089.00,1098.00,498496
7-Sep-15,1089.00,1093.00,1078.00,1086.00,342831
4-Sep-15,1110.00,1110.00,1070.00,1080.00,1279555
3-Sep-15,1114.00,1126.00,1108.00,1114.00,862339
2-Sep-15,1102.00,1122.00,1096.00,1108.00,1017778
1-Sep-15,1109.00,1118.00,1088.00,1103.00,1338661
28-Aug-15,1100.00,1129.00,1097.00,1129.00,1512310
27-Aug-15,1081.00,1105.00,1071.00,1102.00,1508709
26-Aug-15,1077.00,1080.00,1059.00,1059.00,2145278
25-Aug-15,1071.00,1099.00,1063.00,1090.00,1719456
24-Aug-15,1065.00,1071.00,1023.00,1058.00,2027794
21-Aug-15,1110.00,1122.00,1089.00,1089.00,1014655
20-Aug-15,1124.00,1135.00,1116.00,1123.00,804249
19-Aug-15,1162.00,1162.00,1133.00,1133.00,1118937
18-Aug-15,1168.00,1173.00,1158.00,1162.00,957109
17-Aug-15,1190.00,1190.00,1166.00,1168.00,700754
14-Aug-15,1200.00,1203.67,1168.00,1179.00,1009470
13-Aug-15,1190.00,1203.00,1180.00,1201.00,978514
12-Aug-15,1185.00,1194.87,1168.72,1171.00,784174
11-Aug-15,1201.00,1208.00,1189.00,1191.00,651953
10-Aug-15,1198.00,1206.10,1180.00,1204.00,1033822
7-Aug-15,1193.00,1199.00,1188.00,1189.00,652410
6-Aug-15,1189.00,1207.00,1189.00,1195.00,582033
5-Aug-15,1200.00,1201.00,1178.00,1195.00,1107593
4-Aug-15,1200.00,1243.00,1195.00,1200.00,3585832
3-Aug-15,1124.00,1149.00,1120.00,1149.00,1205071
31-Jul-15,1142.00,1142.00,1112.00,1129.00,1770134
30-Jul-15,1128.00,1138.33,1121.00,1135.00,966774
29-Jul-15,1146.00,1146.00,1113.00,1123.00,1359342
28-Jul-15,1119.00,1141.00,1112.00,1140.00,911218
27-Jul-15,1133.00,1138.00,1116.00,1116.00,865396
24-Jul-15,1150.00,1152.64,1133.00,1134.00,763475
23-Jul-15,1154.00,1156.21,1146.00,1148.00,705539
22-Jul-15,1160.00,1161.00,1140.00,1143.00,855441
21-Jul-15,1156.00,1165.00,1156.00,1160.00,571972
20-Jul-15,1160.00,1164.01,1146.00,1155.00,854455
17-Jul-15,1161.00,1165.00,1157.00,1159.00,559267
16-Jul-15,1144.00,1165.00,1139.00,1164.00,612048
15-Jul-15,1140.00,1143.00,1134.00,1139.00,612319
14-Jul-15,1141.00,1142.00,1129.33,1137.00,812490
13-Jul-15,1125.00,1141.00,1121.00,1138.00,1109545
10-Jul-15,1121.00,1123.00,1112.00,1119.00,673006
9-Jul-15,1105.00,1112.00,1101.00,1108.00,940539
8-Jul-15,1097.00,1106.00,1086.00,1103.00,1466924
7-Jul-15,1150.00,1158.00,1085.00,1085.00,1680581
6-Jul-15,1127.00,1147.00,1125.00,1141.00,756525
3-Jul-15,1158.00,1163.00,1134.00,1134.00,735083
2-Jul-15,1149.00,1167.00,1149.00,1162.00,946634
1-Jul-15,1136.00,1156.00,1135.00,1150.00,1297186
30-Jun-15,1125.00,1136.00,1116.00,1129.00,1698475
29-Jun-15,1125.00,1138.00,1124.00,1127.00,782601
26-Jun-15,1145.00,1154.00,1140.00,1148.00,635511
25-Jun-15,1159.00,1165.00,1147.00,1148.00,665253
24-Jun-15,1169.00,1175.00,1159.00,1159.00,829619
23-Jun-15,1176.00,1182.00,1172.00,1172.00,803529
22-Jun-15,1158.00,1170.00,1151.00,1169.00,923917
19-Jun-15,1131.00,1153.00,1131.00,1144.00,960218
18-Jun-15,1134.00,1135.00,1122.00,1132.00,743714
17-Jun-15,1129.00,1148.34,1127.00,1140.00,806249
16-Jun-15,1131.00,1135.00,1120.00,1129.00,660081
15-Jun-15,1156.00,1160.00,1137.00,1137.00,607278
12-Jun-15,1172.00,1178.00,1158.00,1161.00,613855
11-Jun-15,1182.00,1198.00,1171.00,1177.00,735259
10-Jun-15,1174.00,1190.00,1170.00,1188.00,848121
9-Jun-15,1181.00,1189.00,1168.00,1174.00,897833
8-Jun-15,1180.00,1191.00,1175.00,1182.00,691545
5-Jun-15,1206.00,1209.00,1178.00,1180.00,1277773
4-Jun-15,1215.00,1218.00,1202.00,1211.00,969182
3-Jun-15,1202.00,1223.00,1196.00,1215.00,844193
2-Jun-15,1192.00,1210.00,1178.00,1200.00,883751
1-Jun-15,1200.00,1205.00,1188.00,1190.00,597186
29-May-15,1200.00,1210.34,1198.00,1199.00,1082960
28-May-15,1215.00,1217.00,1194.00,1201.00,835228
27-May-15,1193.00,1223.00,1193.00,1219.00,851007
26-May-15,1213.00,1213.00,1190.00,1193.00,934805
22-May-15,1195.00,1206.00,1190.00,1201.00,734949
21-May-15,1166.00,1194.34,1165.00,1190.00,1098446
20-May-15,1162.00,1175.00,1158.00,1172.00,738664
19-May-15,1155.00,1163.00,1145.00,1162.00,1127051
18-May-15,1140.00,1152.00,1135.00,1148.00,749011
15-May-15,1150.00,1155.00,1134.00,1141.00,552693
14-May-15,1126.00,1151.00,1120.00,1148.00,462729
13-May-15,1127.00,1141.01,1120.00,1128.00,714329
12-May-15,1140.00,1142.00,1116.33,1123.00,836558
11-May-15,1156.00,1168.00,1141.00,1145.00,782763
8-May-15,1144.00,1162.00,1140.00,1162.00,668772
7-May-15,1149.00,1152.00,1115.00,1123.00,825726
6-May-15,1147.00,1164.00,1145.00,1154.00,644288
5-May-15,1146.00,1165.33,1141.00,1151.00,739684
1-May-15,1146.00,1148.99,1126.00,1134.00,382968
30-Apr-15,1148.00,1160.00,1134.00,1145.00,964219
29-Apr-15,1159.00,1189.00,1147.00,1150.00,951941
28-Apr-15,1146.00,1158.00,1135.00,1157.00,1069577
27-Apr-15,1134.00,1149.00,1124.00,1149.00,568427
24-Apr-15,1139.00,1152.00,1133.00,1135.00,575866
23-Apr-15,1141.00,1146.00,1127.00,1142.00,701732
22-Apr-15,1150.00,1153.00,1135.00,1143.00,969344
21-Apr-15,1129.00,1152.00,1129.00,1150.00,1049180
20-Apr-15,1118.00,1128.00,1114.67,1126.00,781268
17-Apr-15,1133.00,1137.00,1113.00,1115.00,825160
16-Apr-15,1147.00,1147.00,1131.66,1134.00,980964
15-Apr-15,1128.00,1148.00,1121.00,1141.00,1168555
14-Apr-15,1113.00,1130.00,1113.00,1124.00,765554
13-Apr-15,1135.00,1135.00,1117.00,1118.00,929715
10-Apr-15,1132.00,1135.00,1122.00,1134.00,612654
9-Apr-15,1125.00,1135.00,1112.66,1129.00,899244
8-Apr-15,1134.00,1147.00,1118.00,1120.00,1045820
7-Apr-15,1118.00,1143.00,1116.00,1138.00,792332
2-Apr-15,1116.00,1124.00,1110.00,1116.00,790751
1-Apr-15,1117.00,1122.00,1109.00,1117.00,910912
31-Mar-15,1127.00,1158.00,1080.46,1118.00,1365579
30-Mar-15,1175.00,1175.00,1117.00,1129.00,2175319
27-Mar-15,1182.00,1184.35,1153.00,1162.00,1090780
26-Mar-15,1191.00,1198.00,1171.00,1179.00,1116629
25-Mar-15,1213.00,1217.00,1202.80,1212.00,952203
24-Mar-15,1206.00,1221.00,1203.00,1213.00,646704
23-Mar-15,1203.00,1211.00,1195.00,1210.00,754730
20-Mar-15,1212.00,1212.00,1192.00,1204.00,1281982
19-Mar-15,1220.00,1225.00,1202.00,1206.00,1025210
18-Mar-15,1155.00,1207.00,1148.00,1200.00,1952979
17-Mar-15,1181.00,1206.00,1175.00,1178.00,1539259
16-Mar-15,1166.00,1184.00,1165.00,1179.00,948717
13-Mar-15,1165.00,1172.00,1149.00,1163.00,1235183
12-Mar-15,1171.00,1199.00,1160.00,1166.00,995505
11-Mar-15,1154.00,1165.00,1139.46,1163.00,1051855
10-Mar-15,1185.00,1190.00,1150.00,1150.00,993354
9-Mar-15,1178.00,1193.00,1172.72,1191.00,850611
6-Mar-15,1179.00,1184.00,1168.00,1179.00,759779
5-Mar-15,1167.00,1181.00,1164.00,1179.00,689857
4-Mar-15,1161.00,1171.00,1150.00,1161.00,1078238
3-Mar-15,1169.00,1186.00,1161.00,1161.00,793221
2-Mar-15,1159.00,1184.00,1158.00,1170.00,1129216
27-Feb-15,1152.00,1164.00,1143.00,1155.00,912071
26-Feb-15,1133.00,1160.00,1133.00,1150.00,775341
25-Feb-15,1159.00,1164.00,1126.00,1137.00,1309203
24-Feb-15,1174.00,1174.00,1158.00,1163.00,898517
23-Feb-15,1198.00,1201.00,1171.00,1176.00,764914
20-Feb-15,1181.00,1203.18,1181.00,1192.00,730871
19-Feb-15,1191.00,1195.00,1180.00,1186.00,687009
18-Feb-15,1186.00,1201.00,1183.00,1197.00,788087
17-Feb-15,1174.00,1192.00,1169.00,1180.00,592785
16-Feb-15,1178.00,1189.00,1175.00,1180.00,515928
13-Feb-15,1171.00,1186.00,1160.00,1186.00,1275435
12-Feb-15,1153.00,1176.00,1153.00,1171.00,763280
11-Feb-15,1162.00,1169.00,1143.00,1159.00,935234
10-Feb-15,1161.00,1169.00,1151.16,1164.00,1027696
9-Feb-15,1185.00,1185.00,1155.05,1162.00,1048658
6-Feb-15,1173.00,1196.00,1170.00,1187.00,1400991
5-Feb-15,1144.00,1179.00,1130.00,1179.00,1370995
4-Feb-15,1171.00,1172.00,1150.00,1171.00,1472842
3-Feb-15,1144.00,1181.00,1144.00,1175.00,1238780
2-Feb-15,1127.00,1141.00,1120.01,1141.00,988401
30-Jan-15,1112.00,1133.00,1111.00,1127.00,1220801
29-Jan-15,1112.00,1119.00,1104.00,1110.00,1232523
28-Jan-15,1121.00,1125.00,1103.00,1116.00,972039
27-Jan-15,1135.00,1136.00,1112.00,1117.00,1067772
26-Jan-15,1112.00,1137.01,1111.00,1133.00,988425
23-Jan-15,1138.00,1166.00,1113.00,1120.00,1467557
22-Jan-15,1079.00,1147.00,1076.00,1136.00,2527068
21-Jan-15,1077.00,1082.00,1060.00,1082.00,1202974
20-Jan-15,1088.00,1088.00,1069.00,1077.00,1084155
19-Jan-15,1087.00,1095.00,1077.00,1082.00,596978
16-Jan-15,1074.00,1091.00,1065.00,1088.00,941770
15-Jan-15,1072.00,1083.00,1053.00,1081.00,1002091
14-Jan-15,1077.00,1084.31,1062.00,1063.00,988586
13-Jan-15,1071.00,1087.00,1068.00,1086.00,906699
12-Jan-15,1081.00,1083.00,1061.00,1067.00,925012
9-Jan-15,1085.00,1093.47,1068.00,1077.00,790893
8-Jan-15,1074.00,1094.00,1070.00,1091.00,1243106
7-Jan-15,1051.00,1067.00,1040.00,1057.00,1042353
6-Jan-15,1077.00,1084.00,1047.00,1047.00,1115382
5-Jan-15,1089.00,1111.00,1066.00,1077.00,1498768
31-Dec-14,1088.00,1098.00,1088.00,1098.00,147464
30-Dec-14,1098.00,1103.00,1090.00,1092.00,627423
29-Dec-14,1101.00,1112.00,1101.00,1108.00,498513
24-Dec-14,1093.00,1111.00,1093.00,1100.00,154958
23-Dec-14,1083.00,1111.00,1083.00,1108.00,718489
22-Dec-14,1080.00,1086.00,1072.00,1082.00,696010
19-Dec-14,1090.00,1095.00,1065.00,1072.00,1488293
18-Dec-14,1059.00,1088.36,1057.00,1086.00,1466985
17-Dec-14,1034.00,1058.00,1029.00,1051.00,1576455
16-Dec-14,1015.00,1046.00,1006.00,1046.00,1663810
15-Dec-14,1022.00,1047.00,1013.00,1013.00,1173725
12-Dec-14,1050.00,1052.00,1023.00,1024.00,1299248
11-Dec-14,1083.00,1088.00,1047.00,1058.00,1534945
10-Dec-14,1094.00,1104.00,1086.00,1088.00,1165929
9-Dec-14,1115.00,1115.00,1083.00,1093.00,1452962
8-Dec-14,1142.00,1143.96,1122.00,1122.00,584267
5-Dec-14,1150.00,1151.00,1141.00,1145.00,859118
4-Dec-14,1134.00,1148.00,1128.00,1145.00,1393240
3-Dec-14,1140.00,1145.36,1125.00,1135.00,993300
2-Dec-14,1118.00,1145.00,1116.00,1144.00,1211332
1-Dec-14,1147.00,1147.00,1103.00,1115.00,2184760
28-Nov-14,1180.00,1181.00,1144.00,1157.00,1417432
27-Nov-14,1189.00,1193.00,1179.00,1182.00,672631
26-Nov-14,1193.00,1194.00,1185.36,1189.00,844098
25-Nov-14,1193.00,1197.00,1180.00,1190.00,1455769
24-Nov-14,1187.00,1195.00,1183.00,1192.00,1402235
21-Nov-14,1184.00,1192.00,1180.00,1183.00,1977962
20-Nov-14,1211.00,1216.00,1175.00,1183.00,1416748
19-Nov-14,1232.00,1234.00,1205.00,1209.00,942392
18-Nov-14,1242.00,1249.00,1208.00,1234.00,1175614
17-Nov-14,1231.00,1238.00,1222.00,1234.00,891222
14-Nov-14,1230.00,1239.00,1223.00,1238.00,908636
13-Nov-14,1219.00,1238.00,1219.00,1226.00,629351
12-Nov-14,1220.00,1227.16,1215.00,1221.00,728478
11-Nov-14,1230.00,1230.30,1215.00,1219.00,836379
10-Nov-14,1219.00,1230.37,1214.00,1230.00,728849
7-Nov-14,1216.00,1230.00,1207.00,1217.00,1012935
6-Nov-14,1179.00,1212.00,1179.00,1211.00,1005724
5-Nov-14,1175.00,1188.00,1171.00,1185.00,1003982
4-Nov-14,1160.00,1180.00,1158.00,1166.00,1314572
3-Nov-14,1164.00,1173.28,1159.00,1160.00,677993
31-Oct-14,1160.00,1168.00,1154.00,1165.00,1321686
30-Oct-14,1133.00,1152.00,1129.00,1150.00,1305378
29-Oct-14,1134.00,1141.00,1130.00,1132.00,1327200
28-Oct-14,1128.00,1138.00,1117.95,1128.00,1148060
27-Oct-14,1159.00,1166.00,1118.00,1121.00,1653052
24-Oct-14,1158.00,1166.00,1148.00,1152.00,778160
23-Oct-14,1151.00,1166.00,1142.00,1159.00,1383084
22-Oct-14,1190.00,1197.00,1177.00,1182.00,1656670
21-Oct-14,1181.00,1194.00,1175.00,1191.00,1116388
20-Oct-14,1193.00,1200.00,1181.00,1185.00,1190673
17-Oct-14,1178.00,1202.21,1174.00,1195.00,978791
16-Oct-14,1182.00,1191.00,1142.00,1178.00,2101575
15-Oct-14,1211.00,1218.00,1168.00,1176.00,1908797
14-Oct-14,1176.00,1211.00,1176.00,1208.00,889540
13-Oct-14,1187.00,1200.00,1180.00,1188.00,1185131
10-Oct-14,1211.00,1219.00,1200.00,1200.00,1071454
9-Oct-14,1243.00,1254.00,1219.00,1220.00,1064890
8-Oct-14,1228.00,1235.00,1219.79,1226.00,914653
7-Oct-14,1236.00,1248.00,1226.00,1231.00,1299159
6-Oct-14,1240.00,1259.00,1235.00,1240.00,924004
3-Oct-14,1231.00,1247.00,1230.00,1244.00,637081
2-Oct-14,1243.00,1247.00,1224.00,1224.00,1264794
1-Oct-14,1261.00,1272.00,1249.00,1250.00,1068420
30-Sep-14,1275.00,1280.00,1253.00,1264.00,973477
29-Sep-14,1242.00,1254.00,1224.56,1250.00,954811
26-Sep-14,1254.00,1260.26,1243.00,1247.00,1215239
25-Sep-14,1249.00,1281.00,1249.00,1255.00,1485461
24-Sep-14,1257.00,1268.00,1245.00,1252.00,1057635
23-Sep-14,1299.00,1303.00,1257.00,1260.00,1141212
22-Sep-14,1303.00,1310.00,1298.00,1303.00,772058
19-Sep-14,1310.00,1317.00,1303.00,1307.00,1551922
18-Sep-14,1265.00,1305.00,1262.00,1300.00,1203549
17-Sep-14,1318.00,1320.00,1259.00,1268.00,2039938
16-Sep-14,1357.00,1357.00,1338.00,1349.00,830988
15-Sep-14,1348.00,1363.00,1342.00,1360.00,708066
12-Sep-14,1342.00,1355.00,1337.05,1353.00,504230
11-Sep-14,1348.00,1359.00,1327.39,1342.00,653440
10-Sep-14,1358.00,1361.00,1342.79,1348.00,558223
9-Sep-14,1341.00,1361.00,1340.00,1358.00,740966
8-Sep-14,1343.00,1351.27,1326.00,1340.00,646462
5-Sep-14,1346.00,1349.00,1333.00,1347.00,802476
4-Sep-14,1315.00,1347.00,1312.00,1345.00,984861
3-Sep-14,1310.00,1332.00,1310.00,1318.00,624220
2-Sep-14,1328.00,1337.00,1314.00,1315.00,685521
1-Sep-14,1312.00,1324.00,1312.00,1324.00,309534
29-Aug-14,1315.00,1322.28,1307.00,1316.00,509753
28-Aug-14,1318.00,1319.00,1301.00,1314.00,495704
27-Aug-14,1324.00,1328.00,1317.00,1319.00,432576
26-Aug-14,1316.00,1322.57,1311.00,1322.00,362941
22-Aug-14,1297.00,1312.00,1294.00,1309.00,548472
21-Aug-14,1295.00,1302.00,1288.00,1300.00,618083
20-Aug-14,1293.00,1300.00,1290.00,1296.00,558887
19-Aug-14,1303.00,1305.00,1289.06,1294.00,677993
18-Aug-14,1274.00,1320.00,1274.00,1300.00,904734
15-Aug-14,1256.00,1282.00,1255.00,1266.00,1011412
14-Aug-14,1254.00,1260.00,1250.00,1255.00,669222
13-Aug-14,1259.00,1262.69,1252.00,1258.00,524874
12-Aug-14,1257.00,1261.00,1248.00,1257.00,609146
11-Aug-14,1258.00,1261.03,1244.00,1255.00,807430
8-Aug-14,1267.00,1273.00,1246.00,1248.00,943842
7-Aug-14,1285.00,1290.00,1276.00,1280.00,748331
6-Aug-14,1285.00,1296.00,1279.00,1287.00,958892
5-Aug-14,1293.00,1302.00,1291.00,1294.00,513381
4-Aug-14,1290.00,1296.00,1283.00,1290.00,674501
1-Aug-14,1273.00,1286.00,1270.00,1285.00,851581
31-Jul-14,1276.00,1277.00,1268.00,1275.00,803974
30-Jul-14,1274.00,1280.00,1266.00,1276.00,610538
29-Jul-14,1260.00,1285.00,1260.00,1277.00,816292
28-Jul-14,1260.00,1266.00,1256.00,1261.00,527633
25-Jul-14,1257.00,1265.00,1255.00,1259.00,538704
24-Jul-14,1256.00,1265.00,1248.00,1259.00,534405
23-Jul-14,1246.00,1259.00,1239.00,1255.00,708315
22-Jul-14,1234.00,1251.00,1227.07,1249.00,739523
21-Jul-14,1222.00,1234.00,1222.00,1230.00,646081
18-Jul-14,1220.00,1224.05,1211.00,1224.00,798654
17-Jul-14,1248.00,1250.00,1224.00,1225.00,748056
16-Jul-14,1239.00,1253.00,1239.00,1251.00,526002
15-Jul-14,1243.00,1246.00,1232.00,1233.00,542293
14-Jul-14,1242.00,1249.00,1238.00,1246.00,522087
11-Jul-14,1244.00,1249.00,1227.00,1239.00,583496
10-Jul-14,1248.00,1252.00,1223.00,1240.00,619831
9-Jul-14,1273.00,1276.00,1244.00,1252.47,1081262
8-Jul-14,1292.00,1296.00,1266.00,1271.00,775063
7-Jul-14,1302.00,1315.00,1292.00,1293.00,462125
4-Jul-14,1300.00,1308.00,1299.00,1303.00,294448
3-Jul-14,1282.00,1302.95,1279.00,1297.00,437771
2-Jul-14,1301.00,1302.00,1282.00,1282.00,433267
1-Jul-14,1297.00,1305.00,1287.00,1299.00,812441
30-Jun-14,1297.00,1313.00,1281.00,1297.00,993263
27-Jun-14,1289.00,1299.00,1286.00,1295.00,427878
26-Jun-14,1271.00,1290.00,1270.00,1280.00,953005
25-Jun-14,1274.00,1277.00,1257.00,1265.00,726496
24-Jun-14,1291.00,1293.00,1275.22,1277.00,589531
23-Jun-14,1289.00,1294.00,1284.00,1288.00,546543
20-Jun-14,1285.00,1298.00,1280.00,1292.00,694479
19-Jun-14,1300.00,1305.00,1289.00,1289.00,600688
18-Jun-14,1290.00,1297.00,1282.00,1289.00,788678
17-Jun-14,1274.00,1286.00,1265.00,1285.00,613529
16-Jun-14,1275.00,1278.00,1266.00,1269.00,612918
13-Jun-14,1300.00,1300.00,1276.00,1281.00,556966
12-Jun-14,1305.00,1313.00,1299.00,1302.00,456610
11-Jun-14,1343.00,1344.95,1303.00,1307.00,755365
10-Jun-14,1343.00,1351.36,1339.00,1347.00,579153
9-Jun-14,1340.00,1355.00,1336.00,1342.00,346885
6-Jun-14,1325.00,1347.33,1325.00,1342.00,495211
5-Jun-14,1314.00,1336.00,1314.00,1323.00,732384
4-Jun-14,1311.00,1319.00,1308.00,1315.00,270344
3-Jun-14,1324.00,1334.00,1306.18,1313.00,441600
2-Jun-14,1325.00,1336.00,1322.00,1327.00,331225
30-May-14,1313.00,1331.00,1309.00,1321.00,915014
29-May-14,1312.00,1326.00,1312.00,1319.00,300795
28-May-14,1305.00,1323.00,1300.00,1312.93,652058
27-May-14,1325.00,1339.00,1296.52,1308.00,792019
23-May-14,1270.00,1326.00,1257.00,1322.00,1002445
22-May-14,1315.00,1322.00,1309.00,1314.93,633665
21-May-14,1302.00,1319.53,1299.00,1314.93,558707
20-May-14,1305.00,1309.00,1301.00,1303.00,651331
19-May-14,1305.00,1315.00,1299.95,1301.93,622873
16-May-14,1333.00,1335.00,1299.00,1303.93,667676
15-May-14,1342.00,1349.00,1328.00,1333.93,524599
14-May-14,1350.00,1352.00,1337.00,1342.00,392141
13-May-14,1342.00,1361.00,1339.30,1346.00,587133
12-May-14,1318.00,1335.00,1316.00,1335.00,463824
9-May-14,1319.00,1326.00,1314.00,1319.00,413589
8-May-14,1315.00,1328.00,1312.42,1321.00,578108
7-May-14,1317.00,1323.00,1309.00,1310.00,809658
6-May-14,1325.00,1338.00,1320.00,1320.00,725339
2-May-14,1340.00,1344.72,1317.00,1321.00,747379
1-May-14,1340.00,1346.00,1324.00,1341.00,322153
30-Apr-14,1311.00,1335.00,1309.00,1335.00,1117285
29-Apr-14,1286.00,1319.00,1286.00,1310.00,1130613
28-Apr-14,1287.00,1299.00,1282.00,1290.00,1011238
25-Apr-14,1279.00,1298.00,1275.00,1280.00,734750
24-Apr-14,1276.00,1303.95,1272.00,1281.00,883973
23-Apr-14,1270.00,1278.00,1266.07,1268.00,477414
22-Apr-14,1249.00,1273.00,1246.00,1268.00,708837
17-Apr-14,1242.00,1255.00,1241.00,1254.00,516929
16-Apr-14,1247.00,1249.00,1239.00,1240.00,862830
15-Apr-14,1236.00,1251.00,1234.00,1238.00,754937
14-Apr-14,1226.00,1249.00,1221.00,1237.00,957262
11-Apr-14,1244.00,1250.75,1219.00,1229.00,755244
10-Apr-14,1253.00,1268.00,1245.00,1248.00,656847
9-Apr-14,1249.00,1264.00,1243.00,1250.00,713210
8-Apr-14,1223.00,1243.00,1217.00,1242.00,1089060
7-Apr-14,1244.00,1245.00,1223.00,1225.00,649255
4-Apr-14,1270.00,1270.00,1243.00,1252.00,992200
3-Apr-14,1273.00,1278.00,1266.00,1266.00,572403
2-Apr-14,1286.00,1301.00,1272.00,1272.00,792465
1-Apr-14,1280.00,1285.55,1272.00,1279.23,605439
31-Mar-14,1277.00,1285.49,1269.00,1272.00,1288788
28-Mar-14,1275.00,1281.00,1265.00,1271.00,525909
27-Mar-14,1272.00,1274.76,1260.00,1267.00,723513
26-Mar-14,1283.00,1287.00,1266.00,1275.00,968419
25-Mar-14,1283.00,1301.00,1281.00,1288.00,627084
24-Mar-14,1315.00,1315.00,1280.00,1280.00,1178771
21-Mar-14,1325.00,1330.00,1318.00,1323.00,1643502
20-Mar-14,1281.00,1319.00,1279.00,1317.00,1556431
19-Mar-14,1295.00,1307.00,1257.00,1301.00,2396132
18-Mar-14,1334.00,1355.82,1329.00,1351.00,668791
17-Mar-14,1332.00,1347.00,1331.00,1339.00,817382
14-Mar-14,1336.00,1345.00,1326.00,1332.00,644784
13-Mar-14,1355.00,1355.00,1343.00,1343.00,734311
12-Mar-14,1365.00,1365.00,1348.00,1351.00,1198652
11-Mar-14,1353.00,1376.00,1349.00,1368.00,530350
10-Mar-14,1362.00,1378.00,1353.00,1354.00,728628
7-Mar-14,1374.00,1381.00,1362.00,1362.00,865027
6-Mar-14,1384.00,1384.00,1368.00,1375.00,592787
5-Mar-14,1375.00,1377.00,1368.00,1370.00,838593
4-Mar-14,1356.00,1380.00,1356.00,1373.00,932080
3-Mar-14,1349.00,1351.00,1329.00,1343.00,816208
28-Feb-14,1348.00,1372.00,1335.00,1368.00,1070522
27-Feb-14,1367.00,1370.00,1340.00,1346.00,1108957
26-Feb-14,1390.00,1397.00,1370.00,1370.00,693207
25-Feb-14,1400.00,1404.00,1381.00,1386.00,1261296
24-Feb-14,1373.00,1402.00,1359.00,1399.00,939115
21-Feb-14,1362.00,1380.00,1358.00,1373.00,997438
20-Feb-14,1403.00,1406.00,1389.00,1390.00,742977
19-Feb-14,1398.00,1429.00,1392.00,1410.00,887027
18-Feb-14,1387.00,1404.00,1381.00,1401.00,694333
17-Feb-14,1374.00,1397.00,1373.00,1381.00,259594
14-Feb-14,1374.00,1383.00,1372.00,1377.00,582282
13-Feb-14,1376.00,1379.00,1359.00,1375.00,837427
12-Feb-14,1397.00,1398.00,1376.00,1376.00,958880
11-Feb-14,1393.00,1393.00,1378.00,1391.00,1097006
10-Feb-14,1406.00,1408.00,1381.00,1386.00,756773
7-Feb-14,1401.00,1408.00,1396.00,1403.00,582678
6-Feb-14,1390.00,1402.00,1379.00,1395.00,809506
5-Feb-14,1397.00,1397.00,1372.00,1375.00,1203048
4-Feb-14,1404.00,1412.00,1391.00,1396.00,1011333
3-Feb-14,1435.00,1452.00,1410.00,1411.00,972111
31-Jan-14,1426.00,1438.00,1407.00,1438.00,1141260
30-Jan-14,1441.00,1442.00,1419.00,1430.00,638342
29-Jan-14,1465.00,1471.00,1421.00,1445.00,929444
28-Jan-14,1431.00,1451.00,1430.00,1451.00,602663
27-Jan-14,1460.00,1460.00,1425.00,1433.00,716371
24-Jan-14,1508.00,1516.00,1465.00,1470.00,537367
23-Jan-14,1526.00,1530.00,1498.00,1504.00,590967
22-Jan-14,1527.00,1533.00,1515.00,1524.00,544291
21-Jan-14,1516.00,1535.00,1516.00,1525.00,488123
20-Jan-14,1524.00,1524.00,1516.00,1520.00,232105
17-Jan-14,1510.00,1526.00,1510.00,1523.00,560405
16-Jan-14,1513.00,1523.00,1503.00,1516.00,384870
15-Jan-14,1524.00,1528.00,1512.00,1515.00,588937
14-Jan-14,1494.00,1527.00,1485.00,1516.00,746217
13-Jan-14,1489.00,1508.00,1487.00,1505.00,443375
10-Jan-14,1491.00,1500.00,1480.00,1490.00,593864
9-Jan-14,1496.00,1497.00,1474.00,1488.00,523496
8-Jan-14,1492.00,1504.00,1476.00,1492.00,806641
7-Jan-14,1469.00,1483.00,1469.00,1480.00,548110
6-Jan-14,1460.00,1475.00,1458.00,1470.00,464542
3-Jan-14,1469.00,1471.00,1459.00,1463.00,748504
2-Jan-14,1489.00,1489.00,1468.00,1471.00,828069
31-Dec-13,1482.00,1495.00,1477.00,1480.00,132572
30-Dec-13,1483.00,1491.00,1472.00,1483.00,291295
27-Dec-13,1483.00,1492.00,1479.00,1490.00,245586
24-Dec-13,1465.00,1476.00,1465.00,1476.00,91200
23-Dec-13,1452.00,1468.00,1444.00,1468.00,343990
20-Dec-13,1430.00,1454.00,1425.00,1452.00,1058817
19-Dec-13,1432.00,1434.00,1416.00,1430.00,508923
18-Dec-13,1400.00,1415.00,1385.00,1412.00,471663
17-Dec-13,1393.00,1397.00,1379.00,1396.00,640879
16-Dec-13,1363.00,1398.00,1363.00,1396.00,361369
13-Dec-13,1374.00,1385.00,1363.00,1367.00,580192
12-Dec-13,1385.00,1398.00,1375.00,1379.00,674715
11-Dec-13,1394.00,1415.00,1386.00,1390.00,632875
10-Dec-13,1387.00,1414.00,1385.00,1399.00,994742
9-Dec-13,1377.00,1378.00,1368.00,1378.00,528745
6-Dec-13,1342.00,1371.00,1336.00,1371.00,655905
5-Dec-13,1332.00,1344.00,1327.00,1343.00,576500
4-Dec-13,1348.00,1352.00,1325.00,1339.00,539911
3-Dec-13,1362.00,1362.00,1337.00,1348.00,466214
2-Dec-13,1378.00,1378.00,1359.00,1360.00,288490
29-Nov-13,1367.00,1380.00,1358.00,1374.00,362318
28-Nov-13,1370.00,1389.00,1370.00,1371.00,373861
27-Nov-13,1374.00,1387.00,1374.00,1386.00,425579
26-Nov-13,1374.00,1386.00,1370.00,1378.00,560895
25-Nov-13,1364.00,1376.00,1364.00,1375.00,434635
22-Nov-13,1370.00,1376.00,1360.00,1361.00,722211
21-Nov-13,1379.00,1383.00,1370.00,1370.00,423167
20-Nov-13,1384.00,1396.00,1375.00,1382.00,807388
19-Nov-13,1419.00,1422.00,1378.00,1400.00,1164715
18-Nov-13,1429.00,1435.00,1418.00,1433.00,394278
15-Nov-13,1440.00,1442.00,1423.00,1431.00,620668
14-Nov-13,1419.00,1441.00,1419.00,1440.00,547975
13-Nov-13,1425.00,1432.00,1407.00,1407.00,738795
12-Nov-13,1434.00,1437.00,1426.00,1428.00,727397
11-Nov-13,1442.00,1445.00,1435.00,1437.00,310762
8-Nov-13,1422.00,1440.00,1420.00,1436.00,411924
7-Nov-13,1433.00,1454.00,1430.00,1432.00,545857
6-Nov-13,1419.00,1436.00,1419.00,1431.00,340551
5-Nov-13,1442.00,1442.00,1409.00,1418.00,513212
4-Nov-13,1427.00,1445.00,1422.00,1443.00,539539
1-Nov-13,1435.00,1435.00,1417.00,1423.00,379410
31-Oct-13,1419.00,1435.00,1416.00,1435.00,752167
30-Oct-13,1421.00,1425.00,1409.00,1416.00,498899
29-Oct-13,1399.00,1415.00,1398.00,1414.00,536626
28-Oct-13,1415.00,1423.00,1396.00,1399.00,372820
25-Oct-13,1404.00,1416.00,1398.00,1415.00,604451
24-Oct-13,1397.00,1415.00,1397.00,1405.00,529006
23-Oct-13,1391.00,-,1383.00,1397.00,679415
22-Oct-13,1441.00,1456.00,1428.00,1455.00,753106
21-Oct-13,1410.00,1435.00,1407.00,1433.00,666412
18-Oct-13,1399.00,1407.00,1391.00,1402.00,639735
17-Oct-13,1391.00,1401.00,1381.00,1390.00,310332
16-Oct-13,1387.00,1404.00,1377.00,1398.00,335499
15-Oct-13,1404.00,1406.00,1392.00,1395.00,576287
14-Oct-13,1373.00,1407.00,1373.00,1396.00,776337
11-Oct-13,1367.00,1383.00,1357.00,1379.00,449855
10-Oct-13,1324.00,1364.00,1322.00,1361.00,1051878
9-Oct-13,1327.00,1337.00,1308.00,1322.00,785880
8-Oct-13,1353.00,1353.00,1332.00,1332.00,422275
7-Oct-13,1350.00,1358.00,1337.00,1355.00,321567
4-Oct-13,1352.00,1361.00,1350.00,1354.00,458202
3-Oct-13,1384.00,1388.00,1347.00,1356.00,948778
2-Oct-13,1412.00,1412.00,1381.00,1382.00,859869
1-Oct-13,1403.00,1426.00,1398.00,1419.00,452518
30-Sep-13,1385.00,1401.00,1385.00,1399.00,569526
27-Sep-13,1407.00,1421.00,1397.00,1401.00,459132
26-Sep-13,1390.00,1404.00,1387.00,1404.00,430445
25-Sep-13,1382.00,1394.00,1377.00,1391.00,397434
24-Sep-13,1384.00,1395.00,1380.00,1395.00,324973
20-Sep-13,1402.00,1407.00,1387.00,1393.00,919594
19-Sep-13,1418.00,1435.00,1400.00,1406.00,631504
18-Sep-13,1441.00,1441.00,1385.00,1412.00,1189647
17-Sep-13,1380.00,1396.00,1372.00,1376.00,632432
16-Sep-13,1378.00,1383.00,1366.00,1373.00,536475
13-Sep-13,1359.00,1374.00,1359.00,1363.00,332440
12-Sep-13,1354.00,1383.00,1354.00,1360.00,575943
11-Sep-13,1371.00,1371.00,1348.00,1359.00,490923
10-Sep-13,1349.00,1365.00,1342.00,1363.00,456201
9-Sep-13,1344.00,1351.00,1333.00,1343.00,306898
6-Sep-13,1324.00,1343.00,1317.00,1343.00,457188
5-Sep-13,1324.00,1339.00,1314.00,1328.00,469501
4-Sep-13,1316.00,1322.00,1307.00,1319.00,393157
3-Sep-13,1306.00,1311.00,1294.00,1309.00,681313
2-Sep-13,1286.00,1315.00,1286.00,1307.00,317385
30-Aug-13,1296.00,1305.00,1280.00,1282.00,640433
29-Aug-13,1247.00,1302.00,1247.00,1296.00,525312
28-Aug-13,1294.00,1309.00,1284.00,1289.00,476399
27-Aug-13,1310.00,1318.00,1296.00,1296.00,682558
23-Aug-13,1315.00,1334.00,1314.00,1320.00,475757
22-Aug-13,1311.00,1331.00,1311.00,1320.00,317758
21-Aug-13,1314.00,1321.00,1309.00,1312.00,407175
20-Aug-13,1311.00,1319.00,1302.00,1316.00,379066
19-Aug-13,1315.00,1327.00,1314.00,1319.00,529293
16-Aug-13,1300.00,1314.00,1298.00,1310.00,620800
15-Aug-13,1314.00,1318.00,1294.00,1302.00,725617
14-Aug-13,1302.00,1317.00,1302.00,1311.00,342723
13-Aug-13,1297.00,1320.00,1296.00,1307.00,467767
12-Aug-13,1302.00,1306.00,1287.00,1295.00,435094
9-Aug-13,1302.00,1313.00,1288.00,1304.00,689597
8-Aug-13,1307.00,1312.00,1290.00,1296.00,567579
7-Aug-13,1309.00,1319.00,1297.00,1306.00,789171
6-Aug-13,1310.00,1320.00,1310.00,1316.00,1018931
5-Aug-13,1315.00,1319.00,1284.00,1314.00,1414700
2-Aug-13,1403.00,1409.00,1310.00,1320.00,1442234
1-Aug-13,1390.00,1401.00,1370.00,1397.00,534387
31-Jul-13,1345.00,1389.00,1345.00,1385.00,771709
30-Jul-13,1366.00,1376.00,1360.00,1367.00,322241
29-Jul-13,1360.00,1371.00,1353.00,1359.00,192143
26-Jul-13,1371.00,1377.00,1347.00,1354.00,483335
25-Jul-13,1379.00,1385.00,1360.00,1366.00,463371
24-Jul-13,1374.00,1384.00,1370.00,1378.00,377056
23-Jul-13,1385.00,1388.00,1375.00,1377.00,520751
22-Jul-13,1393.00,1399.00,1373.00,1377.00,531298
19-Jul-13,1394.00,1400.00,1378.00,1396.00,597115
18-Jul-13,1370.00,1400.00,1365.00,1396.00,873492
17-Jul-13,1316.00,1381.00,1315.00,1377.00,1944090
16-Jul-13,1398.00,1400.00,1385.72,1391.00,515385
15-Jul-13,1376.00,1399.60,1376.00,1396.00,605911
12-Jul-13,1380.00,1410.00,1369.00,1371.00,689742
11-Jul-13,1389.00,1390.50,1363.00,1379.00,486957
10-Jul-13,1368.00,1385.00,1356.30,1376.00,567098
9-Jul-13,1367.00,1374.00,1361.00,1371.00,385603
8-Jul-13,1356.00,1363.00,1348.50,1359.00,499600
5-Jul-13,1371.00,1371.00,1345.00,1346.00,585177
4-Jul-13,1350.00,1360.00,1342.00,1359.00,534827
3-Jul-13,1336.00,1352.00,1331.00,1338.00,810667
2-Jul-13,1346.00,1358.00,1337.00,1354.00,1058017
1-Jul-13,1316.00,1348.00,1310.42,1343.00,765338
28-Jun-13,1318.00,1324.00,1302.00,1308.00,1069525
27-Jun-13,1310.00,1328.00,1287.00,1319.00,1263420
26-Jun-13,1257.00,1272.00,1253.00,1270.00,753182
25-Jun-13,1254.00,1260.00,1241.00,1257.00,761153
24-Jun-13,1260.00,1262.00,1237.00,1245.00,647605
21-Jun-13,1278.00,1292.00,1261.00,1261.00,1275846
20-Jun-13,1289.00,1298.00,1266.00,1275.00,806862
19-Jun-13,1305.00,1307.00,1290.00,1303.00,538315
18-Jun-13,1300.00,1307.00,1293.00,1304.00,649443
17-Jun-13,1309.00,1315.00,1303.00,1306.00,543160
14-Jun-13,1301.00,1307.00,1287.18,1299.00,532482
13-Jun-13,1291.00,1295.00,1274.09,1294.00,537952
12-Jun-13,1303.00,1316.00,1300.00,1304.00,908774
11-Jun-13,1301.00,1308.00,1285.00,1303.00,1074566
10-Jun-13,1306.00,1312.70,1296.00,1305.00,797378
7-Jun-13,1309.00,1316.00,1286.00,1309.00,838817
6-Jun-13,1326.00,1331.00,1307.00,1307.00,822042
5-Jun-13,1345.00,1347.00,1313.00,1319.00,1075149
4-Jun-13,1381.00,1381.00,1344.00,1349.00,763168
3-Jun-13,1378.00,1385.00,1364.00,1371.00,721045
31-May-13,1406.00,1456.00,1359.00,1379.00,3033799
30-May-13,1340.00,1408.00,1337.00,1390.00,1431888
29-May-13,1370.00,1372.06,1342.00,1342.00,743826
28-May-13,1368.00,1388.00,1368.00,1384.00,609467
24-May-13,1372.00,1372.00,1335.00,1355.00,863305
23-May-13,1352.00,1354.00,1329.00,1335.00,989480
22-May-13,1358.00,1380.00,1352.18,1370.00,505792
21-May-13,1352.00,1361.00,1343.00,1356.00,775168
20-May-13,1342.00,1353.00,1335.00,1352.00,292610
17-May-13,1328.00,1348.00,1319.00,1343.00,758121
16-May-13,1320.00,1330.00,1316.00,1328.00,751908
15-May-13,1310.00,1323.00,1308.00,1315.00,525445
14-May-13,1307.00,1319.00,1307.00,1313.00,592397
13-May-13,1308.00,1314.00,1297.00,1300.00,540675
10-May-13,1288.00,1309.00,1282.00,1303.00,911033
9-May-13,1259.00,1292.00,1259.00,1286.00,678194
8-May-13,1251.00,1263.00,1248.00,1261.00,464437
7-May-13,1252.00,1265.00,1242.00,1248.00,736655
3-May-13,1248.00,1257.00,1241.00,1255.00,686197
2-May-13,1237.00,1254.00,1225.00,1245.00,502254
1-May-13,1252.00,1261.00,1248.00,1259.00,319837
30-Apr-13,1250.00,1254.00,1245.00,1250.00,673546
29-Apr-13,1237.00,1248.00,1235.08,1245.00,508472
26-Apr-13,1240.00,1245.00,1229.36,1237.00,384752
25-Apr-13,1230.00,1245.00,1226.00,1240.00,533597
24-Apr-13,1237.00,1241.00,1220.00,1228.00,850644
23-Apr-13,1217.00,1234.00,1205.00,1234.00,696294
22-Apr-13,1235.00,1235.00,1204.00,1210.00,527332
19-Apr-13,1234.00,1237.00,1223.00,1229.00,719585
18-Apr-13,1239.00,1248.00,1230.00,1233.00,568665
17-Apr-13,1249.00,1249.00,1220.86,1236.00,894101
16-Apr-13,1243.00,1248.00,1234.00,1236.00,489857
15-Apr-13,1255.00,1257.00,1242.00,1250.00,739163
12-Apr-13,1252.00,1258.00,1247.00,1253.00,407597
11-Apr-13,1247.00,1261.00,1246.00,1254.00,463102
10-Apr-13,1223.00,1256.00,1222.00,1252.00,774867
9-Apr-13,1220.00,1225.00,1214.00,1225.00,523215
8-Apr-13,1218.00,1220.00,1208.00,1215.00,371648
5-Apr-13,1240.00,1247.00,1199.00,1208.00,686018
4-Apr-13,1256.00,1258.00,1234.30,1240.00,1035970
3-Apr-13,1257.00,1273.00,1256.00,1259.00,646017
2-Apr-13,1252.00,1269.00,1252.00,1266.00,791496
28-Mar-13,1243.00,1260.00,1239.10,1257.00,839179
27-Mar-13,1253.00,1259.00,1220.41,1246.00,815130
26-Mar-13,1284.00,1290.00,1267.00,1268.00,624461
25-Mar-13,1281.00,1291.00,1271.00,1277.00,704211
22-Mar-13,1279.00,1288.00,1267.00,1271.00,809113
21-Mar-13,1320.00,1321.00,1280.00,1284.00,941076
20-Mar-13,1299.00,1330.00,1232.00,1320.00,1052535
19-Mar-13,1321.00,1342.74,1309.00,1318.00,739056
18-Mar-13,1293.00,1332.00,1284.00,1328.00,715143
15-Mar-13,1317.00,1327.00,1310.00,1313.00,1114978
14-Mar-13,1312.00,1320.00,1308.00,1313.00,682845
13-Mar-13,1313.00,1315.00,1300.00,1311.00,503816
12-Mar-13,1291.00,1317.00,1284.00,1314.00,744044
11-Mar-13,1291.00,1295.00,1279.00,1293.00,635030
8-Mar-13,1308.00,1310.00,1283.00,1290.00,715459
7-Mar-13,1291.00,1306.00,1287.00,1300.00,910617
6-Mar-13,1291.00,1298.18,1283.00,1287.00,592006
5-Mar-13,1282.00,1293.00,1282.00,1287.00,474038
4-Mar-13,1264.00,1286.00,1259.00,1281.00,973147
1-Mar-13,1262.00,1273.00,1253.00,1266.00,489035
28-Feb-13,1257.00,1263.00,1249.69,1261.00,829819
27-Feb-13,1245.00,1259.00,1237.00,1258.00,850973
26-Feb-13,1225.00,1240.00,1222.00,1239.00,711428
25-Feb-13,1255.00,1268.00,1236.00,1250.00,685831
22-Feb-13,1238.00,1261.00,1237.00,1256.00,539739
21-Feb-13,1255.00,1255.55,1226.00,1239.00,530315
20-Feb-13,1251.00,1268.00,1246.55,1265.00,621911
19-Feb-13,1228.00,1250.00,1224.16,1249.00,630996
18-Feb-13,1238.00,1242.81,1222.72,1229.00,460901
15-Feb-13,1236.00,1245.00,1231.00,1238.00,643547
14-Feb-13,1235.00,1240.00,1225.00,1236.00,532942
13-Feb-13,1222.00,1242.00,1216.71,1238.00,604023
12-Feb-13,1214.00,1222.00,1201.00,1222.00,516338
11-Feb-13,1220.00,1221.00,1209.00,1214.00,418744
8-Feb-13,1210.00,1225.00,1207.00,1221.00,817275
7-Feb-13,1221.00,1229.00,1215.00,1225.00,790861
6-Feb-13,1225.00,1226.70,1208.00,1214.00,792056
5-Feb-13,1212.00,1225.00,1208.00,1221.00,642076
4-Feb-13,1243.00,1250.00,1204.00,1210.00,820408
1-Feb-13,1231.00,1246.00,1229.00,1243.00,514117
31-Jan-13,1223.00,1238.00,1220.00,1227.00,930154
30-Jan-13,1237.00,1240.00,1224.00,1230.00,755656
29-Jan-13,1240.00,1241.45,1230.00,1237.00,560892
28-Jan-13,1240.00,1250.00,1237.00,1246.00,387417
25-Jan-13,1226.00,1250.00,1226.00,1244.00,610709
24-Jan-13,1230.00,1236.56,1223.30,1229.00,692085
23-Jan-13,1238.00,1240.00,1225.00,1234.00,770227
22-Jan-13,1216.00,1243.00,1206.00,1238.00,953019
21-Jan-13,1220.00,1227.00,1200.00,1217.00,932034
18-Jan-13,1220.00,1235.00,1211.00,1221.00,740579
17-Jan-13,1205.00,1227.00,1203.00,1218.00,833263
16-Jan-13,1199.00,1212.00,1196.00,1210.00,684189
15-Jan-13,1214.00,1218.00,1196.00,1199.00,725759
14-Jan-13,1213.00,1228.00,1211.00,1218.00,685844
11-Jan-13,1217.00,1220.00,1206.00,1213.00,780526
10-Jan-13,1218.00,1219.00,1203.00,1213.00,663856
9-Jan-13,1203.00,1217.00,1199.00,1214.00,556462
8-Jan-13,1207.00,1211.44,1201.00,1203.00,393691
7-Jan-13,1213.00,1214.00,1205.00,1207.00,391602
4-Jan-13,1211.00,1215.12,1199.00,1215.00,817335
3-Jan-13,1224.00,1227.00,1212.00,1215.00,859198
2-Jan-13,1214.00,1232.00,1212.00,1221.00,686230
