31-Dec-15,411.20,419.70,411.20,414.90,88643
30-Dec-15,420.70,423.80,416.90,419.50,114706
29-Dec-15,416.90,427.75,416.90,426.40,78847
24-Dec-15,423.00,430.00,423.00,424.50,32223
23-Dec-15,424.40,427.60,419.30,423.50,89543
22-Dec-15,412.80,423.60,412.80,423.60,158348
21-Dec-15,422.70,429.10,416.80,419.00,140101
18-Dec-15,412.90,428.80,412.90,427.00,359355
16-Dec-15,399.70,417.00,399.70,414.90,141740
15-Dec-15,402.30,411.60,402.30,410.00,177169
14-Dec-15,410.30,412.80,404.13,407.80,229519
11-Dec-15,410.00,414.07,404.20,405.80,162632
10-Dec-15,401.60,413.40,401.60,410.50,128885
9-Dec-15,412.50,417.40,410.00,414.00,130218
8-Dec-15,408.70,428.20,408.70,417.40,212393
7-Dec-15,417.10,427.90,417.10,418.90,199580
4-Dec-15,409.80,422.00,409.80,422.00,198121
3-Dec-15,428.20,432.00,417.30,419.00,170912
2-Dec-15,420.40,429.60,417.90,417.90,175249
1-Dec-15,430.00,433.60,425.00,431.00,318543
30-Nov-15,427.70,433.90,427.60,431.00,219733
27-Nov-15,437.50,437.50,426.90,432.00,91662
26-Nov-15,425.10,433.56,424.50,431.60,107678
25-Nov-15,427.30,434.50,416.00,434.50,223705
24-Nov-15,433.00,433.00,412.30,419.00,210079
23-Nov-15,438.30,438.30,425.40,427.00,79989
20-Nov-15,423.00,430.80,422.92,430.00,170547
19-Nov-15,409.90,426.20,409.90,424.30,130282
18-Nov-15,416.00,422.45,416.00,419.40,102753
17-Nov-15,422.70,428.40,421.20,424.20,140411
16-Nov-15,426.50,426.50,399.50,416.70,148040
13-Nov-15,413.50,423.80,413.50,416.60,126240
12-Nov-15,423.90,429.50,418.00,419.60,149687
11-Nov-15,425.00,431.90,423.70,429.60,110750
10-Nov-15,426.00,431.50,423.00,426.25,202583
9-Nov-15,435.90,440.10,429.00,429.90,251417
6-Nov-15,436.70,442.70,433.60,438.20,151377
5-Nov-15,438.60,441.00,433.70,438.00,123913
4-Nov-15,442.70,443.10,435.26,436.61,299117
3-Nov-15,444.20,445.70,440.80,441.90,140762
2-Nov-15,437.20,445.80,437.20,445.80,203235
30-Oct-15,439.10,442.10,437.40,439.90,214926
29-Oct-15,432.80,445.40,432.60,441.80,178407
28-Oct-15,431.90,437.00,426.56,433.50,166121
27-Oct-15,434.40,437.00,433.10,435.20,92538
26-Oct-15,433.40,436.90,428.80,431.50,169983
23-Oct-15,432.00,438.40,429.30,436.70,196163
22-Oct-15,430.20,434.70,427.50,432.80,109023
21-Oct-15,439.80,439.80,429.20,431.80,147260
20-Oct-15,434.20,438.10,431.10,435.20,108662
19-Oct-15,428.00,436.90,428.00,433.80,214314
16-Oct-15,429.00,433.50,422.50,430.70,220800
15-Oct-15,425.00,435.80,424.30,428.00,195801
14-Oct-15,423.50,428.00,421.40,424.00,226326
13-Oct-15,425.40,426.12,421.80,423.50,176630
12-Oct-15,420.00,426.00,420.00,423.40,279873
9-Oct-15,422.00,425.20,419.00,421.35,274725
8-Oct-15,420.70,424.60,415.30,417.90,233988
7-Oct-15,429.00,431.50,420.91,428.75,351159
6-Oct-15,419.60,435.00,419.60,429.10,298084
5-Oct-15,423.90,426.70,420.50,426.40,210404
2-Oct-15,420.00,420.00,412.50,417.00,211848
1-Oct-15,417.40,420.00,416.00,416.60,440418
30-Sep-15,420.00,420.00,412.90,415.25,501678
29-Sep-15,422.60,423.50,415.60,416.85,388640
28-Sep-15,423.50,430.60,422.40,430.25,170472
25-Sep-15,433.00,433.00,423.40,430.00,294990
24-Sep-15,428.70,436.10,424.30,426.50,178969
23-Sep-15,428.00,435.00,428.00,429.70,156162
22-Sep-15,438.40,438.40,424.50,428.60,205957
21-Sep-15,448.30,448.30,430.80,436.90,148630
18-Sep-15,438.00,445.30,437.66,441.70,302357
17-Sep-15,443.10,444.90,437.21,440.50,174610
16-Sep-15,441.30,445.11,439.00,441.25,140017
15-Sep-15,459.50,459.50,440.50,440.80,125536
14-Sep-15,444.40,456.90,438.46,450.70,131594
11-Sep-15,455.40,456.60,453.20,453.20,72784
10-Sep-15,455.70,460.10,454.60,458.00,274558
9-Sep-15,464.70,464.70,458.30,458.60,139215
8-Sep-15,460.10,464.60,456.40,462.25,163232
7-Sep-15,460.40,464.80,456.00,459.80,98995
4-Sep-15,451.20,462.94,451.20,460.00,199153
3-Sep-15,464.10,467.22,451.30,460.00,247553
2-Sep-15,452.00,464.00,451.20,460.50,420747
1-Sep-15,464.20,466.10,438.70,454.60,445589
28-Aug-15,450.90,451.00,440.00,446.60,229894
27-Aug-15,454.90,459.91,449.48,451.80,151985
26-Aug-15,450.00,460.80,448.00,449.30,248584
25-Aug-15,437.00,455.00,435.00,453.20,453674
24-Aug-15,452.00,452.29,425.51,430.00,369360
21-Aug-15,467.90,474.00,457.30,457.80,222993
20-Aug-15,482.70,484.70,468.10,469.60,273441
19-Aug-15,490.40,491.76,481.60,485.90,191025
18-Aug-15,486.40,499.40,476.20,493.60,298640
17-Aug-15,489.80,491.34,484.30,488.80,124575
14-Aug-15,476.50,493.00,475.30,481.30,363459
13-Aug-15,469.70,478.20,468.58,471.20,354973
12-Aug-15,465.80,471.70,462.70,469.20,249621
11-Aug-15,470.80,473.90,469.05,469.30,140646
10-Aug-15,472.30,475.70,470.20,474.70,122517
7-Aug-15,474.70,478.20,472.40,477.00,251531
6-Aug-15,479.50,481.40,474.00,478.50,139153
5-Aug-15,471.20,482.70,471.20,482.70,155000
4-Aug-15,473.00,476.90,472.08,476.00,151321
3-Aug-15,474.90,481.00,474.90,475.40,165836
31-Jul-15,474.70,479.40,474.50,476.20,337117
30-Jul-15,479.40,480.00,471.40,476.00,209083
29-Jul-15,482.90,484.30,477.10,481.50,314960
28-Jul-15,475.50,480.40,473.90,480.40,214309
27-Jul-15,475.60,477.60,470.80,473.00,260575
24-Jul-15,472.30,479.92,471.50,478.90,418045
23-Jul-15,478.90,480.00,471.80,475.35,336774
22-Jul-15,471.70,478.90,471.20,478.00,268096
21-Jul-15,468.30,475.10,468.00,473.70,285278
20-Jul-15,467.80,471.10,464.70,469.00,643069
17-Jul-15,465.00,466.60,461.40,465.50,494430
16-Jul-15,465.00,465.00,461.50,462.50,405955
15-Jul-15,464.90,464.90,461.20,462.00,743828
14-Jul-15,455.00,464.00,449.45,455.90,1232574
13-Jul-15,455.00,455.50,454.40,454.60,1045165
10-Jul-15,455.00,455.82,453.70,455.00,672201
9-Jul-15,451.00,451.30,448.20,450.50,429934
8-Jul-15,456.00,456.00,443.90,455.00,370262
7-Jul-15,456.00,457.00,449.80,449.90,345731
6-Jul-15,453.70,457.40,452.71,455.40,468785
3-Jul-15,456.00,456.90,454.90,454.90,399480
2-Jul-15,453.60,456.87,453.60,455.00,484411
1-Jul-15,458.10,463.20,452.00,454.60,585490
30-Jun-15,453.00,466.17,453.00,454.00,672799
29-Jun-15,441.90,447.70,434.60,445.00,267893
26-Jun-15,447.60,452.66,440.58,451.15,234078
25-Jun-15,457.80,458.00,448.00,451.80,231943
24-Jun-15,457.40,457.40,452.60,455.20,203935
23-Jun-15,455.30,458.00,454.20,454.20,333100
22-Jun-15,462.10,462.10,448.30,456.30,135148
19-Jun-15,451.20,455.16,448.55,451.10,371967
18-Jun-15,437.60,449.10,437.60,448.20,177105
17-Jun-15,456.60,460.10,438.70,447.70,259366
16-Jun-15,455.30,466.60,451.50,458.10,249006
15-Jun-15,449.30,460.40,449.30,458.50,167001
12-Jun-15,457.00,462.30,456.70,458.20,240051
11-Jun-15,448.30,467.04,448.30,464.50,261318
10-Jun-15,436.00,452.20,436.00,452.00,178683
9-Jun-15,434.10,440.50,433.30,436.00,123194
8-Jun-15,441.30,441.30,434.50,435.80,132023
5-Jun-15,451.30,451.30,438.00,440.00,172453
4-Jun-15,454.40,454.70,445.00,450.70,152962
3-Jun-15,453.50,474.20,452.40,452.40,325668
2-Jun-15,453.00,471.30,453.00,453.00,208712
1-Jun-15,442.70,467.82,442.70,456.40,259353
29-May-15,445.80,449.32,443.10,443.60,160697
28-May-15,450.60,450.60,441.80,445.00,164768
27-May-15,451.30,451.30,447.20,447.40,178591
26-May-15,454.60,455.75,447.00,455.00,173507
22-May-15,460.90,460.90,451.90,451.90,100376
21-May-15,467.20,467.20,455.50,456.10,125049
20-May-15,464.40,470.20,463.90,466.00,131793
19-May-15,460.90,469.90,460.90,469.90,254701
18-May-15,455.00,460.70,452.10,454.40,327249
15-May-15,451.00,454.70,446.60,453.40,199790
14-May-15,438.40,447.60,435.40,445.76,134066
13-May-15,438.70,445.90,435.20,440.70,201314
12-May-15,428.30,437.50,426.10,435.50,334600
11-May-15,444.80,444.80,433.82,440.50,276372
8-May-15,432.60,443.00,432.00,440.70,403241
7-May-15,426.00,426.00,416.50,424.50,297900
6-May-15,428.70,429.50,424.90,425.70,237280
5-May-15,440.00,440.00,428.80,431.09,270560
1-May-15,444.40,444.40,430.00,433.50,96336
30-Apr-15,434.60,438.90,428.37,435.00,498516
29-Apr-15,432.90,436.10,430.10,432.00,275934
28-Apr-15,440.30,445.50,427.20,432.90,311096
27-Apr-15,446.80,447.00,442.40,444.50,185515
24-Apr-15,446.40,448.00,445.14,447.10,183940
23-Apr-15,450.00,452.20,440.00,443.00,358520
22-Apr-15,455.90,456.90,451.30,452.70,140108
21-Apr-15,455.30,458.75,453.90,455.00,199745
20-Apr-15,452.70,454.96,449.70,453.00,242333
17-Apr-15,452.10,452.90,448.00,448.60,370151
16-Apr-15,460.00,460.77,448.00,448.00,311767
15-Apr-15,462.70,466.97,457.24,458.90,187596
14-Apr-15,464.20,464.80,460.80,463.70,199766
13-Apr-15,469.00,473.21,461.30,461.30,265516
10-Apr-15,473.00,474.10,466.40,470.00,235596
9-Apr-15,470.00,471.00,468.20,470.00,740113
8-Apr-15,468.00,468.00,465.50,466.50,289647
7-Apr-15,462.00,469.50,456.40,467.20,203821
2-Apr-15,454.80,459.80,452.90,459.40,212163
1-Apr-15,442.60,454.80,442.60,443.50,224493
31-Mar-15,451.00,453.55,444.40,444.40,410538
30-Mar-15,459.90,464.90,450.34,451.10,457951
27-Mar-15,458.90,469.90,453.17,454.40,255773
26-Mar-15,461.40,462.70,453.32,459.50,476207
25-Mar-15,469.00,475.50,462.15,466.00,199667
24-Mar-15,460.50,466.10,456.10,464.50,158233
23-Mar-15,464.00,465.00,456.60,456.90,249661
20-Mar-15,464.50,466.30,457.80,462.00,825907
19-Mar-15,465.20,468.00,460.50,464.50,315746
18-Mar-15,458.20,461.90,457.54,460.00,324641
17-Mar-15,464.90,466.60,459.00,460.00,271573
16-Mar-15,469.40,476.08,464.70,466.21,297988
13-Mar-15,443.00,469.80,443.00,460.00,677244
12-Mar-15,445.20,446.90,440.00,442.00,257939
11-Mar-15,443.40,444.30,437.50,442.80,247039
10-Mar-15,444.10,450.90,439.30,439.30,153576
9-Mar-15,456.00,457.40,437.09,444.00,469802
6-Mar-15,475.90,475.90,459.11,469.50,145805
5-Mar-15,470.00,475.00,464.20,469.00,288252
4-Mar-15,477.70,477.70,468.40,470.90,150685
3-Mar-15,485.00,485.00,473.60,475.57,187469
2-Mar-15,486.20,489.00,481.90,481.90,236608
27-Feb-15,487.90,492.10,483.10,485.40,386549
26-Feb-15,481.80,492.00,479.60,490.00,218658
25-Feb-15,477.30,481.10,475.60,481.10,267754
24-Feb-15,475.00,477.00,470.60,471.90,120300
23-Feb-15,474.40,474.40,470.70,472.00,361639
20-Feb-15,469.90,470.00,466.20,470.00,189301
19-Feb-15,472.00,472.00,464.50,468.30,242195
18-Feb-15,472.70,476.94,469.90,473.10,157214
17-Feb-15,466.20,470.00,463.40,467.00,175826
16-Feb-15,474.60,474.60,463.80,463.90,176465
13-Feb-15,469.80,477.90,467.50,473.10,451802
12-Feb-15,462.70,470.00,457.20,458.60,415358
11-Feb-15,460.00,460.80,455.20,460.00,419493
10-Feb-15,440.50,459.70,440.50,459.70,255917
9-Feb-15,441.90,445.88,436.50,439.20,288821
6-Feb-15,437.80,446.70,436.83,446.10,185802
5-Feb-15,435.00,443.50,432.60,443.50,279729
4-Feb-15,440.00,440.00,430.60,440.00,168189
3-Feb-15,429.80,441.40,409.86,429.00,481691
2-Feb-15,420.70,425.83,419.50,420.20,432150
30-Jan-15,424.10,426.49,416.90,420.00,260371
29-Jan-15,422.20,422.72,417.20,420.00,201912
28-Jan-15,417.90,422.00,417.00,420.00,541297
27-Jan-15,429.80,429.80,417.14,419.50,160381
26-Jan-15,427.10,427.10,416.93,420.00,242609
23-Jan-15,409.00,428.33,409.00,427.80,357396
22-Jan-15,413.30,413.92,409.03,410.10,276562
21-Jan-15,415.60,415.60,409.50,410.00,329958
20-Jan-15,408.40,412.68,406.50,409.00,321621
19-Jan-15,407.30,409.57,406.50,408.00,122643
16-Jan-15,406.80,413.80,400.83,408.00,336815
15-Jan-15,412.00,412.00,398.59,408.00,223105
14-Jan-15,409.80,411.00,400.10,407.75,317837
13-Jan-15,415.60,415.60,407.90,409.50,265561
12-Jan-15,406.10,415.49,406.10,415.49,144833
9-Jan-15,409.90,413.48,402.50,411.16,247211
8-Jan-15,384.00,408.90,384.00,403.46,150034
7-Jan-15,391.80,401.70,388.74,400.43,137886
6-Jan-15,394.10,397.10,385.90,394.30,170063
5-Jan-15,390.00,393.90,386.96,392.50,96011
31-Dec-14,384.00,389.70,379.47,385.80,11912
30-Dec-14,390.00,392.52,381.27,388.50,42885
29-Dec-14,394.00,394.00,384.40,389.60,49218
24-Dec-14,387.90,392.07,387.60,390.00,11892
23-Dec-14,384.80,390.90,381.11,381.11,81858
22-Dec-14,381.70,382.00,377.72,382.00,148173
19-Dec-14,380.00,381.60,373.50,380.00,464821
18-Dec-14,375.00,380.80,372.50,377.50,130203
17-Dec-14,377.90,377.90,370.40,373.60,53411
16-Dec-14,370.30,376.10,370.00,375.10,116916
15-Dec-14,373.40,377.50,370.00,373.00,101649
12-Dec-14,372.40,375.60,363.17,370.00,249976
11-Dec-14,385.00,385.00,373.37,375.00,131173
10-Dec-14,385.70,388.40,380.42,381.00,95496
9-Dec-14,393.70,393.90,383.30,392.70,90093
8-Dec-14,394.00,394.00,391.10,393.00,56346
5-Dec-14,392.20,394.00,388.40,391.00,211064
4-Dec-14,386.70,394.00,386.70,393.25,137306
3-Dec-14,390.50,394.30,388.90,391.75,188452
2-Dec-14,392.00,402.40,389.90,393.70,319305
1-Dec-14,372.80,385.95,372.80,383.20,52265
28-Nov-14,383.40,384.70,374.22,383.00,56306
27-Nov-14,373.20,387.22,373.20,380.00,77018
26-Nov-14,378.90,380.60,369.70,375.90,117709
25-Nov-14,371.80,377.50,368.50,373.50,96172
24-Nov-14,380.00,380.00,367.10,370.00,117307
21-Nov-14,376.30,380.63,372.28,378.50,53119
20-Nov-14,381.50,381.50,378.00,380.50,38292
19-Nov-14,389.00,389.00,377.50,379.60,54733
18-Nov-14,387.10,388.00,379.98,386.00,199162
17-Nov-14,385.00,386.90,381.20,384.00,55481
14-Nov-14,375.10,388.31,375.10,384.50,164661
13-Nov-14,370.00,378.80,367.00,370.00,101033
12-Nov-14,367.50,367.60,360.90,364.80,56569
11-Nov-14,367.10,370.60,362.00,367.50,76424
10-Nov-14,360.10,364.41,356.62,361.60,72464
7-Nov-14,362.70,368.40,355.92,362.10,172285
6-Nov-14,356.40,360.30,356.26,359.00,107244
5-Nov-14,368.80,369.00,354.80,361.00,123604
4-Nov-14,358.90,369.50,358.90,360.10,84040
3-Nov-14,364.80,364.80,360.40,361.84,119946
31-Oct-14,362.20,363.90,355.50,361.25,244195
30-Oct-14,354.00,357.20,348.10,357.20,115040
29-Oct-14,362.60,362.60,352.30,358.00,114381
28-Oct-14,359.10,363.20,357.50,358.50,83632
27-Oct-14,361.60,365.50,357.00,359.50,44246
24-Oct-14,359.30,366.10,350.90,363.20,106953
23-Oct-14,356.90,366.44,352.40,362.00,142683
22-Oct-14,352.20,358.00,347.88,351.90,252203
21-Oct-14,351.50,354.00,346.20,350.80,137566
20-Oct-14,352.00,358.63,349.10,350.00,181152
17-Oct-14,340.60,354.68,340.10,354.00,127779
16-Oct-14,341.80,344.29,324.59,338.70,317461
15-Oct-14,352.50,356.40,341.71,347.00,88389
14-Oct-14,351.00,357.60,341.70,350.50,83091
13-Oct-14,355.00,357.00,345.52,350.00,164954
10-Oct-14,356.20,364.40,350.27,357.10,98286
9-Oct-14,372.50,372.50,358.00,366.00,104474
8-Oct-14,369.30,374.76,365.20,367.90,144012
7-Oct-14,372.10,372.50,360.55,368.50,192042
6-Oct-14,381.70,381.70,370.80,371.90,160185
3-Oct-14,380.20,380.20,372.30,378.00,97277
2-Oct-14,372.10,375.58,359.62,366.70,178940
1-Oct-14,377.30,383.83,367.00,370.50,139260
30-Sep-14,379.30,379.30,364.00,367.00,151474
29-Sep-14,369.90,374.73,364.24,369.80,81220
26-Sep-14,367.10,375.10,367.10,373.00,118898
25-Sep-14,369.80,373.00,365.00,371.50,151849
24-Sep-14,364.80,368.90,362.90,368.00,97154
23-Sep-14,371.80,371.80,360.50,362.30,98188
22-Sep-14,375.00,375.00,369.60,370.00,59683
19-Sep-14,373.50,379.40,370.73,374.30,356408
18-Sep-14,366.00,367.40,362.40,367.00,100288
17-Sep-14,374.00,374.90,358.20,361.00,147011
16-Sep-14,366.70,368.70,362.60,366.00,66987
15-Sep-14,368.00,372.20,362.24,369.00,29380
12-Sep-14,368.50,375.70,368.50,372.70,44524
11-Sep-14,374.20,380.60,369.00,372.00,104113
10-Sep-14,360.30,381.30,360.30,375.60,140324
9-Sep-14,365.00,376.90,357.00,371.30,94219
8-Sep-14,366.30,369.07,356.40,365.00,60995
5-Sep-14,372.90,377.10,359.55,367.55,75496
4-Sep-14,371.60,373.66,361.27,370.00,99360
3-Sep-14,375.70,375.70,360.60,370.00,96508
2-Sep-14,380.90,380.90,369.22,370.80,81114
1-Sep-14,370.30,374.50,368.97,371.70,26174
29-Aug-14,378.50,380.10,356.05,371.50,78311
28-Aug-14,384.80,386.10,372.10,374.70,52715
27-Aug-14,387.60,392.50,372.90,382.80,95769
26-Aug-14,383.20,394.00,379.30,384.00,112653
22-Aug-14,378.80,385.30,362.61,380.00,106398
21-Aug-14,384.50,385.70,375.00,376.30,60650
20-Aug-14,387.30,387.30,371.70,376.20,98656
19-Aug-14,389.00,390.90,381.42,384.30,61753
18-Aug-14,382.50,392.90,376.58,384.90,89895
15-Aug-14,376.00,381.00,373.60,377.40,94955
14-Aug-14,374.30,375.60,370.00,372.00,120663
13-Aug-14,380.40,380.40,370.50,373.10,68040
12-Aug-14,375.00,377.00,370.20,371.60,48336
11-Aug-14,368.90,375.26,368.90,372.60,70341
8-Aug-14,359.50,380.90,359.50,376.00,109332
7-Aug-14,361.00,371.89,361.00,364.50,82095
6-Aug-14,362.50,372.70,362.40,366.00,66821
5-Aug-14,365.10,367.80,364.00,365.00,115648
4-Aug-14,364.10,367.30,363.70,365.00,72322
1-Aug-14,361.40,376.40,361.02,365.20,84195
31-Jul-14,370.50,375.60,367.96,370.70,76648
30-Jul-14,370.10,375.08,365.30,372.80,124578
29-Jul-14,371.20,378.90,364.20,367.70,98380
28-Jul-14,374.90,374.90,368.80,373.30,39639
25-Jul-14,370.70,374.50,367.70,373.00,104042
24-Jul-14,377.00,377.00,372.30,374.80,42657
23-Jul-14,375.50,376.00,372.30,376.00,72707
22-Jul-14,370.50,376.50,366.20,374.10,180564
21-Jul-14,372.60,372.60,363.10,367.50,79964
18-Jul-14,376.00,376.00,368.10,371.20,66111
17-Jul-14,374.00,380.00,373.70,378.06,83605
16-Jul-14,372.00,378.80,371.15,373.50,121204
15-Jul-14,374.90,382.15,370.10,370.30,108167
14-Jul-14,382.80,382.80,376.90,378.00,109895
11-Jul-14,378.60,382.03,377.70,379.00,105074
10-Jul-14,377.80,387.60,376.90,376.90,339767
9-Jul-14,377.30,378.90,373.90,378.90,119625
8-Jul-14,381.90,382.30,372.90,377.80,130746
7-Jul-14,388.40,388.70,383.60,385.40,112060
4-Jul-14,381.30,388.50,380.32,387.10,164119
3-Jul-14,380.90,385.00,376.59,382.80,118746
2-Jul-14,374.90,380.00,371.30,375.60,105944
1-Jul-14,359.00,375.93,359.00,371.10,169847
30-Jun-14,360.00,363.90,358.60,358.60,176873
27-Jun-14,351.10,364.31,351.10,357.90,130292
26-Jun-14,338.00,354.00,338.00,353.50,206146
25-Jun-14,336.90,337.80,332.72,337.80,102945
24-Jun-14,338.90,343.90,333.50,334.00,204868
23-Jun-14,340.10,346.20,336.26,342.25,124422
20-Jun-14,340.00,342.00,336.60,339.80,635918
19-Jun-14,341.60,343.80,334.60,335.60,302779
18-Jun-14,343.70,344.88,335.22,337.00,178351
17-Jun-14,350.70,356.20,335.68,349.00,220247
16-Jun-14,369.70,369.70,347.70,353.70,227299
13-Jun-14,377.70,382.65,365.10,367.50,142447
12-Jun-14,383.10,385.30,378.74,382.40,80319
11-Jun-14,392.70,393.02,383.35,385.00,68514
10-Jun-14,394.70,394.70,385.97,390.10,88707
9-Jun-14,389.50,392.79,387.10,389.70,141145
6-Jun-14,382.50,393.15,379.07,392.60,113279
5-Jun-14,375.30,389.60,372.00,383.70,96327
4-Jun-14,376.10,382.63,369.88,377.60,93285
3-Jun-14,388.20,388.20,370.97,377.00,81404
2-Jun-14,372.00,382.80,372.00,378.10,137724
30-May-14,368.80,371.80,365.70,368.90,121357
29-May-14,374.30,374.30,367.10,369.00,64049
28-May-14,367.20,377.30,367.20,371.00,161418
27-May-14,367.90,371.20,364.20,365.50,150075
23-May-14,366.60,366.60,360.00,362.80,109013
22-May-14,354.30,362.20,354.30,361.70,65189
21-May-14,366.90,366.90,356.70,357.20,112930
20-May-14,360.30,364.20,359.10,359.50,79774
19-May-14,356.10,364.40,355.80,359.00,118634
16-May-14,366.00,375.60,356.53,363.00,138259
15-May-14,383.10,383.10,365.10,368.10,191426
14-May-14,371.70,382.00,371.70,374.00,144833
13-May-14,371.70,377.90,369.25,373.00,123745
12-May-14,377.60,377.60,366.00,372.80,148730
9-May-14,367.60,375.00,366.80,369.90,130217
8-May-14,367.30,373.50,365.80,369.10,58403
7-May-14,365.70,371.30,361.80,367.50,126246
6-May-14,356.50,367.20,356.50,367.20,193740
2-May-14,369.10,369.10,358.90,364.20,131860
1-May-14,374.90,374.90,360.40,365.00,73290
30-Apr-14,372.60,372.60,361.00,371.50,204765
29-Apr-14,378.90,378.90,366.90,373.50,89162
28-Apr-14,374.40,374.40,366.60,371.10,112992
25-Apr-14,379.40,379.40,370.50,371.00,70394
24-Apr-14,386.10,386.45,377.00,379.80,105900
23-Apr-14,390.00,391.60,382.20,383.80,58444
22-Apr-14,385.10,391.80,380.20,390.00,168053
17-Apr-14,369.00,383.20,369.00,382.60,134111
16-Apr-14,366.00,375.60,365.66,373.71,131867
15-Apr-14,364.70,368.10,362.60,362.60,285188
14-Apr-14,370.00,374.20,356.62,362.50,242083
11-Apr-14,377.90,380.15,361.80,371.00,374439
10-Apr-14,382.70,386.70,379.90,381.00,143675
9-Apr-14,387.60,387.60,375.50,382.50,50985
8-Apr-14,383.40,385.80,381.00,384.69,105179
7-Apr-14,384.10,388.10,381.90,385.70,135964
4-Apr-14,389.00,391.10,382.30,385.40,127314
3-Apr-14,387.00,393.00,380.00,387.00,485415
2-Apr-14,399.60,400.00,396.20,397.00,81376
1-Apr-14,395.50,400.00,393.30,397.50,230987
31-Mar-14,402.20,405.11,395.80,400.00,181198
28-Mar-14,398.20,403.00,392.60,399.30,121123
27-Mar-14,400.70,402.30,390.23,399.91,131766
26-Mar-14,401.30,404.37,393.90,396.40,86665
25-Mar-14,393.10,403.00,385.86,399.00,76935
24-Mar-14,398.50,402.80,392.50,395.60,110995
21-Mar-14,400.60,404.00,392.70,400.00,650739
20-Mar-14,400.00,400.00,393.50,396.80,108333
19-Mar-14,386.90,406.10,386.90,400.70,149503
18-Mar-14,393.50,393.50,389.10,391.00,69355
17-Mar-14,385.70,395.64,385.70,390.50,110395
14-Mar-14,381.70,388.40,381.60,386.60,54794
13-Mar-14,389.30,390.20,381.20,388.80,77470
12-Mar-14,400.00,400.00,386.70,386.70,138014
11-Mar-14,400.00,400.30,396.70,400.00,151548
10-Mar-14,390.40,402.50,390.40,398.70,122191
7-Mar-14,395.90,406.30,390.30,400.00,174814
6-Mar-14,393.40,400.80,392.60,399.40,146436
5-Mar-14,385.80,397.70,385.80,392.00,72837
4-Mar-14,390.50,403.20,387.30,395.10,134080
3-Mar-14,388.90,390.00,384.60,386.00,117505
28-Feb-14,393.80,396.90,392.50,394.50,144579
27-Feb-14,389.20,397.20,389.20,393.90,158522
26-Feb-14,400.30,408.40,370.00,395.80,475947
25-Feb-14,416.00,416.00,405.30,407.50,102939
24-Feb-14,418.80,418.80,402.20,416.25,87310
21-Feb-14,416.30,426.40,413.60,415.00,106366
20-Feb-14,412.80,424.00,410.60,418.00,129942
19-Feb-14,411.10,425.80,411.10,416.80,61532
18-Feb-14,405.00,415.00,395.50,415.00,130394
17-Feb-14,392.10,405.70,392.10,405.00,53839
14-Feb-14,402.60,402.60,388.30,393.50,95802
13-Feb-14,390.30,399.90,389.80,395.00,104886
12-Feb-14,404.10,404.10,390.00,400.00,78898
11-Feb-14,398.30,403.60,398.30,402.00,143688
10-Feb-14,389.50,408.40,389.50,403.00,173786
7-Feb-14,392.00,401.70,385.80,401.70,86850
6-Feb-14,392.00,398.90,387.70,392.00,171360
5-Feb-14,374.10,391.90,374.10,389.90,78374
4-Feb-14,375.50,389.30,375.50,383.60,149622
3-Feb-14,373.00,389.70,373.00,384.40,78612
31-Jan-14,389.10,397.60,380.30,384.10,147675
30-Jan-14,389.10,389.10,377.60,384.00,55191
29-Jan-14,394.10,394.10,378.80,379.00,51637
28-Jan-14,389.10,390.00,375.30,386.90,57146
27-Jan-14,382.50,390.00,371.40,384.00,112372
24-Jan-14,383.50,388.00,372.60,376.80,52761
23-Jan-14,382.90,392.80,382.90,388.90,40437
22-Jan-14,382.00,393.00,382.00,386.40,35967
21-Jan-14,400.10,404.30,387.20,390.40,50946
20-Jan-14,383.30,394.00,383.30,391.10,48104
17-Jan-14,391.00,394.00,388.50,393.00,71614
16-Jan-14,391.10,394.00,389.60,393.00,86082
15-Jan-14,395.00,395.00,391.60,393.00,53371
14-Jan-14,398.30,398.30,390.00,393.10,78844
13-Jan-14,393.30,400.00,390.90,399.20,75877
10-Jan-14,387.80,393.30,387.80,393.10,51340
9-Jan-14,390.50,390.80,387.90,388.50,36631
8-Jan-14,385.00,390.90,384.50,389.10,118428
7-Jan-14,382.80,385.00,378.00,384.00,66938
6-Jan-14,375.20,382.30,374.30,379.80,33718
3-Jan-14,372.50,374.70,368.40,367.00,83482
2-Jan-14,370.40,374.20,364.30,371.00,82581
31-Dec-13,368.00,368.00,362.10,367.30,26770
30-Dec-13,363.70,369.20,358.20,365.40,39734
27-Dec-13,369.80,369.80,360.00,361.30,71409
24-Dec-13,366.30,373.00,365.80,365.90,45046
23-Dec-13,354.10,362.70,350.20,362.70,40132
20-Dec-13,356.00,370.90,347.70,355.00,325668
19-Dec-13,366.90,370.00,363.30,367.00,50567
18-Dec-13,352.90,372.90,352.90,365.00,77484
17-Dec-13,360.10,370.00,359.20,361.00,64218
16-Dec-13,365.30,366.10,358.90,360.00,53122
13-Dec-13,359.10,369.50,353.90,359.50,76051
12-Dec-13,371.80,371.80,360.50,364.00,83946
11-Dec-13,361.80,373.40,361.80,370.70,67883
10-Dec-13,369.30,377.70,366.90,371.10,68354
9-Dec-13,359.00,374.60,359.00,372.00,40491
6-Dec-13,363.00,369.10,357.10,365.80,83414
5-Dec-13,361.40,365.80,360.00,363.00,80017
4-Dec-13,358.60,368.00,358.50,364.20,169835
3-Dec-13,352.10,355.40,348.50,352.10,52210
2-Dec-13,355.70,356.80,351.60,354.30,68937
29-Nov-13,369.10,369.10,355.10,357.60,68575
28-Nov-13,347.00,360.20,347.00,356.50,51994
27-Nov-13,349.70,359.60,349.70,359.60,38637
26-Nov-13,353.30,354.00,348.10,351.00,41738
25-Nov-13,355.30,355.30,349.60,353.30,25491
22-Nov-13,340.00,346.20,333.30,346.20,38222
21-Nov-13,328.10,337.00,328.10,334.50,73923
20-Nov-13,341.50,343.90,333.80,336.20,65598
19-Nov-13,337.90,341.10,333.40,340.00,50453
18-Nov-13,339.40,340.60,334.00,335.87,129095
15-Nov-13,344.40,344.40,339.70,341.00,66013
14-Nov-13,345.40,346.90,341.10,342.80,50583
13-Nov-13,347.00,348.50,342.00,346.10,55493
12-Nov-13,347.00,351.80,338.90,345.00,65258
11-Nov-13,339.80,349.90,339.80,347.80,62377
8-Nov-13,341.20,342.90,339.50,341.00,67894
7-Nov-13,347.10,347.10,342.40,345.00,32267
6-Nov-13,349.60,354.10,345.20,346.00,66456
5-Nov-13,348.80,349.60,347.00,348.20,29494
4-Nov-13,352.20,353.40,346.70,353.00,136899
1-Nov-13,353.10,353.90,347.20,351.80,102339
31-Oct-13,356.00,357.40,349.80,352.30,93210
30-Oct-13,359.80,360.00,351.60,358.00,67545
29-Oct-13,347.60,362.00,347.60,358.00,71424
28-Oct-13,361.90,363.40,353.90,359.50,42848
25-Oct-13,359.90,365.00,356.10,361.50,62846
24-Oct-13,358.50,362.20,357.10,359.20,97457
23-Oct-13,360.00,360.00,352.80,358.50,79132
22-Oct-13,358.00,359.00,352.50,355.81,176783
21-Oct-13,346.30,360.00,345.80,358.44,91807
18-Oct-13,344.50,348.20,342.80,347.60,58264
17-Oct-13,339.90,345.40,335.30,343.90,89618
16-Oct-13,340.00,343.20,331.00,342.00,50606
15-Oct-13,330.70,335.00,326.00,335.00,79948
14-Oct-13,331.20,334.00,328.70,330.60,41112
11-Oct-13,330.00,336.50,329.20,330.70,62895
10-Oct-13,327.60,339.00,327.60,333.00,108244
9-Oct-13,316.40,329.50,313.70,328.90,181000
8-Oct-13,310.00,316.80,309.50,313.70,146706
7-Oct-13,310.00,310.00,307.80,309.00,71167
4-Oct-13,305.40,310.00,305.40,308.50,120649
3-Oct-13,310.00,310.00,306.40,306.40,75123
2-Oct-13,310.00,310.00,305.70,307.40,93800
1-Oct-13,307.50,310.90,306.60,308.20,238040
30-Sep-13,301.70,304.00,297.50,304.00,68628
27-Sep-13,303.50,306.50,302.20,303.40,23467
26-Sep-13,300.40,304.70,298.80,304.10,80211
25-Sep-13,304.50,304.50,298.50,299.50,96498
24-Sep-13,300.90,307.90,298.60,303.00,90278
20-Sep-13,302.00,304.00,297.00,297.00,244048
19-Sep-13,303.30,304.00,299.20,301.00,125192
18-Sep-13,301.50,303.00,296.70,298.40,53354
17-Sep-13,308.30,309.30,295.50,302.00,78458
16-Sep-13,307.00,309.90,306.30,309.00,40195
13-Sep-13,301.30,306.00,300.70,302.21,23713
12-Sep-13,305.90,306.60,300.10,301.00,29165
11-Sep-13,308.80,309.40,303.20,307.10,98294
10-Sep-13,303.30,305.90,301.90,303.30,81973
9-Sep-13,299.00,303.00,298.00,301.30,59667
6-Sep-13,299.90,304.30,295.50,304.30,83869
5-Sep-13,304.00,304.00,301.00,302.10,50974
4-Sep-13,293.00,303.60,289.10,303.10,54027
3-Sep-13,306.70,306.70,284.30,287.90,226274
2-Sep-13,305.00,308.30,304.00,304.00,41402
30-Aug-13,305.60,305.60,295.00,300.40,95807
29-Aug-13,305.40,307.30,295.10,298.70,66397
28-Aug-13,305.30,306.30,295.10,303.00,98216
27-Aug-13,310.30,313.70,303.40,304.70,50735
23-Aug-13,312.20,314.10,308.00,311.50,57317
22-Aug-13,308.90,313.30,304.50,309.00,57677
21-Aug-13,317.00,317.00,303.60,305.70,45454
20-Aug-13,311.20,314.60,306.10,312.20,21036
19-Aug-13,311.60,316.20,308.90,312.00,89323
16-Aug-13,308.00,313.40,305.10,311.00,94899
15-Aug-13,320.00,325.10,304.90,305.80,132663
14-Aug-13,319.40,322.20,317.80,321.50,53131
13-Aug-13,320.10,323.40,320.00,320.00,96347
12-Aug-13,316.80,324.20,316.80,320.50,43266
9-Aug-13,324.80,325.60,316.80,324.90,61179
8-Aug-13,322.60,322.90,315.90,318.80,41798
7-Aug-13,324.20,324.20,315.00,316.00,41047
6-Aug-13,319.50,329.90,319.50,320.40,113112
5-Aug-13,324.70,326.40,316.50,320.00,177752
2-Aug-13,323.50,324.00,318.10,323.20,73672
1-Aug-13,315.70,333.00,315.70,333.00,188119
31-Jul-13,319.00,319.00,315.40,316.10,52601
30-Jul-13,314.00,320.00,314.00,316.00,94602
29-Jul-13,313.00,319.90,313.00,314.30,85924
26-Jul-13,311.90,317.00,310.80,313.50,148320
25-Jul-13,305.00,315.10,305.00,311.70,45591
24-Jul-13,303.80,314.80,303.50,310.00,93126
23-Jul-13,301.50,305.00,301.00,302.20,44457
22-Jul-13,303.80,305.00,299.00,299.50,52229
19-Jul-13,301.50,302.70,299.00,300.00,129737
18-Jul-13,301.90,305.51,296.00,298.00,41001
17-Jul-13,308.50,308.50,302.90,305.40,58733
16-Jul-13,304.70,311.90,304.70,308.70,36551
15-Jul-13,310.00,314.90,309.60,312.70,36125
12-Jul-13,302.60,310.00,300.28,310.00,38783
11-Jul-13,301.20,306.20,297.61,301.10,99483
10-Jul-13,296.70,296.97,291.30,296.00,81240
9-Jul-13,299.32,299.32,294.40,298.00,131064
8-Jul-13,295.00,299.34,293.70,295.90,95871
5-Jul-13,296.90,298.20,292.10,295.00,124219
4-Jul-13,286.80,297.10,286.30,296.90,145740
3-Jul-13,287.10,287.10,277.90,286.60,152582
2-Jul-13,272.00,299.10,272.00,286.00,357447
1-Jul-13,274.40,281.90,265.77,275.00,208086
28-Jun-13,272.70,272.90,264.80,270.10,137735
27-Jun-13,264.60,273.40,263.50,272.80,42785
26-Jun-13,265.90,272.10,261.87,268.00,260005
25-Jun-13,265.20,271.90,261.40,270.40,80755
24-Jun-13,268.00,271.40,263.91,264.00,82189
21-Jun-13,272.30,277.50,268.30,272.20,357730
20-Jun-13,277.30,279.00,270.10,271.70,38862
19-Jun-13,277.70,280.00,275.60,278.10,90619
18-Jun-13,282.60,282.60,275.00,279.10,57166
17-Jun-13,278.00,282.90,277.00,280.00,46995
14-Jun-13,274.90,287.90,272.58,279.00,146489
13-Jun-13,270.10,274.90,266.00,273.50,91141
12-Jun-13,274.90,280.80,273.70,278.60,133328
11-Jun-13,281.20,282.38,275.59,277.10,172315
10-Jun-13,291.90,291.90,278.68,284.00,49913
7-Jun-13,285.90,287.60,283.00,285.10,95350
6-Jun-13,281.90,286.50,281.90,281.90,81157
5-Jun-13,284.60,288.00,279.01,283.50,83089
4-Jun-13,284.00,290.50,281.60,288.80,59862
3-Jun-13,280.00,289.90,280.00,285.10,83466
31-May-13,287.00,290.00,283.62,288.00,198445
30-May-13,289.90,289.90,285.10,288.90,97648
29-May-13,294.80,298.90,286.70,287.00,190055
28-May-13,294.80,300.50,293.67,296.50,115581
24-May-13,297.30,302.10,293.90,294.00,133259
23-May-13,299.90,302.60,294.24,299.10,165395
22-May-13,315.70,316.41,294.94,303.80,324889
21-May-13,322.20,329.80,313.97,315.00,107926
20-May-13,325.00,326.30,319.42,321.00,69170
17-May-13,324.90,329.50,323.50,323.50,130074
16-May-13,327.90,335.00,322.00,322.20,129131
15-May-13,308.30,329.10,305.43,329.10,182059
14-May-13,309.00,309.20,306.10,307.30,127754
13-May-13,301.00,309.00,297.67,307.90,121628
10-May-13,286.00,296.90,284.70,286.00,90265
9-May-13,278.90,285.90,273.35,285.90,91913
8-May-13,274.20,278.00,272.10,277.70,250196
7-May-13,271.70,277.10,270.00,272.70,82521
3-May-13,274.90,274.90,267.90,270.00,90308
2-May-13,268.00,271.90,268.00,269.00,84267
1-May-13,268.50,273.40,267.80,270.00,60732
30-Apr-13,274.00,274.00,264.40,269.50,238718
29-Apr-13,270.20,271.90,268.00,270.50,121014
26-Apr-13,270.00,272.50,265.80,269.10,80714
25-Apr-13,265.00,271.70,263.30,269.90,90186
24-Apr-13,266.50,266.50,263.60,265.50,123728
23-Apr-13,269.50,269.50,264.50,266.00,70956
22-Apr-13,268.40,268.40,263.60,263.60,67110
19-Apr-13,270.60,270.60,264.30,264.40,105634
18-Apr-13,269.00,271.70,261.20,263.40,64195
17-Apr-13,269.70,269.70,261.00,261.00,243470
16-Apr-13,265.40,269.20,263.60,265.10,200915
15-Apr-13,267.00,268.00,263.30,265.80,53829
12-Apr-13,270.00,273.00,261.93,268.00,188835
11-Apr-13,270.00,272.00,264.80,268.50,129517
10-Apr-13,262.00,269.90,261.00,264.40,109315
9-Apr-13,257.80,263.90,254.90,262.70,104462
8-Apr-13,259.00,259.00,247.30,256.70,126856
5-Apr-13,259.90,259.90,247.00,249.30,116325
4-Apr-13,256.80,257.90,248.10,252.00,91281
3-Apr-13,262.60,263.00,255.00,257.50,111914
2-Apr-13,250.00,261.45,250.00,260.30,158340
28-Mar-13,259.60,259.60,250.00,257.50,191496
27-Mar-13,254.50,261.90,249.00,260.80,123180
26-Mar-13,260.00,260.00,249.50,252.00,125386
25-Mar-13,259.80,261.80,254.10,259.80,78699
22-Mar-13,255.30,257.40,250.14,256.50,83982
21-Mar-13,250.00,258.20,250.00,255.50,127143
20-Mar-13,247.00,253.30,245.00,251.00,152851
19-Mar-13,253.40,254.00,245.00,249.60,52125
18-Mar-13,266.80,269.20,250.00,252.30,171621
15-Mar-13,265.10,269.20,250.37,265.00,881933
14-Mar-13,250.50,269.00,250.40,266.00,268465
13-Mar-13,249.10,253.90,247.02,251.30,112152
12-Mar-13,254.10,258.60,249.30,250.90,168548
11-Mar-13,255.10,260.00,252.10,254.20,77508
8-Mar-13,249.90,257.50,247.30,257.00,85447
7-Mar-13,251.00,252.20,247.30,249.75,44071
6-Mar-13,249.80,250.00,244.04,249.10,100935
5-Mar-13,250.80,250.90,245.00,247.00,69896
4-Mar-13,246.80,250.00,245.30,247.80,48698
1-Mar-13,254.00,256.00,246.50,246.80,109534
28-Feb-13,253.00,256.60,248.20,251.80,103030
27-Feb-13,253.72,253.72,246.27,250.00,128231
26-Feb-13,262.00,264.71,240.00,248.60,602957
25-Feb-13,276.00,279.90,271.34,277.80,29078
22-Feb-13,277.00,279.90,273.64,277.50,33587
21-Feb-13,277.70,279.06,270.50,274.00,80676
20-Feb-13,273.00,283.90,272.73,280.20,66809
19-Feb-13,265.50,275.65,264.20,272.70,90845
18-Feb-13,256.00,265.50,256.00,265.50,35794
15-Feb-13,258.60,261.96,255.40,261.30,76805
14-Feb-13,259.00,259.00,252.20,257.60,53309
13-Feb-13,255.00,260.50,251.80,257.00,67965
12-Feb-13,248.70,260.00,248.00,260.00,108174
11-Feb-13,253.70,257.90,248.10,249.00,36640
8-Feb-13,255.00,255.00,249.50,254.40,51477
7-Feb-13,250.70,255.40,248.00,250.40,79181
6-Feb-13,246.30,257.10,245.20,255.30,70380
5-Feb-13,243.00,252.45,243.00,248.50,62549
4-Feb-13,243.20,249.72,243.20,248.50,93255
1-Feb-13,237.00,250.00,233.40,250.00,74977
31-Jan-13,233.50,237.00,230.70,237.00,54078
30-Jan-13,235.00,237.74,230.40,236.50,35524
29-Jan-13,230.00,234.20,226.54,231.90,25554
28-Jan-13,235.00,236.90,229.10,234.00,48131
25-Jan-13,227.90,234.80,226.50,234.80,50065
24-Jan-13,225.70,231.50,225.50,226.30,29727
23-Jan-13,235.40,238.00,225.10,225.10,69809
22-Jan-13,237.90,241.90,234.10,234.10,42600
21-Jan-13,236.10,238.00,230.20,237.20,42462
18-Jan-13,234.90,235.00,232.52,235.00,36351
17-Jan-13,235.70,236.00,229.85,235.00,33009
16-Jan-13,228.00,236.00,228.00,235.60,80315
15-Jan-13,230.20,230.20,225.60,229.30,71044
14-Jan-13,235.00,235.00,228.00,228.10,35225
11-Jan-13,233.50,239.00,231.20,232.00,87236
10-Jan-13,237.70,241.80,232.30,232.30,30927
9-Jan-13,241.60,241.60,236.35,237.20,96906
8-Jan-13,232.10,241.84,232.10,241.10,41293
7-Jan-13,240.60,241.06,231.99,237.30,59819
4-Jan-13,236.00,240.60,233.10,240.60,42311
3-Jan-13,238.90,239.68,232.70,236.00,31987
2-Jan-13,230.30,242.00,223.60,235.60,71575
