31-Dec-15,2196.00,2215.00,2162.00,2177.00,312771
30-Dec-15,2195.00,2219.00,2188.80,2203.00,255267
29-Dec-15,2181.00,2211.00,2162.00,2205.00,425536
24-Dec-15,2170.00,2175.00,2161.00,2175.00,124180
23-Dec-15,2137.00,2172.00,2137.00,2169.00,356912
22-Dec-15,2154.00,2154.00,2116.00,2127.92,243854
21-Dec-15,2125.00,2152.00,2115.00,2136.00,486636
18-Dec-15,2159.00,2160.00,2126.00,2131.00,852078
16-Dec-15,2142.00,2145.00,2134.00,2140.00,495186
15-Dec-15,2130.00,2146.00,2123.00,2143.00,482505
14-Dec-15,2125.00,2145.00,2107.00,2109.00,528462
11-Dec-15,2128.00,2132.00,2108.00,2108.00,534727
10-Dec-15,2144.00,2152.00,2128.00,2128.00,431795
9-Dec-15,2164.00,2176.41,2153.00,2154.00,388826
8-Dec-15,2184.00,2184.00,2154.00,2163.00,488786
7-Dec-15,2200.00,2201.00,2176.00,2185.00,491427
4-Dec-15,2181.00,2200.00,2172.00,2190.00,473462
3-Dec-15,2248.00,2256.00,2187.00,2197.00,723892
2-Dec-15,2294.00,2295.00,2271.58,2280.00,343751
1-Dec-15,2261.00,2292.00,2245.00,2277.00,592315
30-Nov-15,2249.00,2263.00,2225.00,2252.00,750659
27-Nov-15,2209.00,2249.00,2187.00,2248.00,444593
26-Nov-15,2201.00,2232.00,2176.00,2202.00,359893
25-Nov-15,2179.00,2187.00,2167.25,2181.00,441398
24-Nov-15,2196.00,2196.00,2155.00,2165.00,365353
23-Nov-15,2216.00,2218.76,2204.00,2206.00,221355
20-Nov-15,2217.00,2235.00,2215.00,2228.00,354411
19-Nov-15,2212.00,2214.00,2184.00,2214.00,489585
18-Nov-15,2199.00,2201.00,2172.00,2198.00,259895
17-Nov-15,2162.00,2198.00,2157.96,2178.01,420552
16-Nov-15,2127.00,2148.00,2116.00,2148.00,281595
13-Nov-15,2139.00,2139.00,2116.00,2134.00,325648
12-Nov-15,2141.00,2171.88,2136.25,2140.00,389829
11-Nov-15,2134.00,2169.00,2134.00,2146.00,492121
10-Nov-15,2137.00,2142.94,2115.00,2134.00,672477
9-Nov-15,2156.00,2169.00,2118.00,2128.00,700076
6-Nov-15,2219.00,2227.00,2177.00,2185.00,474324
5-Nov-15,2242.00,2253.00,2217.00,2219.00,535577
4-Nov-15,2219.00,2243.00,2213.00,2236.00,293974
3-Nov-15,2239.00,2239.00,2213.00,2219.00,285389
2-Nov-15,2238.00,2259.00,2231.00,2239.00,356797
30-Oct-15,2251.00,2256.00,2228.00,2243.00,503363
29-Oct-15,2250.00,2253.00,2233.00,2248.00,497566
28-Oct-15,2247.00,2270.00,2244.00,2253.00,334079
27-Oct-15,2268.00,2275.00,2244.25,2249.00,297335
26-Oct-15,2256.00,2272.00,2240.00,2268.00,266044
23-Oct-15,2261.00,2274.75,2253.00,2270.00,365319
22-Oct-15,2255.00,2262.00,2239.00,2254.00,483730
21-Oct-15,2262.00,2274.00,2250.00,2259.00,316208
20-Oct-15,2252.00,2267.00,2248.24,2258.00,301529
19-Oct-15,2239.00,2260.00,2235.00,2247.00,218528
16-Oct-15,2234.00,2256.00,2234.00,2247.00,382199
15-Oct-15,2217.00,2236.00,2205.00,2231.00,358575
14-Oct-15,2205.00,2226.00,2199.00,2202.00,362003
13-Oct-15,2222.00,2223.00,2197.00,2217.00,316400
12-Oct-15,2226.00,2233.00,2208.00,2221.00,361232
9-Oct-15,2258.00,2261.00,2225.00,2228.00,612918
8-Oct-15,2237.00,2250.00,2216.00,2248.00,593550
7-Oct-15,2226.00,2261.00,2226.00,2232.00,852318
6-Oct-15,2265.00,2268.00,2220.84,2221.00,786849
5-Oct-15,2245.00,2254.00,2232.00,2254.00,608557
2-Oct-15,2216.00,2230.00,2199.00,2215.00,569351
1-Oct-15,2199.00,2224.00,2196.00,2200.00,493011
30-Sep-15,2177.00,2189.36,2168.00,2184.00,812891
29-Sep-15,2132.00,2153.00,2131.00,2136.00,503814
28-Sep-15,2156.00,2166.00,2147.00,2147.00,389029
25-Sep-15,2120.00,2171.00,2113.00,2159.00,622612
24-Sep-15,2091.00,2113.00,2086.00,2089.00,641126
23-Sep-15,2080.00,2106.00,2076.00,2091.00,517087
22-Sep-15,2100.00,2108.00,2074.00,2078.00,543239
21-Sep-15,2095.00,2131.00,2095.00,2106.00,433760
18-Sep-15,2102.00,2116.00,2083.00,2098.00,985511
17-Sep-15,2114.00,2125.00,2099.00,2103.00,680423
16-Sep-15,2100.00,2122.00,2090.00,2112.00,639150
15-Sep-15,2068.00,2099.00,2064.00,2088.00,708443
14-Sep-15,2085.00,2108.00,2058.00,2068.00,538312
11-Sep-15,2089.00,2093.00,2069.00,2082.00,410555
10-Sep-15,2094.00,2121.00,2086.00,2091.00,470171
9-Sep-15,2110.00,2127.00,2099.00,2103.00,601491
8-Sep-15,2073.00,2114.65,2073.00,2086.00,462580
7-Sep-15,2063.00,2090.00,2058.00,2064.00,373221
4-Sep-15,2061.00,2066.00,2046.00,2052.00,607515
3-Sep-15,2082.00,2089.00,2064.00,2073.00,460479
2-Sep-15,2044.00,2091.00,2041.00,2060.00,883473
1-Sep-15,2048.00,2065.00,2035.00,2041.00,1090153
28-Aug-15,2072.00,2078.00,2056.00,2077.00,858936
27-Aug-15,2077.00,2081.00,2066.00,2073.00,812741
26-Aug-15,2059.00,2081.75,2042.00,2045.00,956089
25-Aug-15,2050.00,2092.00,2050.00,2082.00,863473
24-Aug-15,2096.00,2102.00,2008.38,2039.00,1501862
21-Aug-15,2162.00,2178.00,2127.00,2127.00,759615
20-Aug-15,2176.00,2192.00,2163.00,2182.00,385032
19-Aug-15,2190.00,2212.00,2180.00,2189.00,524638
18-Aug-15,2186.00,2213.00,2170.00,2193.00,631177
17-Aug-15,2183.00,2188.00,2165.00,2184.00,257964
14-Aug-15,2162.00,2167.00,2153.00,2167.00,315325
13-Aug-15,2181.00,2193.00,2157.00,2161.00,485076
12-Aug-15,2176.00,2186.11,2157.00,2165.00,462172
11-Aug-15,2195.00,2195.00,2176.00,2185.00,364058
10-Aug-15,2201.00,2201.00,2173.00,2195.00,446830
7-Aug-15,2210.00,2212.84,2182.00,2190.00,421688
6-Aug-15,2210.00,2219.00,2204.12,2213.00,303253
5-Aug-15,2193.00,2219.00,2186.25,2219.00,449737
4-Aug-15,2196.00,2209.00,2182.00,2200.00,412314
3-Aug-15,2192.00,2213.00,2191.00,2203.00,401057
31-Jul-15,2197.00,2204.00,2182.00,2204.00,810982
30-Jul-15,2204.00,2210.00,2187.00,2196.00,719008
29-Jul-15,2190.00,2208.00,2187.96,2198.00,671815
28-Jul-15,2167.00,2183.18,2160.00,2183.00,693429
27-Jul-15,2157.00,2175.52,2153.00,2157.00,480334
24-Jul-15,2160.00,2200.00,2160.00,2187.12,723808
23-Jul-15,2147.00,2170.00,2137.00,2158.00,638614
22-Jul-15,2120.00,2133.00,2115.00,2128.00,534515
21-Jul-15,2153.00,2160.00,2126.00,2132.00,560822
20-Jul-15,2139.00,2155.00,2139.00,2149.00,293515
17-Jul-15,2165.00,2173.00,2142.00,2142.00,546412
16-Jul-15,2179.00,2183.00,2159.00,2165.00,338406
15-Jul-15,2150.00,2183.00,2140.00,2167.00,383038
14-Jul-15,2150.00,2152.00,2126.00,2149.00,462169
13-Jul-15,2154.00,2158.00,2141.00,2148.00,449218
10-Jul-15,2140.00,2160.36,2127.00,2150.00,608622
9-Jul-15,2089.00,2142.00,2087.00,2119.00,681732
8-Jul-15,2070.00,2099.00,2070.00,2089.00,538035
7-Jul-15,2079.00,2094.00,2074.00,2076.00,590013
6-Jul-15,2078.00,2113.00,2078.00,2080.00,538298
3-Jul-15,2106.00,2107.00,2073.00,2092.00,535125
2-Jul-15,2085.00,2116.00,2085.00,2100.00,472434
1-Jul-15,2089.00,2101.00,2070.00,2094.00,894943
30-Jun-15,2108.00,2123.65,2080.82,2081.00,1136399
29-Jun-15,2082.00,2140.00,2082.00,2122.00,738600
26-Jun-15,2155.00,2155.00,2136.95,2147.00,876532
25-Jun-15,2190.00,2191.00,2158.00,2163.00,677852
24-Jun-15,2160.00,2196.00,2158.00,2193.00,892239
23-Jun-15,2176.00,2182.00,2148.00,2163.00,1073709
22-Jun-15,2115.00,2178.00,2090.00,2176.00,2681126
19-Jun-15,2055.00,2099.94,2048.00,2055.00,1204722
18-Jun-15,2044.00,2092.94,2031.00,2058.00,1103512
17-Jun-15,2131.00,2138.00,2104.00,2119.00,879289
16-Jun-15,2116.00,2129.00,2094.12,2123.00,703883
15-Jun-15,2121.00,2133.82,2111.00,2116.00,820167
12-Jun-15,2120.00,2142.65,2116.00,2136.00,734626
11-Jun-15,2144.00,2153.00,2135.00,2148.00,881310
10-Jun-15,2133.00,2155.00,2124.00,2153.00,905331
9-Jun-15,2157.00,2157.00,2133.00,2140.00,714068
8-Jun-15,2123.00,2160.00,2117.00,2154.00,913621
5-Jun-15,2150.00,2153.00,2120.00,2130.00,873176
4-Jun-15,2172.00,2180.00,2149.00,2153.00,766140
3-Jun-15,2173.00,2189.00,2155.00,2174.00,808159
2-Jun-15,2215.00,2215.00,2168.00,2170.00,1014237
1-Jun-15,2202.00,2221.00,2197.00,2213.15,810972
29-May-15,2222.00,2227.00,2190.00,2197.00,774532
28-May-15,2193.00,2216.00,2183.00,2215.00,716555
27-May-15,2141.00,2194.00,2139.00,2190.00,856412
26-May-15,2185.00,2185.00,2132.64,2141.00,749930
22-May-15,2169.00,2188.00,2137.00,2174.00,808197
21-May-15,2178.00,2192.00,2161.00,2182.00,516620
20-May-15,2182.00,2185.95,2159.00,2179.00,532615
19-May-15,2173.00,2198.00,2172.00,2185.00,463679
18-May-15,2172.00,2189.00,2152.00,2174.00,474578
15-May-15,2144.00,2184.00,2144.00,2166.00,685657
14-May-15,2151.00,2168.96,2139.00,2149.00,389751
13-May-15,2126.00,2164.00,2122.00,2158.00,788286
12-May-15,2126.00,2135.36,2087.00,2126.00,716496
11-May-15,2153.00,2160.00,2131.00,2135.00,597216
8-May-15,2107.00,2151.00,2102.00,2151.00,1182557
7-May-15,2069.00,2075.00,2038.00,2066.00,714920
6-May-15,2081.00,2083.00,2047.00,2072.00,768292
5-May-15,2100.00,2116.00,2083.53,2085.00,1177631
1-May-15,2119.00,2119.00,2070.00,2084.00,817363
30-Apr-15,2119.00,2152.00,2108.00,2125.00,927364
29-Apr-15,2162.00,2187.00,2119.00,2119.00,656007
28-Apr-15,2168.00,2174.00,2143.00,2159.00,529306
27-Apr-15,2187.00,2196.00,2157.25,2170.00,549000
24-Apr-15,2164.00,2201.00,2164.00,2198.00,652051
23-Apr-15,2147.00,2189.00,2147.00,2167.00,522368
22-Apr-15,2164.00,2173.00,2131.00,2151.00,560599
21-Apr-15,2149.00,2173.00,2144.00,2163.00,531331
20-Apr-15,2141.00,2155.00,2129.00,2144.00,670386
17-Apr-15,2153.00,2170.00,2124.00,2134.00,1090147
16-Apr-15,2150.00,2150.00,2116.00,2121.00,1105747
15-Apr-15,2154.00,2161.00,2135.25,2142.00,902202
14-Apr-15,2160.00,2181.00,2158.00,2172.00,677302
13-Apr-15,2177.00,2180.00,2160.30,2167.00,565276
10-Apr-15,2177.00,2183.00,2165.27,2174.00,817420
9-Apr-15,2147.00,2166.00,2142.00,2166.00,730339
8-Apr-15,2131.00,2155.00,2124.00,2136.00,561622
7-Apr-15,2119.00,2141.00,2109.12,2137.00,730514
2-Apr-15,2084.00,2105.12,2076.54,2097.00,532516
1-Apr-15,2071.00,2095.00,2069.00,2084.00,780319
31-Mar-15,2086.00,2116.51,2059.00,2059.00,1096582
30-Mar-15,2107.00,2107.00,2073.00,2085.00,731090
27-Mar-15,2091.00,2098.00,2077.00,2088.00,654880
26-Mar-15,2091.00,2110.00,2079.00,2090.00,831695
25-Mar-15,2092.00,2106.00,2077.00,2090.00,651819
24-Mar-15,2073.00,2112.00,2073.00,2097.00,789869
23-Mar-15,2065.00,2082.45,2058.00,2082.00,560032
20-Mar-15,2064.00,2087.10,2053.00,2068.00,1206276
19-Mar-15,2075.00,2077.00,2044.00,2057.00,1170494
18-Mar-15,2003.00,2044.00,1999.00,2034.00,1007019
17-Mar-15,1956.00,2005.00,1946.00,2000.00,855355
16-Mar-15,1940.00,1967.71,1940.00,1962.00,465740
13-Mar-15,1966.00,1975.20,1932.00,1947.00,569148
12-Mar-15,1963.00,1979.00,1956.56,1967.00,547783
11-Mar-15,1963.00,1981.00,1950.65,1961.00,652156
10-Mar-15,2015.00,2031.00,1957.00,1960.00,821459
9-Mar-15,2021.00,2027.00,1993.00,2024.00,558594
6-Mar-15,2041.00,2052.00,2027.00,2031.00,690970
5-Mar-15,2008.00,2050.00,2003.60,2047.00,742486
4-Mar-15,2013.00,2016.00,1982.64,2007.00,506433
3-Mar-15,2029.00,2035.00,1999.00,2011.00,677434
2-Mar-15,2035.00,2045.00,2022.00,2026.00,557075
27-Feb-15,2031.00,2039.00,2024.25,2031.00,516922
26-Feb-15,2060.00,2072.00,2020.64,2027.00,709064
25-Feb-15,2079.00,2088.00,2054.00,2065.00,591217
24-Feb-15,2060.00,2083.67,2055.00,2078.00,609751
23-Feb-15,2058.00,2063.00,2043.00,2057.00,569183
20-Feb-15,2035.00,2050.00,2025.00,2049.00,692064
19-Feb-15,2007.00,2037.00,2004.00,2033.00,665709
18-Feb-15,2036.00,2039.00,1983.00,2007.00,641239
17-Feb-15,2011.00,2028.00,1998.40,2028.00,409761
16-Feb-15,2022.00,2026.00,1992.00,2022.00,535059
13-Feb-15,2060.00,2068.00,2012.00,2019.00,650759
12-Feb-15,2070.00,2072.00,2042.00,2057.00,476301
11-Feb-15,2050.00,2085.00,2044.00,2068.00,451925
10-Feb-15,2049.00,2064.00,2031.00,2059.00,639743
9-Feb-15,2079.00,2082.00,2033.42,2050.00,712470
6-Feb-15,2117.00,2119.48,2094.00,2096.00,484889
5-Feb-15,2106.00,2145.00,2103.00,2120.00,619008
4-Feb-15,2117.00,2118.00,2073.00,2115.00,658033
3-Feb-15,2100.00,2132.21,2099.00,2113.00,731118
2-Feb-15,2158.00,2161.01,2092.00,2106.00,737397
30-Jan-15,2200.00,2203.00,2140.00,2152.00,913884
29-Jan-15,2120.00,2205.00,2108.00,2199.00,1289762
28-Jan-15,2170.00,2196.00,2156.00,2170.00,1142242
27-Jan-15,2144.00,2158.00,2135.00,2151.00,589843
26-Jan-15,2139.00,2154.00,2136.00,2139.00,523500
23-Jan-15,2150.00,2161.00,2137.00,2147.00,433950
22-Jan-15,2137.00,2152.00,2115.00,2145.00,749825
21-Jan-15,2138.00,2143.15,2123.00,2135.00,558625
20-Jan-15,2129.00,2145.00,2127.00,2138.00,409106
19-Jan-15,2121.00,2143.00,2114.00,2127.00,315048
16-Jan-15,2094.00,2129.00,2085.70,2127.00,640110
15-Jan-15,2082.00,2106.00,2055.00,2104.00,610268
14-Jan-15,2100.00,2108.00,2054.00,2071.00,658165
13-Jan-15,2065.00,2128.00,2063.00,2095.00,693842
12-Jan-15,2062.00,2077.00,2052.00,2071.00,579755
9-Jan-15,2054.00,2084.00,2045.00,2053.00,693401
8-Jan-15,2041.00,2063.00,2031.00,2058.00,1117835
7-Jan-15,1991.00,2025.00,1977.00,2021.00,795435
6-Jan-15,1998.00,2009.00,1956.00,1976.00,569423
5-Jan-15,1995.00,2028.00,1983.00,1988.00,601294
31-Dec-14,1991.00,2019.00,1988.00,2006.00,144649
30-Dec-14,2033.00,2040.00,1987.00,1991.00,330189
29-Dec-14,2032.00,2046.00,2023.00,2041.00,267502
24-Dec-14,2016.00,2042.00,1961.63,2038.00,47942
23-Dec-14,2048.00,2049.00,2025.00,2040.00,266874
22-Dec-14,2036.00,2047.00,2027.00,2038.00,428537
19-Dec-14,2022.00,2035.00,1994.76,2016.00,958939
18-Dec-14,1992.00,2015.00,1969.00,2015.00,604877
17-Dec-14,1956.00,1989.00,1935.00,1969.00,854872
16-Dec-14,1919.00,1968.00,1913.60,1968.00,838832
15-Dec-14,1932.00,1944.55,1907.00,1913.00,1072936
12-Dec-14,1973.00,1998.00,1926.00,1937.00,1291110
11-Dec-14,1945.00,1952.00,1908.00,1915.00,679921
10-Dec-14,1940.00,1962.00,1940.00,1948.00,505167
9-Dec-14,1978.00,1978.00,1937.00,1940.00,632651
8-Dec-14,1978.00,2008.00,1977.00,1986.00,446318
5-Dec-14,1975.00,2007.00,1962.00,1991.00,1064301
4-Dec-14,1999.00,2022.96,1950.00,1962.00,858295
3-Dec-14,2042.00,2050.00,2020.00,2026.00,441374
2-Dec-14,2044.00,2052.00,2037.00,2043.00,429352
1-Dec-14,2044.00,2053.00,2020.00,2041.00,573558
28-Nov-14,2036.00,2050.00,2024.00,2043.00,601447
27-Nov-14,2050.00,2050.00,2026.00,2034.00,487093
26-Nov-14,2059.00,2066.00,2047.00,2049.00,546657
25-Nov-14,2065.00,2072.00,2024.10,2055.00,729286
24-Nov-14,2065.00,2068.60,2056.00,2062.00,352227
21-Nov-14,2069.00,2076.00,2061.00,2065.00,587906
20-Nov-14,2081.00,2086.00,2060.00,2066.00,546565
19-Nov-14,2045.00,2084.00,2039.00,2081.00,1210088
18-Nov-14,2007.00,2023.00,1997.00,2023.00,672304
17-Nov-14,1977.00,2002.00,1975.00,1997.00,364606
14-Nov-14,1993.00,1995.00,1974.00,1988.00,409916
13-Nov-14,1985.00,1990.00,1974.00,1989.00,383665
12-Nov-14,1995.00,2000.00,1969.00,1978.00,422127
11-Nov-14,1972.00,1995.00,1969.04,1995.00,433913
10-Nov-14,1963.00,1972.00,1951.47,1972.00,503603
7-Nov-14,1968.00,1968.58,1948.00,1960.00,371408
6-Nov-14,1963.00,1980.00,1956.00,1962.00,625525
5-Nov-14,1948.00,1965.00,1945.00,1965.00,776075
4-Nov-14,1960.00,1968.00,1935.00,1943.00,741727
3-Nov-14,1987.00,1993.00,1962.00,1964.00,515906
31-Oct-14,2000.00,2002.00,1989.00,1996.00,908649
30-Oct-14,1994.00,2000.00,1980.00,1993.00,826184
29-Oct-14,2000.00,2000.00,1988.00,1994.00,881285
28-Oct-14,2002.00,2021.00,1991.00,1996.00,582697
27-Oct-14,2009.00,2017.00,1988.00,1992.00,417331
24-Oct-14,1994.00,2005.16,1983.00,1988.00,405694
23-Oct-14,1964.00,1998.00,1955.00,1994.00,577497
22-Oct-14,1948.00,1968.00,1938.00,1964.00,606341
21-Oct-14,1913.00,1954.00,1903.00,1953.00,664710
20-Oct-14,1898.00,1922.00,1890.00,1916.00,475750
17-Oct-14,1875.00,1900.00,1864.00,1900.00,741798
16-Oct-14,1868.00,1888.00,1826.00,1872.00,884968
15-Oct-14,1926.00,1944.00,1853.00,1858.00,845409
14-Oct-14,1880.00,1923.00,1870.00,1919.00,741995
13-Oct-14,1876.00,1896.00,1868.00,1891.00,484026
10-Oct-14,1890.00,1897.00,1875.00,1887.00,707925
9-Oct-14,1870.00,1917.00,1865.00,1897.00,1076965
8-Oct-14,1848.00,1858.00,1830.00,1850.00,496333
7-Oct-14,1873.00,1873.00,1849.00,1853.00,531894
6-Oct-14,1868.00,1881.00,1855.00,1874.00,456586
3-Oct-14,1825.00,1880.00,1822.00,1867.00,743789
2-Oct-14,1853.00,1853.00,1814.00,1814.00,409843
1-Oct-14,1876.00,1881.00,1850.72,1853.00,383086
30-Sep-14,1886.00,1888.00,1873.00,1877.00,462128
29-Sep-14,1875.00,1878.00,1855.00,1877.00,378223
26-Sep-14,1869.00,1881.00,1860.00,1874.00,482457
25-Sep-14,1892.00,1905.00,1858.00,1867.00,394608
24-Sep-14,1878.00,1889.00,1864.00,1888.00,480524
23-Sep-14,1937.00,1937.00,1878.00,1882.00,757888
22-Sep-14,1940.00,1951.00,1924.00,1935.00,432745
19-Sep-14,1939.00,1961.00,1930.00,1941.00,1052577
18-Sep-14,1917.00,1926.00,1876.00,1922.00,466475
17-Sep-14,1940.00,1940.80,1916.00,1917.00,321518
16-Sep-14,1966.00,1968.00,1922.00,1932.00,568999
15-Sep-14,1938.00,1970.00,1935.00,1966.00,441902
12-Sep-14,1966.00,1968.00,1945.00,1946.00,456850
11-Sep-14,1967.00,1973.00,1949.80,1960.00,232305
10-Sep-14,1952.00,1966.40,1945.00,1965.00,291552
9-Sep-14,1969.00,1995.00,1958.00,1959.00,362949
8-Sep-14,1990.00,1994.00,1969.00,1976.00,302458
5-Sep-14,1983.00,1997.00,1977.00,1995.00,341673
4-Sep-14,1981.00,1994.00,1975.00,1980.00,406403
3-Sep-14,1952.00,1983.00,1949.00,1980.00,419507
2-Sep-14,1945.00,1951.00,1925.00,1950.00,341980
1-Sep-14,1944.00,1956.00,1938.00,1942.00,249744
29-Aug-14,1957.00,1974.00,1933.00,1945.00,647824
28-Aug-14,1947.00,1965.00,1942.00,1953.00,302824
27-Aug-14,1947.00,1954.80,1939.00,1945.00,243763
26-Aug-14,1938.00,1951.00,1933.00,1948.00,384453
22-Aug-14,1952.00,1956.00,1929.00,1933.00,339417
21-Aug-14,1964.00,1967.00,1942.00,1950.00,345524
20-Aug-14,1946.00,1966.00,1945.73,1959.00,243861
19-Aug-14,1955.00,1955.00,1942.00,1950.00,224257
18-Aug-14,1951.00,1957.03,1941.00,1948.00,235879
15-Aug-14,1948.00,1959.00,1931.00,1938.00,455181
14-Aug-14,1924.00,1947.00,1924.00,1944.00,282222
13-Aug-14,1907.00,1932.00,1905.86,1926.00,485047
12-Aug-14,1883.00,1897.00,1864.00,1894.00,269765
11-Aug-14,1891.00,1892.40,1881.00,1886.00,335507
8-Aug-14,1857.00,1889.00,1851.00,1882.00,471352
7-Aug-14,1881.00,1881.00,1862.00,1867.00,332320
6-Aug-14,1876.00,1898.00,1865.00,1880.00,486886
5-Aug-14,1881.00,1899.00,1877.00,1877.00,231119
4-Aug-14,1881.00,1891.00,1867.00,1876.00,307148
1-Aug-14,1932.00,1936.00,1875.00,1877.00,581132
31-Jul-14,1941.00,1947.00,1924.00,1935.00,484318
30-Jul-14,1945.00,1962.00,1937.00,1944.00,388585
29-Jul-14,1925.00,1944.00,1915.00,1937.00,282484
28-Jul-14,1930.00,1930.00,1910.00,1921.00,312339
25-Jul-14,1939.00,1942.87,1919.00,1921.00,492214
24-Jul-14,1952.00,1953.00,1936.00,1940.00,529632
23-Jul-14,1951.00,1960.00,1947.44,1950.00,449365
22-Jul-14,1952.00,1956.00,1945.00,1952.00,339517
21-Jul-14,1930.00,1950.00,1919.89,1943.00,464049
18-Jul-14,1879.00,1935.00,1879.00,1926.00,573698
17-Jul-14,1916.00,1919.00,1884.00,1886.19,419679
16-Jul-14,1926.00,1934.00,1915.10,1918.00,395571
15-Jul-14,1911.00,1935.05,1907.00,1922.00,343869
14-Jul-14,1934.00,1934.00,1903.00,1909.00,396675
11-Jul-14,1918.00,1920.00,1901.00,1920.00,311254
10-Jul-14,1915.00,1926.00,1895.00,1915.00,442041
9-Jul-14,1955.00,1960.00,1918.00,1918.00,414236
8-Jul-14,1973.00,1982.00,1952.00,1956.00,340097
7-Jul-14,1977.00,1992.00,1962.00,1968.00,287517
4-Jul-14,1972.00,1977.00,1952.00,1973.00,215815
3-Jul-14,1960.00,1976.00,1955.00,1974.00,424855
2-Jul-14,1967.00,1973.00,1953.00,1958.00,344887
1-Jul-14,1933.00,1967.00,1929.25,1962.00,426882
30-Jun-14,1913.00,1938.00,1913.00,1932.00,373041
27-Jun-14,1908.00,1917.00,1899.44,1917.00,323042
26-Jun-14,1899.00,1914.00,1894.25,1902.00,365989
25-Jun-14,1908.00,1912.00,1883.22,1890.19,445152
24-Jun-14,1940.00,1943.79,1912.50,1919.00,440238
23-Jun-14,1940.00,1948.00,1932.00,1943.00,280779
20-Jun-14,1945.00,1995.24,1936.00,1936.00,554021
19-Jun-14,1945.00,1986.24,1925.00,1949.00,426367
18-Jun-14,1930.00,1971.24,1910.00,1928.00,450695
17-Jun-14,1974.00,1992.28,1955.00,1969.00,555423
16-Jun-14,1977.00,1977.40,1959.00,1972.00,354505
13-Jun-14,1976.00,1997.00,1969.00,1974.00,373753
12-Jun-14,1985.00,1993.00,1968.00,1973.00,357587
11-Jun-14,1997.00,2011.00,1977.00,1981.00,360603
10-Jun-14,1995.00,2006.00,1977.15,2000.00,452355
9-Jun-14,1985.00,2002.50,1980.59,1994.00,246317
6-Jun-14,1976.00,1985.00,1968.00,1985.00,353719
5-Jun-14,1968.00,1977.00,1957.00,1968.00,525229
4-Jun-14,1965.00,1974.00,1958.00,1968.20,288079
3-Jun-14,1971.00,1975.00,1957.00,1968.00,360570
2-Jun-14,1970.00,1993.11,1965.00,1977.00,430308
30-May-14,1937.00,1968.59,1937.00,1968.00,701817
29-May-14,1922.00,1965.00,1911.00,1941.00,365142
28-May-14,1904.00,1933.00,1900.00,1932.90,360072
27-May-14,1930.00,1932.00,1893.00,1898.91,503365
23-May-14,1939.00,1941.84,1922.00,1924.00,313684
22-May-14,1927.00,1945.00,1923.00,1941.19,379371
21-May-14,1931.00,1940.00,1912.00,1926.90,439570
20-May-14,1926.00,1935.00,1916.00,1928.00,396398
19-May-14,1914.00,1929.00,1905.00,1918.19,480087
16-May-14,1907.00,1913.00,1896.00,1909.00,462250
15-May-14,1904.00,1916.00,1880.00,1900.90,469259
14-May-14,1884.00,1900.00,1878.00,1899.91,384142
13-May-14,1895.00,1897.00,1872.00,1887.00,267491
12-May-14,1871.00,1894.00,1863.82,1885.00,439793
9-May-14,1858.00,1870.14,1838.00,1865.00,426825
8-May-14,1863.00,1876.00,1843.00,1865.00,352330
7-May-14,1843.00,1863.00,1835.44,1861.00,447027
6-May-14,1833.00,1850.40,1829.00,1837.00,364375
2-May-14,1854.00,1855.25,1832.00,1833.00,385571
1-May-14,1840.00,1864.00,1818.98,1848.00,319814
30-Apr-14,1817.00,1859.00,1810.00,1845.00,929921
29-Apr-14,1796.00,1824.00,1791.00,1824.00,357469
28-Apr-14,1801.00,1801.00,1776.00,1794.00,402294
25-Apr-14,1798.00,1806.00,1784.00,1794.09,333322
24-Apr-14,1809.00,1815.00,1790.00,1800.00,370652
23-Apr-14,1799.00,1806.49,1793.32,1800.00,232165
22-Apr-14,1782.00,1810.00,1780.00,1800.18,289391
17-Apr-14,1798.00,1805.00,1782.00,1782.00,663251
16-Apr-14,1801.00,1801.00,1776.00,1800.00,405890
15-Apr-14,1755.00,1795.00,1752.05,1787.00,754755
14-Apr-14,1761.00,1768.00,1745.00,1759.00,457695
11-Apr-14,1789.00,1795.00,1767.00,1770.00,480582
10-Apr-14,1806.00,1811.00,1792.00,1801.00,437392
9-Apr-14,1792.00,1821.00,1792.00,1803.00,414532
8-Apr-14,1812.00,1823.00,1792.00,1795.00,450132
7-Apr-14,1823.00,1832.67,1811.00,1816.00,312956
4-Apr-14,1820.00,1841.00,1819.00,1829.00,344888
3-Apr-14,1856.00,1863.00,1816.22,1818.00,376210
2-Apr-14,1856.00,1870.00,1850.00,1855.00,338717
1-Apr-14,1825.00,1857.74,1822.52,1856.10,581742
31-Mar-14,1834.00,1846.00,1821.00,1823.00,569546
28-Mar-14,1830.00,1842.00,1815.00,1829.00,509987
27-Mar-14,1858.00,1862.00,1821.00,1823.00,591279
26-Mar-14,1886.00,1892.00,1854.00,1856.00,603598
25-Mar-14,1873.00,1895.17,1868.00,1883.00,478036
24-Mar-14,1884.00,1887.30,1856.00,1871.00,640980
21-Mar-14,1857.00,1891.00,1850.35,1888.00,926729
20-Mar-14,1861.00,1864.00,1840.00,1852.00,574993
19-Mar-14,1853.00,1868.00,1849.00,1865.00,549666
18-Mar-14,1825.00,1860.00,1825.00,1853.00,651711
17-Mar-14,1816.00,1854.00,1811.00,1831.00,761976
14-Mar-14,1816.00,1820.00,1795.00,1813.00,815537
13-Mar-14,1831.00,1835.00,1805.00,1820.00,576653
12-Mar-14,1825.00,1835.00,1805.00,1831.00,697388
11-Mar-14,1852.00,1859.00,1802.00,1829.00,994229
10-Mar-14,1865.00,1889.00,1845.00,1853.00,972224
7-Mar-14,1859.00,1874.00,1833.00,1873.00,1013453
6-Mar-14,1867.00,1867.00,1841.00,1855.00,497566
5-Mar-14,1865.00,1877.00,1855.00,1862.00,744724
4-Mar-14,1833.00,1854.00,1828.00,1850.00,407446
3-Mar-14,1829.00,1844.00,1818.00,1825.82,624381
28-Feb-14,1853.00,1857.00,1839.00,1850.00,603054
27-Feb-14,1835.00,1854.00,1824.00,1849.80,743080
26-Feb-14,1835.00,1841.00,1816.00,1835.00,484382
25-Feb-14,1836.00,1848.00,1824.00,1832.00,1244669
24-Feb-14,1815.00,1854.00,1812.00,1830.00,1895509
21-Feb-14,1805.00,1824.00,1802.00,1809.00,1226591
20-Feb-14,1791.00,1824.00,1791.00,1798.00,1333661
19-Feb-14,1799.00,1817.00,1795.00,1795.00,1200778
18-Feb-14,1797.00,1815.00,1784.00,1793.00,1260522
17-Feb-14,1773.00,1802.00,1766.00,1793.00,836704
14-Feb-14,1757.00,1786.00,1743.00,1772.00,829432
13-Feb-14,1785.00,1787.00,1745.00,1750.00,917622
12-Feb-14,1779.00,1791.00,1774.00,1779.00,1064080
11-Feb-14,1772.00,1785.00,1768.00,1774.00,995044
10-Feb-14,1762.00,1769.00,1754.00,1767.00,481544
7-Feb-14,1768.00,1773.00,1754.00,1763.00,800410
6-Feb-14,1750.00,1770.00,1741.00,1768.00,857437
5-Feb-14,1733.00,1749.00,1721.00,1744.00,786425
4-Feb-14,1764.00,1764.00,1728.00,1730.00,897259
3-Feb-14,1724.00,1780.00,1721.00,1762.00,860051
31-Jan-14,1730.00,1749.00,1709.00,1727.00,839899
30-Jan-14,1753.00,1756.00,1729.00,1732.00,1481250
29-Jan-14,1785.00,1795.00,1740.00,1756.00,1118825
28-Jan-14,1705.00,1796.00,1693.00,1778.00,1787923
27-Jan-14,1685.00,1711.00,1650.00,1700.00,1434276
24-Jan-14,1685.00,1700.00,1671.00,1678.00,955521
23-Jan-14,1670.00,1703.00,1670.00,1685.00,1292141
22-Jan-14,1670.00,1683.00,1662.00,1676.00,777016
21-Jan-14,1648.00,1692.00,1645.00,1667.00,684358
20-Jan-14,1647.00,1656.00,1640.00,1651.00,479736
17-Jan-14,1663.00,1679.00,1643.00,1645.00,704325
16-Jan-14,1643.00,1686.00,1630.00,1662.00,876190
15-Jan-14,1651.00,1651.00,1633.00,1641.00,536278
14-Jan-14,1648.00,1656.00,1628.00,1652.00,562842
13-Jan-14,1673.00,1676.00,1650.00,1655.00,437178
10-Jan-14,1652.00,1672.00,1648.00,1672.00,747824
9-Jan-14,1636.00,1646.00,1626.00,1643.00,475780
8-Jan-14,1666.00,1670.00,1632.00,1637.00,645005
7-Jan-14,1648.00,1675.00,1632.00,1667.00,1229010
6-Jan-14,1705.00,1719.00,1699.00,1704.00,240090
3-Jan-14,1696.00,1724.00,1696.00,1710.00,363278
2-Jan-14,1706.00,1714.00,1691.00,1694.00,361719
31-Dec-13,1727.00,1727.00,1705.00,1705.00,93625
30-Dec-13,1701.00,1723.00,1699.00,1713.00,271283
27-Dec-13,1698.00,1715.00,1692.00,1709.00,278308
24-Dec-13,1677.00,1695.00,1677.00,1687.00,81414
23-Dec-13,1663.00,1676.00,1663.00,1672.00,467360
20-Dec-13,1687.00,1687.00,1654.00,1661.00,1433906
19-Dec-13,1683.00,1694.00,1664.00,1691.00,616554
18-Dec-13,1695.00,1705.00,1677.00,1678.00,473228
17-Dec-13,1685.00,1705.00,1684.00,1695.00,480511
16-Dec-13,1673.00,1693.00,1665.00,1691.00,483463
13-Dec-13,1668.00,1675.00,1665.00,1668.00,537442
12-Dec-13,1666.00,1682.00,1664.00,1674.00,640084
11-Dec-13,1673.00,1685.00,1663.00,1669.00,358114
10-Dec-13,1659.00,1692.00,1659.00,1666.00,556498
9-Dec-13,1649.00,1668.00,1649.00,1665.00,523353
6-Dec-13,1663.00,1669.00,1645.00,1663.00,677460
5-Dec-13,1660.00,1675.00,1656.00,1662.00,599774
4-Dec-13,1668.00,1692.00,1660.00,1663.00,743952
3-Dec-13,1740.00,1743.00,1703.00,1703.00,806874
2-Dec-13,1759.00,1762.00,1741.00,1744.00,786199
29-Nov-13,1754.00,1772.00,1751.00,1766.00,920482
28-Nov-13,1753.00,1764.00,1743.00,1755.00,805734
27-Nov-13,1762.00,1777.00,1745.00,1746.00,1356326
26-Nov-13,1809.00,1809.00,1735.00,1761.00,1579110
25-Nov-13,1803.00,1813.00,1781.00,1785.00,1160869
22-Nov-13,1817.00,1824.00,1791.00,1812.00,1455534
21-Nov-13,1817.00,1821.00,1773.00,1820.00,1317618
20-Nov-13,1835.00,1842.00,1817.00,1830.00,1142102
19-Nov-13,1822.00,1845.00,1813.00,1843.00,456075
18-Nov-13,1823.00,1841.00,1808.00,1828.00,812993
15-Nov-13,1845.00,1855.00,1814.00,1830.00,1205930
14-Nov-13,1826.00,1843.00,1819.00,1839.00,537699
13-Nov-13,1814.00,1831.00,1806.00,1825.00,861363
12-Nov-13,1796.00,1821.00,1792.00,1821.00,784350
11-Nov-13,1771.00,1805.00,1766.00,1798.00,501141
8-Nov-13,1745.00,1775.00,1745.00,1770.00,443819
7-Nov-13,1782.00,1782.00,1750.00,1750.00,493702
6-Nov-13,1797.00,1802.00,1774.00,1776.00,650181
5-Nov-13,1828.00,1834.00,1795.00,1796.00,530109
4-Nov-13,1858.00,1858.00,1816.00,1821.00,402422
1-Nov-13,1866.00,1871.00,1852.00,1861.00,332229
31-Oct-13,1875.00,1875.00,1856.00,1857.00,725575
30-Oct-13,1888.00,1898.00,1865.00,1876.00,533390
29-Oct-13,1865.00,1885.00,1861.00,1885.00,420485
28-Oct-13,1881.00,1887.00,1847.00,1866.00,761625
25-Oct-13,1853.00,1881.00,1853.00,1881.00,463075
24-Oct-13,1873.00,1876.00,1839.00,1860.00,435445
23-Oct-13,1859.00,-,-,1875.00,480517
22-Oct-13,1848.00,1864.00,1844.00,1864.00,516022
21-Oct-13,1830.00,1848.00,1823.00,1848.00,369287
18-Oct-13,1808.00,1829.00,1807.00,1828.00,571923
17-Oct-13,1804.00,1811.00,1790.00,1799.00,205959
16-Oct-13,1815.00,1815.00,1783.00,1807.00,291622
15-Oct-13,1795.00,1818.00,1776.00,1814.00,426459
14-Oct-13,1786.00,1814.00,1778.00,1808.00,275921
11-Oct-13,1771.00,1792.00,1754.00,1786.00,304527
10-Oct-13,1763.00,1774.00,1749.00,1773.00,355736
9-Oct-13,1738.00,1758.00,1737.00,1754.00,279626
8-Oct-13,1771.00,1771.00,1743.00,1744.00,259000
7-Oct-13,1766.00,1771.00,1755.00,1771.00,225080
4-Oct-13,1772.00,1786.00,1763.00,1767.00,288656
3-Oct-13,1785.00,1803.00,1778.00,1779.00,687729
2-Oct-13,1768.00,1795.00,1764.00,1784.00,343467
1-Oct-13,1763.00,1780.00,1761.00,1774.00,303118
30-Sep-13,1759.00,1778.00,1754.00,1763.00,418799
27-Sep-13,1799.00,1809.00,1768.00,1771.00,380206
26-Sep-13,1792.00,1805.00,1784.00,1794.00,262759
25-Sep-13,1808.00,1816.00,1790.00,1795.00,306290
24-Sep-13,1806.00,1820.00,1802.00,1811.00,183373
20-Sep-13,1798.00,1830.00,1797.00,1820.00,892149
19-Sep-13,1800.00,1811.00,1792.00,1805.00,517204
18-Sep-13,1800.00,1819.00,1769.00,1786.00,709109
17-Sep-13,1752.00,1834.00,1752.00,1792.00,936756
16-Sep-13,1742.00,1763.00,1742.00,1758.00,270077
13-Sep-13,1735.00,1741.00,1723.00,1733.00,284497
12-Sep-13,1710.00,1738.00,1708.00,1736.00,255849
11-Sep-13,1713.00,1723.00,1709.00,1716.00,448103
10-Sep-13,1698.00,1714.00,1698.00,1712.00,446361
9-Sep-13,1705.00,1705.00,1686.00,1689.00,294077
6-Sep-13,1699.00,1711.00,1689.00,1704.00,565429
5-Sep-13,1700.00,1717.00,1682.00,1698.00,535981
4-Sep-13,1725.00,1729.00,1697.00,1698.00,337670
3-Sep-13,1717.00,1735.00,1708.00,1723.00,416137
2-Sep-13,1698.00,1722.00,1697.00,1718.00,348278
30-Aug-13,1712.00,1712.00,1687.00,1688.00,527932
29-Aug-13,1711.00,1717.00,1704.00,1713.00,312410
28-Aug-13,1707.00,1715.00,1701.00,1710.00,354081
27-Aug-13,1719.00,1735.00,1698.00,1708.00,447673
23-Aug-13,1708.00,1718.00,1703.00,1718.00,245771
22-Aug-13,1704.00,1716.00,1703.00,1707.00,336916
21-Aug-13,1698.00,1708.00,1695.00,1696.00,375879
20-Aug-13,1692.00,1702.00,1682.00,1697.00,375020
19-Aug-13,1709.00,1712.00,1695.00,1699.00,264835
16-Aug-13,1716.00,1727.00,1700.00,1710.00,434381
15-Aug-13,1762.00,1762.00,1710.00,1715.00,341018
14-Aug-13,1766.00,1775.00,1753.00,1763.00,180709
13-Aug-13,1764.00,1776.00,1753.00,1767.00,227743
12-Aug-13,1782.00,1782.00,1758.00,1763.00,228327
9-Aug-13,1784.00,1792.00,1775.00,1781.00,315709
8-Aug-13,1765.00,1781.00,1765.00,1779.00,280146
7-Aug-13,1779.00,1779.00,1757.00,1764.00,346282
6-Aug-13,1790.00,1795.00,1766.00,1778.00,321625
5-Aug-13,1788.00,1805.00,1779.00,1791.00,216671
2-Aug-13,1781.00,1795.00,1778.00,1787.00,237128
1-Aug-13,1777.00,1792.00,1773.00,1777.00,422320
31-Jul-13,1763.00,1786.00,1761.00,1773.00,506195
30-Jul-13,1759.00,1792.00,1756.00,1762.00,442328
29-Jul-13,1760.00,1775.00,1749.00,1756.00,230737
26-Jul-13,1768.00,1781.00,1756.00,1759.00,429559
25-Jul-13,1741.00,1773.00,1735.00,1762.00,757473
24-Jul-13,1747.00,1762.00,1726.00,1742.00,391789
23-Jul-13,1770.00,1773.00,1747.00,1747.00,313302
22-Jul-13,1768.00,1779.00,1741.00,1761.00,422237
19-Jul-13,1760.00,1773.00,1758.00,1769.00,460489
18-Jul-13,1751.00,1766.00,1741.00,1761.00,351785
17-Jul-13,1745.00,1770.00,1737.00,1752.00,573188
16-Jul-13,1753.00,1777.00,1742.00,1746.00,387023
15-Jul-13,1736.00,1754.00,1724.00,1752.00,335668
12-Jul-13,1754.00,1761.00,1717.00,1732.00,333731
11-Jul-13,1758.00,1762.00,1740.00,1755.00,425022
10-Jul-13,1737.00,1746.00,1719.00,1743.00,325464
9-Jul-13,1749.00,1750.09,1725.63,1736.00,584548
8-Jul-13,1743.00,1747.00,1724.00,1738.00,378270
5-Jul-13,1738.00,1764.00,1727.00,1735.00,483839
4-Jul-13,1708.00,1738.00,1705.00,1737.00,471204
3-Jul-13,1680.00,1708.00,1672.00,1704.00,821252
2-Jul-13,1680.00,1688.00,1665.00,1685.00,344414
1-Jul-13,1666.00,1686.25,1665.00,1680.00,527116
28-Jun-13,1653.00,1676.00,1650.00,1664.00,615176
27-Jun-13,1637.00,1666.50,1636.00,1656.00,728514
26-Jun-13,1628.00,1646.00,1626.00,1636.00,590175
25-Jun-13,1638.00,1638.20,1615.00,1628.00,711436
24-Jun-13,1612.71,1660.58,1612.46,1628.00,851673
21-Jun-13,1646.00,1682.51,1614.00,1614.00,1514043
20-Jun-13,1684.00,1704.51,1633.56,1643.00,1276505
19-Jun-13,1720.00,1757.51,1695.00,1696.00,1198723
18-Jun-13,1756.00,1774.28,1750.00,1765.00,780587
17-Jun-13,1761.00,1775.00,1754.00,1755.00,773843
14-Jun-13,1790.00,1793.62,1753.00,1760.00,986822
13-Jun-13,1746.00,1790.56,1745.00,1785.00,3055694
12-Jun-13,1750.00,1800.00,1738.00,1765.00,5251971
11-Jun-13,1930.00,1965.00,1908.00,1937.00,4200601
10-Jun-13,1990.00,2002.00,1941.38,1946.00,6004483
7-Jun-13,2021.00,2200.00,2012.00,2070.00,6911739
6-Jun-13,2016.00,2037.28,2016.00,2020.00,794744
5-Jun-13,2030.00,2079.00,2019.00,2026.00,1355248
4-Jun-13,2054.00,2054.00,2028.00,2032.00,1238560
3-Jun-13,2046.00,2080.00,2031.00,2042.00,1419648
31-May-13,2065.00,2080.00,2050.00,2052.00,822850
30-May-13,2024.00,2053.00,2019.88,2049.00,492660
29-May-13,2056.00,2060.38,2028.00,2035.00,856023
28-May-13,2072.00,2080.00,2046.25,2064.00,770009
24-May-13,2045.00,2074.00,2040.00,2071.00,571968
23-May-13,2040.00,2056.00,2036.00,2042.00,806654
22-May-13,2050.00,2065.00,2040.00,2045.00,676034
21-May-13,2048.00,2057.00,2040.00,2048.00,787931
20-May-13,2065.00,2070.27,2043.00,2051.00,693286
17-May-13,2060.00,2075.30,2047.00,2050.00,515888
16-May-13,2070.00,2083.00,2057.00,2062.00,904547
15-May-13,2010.00,2099.42,2010.00,2090.00,1469448
14-May-13,2125.00,2170.00,2048.79,2077.00,4286287
13-May-13,1830.00,1842.74,1819.00,1825.00,520865
10-May-13,1819.00,1830.00,1808.00,1827.00,420077
9-May-13,1819.00,1824.00,1801.00,1821.00,715617
8-May-13,1828.00,1839.00,1817.25,1825.00,421838
7-May-13,1815.00,1830.00,1806.00,1828.00,483879
3-May-13,1820.00,1829.28,1815.00,1815.00,533305
2-May-13,1821.00,1827.00,1803.00,1819.00,819719
1-May-13,1800.00,1823.00,1800.00,1823.00,401158
30-Apr-13,1818.00,1822.00,1805.00,1821.00,937265
29-Apr-13,1808.00,1818.00,1799.00,1818.00,1154664
26-Apr-13,1808.00,1812.44,1799.00,1808.00,677916
25-Apr-13,1807.00,1813.00,1788.00,1805.36,916729
24-Apr-13,1798.00,1812.00,1790.00,1808.00,758867
23-Apr-13,1780.00,1800.00,1777.00,1799.00,462032
22-Apr-13,1783.00,1791.60,1777.00,1788.00,1030701
19-Apr-13,1783.00,1795.00,1760.00,1795.00,946819
18-Apr-13,1771.00,1784.00,1761.00,1783.00,1340712
17-Apr-13,1748.00,1762.00,1733.00,1760.00,840188
16-Apr-13,1727.00,1743.00,1724.00,1738.00,732689
15-Apr-13,1710.00,1735.00,1710.00,1733.00,436213
12-Apr-13,1706.00,1713.00,1695.00,1706.00,320241
11-Apr-13,1696.00,1713.00,1696.00,1703.00,363277
10-Apr-13,1673.00,1704.00,1669.95,1703.00,530952
9-Apr-13,1677.00,1686.00,1672.00,1676.00,492440
8-Apr-13,1657.00,1669.94,1648.88,1665.00,433210
5-Apr-13,1662.00,1671.00,1626.00,1649.00,483596
4-Apr-13,1690.00,1697.00,1652.00,1654.00,721514
3-Apr-13,1700.00,1718.00,1671.00,1697.00,719845
2-Apr-13,1715.00,1728.00,1687.00,1700.00,574651
28-Mar-13,1685.00,1713.00,1685.00,1712.00,459269
27-Mar-13,1696.00,1699.00,1657.00,1688.00,381502
26-Mar-13,1674.00,1699.00,1663.88,1689.00,427925
25-Mar-13,1682.00,1682.00,1651.00,1669.00,377163
22-Mar-13,1679.00,1693.00,1669.00,1683.00,469704
21-Mar-13,1670.00,1683.03,1664.25,1680.00,497250
20-Mar-13,1681.00,1771.00,1657.00,1671.00,499179
19-Mar-13,1643.00,1679.00,1642.00,1673.00,538310
18-Mar-13,1632.00,1648.14,1604.00,1645.00,419287
15-Mar-13,1646.00,1652.00,1626.00,1647.00,1315741
14-Mar-13,1648.00,1650.00,1626.00,1643.00,570341
13-Mar-13,1639.00,1660.61,1636.00,1646.00,646755
12-Mar-13,1629.00,1639.00,1627.00,1635.00,398826
11-Mar-13,1622.00,1646.75,1615.64,1634.00,351212
8-Mar-13,1628.00,1628.00,1609.88,1621.00,422651
7-Mar-13,1625.00,1639.00,1616.00,1624.00,554717
6-Mar-13,1636.00,1636.62,1597.00,1606.00,635893
5-Mar-13,1636.00,1639.00,1624.00,1631.00,468785
4-Mar-13,1650.00,1659.00,1622.00,1628.00,640002
1-Mar-13,1623.00,1632.00,1607.00,1620.00,315658
28-Feb-13,1623.00,1632.00,1609.00,1619.00,446396
27-Feb-13,1605.00,1621.50,1600.50,1620.00,338163
26-Feb-13,1595.00,1609.01,1590.86,1600.00,416515
25-Feb-13,1623.00,1628.00,1596.37,1611.00,346339
22-Feb-13,1617.00,1621.00,1610.00,1620.00,465916
21-Feb-13,1619.00,1626.69,1609.00,1614.00,427819
20-Feb-13,1606.00,1624.00,1602.00,1622.00,428509
19-Feb-13,1601.00,1614.00,1598.00,1606.00,392062
18-Feb-13,1591.00,1608.04,1577.71,1605.00,447610
15-Feb-13,1576.00,1596.00,1559.00,1584.00,601008
14-Feb-13,1610.00,1610.00,1564.00,1579.00,598112
13-Feb-13,1601.00,1610.50,1588.10,1610.00,468002
12-Feb-13,1596.00,1611.16,1591.00,1611.00,389351
11-Feb-13,1591.00,1603.00,1574.00,1595.00,447958
8-Feb-13,1620.00,1629.00,1585.00,1589.00,703986
7-Feb-13,1636.00,1662.00,1618.00,1618.00,718897
6-Feb-13,1625.00,1640.00,1621.00,1636.00,316611
5-Feb-13,1621.00,1636.00,1619.00,1620.00,289848
4-Feb-13,1632.00,1652.00,1620.00,1620.00,435949
1-Feb-13,1627.00,1645.00,1622.00,1628.00,321879
31-Jan-13,1622.00,1637.00,1607.00,1622.00,634511
30-Jan-13,1640.00,1654.00,1623.00,1623.00,673556
29-Jan-13,1635.00,1652.00,1630.00,1650.00,285867
28-Jan-13,1647.00,1653.00,1627.00,1638.00,398381
25-Jan-13,1630.00,1650.41,1629.00,1647.00,612392
24-Jan-13,1625.00,1646.00,1620.00,1635.00,971822
23-Jan-13,1599.00,1626.00,1590.00,1604.00,354485
22-Jan-13,1586.00,1612.00,1582.00,1601.00,529644
21-Jan-13,1581.00,1601.00,1573.00,1587.00,471196
18-Jan-13,1582.00,1586.00,1566.00,1570.00,566916
17-Jan-13,1588.00,1588.00,1565.00,1578.00,658231
16-Jan-13,1580.00,1600.00,1575.00,1584.00,746703
15-Jan-13,1548.00,1583.16,1536.00,1583.00,943049
14-Jan-13,1580.00,1585.00,1546.00,1550.00,689185
11-Jan-13,1586.00,1588.75,1569.40,1573.00,588417
10-Jan-13,1585.00,1621.00,1583.85,1586.00,796218
9-Jan-13,1599.00,1603.00,1572.00,1578.00,582738
8-Jan-13,1585.00,1605.00,1582.00,1596.00,422341
7-Jan-13,1604.00,1604.00,1582.00,1587.00,436432
4-Jan-13,1595.00,1618.00,1585.00,1610.00,683013
3-Jan-13,1600.00,1610.00,1584.00,1590.00,472091
2-Jan-13,1594.00,1612.00,1584.00,1605.00,430143
