31-Dec-15,219.50,219.50,214.80,217.40,150836
30-Dec-15,215.10,218.70,211.80,214.50,903208
29-Dec-15,216.60,223.40,212.20,216.90,1251446
24-Dec-15,225.30,225.30,215.70,217.40,189448
23-Dec-15,218.80,221.50,216.00,220.20,1331207
22-Dec-15,219.20,219.20,212.00,214.00,488858
21-Dec-15,213.00,216.80,211.20,213.40,990769
18-Dec-15,217.60,220.00,211.60,214.10,1390434
16-Dec-15,225.00,226.50,220.20,225.50,1766867
15-Dec-15,215.60,236.00,215.60,222.10,2289943
14-Dec-15,224.60,224.60,214.00,216.50,777079
11-Dec-15,225.00,229.70,218.80,219.10,1141681
10-Dec-15,224.90,234.90,224.90,226.00,910164
9-Dec-15,226.70,234.70,226.70,229.00,1574846
8-Dec-15,231.90,232.60,229.87,232.50,1692586
7-Dec-15,242.50,242.50,233.00,233.30,1342194
4-Dec-15,230.60,241.00,230.60,236.00,1046104
3-Dec-15,240.60,240.80,234.10,234.90,1222324
2-Dec-15,237.00,240.50,236.40,239.80,1594597
1-Dec-15,242.10,243.60,237.00,238.90,1288993
30-Nov-15,240.90,241.80,231.91,240.00,3193514
27-Nov-15,253.20,254.00,243.50,244.10,1136022
26-Nov-15,242.00,252.80,235.50,250.00,2919977
25-Nov-15,222.00,245.00,219.50,239.60,2655958
24-Nov-15,228.70,228.70,221.70,224.00,1146399
23-Nov-15,228.50,228.50,221.35,225.00,1445797
20-Nov-15,239.50,239.50,228.40,230.60,1130289
19-Nov-15,240.60,240.60,230.10,235.40,1241600
18-Nov-15,243.90,243.90,237.10,242.10,1440606
17-Nov-15,236.20,245.20,230.00,244.50,1935615
16-Nov-15,237.50,245.20,231.17,242.00,1471350
13-Nov-15,240.60,246.50,235.50,238.30,2207319
12-Nov-15,241.00,249.70,236.70,244.99,3990925
11-Nov-15,245.00,249.13,234.86,243.70,7049370
10-Nov-15,210.90,217.40,210.10,217.30,2054423
9-Nov-15,221.10,221.43,212.40,214.20,2725958
6-Nov-15,230.50,238.57,225.50,226.10,2307393
5-Nov-15,237.50,240.30,220.10,220.90,2607095
4-Nov-15,251.60,255.74,232.90,236.10,2649191
3-Nov-15,246.60,258.90,243.80,254.70,1801859
2-Nov-15,248.40,253.90,246.70,247.60,1340073
30-Oct-15,238.70,258.70,238.70,253.00,2553521
29-Oct-15,253.00,253.26,236.70,241.40,2162802
28-Oct-15,258.00,261.11,242.40,252.00,2668266
27-Oct-15,230.10,262.80,230.10,255.10,5409159
26-Oct-15,258.80,260.00,225.30,225.30,5689828
23-Oct-15,263.70,264.70,238.00,245.64,7397329
22-Oct-15,262.10,270.10,258.20,268.50,1267458
21-Oct-15,290.00,290.24,262.30,263.30,2485587
20-Oct-15,294.00,295.20,287.60,289.40,1070026
19-Oct-15,298.60,303.10,292.36,295.00,1031504
16-Oct-15,308.70,308.70,295.40,300.00,1446589
15-Oct-15,307.70,309.30,304.94,307.60,689553
14-Oct-15,312.00,313.10,306.80,307.00,1001274
13-Oct-15,312.40,315.30,311.30,313.20,499677
12-Oct-15,317.40,317.50,312.80,314.60,718114
9-Oct-15,316.50,319.50,313.50,317.10,847356
8-Oct-15,316.10,316.10,307.10,312.70,995246
7-Oct-15,317.50,317.50,312.00,315.30,886210
6-Oct-15,317.60,317.80,310.50,314.70,862368
5-Oct-15,308.00,318.10,308.00,318.10,1316025
2-Oct-15,308.90,313.40,302.30,308.70,1164543
1-Oct-15,320.40,320.40,305.00,308.00,1868695
30-Sep-15,317.40,318.00,312.30,314.50,1199902
29-Sep-15,317.00,318.40,312.00,314.00,1707742
28-Sep-15,325.40,325.40,318.80,319.80,600458
25-Sep-15,319.50,327.50,319.50,323.00,869487
24-Sep-15,315.30,316.50,311.30,314.80,962293
23-Sep-15,312.50,313.30,307.80,312.50,958552
22-Sep-15,313.30,317.20,310.40,312.20,848790
21-Sep-15,314.30,316.20,310.20,314.00,663991
18-Sep-15,317.70,319.70,311.60,313.80,7320912
17-Sep-15,313.00,317.90,309.50,316.00,890002
16-Sep-15,322.30,322.30,310.40,312.50,1008216
15-Sep-15,308.00,316.00,308.00,315.00,1022056
14-Sep-15,309.30,312.50,307.40,310.10,759887
11-Sep-15,309.70,310.00,301.00,309.00,1587653
10-Sep-15,310.90,311.00,302.60,307.10,837056
9-Sep-15,309.70,313.23,302.50,304.60,959678
8-Sep-15,305.00,307.70,299.80,305.40,964977
7-Sep-15,300.00,306.30,296.70,303.00,1043175
4-Sep-15,302.20,305.10,293.90,296.00,1077479
3-Sep-15,296.00,308.50,294.30,304.20,1604321
2-Sep-15,283.60,290.00,281.32,289.90,1134656
1-Sep-15,301.80,303.90,282.10,283.40,2681859
28-Aug-15,299.70,302.00,296.90,300.90,786688
27-Aug-15,299.70,304.07,296.70,298.70,836534
26-Aug-15,289.50,300.93,288.20,295.70,863742
25-Aug-15,288.00,296.26,285.70,293.60,975448
24-Aug-15,291.90,293.00,279.90,283.60,1165156
21-Aug-15,299.20,306.10,295.44,295.50,917751
20-Aug-15,299.80,302.70,299.70,300.50,540599
19-Aug-15,312.00,312.00,302.10,302.10,963780
18-Aug-15,304.00,306.90,303.40,305.60,515673
17-Aug-15,312.40,312.50,304.06,305.60,560878
14-Aug-15,309.30,313.00,309.30,310.00,932197
13-Aug-15,310.90,313.20,308.30,310.20,775349
12-Aug-15,313.80,313.80,306.00,307.20,802152
11-Aug-15,312.00,316.00,311.10,313.30,347166
10-Aug-15,317.30,317.30,308.80,312.00,414922
7-Aug-15,312.00,314.00,309.80,311.50,365818
6-Aug-15,312.10,317.41,312.10,313.00,502104
5-Aug-15,312.00,314.20,309.30,313.80,778726
4-Aug-15,313.20,315.00,304.10,312.20,1446184
3-Aug-15,308.40,309.30,301.60,307.70,1710069
31-Jul-15,309.60,312.02,300.68,301.40,1452062
30-Jul-15,331.40,334.40,307.30,309.30,2376878
29-Jul-15,328.00,332.80,324.60,326.40,921108
28-Jul-15,329.20,331.20,326.00,328.40,832360
27-Jul-15,327.40,328.80,322.00,326.90,1204896
24-Jul-15,330.90,332.00,319.20,326.00,2058444
23-Jul-15,353.00,355.10,328.20,330.20,3195890
22-Jul-15,372.90,372.90,355.50,355.70,4188311
21-Jul-15,392.00,392.10,389.50,390.50,398410
20-Jul-15,385.40,392.33,385.40,391.00,333671
17-Jul-15,384.20,389.30,384.20,388.00,296596
16-Jul-15,380.00,387.10,380.00,386.50,450337
15-Jul-15,379.20,382.80,377.50,380.30,518618
14-Jul-15,380.50,383.68,375.20,380.00,434037
13-Jul-15,376.30,385.40,376.30,382.40,995455
10-Jul-15,375.30,378.00,369.80,375.70,713711
9-Jul-15,364.30,372.10,364.30,366.70,665114
8-Jul-15,381.50,381.50,372.50,372.80,700104
7-Jul-15,380.40,388.50,376.60,376.60,568740
6-Jul-15,378.70,385.70,378.20,382.80,573749
3-Jul-15,389.30,389.30,381.00,381.10,615635
2-Jul-15,386.60,388.60,381.00,383.20,551726
1-Jul-15,382.50,393.00,382.50,387.70,429175
30-Jun-15,383.80,385.20,378.80,382.50,490466
29-Jun-15,380.70,387.80,379.00,383.20,467889
26-Jun-15,391.20,393.40,388.50,388.50,427778
25-Jun-15,392.60,396.20,390.75,393.40,757701
24-Jun-15,401.40,401.40,392.30,394.70,591041
23-Jun-15,393.60,401.40,391.30,398.00,695298
22-Jun-15,390.00,392.50,387.60,390.40,611709
19-Jun-15,384.60,388.30,383.10,384.30,1020647
18-Jun-15,380.20,383.30,375.00,382.70,556515
17-Jun-15,385.00,385.70,379.30,379.30,706768
16-Jun-15,381.90,384.70,375.70,383.50,635492
15-Jun-15,385.50,385.50,380.60,380.80,645538
12-Jun-15,389.50,391.69,383.30,386.10,786114
11-Jun-15,391.90,393.50,390.70,392.30,510796
10-Jun-15,391.90,391.95,387.20,389.90,664279
9-Jun-15,388.20,390.20,384.32,388.20,743288
8-Jun-15,391.00,393.50,386.10,387.00,648452
5-Jun-15,405.70,412.20,387.90,390.40,1457621
4-Jun-15,405.10,412.70,402.70,408.80,1035556
3-Jun-15,408.40,412.00,404.20,407.90,798238
2-Jun-15,404.00,407.50,400.40,406.30,618981
1-Jun-15,400.00,404.50,397.50,401.30,496213
29-May-15,401.50,404.90,398.60,400.00,1513274
28-May-15,402.60,402.60,398.90,401.50,552675
27-May-15,402.30,404.10,398.90,401.70,913181
26-May-15,396.60,403.00,376.60,401.50,699238
22-May-15,407.30,407.30,401.50,403.00,708783
21-May-15,400.60,405.00,393.50,403.70,1063984
20-May-15,407.80,407.80,394.80,400.00,1796585
19-May-15,384.60,392.00,381.38,392.00,1023553
18-May-15,379.80,382.70,375.85,379.60,820703
15-May-15,383.20,388.60,362.90,376.80,1930016
14-May-15,363.00,389.00,336.70,384.10,3750037
13-May-15,361.60,367.80,357.70,363.20,720018
12-May-15,364.80,369.15,358.30,358.40,934278
11-May-15,373.30,373.30,366.80,368.00,1165359
8-May-15,385.80,415.10,366.70,369.60,1363147
7-May-15,360.30,374.40,347.60,372.70,700793
6-May-15,355.80,365.00,355.80,363.20,604181
5-May-15,353.00,366.50,353.00,360.00,693534
1-May-15,361.90,363.50,349.70,359.70,232865
30-Apr-15,372.50,372.50,352.30,365.70,1022873
29-Apr-15,360.00,364.60,354.60,354.90,565457
28-Apr-15,360.60,366.10,357.00,362.30,527841
27-Apr-15,384.00,384.00,361.50,362.60,805229
24-Apr-15,382.50,386.20,361.00,369.00,694379
23-Apr-15,363.90,363.90,347.00,355.00,1067403
22-Apr-15,349.20,356.50,346.20,347.10,1534763
21-Apr-15,354.40,354.40,349.57,350.90,512884
20-Apr-15,344.40,355.20,344.40,349.50,377430
17-Apr-15,348.20,352.00,343.20,346.20,543516
16-Apr-15,350.00,350.20,348.10,348.20,788051
15-Apr-15,366.40,366.40,348.90,350.50,956945
14-Apr-15,367.80,367.80,354.20,354.40,647343
13-Apr-15,357.70,358.06,354.30,355.30,584090
10-Apr-15,365.00,365.00,351.00,352.80,1011399
9-Apr-15,358.90,358.90,349.50,356.00,573615
8-Apr-15,355.20,355.20,347.70,349.50,836148
7-Apr-15,354.40,357.30,347.00,350.00,924751
2-Apr-15,355.40,359.90,353.00,359.40,671256
1-Apr-15,346.20,356.80,341.80,355.50,1147166
31-Mar-15,345.00,348.40,339.40,344.10,1169895
30-Mar-15,346.50,346.50,338.00,343.20,612570
27-Mar-15,350.40,350.40,339.20,339.90,490030
26-Mar-15,349.40,349.40,342.10,346.50,308228
25-Mar-15,350.40,350.90,341.50,349.40,531142
24-Mar-15,349.30,351.00,342.60,349.30,994465
23-Mar-15,350.00,350.00,345.63,350.00,721380
20-Mar-15,344.40,352.60,339.80,352.60,1079500
19-Mar-15,350.40,350.40,339.00,339.60,1072979
18-Mar-15,351.00,351.00,343.50,345.60,863321
17-Mar-15,347.20,350.80,346.90,348.20,617995
16-Mar-15,336.60,349.40,336.60,348.90,845339
13-Mar-15,332.70,338.40,332.70,337.30,614489
12-Mar-15,329.10,333.90,327.20,333.80,528955
11-Mar-15,329.00,331.10,326.90,329.20,934671
10-Mar-15,338.00,338.00,327.30,327.60,928868
9-Mar-15,332.00,332.80,328.50,330.00,948975
6-Mar-15,336.60,337.80,330.70,334.00,1131215
5-Mar-15,334.10,340.90,334.10,337.70,482975
4-Mar-15,334.00,339.20,332.68,335.00,638285
3-Mar-15,336.50,337.40,333.70,335.00,1149280
2-Mar-15,340.00,340.00,334.50,335.50,633886
27-Feb-15,332.80,339.50,331.52,339.10,952741
26-Feb-15,329.70,334.30,327.00,334.30,626757
25-Feb-15,324.00,329.70,324.00,328.70,996513
24-Feb-15,326.50,327.20,322.10,325.40,885006
23-Feb-15,327.10,329.80,326.00,327.50,1053046
20-Feb-15,325.00,327.50,322.50,327.00,747887
19-Feb-15,329.10,329.17,321.92,324.30,1471431
18-Feb-15,325.00,327.50,321.70,323.40,981347
17-Feb-15,325.00,326.60,319.70,324.00,1671968
16-Feb-15,320.10,321.20,319.30,320.00,854842
13-Feb-15,317.10,323.00,317.10,320.00,1989937
12-Feb-15,318.90,324.30,318.30,323.70,1682218
11-Feb-15,315.00,321.40,314.18,320.00,1671437
10-Feb-15,320.00,324.80,314.10,315.10,1850590
9-Feb-15,315.00,315.15,309.99,313.70,1209120
6-Feb-15,315.00,316.40,314.20,315.30,1222775
5-Feb-15,316.30,320.00,314.50,315.20,1922987
4-Feb-15,314.60,316.20,313.70,316.20,2107888
3-Feb-15,305.00,317.10,303.10,315.00,4390033
2-Feb-15,318.60,320.00,314.70,318.30,2301415
30-Jan-15,321.30,324.01,318.10,318.40,1114888
29-Jan-15,322.10,325.20,318.00,320.00,1927362
28-Jan-15,324.70,328.20,321.30,324.30,902577
27-Jan-15,326.90,327.60,321.90,324.40,1007959
26-Jan-15,328.50,333.58,324.10,325.80,1168651
23-Jan-15,327.00,331.00,326.60,330.20,1526697
22-Jan-15,326.60,328.00,316.00,326.00,1067280
21-Jan-15,325.90,326.70,323.80,326.70,1165320
20-Jan-15,316.90,325.20,315.50,325.00,1896166
19-Jan-15,313.20,316.00,310.30,315.20,1026618
16-Jan-15,316.00,319.31,310.40,311.70,1853020
15-Jan-15,314.30,315.70,309.50,311.50,1966695
14-Jan-15,310.30,317.70,310.10,313.80,1166024
13-Jan-15,311.60,316.40,311.08,314.00,1618866
12-Jan-15,310.40,313.50,308.10,311.70,1289728
9-Jan-15,310.10,312.20,309.00,310.90,1707110
8-Jan-15,307.70,311.90,307.70,310.60,1611726
7-Jan-15,301.90,312.50,301.90,309.00,1940834
6-Jan-15,305.20,307.60,302.30,303.00,1808248
5-Jan-15,306.90,311.10,304.00,304.60,981167
31-Dec-14,310.70,310.70,298.51,304.10,351038
30-Dec-14,305.00,310.20,304.40,308.70,1040577
29-Dec-14,304.60,309.33,300.27,305.30,591222
24-Dec-14,309.60,309.60,295.20,305.20,212957
23-Dec-14,304.90,307.30,302.60,305.20,741478
22-Dec-14,303.70,305.60,302.80,305.20,1107437
19-Dec-14,304.50,305.00,301.58,305.00,1729950
18-Dec-14,303.90,303.90,298.36,301.80,1142359
17-Dec-14,294.80,298.90,294.72,297.80,1190509
16-Dec-14,299.00,300.90,292.25,298.60,2003453
15-Dec-14,300.40,304.30,299.10,299.80,1802613
12-Dec-14,302.40,306.16,301.70,302.80,1502956
11-Dec-14,302.10,306.60,302.10,306.00,1228076
10-Dec-14,306.30,306.90,302.20,304.30,786369
9-Dec-14,305.20,306.00,300.20,304.30,1822504
8-Dec-14,307.90,309.40,304.80,308.50,790347
5-Dec-14,307.60,311.50,305.20,309.30,1987336
4-Dec-14,303.60,306.00,301.40,305.00,1818811
3-Dec-14,298.00,304.50,291.60,304.00,1107032
2-Dec-14,303.00,305.80,301.50,304.90,1551153
1-Dec-14,310.70,312.80,300.80,302.10,1296237
28-Nov-14,303.30,312.30,299.85,312.30,2017973
27-Nov-14,299.00,302.20,299.00,302.00,775203
26-Nov-14,303.10,305.70,298.80,299.60,1526710
25-Nov-14,301.90,302.90,297.70,301.80,1926916
24-Nov-14,283.50,303.40,278.48,300.50,4284417
21-Nov-14,289.00,290.00,281.70,282.50,3076468
20-Nov-14,292.50,294.13,291.80,293.40,1228337
19-Nov-14,298.40,298.40,296.30,298.00,1000972
18-Nov-14,296.10,300.40,293.50,298.50,1439069
17-Nov-14,288.20,298.70,287.20,294.10,1782304
14-Nov-14,289.00,291.40,285.90,290.30,1484282
13-Nov-14,280.90,290.10,278.30,287.20,2955696
12-Nov-14,284.90,285.80,279.60,284.40,2327851
11-Nov-14,290.00,292.60,279.60,281.30,3589244
10-Nov-14,292.00,297.00,291.10,296.60,1251285
7-Nov-14,296.00,298.90,293.00,293.50,752750
6-Nov-14,297.20,299.00,295.40,295.50,1149410
5-Nov-14,295.70,299.10,294.50,299.10,1102313
4-Nov-14,301.30,305.50,295.50,295.90,1684718
3-Nov-14,300.50,304.80,299.80,300.90,1372084
31-Oct-14,295.70,301.30,293.60,300.10,1753459
30-Oct-14,292.00,293.20,288.20,292.30,1367965
29-Oct-14,291.60,291.60,287.60,290.40,1667140
28-Oct-14,287.00,291.70,283.99,288.80,1893552
27-Oct-14,288.20,289.00,281.50,284.80,1666418
24-Oct-14,291.00,295.90,282.30,286.40,3623391
23-Oct-14,282.80,296.15,280.40,291.50,3589354
22-Oct-14,277.80,283.40,274.82,282.80,1117947
21-Oct-14,275.40,279.20,273.60,275.70,1345850
20-Oct-14,277.30,277.90,272.50,275.00,943115
17-Oct-14,272.90,277.20,270.40,276.70,1292997
16-Oct-14,272.10,273.64,264.00,271.60,1346888
15-Oct-14,274.20,275.00,266.10,269.90,1395524
14-Oct-14,265.70,274.50,264.00,273.90,1603396
13-Oct-14,267.90,268.30,263.60,265.00,2299115
10-Oct-14,263.60,270.10,261.00,268.30,1519746
9-Oct-14,272.30,273.20,263.40,264.70,1779706
8-Oct-14,270.70,271.00,267.10,269.10,1890794
7-Oct-14,282.80,283.10,272.00,272.00,2113686
6-Oct-14,291.50,293.60,281.90,283.50,1498875
3-Oct-14,293.60,293.60,289.57,290.60,1499786
2-Oct-14,296.00,297.70,290.60,295.00,515902
1-Oct-14,298.00,300.40,294.00,295.00,558738
30-Sep-14,298.10,299.90,294.50,299.00,535920
29-Sep-14,297.80,298.70,294.43,297.90,519357
26-Sep-14,294.50,298.20,292.00,297.00,505908
25-Sep-14,298.00,298.00,293.80,295.00,459760
24-Sep-14,292.00,297.20,290.40,296.50,998299
23-Sep-14,293.50,294.72,290.00,291.50,741965
22-Sep-14,298.70,299.60,294.30,295.00,857848
19-Sep-14,304.60,307.00,299.00,299.00,4632264
18-Sep-14,305.70,306.30,299.50,301.80,824650
17-Sep-14,308.00,308.50,304.90,305.50,709974
16-Sep-14,303.90,306.70,303.50,306.30,821020
15-Sep-14,306.10,308.97,304.40,305.10,517729
12-Sep-14,306.80,309.50,304.42,307.60,517507
11-Sep-14,306.00,308.30,303.40,304.90,690282
10-Sep-14,314.40,314.40,305.00,305.60,492309
9-Sep-14,308.30,314.10,308.30,313.40,733365
8-Sep-14,312.00,312.00,307.00,309.90,561562
5-Sep-14,313.00,313.70,308.70,313.00,790686
4-Sep-14,304.00,316.90,304.00,313.80,1401283
3-Sep-14,305.30,307.65,301.00,301.00,409517
2-Sep-14,300.80,306.00,300.80,305.70,551597
1-Sep-14,303.80,303.80,299.90,301.60,308485
29-Aug-14,302.30,305.00,300.50,302.30,601981
28-Aug-14,303.60,303.60,298.50,300.30,482380
27-Aug-14,302.80,306.00,301.69,303.20,438002
26-Aug-14,304.20,307.40,299.10,303.20,608358
22-Aug-14,299.50,301.60,298.85,301.60,531596
21-Aug-14,300.70,301.70,298.20,298.50,627479
20-Aug-14,300.50,301.54,299.77,301.50,519264
19-Aug-14,302.60,302.90,299.50,300.30,1033598
18-Aug-14,303.80,304.34,300.20,301.00,522098
15-Aug-14,302.20,304.00,298.60,301.00,986917
14-Aug-14,302.20,304.70,301.79,303.30,705911
13-Aug-14,299.20,303.10,296.90,301.60,690100
12-Aug-14,299.80,299.80,295.50,297.40,612157
11-Aug-14,300.00,301.80,298.50,299.10,484079
8-Aug-14,296.40,299.20,292.40,297.70,766324
7-Aug-14,298.00,300.90,297.90,298.20,409356
6-Aug-14,304.50,305.35,297.30,300.71,1149650
5-Aug-14,308.40,310.60,305.30,307.00,615540
4-Aug-14,314.60,314.60,307.60,308.40,800837
1-Aug-14,315.40,315.40,307.90,312.50,822835
31-Jul-14,318.30,318.30,311.50,314.50,976881
30-Jul-14,319.80,320.20,316.80,317.30,523158
29-Jul-14,317.90,320.90,316.90,318.60,1100832
28-Jul-14,319.20,319.20,316.50,319.00,685532
25-Jul-14,321.90,324.50,318.50,319.00,468270
24-Jul-14,318.70,323.46,316.50,323.00,748425
23-Jul-14,320.80,322.80,315.30,316.80,724054
22-Jul-14,312.40,322.80,312.00,320.00,910281
21-Jul-14,311.80,313.30,310.70,312.70,490826
18-Jul-14,312.60,313.70,309.10,312.50,465656
17-Jul-14,312.30,313.50,307.30,312.20,510609
16-Jul-14,311.80,314.70,309.80,311.70,398235
15-Jul-14,311.40,313.30,308.70,309.50,719810
14-Jul-14,312.00,313.70,311.46,312.70,517648
11-Jul-14,313.40,314.30,310.20,311.50,1142223
10-Jul-14,318.80,318.80,310.20,313.00,1599945
9-Jul-14,318.10,318.50,314.90,318.20,633208
8-Jul-14,321.30,322.20,316.80,317.80,761384
7-Jul-14,318.30,325.50,318.30,322.40,623057
4-Jul-14,325.00,330.10,319.50,320.10,348966
3-Jul-14,325.60,331.00,322.20,324.00,552778
2-Jul-14,324.90,331.20,324.00,324.70,1186428
1-Jul-14,326.50,334.30,325.30,333.10,962032
30-Jun-14,322.20,325.98,321.50,325.50,587333
27-Jun-14,323.00,324.20,321.30,322.40,472286
26-Jun-14,320.50,323.80,319.40,323.20,694100
25-Jun-14,318.70,322.40,318.70,320.50,605148
24-Jun-14,322.80,322.80,318.50,321.00,668227
23-Jun-14,322.30,323.00,319.50,321.00,361908
20-Jun-14,322.50,323.60,319.80,323.30,873028
19-Jun-14,323.50,324.60,319.70,321.00,744217
18-Jun-14,322.10,323.20,320.00,322.90,683246
17-Jun-14,319.00,321.30,318.90,320.90,1360741
16-Jun-14,321.30,321.30,318.37,319.50,780838
13-Jun-14,322.40,322.40,319.70,321.10,914841
12-Jun-14,319.30,324.20,318.90,322.90,630386
11-Jun-14,323.40,324.30,318.40,319.60,629683
10-Jun-14,323.50,323.80,319.80,323.00,628528
9-Jun-14,326.20,327.10,321.10,323.70,534654
6-Jun-14,323.50,328.91,323.50,326.20,695502
5-Jun-14,321.70,325.90,319.90,324.70,1131974
4-Jun-14,320.50,322.80,317.10,322.00,508991
3-Jun-14,327.40,327.40,319.50,320.50,1288070
2-Jun-14,320.80,327.50,320.80,325.10,799709
30-May-14,322.30,324.00,316.70,320.80,1422365
29-May-14,318.00,325.72,318.00,321.90,1575876
28-May-14,314.80,320.59,313.00,315.60,1052695
27-May-14,314.10,318.28,312.90,313.00,752002
23-May-14,307.70,312.10,306.10,311.90,966416
22-May-14,305.70,308.90,303.40,307.00,660850
21-May-14,306.70,306.70,302.40,304.50,936220
20-May-14,297.70,308.00,297.70,305.30,1425503
19-May-14,295.40,300.60,294.50,298.50,1134264
16-May-14,289.50,295.40,282.60,295.20,2011039
15-May-14,299.50,303.80,284.30,284.30,1810982
14-May-14,296.00,296.00,290.10,291.40,895095
13-May-14,297.20,297.20,292.60,294.90,616759
12-May-14,287.40,298.40,286.20,295.00,1425062
9-May-14,290.60,290.60,285.40,286.30,890155
8-May-14,288.20,296.20,286.80,290.00,1920097
7-May-14,298.80,299.70,295.50,296.00,1232456
6-May-14,295.40,299.20,292.01,297.90,802729
2-May-14,300.00,300.80,293.80,294.60,1240762
1-May-14,285.70,292.30,285.70,288.40,547969
30-Apr-14,286.90,288.90,286.30,286.80,532462
29-Apr-14,285.70,290.23,285.70,288.20,754173
28-Apr-14,292.60,293.10,285.80,287.20,720899
25-Apr-14,294.80,294.80,292.00,293.18,922954
24-Apr-14,293.90,297.20,292.70,295.00,522366
23-Apr-14,297.70,298.30,292.70,294.10,493732
22-Apr-14,297.20,300.60,296.00,296.70,501727
17-Apr-14,290.80,295.60,289.19,293.81,885570
16-Apr-14,289.80,293.10,284.50,289.90,890825
15-Apr-14,288.10,289.20,282.80,287.60,898577
14-Apr-14,293.90,293.90,286.30,288.10,1108368
11-Apr-14,303.60,303.70,292.30,293.40,1390081
10-Apr-14,309.30,310.07,301.80,303.70,788704
9-Apr-14,309.60,312.20,308.00,308.00,872632
8-Apr-14,315.90,319.60,306.30,309.00,838735
7-Apr-14,317.30,320.10,315.20,316.60,484058
4-Apr-14,316.80,320.30,316.60,318.00,443372
3-Apr-14,314.20,317.60,314.20,316.40,448445
2-Apr-14,316.30,318.80,314.10,314.80,620612
1-Apr-14,319.90,320.49,315.70,317.80,774280
31-Mar-14,324.70,325.50,319.20,320.30,748151
28-Mar-14,326.20,326.20,318.80,322.60,788243
27-Mar-14,319.50,324.30,313.91,322.50,826380
26-Mar-14,321.60,322.40,318.10,318.70,741023
25-Mar-14,319.50,322.20,316.90,318.97,1059454
24-Mar-14,321.30,322.75,316.50,318.20,792430
21-Mar-14,321.90,324.10,319.42,323.10,1431569
20-Mar-14,319.30,321.40,317.70,321.40,931959
19-Mar-14,318.30,320.30,314.70,319.60,943822
18-Mar-14,313.80,318.60,312.20,317.80,1038246
17-Mar-14,301.90,313.90,301.34,312.90,1871878
14-Mar-14,301.20,302.50,296.50,301.20,825565
13-Mar-14,304.60,307.10,302.20,302.90,982055
12-Mar-14,301.60,306.20,300.40,303.80,941972
11-Mar-14,302.00,302.00,294.90,301.40,1289490
10-Mar-14,308.60,310.50,299.20,300.40,1075564
7-Mar-14,313.10,314.10,307.70,308.00,766185
6-Mar-14,314.80,315.00,311.20,314.00,674649
5-Mar-14,311.80,316.00,311.80,313.20,921412
4-Mar-14,312.80,316.10,312.40,314.00,1089172
3-Mar-14,312.30,312.70,309.10,310.20,1275880
28-Feb-14,318.90,319.60,315.80,316.50,1382109
27-Feb-14,321.30,321.50,316.70,319.20,911080
26-Feb-14,321.90,323.30,319.50,322.00,983388
25-Feb-14,319.00,322.80,315.90,322.50,1402947
24-Feb-14,317.80,319.20,312.90,319.20,1572129
21-Feb-14,320.10,321.00,316.10,316.70,1242314
20-Feb-14,318.60,321.60,318.40,319.50,771792
19-Feb-14,320.10,323.50,320.10,322.60,903816
18-Feb-14,314.40,321.40,313.70,320.60,1075863
17-Feb-14,311.10,316.00,310.60,316.00,758406
14-Feb-14,309.90,312.80,309.00,311.50,638386
13-Feb-14,310.00,311.20,305.40,311.20,1430983
12-Feb-14,308.70,309.60,306.40,307.30,1077378
11-Feb-14,299.70,311.00,298.20,309.60,2282836
10-Feb-14,298.30,298.30,293.50,298.10,1504909
7-Feb-14,298.90,299.50,296.20,297.70,1414188
6-Feb-14,306.40,306.40,296.00,298.00,2527625
5-Feb-14,303.00,305.50,302.90,304.00,1470418
4-Feb-14,312.40,325.00,303.80,312.00,2795001
3-Feb-14,312.80,312.80,308.40,310.30,1616104
31-Jan-14,313.00,317.80,307.10,312.00,1878965
30-Jan-14,321.00,321.00,310.40,312.50,1953741
29-Jan-14,319.20,326.20,316.10,320.70,1074200
28-Jan-14,317.00,322.10,315.00,318.20,788646
27-Jan-14,317.20,319.70,315.00,316.00,1169727
24-Jan-14,324.30,324.30,316.90,318.50,1136848
23-Jan-14,324.00,329.20,322.00,323.40,1389322
22-Jan-14,318.70,326.40,318.70,325.80,1666174
21-Jan-14,317.80,320.90,314.20,317.40,715559
20-Jan-14,314.20,319.80,314.20,316.70,665759
17-Jan-14,313.00,315.70,313.00,315.20,1500908
16-Jan-14,316.50,316.80,313.20,314.70,792919
15-Jan-14,315.00,315.60,311.60,315.60,1171535
14-Jan-14,314.10,315.00,311.70,314.90,769531
13-Jan-14,316.30,316.30,313.60,315.00,486761
10-Jan-14,312.70,320.60,311.30,314.10,2429211
9-Jan-14,312.10,313.00,310.30,312.10,724112
8-Jan-14,311.00,311.60,308.60,311.20,758419
7-Jan-14,312.60,313.00,310.00,310.40,858211
6-Jan-14,309.50,313.40,307.70,312.10,667290
3-Jan-14,307.30,312.50,307.30,310.90,901019
2-Jan-14,305.70,308.30,303.70,307.60,824380
31-Dec-13,303.80,309.60,303.80,306.00,572198
30-Dec-13,302.20,304.50,291.10,302.60,976763
27-Dec-13,300.90,304.40,299.90,304.20,492786
24-Dec-13,302.00,302.90,299.90,301.00,71565
23-Dec-13,300.30,304.50,299.40,302.20,1111450
20-Dec-13,290.90,300.80,289.90,300.60,1942100
19-Dec-13,291.60,292.00,288.00,291.40,848113
18-Dec-13,291.60,291.60,287.30,288.10,1010915
17-Dec-13,283.90,292.80,282.10,291.20,1388192
16-Dec-13,283.50,284.60,280.80,283.20,930232
13-Dec-13,286.30,286.30,280.30,281.30,919796
12-Dec-13,286.80,288.80,283.70,285.70,606833
11-Dec-13,287.50,288.60,285.00,286.10,1290730
10-Dec-13,280.10,288.20,280.10,287.20,2067526
9-Dec-13,276.80,281.10,275.50,281.10,2011451
6-Dec-13,273.50,277.40,273.50,274.30,2698285
5-Dec-13,272.00,277.00,269.80,273.30,6170686
4-Dec-13,265.80,270.20,263.00,269.80,1810728
3-Dec-13,265.30,266.20,261.10,263.70,1177084
2-Dec-13,271.90,272.00,266.40,266.40,991466
29-Nov-13,269.90,272.20,266.90,272.00,3017922
28-Nov-13,265.40,270.10,265.40,266.30,1151209
27-Nov-13,267.30,269.40,264.60,266.90,996978
26-Nov-13,269.00,269.70,264.70,266.50,1315860
25-Nov-13,269.10,271.70,266.80,269.20,2297707
22-Nov-13,270.60,272.30,265.20,266.10,1136944
21-Nov-13,264.20,271.40,264.20,267.50,1758978
20-Nov-13,270.70,273.50,264.10,265.00,1905780
19-Nov-13,277.00,281.10,274.10,276.00,1948247
18-Nov-13,276.50,277.80,271.90,275.98,1601615
15-Nov-13,282.80,283.30,276.40,277.08,2110702
14-Nov-13,280.50,282.60,277.90,281.50,1989018
13-Nov-13,275.20,280.20,268.10,277.80,2172442
12-Nov-13,266.00,279.10,258.60,275.40,5495221
11-Nov-13,245.80,251.80,245.00,249.90,1606497
8-Nov-13,249.00,253.40,248.30,248.60,1102737
7-Nov-13,249.40,252.10,247.30,251.00,1129073
6-Nov-13,259.00,259.50,249.60,250.20,1805989
5-Nov-13,264.00,264.00,256.90,258.90,813208
4-Nov-13,266.90,267.40,262.20,262.50,846809
1-Nov-13,266.60,267.30,263.90,264.30,754644
31-Oct-13,269.00,269.00,261.00,266.80,963528
30-Oct-13,271.20,272.30,268.70,270.00,786284
29-Oct-13,266.30,271.40,264.00,269.30,726626
28-Oct-13,264.60,266.70,261.00,264.20,489418
25-Oct-13,263.40,267.50,263.40,264.40,706226
24-Oct-13,265.60,266.30,262.90,265.70,736017
23-Oct-13,260.00,266.50,-,264.88,2002372
22-Oct-13,266.20,268.40,263.90,268.00,635881
21-Oct-13,264.20,270.00,263.00,267.30,755509
18-Oct-13,260.10,263.60,257.60,263.40,903226
17-Oct-13,254.90,259.90,254.90,259.90,647598
16-Oct-13,253.70,256.60,253.30,255.40,787306
15-Oct-13,256.40,258.10,255.20,255.20,896035
14-Oct-13,250.00,258.50,250.00,256.10,1278144
11-Oct-13,250.80,251.50,247.40,251.00,617675
10-Oct-13,250.30,250.30,247.00,249.00,862577
9-Oct-13,246.70,248.70,246.60,247.50,1194694
8-Oct-13,246.20,248.50,245.90,248.00,594919
7-Oct-13,250.00,250.00,243.70,246.60,863019
4-Oct-13,250.70,252.20,249.00,250.10,626247
3-Oct-13,248.10,251.30,248.10,251.20,1232162
2-Oct-13,249.60,250.50,246.50,248.10,1241141
1-Oct-13,242.20,251.00,240.80,250.00,1412665
30-Sep-13,241.00,244.30,238.70,241.60,1178726
27-Sep-13,243.00,245.90,239.10,243.70,1769791
26-Sep-13,247.10,250.50,241.70,243.20,1684778
25-Sep-13,253.10,256.10,245.90,247.90,1187032
24-Sep-13,251.90,252.60,249.30,252.30,833536
20-Sep-13,249.50,253.50,248.30,249.20,1303771
19-Sep-13,253.00,254.30,248.80,249.30,745871
18-Sep-13,252.40,253.00,249.20,251.00,719676
17-Sep-13,253.10,253.10,251.50,252.50,934930
16-Sep-13,258.80,259.70,251.10,253.00,1256984
13-Sep-13,249.00,260.30,249.00,257.50,1185909
12-Sep-13,254.10,254.10,249.00,253.62,1368289
11-Sep-13,253.20,255.00,252.30,252.70,549759
10-Sep-13,256.30,256.30,252.10,254.00,1055993
9-Sep-13,254.20,256.10,252.50,254.90,750969
6-Sep-13,256.00,256.60,253.60,255.00,1173271
5-Sep-13,258.00,260.20,255.40,257.00,1307999
4-Sep-13,255.00,259.20,248.00,258.20,1692259
3-Sep-13,252.80,260.10,252.50,253.50,1959933
2-Sep-13,238.20,251.20,238.20,248.00,1016335
30-Aug-13,243.30,244.90,238.50,238.50,649721
29-Aug-13,237.80,242.30,237.50,242.10,1069520
28-Aug-13,238.20,239.90,235.60,237.40,782016
27-Aug-13,246.00,246.00,237.40,239.70,1128920
23-Aug-13,240.60,246.90,240.60,246.90,558144
22-Aug-13,242.90,244.90,241.50,241.50,547427
21-Aug-13,241.20,244.70,240.10,241.70,703080
20-Aug-13,242.10,244.00,235.40,241.30,931276
19-Aug-13,246.60,246.60,242.80,244.50,785653
16-Aug-13,244.70,245.70,242.60,245.30,1000353
15-Aug-13,249.80,249.80,242.70,244.30,851935
14-Aug-13,252.60,253.60,249.30,249.30,651680
13-Aug-13,255.30,255.60,252.10,253.10,791918
12-Aug-13,255.80,255.80,250.90,252.90,585677
9-Aug-13,250.00,256.90,250.00,256.30,1350409
8-Aug-13,250.10,251.90,248.50,250.10,641978
7-Aug-13,249.40,251.10,247.60,247.80,688708
6-Aug-13,250.20,251.80,249.00,250.40,1221800
5-Aug-13,248.90,253.60,248.80,250.90,940505
2-Aug-13,248.00,251.00,247.10,249.10,1291305
1-Aug-13,246.80,247.60,243.80,247.50,662033
31-Jul-13,247.60,247.60,242.00,247.00,800240
30-Jul-13,245.60,246.10,243.40,244.00,1034237
29-Jul-13,245.00,247.50,244.10,246.00,651766
26-Jul-13,240.00,246.20,239.50,243.80,849850
25-Jul-13,246.60,247.00,238.50,239.60,833769
24-Jul-13,254.00,254.40,241.30,245.40,2049519
23-Jul-13,245.00,255.20,244.60,252.00,1899525
22-Jul-13,240.60,243.20,235.30,243.10,963962
19-Jul-13,240.40,242.30,237.38,241.20,695442
18-Jul-13,237.80,240.10,235.70,239.40,619261
17-Jul-13,233.30,237.10,232.00,236.00,621365
16-Jul-13,236.00,237.30,233.10,233.50,529499
15-Jul-13,237.00,240.54,235.90,236.30,1013673
12-Jul-13,231.50,236.20,231.50,235.00,1030734
11-Jul-13,230.00,232.00,228.20,231.10,1056198
10-Jul-13,231.50,232.42,227.60,229.60,716096
9-Jul-13,231.10,235.70,231.10,232.10,1534707
8-Jul-13,228.60,234.40,228.60,233.10,932890
5-Jul-13,226.70,231.20,226.70,228.00,800454
4-Jul-13,223.30,229.70,220.20,228.50,949813
3-Jul-13,219.60,222.64,218.60,222.00,1010822
2-Jul-13,230.00,230.10,226.18,228.60,1099569
1-Jul-13,225.10,232.50,225.10,229.70,1028552
28-Jun-13,230.60,232.40,224.10,224.40,1642861
27-Jun-13,233.40,233.80,229.20,232.10,1001687
26-Jun-13,222.00,232.60,221.30,231.90,1986601
25-Jun-13,216.40,220.70,214.70,219.40,1425205
24-Jun-13,221.20,222.80,213.40,214.00,1222916
21-Jun-13,226.00,226.00,217.60,220.90,3239961
20-Jun-13,236.40,236.40,231.20,234.90,1108808
19-Jun-13,234.60,240.74,234.60,237.70,1624311
18-Jun-13,235.00,236.00,230.00,235.00,1683262
17-Jun-13,222.70,226.60,222.70,224.50,815253
14-Jun-13,224.00,224.60,222.10,223.10,671872
13-Jun-13,225.60,226.00,223.10,223.30,1090455
12-Jun-13,221.50,228.60,221.20,226.00,1859245
11-Jun-13,222.60,222.80,218.80,222.10,1136137
10-Jun-13,226.70,227.50,218.40,221.30,1472840
7-Jun-13,225.70,229.80,225.70,227.70,1071809
6-Jun-13,225.60,229.00,225.10,226.70,692692
5-Jun-13,227.00,229.70,225.00,226.00,1256062
4-Jun-13,229.70,230.50,227.40,228.00,1679014
3-Jun-13,227.00,230.00,226.39,227.20,967946
31-May-13,227.50,230.00,226.98,228.50,1170371
30-May-13,225.00,228.80,224.00,228.00,1338129
29-May-13,231.80,231.80,223.80,226.30,1468761
28-May-13,230.50,230.70,226.30,230.00,1999591
24-May-13,233.20,233.74,228.86,230.00,1016629
23-May-13,232.80,235.90,228.70,231.10,1686209
22-May-13,247.90,248.70,236.80,237.50,1914363
21-May-13,245.70,249.90,245.00,247.20,1396421
20-May-13,248.90,251.73,241.80,244.30,979903
17-May-13,251.10,251.10,237.86,247.60,1741501
16-May-13,232.40,249.10,224.33,242.00,2520216
15-May-13,223.10,227.60,217.90,227.00,2241408
14-May-13,214.00,225.00,213.60,225.00,2505089
13-May-13,216.00,220.00,206.80,214.50,4282134
10-May-13,221.00,229.70,208.10,217.40,3594553
9-May-13,251.70,252.76,217.20,221.60,4834380
8-May-13,254.00,256.40,252.50,252.50,718330
7-May-13,256.40,257.30,250.90,253.30,1120183
3-May-13,255.30,257.50,253.10,255.10,660287
2-May-13,248.90,255.14,248.90,253.50,710358
1-May-13,252.60,259.00,251.10,257.00,503518
30-Apr-13,251.00,252.20,248.00,250.70,862692
29-Apr-13,253.20,253.80,250.10,251.30,325413
26-Apr-13,251.10,252.20,248.20,252.00,568531
25-Apr-13,251.20,255.10,251.20,252.30,1186381
24-Apr-13,253.60,255.00,250.20,252.20,872466
23-Apr-13,252.90,255.10,250.30,254.80,868375
22-Apr-13,251.10,254.10,248.10,252.00,1313277
19-Apr-13,255.80,256.20,243.50,250.00,2345616
18-Apr-13,260.20,261.80,253.96,255.90,1348414
17-Apr-13,263.40,264.50,259.60,261.40,760871
16-Apr-13,267.00,267.00,262.60,263.80,587458
15-Apr-13,271.30,272.60,264.80,267.60,914532
12-Apr-13,268.40,272.80,266.40,270.60,624860
11-Apr-13,273.50,274.50,267.10,268.60,840117
10-Apr-13,263.50,273.90,263.50,271.10,1231435
9-Apr-13,262.30,263.10,258.50,262.70,646871
8-Apr-13,261.10,264.20,258.34,261.00,756549
5-Apr-13,264.00,264.00,260.10,261.30,1141226
4-Apr-13,265.60,267.20,259.10,263.10,1548303
3-Apr-13,273.90,274.80,269.10,270.20,1014774
2-Apr-13,268.00,277.30,266.60,276.00,930707
28-Mar-13,269.90,272.90,267.50,272.40,907043
27-Mar-13,274.00,274.00,269.50,270.50,1574119
26-Mar-13,269.80,277.50,269.30,274.10,1171548
25-Mar-13,263.80,271.50,263.80,270.40,902458
22-Mar-13,259.00,266.20,258.40,264.20,586217
21-Mar-13,265.00,265.80,258.30,259.90,542599
20-Mar-13,263.40,266.10,262.80,265.80,527054
19-Mar-13,261.00,266.50,260.20,263.60,634796
18-Mar-13,255.20,262.72,255.20,262.20,829594
15-Mar-13,258.70,263.00,257.30,257.30,2786643
14-Mar-13,261.00,262.09,257.69,259.40,980132
13-Mar-13,264.20,266.90,259.60,261.00,727762
12-Mar-13,264.60,268.00,263.10,265.00,724248
11-Mar-13,257.20,274.75,257.20,265.70,914278
8-Mar-13,253.20,261.90,253.00,258.20,725757
7-Mar-13,250.40,260.18,250.40,255.50,583203
6-Mar-13,253.60,257.40,252.13,257.20,436417
5-Mar-13,251.50,255.90,250.10,252.90,382601
4-Mar-13,250.00,253.10,245.40,251.80,420420
1-Mar-13,254.70,254.87,246.06,251.80,441582
28-Feb-13,257.20,260.10,253.30,254.00,687807
27-Feb-13,252.10,261.20,252.10,257.40,607305
26-Feb-13,258.00,266.20,249.88,258.00,669400
25-Feb-13,260.60,262.58,258.20,260.00,459190
22-Feb-13,258.50,265.70,258.50,260.80,503493
21-Feb-13,262.50,262.50,255.00,257.50,512675
20-Feb-13,259.20,265.90,257.00,261.40,301216
19-Feb-13,259.90,262.66,256.30,258.70,347641
18-Feb-13,257.80,260.00,255.70,256.70,170180
15-Feb-13,255.90,257.00,253.56,256.60,305802
14-Feb-13,256.20,256.40,250.80,254.70,406968
13-Feb-13,255.00,257.90,253.60,255.00,1068360
12-Feb-13,255.00,256.00,249.42,255.00,893384
11-Feb-13,254.20,255.74,243.96,254.00,353331
8-Feb-13,253.70,255.60,252.60,254.70,523010
7-Feb-13,255.00,259.70,252.00,254.00,870795
6-Feb-13,241.10,255.00,241.10,255.00,949644
5-Feb-13,256.00,265.50,239.12,242.00,1749414
4-Feb-13,251.80,256.40,247.70,253.40,729982
1-Feb-13,239.60,252.90,236.34,251.40,861057
31-Jan-13,237.70,238.70,234.83,236.60,448875
30-Jan-13,237.50,240.00,237.49,238.60,469138
29-Jan-13,237.90,240.70,234.90,238.00,381027
28-Jan-13,240.00,244.10,237.60,240.00,274693
25-Jan-13,233.80,240.00,230.90,240.00,495674
24-Jan-13,232.90,235.70,232.00,233.40,306750
23-Jan-13,239.90,239.90,229.31,232.40,765223
22-Jan-13,246.30,248.60,239.70,240.80,412606
21-Jan-13,244.10,248.00,244.10,246.50,318392
18-Jan-13,240.00,247.40,240.00,245.50,515400
17-Jan-13,240.00,241.80,240.00,240.40,260132
16-Jan-13,242.00,242.00,239.50,240.20,323606
15-Jan-13,239.50,244.20,237.90,241.80,352311
14-Jan-13,240.30,241.87,238.70,240.00,601954
11-Jan-13,234.10,243.40,233.50,239.50,1093070
10-Jan-13,232.50,236.10,229.63,233.50,1300899
9-Jan-13,232.90,232.90,229.20,230.00,1044953
8-Jan-13,228.10,237.20,228.10,232.00,1032844
7-Jan-13,235.90,235.90,230.70,233.20,751741
4-Jan-13,239.70,239.70,234.40,235.00,560564
3-Jan-13,236.40,236.90,232.36,234.90,584019
2-Jan-13,235.20,240.50,233.66,236.20,504335
