31-Dec-15,84.80,85.25,84.54,85.25,81719
30-Dec-15,84.90,85.05,84.25,84.70,85660
29-Dec-15,84.85,85.18,84.50,84.60,112247
24-Dec-15,84.85,85.15,84.25,84.25,19435
23-Dec-15,85.00,85.40,84.50,84.90,490630
22-Dec-15,85.05,85.35,84.55,84.65,424630
21-Dec-15,84.00,85.00,84.00,84.80,401685
18-Dec-15,84.00,84.50,83.90,84.00,964008
16-Dec-15,82.20,83.40,82.18,82.80,516934
15-Dec-15,81.60,82.35,80.96,82.00,675018
14-Dec-15,80.35,81.10,79.78,80.70,1712686
11-Dec-15,80.60,81.00,79.55,79.55,954600
10-Dec-15,80.85,81.12,80.60,80.92,243929
9-Dec-15,81.00,81.00,80.28,80.45,223543
8-Dec-15,82.20,82.20,80.20,80.35,839145
7-Dec-15,82.00,82.45,81.88,81.88,207075
4-Dec-15,80.50,82.20,80.50,81.00,365165
3-Dec-15,82.50,82.66,80.66,82.66,1143735
2-Dec-15,83.05,83.40,82.20,82.60,457237
1-Dec-15,82.60,83.75,82.60,83.20,566736
30-Nov-15,83.35,83.35,82.72,82.90,270322
27-Nov-15,83.20,83.30,82.82,82.90,179759
26-Nov-15,82.80,83.30,82.55,83.25,379336
25-Nov-15,83.50,83.64,82.55,82.70,634786
24-Nov-15,84.00,84.00,83.50,83.75,348257
23-Nov-15,83.25,84.00,83.25,84.00,596914
20-Nov-15,82.95,83.75,82.82,83.47,492446
19-Nov-15,83.10,83.41,82.85,83.13,406225
18-Nov-15,84.00,84.50,83.00,83.20,686394
17-Nov-15,84.95,84.95,84.07,84.10,459396
16-Nov-15,84.55,85.05,84.45,84.70,186715
13-Nov-15,84.95,85.32,84.50,84.50,397172
12-Nov-15,86.00,86.06,84.65,85.75,519918
11-Nov-15,86.70,87.00,86.30,86.60,256963
10-Nov-15,86.65,86.86,86.25,86.30,221004
9-Nov-15,86.80,87.46,86.55,86.55,252720
6-Nov-15,86.70,86.85,86.30,86.70,98767
5-Nov-15,87.00,87.25,86.40,86.80,634277
4-Nov-15,88.00,88.00,86.75,86.80,573750
3-Nov-15,87.10,87.69,87.10,87.25,327335
2-Nov-15,87.50,87.94,86.80,87.45,293493
30-Oct-15,87.50,88.15,87.11,87.45,826029
29-Oct-15,87.70,88.25,87.50,88.20,613542
28-Oct-15,87.00,87.80,87.00,87.50,1133569
27-Oct-15,87.40,87.50,86.84,87.10,166634
26-Oct-15,87.25,87.25,86.90,87.17,278015
23-Oct-15,86.20,87.65,86.20,87.10,657747
22-Oct-15,85.80,86.45,85.66,86.15,1407334
21-Oct-15,86.10,86.20,85.50,86.20,199460
20-Oct-15,86.35,86.35,85.50,86.00,461856
19-Oct-15,85.55,86.20,85.50,86.10,224359
16-Oct-15,85.75,86.13,85.50,85.50,510867
15-Oct-15,85.50,86.00,85.50,85.60,145932
14-Oct-15,85.70,86.14,85.55,85.70,262139
13-Oct-15,85.75,86.25,85.70,85.70,217135
12-Oct-15,85.85,86.40,85.75,85.80,686267
9-Oct-15,86.30,86.58,85.85,86.10,540454
8-Oct-15,86.40,86.65,86.05,86.10,447538
7-Oct-15,86.35,86.80,86.20,86.45,318388
6-Oct-15,86.00,86.95,86.00,86.45,517298
5-Oct-15,86.20,86.45,86.05,86.15,989182
2-Oct-15,85.65,86.12,85.65,85.90,112990
1-Oct-15,85.80,86.35,85.61,85.85,250030
30-Sep-15,86.00,86.35,85.80,86.23,179377
29-Sep-15,86.00,86.40,85.65,85.87,222855
28-Sep-15,86.35,86.70,85.90,86.48,218919
25-Sep-15,86.20,86.85,86.10,86.50,161083
24-Sep-15,86.00,87.00,86.00,86.53,537865
23-Sep-15,85.15,86.10,84.50,86.10,456386
22-Sep-15,85.70,85.91,84.50,85.00,1333440
21-Sep-15,85.70,86.30,85.70,86.00,674043
18-Sep-15,85.80,86.30,85.20,85.20,1793478
17-Sep-15,86.45,86.75,85.80,86.10,619648
16-Sep-15,86.90,86.90,86.25,86.30,175639
15-Sep-15,86.30,86.85,86.05,86.60,140072
14-Sep-15,86.00,86.55,85.90,86.05,422707
11-Sep-15,86.50,86.80,86.00,86.00,877210
10-Sep-15,87.00,87.29,86.25,86.35,666353
9-Sep-15,86.90,87.44,86.65,87.00,221104
8-Sep-15,87.00,87.50,86.00,86.50,1215065
7-Sep-15,87.55,87.80,86.70,86.70,127278
4-Sep-15,86.70,87.82,86.70,86.80,403538
3-Sep-15,87.85,87.85,86.00,86.50,323361
2-Sep-15,86.50,87.35,86.32,87.00,709504
1-Sep-15,87.95,87.95,86.05,86.10,623402
28-Aug-15,87.50,87.80,86.75,87.06,278589
27-Aug-15,87.40,87.70,87.10,87.20,287335
26-Aug-15,87.00,87.77,86.75,87.40,488525
25-Aug-15,87.00,87.90,86.49,87.40,335629
24-Aug-15,88.70,88.70,86.05,87.45,1531170
21-Aug-15,88.85,88.85,87.40,87.65,252442
20-Aug-15,87.30,87.90,87.30,87.85,95427
19-Aug-15,88.50,88.50,87.30,88.00,157486
18-Aug-15,88.70,88.70,87.30,87.60,507822
17-Aug-15,88.65,88.65,87.41,87.60,116205
14-Aug-15,88.65,88.65,87.30,87.80,178263
13-Aug-15,88.00,88.06,87.30,87.35,372858
12-Aug-15,89.30,89.30,88.00,88.50,430409
11-Aug-15,88.10,88.50,88.00,88.30,80144
10-Aug-15,88.55,88.64,88.06,88.18,186877
7-Aug-15,89.05,89.05,88.20,88.30,197750
6-Aug-15,89.00,89.00,88.20,88.20,139612
5-Aug-15,88.85,88.85,88.00,88.24,228767
4-Aug-15,88.90,88.90,88.00,88.60,120218
3-Aug-15,89.20,89.20,88.00,88.07,160006
31-Jul-15,88.00,88.76,88.00,88.50,217123
30-Jul-15,88.85,89.15,88.26,88.45,158440
29-Jul-15,89.05,89.30,88.80,88.80,351441
28-Jul-15,89.00,89.30,88.20,89.00,315005
27-Jul-15,88.25,88.98,87.75,88.59,532855
24-Jul-15,89.20,89.25,88.34,88.75,179603
23-Jul-15,89.35,89.65,88.70,89.05,392646
22-Jul-15,90.00,90.15,89.35,89.75,505932
21-Jul-15,89.90,90.46,89.65,90.20,291500
20-Jul-15,90.00,90.90,89.56,90.10,271814
17-Jul-15,89.65,90.00,89.60,90.00,155015
16-Jul-15,90.00,90.47,89.60,90.05,260828
15-Jul-15,90.50,90.50,89.70,89.79,289831
14-Jul-15,91.00,91.02,90.20,90.60,427118
13-Jul-15,90.70,91.15,90.20,90.68,358059
10-Jul-15,89.75,90.50,89.30,90.03,258063
9-Jul-15,89.90,90.10,88.90,90.00,649068
8-Jul-15,89.95,90.40,89.40,89.50,383157
7-Jul-15,90.50,90.65,90.25,90.40,274769
6-Jul-15,90.55,90.77,90.15,90.49,318009
3-Jul-15,90.90,91.00,90.70,91.00,372169
2-Jul-15,90.65,91.50,90.65,91.20,727110
1-Jul-15,90.25,91.50,90.25,91.35,176283
30-Jun-15,90.20,91.10,89.95,90.80,646291
29-Jun-15,89.30,90.50,89.20,90.45,313569
26-Jun-15,90.30,90.30,89.70,89.85,207956
25-Jun-15,89.50,89.88,89.50,89.65,616531
24-Jun-15,90.90,90.90,89.50,89.50,296335
23-Jun-15,90.95,91.33,90.15,90.25,301617
22-Jun-15,91.00,92.00,90.80,92.00,1143335
19-Jun-15,91.50,92.00,90.75,91.45,10093517
18-Jun-15,91.00,91.50,90.40,91.50,1472740
17-Jun-15,90.10,91.00,90.10,90.50,1622570
16-Jun-15,89.95,91.25,88.75,89.80,1255940
15-Jun-15,89.00,90.05,88.29,89.95,847157
12-Jun-15,88.50,88.80,87.75,88.80,342695
11-Jun-15,88.25,88.25,87.84,88.00,1744083
10-Jun-15,88.05,88.05,87.78,87.97,1174440
9-Jun-15,88.00,88.02,87.70,87.80,1126221
8-Jun-15,87.25,88.00,87.10,88.00,679351
5-Jun-15,86.80,88.00,86.80,88.00,1318639
4-Jun-15,87.00,87.50,86.80,87.02,759103
3-Jun-15,87.50,87.50,86.75,86.75,513902
2-Jun-15,86.15,87.40,86.15,87.05,1286551
1-Jun-15,86.90,87.25,86.65,86.95,275808
29-May-15,86.70,87.15,86.20,87.00,868149
28-May-15,88.00,88.00,86.60,87.12,543887
27-May-15,88.70,88.70,87.10,87.10,844967
26-May-15,88.65,88.65,88.20,88.40,276460
22-May-15,88.50,88.75,86.50,88.40,553581
21-May-15,88.75,89.00,88.50,88.96,462214
20-May-15,89.45,89.45,88.75,88.75,243618
19-May-15,89.00,89.00,88.75,88.80,323632
18-May-15,88.75,89.25,88.75,88.90,152271
15-May-15,89.50,89.50,88.75,89.25,526302
14-May-15,89.40,89.40,88.95,89.00,285170
13-May-15,89.50,90.35,89.50,89.57,341099
12-May-15,90.30,90.32,89.60,89.60,251857
11-May-15,90.40,90.50,89.75,90.00,246575
8-May-15,90.20,90.20,89.50,89.95,661840
7-May-15,89.60,90.20,89.40,89.40,415769
6-May-15,91.40,91.55,89.50,89.76,1452204
5-May-15,91.40,91.80,91.40,91.60,193271
1-May-15,91.70,91.85,91.10,91.70,93102
30-Apr-15,91.00,91.90,91.00,91.70,471007
29-Apr-15,91.60,92.08,91.25,91.75,354686
28-Apr-15,92.50,92.60,91.60,91.77,429257
27-Apr-15,92.75,92.75,91.90,92.20,227402
24-Apr-15,92.75,93.00,92.00,92.55,712897
23-Apr-15,93.50,93.50,92.50,92.85,181801
22-Apr-15,93.25,93.40,92.65,92.75,187496
21-Apr-15,93.75,93.75,91.88,92.45,2339998
20-Apr-15,93.00,93.28,93.00,93.20,412748
17-Apr-15,93.00,93.56,93.00,93.20,183239
16-Apr-15,93.00,94.00,93.00,93.00,327206
15-Apr-15,93.60,94.00,93.00,93.10,415690
14-Apr-15,93.70,93.78,93.15,93.30,84674
13-Apr-15,93.00,93.75,93.00,93.25,679640
10-Apr-15,93.10,93.50,92.60,93.50,326578
9-Apr-15,92.75,93.05,92.60,92.80,27152
8-Apr-15,92.75,93.10,92.38,92.80,343521
7-Apr-15,92.00,92.70,91.65,92.60,404009
2-Apr-15,91.40,92.00,91.40,91.74,354000
1-Apr-15,91.75,91.90,91.45,91.45,282484
31-Mar-15,90.95,91.90,90.95,91.86,673727
30-Mar-15,91.00,91.70,91.00,91.48,244781
27-Mar-15,90.70,91.65,90.70,91.65,386770
26-Mar-15,91.50,91.50,90.70,91.00,239067
25-Mar-15,90.70,91.50,90.70,91.25,226496
24-Mar-15,91.40,91.60,91.08,91.40,946071
23-Mar-15,90.70,91.50,90.70,91.50,117395
20-Mar-15,90.90,91.50,90.70,91.30,3354881
19-Mar-15,91.60,91.65,91.10,91.50,276719
18-Mar-15,91.00,91.70,91.00,91.50,596710
17-Mar-15,91.20,91.50,91.00,91.22,216855
16-Mar-15,91.25,91.25,91.00,91.10,497385
13-Mar-15,91.25,91.25,90.80,91.00,555781
12-Mar-15,90.90,91.15,90.50,91.01,1244669
11-Mar-15,91.20,91.65,90.75,91.03,1340758
10-Mar-15,91.50,91.50,91.25,91.30,265794
9-Mar-15,91.15,91.50,91.00,91.30,166064
6-Mar-15,90.75,91.65,90.50,91.02,960094
5-Mar-15,91.50,91.65,90.80,91.10,211241
4-Mar-15,90.70,91.50,90.70,91.20,149294
3-Mar-15,90.50,91.50,90.35,91.10,709779
2-Mar-15,88.60,90.40,88.60,90.35,827750
27-Feb-15,88.60,89.15,88.53,89.15,341352
26-Feb-15,88.10,88.65,88.10,88.65,337080
25-Feb-15,88.60,88.60,88.20,88.60,121553
24-Feb-15,88.65,88.65,88.15,88.25,166569
23-Feb-15,88.40,88.65,88.22,88.25,148355
20-Feb-15,88.10,88.85,88.10,88.30,208810
19-Feb-15,89.00,89.00,88.13,88.31,325504
18-Feb-15,89.60,89.60,89.00,89.25,254332
17-Feb-15,89.25,89.70,89.00,89.30,850407
16-Feb-15,90.20,90.20,89.35,89.45,45427
13-Feb-15,90.35,90.35,89.20,90.00,325002
12-Feb-15,89.85,90.20,89.75,89.77,295293
11-Feb-15,90.35,90.35,89.80,89.97,64782
10-Feb-15,90.10,90.40,89.75,90.06,425805
9-Feb-15,91.00,91.00,90.00,90.00,426823
6-Feb-15,91.25,91.60,90.40,90.73,2827816
5-Feb-15,91.25,91.25,90.25,90.70,202742
4-Feb-15,91.00,91.00,90.40,90.65,150781
3-Feb-15,90.75,91.00,90.00,90.80,467555
2-Feb-15,90.50,90.75,89.75,90.16,373277
30-Jan-15,90.50,90.90,89.75,89.75,441426
29-Jan-15,91.05,91.05,90.60,90.89,195488
28-Jan-15,92.00,92.00,90.60,91.00,629720
27-Jan-15,92.00,92.02,91.45,91.90,347451
26-Jan-15,91.55,92.00,91.40,91.50,211476
23-Jan-15,91.90,92.55,90.99,90.99,470700
22-Jan-15,92.50,92.60,91.85,91.85,432226
21-Jan-15,92.60,92.65,91.75,91.90,240550
20-Jan-15,92.30,92.60,91.50,92.60,433701
19-Jan-15,91.50,92.20,91.30,91.60,1216353
16-Jan-15,91.40,91.80,90.55,91.20,277211
15-Jan-15,90.35,91.35,90.35,91.00,337700
14-Jan-15,90.70,91.00,90.10,90.60,565421
13-Jan-15,90.55,90.70,90.05,90.68,251367
12-Jan-15,90.00,90.55,90.00,90.50,65370
9-Jan-15,90.35,90.50,90.00,90.50,320496
8-Jan-15,89.70,90.40,89.30,90.40,545829
7-Jan-15,89.25,89.75,89.25,89.75,418947
6-Jan-15,88.50,89.55,88.50,89.50,371706
5-Jan-15,89.00,89.40,88.10,89.35,572504
31-Dec-14,87.70,88.71,87.70,88.20,199903
30-Dec-14,88.50,88.70,88.00,88.60,182154
29-Dec-14,88.50,88.50,87.83,88.15,351374
24-Dec-14,88.50,88.50,88.05,88.05,51192
23-Dec-14,87.90,88.20,87.40,88.20,126817
22-Dec-14,87.55,87.85,87.16,87.85,194357
19-Dec-14,87.50,87.55,87.00,87.50,2747797
18-Dec-14,86.25,87.50,86.25,87.50,727885
17-Dec-14,86.45,86.75,86.35,86.54,236672
16-Dec-14,86.25,86.80,86.25,86.54,189157
15-Dec-14,86.70,86.78,86.25,86.52,139609
12-Dec-14,86.90,86.90,86.45,86.59,159437
11-Dec-14,86.15,86.89,86.15,86.75,136705
10-Dec-14,85.95,86.80,85.95,86.54,296720
9-Dec-14,86.85,86.85,86.16,86.55,153315
8-Dec-14,86.90,86.90,85.90,86.60,208457
5-Dec-14,86.85,86.85,85.95,86.00,265276
4-Dec-14,86.35,86.65,86.30,86.60,179297
3-Dec-14,86.70,86.75,86.00,86.50,368106
2-Dec-14,86.20,86.60,86.20,86.50,146937
1-Dec-14,86.35,86.70,86.06,86.67,289673
28-Nov-14,85.50,86.30,85.50,86.30,749348
27-Nov-14,85.70,86.00,85.34,86.00,476059
26-Nov-14,85.75,85.75,85.07,85.42,242550
25-Nov-14,85.30,85.50,85.03,85.25,857057
24-Nov-14,84.80,85.40,84.80,85.21,423612
21-Nov-14,84.80,85.40,84.80,85.30,441860
20-Nov-14,85.50,85.50,84.95,85.30,347498
19-Nov-14,85.30,85.40,85.10,85.23,624688
18-Nov-14,84.95,85.30,84.65,85.30,751186
17-Nov-14,84.95,84.95,84.35,84.60,197732
14-Nov-14,85.00,85.00,83.50,84.94,175160
13-Nov-14,85.10,85.10,84.20,84.50,174530
12-Nov-14,85.10,85.10,84.40,84.40,182831
11-Nov-14,85.00,85.00,84.27,84.27,305260
10-Nov-14,85.10,85.10,84.25,84.30,247095
7-Nov-14,85.10,85.10,84.50,84.80,1040880
6-Nov-14,85.10,85.10,84.45,85.00,337291
5-Nov-14,85.30,85.80,85.30,85.72,425259
4-Nov-14,85.60,85.75,85.30,85.75,433822
3-Nov-14,85.50,85.60,85.15,85.40,488541
31-Oct-14,85.30,85.50,85.15,85.30,650671
30-Oct-14,85.00,85.30,84.75,85.00,586349
29-Oct-14,84.80,84.90,84.50,84.81,517651
28-Oct-14,84.45,84.78,84.32,84.75,233924
27-Oct-14,83.90,84.50,83.90,84.17,640316
24-Oct-14,83.25,83.90,83.25,83.71,2183785
23-Oct-14,83.00,83.00,82.75,82.81,163225
22-Oct-14,82.40,83.00,82.40,83.00,461543
21-Oct-14,82.25,82.85,82.25,82.60,240224
20-Oct-14,82.15,82.60,82.10,82.40,253742
17-Oct-14,82.30,82.58,81.95,82.00,531059
16-Oct-14,81.75,82.80,81.54,81.75,547765
15-Oct-14,82.50,82.50,81.71,82.00,305152
14-Oct-14,82.00,82.30,81.95,82.05,298987
13-Oct-14,81.70,82.40,81.70,82.15,209618
10-Oct-14,82.00,82.50,81.90,82.34,581836
9-Oct-14,82.00,82.05,81.60,81.90,385918
8-Oct-14,81.60,82.00,81.60,81.60,224673
7-Oct-14,81.50,82.08,81.50,81.90,156497
6-Oct-14,82.00,82.00,81.10,81.65,355657
3-Oct-14,81.00,81.85,80.87,81.60,448967
2-Oct-14,81.70,81.70,80.75,80.75,892782
1-Oct-14,81.00,81.10,80.80,80.90,688124
30-Sep-14,81.00,81.00,80.90,80.90,579924
29-Sep-14,82.20,82.20,80.90,81.00,988499
26-Sep-14,81.45,81.90,80.85,81.15,2656200
25-Sep-14,81.75,82.00,81.40,81.70,1077948
24-Sep-14,82.05,82.05,81.57,81.65,356015
23-Sep-14,82.50,82.50,81.21,81.74,736786
22-Sep-14,82.35,82.35,81.70,81.90,317832
19-Sep-14,82.40,82.40,80.65,82.25,1089331
18-Sep-14,82.00,82.15,81.75,82.00,210848
17-Sep-14,81.65,82.05,81.37,81.90,176496
16-Sep-14,82.20,82.27,81.90,82.00,228190
15-Sep-14,81.05,82.11,81.05,81.90,291266
12-Sep-14,81.50,81.75,81.30,81.60,237421
11-Sep-14,80.90,81.75,80.90,80.90,271363
10-Sep-14,80.90,81.75,80.90,81.05,378222
9-Sep-14,81.50,81.50,80.90,80.95,181687
8-Sep-14,81.05,81.70,80.50,80.75,374972
5-Sep-14,81.75,81.75,81.13,81.50,185507
4-Sep-14,81.75,81.75,81.12,81.50,155632
3-Sep-14,81.50,81.55,81.00,81.25,355079
2-Sep-14,81.70,81.73,81.00,81.00,296460
1-Sep-14,82.00,82.00,81.15,81.54,74567
29-Aug-14,81.75,81.75,81.19,81.50,178479
28-Aug-14,82.50,82.50,80.50,81.00,145082
27-Aug-14,82.50,82.50,81.20,81.53,233202
26-Aug-14,82.00,82.20,81.50,82.00,131585
22-Aug-14,83.00,83.00,80.95,81.50,1772509
21-Aug-14,81.90,82.50,81.65,81.90,345259
20-Aug-14,83.45,83.45,82.20,82.70,100513
19-Aug-14,83.25,83.50,83.00,83.15,505953
18-Aug-14,82.75,83.25,82.24,83.10,347992
15-Aug-14,82.50,82.70,81.82,82.60,223171
14-Aug-14,82.50,82.50,81.65,82.47,516137
13-Aug-14,82.50,82.50,81.88,82.25,110433
12-Aug-14,82.05,82.30,81.95,82.00,256377
11-Aug-14,80.80,82.40,80.80,82.05,641917
8-Aug-14,81.10,82.00,81.10,81.80,378512
7-Aug-14,81.15,81.72,81.15,81.40,128873
6-Aug-14,81.50,81.90,81.25,81.50,226671
5-Aug-14,82.00,82.90,82.00,82.40,236653
4-Aug-14,81.50,82.45,81.50,82.14,263678
1-Aug-14,81.50,82.20,81.50,81.50,245310
31-Jul-14,81.50,82.10,81.50,81.75,147995
30-Jul-14,82.50,82.50,81.50,81.76,318557
29-Jul-14,81.90,82.10,81.50,81.55,306371
28-Jul-14,81.75,82.38,81.50,81.75,417392
25-Jul-14,82.80,82.80,81.75,81.95,201306
24-Jul-14,82.80,82.80,81.80,82.08,118188
23-Jul-14,82.40,82.40,81.65,82.00,697801
22-Jul-14,81.40,82.20,81.40,82.00,191861
21-Jul-14,81.60,81.95,81.55,81.80,208057
18-Jul-14,82.50,82.50,81.60,81.95,384794
17-Jul-14,82.00,82.00,81.50,81.50,174654
16-Jul-14,82.40,82.40,81.45,81.85,952655
15-Jul-14,81.90,81.90,81.05,81.50,223726
14-Jul-14,81.90,81.90,81.48,81.70,296882
11-Jul-14,81.80,81.80,81.30,81.50,184803
10-Jul-14,81.00,81.75,81.00,81.75,267262
9-Jul-14,81.20,81.70,81.00,81.00,333818
8-Jul-14,81.20,81.85,81.20,81.45,266384
7-Jul-14,82.10,82.10,81.20,81.70,227756
4-Jul-14,82.00,82.00,81.20,81.20,232472
3-Jul-14,82.20,82.20,81.55,81.75,144393
2-Jul-14,82.10,82.10,81.40,81.70,653687
1-Jul-14,82.20,82.20,81.55,81.75,95826
30-Jun-14,82.15,82.15,81.45,81.75,416995
27-Jun-14,82.15,82.15,81.20,81.50,230945
26-Jun-14,81.35,82.00,81.35,81.90,126123
25-Jun-14,81.55,82.05,81.50,81.80,152173
24-Jun-14,82.20,82.20,81.50,81.55,188857
23-Jun-14,81.55,82.10,81.50,81.55,435339
20-Jun-14,82.10,82.54,81.85,82.50,1430551
19-Jun-14,81.00,82.05,81.00,81.95,315341
18-Jun-14,82.00,82.00,81.50,81.70,119946
17-Jun-14,81.25,81.61,81.25,81.45,238322
16-Jun-14,81.95,82.00,81.25,81.30,314266
13-Jun-14,81.65,82.25,81.25,81.25,277424
12-Jun-14,82.50,82.50,81.90,82.31,208684
11-Jun-14,82.50,82.50,81.90,82.20,141932
10-Jun-14,82.45,82.50,81.95,82.30,135800
9-Jun-14,81.75,82.35,81.75,82.08,94515
6-Jun-14,81.50,82.40,81.50,82.20,395612
5-Jun-14,82.40,82.40,81.80,82.06,343907
4-Jun-14,82.10,82.10,81.60,82.00,263100
3-Jun-14,82.30,82.30,81.90,82.00,313737
2-Jun-14,82.30,82.30,81.70,82.20,644059
30-May-14,82.30,82.30,81.63,81.80,346803
29-May-14,82.20,82.20,81.50,81.65,178035
28-May-14,82.30,82.30,81.56,82.00,612823
27-May-14,82.20,82.30,81.85,82.00,676719
23-May-14,82.00,82.35,81.35,82.20,751020
22-May-14,80.25,81.95,80.25,81.49,916750
21-May-14,81.20,81.20,80.55,80.90,353256
20-May-14,80.50,81.00,79.00,80.61,417988
19-May-14,79.60,80.50,79.60,80.31,178618
16-May-14,80.50,80.50,79.60,79.85,132893
15-May-14,80.40,80.50,79.50,80.10,474819
14-May-14,80.40,80.70,79.85,80.50,986207
13-May-14,80.40,80.60,80.20,80.35,558665
12-May-14,79.80,80.44,79.80,80.25,1237144
9-May-14,80.25,80.25,79.50,79.95,314963
8-May-14,80.70,80.70,79.88,80.00,1478260
7-May-14,80.50,80.89,78.50,80.50,573078
6-May-14,81.25,81.60,81.00,81.55,1067076
2-May-14,81.20,81.25,81.05,81.20,134517
1-May-14,81.20,81.25,81.00,81.24,150569
30-Apr-14,81.25,81.25,81.00,81.15,195761
29-Apr-14,82.25,82.25,80.53,81.05,440265
28-Apr-14,82.90,82.90,82.10,82.24,104639
25-Apr-14,82.95,82.96,82.15,82.70,231130
24-Apr-14,83.00,83.00,82.25,82.25,227829
23-Apr-14,83.45,83.45,82.53,82.55,238889
22-Apr-14,83.15,83.16,82.55,82.82,140960
17-Apr-14,83.20,83.20,82.50,82.75,51809
16-Apr-14,82.60,83.50,82.45,83.50,426757
15-Apr-14,82.10,83.45,82.10,83.33,354028
14-Apr-14,82.00,83.00,82.00,83.00,325435
11-Apr-14,81.75,83.00,81.75,82.85,596007
10-Apr-14,82.20,82.70,81.90,82.66,479833
9-Apr-14,80.80,82.10,80.80,81.70,513144
8-Apr-14,81.55,81.55,80.85,81.55,273838
7-Apr-14,81.40,81.55,80.85,81.55,266653
4-Apr-14,80.80,84.45,80.80,81.40,67940
3-Apr-14,80.80,81.35,80.80,81.30,244236
2-Apr-14,80.50,81.45,80.50,81.45,152768
1-Apr-14,80.05,81.35,80.05,81.20,433999
31-Mar-14,80.00,80.70,79.80,80.70,843205
28-Mar-14,80.00,80.13,79.80,80.00,333563
27-Mar-14,79.30,80.15,79.30,80.00,769264
26-Mar-14,79.30,79.75,79.02,79.70,492498
25-Mar-14,78.35,79.20,78.35,79.20,300510
24-Mar-14,78.30,79.05,78.30,78.75,128831
21-Mar-14,78.60,78.95,78.35,78.70,556200
20-Mar-14,79.90,79.90,78.48,79.00,490783
19-Mar-14,79.85,79.85,79.50,79.60,272056
18-Mar-14,79.65,79.95,79.55,79.60,346619
17-Mar-14,79.45,80.10,79.45,79.70,98259
14-Mar-14,79.45,79.90,79.45,79.60,106178
13-Mar-14,79.45,79.95,79.45,79.60,122121
12-Mar-14,79.55,79.80,79.45,79.48,538422
11-Mar-14,79.95,80.00,79.50,79.75,192200
10-Mar-14,79.45,80.00,79.45,79.80,121886
7-Mar-14,80.40,80.40,79.45,79.45,249012
6-Mar-14,79.85,80.40,79.40,79.50,326976
5-Mar-14,79.60,80.40,79.60,80.40,374126
4-Mar-14,78.10,80.35,78.10,78.90,1104487
3-Mar-14,78.10,79.10,78.10,78.55,236316
28-Feb-14,78.55,79.10,78.25,78.70,266422
27-Feb-14,78.00,78.70,78.00,78.55,192787
26-Feb-14,78.75,78.75,78.30,78.40,708535
25-Feb-14,78.70,78.75,78.00,78.68,428822
24-Feb-14,78.25,78.70,77.90,78.70,336511
21-Feb-14,79.20,79.20,78.00,78.44,659189
20-Feb-14,78.40,79.00,78.40,78.65,630138
19-Feb-14,78.40,79.00,78.40,79.00,267384
18-Feb-14,78.35,79.00,78.35,78.82,209898
17-Feb-14,78.10,78.75,78.10,78.40,144671
14-Feb-14,78.10,79.00,78.10,78.45,193384
13-Feb-14,77.80,78.50,77.80,78.06,79291
12-Feb-14,77.80,78.55,77.80,78.49,198978
11-Feb-14,78.60,79.70,78.60,79.00,240051
10-Feb-14,78.90,79.05,78.50,78.80,1208756
7-Feb-14,78.00,80.00,77.75,78.95,1593015
6-Feb-14,75.50,77.50,75.35,77.50,487943
5-Feb-14,75.25,75.35,75.00,75.20,217533
4-Feb-14,75.95,75.95,74.50,75.21,1034838
3-Feb-14,76.30,77.00,76.30,76.50,412616
31-Jan-14,76.75,77.45,76.40,76.90,313276
30-Jan-14,77.40,77.40,76.75,76.75,192381
29-Jan-14,77.50,77.50,76.50,76.50,477201
28-Jan-14,76.70,77.40,76.70,77.15,143688
27-Jan-14,77.00,77.80,76.70,76.70,118059
24-Jan-14,77.30,77.70,77.00,77.45,122690
23-Jan-14,77.30,77.55,77.30,77.48,99232
22-Jan-14,77.70,78.10,77.35,77.45,494438
21-Jan-14,78.00,78.00,77.55,77.75,350208
20-Jan-14,78.20,78.20,77.50,77.50,241904
17-Jan-14,77.85,77.85,77.65,77.74,326270
16-Jan-14,77.75,77.95,77.75,77.89,515688
15-Jan-14,78.00,78.00,77.95,78.05,310159
14-Jan-14,78.00,78.15,77.95,78.00,290005
13-Jan-14,78.50,78.50,77.90,77.90,167880
10-Jan-14,77.90,78.20,77.90,77.96,247495
9-Jan-14,77.80,78.15,77.80,77.95,1288102
8-Jan-14,78.20,78.20,77.95,78.00,195777
7-Jan-14,77.60,78.25,77.60,77.80,85272
6-Jan-14,77.25,78.35,77.25,78.25,271309
3-Jan-14,77.25,78.00,77.25,77.50,77603
2-Jan-14,77.80,77.80,77.30,77.30,103788
31-Dec-13,77.25,77.70,77.00,77.00,69076
30-Dec-13,77.85,77.85,77.25,77.25,42178
27-Dec-13,76.75,77.65,76.75,77.60,30609
24-Dec-13,77.70,77.75,77.20,77.00,32109
23-Dec-13,77.25,77.25,76.90,77.15,159336
20-Dec-13,76.75,77.10,76.75,77.10,1120152
19-Dec-13,77.00,77.10,76.75,76.75,1148924
18-Dec-13,76.55,77.00,76.55,76.70,123359
17-Dec-13,77.15,77.15,76.65,76.85,546494
16-Dec-13,77.00,77.00,76.90,77.00,323002
13-Dec-13,76.50,76.95,76.50,76.95,71735
12-Dec-13,76.50,77.10,76.50,76.75,348201
11-Dec-13,76.50,77.10,76.50,77.10,164593
10-Dec-13,77.25,77.25,76.60,76.75,67613
9-Dec-13,77.00,77.25,76.80,76.80,343942
6-Dec-13,76.80,77.25,76.50,76.70,217645
5-Dec-13,76.80,77.00,76.60,76.95,133300
4-Dec-13,76.00,77.00,76.00,76.80,893238
3-Dec-13,76.50,76.60,75.90,76.50,1120077
2-Dec-13,76.50,76.50,76.20,76.20,135886
29-Nov-13,76.50,76.50,76.30,76.30,266103
28-Nov-13,76.30,76.50,76.00,76.50,257977
27-Nov-13,75.50,76.30,75.50,76.14,157204
26-Nov-13,75.95,76.05,75.80,76.05,218336
25-Nov-13,75.55,75.95,75.55,75.90,32043
22-Nov-13,75.45,75.80,75.45,75.80,53351
21-Nov-13,75.20,75.70,75.20,75.65,103539
20-Nov-13,75.20,75.60,75.20,75.50,104127
19-Nov-13,75.80,75.80,75.20,75.20,19284
18-Nov-13,75.50,75.70,75.20,75.25,318086
15-Nov-13,75.25,75.45,75.20,75.25,315020
14-Nov-13,75.15,75.45,75.15,75.20,358021
13-Nov-13,75.25,75.35,74.80,75.15,685395
12-Nov-13,75.70,76.25,75.70,76.00,319006
11-Nov-13,75.60,75.95,75.60,75.95,16395
8-Nov-13,75.25,76.00,75.25,76.00,722506
7-Nov-13,75.80,76.00,75.25,75.60,651655
6-Nov-13,75.70,75.80,75.55,75.68,971878
5-Nov-13,75.50,75.60,75.20,75.36,240984
4-Nov-13,75.45,75.50,75.20,75.25,502982
1-Nov-13,75.60,75.60,75.10,75.10,97053
31-Oct-13,75.25,75.55,75.25,75.50,891067
30-Oct-13,75.55,75.55,75.00,75.40,341045
29-Oct-13,75.05,75.40,75.05,75.25,126583
28-Oct-13,74.90,75.45,74.90,75.18,299832
25-Oct-13,75.45,75.60,75.40,75.50,126326
24-Oct-13,74.75,75.50,74.75,75.35,436894
23-Oct-13,75.25,75.30,75.00,75.00,65554
22-Oct-13,75.00,75.25,75.00,75.25,72158
21-Oct-13,75.10,75.25,74.75,75.15,201610
18-Oct-13,75.00,75.25,74.60,74.70,59468
17-Oct-13,75.30,75.30,74.55,75.10,100538
16-Oct-13,75.15,75.15,74.30,75.05,105948
15-Oct-13,74.35,75.20,74.35,75.18,241164
14-Oct-13,74.45,74.75,74.45,74.62,32067
11-Oct-13,74.40,74.90,74.40,74.45,57803
10-Oct-13,74.45,74.75,73.90,74.40,133265
9-Oct-13,74.60,74.75,73.20,74.25,654827
8-Oct-13,75.05,75.05,74.40,74.40,173134
7-Oct-13,75.25,75.25,74.35,74.35,269151
4-Oct-13,74.65,75.10,74.00,74.00,261676
3-Oct-13,75.15,75.35,74.50,74.50,336437
2-Oct-13,75.60,75.60,74.80,74.97,273208
1-Oct-13,75.60,75.60,75.20,75.42,300435
30-Sep-13,75.50,75.70,75.00,75.00,215357
27-Sep-13,75.10,75.55,74.85,75.25,100174
26-Sep-13,75.15,75.70,75.10,75.30,60274
25-Sep-13,76.00,76.00,74.60,75.43,93558
24-Sep-13,75.45,75.80,74.55,74.55,222526
20-Sep-13,76.30,76.30,75.00,75.00,533077
19-Sep-13,76.50,76.50,75.10,76.24,378839
18-Sep-13,75.80,76.25,75.80,76.00,162665
17-Sep-13,76.35,76.35,75.80,76.20,137825
16-Sep-13,76.55,76.55,76.10,76.10,96532
13-Sep-13,76.45,76.45,76.10,76.40,51276
12-Sep-13,76.60,76.60,76.05,76.25,73151
11-Sep-13,76.25,76.40,76.00,76.25,62478
10-Sep-13,76.05,76.20,75.80,76.10,65805
9-Sep-13,76.45,76.45,75.75,75.90,106982
6-Sep-13,76.05,76.35,76.00,76.10,18214
5-Sep-13,76.40,76.40,75.70,75.70,178223
4-Sep-13,76.00,76.50,76.00,76.40,184433
3-Sep-13,76.25,76.50,75.10,75.60,616185
2-Sep-13,76.65,76.65,76.05,76.05,218297
30-Aug-13,76.30,76.50,75.80,76.00,183718
29-Aug-13,76.00,76.45,75.85,75.90,160430
28-Aug-13,75.85,76.40,75.80,76.10,99404
27-Aug-13,76.00,76.60,76.00,76.50,128737
23-Aug-13,75.75,76.50,75.75,76.10,252212
22-Aug-13,76.30,76.70,76.10,76.62,286664
21-Aug-13,75.70,76.50,75.70,76.30,393354
20-Aug-13,76.00,76.70,76.00,76.60,64338
19-Aug-13,76.60,76.60,76.25,76.55,30749
16-Aug-13,75.70,76.50,75.70,76.20,46552
15-Aug-13,76.55,76.55,75.70,75.70,284664
14-Aug-13,75.70,76.65,75.70,76.60,71760
13-Aug-13,75.95,76.65,75.95,76.30,255158
12-Aug-13,76.50,76.50,76.10,76.30,63382
9-Aug-13,75.60,76.50,75.60,75.50,105226
8-Aug-13,75.75,76.50,75.65,76.60,143916
7-Aug-13,75.80,76.30,75.25,76.60,165847
6-Aug-13,76.75,76.80,76.15,76.50,282986
5-Aug-13,76.60,76.75,76.00,76.60,460352
2-Aug-13,76.50,76.75,76.00,76.60,141963
1-Aug-13,76.50,76.75,76.10,76.60,1206576
31-Jul-13,76.35,76.40,76.10,76.25,97153
30-Jul-13,76.00,76.50,76.00,76.00,399331
29-Jul-13,75.80,76.50,75.70,76.00,442378
26-Jul-13,76.00,76.00,75.45,76.00,132652
25-Jul-13,75.40,76.00,75.40,75.85,75162
24-Jul-13,76.00,76.00,75.05,75.60,100363
23-Jul-13,75.90,75.90,75.25,75.80,43128
22-Jul-13,76.00,76.00,75.25,75.25,68112
19-Jul-13,76.00,76.14,75.65,75.95,95123
18-Jul-13,75.80,76.20,75.80,75.90,102070
17-Jul-13,76.60,76.60,73.50,75.95,94074
16-Jul-13,76.15,76.55,76.00,76.45,74385
15-Jul-13,76.75,76.75,76.00,76.00,191555
12-Jul-13,76.40,76.80,76.20,76.20,139388
11-Jul-13,76.80,76.83,76.27,76.75,164126
10-Jul-13,76.30,76.80,76.30,76.60,135463
9-Jul-13,76.95,76.95,76.30,76.80,251714
8-Jul-13,76.35,76.85,76.35,76.80,408492
5-Jul-13,76.80,76.80,76.30,76.30,137778
4-Jul-13,76.90,76.90,76.35,76.75,311938
3-Jul-13,76.95,76.95,76.25,76.65,209597
2-Jul-13,76.15,77.20,76.15,76.85,532075
1-Jul-13,76.50,76.59,75.90,75.90,386026
28-Jun-13,76.20,76.70,76.20,76.25,374065
27-Jun-13,76.15,77.07,76.00,76.00,85238
26-Jun-13,76.50,76.50,76.00,76.10,159585
25-Jun-13,76.15,76.57,75.50,76.10,233508
24-Jun-13,76.40,77.03,75.90,75.90,280697
21-Jun-13,76.60,77.45,76.20,77.00,848000
20-Jun-13,76.90,77.75,76.89,77.25,261472
19-Jun-13,78.00,78.00,77.45,77.75,568555
18-Jun-13,76.00,78.06,75.70,77.50,820913
17-Jun-13,74.70,76.20,74.70,76.20,220462
14-Jun-13,73.85,75.11,73.85,74.80,132647
13-Jun-13,74.00,74.62,73.60,74.20,538418
12-Jun-13,74.50,75.02,73.95,73.95,398164
11-Jun-13,74.95,75.35,74.05,74.05,568815
10-Jun-13,74.00,75.15,74.00,75.05,120111
7-Jun-13,73.60,74.20,73.55,74.20,198004
6-Jun-13,73.40,74.13,73.40,73.80,371694
5-Jun-13,73.20,73.89,73.20,73.20,328899
4-Jun-13,73.20,73.65,73.00,73.25,171096
3-Jun-13,73.00,73.20,72.70,73.05,579958
31-May-13,73.10,73.15,72.70,73.00,280444
30-May-13,72.45,73.14,72.45,73.00,407979
29-May-13,72.85,72.95,72.30,72.80,191509
28-May-13,72.50,73.16,72.15,72.15,148907
24-May-13,71.50,72.75,68.50,72.52,1393520
23-May-13,72.00,72.20,71.45,72.00,278196
22-May-13,72.65,72.65,72.20,72.23,382140
21-May-13,72.05,72.80,72.05,72.40,255936
20-May-13,72.85,72.85,72.20,72.80,71414
17-May-13,72.70,72.80,72.20,72.50,175513
16-May-13,72.80,72.80,72.10,72.65,157036
15-May-13,72.70,72.80,72.55,72.70,987844
14-May-13,72.80,72.82,72.55,72.55,223827
13-May-13,73.00,73.00,72.65,72.80,205507
10-May-13,72.70,73.01,72.50,72.60,142552
9-May-13,72.60,73.00,72.60,72.70,162720
8-May-13,73.00,73.10,72.42,72.80,156474
7-May-13,73.85,73.85,73.65,73.70,219660
3-May-13,73.90,74.01,73.65,73.75,236737
2-May-13,74.00,74.00,73.65,73.85,365782
1-May-13,74.25,74.25,73.75,73.75,227137
30-Apr-13,73.00,74.55,73.00,74.55,570077
29-Apr-13,73.50,73.50,73.05,73.05,307947
26-Apr-13,73.04,73.75,73.00,73.10,360879
25-Apr-13,72.70,73.80,72.70,73.80,144082
24-Apr-13,73.00,73.30,72.14,73.30,458682
23-Apr-13,71.25,73.00,71.25,73.00,358006
22-Apr-13,70.85,71.50,70.61,71.50,159821
19-Apr-13,70.65,71.00,70.30,71.00,257503
18-Apr-13,70.40,70.70,70.20,70.70,87532
17-Apr-13,70.30,70.67,70.13,70.25,109038
16-Apr-13,70.10,70.40,69.90,70.30,160492
15-Apr-13,70.20,70.45,70.00,70.15,114162
12-Apr-13,69.30,70.25,69.30,70.20,290495
11-Apr-13,70.25,70.30,69.70,70.25,187556
10-Apr-13,69.70,70.25,69.40,70.10,524861
9-Apr-13,69.55,69.70,69.25,69.60,348640
8-Apr-13,69.40,69.50,68.98,69.50,146903
5-Apr-13,69.35,69.50,68.85,69.50,434262
4-Apr-13,68.85,69.45,68.85,69.40,93519
3-Apr-13,69.45,69.50,68.90,69.40,185037
2-Apr-13,68.90,69.50,68.64,69.50,387650
28-Mar-13,68.20,69.50,68.05,69.50,234562
27-Mar-13,68.85,69.00,68.00,68.55,777091
26-Mar-13,68.75,68.95,68.50,68.50,508084
25-Mar-13,69.00,69.73,68.75,68.75,624999
22-Mar-13,69.00,69.73,68.80,69.50,124393
21-Mar-13,68.00,69.10,68.00,69.10,156008
20-Mar-13,68.50,68.50,68.00,68.00,44886
19-Mar-13,68.65,68.66,68.15,68.30,123151
18-Mar-13,68.50,68.65,67.75,68.45,456312
15-Mar-13,69.60,69.80,67.00,67.00,1885656
14-Mar-13,69.55,69.75,69.00,69.75,424315
13-Mar-13,69.55,69.57,69.00,69.55,322279
12-Mar-13,69.52,69.75,69.30,69.35,84213
11-Mar-13,69.30,69.75,69.30,69.75,85579
8-Mar-13,69.60,69.70,69.35,69.60,123444
7-Mar-13,69.60,69.60,69.25,69.55,149017
6-Mar-13,69.75,69.75,69.25,69.39,396477
5-Mar-13,69.75,69.85,69.35,69.75,67729
4-Mar-13,69.75,69.82,69.26,69.75,70748
1-Mar-13,69.50,69.79,69.35,69.55,233626
28-Feb-13,69.40,69.75,69.15,69.75,161270
27-Feb-13,68.40,69.40,68.40,69.20,104977
26-Feb-13,70.00,70.00,68.49,69.30,172540
25-Feb-13,69.70,70.00,69.01,69.85,390130
22-Feb-13,69.70,69.75,68.90,69.40,151807
21-Feb-13,69.50,69.50,68.88,69.50,80950
20-Feb-13,69.00,69.95,68.55,69.70,458389
19-Feb-13,68.90,69.00,68.30,68.30,85852
18-Feb-13,68.50,69.00,68.31,68.60,71357
15-Feb-13,68.50,69.40,68.45,69.40,166582
14-Feb-13,68.70,69.25,68.20,69.25,328051
13-Feb-13,69.00,69.45,68.50,68.90,606221
12-Feb-13,69.70,70.90,69.30,70.90,484772
11-Feb-13,68.30,69.99,68.30,69.55,372243
8-Feb-13,67.50,68.37,67.50,68.35,109186
7-Feb-13,68.05,68.19,67.70,68.05,187640
6-Feb-13,68.05,68.25,67.75,68.05,83773
5-Feb-13,67.95,68.05,67.70,68.00,214894
4-Feb-13,67.90,68.00,67.60,68.00,223018
1-Feb-13,67.90,68.15,67.70,68.15,149314
31-Jan-13,67.30,68.00,67.30,67.90,135797
30-Jan-13,67.85,67.87,67.35,67.50,52231
29-Jan-13,67.85,67.93,67.65,67.70,131676
28-Jan-13,67.85,68.00,67.50,67.90,62625
25-Jan-13,68.00,68.10,67.72,68.00,100879
24-Jan-13,67.65,67.85,67.40,67.85,61899
23-Jan-13,67.60,67.93,67.46,67.60,396816
22-Jan-13,67.70,67.78,67.25,67.55,40383
21-Jan-13,67.55,67.80,67.41,67.60,135483
18-Jan-13,67.60,67.87,67.40,67.60,102619
17-Jan-13,67.80,67.80,67.40,67.45,81115
16-Jan-13,68.00,68.00,67.30,67.70,82626
15-Jan-13,67.90,67.92,67.43,67.90,110253
14-Jan-13,68.05,68.10,67.50,67.50,97031
11-Jan-13,67.75,68.10,67.50,67.85,175367
10-Jan-13,67.95,68.09,67.50,67.50,71702
9-Jan-13,68.05,68.15,67.93,68.10,316682
8-Jan-13,68.05,68.25,67.65,68.00,159805
7-Jan-13,68.10,68.22,67.55,68.20,94646
4-Jan-13,67.50,68.16,67.30,68.10,162041
3-Jan-13,67.45,67.50,67.00,67.50,109026
2-Jan-13,66.60,67.50,66.20,67.50,135471
