31-Dec-15,301.40,303.70,296.90,299.45,1546835
30-Dec-15,304.60,314.45,296.30,301.80,5817937
29-Dec-15,322.60,323.08,301.85,307.35,8729050
24-Dec-15,323.35,331.25,323.35,328.05,1915332
23-Dec-15,301.30,324.73,301.30,323.35,10297367
22-Dec-15,284.30,297.51,282.50,296.50,7406245
21-Dec-15,279.90,298.20,277.75,280.50,10496871
18-Dec-15,264.25,283.00,262.00,278.65,15312630
16-Dec-15,261.55,285.71,261.50,278.20,13662953
15-Dec-15,285.10,292.96,269.65,271.10,15151053
14-Dec-15,293.55,305.00,278.80,280.80,14389166
11-Dec-15,316.30,321.30,291.15,292.95,20350909
10-Dec-15,322.00,333.60,313.60,318.65,14903954
9-Dec-15,334.00,334.20,277.60,320.00,22921304
8-Dec-15,360.25,365.15,322.65,323.65,20204131
7-Dec-15,377.65,381.50,367.40,369.00,7528821
4-Dec-15,385.00,401.05,371.80,376.05,13149476
3-Dec-15,395.00,404.20,385.24,386.85,10485217
2-Dec-15,407.65,408.35,391.55,397.55,7939247
1-Dec-15,412.60,417.05,401.15,406.30,9120987
30-Nov-15,399.60,410.45,385.45,408.65,11281144
27-Nov-15,431.30,431.30,393.20,400.15,12862688
26-Nov-15,418.15,436.20,417.25,435.80,9664389
25-Nov-15,449.85,453.37,410.40,417.20,14040983
24-Nov-15,439.70,460.50,437.50,452.00,11030013
23-Nov-15,431.80,448.00,424.95,441.15,9158227
20-Nov-15,454.65,464.55,444.55,446.50,7353932
19-Nov-15,456.00,468.95,442.70,450.75,8900839
18-Nov-15,427.20,452.60,417.20,449.45,11662808
17-Nov-15,460.00,469.55,427.70,431.00,12734932
16-Nov-15,453.35,474.45,450.00,454.00,8980758
13-Nov-15,450.00,471.35,447.07,456.20,10631079
12-Nov-15,492.55,492.60,445.35,449.90,14724481
11-Nov-15,489.85,507.90,481.45,492.75,9210961
10-Nov-15,518.50,518.50,481.70,491.75,15318764
9-Nov-15,524.30,544.80,515.11,540.40,10474147
6-Nov-15,536.40,547.90,513.60,525.40,13476567
5-Nov-15,575.80,587.81,530.30,534.60,10178016
4-Nov-15,570.60,605.60,549.98,579.10,10814227
3-Nov-15,546.80,562.40,532.00,561.90,7159538
2-Nov-15,540.50,551.50,530.24,544.30,5582474
30-Oct-15,536.60,552.00,536.60,546.60,8542943
29-Oct-15,552.60,552.60,530.10,537.00,9045753
28-Oct-15,556.20,565.50,535.00,563.00,9853429
27-Oct-15,585.40,605.50,554.60,557.40,7265926
26-Oct-15,606.00,615.70,584.80,590.90,5677839
23-Oct-15,602.70,627.50,583.80,609.90,13374574
22-Oct-15,594.00,603.10,577.60,596.90,10082433
21-Oct-15,622.20,623.40,592.20,604.60,8062864
20-Oct-15,621.80,629.30,611.00,623.00,7837626
19-Oct-15,673.20,676.00,623.00,625.50,7755615
16-Oct-15,681.60,693.50,671.90,675.30,8014703
15-Oct-15,687.90,701.30,666.60,677.00,7375661
14-Oct-15,667.30,698.00,659.20,681.00,6969370
13-Oct-15,686.90,686.90,660.50,679.20,6848483
12-Oct-15,732.60,732.76,684.40,691.70,7886995
9-Oct-15,695.20,745.60,693.00,726.50,13216779
8-Oct-15,659.00,678.50,646.90,677.50,10596170
7-Oct-15,632.00,688.20,619.50,664.50,16721117
6-Oct-15,582.30,608.70,562.20,604.20,11736562
5-Oct-15,572.70,580.00,566.00,579.50,12771785
2-Oct-15,555.00,569.30,545.70,553.60,11824338
1-Oct-15,560.10,576.30,551.00,555.00,9949929
30-Sep-15,557.30,563.00,543.30,550.90,13625987
29-Sep-15,544.20,563.80,542.60,544.50,17192523
28-Sep-15,610.10,610.58,552.70,552.70,13935141
25-Sep-15,637.00,646.20,612.90,614.70,8664384
24-Sep-15,655.30,660.00,621.40,624.60,7918395
23-Sep-15,651.00,672.30,641.90,658.10,6429181
22-Sep-15,691.20,692.00,636.00,648.10,12781175
21-Sep-15,714.80,726.10,694.30,694.90,5632801
18-Sep-15,731.30,742.00,708.70,720.00,15317528
17-Sep-15,753.70,765.70,735.00,735.40,5196971
16-Sep-15,743.30,752.20,715.10,749.30,7409908
15-Sep-15,714.00,739.20,692.20,735.20,6151429
14-Sep-15,725.60,738.40,698.10,716.90,6634513
11-Sep-15,720.00,741.20,717.00,718.40,6600775
10-Sep-15,732.00,744.30,712.90,717.00,8030449
9-Sep-15,724.00,759.00,721.80,742.90,10373911
8-Sep-15,685.30,706.20,682.00,703.90,6554792
7-Sep-15,678.90,693.83,670.30,677.70,6523505
4-Sep-15,716.40,728.80,662.80,668.50,9901732
3-Sep-15,688.60,736.00,688.60,725.00,10773095
2-Sep-15,685.70,707.20,680.00,683.80,10308357
1-Sep-15,725.60,731.70,676.30,684.40,9285172
28-Aug-15,734.30,744.60,709.60,741.00,9700418
27-Aug-15,686.90,734.40,676.30,726.30,11430701
26-Aug-15,664.10,688.70,656.10,664.30,9859357
25-Aug-15,678.10,710.40,668.90,683.70,12399186
24-Aug-15,700.00,709.22,649.30,660.20,10939432
21-Aug-15,728.70,749.50,728.16,732.80,6871462
20-Aug-15,705.80,750.80,705.80,738.00,10729222
19-Aug-15,742.50,744.30,709.00,709.40,8726013
18-Aug-15,752.50,754.20,729.20,741.90,5375018
17-Aug-15,759.50,765.30,746.00,755.20,4400617
14-Aug-15,764.10,777.50,755.20,756.80,5819397
13-Aug-15,778.00,788.88,762.30,769.41,6050143
12-Aug-15,759.90,791.69,745.20,767.90,9780278
11-Aug-15,799.80,822.20,772.60,774.80,12283033
10-Aug-15,800.00,808.40,776.80,808.40,5562556
7-Aug-15,775.90,806.10,775.90,800.50,8446090
6-Aug-15,777.00,781.20,758.00,775.40,8593180
5-Aug-15,789.00,822.40,787.50,798.10,9230569
4-Aug-15,779.00,802.20,772.00,784.50,7031007
3-Aug-15,807.70,807.70,773.80,779.00,5912984
31-Jul-15,811.80,812.80,783.60,811.20,7690272
30-Jul-15,814.00,820.00,799.30,805.70,6668298
29-Jul-15,803.00,815.30,787.67,813.60,9707065
28-Jul-15,777.00,799.30,772.20,796.60,10073109
27-Jul-15,774.70,797.00,764.90,772.60,9035207
24-Jul-15,839.80,842.00,774.20,778.00,12446248
23-Jul-15,816.00,832.50,805.60,806.40,8806143
22-Jul-15,850.00,851.10,804.90,813.50,12753003
21-Jul-15,858.50,870.70,848.20,861.70,8578228
20-Jul-15,894.00,894.00,863.90,867.30,5724576
17-Jul-15,889.30,889.40,874.40,877.40,6310178
16-Jul-15,877.10,895.80,862.00,890.30,7452175
15-Jul-15,877.10,896.90,870.10,874.40,7340327
14-Jul-15,879.00,884.00,866.50,869.50,4764215
13-Jul-15,871.00,878.20,851.30,878.20,7618238
10-Jul-15,884.60,886.70,855.90,863.00,6866408
9-Jul-15,858.20,876.00,852.40,859.20,5623868
8-Jul-15,828.70,859.65,825.00,845.60,10174991
7-Jul-15,882.80,884.00,832.30,832.30,8469107
6-Jul-15,888.90,897.70,879.50,883.20,5150438
3-Jul-15,915.40,915.60,893.20,902.40,4296067
2-Jul-15,911.00,932.30,902.20,918.20,6559249
1-Jul-15,926.30,935.00,905.20,910.10,5997852
30-Jun-15,942.60,948.30,918.50,918.50,6959343
29-Jun-15,934.10,959.50,934.00,948.50,5827160
26-Jun-15,985.00,986.30,959.50,959.60,6173745
25-Jun-15,1002.00,1015.00,993.40,994.80,6056654
24-Jun-15,997.80,1022.00,996.11,1008.00,6304399
23-Jun-15,998.30,1006.00,980.40,996.70,5675742
22-Jun-15,1000.00,1000.50,975.10,995.10,5946969
19-Jun-15,988.10,994.40,978.10,986.60,12389201
18-Jun-15,961.10,1031.46,961.10,990.70,10361317
17-Jun-15,976.30,980.00,961.50,965.60,6481231
16-Jun-15,990.00,993.20,966.50,972.20,6072984
15-Jun-15,1004.50,1013.50,984.50,994.40,5286358
12-Jun-15,1002.00,1022.00,994.30,1006.00,5724349
11-Jun-15,1015.00,1025.50,995.40,1007.50,5303115
10-Jun-15,988.20,1016.00,984.00,1010.00,8115203
9-Jun-15,1008.00,1008.14,967.60,985.40,10647087
8-Jun-15,1011.00,1022.00,999.20,1005.50,6852616
5-Jun-15,1001.00,1030.50,989.70,1015.50,8964831
4-Jun-15,1040.50,1040.50,1002.50,1005.00,8401401
3-Jun-15,1053.00,1058.53,1024.50,1048.00,8025358
2-Jun-15,1004.00,1057.18,992.60,1048.50,11422258
1-Jun-15,1030.50,1033.00,1000.50,1003.00,6424968
29-May-15,1037.00,1037.50,1012.50,1026.00,5847107
28-May-15,1036.50,1038.00,1010.50,1035.00,5544630
27-May-15,1039.00,1047.00,1025.00,1040.50,4985739
26-May-15,1065.00,1078.00,1028.50,1036.50,4729392
22-May-15,1059.50,1086.50,1055.50,1062.50,4038626
21-May-15,1066.50,1090.00,1055.00,1059.00,3863602
20-May-15,1056.50,1079.50,1036.50,1064.50,5120780
19-May-15,1077.00,1080.50,1052.50,1061.00,6378600
18-May-15,1088.50,1102.50,1069.00,1077.00,4477740
15-May-15,1118.00,1130.50,1068.50,1090.50,8486700
14-May-15,1123.00,1123.00,1097.00,1110.50,5290106
13-May-15,1135.00,1148.00,1114.00,1131.50,4434998
12-May-15,1118.50,1145.50,1104.50,1132.00,6382876
11-May-15,1112.50,1151.50,1110.50,1128.00,5443244
8-May-15,1125.50,1128.12,1099.50,1115.50,6643978
7-May-15,1143.00,1144.50,1092.50,1107.00,8498881
6-May-15,1163.50,1188.00,1145.16,1153.50,7563787
5-May-15,1149.00,1194.00,1134.50,1166.50,9096345
1-May-15,1122.50,1171.50,1121.00,1165.00,5194545
30-Apr-15,1138.50,1145.50,1083.50,1105.00,10459211
29-Apr-15,1120.00,1145.74,1112.00,1138.50,10603939
28-Apr-15,1098.00,1132.50,1082.50,1119.83,10799285
27-Apr-15,1117.00,1120.00,1076.00,1103.50,7204864
24-Apr-15,1066.50,1103.50,1063.00,1082.00,10091727
23-Apr-15,1010.00,1062.50,999.70,1062.00,9261796
22-Apr-15,1026.50,1033.00,993.60,1014.00,8076664
21-Apr-15,1030.00,1035.00,1003.00,1017.00,7394658
20-Apr-15,1014.50,1047.00,1010.43,1038.00,6264991
17-Apr-15,1035.50,1046.00,990.16,1010.50,8075484
16-Apr-15,1058.00,1065.50,1034.00,1039.00,6768075
15-Apr-15,1038.00,1071.00,1034.50,1055.00,6459927
14-Apr-15,993.80,1045.50,992.00,1039.50,8284510
13-Apr-15,1009.00,1021.00,989.00,998.70,8116942
10-Apr-15,1028.00,1034.50,1001.50,1022.00,5875760
9-Apr-15,1000.00,1028.00,988.16,1024.00,9151411
8-Apr-15,1028.50,1057.00,1023.50,1026.50,6636440
7-Apr-15,1018.50,1032.50,1005.50,1025.50,7588402
2-Apr-15,1011.50,1019.00,992.40,997.00,6527493
1-Apr-15,1010.00,1024.50,1004.50,1016.50,5630983
31-Mar-15,1060.50,1072.00,1010.00,1012.00,9051306
30-Mar-15,1054.00,1069.00,1032.00,1060.00,6389507
27-Mar-15,1073.00,1073.00,1031.00,1044.00,6397765
26-Mar-15,1101.50,1124.00,1069.00,1076.50,7264956
25-Mar-15,1090.00,1109.50,1090.00,1104.50,4025642
24-Mar-15,1106.00,1125.50,1092.00,1093.50,5226204
23-Mar-15,1107.50,1116.00,1080.00,1114.00,5023458
20-Mar-15,1052.50,1108.50,1025.00,1100.50,10723613
19-Mar-15,1055.00,1108.50,1042.50,1046.00,7220144
18-Mar-15,1069.50,1079.50,1056.00,1069.50,6380794
17-Mar-15,1060.00,1074.00,1049.50,1071.50,6219893
16-Mar-15,1063.00,1069.90,1041.50,1055.50,6016350
13-Mar-15,1082.00,1088.00,1043.00,1055.00,5553091
12-Mar-15,1101.50,1120.00,1078.00,1079.00,5456416
11-Mar-15,1086.00,1103.00,1062.50,1085.50,5687533
10-Mar-15,1122.50,1130.50,1081.00,1081.50,9225442
9-Mar-15,1116.50,1138.50,1111.00,1138.00,4848994
6-Mar-15,1157.00,1158.00,1131.50,1136.00,5405717
5-Mar-15,1165.00,1178.00,1140.50,1164.50,5117466
4-Mar-15,1202.50,1209.00,1162.00,1167.00,5488943
3-Mar-15,1198.00,1210.50,1185.50,1204.50,4349046
2-Mar-15,1217.00,1241.00,1189.82,1201.00,4264312
27-Feb-15,1219.00,1227.62,1204.00,1210.00,3646609
26-Feb-15,1220.50,1256.50,1215.50,1218.00,4875840
25-Feb-15,1239.00,1245.00,1215.00,1225.00,3587078
24-Feb-15,1206.00,1247.00,1189.00,1237.00,5154816
23-Feb-15,1248.00,1248.00,1192.50,1198.00,4471232
20-Feb-15,1225.00,1254.00,1222.00,1246.50,4786305
19-Feb-15,1250.50,1250.50,1203.00,1223.00,6816956
18-Feb-15,1242.00,1262.00,1211.50,1259.00,6750936
17-Feb-15,1208.00,1277.59,1202.50,1235.00,6856386
16-Feb-15,1210.00,1227.50,1199.50,1220.50,3524907
13-Feb-15,1200.00,1213.50,1177.50,1204.50,5983445
12-Feb-15,1121.50,1171.00,1121.50,1165.50,5326271
11-Feb-15,1140.50,1140.50,1075.00,1123.50,4110279
10-Feb-15,1182.00,1182.00,1137.50,1149.00,4648667
9-Feb-15,1140.00,1187.18,1136.50,1184.00,4827939
6-Feb-15,1165.00,1180.00,1141.50,1145.50,4236579
5-Feb-15,1141.50,1175.63,1127.00,1172.00,7180190
4-Feb-15,1176.50,1187.00,1131.50,1150.00,6899493
3-Feb-15,1144.50,1179.50,1142.50,1170.00,10244120
2-Feb-15,1119.50,1130.00,1099.00,1124.00,4266899
30-Jan-15,1116.00,1134.50,1103.00,1113.00,6223638
29-Jan-15,1111.00,1122.50,1091.50,1097.50,4599952
28-Jan-15,1122.50,1126.50,1093.50,1115.00,5285591
27-Jan-15,1109.50,1125.50,1072.50,1090.00,5027308
26-Jan-15,1070.50,1119.00,1060.50,1117.50,5039485
23-Jan-15,1155.00,1158.58,1097.50,1103.50,6839445
22-Jan-15,1125.50,1170.50,1123.50,1145.00,7316435
21-Jan-15,1123.00,1129.50,1099.50,1121.50,4129636
20-Jan-15,1097.00,1134.00,1096.00,1121.50,4594367
19-Jan-15,1097.00,1105.00,1075.50,1089.50,3377127
16-Jan-15,1053.00,1103.00,1032.17,1099.50,6063304
15-Jan-15,1072.00,1073.50,1033.50,1059.50,7466644
14-Jan-15,1098.00,1098.50,1009.31,1042.50,9988172
13-Jan-15,1135.00,1154.50,1131.00,1145.50,3089299
12-Jan-15,1151.00,1163.50,1126.00,1140.00,3606589
9-Jan-15,1177.00,1178.00,1141.00,1152.50,3826818
8-Jan-15,1165.50,1184.50,1153.50,1181.00,2848387
7-Jan-15,1163.00,1168.50,1141.00,1153.00,3705413
6-Jan-15,1132.00,1176.50,1128.00,1173.40,4528624
5-Jan-15,1186.00,1203.50,1124.50,1126.50,4987815
31-Dec-14,1203.50,1211.50,1192.00,1200.50,676588
30-Dec-14,1205.00,1216.50,1197.00,1203.50,1917381
29-Dec-14,1191.00,1218.00,1191.00,1214.50,3291841
24-Dec-14,1178.00,1184.32,1175.50,1182.00,418759
23-Dec-14,1168.50,1190.00,1151.00,1181.50,2530858
22-Dec-14,1201.00,1222.00,1164.75,1173.50,2868660
19-Dec-14,1178.50,1198.50,1166.50,1193.00,6598882
18-Dec-14,1188.50,1200.50,1159.00,1167.00,6659360
17-Dec-14,1122.50,1167.00,1112.00,1157.00,5533783
16-Dec-14,1096.50,1138.50,1076.00,1138.00,6738857
15-Dec-14,1133.00,1156.00,1098.00,1098.50,5721938
12-Dec-14,1160.50,1160.50,1136.00,1136.00,5037316
11-Dec-14,1184.00,1205.50,1161.00,1173.00,6203453
10-Dec-14,1219.50,1231.50,1203.50,1207.50,4937853
9-Dec-14,1225.00,1240.90,1210.73,1223.00,7782512
8-Dec-14,1251.50,1268.00,1225.00,1244.00,4188845
5-Dec-14,1288.50,1288.50,1250.50,1268.00,4340559
4-Dec-14,1316.00,1323.00,1275.00,1283.50,4945824
3-Dec-14,1306.50,1324.00,1295.50,1320.00,2940723
2-Dec-14,1310.00,1341.00,1292.50,1306.50,4573591
1-Dec-14,1268.00,1315.00,1252.50,1304.00,5972758
28-Nov-14,1345.00,1349.50,1309.25,1321.50,4525575
27-Nov-14,1345.00,1376.50,1340.00,1352.00,4181492
26-Nov-14,1332.50,1352.50,1331.00,1347.50,3190767
25-Nov-14,1345.00,1345.00,1314.50,1329.50,5165425
24-Nov-14,1375.00,1375.00,1347.00,1354.00,3858967
21-Nov-14,1296.00,1392.50,1286.50,1380.00,10513676
20-Nov-14,1310.00,1311.14,1278.00,1293.50,5484294
19-Nov-14,1346.00,1346.50,1318.50,1323.00,5374551
18-Nov-14,1360.00,1376.50,1348.00,1363.00,3281071
17-Nov-14,1349.50,1390.00,1348.50,1372.50,2817283
14-Nov-14,1358.50,1359.00,1331.50,1355.00,3064188
13-Nov-14,1371.50,1372.00,1341.00,1361.00,2350636
12-Nov-14,1336.50,1368.00,1330.00,1364.50,3324741
11-Nov-14,1354.50,1356.00,1318.05,1342.00,3448831
10-Nov-14,1375.50,1394.50,1347.50,1360.50,4063087
7-Nov-14,1334.00,1374.50,1333.00,1364.50,3845235
6-Nov-14,1318.50,1338.00,1308.50,1329.00,3697788
5-Nov-14,1323.50,1329.50,1305.50,1329.50,4214698
4-Nov-14,1311.50,1336.92,1303.50,1325.50,4592576
3-Nov-14,1323.00,1336.00,1309.00,1316.00,4245863
31-Oct-14,1338.00,1346.00,1307.00,1316.50,5384709
30-Oct-14,1353.50,1353.50,1304.00,1320.50,4758165
29-Oct-14,1356.00,1373.50,1348.50,1352.50,4066431
28-Oct-14,1305.00,1350.00,1299.50,1344.50,4541357
27-Oct-14,1320.00,1333.69,1283.50,1296.50,3931329
24-Oct-14,1329.00,1333.00,1302.50,1308.00,4914541
23-Oct-14,1362.00,1362.00,1315.50,1340.00,5577703
22-Oct-14,1378.00,1381.00,1345.50,1356.50,4304451
21-Oct-14,1360.00,1384.50,1349.00,1374.50,4581782
20-Oct-14,1370.00,1383.50,1358.00,1364.50,6772591
17-Oct-14,1365.00,1378.50,1355.00,1365.00,7728394
16-Oct-14,1392.00,1410.50,1330.00,1366.50,9994365
15-Oct-14,1426.50,1432.00,1376.00,1387.81,9023445
14-Oct-14,1400.00,1430.00,1396.50,1423.00,8163205
13-Oct-14,1340.00,1397.00,1332.50,1388.00,8755460
10-Oct-14,1340.00,1341.50,1308.00,1325.50,6874213
9-Oct-14,1367.00,1376.00,1349.00,1356.00,5787396
8-Oct-14,1364.00,1368.00,1329.00,1338.00,6730071
7-Oct-14,1375.00,1391.50,1364.50,1375.00,10846418
6-Oct-14,1321.50,1360.40,1308.00,1348.00,5601626
3-Oct-14,1346.00,1353.50,1301.00,1314.50,5252323
2-Oct-14,1363.00,1368.00,1321.50,1327.00,4969591
1-Oct-14,1377.00,1382.00,1344.50,1363.50,5534799
30-Sep-14,1391.00,1397.00,1369.50,1384.00,3971051
29-Sep-14,1400.00,1402.00,1373.00,1384.00,3891370
26-Sep-14,1404.00,1414.50,1390.50,1406.50,4106342
25-Sep-14,1452.50,1452.50,1391.50,1407.00,5674488
24-Sep-14,1434.00,1462.00,1415.00,1461.00,4242429
23-Sep-14,1431.50,1439.00,1405.00,1428.50,5787049
22-Sep-14,1456.00,1456.00,1417.50,1426.50,3905897
19-Sep-14,1488.00,1488.00,1467.50,1472.00,5345102
18-Sep-14,1501.50,1506.00,1480.00,1489.50,3938672
17-Sep-14,1510.00,1519.00,1493.00,1497.00,2788263
16-Sep-14,1507.00,1511.00,1478.50,1497.50,3298225
15-Sep-14,1476.50,1496.50,1472.00,1488.50,2941295
12-Sep-14,1493.50,1510.00,1473.50,1483.00,3230521
11-Sep-14,1517.50,1525.00,1479.00,1495.00,4835935
10-Sep-14,1516.50,1533.67,1504.78,1514.50,3528219
9-Sep-14,1544.00,1552.00,1510.50,1527.00,3520155
8-Sep-14,1559.00,1569.00,1528.50,1543.50,3055448
5-Sep-14,1586.00,1586.50,1556.00,1564.50,4142663
4-Sep-14,1582.50,1603.00,1571.00,1593.50,3123386
3-Sep-14,1570.00,1583.50,1552.50,1580.00,4889444
2-Sep-14,1531.00,1589.50,1531.00,1562.00,6239446
1-Sep-14,1530.00,1539.00,1510.00,1523.50,1932972
29-Aug-14,1520.00,1573.29,1513.00,1530.00,2819298
28-Aug-14,1555.50,1555.50,1509.50,1512.50,3401629
27-Aug-14,1577.00,1588.50,1552.00,1568.00,2475151
26-Aug-14,1575.00,1579.00,1546.00,1577.00,2845359
22-Aug-14,1575.50,1580.00,1545.50,1556.50,2165361
21-Aug-14,1590.00,1593.00,1567.50,1573.50,2584319
20-Aug-14,1580.00,1603.00,1561.50,1594.00,2809681
19-Aug-14,1604.50,1620.50,1576.50,1578.50,3070352
18-Aug-14,1590.00,1610.50,1588.57,1599.00,1875641
15-Aug-14,1597.50,1611.00,1574.50,1577.50,2739936
14-Aug-14,1569.50,1591.95,1559.50,1584.00,2798698
13-Aug-14,1591.50,1599.00,1566.00,1576.50,2941585
12-Aug-14,1591.50,1601.00,1572.00,1586.00,2662432
11-Aug-14,1567.00,1608.00,1558.50,1602.50,3307506
8-Aug-14,1510.00,1556.00,1503.50,1551.00,3160370
7-Aug-14,1571.00,1586.50,1525.00,1528.50,3366660
6-Aug-14,1547.50,1570.00,1532.50,1570.00,3532018
5-Aug-14,1599.50,1602.50,1562.00,1574.00,2874432
4-Aug-14,1599.50,1599.50,1574.50,1585.00,2335475
1-Aug-14,1593.50,1593.50,1550.00,1580.00,4072699
31-Jul-14,1628.00,1634.00,1593.50,1599.00,3348425
30-Jul-14,1650.00,1653.50,1620.50,1629.00,3102859
29-Jul-14,1641.50,1656.50,1636.50,1648.00,3278795
28-Jul-14,1636.00,1662.00,1619.50,1633.00,3887632
25-Jul-14,1593.00,1651.00,1583.00,1639.50,6376820
24-Jul-14,1594.50,1601.00,1569.50,1585.00,4042153
23-Jul-14,1600.00,1614.50,1583.50,1597.00,3859250
22-Jul-14,1556.00,1600.50,1555.00,1600.50,5186099
21-Jul-14,1540.00,1556.49,1535.00,1545.50,2702750
18-Jul-14,1532.50,1541.50,1521.00,1537.00,3516905
17-Jul-14,1551.00,1559.50,1526.00,1539.00,3721777
16-Jul-14,1520.00,1568.00,1510.50,1564.00,4962486
15-Jul-14,1501.50,1528.00,1496.00,1514.00,3412760
14-Jul-14,1490.50,1513.50,1482.00,1501.50,2802694
11-Jul-14,1489.50,1491.50,1467.00,1479.00,2734504
10-Jul-14,1501.50,1509.50,1484.50,1489.50,3629480
9-Jul-14,1504.00,1519.00,1498.50,1505.00,2483859
8-Jul-14,1515.50,1521.50,1499.50,1500.50,3647225
7-Jul-14,1518.00,1526.00,1503.49,1510.00,2815666
4-Jul-14,1525.00,1525.00,1510.00,1521.00,2293500
3-Jul-14,1482.50,1530.00,1477.50,1525.00,5018370
2-Jul-14,1487.50,1500.00,1471.00,1485.00,3305716
1-Jul-14,1447.50,1493.00,1439.00,1487.00,4175416
30-Jun-14,1438.00,1449.00,1425.00,1430.00,2527643
27-Jun-14,1426.50,1439.00,1419.58,1431.00,1589800
26-Jun-14,1435.00,1444.50,1423.50,1428.00,2390448
25-Jun-14,1444.00,1449.00,1417.50,1427.50,2622187
24-Jun-14,1474.50,1477.50,1452.50,1457.00,2378558
23-Jun-14,1465.00,1486.00,1462.00,1470.50,2566697
20-Jun-14,1448.00,1473.50,1445.00,1456.50,3765942
19-Jun-14,1459.00,1475.00,1451.50,1451.50,2932481
18-Jun-14,1429.00,1440.38,1416.00,1437.64,2890904
17-Jun-14,1428.50,1429.50,1397.00,1422.00,4224582
16-Jun-14,1404.50,1436.50,1404.50,1422.00,2481750
13-Jun-14,1415.50,1432.00,1393.50,1410.00,3741615
12-Jun-14,1431.50,1435.50,1404.00,1418.00,6396802
11-Jun-14,1451.00,1466.00,1448.50,1464.50,3488680
10-Jun-14,1468.00,1468.00,1442.50,1452.00,2478050
9-Jun-14,1469.50,1486.50,1463.50,1471.50,1569539
6-Jun-14,1459.00,1466.50,1450.50,1465.00,2397966
5-Jun-14,1459.00,1473.00,1440.61,1453.93,3539222
4-Jun-14,1454.00,1479.50,1425.00,1460.93,3252013
3-Jun-14,1486.00,1489.00,1455.00,1458.00,2756724
2-Jun-14,1471.50,1496.00,1470.50,1491.50,2956995
30-May-14,1530.00,1530.00,1453.00,1457.50,5519725
29-May-14,1526.00,1547.00,1521.50,1544.92,1633402
28-May-14,1557.50,1562.00,1519.50,1527.50,2821090
27-May-14,1588.50,1588.50,1554.50,1556.92,2268698
23-May-14,1542.50,1576.50,1527.00,1573.42,2010637
22-May-14,1558.50,1570.64,1536.00,1538.00,2265728
21-May-14,1529.00,1547.50,1508.50,1546.58,2869295
20-May-14,1568.00,1570.00,1529.00,1533.00,3294360
19-May-14,1560.00,1573.01,1544.00,1565.58,3541623
16-May-14,1600.00,1602.50,1540.50,1561.58,4729078
15-May-14,1625.00,1645.00,1598.00,1608.00,4582076
14-May-14,1645.00,1649.00,1623.50,1641.58,2505918
13-May-14,1651.00,1678.50,1627.00,1637.50,3915295
12-May-14,1627.50,1648.00,1619.50,1641.58,4840274
9-May-14,1590.00,1613.06,1578.00,1604.00,3199321
8-May-14,1576.00,1594.50,1574.00,1589.00,3131444
7-May-14,1537.50,1567.58,1532.00,1567.58,2591694
6-May-14,1564.50,1571.50,1529.00,1542.58,3053114
2-May-14,1562.00,1580.00,1550.50,1565.00,2633924
1-May-14,1583.50,1589.50,1548.00,1564.50,1032288
30-Apr-14,1535.00,1582.50,1525.50,1582.16,4998047
29-Apr-14,1516.50,1542.65,1505.50,1526.99,3101014
28-Apr-14,1533.00,1533.00,1510.00,1519.08,1845978
25-Apr-14,1552.00,1562.50,1519.00,1533.08,3284849
24-Apr-14,1580.00,1605.50,1555.50,1566.50,3920628
23-Apr-14,1539.00,1551.00,1523.50,1547.00,2742173
22-Apr-14,1545.00,1548.50,1520.50,1538.65,3066800
17-Apr-14,1545.00,1550.00,1512.50,1547.00,2919065
16-Apr-14,1530.50,1542.00,1506.00,1538.50,3122956
15-Apr-14,1542.00,1543.00,1504.50,1514.00,4291537
14-Apr-14,1531.00,1543.65,1506.00,1543.65,4612045
11-Apr-14,1530.00,1554.00,1516.50,1537.00,3200211
10-Apr-14,1567.50,1592.50,1541.50,1548.50,3420521
9-Apr-14,1578.00,1594.50,1555.50,1557.84,4409615
8-Apr-14,1563.50,1585.00,1539.50,1577.00,5164900
7-Apr-14,1547.50,1583.50,1537.94,1554.00,3707203
4-Apr-14,1517.00,1573.00,1517.00,1565.00,3003781
3-Apr-14,1537.50,1547.50,1505.00,1516.50,3825966
2-Apr-14,1529.00,1560.00,1529.00,1543.85,3118108
1-Apr-14,1541.00,1552.50,1518.00,1529.29,3112123
31-Mar-14,1517.00,1546.00,1515.00,1526.42,4383094
28-Mar-14,1499.50,1533.50,1496.50,1509.00,3782091
27-Mar-14,1478.50,1487.00,1459.00,1487.00,2863309
26-Mar-14,1507.50,1522.50,1481.50,1488.85,3881790
25-Mar-14,1453.00,1498.50,1453.00,1498.00,4135116
24-Mar-14,1440.00,1463.00,1433.00,1440.00,3378194
21-Mar-14,1413.00,1454.00,1406.50,1439.57,5621821
20-Mar-14,1382.50,1417.00,1374.50,1411.50,4532425
19-Mar-14,1439.50,1449.50,1388.50,1388.50,4398788
18-Mar-14,1459.00,1483.00,1438.50,1467.50,3614422
17-Mar-14,1428.00,1479.00,1427.00,1461.50,4487094
14-Mar-14,1391.00,1434.00,1387.00,1423.00,4970631
13-Mar-14,1432.00,1442.00,1410.50,1411.36,4314296
12-Mar-14,1422.50,1430.50,1409.00,1419.50,5106871
11-Mar-14,1437.50,1466.50,1426.00,1435.36,4665820
10-Mar-14,1450.00,1452.00,1415.00,1433.00,5252773
7-Mar-14,1557.50,1558.50,1455.50,1462.50,8228219
6-Mar-14,1531.50,1574.50,1530.00,1565.00,3965333
5-Mar-14,1500.00,1526.00,1492.00,1520.00,3468574
4-Mar-14,1492.00,1515.00,1479.00,1502.50,3387834
3-Mar-14,1490.50,1509.50,1478.50,1478.35,5391642
28-Feb-14,1508.50,1531.00,1498.00,1531.00,5712318
27-Feb-14,1495.00,1515.00,1475.00,1511.50,3676415
26-Feb-14,1495.50,1513.00,1484.00,1494.00,3817486
25-Feb-14,1525.00,1526.00,1480.00,1500.50,7351478
24-Feb-14,1553.00,1553.00,1523.50,1533.65,4451463
21-Feb-14,1560.00,1570.00,1530.50,1560.50,6516604
20-Feb-14,1550.00,1560.00,1526.00,1554.00,7323093
19-Feb-14,1587.00,1589.50,1563.00,1589.00,5235843
18-Feb-14,1553.00,1593.00,1524.00,1587.00,6890154
17-Feb-14,1531.00,1554.50,1518.50,1552.00,5311920
14-Feb-14,1545.50,1564.00,1509.50,1519.50,7071297
13-Feb-14,1546.50,1559.50,1499.00,1533.50,8253352
12-Feb-14,1539.50,1565.00,1535.00,1541.00,5838171
11-Feb-14,1506.50,1531.50,1501.50,1526.00,4533924
10-Feb-14,1487.50,1506.50,1478.00,1501.00,3865721
7-Feb-14,1464.00,1482.50,1451.00,1480.00,3880497
6-Feb-14,1465.00,1468.50,1433.00,1459.50,4757259
5-Feb-14,1435.00,1463.50,1417.00,1452.00,4881927
4-Feb-14,1390.50,1457.00,1390.50,1436.50,6083254
3-Feb-14,1440.00,1453.50,1395.50,1397.00,3665545
31-Jan-14,1428.00,1437.00,1403.50,1436.00,5982178
30-Jan-14,1410.00,1443.00,1392.50,1435.50,9642624
29-Jan-14,1400.00,1457.00,1362.50,1420.50,12269421
28-Jan-14,1326.00,1364.00,1323.50,1343.50,5359325
27-Jan-14,1333.50,1353.50,1317.00,1319.50,4080077
24-Jan-14,1381.00,1389.50,1333.00,1339.87,5959119
23-Jan-14,1348.50,1407.50,1347.00,1380.50,4198246
22-Jan-14,1365.50,1388.00,1357.00,1366.50,3257111
21-Jan-14,1392.00,1392.00,1344.50,1356.00,4859103
20-Jan-14,1380.00,1414.00,1369.00,1393.00,3810785
17-Jan-14,1398.00,1436.50,1388.00,1391.00,7133129
16-Jan-14,1332.50,1400.00,1323.50,1397.50,5890931
15-Jan-14,1279.00,1333.00,1274.50,1332.50,6079288
14-Jan-14,1260.00,1271.50,1250.00,1262.50,3095910
13-Jan-14,1256.50,1281.00,1256.50,1273.00,2525520
10-Jan-14,1229.50,1267.00,1226.00,1249.50,3563985
9-Jan-14,1260.50,1263.00,1221.00,1226.50,3075495
8-Jan-14,1266.00,1280.50,1257.50,1269.16,2462598
7-Jan-14,1280.00,1290.50,1260.00,1276.50,3060736
6-Jan-14,1290.50,1300.00,1271.50,1275.00,3155117
3-Jan-14,1289.00,1301.00,1275.00,1297.00,1810336
2-Jan-14,1320.00,1320.00,1282.50,1292.13,3421358
31-Dec-13,1331.00,1332.50,1315.50,1320.00,896037
30-Dec-13,1311.00,1343.00,1311.00,1338.50,2358551
27-Dec-13,1270.50,1311.00,1270.50,1309.50,2200114
24-Dec-13,1268.50,1286.50,1266.50,1275.50,604033
23-Dec-13,1268.00,1283.00,1262.00,1265.00,3079148
20-Dec-13,1275.00,1280.50,1243.00,1261.00,6426441
19-Dec-13,1286.00,1294.50,1246.00,1283.00,4196646
18-Dec-13,1278.00,1287.50,1272.00,1277.50,2052714
17-Dec-13,1282.00,1294.00,1262.00,1281.00,2717692
16-Dec-13,1254.50,1293.50,1236.00,1293.50,2926976
13-Dec-13,1271.50,1280.50,1249.00,1269.50,3301673
12-Dec-13,1284.50,1309.50,1265.50,1275.00,4344548
11-Dec-13,1309.00,1320.00,1287.50,1293.50,1983861
10-Dec-13,1316.50,1329.50,1312.00,1316.00,2228293
9-Dec-13,1325.00,1330.50,1305.00,1324.50,2576483
6-Dec-13,1309.00,1334.00,1300.50,1325.13,3010115
5-Dec-13,1302.50,1336.00,1293.00,1310.00,3454610
4-Dec-13,1303.00,1320.50,1291.50,1311.50,2833726
3-Dec-13,1290.00,1310.00,1266.50,1301.00,3788368
2-Dec-13,1346.50,1352.00,1291.50,1293.00,3127379
29-Nov-13,1374.00,1381.50,1346.00,1349.00,2095683
28-Nov-13,1345.50,1384.50,1336.50,1375.00,2880235
27-Nov-13,1332.00,1360.50,1328.50,1338.50,2838400
26-Nov-13,1370.00,1379.50,1334.00,1334.50,3263223
25-Nov-13,1387.00,1390.50,1367.00,1371.50,1484452
22-Nov-13,1386.50,1386.50,1342.50,1380.00,2678901
21-Nov-13,1400.00,1400.00,1376.50,1384.50,2751969
20-Nov-13,1392.50,1415.00,1390.00,1404.50,2411264
19-Nov-13,1429.00,1429.00,1396.50,1400.00,2563869
18-Nov-13,1431.50,1445.50,1414.50,1438.50,1933936
15-Nov-13,1419.50,1441.50,1411.00,1430.00,2475193
14-Nov-13,1431.50,1438.00,1386.00,1410.50,3656921
13-Nov-13,1433.50,1444.00,1402.50,1408.50,3650921
12-Nov-13,1471.50,1472.00,1436.50,1440.50,3107232
11-Nov-13,1495.00,1495.00,1462.00,1474.00,2156903
8-Nov-13,1496.00,1505.50,1463.50,1492.50,3171363
7-Nov-13,1554.00,1583.50,1504.00,1512.00,3555065
6-Nov-13,1533.00,1564.50,1533.00,1555.50,2932050
5-Nov-13,1508.00,1548.50,1506.00,1536.00,3138131
4-Nov-13,1461.50,1499.50,1461.50,1494.50,1898291
1-Nov-13,1492.50,1494.50,1455.00,1460.00,2314052
31-Oct-13,1523.50,1526.50,1482.00,1485.00,3159061
30-Oct-13,1526.00,1534.00,1516.50,1534.00,1770118
29-Oct-13,1509.00,1519.00,1496.50,1517.50,1735367
28-Oct-13,1520.00,1527.00,1491.50,1515.50,1924404
25-Oct-13,1500.00,1509.00,1490.00,1508.00,1893058
24-Oct-13,1505.00,1513.00,1494.50,1506.00,2055633
23-Oct-13,1553.00,-,1486.00,1495.00,3197907
22-Oct-13,1535.00,1581.50,1521.50,1556.00,3203494
21-Oct-13,1531.50,1549.50,1523.00,1536.50,1959682
18-Oct-13,1561.00,1561.00,1506.00,1532.00,3000061
17-Oct-13,1544.00,1557.50,1534.00,1553.00,2008420
16-Oct-13,1557.00,1569.00,1530.00,1559.50,2386309
15-Oct-13,1536.00,1574.00,1536.00,1569.00,2359023
14-Oct-13,1506.00,1525.00,1490.50,1523.50,1865023
11-Oct-13,1482.00,1519.00,1480.50,1512.00,2148744
10-Oct-13,1452.50,1483.50,1440.00,1476.00,2307226
9-Oct-13,1467.00,1473.00,1439.00,1448.50,1573504
8-Oct-13,1478.50,1483.00,1459.50,1464.00,1935020
7-Oct-13,1483.00,1485.50,1458.00,1485.50,1594815
4-Oct-13,1466.00,1496.00,1455.00,1491.00,1836797
3-Oct-13,1498.50,1519.00,1467.00,1472.50,1761984
2-Oct-13,1481.50,1507.00,1453.00,1502.50,2612993
1-Oct-13,1516.00,1525.50,1459.00,1484.50,2648274
30-Sep-13,1517.50,1518.00,1491.50,1518.00,2399638
27-Sep-13,1563.00,1568.00,1513.00,1540.00,2461625
26-Sep-13,1570.00,1583.50,1548.50,1569.50,2263202
25-Sep-13,1545.00,1584.00,1545.00,1577.50,2213534
24-Sep-13,1566.00,1570.50,1539.00,1545.50,2544777
20-Sep-13,1625.00,1627.00,1585.00,1591.00,4147979
19-Sep-13,1645.00,1662.50,1627.00,1635.00,4058074
18-Sep-13,1575.50,1596.50,1557.50,1577.50,2194475
17-Sep-13,1577.00,1599.50,1557.50,1579.50,2864501
16-Sep-13,1593.00,1605.50,1580.00,1583.00,2067239
13-Sep-13,1609.50,1609.50,1555.00,1568.50,3360754
12-Sep-13,1612.50,1632.50,1609.50,1620.50,3092249
11-Sep-13,1625.00,1625.00,1596.00,1609.50,2312716
10-Sep-13,1611.00,1641.00,1611.00,1632.00,3499546
9-Sep-13,1586.00,1605.50,1586.00,1594.50,1991710
6-Sep-13,1557.50,1583.00,1542.00,1581.00,2970607
5-Sep-13,1541.00,1577.50,1536.00,1571.00,3530060
4-Sep-13,1539.00,1549.00,1525.50,1540.50,1602626
3-Sep-13,1545.00,1555.50,1519.00,1544.50,2476754
2-Sep-13,1503.00,1549.50,1502.00,1536.00,2129951
30-Aug-13,1515.00,1521.50,1472.50,1478.50,2849809
29-Aug-13,1534.50,1546.00,1500.00,1507.00,2553873
28-Aug-13,1493.50,1535.50,1486.00,1530.50,3211673
27-Aug-13,1519.00,1519.50,1491.00,1497.50,2920554
23-Aug-13,1500.00,1532.50,1495.00,1524.50,2027183
22-Aug-13,1475.00,1510.50,1475.00,1504.50,2778552
21-Aug-13,1490.00,1493.50,1459.00,1474.00,2373087
20-Aug-13,1476.00,1496.50,1445.00,1494.00,3392884
19-Aug-13,1539.00,1541.00,1482.00,1492.50,2532691
16-Aug-13,1493.00,1548.50,1492.00,1547.50,3283741
15-Aug-13,1540.00,1547.50,1486.00,1495.50,2730604
14-Aug-13,1550.00,1555.00,1536.00,1545.00,2245999
13-Aug-13,1569.00,1584.00,1554.50,1572.50,3598258
12-Aug-13,1543.50,1577.50,1514.50,1567.50,3646612
9-Aug-13,1463.00,1546.50,1448.50,1542.50,3969154
8-Aug-13,1410.00,1455.50,1405.50,1454.50,2723349
7-Aug-13,1407.50,1431.00,1390.00,1395.00,2744611
6-Aug-13,1473.00,1474.00,1403.50,1416.00,3840138
5-Aug-13,1460.00,1484.50,1459.50,1475.50,1947859
2-Aug-13,1483.00,1490.50,1450.50,1457.00,3033148
1-Aug-13,1416.00,1483.50,1416.00,1483.00,3197185
31-Jul-13,1426.00,1434.00,1403.00,1408.00,2322102
30-Jul-13,1429.50,1431.50,1413.00,1419.50,1743422
29-Jul-13,1396.50,1427.00,1385.00,1422.00,1979416
26-Jul-13,1435.00,1435.00,1371.00,1391.00,3926727
25-Jul-13,1425.00,1425.00,1381.00,1389.00,2977282
24-Jul-13,1434.50,1476.50,1421.50,1438.00,3621337
23-Jul-13,1417.00,1447.00,1414.50,1435.00,3565982
22-Jul-13,1384.50,1413.00,1372.50,1405.00,2412708
19-Jul-13,1375.00,1390.50,1350.00,1379.00,3121119
18-Jul-13,1365.00,1382.50,1348.00,1377.50,2683300
17-Jul-13,1334.00,1373.00,1329.00,1357.00,3496954
16-Jul-13,1317.50,1329.50,1300.00,1324.00,3534352
15-Jul-13,1295.50,1325.50,1295.00,1300.50,2345806
12-Jul-13,1340.00,1340.50,1290.50,1294.50,3109678
11-Jul-13,1316.50,1346.50,1311.50,1337.00,5020916
10-Jul-13,1273.50,1283.00,1252.00,1268.00,2585267
9-Jul-13,1269.00,1294.00,1267.50,1282.00,2941506
8-Jul-13,1226.50,1256.00,1215.50,1245.00,2663252
5-Jul-13,1268.50,1272.00,1213.50,1217.00,4949470
4-Jul-13,1219.50,1272.00,1217.00,1263.00,5125629
3-Jul-13,1266.00,1266.00,1195.50,1207.00,5935107
2-Jul-13,1298.50,1307.00,1275.00,1280.00,3136881
1-Jul-13,1285.00,1299.50,1259.00,1292.00,2920573
28-Jun-13,1274.50,1293.68,1254.00,1266.00,4310815
27-Jun-13,1262.50,1285.50,1262.50,1265.00,4605757
26-Jun-13,1300.50,1301.00,1247.00,1256.00,5954985
25-Jun-13,1310.00,1327.00,1291.50,1299.00,4185620
24-Jun-13,1346.00,1346.00,1296.50,1297.50,4052319
21-Jun-13,1365.00,1383.50,1341.04,1352.00,8129167
20-Jun-13,1376.00,1387.00,1351.50,1359.00,6115684
19-Jun-13,1428.00,1436.50,1400.50,1408.00,3197577
18-Jun-13,1399.00,1435.50,1396.00,1423.50,2896910
17-Jun-13,1432.50,1434.08,1400.00,1407.00,2065657
14-Jun-13,1420.00,1444.00,1403.00,1426.00,3753639
13-Jun-13,1353.50,1409.50,1345.00,1400.00,3411454
12-Jun-13,1367.00,1387.00,1361.50,1374.50,3231797
11-Jun-13,1408.50,1411.00,1351.50,1371.50,4174850
10-Jun-13,1453.50,1456.50,1401.00,1421.50,3156600
7-Jun-13,1439.50,1469.00,1423.00,1463.00,3062697
6-Jun-13,1453.00,1467.50,1430.50,1440.00,2955190
5-Jun-13,1500.00,1504.31,1450.50,1454.00,4159984
4-Jun-13,1557.50,1561.00,1512.00,1518.50,2164605
3-Jun-13,1524.50,1550.00,1511.00,1540.00,2525535
31-May-13,1565.50,1575.50,1526.06,1526.50,4694345
30-May-13,1533.50,1572.00,1525.00,1562.00,2324332
29-May-13,1533.00,1562.00,1512.50,1538.00,2695276
28-May-13,1553.00,1568.00,1540.50,1540.50,3347184
24-May-13,1575.00,1584.00,1552.06,1556.50,2171451
23-May-13,1570.04,1599.50,1558.50,1570.00,4166109
22-May-13,1624.00,1695.62,1606.50,1653.50,4049967
21-May-13,1556.50,1622.31,1551.50,1621.50,4271832
20-May-13,1565.50,1570.50,1523.50,1553.00,1969334
17-May-13,1551.00,1590.00,1545.00,1570.00,2639515
16-May-13,1550.00,1552.00,1506.68,1549.00,3474311
15-May-13,1556.50,1556.50,1525.00,1544.00,2145155
14-May-13,1585.00,1585.00,1515.50,1550.00,3029309
13-May-13,1597.00,1598.50,1555.50,1575.82,3600762
10-May-13,1670.50,1681.50,1575.50,1591.00,5970567
9-May-13,1668.00,1691.00,1657.50,1667.00,2117961
8-May-13,1630.50,1673.00,1623.00,1666.00,3022120
7-May-13,1638.00,1661.00,1619.50,1623.00,3669402
3-May-13,1576.00,1639.50,1573.50,1635.50,3916185
2-May-13,1559.50,1571.50,1539.50,1568.00,3528046
1-May-13,1576.00,1590.00,1555.50,1563.50,1280554
30-Apr-13,1606.00,1619.00,1553.00,1565.00,4121683
29-Apr-13,1617.00,1631.00,1589.00,1609.00,1917940
26-Apr-13,1642.50,1644.50,1595.50,1606.00,2775715
25-Apr-13,1630.00,1659.50,1624.00,1649.00,3272129
24-Apr-13,1606.50,1639.50,1594.00,1625.50,7136592
23-Apr-13,1592.00,1607.00,1567.00,1595.50,2569770
22-Apr-13,1592.50,1619.00,1576.00,1592.50,2561539
19-Apr-13,1609.00,1613.50,1579.00,1596.50,4076420
18-Apr-13,1558.00,1572.00,1540.00,1562.00,2983619
17-Apr-13,1598.00,1601.00,1541.50,1553.00,3043105
16-Apr-13,1567.00,1615.50,1565.00,1587.00,3317307
15-Apr-13,1649.50,1649.50,1562.00,1575.00,5445215
12-Apr-13,1662.00,1684.00,1639.00,1642.00,3013122
11-Apr-13,1694.00,1694.00,1650.50,1671.00,2915571
10-Apr-13,1698.50,1718.08,1689.00,1695.00,2605809
9-Apr-13,1670.00,1702.00,1668.50,1699.50,2733065
8-Apr-13,1650.00,1666.50,1631.00,1644.50,1574881
5-Apr-13,1658.00,1668.50,1616.50,1639.50,3433732
4-Apr-13,1646.00,1678.00,1635.00,1646.00,3500355
3-Apr-13,1664.00,1664.50,1632.50,1650.00,3359900
2-Apr-13,1688.00,1701.00,1669.50,1674.00,3126784
28-Mar-13,1713.00,1727.50,1685.50,1692.00,3225851
27-Mar-13,1744.00,1759.64,1708.00,1722.00,2313171
26-Mar-13,1708.00,1748.50,1708.00,1736.00,3409361
25-Mar-13,1745.50,1750.00,1708.00,1717.50,1985510
22-Mar-13,1749.00,1764.00,1727.50,1729.50,2064170
21-Mar-13,1779.00,1784.00,1735.00,1756.00,2895315
20-Mar-13,1799.00,1817.00,1765.30,1773.00,3251438
19-Mar-13,1868.00,1868.00,1807.00,1820.00,3256053
18-Mar-13,1853.50,1890.00,1833.00,1873.50,2491062
15-Mar-13,1874.00,1900.50,1869.00,1892.50,5113978
14-Mar-13,1858.50,1870.00,1842.00,1863.50,4372681
13-Mar-13,1865.00,1879.00,1836.50,1860.00,3707077
12-Mar-13,1853.50,1890.00,1849.00,1868.50,2228575
11-Mar-13,1852.00,1864.00,1845.00,1861.00,2167141
8-Mar-13,1863.50,1870.50,1831.00,1850.50,3423239
7-Mar-13,1851.50,1878.50,1848.50,1851.00,2603780
6-Mar-13,1882.50,1887.00,1841.50,1846.50,2688797
5-Mar-13,1858.50,1888.00,1849.50,1878.50,2763001
4-Mar-13,1836.50,1856.50,1825.00,1849.00,3461281
1-Mar-13,1918.50,1919.00,1866.00,1900.00,2776004
28-Feb-13,1965.00,1965.00,1903.00,1922.00,3825029
27-Feb-13,1943.00,1959.00,1906.50,1952.50,2328892
26-Feb-13,1933.50,1960.50,1930.50,1938.50,2715805
25-Feb-13,1956.00,2000.50,1956.00,1981.50,3385988
22-Feb-13,1935.00,1971.00,1923.00,1942.00,2677642
21-Feb-13,1942.00,1942.50,1904.00,1923.00,3444360
20-Feb-13,1998.00,2014.50,1942.50,1951.00,3330567
19-Feb-13,1976.00,2003.00,1967.00,1995.50,3223850
18-Feb-13,2029.00,2034.80,1977.00,1983.00,3136076
15-Feb-13,2050.00,2088.50,2031.00,2039.00,5455292
14-Feb-13,2015.00,2032.00,1976.00,2013.00,2151663
13-Feb-13,1988.00,2038.00,1986.50,2013.50,2055017
12-Feb-13,1962.00,1979.00,1958.00,1978.50,1282845
11-Feb-13,1967.00,1990.00,1952.00,1971.50,1297144
8-Feb-13,1951.50,1995.00,1951.00,1972.50,2600908
7-Feb-13,1947.50,1966.50,1923.00,1937.00,2025158
6-Feb-13,1941.00,1956.79,1931.00,1944.50,2846724
5-Feb-13,1919.50,1952.50,1910.50,1932.00,2171758
4-Feb-13,1960.00,1964.50,1906.67,1924.50,2429508
1-Feb-13,1893.50,1965.00,1892.00,1954.00,2988324
31-Jan-13,1886.00,1906.00,1880.00,1886.50,2703138
30-Jan-13,1929.50,1938.00,1875.00,1885.00,2442215
29-Jan-13,1872.00,1938.00,1860.50,1929.50,3441301
28-Jan-13,1894.00,1901.00,1864.50,1872.50,1637851
25-Jan-13,1923.50,1936.50,1862.50,1886.00,2855547
24-Jan-13,1866.50,1900.50,1858.50,1894.50,2720321
23-Jan-13,1902.00,1917.00,1863.50,1869.00,2507748
22-Jan-13,1901.50,1913.00,1868.00,1899.50,2725112
21-Jan-13,1876.00,1909.00,1872.00,1899.50,1630267
18-Jan-13,1904.00,1917.00,1870.00,1885.50,3451462
17-Jan-13,1861.50,1909.00,1852.00,1892.00,3492169
16-Jan-13,1903.50,1919.50,1857.50,1901.00,5192606
15-Jan-13,2048.00,2057.00,1945.00,1961.00,5272877
14-Jan-13,2043.00,2051.50,2032.50,2036.50,2274891
11-Jan-13,2067.50,2068.50,2027.00,2042.00,3319321
10-Jan-13,2047.00,2084.20,2041.50,2072.00,3142795
9-Jan-13,2036.00,2052.64,2006.50,2041.00,2471604
8-Jan-13,2015.00,2063.00,2002.50,2028.00,4631803
7-Jan-13,1993.00,2013.00,1974.00,2000.50,1993376
4-Jan-13,2002.00,2004.00,1970.50,2002.00,2319310
3-Jan-13,1997.50,2014.50,1975.00,2014.50,2109505
2-Jan-13,1935.50,2019.00,1935.50,2003.50,3745492
