31-Dec-15,436.30,438.39,428.80,428.90,265034
30-Dec-15,441.10,443.30,430.40,438.10,1193368
29-Dec-15,439.10,452.90,438.40,444.90,1531868
24-Dec-15,441.50,447.24,435.40,440.60,329182
23-Dec-15,430.00,446.40,427.90,443.00,1820455
22-Dec-15,394.80,426.70,392.10,426.70,1949811
21-Dec-15,391.60,407.00,390.40,392.10,1218711
18-Dec-15,391.80,402.70,385.80,391.60,2494323
16-Dec-15,388.00,407.80,387.20,395.10,2607366
15-Dec-15,392.40,400.30,379.60,385.60,2308691
14-Dec-15,391.20,395.40,381.50,383.90,1997146
11-Dec-15,409.30,411.60,387.10,389.50,2084280
10-Dec-15,402.50,415.00,401.20,407.50,2144995
9-Dec-15,396.20,407.70,380.20,403.30,3920952
8-Dec-15,398.00,401.10,380.60,391.40,3034713
7-Dec-15,418.80,418.80,395.30,400.00,2424404
4-Dec-15,434.10,435.98,412.50,417.30,2010469
3-Dec-15,429.00,435.40,425.40,427.00,2120149
2-Dec-15,435.20,439.50,431.60,432.00,1650243
1-Dec-15,439.60,439.60,432.50,434.10,1678211
30-Nov-15,429.70,437.90,428.00,435.40,2216843
27-Nov-15,435.90,438.20,429.30,433.20,1641853
26-Nov-15,428.40,441.10,416.62,439.40,1456070
25-Nov-15,440.00,445.90,437.50,441.90,2502542
24-Nov-15,435.40,443.93,425.50,440.00,3540654
23-Nov-15,451.90,454.59,436.32,438.20,2688739
20-Nov-15,478.90,484.90,450.50,455.90,2050877
19-Nov-15,486.80,498.38,477.20,479.20,1605066
18-Nov-15,475.50,492.80,465.88,482.20,2273677
17-Nov-15,482.00,490.60,475.70,478.10,2446140
16-Nov-15,471.50,488.20,466.70,474.10,1695483
13-Nov-15,475.00,486.53,470.41,477.00,2060205
12-Nov-15,490.70,492.10,471.70,481.20,3228825
11-Nov-15,510.00,519.50,491.17,495.00,1950295
10-Nov-15,512.50,524.50,504.00,512.00,2418541
9-Nov-15,520.00,555.94,512.50,514.00,3581505
6-Nov-15,524.50,556.50,519.50,524.50,5243632
5-Nov-15,625.00,625.57,550.00,574.00,7310474
4-Nov-15,729.00,772.00,729.00,747.00,2012076
3-Nov-15,710.50,730.00,710.00,725.50,1456808
2-Nov-15,708.50,718.00,699.50,712.00,1220677
30-Oct-15,717.50,720.00,702.00,711.00,1289671
29-Oct-15,731.50,734.50,710.00,718.00,1073474
28-Oct-15,701.50,737.00,701.00,733.00,1530614
27-Oct-15,740.00,742.97,698.47,704.50,1538795
26-Oct-15,751.00,764.00,739.00,741.00,720081
23-Oct-15,759.00,771.50,751.50,757.00,860781
22-Oct-15,756.00,759.50,737.00,750.50,1372662
21-Oct-15,760.00,761.00,742.50,758.50,1112458
20-Oct-15,766.50,767.19,751.00,760.50,778180
19-Oct-15,789.50,792.00,765.50,769.00,827869
16-Oct-15,814.00,824.00,787.00,791.00,981737
15-Oct-15,812.00,829.00,805.50,807.50,1440111
14-Oct-15,793.50,812.00,788.00,803.00,844953
13-Oct-15,808.00,822.47,786.50,801.50,1602198
12-Oct-15,827.00,833.50,806.00,811.00,1291867
9-Oct-15,815.50,841.50,815.50,829.00,1658808
8-Oct-15,816.00,819.60,801.00,806.50,1667344
7-Oct-15,804.00,844.00,802.38,817.50,2937095
6-Oct-15,766.00,804.50,764.50,800.50,1612186
5-Oct-15,740.00,772.00,738.30,767.00,1437975
2-Oct-15,734.00,748.50,720.00,732.00,1126112
1-Oct-15,728.50,748.00,725.50,729.00,1459491
30-Sep-15,718.00,720.49,706.00,716.50,1024616
29-Sep-15,688.50,713.50,686.25,704.50,1592934
28-Sep-15,713.00,719.50,696.50,696.50,1164628
25-Sep-15,716.00,723.00,709.50,715.50,1260462
24-Sep-15,720.00,720.00,692.50,705.00,1322035
23-Sep-15,727.00,736.50,717.00,719.50,1154781
22-Sep-15,750.50,750.65,722.00,730.00,937144
21-Sep-15,748.50,763.00,746.00,751.50,1215911
18-Sep-15,773.00,774.50,750.50,755.00,2376282
17-Sep-15,798.00,798.00,771.50,778.00,1176928
16-Sep-15,779.00,797.00,774.00,793.50,1044649
15-Sep-15,753.00,775.50,742.50,771.00,1161741
14-Sep-15,756.50,761.50,732.50,749.50,1217878
11-Sep-15,770.00,772.31,753.00,756.00,973681
10-Sep-15,786.50,790.47,762.50,766.50,1552178
9-Sep-15,806.50,811.50,794.50,795.50,767965
8-Sep-15,781.00,797.50,779.00,789.00,985375
7-Sep-15,784.00,792.00,774.50,778.50,597682
4-Sep-15,810.00,810.00,774.00,778.50,1591908
3-Sep-15,810.00,826.50,799.50,825.00,1577779
2-Sep-15,804.50,828.50,793.00,805.50,2060701
1-Sep-15,804.50,824.00,798.50,805.00,2214545
28-Aug-15,770.50,816.50,767.00,806.50,2917700
27-Aug-15,764.50,773.00,751.50,763.50,2649385
26-Aug-15,733.50,758.50,720.50,740.50,2311333
25-Aug-15,708.50,737.50,704.50,735.00,2489236
24-Aug-15,736.50,736.50,688.12,697.50,1982229
21-Aug-15,766.00,775.50,753.50,753.50,1726074
20-Aug-15,778.00,784.00,768.50,778.50,1708561
19-Aug-15,801.00,808.38,777.50,780.00,1262666
18-Aug-15,815.00,822.50,802.50,807.00,1014007
17-Aug-15,828.50,828.50,806.50,816.50,931436
14-Aug-15,838.50,838.50,819.32,825.00,937005
13-Aug-15,837.00,848.50,832.50,839.50,1378412
12-Aug-15,814.50,834.00,813.32,827.50,1199087
11-Aug-15,830.00,844.00,810.00,815.00,1306723
10-Aug-15,829.50,829.50,798.65,829.00,1643600
7-Aug-15,814.00,838.50,812.96,824.50,911584
6-Aug-15,811.50,813.50,797.94,809.50,837411
5-Aug-15,809.50,818.00,805.50,811.00,969698
4-Aug-15,810.00,821.00,802.50,810.00,680721
3-Aug-15,820.50,824.00,811.50,815.00,846547
31-Jul-15,840.00,843.00,815.00,820.00,1439209
30-Jul-15,829.50,850.50,823.50,834.00,1021762
29-Jul-15,814.00,828.50,801.00,826.50,1152369
28-Jul-15,787.00,810.00,781.00,807.50,1174867
27-Jul-15,788.00,796.50,776.50,783.00,682724
24-Jul-15,799.00,809.00,788.00,790.50,694467
23-Jul-15,801.50,813.50,791.69,797.00,890457
22-Jul-15,810.50,816.00,795.50,800.50,895161
21-Jul-15,797.00,818.00,795.00,817.00,968615
20-Jul-15,816.50,819.50,790.50,797.00,889479
17-Jul-15,825.00,833.00,810.50,815.50,1288186
16-Jul-15,818.00,834.50,809.35,826.00,894946
15-Jul-15,818.00,827.50,806.00,816.00,752557
14-Jul-15,814.50,822.50,802.00,817.00,718743
13-Jul-15,808.00,820.00,797.00,813.50,964157
10-Jul-15,819.50,822.00,797.00,799.50,895127
9-Jul-15,806.50,813.00,790.50,809.00,1430481
8-Jul-15,780.50,809.00,777.00,802.50,1355578
7-Jul-15,805.00,805.44,774.50,778.00,1331050
6-Jul-15,810.50,816.00,805.50,810.00,1077469
3-Jul-15,821.50,827.00,815.00,817.00,954897
2-Jul-15,806.50,833.00,804.00,823.50,1242104
1-Jul-15,820.50,859.64,803.00,808.00,989344
30-Jun-15,820.00,827.17,816.44,817.50,1480120
29-Jun-15,821.50,832.50,819.50,821.50,1296998
26-Jun-15,845.50,850.00,832.00,842.00,1113871
25-Jun-15,848.00,865.50,847.00,850.50,1281936
24-Jun-15,863.50,865.50,849.50,851.50,1649815
23-Jun-15,857.00,868.00,852.50,865.50,1065657
22-Jun-15,859.50,860.50,837.28,853.00,1271267
19-Jun-15,855.00,860.50,845.50,848.00,1635801
18-Jun-15,868.50,900.89,850.50,856.50,929486
17-Jun-15,873.00,880.00,860.00,870.50,1094240
16-Jun-15,875.00,876.00,858.00,868.50,1473629
15-Jun-15,872.00,876.50,855.00,869.50,1249024
12-Jun-15,883.50,892.00,866.82,873.00,1054887
11-Jun-15,891.50,911.50,885.00,888.50,1147143
10-Jun-15,880.00,895.50,879.00,892.00,1526098
9-Jun-15,891.50,894.35,873.00,882.00,1632636
8-Jun-15,890.00,902.00,882.50,892.00,1215412
5-Jun-15,892.00,907.50,879.64,891.00,1769586
4-Jun-15,900.00,904.00,894.50,895.00,2500623
3-Jun-15,909.00,919.50,892.50,905.00,1690813
2-Jun-15,900.00,918.00,891.00,915.00,2896703
1-Jun-15,950.50,950.94,917.00,920.50,1216638
29-May-15,952.50,960.00,936.00,950.00,1615430
28-May-15,952.00,954.50,929.00,944.20,2473121
27-May-15,952.50,989.00,951.50,975.34,3640723
26-May-15,951.50,954.50,936.00,950.00,1846165
22-May-15,948.50,961.00,932.00,948.00,1841461
21-May-15,915.00,940.50,915.00,938.00,1122841
20-May-15,914.00,915.50,904.50,915.00,989274
19-May-15,911.00,921.50,896.50,911.00,1366274
18-May-15,909.00,922.50,906.50,913.50,896377
15-May-15,916.50,916.50,895.00,906.50,1036754
14-May-15,904.00,919.00,897.50,912.00,815164
13-May-15,887.00,908.69,887.00,904.50,1860699
12-May-15,867.00,890.50,867.00,874.50,1828779
11-May-15,885.50,899.38,868.00,869.50,1662177
8-May-15,915.50,923.50,877.00,885.50,2760575
7-May-15,925.00,926.00,888.00,894.00,1527719
6-May-15,927.00,934.50,922.00,927.00,1230381
5-May-15,920.00,927.00,908.00,922.00,1788846
1-May-15,921.50,926.50,910.50,912.00,620820
30-Apr-15,915.00,927.50,908.00,918.00,1857348
29-Apr-15,923.00,943.42,902.82,909.00,1289453
28-Apr-15,932.50,938.00,915.50,919.50,1611659
27-Apr-15,937.50,937.50,918.00,929.50,1249271
24-Apr-15,951.00,957.50,928.00,935.00,1052081
23-Apr-15,922.50,947.00,906.50,943.00,1103381
22-Apr-15,943.50,948.06,910.00,924.50,1513404
21-Apr-15,939.50,958.00,931.24,944.00,1701741
20-Apr-15,942.00,944.50,924.50,937.50,1171246
17-Apr-15,949.00,959.73,927.50,939.50,1269360
16-Apr-15,958.50,973.50,943.50,948.00,1652994
15-Apr-15,927.50,963.50,922.00,953.50,1791352
14-Apr-15,912.50,925.00,902.50,920.00,1214205
13-Apr-15,920.50,931.50,904.00,910.50,1192862
10-Apr-15,918.50,925.50,911.06,918.00,1270504
9-Apr-15,897.00,915.00,887.00,914.00,1244016
8-Apr-15,923.00,940.50,896.00,898.50,2151890
7-Apr-15,911.00,925.50,909.00,921.00,1839914
2-Apr-15,900.00,906.00,893.50,898.00,1301838
1-Apr-15,906.00,911.50,894.50,897.00,2058466
31-Mar-15,925.00,944.00,904.00,905.50,1865295
30-Mar-15,943.50,944.00,918.50,920.50,1420986
27-Mar-15,946.50,954.50,918.00,935.50,1429856
26-Mar-15,973.00,991.00,930.84,950.50,2909286
25-Mar-15,974.50,979.00,966.00,973.00,1716463
24-Mar-15,989.50,993.00,970.50,972.50,1591958
23-Mar-15,983.50,1003.00,972.50,995.00,2273544
20-Mar-15,949.50,983.00,937.00,981.00,4029931
19-Mar-15,936.00,957.00,932.00,948.50,1705309
18-Mar-15,897.00,933.50,885.50,931.00,1578373
17-Mar-15,880.00,906.50,880.00,893.50,1127279
16-Mar-15,877.50,883.50,870.00,882.00,1439740
13-Mar-15,890.00,898.00,869.68,876.00,2223673
12-Mar-15,882.00,904.00,882.00,884.00,1105360
11-Mar-15,874.00,881.50,869.00,879.00,1347799
10-Mar-15,908.50,909.59,873.50,873.50,1490111
9-Mar-15,911.50,921.85,897.50,909.00,1452612
6-Mar-15,910.00,922.00,904.00,912.00,1158547
5-Mar-15,897.00,910.00,889.50,906.50,847066
4-Mar-15,904.50,919.50,879.67,889.00,1415419
3-Mar-15,883.00,917.50,882.50,901.50,1778157
2-Mar-15,875.00,889.00,874.00,881.00,1116130
27-Feb-15,895.00,895.00,874.50,880.50,1199242
26-Feb-15,880.50,900.50,874.30,880.00,937084
25-Feb-15,869.50,883.00,859.50,875.00,1158247
24-Feb-15,857.00,871.50,845.00,871.50,2008641
23-Feb-15,887.50,888.50,849.50,859.50,847276
20-Feb-15,881.50,898.00,872.00,879.50,900651
19-Feb-15,896.00,899.00,873.50,878.50,1050713
18-Feb-15,906.50,912.50,887.00,902.50,1417959
17-Feb-15,891.50,914.50,883.00,898.50,1371033
16-Feb-15,870.00,903.50,491.83,893.50,1289449
13-Feb-15,849.00,872.50,848.00,869.50,1569360
12-Feb-15,846.50,860.00,842.50,848.50,1445356
11-Feb-15,850.00,859.00,838.00,844.50,1549251
10-Feb-15,858.00,865.50,846.00,850.00,1751412
9-Feb-15,855.00,866.00,849.00,861.50,1183040
6-Feb-15,866.50,873.00,855.00,858.50,1066117
5-Feb-15,837.50,867.00,812.50,864.50,1661796
4-Feb-15,863.00,866.00,833.00,848.50,2050814
3-Feb-15,830.50,872.00,830.50,863.50,2291620
2-Feb-15,795.00,832.00,791.00,830.50,2408819
30-Jan-15,792.00,808.50,785.25,797.50,1892247
29-Jan-15,821.50,822.48,782.00,787.50,2067168
28-Jan-15,827.00,840.68,823.00,832.50,1584819
27-Jan-15,830.00,836.95,816.00,828.50,1466285
26-Jan-15,803.00,830.50,789.65,829.00,1128462
23-Jan-15,829.00,844.00,797.50,807.00,1779966
22-Jan-15,814.00,841.00,813.00,825.50,1574506
21-Jan-15,794.50,817.50,788.00,814.50,1303574
20-Jan-15,818.00,818.50,785.00,790.50,1277598
19-Jan-15,805.50,816.63,799.50,814.50,860929
16-Jan-15,792.00,802.50,784.50,802.50,1802689
15-Jan-15,794.00,801.00,774.50,800.50,2175115
14-Jan-15,789.00,789.00,774.50,777.00,1327380
13-Jan-15,784.00,796.50,775.50,796.50,2058912
12-Jan-15,822.50,823.72,789.50,795.50,1963488
9-Jan-15,836.00,836.00,819.00,824.00,1330322
8-Jan-15,834.00,841.00,822.95,837.00,1834538
7-Jan-15,825.50,834.00,816.00,822.50,1823041
6-Jan-15,840.50,845.00,817.50,819.50,2226111
5-Jan-15,857.50,868.00,834.32,838.00,2693183
31-Dec-14,862.00,867.50,853.00,853.00,355410
30-Dec-14,873.50,875.50,848.50,853.50,1011341
29-Dec-14,892.00,900.00,878.00,885.00,764983
24-Dec-14,896.00,904.50,886.86,888.50,425584
23-Dec-14,878.00,901.00,872.00,896.00,1140154
22-Dec-14,890.00,905.50,865.75,872.00,1669014
19-Dec-14,868.50,890.00,849.00,886.00,2695025
18-Dec-14,857.50,881.00,844.00,863.50,2364871
17-Dec-14,815.00,833.00,805.00,829.30,2707209
16-Dec-14,791.00,834.00,785.00,832.00,3627563
15-Dec-14,801.50,824.50,789.50,789.50,1665836
12-Dec-14,828.50,834.50,803.00,803.00,1966787
11-Dec-14,842.50,859.50,837.50,839.50,1998508
10-Dec-14,861.00,864.00,824.00,842.50,2351498
9-Dec-14,847.50,862.00,821.50,855.50,1762443
8-Dec-14,874.00,878.00,862.65,863.00,1306192
5-Dec-14,902.00,902.00,870.50,874.50,2016481
4-Dec-14,917.50,922.00,893.50,895.50,1875676
3-Dec-14,931.50,941.00,916.00,922.00,2303532
2-Dec-14,918.00,938.50,916.50,935.50,3475100
1-Dec-14,920.00,924.50,889.67,915.00,3084172
28-Nov-14,984.50,984.50,924.00,934.50,3977585
27-Nov-14,1038.00,1045.00,992.00,995.00,3491389
26-Nov-14,1064.00,1066.00,1039.00,1059.00,2846782
25-Nov-14,1071.00,1075.00,1034.00,1066.00,4027275
24-Nov-14,1085.00,1085.00,1063.00,1076.00,6226502
21-Nov-14,1086.00,1109.00,1083.40,1099.00,1650341
20-Nov-14,1090.00,1095.00,1077.23,1087.00,1211712
19-Nov-14,1101.00,1104.00,1083.00,1085.00,1658394
18-Nov-14,1093.00,1120.00,1084.00,1105.00,1715549
17-Nov-14,1075.00,1102.00,1059.55,1093.00,1546679
14-Nov-14,1059.00,1085.00,1052.00,1083.00,1802759
13-Nov-14,1070.00,1093.00,1048.00,1058.00,3121287
12-Nov-14,1087.00,1094.36,1079.40,1081.00,5416460
11-Nov-14,1081.00,1090.00,1054.00,1088.00,1526115
10-Nov-14,1048.00,1085.00,1045.00,1079.00,1597130
7-Nov-14,1063.00,1073.00,1044.00,1057.00,1680684
6-Nov-14,1019.00,1067.00,1013.00,1067.00,2005255
5-Nov-14,1004.00,1069.55,976.00,1013.00,2314201
4-Nov-14,1048.00,1048.50,974.00,993.00,3387240
3-Nov-14,1039.00,1072.00,1035.00,1056.00,1536824
31-Oct-14,1040.00,1045.00,1028.00,1040.00,1227853
30-Oct-14,1026.00,1030.00,1014.00,1026.00,1443808
29-Oct-14,1002.00,1023.00,988.50,1020.00,1437682
28-Oct-14,1006.00,1019.00,998.50,1002.00,842770
27-Oct-14,1026.00,1026.94,995.00,1003.00,969104
24-Oct-14,1031.00,1038.82,1005.00,1009.00,1045953
23-Oct-14,1040.00,1045.00,1017.00,1030.00,1392838
22-Oct-14,1039.00,1048.00,1028.00,1044.00,1207479
21-Oct-14,997.50,1035.00,989.50,1034.00,1383977
20-Oct-14,1030.00,1030.00,1000.00,1000.00,887258
17-Oct-14,1003.00,1032.00,992.90,1030.00,1226827
16-Oct-14,993.50,1011.00,967.50,997.50,2135938
15-Oct-14,1013.00,1023.00,989.00,990.00,1629303
14-Oct-14,1006.00,1022.00,998.50,1012.00,1479113
13-Oct-14,1004.00,1046.83,993.80,1016.00,1234567
10-Oct-14,1037.00,1047.22,1009.00,1014.00,1733043
9-Oct-14,1054.00,1060.00,1038.78,1050.00,1324189
8-Oct-14,1059.00,1061.00,1032.00,1035.00,1594970
7-Oct-14,1079.00,1082.32,1061.89,1065.00,1531556
6-Oct-14,1078.00,1097.58,1075.10,1081.00,877087
3-Oct-14,1067.00,1106.00,1067.00,1092.00,1497624
2-Oct-14,1075.00,1075.00,1043.00,1045.00,1046960
1-Oct-14,1100.00,1105.00,1070.00,1077.00,1074813
30-Sep-14,1115.00,1115.00,1096.00,1104.00,955564
29-Sep-14,1107.00,1121.00,1100.00,1108.00,798652
26-Sep-14,1092.00,1114.00,1078.00,1106.00,998727
25-Sep-14,1088.00,1108.00,1057.98,1086.00,1493489
24-Sep-14,1061.00,1068.00,1048.00,1066.00,785667
23-Sep-14,1068.00,1068.95,1048.00,1059.00,734300
22-Sep-14,1091.00,1091.00,1064.00,1066.00,604227
19-Sep-14,1099.00,1116.00,1095.00,1095.00,1594454
18-Sep-14,1068.00,1080.70,1068.00,1077.00,883955
17-Sep-14,1067.00,1074.00,1061.00,1069.00,700267
16-Sep-14,1077.00,1077.00,1052.00,1060.00,900133
15-Sep-14,1086.00,1089.00,1067.00,1078.00,649368
12-Sep-14,1086.00,1109.00,1079.00,1090.00,729409
11-Sep-14,1098.00,1099.00,1079.00,1087.00,660232
10-Sep-14,1094.00,1101.00,1078.00,1087.00,627591
9-Sep-14,1088.00,1100.00,1073.00,1096.00,706650
8-Sep-14,1103.00,1103.00,1078.00,1091.00,691211
5-Sep-14,1125.00,1125.00,1101.75,1104.00,577311
4-Sep-14,1116.00,1116.00,1093.00,1105.00,585928
3-Sep-14,1124.00,1126.00,1115.00,1117.00,413787
2-Sep-14,1117.00,1126.00,1113.00,1120.00,631179
1-Sep-14,1127.00,1128.00,1111.00,1116.00,510982
29-Aug-14,1136.00,1140.00,1113.00,1125.00,622553
28-Aug-14,1141.00,1147.00,1135.00,1138.00,670652
27-Aug-14,1140.00,1150.00,1136.00,1146.00,598103
26-Aug-14,1125.00,1143.00,1116.00,1142.00,959085
22-Aug-14,1120.00,1120.00,1100.00,1113.00,449175
21-Aug-14,1103.00,1121.00,1097.00,1113.00,541331
20-Aug-14,1117.00,1119.00,1097.95,1099.00,646530
19-Aug-14,1114.00,1121.00,1104.00,1114.00,517890
18-Aug-14,1107.00,1112.00,1089.00,1107.00,707422
15-Aug-14,1109.00,1115.00,1099.00,1101.00,677467
14-Aug-14,1084.00,1110.00,1081.00,1104.00,647472
13-Aug-14,1088.00,1096.00,1081.10,1084.00,576330
12-Aug-14,1113.00,1113.00,1079.00,1082.00,784445
11-Aug-14,1081.00,1111.00,1072.80,1108.00,1459038
8-Aug-14,1075.00,1077.00,1049.00,1069.00,1507396
7-Aug-14,1074.00,1104.00,1053.00,1083.00,1572903
6-Aug-14,1099.00,1102.80,1083.00,1089.00,1417439
5-Aug-14,1121.00,1121.00,1099.00,1105.00,857757
4-Aug-14,1123.00,1125.00,1114.00,1115.00,469296
1-Aug-14,1139.00,1139.00,1102.00,1118.00,971388
31-Jul-14,1158.00,1158.50,1132.00,1138.00,691083
30-Jul-14,1161.00,1163.00,1142.00,1155.00,815797
29-Jul-14,1149.00,1167.00,1144.00,1165.00,715637
28-Jul-14,1157.00,1158.75,1137.95,1146.00,680048
25-Jul-14,1165.00,1166.80,1149.00,1154.00,915602
24-Jul-14,1190.00,1191.00,1166.64,1170.00,659068
23-Jul-14,1203.00,1206.00,1185.00,1188.00,403283
22-Jul-14,1185.00,1203.00,1181.00,1201.00,411721
21-Jul-14,1190.00,1190.00,1170.00,1177.00,445590
18-Jul-14,1187.00,1190.00,1177.00,1187.00,319944
17-Jul-14,1183.00,1194.00,1178.00,1190.00,516162
16-Jul-14,1192.00,1197.00,1185.00,1190.00,306642
15-Jul-14,1200.00,1204.00,1186.00,1186.00,461667
14-Jul-14,1183.00,1201.00,1176.90,1201.00,468863
11-Jul-14,1182.00,1182.00,1169.00,1178.00,462327
10-Jul-14,1185.00,1189.00,1165.00,1177.00,734614
9-Jul-14,1199.00,1203.00,1182.00,1185.00,474553
8-Jul-14,1225.00,1227.91,1197.00,1198.00,439158
7-Jul-14,1229.00,1236.00,1222.00,1224.00,317186
4-Jul-14,1246.00,1247.70,1230.00,1231.00,237613
3-Jul-14,1238.00,1249.90,1228.52,1245.00,507075
2-Jul-14,1222.00,1235.00,1221.00,1231.00,765028
1-Jul-14,1220.00,1225.00,1210.34,1220.00,617454
30-Jun-14,1219.00,1223.00,1210.00,1215.00,702951
27-Jun-14,1210.00,1221.00,1207.00,1220.00,920007
26-Jun-14,1202.00,1212.00,1200.30,1207.00,905372
25-Jun-14,1215.00,1215.00,1191.00,1196.00,1001433
24-Jun-14,1240.00,1240.00,1207.15,1220.00,821213
23-Jun-14,1253.00,1254.10,1231.00,1233.00,692821
20-Jun-14,1232.00,1255.00,1232.00,1249.00,912207
19-Jun-14,1225.00,1239.00,1212.00,1236.00,949052
18-Jun-14,1240.00,1240.00,1216.00,1219.00,696981
17-Jun-14,1244.00,1253.50,1229.00,1235.00,711827
16-Jun-14,1241.00,1271.00,1237.00,1238.00,807673
13-Jun-14,1249.00,1255.00,1230.00,1240.00,1153431
12-Jun-14,1232.00,1256.00,1230.00,1253.00,577332
11-Jun-14,1261.00,1261.00,1221.00,1234.00,904091
10-Jun-14,1258.00,1269.00,1249.00,1252.00,772645
9-Jun-14,1259.00,1266.00,1237.00,1262.00,626037
6-Jun-14,1225.00,1262.00,1222.00,1258.00,1095284
5-Jun-14,1218.00,1243.94,1199.00,1221.00,536007
4-Jun-14,1210.00,1251.03,1204.00,1215.00,594624
3-Jun-14,1227.00,1249.21,1206.00,1208.00,641833
2-Jun-14,1215.00,1250.86,1210.00,1225.00,807040
30-May-14,1199.00,1235.76,1197.50,1208.00,779457
29-May-14,1184.00,1201.00,1174.55,1197.00,577558
28-May-14,1180.00,1185.64,1169.00,1174.00,687606
27-May-14,1210.00,1213.69,1197.00,1205.00,701931
23-May-14,1213.00,1215.00,1206.00,1209.00,436833
22-May-14,1207.00,1219.00,1198.00,1212.00,685655
21-May-14,1176.00,1215.00,1176.00,1208.00,763916
20-May-14,1182.00,1186.54,1173.00,1178.00,397973
19-May-14,1165.00,1183.00,1160.00,1182.94,678293
16-May-14,1185.00,1186.00,1154.00,1165.00,1032559
15-May-14,1218.00,1228.00,1180.00,1185.00,805055
14-May-14,1210.00,1222.00,1209.00,1215.00,486199
13-May-14,1216.00,1218.00,1210.00,1214.00,620448
12-May-14,1213.00,1217.00,1202.00,1212.00,638370
9-May-14,1197.00,1216.00,1189.42,1212.00,1205248
8-May-14,1242.00,1242.00,1207.00,1208.00,1144768
7-May-14,1235.00,1244.00,1227.00,1236.00,930035
6-May-14,1236.00,1241.56,1229.75,1241.00,816107
2-May-14,1232.00,1247.00,1229.00,1242.00,696093
1-May-14,1237.00,1241.00,1229.00,1231.00,342508
30-Apr-14,1237.00,1240.25,1227.00,1235.00,1586444
29-Apr-14,1250.00,1259.00,1230.00,1241.00,1580284
28-Apr-14,1233.00,1235.00,1219.00,1232.00,973178
25-Apr-14,1235.00,1244.36,1231.00,1238.06,1254324
24-Apr-14,1214.00,1244.12,1207.75,1244.12,1246387
23-Apr-14,1199.00,1211.00,1192.00,1209.00,892138
22-Apr-14,1195.00,1212.00,1190.00,1205.00,553004
17-Apr-14,1186.00,1191.00,1172.00,1190.00,592131
16-Apr-14,1185.00,1193.00,1176.00,1181.12,1153749
15-Apr-14,1190.00,1193.15,1172.00,1175.00,1275950
14-Apr-14,1191.00,1198.00,1183.00,1186.00,972595
11-Apr-14,1204.00,1206.00,1185.00,1193.00,1165375
10-Apr-14,1214.00,1226.00,1204.00,1214.00,840421
9-Apr-14,1212.00,1214.00,1200.00,1207.00,943880
8-Apr-14,1211.00,1216.00,1195.00,1209.00,1739407
7-Apr-14,1218.00,1218.28,1200.00,1214.00,1237151
4-Apr-14,1210.00,1229.00,1205.00,1225.00,1317965
3-Apr-14,1205.00,1209.00,1198.00,1204.00,1641650
2-Apr-14,1174.00,1206.00,1173.00,1200.00,2421922
1-Apr-14,1131.00,1174.00,1131.00,1161.25,2398640
31-Mar-14,1113.00,1130.00,1113.00,1122.00,878848
28-Mar-14,1102.00,1107.36,1096.00,1106.00,1204100
27-Mar-14,1099.00,1102.63,1084.00,1100.00,1790342
26-Mar-14,1102.00,1121.00,1098.00,1105.00,1462557
25-Mar-14,1092.00,1104.00,1092.00,1097.00,1438074
24-Mar-14,1107.00,1109.00,1094.00,1094.00,1418743
21-Mar-14,1087.00,1113.00,1085.00,1104.00,9122145
20-Mar-14,1085.00,1091.52,1079.00,1086.00,1937963
19-Mar-14,1078.00,1085.00,1072.00,1081.00,1655844
18-Mar-14,1069.00,1087.90,1066.00,1078.00,1387488
17-Mar-14,1066.00,1077.00,1062.00,1073.00,1107771
14-Mar-14,1071.00,1075.00,1063.00,1066.00,906637
13-Mar-14,1084.00,1084.00,1071.00,1076.00,1161543
12-Mar-14,1090.00,1094.00,1080.00,1082.00,788441
11-Mar-14,1093.00,1099.00,1086.00,1098.00,1223677
10-Mar-14,1111.00,1114.00,1086.00,1089.00,1205247
7-Mar-14,1120.00,1126.00,1111.00,1112.00,1317193
6-Mar-14,1125.00,1134.00,1111.00,1124.00,1071035
5-Mar-14,1124.00,1132.00,1119.00,1121.00,1179321
4-Mar-14,1115.00,1129.00,1114.00,1124.00,1257695
3-Mar-14,1111.00,1122.00,1092.00,1107.00,1060181
28-Feb-14,1117.00,1123.00,1111.00,1123.00,1545529
27-Feb-14,1111.00,1122.00,1103.00,1116.00,1456731
26-Feb-14,1114.00,1117.00,1105.00,1112.00,913473
25-Feb-14,1119.00,1121.00,1107.00,1118.00,1920477
24-Feb-14,1118.00,1125.00,1115.00,1119.00,1051929
21-Feb-14,1122.00,1125.00,1114.00,1119.00,1281200
20-Feb-14,1102.00,1116.00,1102.00,1113.00,1507581
19-Feb-14,1108.00,1112.00,1098.00,1107.00,892484
18-Feb-14,1114.00,1114.00,1096.00,1106.00,1350996
17-Feb-14,1101.00,1111.00,1098.00,1109.00,1126556
14-Feb-14,1085.00,1101.00,1080.00,1093.00,2079249
13-Feb-14,1100.00,1169.00,1076.00,1080.00,2949325
12-Feb-14,1112.00,1124.00,1088.00,1092.00,1786384
11-Feb-14,1080.00,1113.00,1076.00,1112.00,2500341
10-Feb-14,1051.00,1077.00,1050.00,1073.00,1357621
7-Feb-14,1055.00,1055.00,1037.00,1042.00,735671
6-Feb-14,1047.00,1051.00,1033.00,1050.00,1171425
5-Feb-14,1032.00,1044.00,1026.00,1034.00,1892609
4-Feb-14,1023.00,1035.00,1015.00,1030.00,1629839
3-Feb-14,1026.00,1041.00,1024.00,1029.00,1062955
31-Jan-14,1035.00,1040.00,1017.00,1030.00,1955604
30-Jan-14,1041.00,1046.00,1035.00,1036.00,1373364
29-Jan-14,1046.00,1054.00,1028.00,1042.00,1891190
28-Jan-14,1030.00,1050.00,1025.00,1038.00,2758427
27-Jan-14,998.00,1024.00,995.00,1020.00,3172645
24-Jan-14,1033.00,1044.00,1019.00,1023.00,1895676
23-Jan-14,1041.00,1053.00,1035.00,1035.00,1409139
22-Jan-14,1052.00,1066.00,1038.00,1038.00,1113862
21-Jan-14,1049.00,1067.00,1044.00,1054.05,1874201
20-Jan-14,1051.00,1059.00,1041.00,1046.00,872125
17-Jan-14,1020.00,1047.00,1015.00,1045.00,2205408
16-Jan-14,1035.00,1053.00,1025.00,1027.00,2919278
15-Jan-14,1066.00,1078.00,1037.00,1052.00,2663551
14-Jan-14,1090.00,1113.00,1060.00,1067.00,2710605
13-Jan-14,1061.00,1133.00,1048.00,1105.00,2994022
10-Jan-14,1059.00,1085.00,1057.00,1079.00,591688
9-Jan-14,1079.00,1079.00,1051.00,1057.00,954301
8-Jan-14,1079.00,1104.00,1066.00,1068.00,577349
7-Jan-14,1083.00,1086.00,1073.00,1081.00,606041
6-Jan-14,1074.00,1090.00,1074.00,1086.00,637277
3-Jan-14,1074.00,1087.00,1067.00,1077.00,699737
2-Jan-14,1092.00,1093.00,1069.00,1075.00,922547
31-Dec-13,1092.00,1101.00,1080.00,1088.00,253886
30-Dec-13,1079.00,1094.00,1077.00,1086.00,813593
27-Dec-13,1080.00,1085.00,1073.00,1079.00,519693
24-Dec-13,1070.00,1080.00,1070.00,1076.20,82760
23-Dec-13,1050.00,1070.00,1049.00,1070.00,515899
20-Dec-13,1036.00,1049.00,1026.00,1049.00,827181
19-Dec-13,1044.00,1056.00,1033.00,1040.00,720512
18-Dec-13,1051.00,1051.00,1033.00,1042.00,878962
17-Dec-13,1060.00,1060.00,1044.00,1048.00,645554
16-Dec-13,1046.00,1060.00,1044.00,1059.00,652455
13-Dec-13,1040.00,1055.00,1036.00,1050.00,1382503
12-Dec-13,1099.00,1099.00,1044.00,1049.00,1376804
11-Dec-13,1108.00,1114.00,1102.00,1104.00,457636
10-Dec-13,1099.00,1123.00,1099.00,1108.00,489414
9-Dec-13,1096.00,1104.00,1094.00,1103.00,455767
6-Dec-13,1100.00,1105.00,1091.00,1098.00,921632
5-Dec-13,1102.00,1113.00,1096.00,1099.00,540837
4-Dec-13,1090.00,1110.00,1090.00,1096.00,640807
3-Dec-13,1116.00,1119.00,1093.00,1097.00,725329
2-Dec-13,1124.00,1134.00,1116.00,1119.00,504182
29-Nov-13,1132.00,1142.00,1130.00,1132.00,683901
28-Nov-13,1131.00,1140.00,1125.00,1131.00,336624
27-Nov-13,1160.00,1160.00,1121.00,1124.00,1431736
26-Nov-13,1169.00,1180.00,1166.00,1170.00,753763
25-Nov-13,1157.00,1174.00,1156.00,1169.00,480940
22-Nov-13,1165.00,1171.00,1154.00,1157.00,436902
21-Nov-13,1153.00,1164.00,1148.00,1163.00,405960
20-Nov-13,1175.00,1180.00,1155.00,1158.00,981695
19-Nov-13,1166.00,1194.00,1146.00,1184.00,727462
18-Nov-13,1161.00,1176.00,1159.00,1167.00,594606
15-Nov-13,1165.00,1170.00,1161.00,1165.00,572812
14-Nov-13,1177.00,1180.00,1161.00,1165.00,616867
13-Nov-13,1164.00,1177.00,1139.00,1162.00,877478
12-Nov-13,1186.00,1186.00,1174.00,1178.00,411995
11-Nov-13,1196.00,1198.00,1187.00,1187.00,449122
8-Nov-13,1177.00,1192.00,1177.00,1191.00,586096
7-Nov-13,1200.00,1203.00,1181.00,1187.00,674944
6-Nov-13,1210.00,1210.00,1190.00,1194.00,592352
5-Nov-13,1178.00,1207.00,1175.00,1207.00,858743
4-Nov-13,1172.00,1180.00,1171.00,1175.00,394870
1-Nov-13,1183.00,1183.00,1168.00,1173.00,463435
31-Oct-13,1168.00,1178.00,1153.00,1177.00,1014225
30-Oct-13,1171.00,1186.00,1169.00,1174.00,489970
29-Oct-13,1165.00,1176.00,1163.00,1170.00,630767
28-Oct-13,1165.00,1171.00,1155.00,1161.00,650337
25-Oct-13,1159.00,1166.00,1153.00,1164.00,542244
24-Oct-13,1148.00,1165.00,1145.00,1160.00,676270
23-Oct-13,1143.00,-,-,1146.00,744271
22-Oct-13,1145.00,1149.00,1130.00,1142.00,542703
21-Oct-13,1106.00,1150.00,1106.00,1148.00,1148877
18-Oct-13,1089.00,1106.00,1086.00,1104.00,808295
17-Oct-13,1095.00,1098.00,1083.00,1089.00,501395
16-Oct-13,1105.00,1120.00,1084.00,1100.00,717686
15-Oct-13,1092.00,1105.00,1090.00,1103.00,409640
14-Oct-13,1089.00,1093.00,1079.00,1085.00,367161
11-Oct-13,1065.00,1087.00,1062.00,1085.00,482008
10-Oct-13,1050.00,1064.00,1045.00,1061.00,845482
9-Oct-13,1058.00,1061.00,1047.00,1050.00,863257
8-Oct-13,1071.00,1075.00,1060.00,1061.00,490089
7-Oct-13,1071.00,1076.00,1054.00,1076.00,412222
4-Oct-13,1070.00,1074.00,1062.00,1072.00,568074
3-Oct-13,1067.00,1082.00,1066.00,1071.00,461118
2-Oct-13,1069.00,1073.00,1059.00,1070.00,573446
1-Oct-13,1075.00,1079.00,1062.00,1073.00,547932
30-Sep-13,1085.00,1091.00,1071.00,1074.00,794071
27-Sep-13,1090.00,1094.00,1088.00,1091.00,436803
26-Sep-13,1093.00,1096.00,1078.00,1089.00,602537
25-Sep-13,1088.00,1113.00,1081.00,1093.00,537271
24-Sep-13,1087.00,1104.00,1080.00,1091.00,1204469
20-Sep-13,1103.00,1115.00,1098.00,1110.00,854926
19-Sep-13,1096.00,1120.00,1096.00,1107.00,698938
18-Sep-13,1093.00,1097.00,1083.00,1086.00,482088
17-Sep-13,1085.00,1094.00,1082.00,1090.00,535620
16-Sep-13,1084.00,1091.00,1083.00,1084.00,357626
13-Sep-13,1076.00,1082.00,1074.00,1075.00,512876
12-Sep-13,1061.00,1096.00,1058.00,1078.00,740250
11-Sep-13,1050.00,1058.00,1045.00,1058.00,586461
10-Sep-13,1050.00,1057.00,1044.00,1054.00,610344
9-Sep-13,1047.00,1052.00,1044.00,1050.00,211947
6-Sep-13,1050.00,1055.00,1042.00,1050.00,415775
5-Sep-13,1050.00,1058.00,1047.00,1057.00,694266
4-Sep-13,1050.00,1053.00,1042.00,1052.00,333129
3-Sep-13,1049.00,1051.00,1038.00,1048.00,449791
2-Sep-13,1041.00,1051.00,1037.00,1049.00,769334
30-Aug-13,1052.00,1053.00,1036.00,1039.00,1167732
29-Aug-13,1061.00,1061.00,1043.00,1050.00,1143288
28-Aug-13,1062.00,1067.00,1055.00,1062.00,1089333
27-Aug-13,1079.00,1081.00,1063.00,1065.00,803330
23-Aug-13,1079.00,1090.00,1071.00,1086.00,431169
22-Aug-13,1068.00,1085.00,1067.00,1082.00,682837
21-Aug-13,1080.00,1082.00,1059.00,1070.00,669713
20-Aug-13,1067.00,1080.00,1057.00,1080.00,629212
19-Aug-13,1084.00,1085.00,1069.00,1085.00,919090
16-Aug-13,1073.00,1086.00,1070.00,1084.00,736771
15-Aug-13,1090.00,1090.00,1071.00,1074.00,559875
14-Aug-13,1099.00,1102.00,1083.00,1089.00,562371
13-Aug-13,1074.00,1097.00,1071.00,1090.00,498955
12-Aug-13,1090.00,1092.00,1070.00,1075.00,413304
9-Aug-13,1079.00,1091.00,1069.00,1090.00,684827
8-Aug-13,1069.00,1082.00,1045.00,1079.00,678274
7-Aug-13,1073.00,1081.00,1069.00,1075.00,905292
6-Aug-13,1096.00,1096.00,1079.00,1083.00,581016
5-Aug-13,1092.00,1098.00,1091.00,1095.00,460520
2-Aug-13,1080.00,1104.00,1080.00,1090.00,495290
1-Aug-13,1083.00,1093.00,1074.00,1079.00,724960
31-Jul-13,1075.00,1090.00,1073.00,1077.00,608057
30-Jul-13,1070.00,1075.00,1068.00,1075.00,590093
29-Jul-13,1062.00,1071.00,1059.00,1067.00,427839
26-Jul-13,1063.00,1071.00,1057.00,1064.00,579795
25-Jul-13,1060.00,1065.00,1054.00,1060.00,810534
24-Jul-13,1052.00,1073.00,1051.00,1061.00,1015063
23-Jul-13,1060.00,1079.00,1057.00,1072.00,597467
22-Jul-13,1060.00,1060.00,1050.00,1056.00,235359
19-Jul-13,1052.00,1057.00,1045.92,1056.00,528830
18-Jul-13,1061.00,1071.26,1054.00,1056.00,704580
17-Jul-13,1065.00,1069.85,1050.00,1061.00,498017
16-Jul-13,1064.00,1069.00,1056.00,1067.00,489076
15-Jul-13,1070.00,1073.00,1057.00,1060.00,462407
12-Jul-13,1066.00,1070.50,1062.00,1064.00,397429
11-Jul-13,1045.00,1062.00,1044.00,1062.00,574093
10-Jul-13,1035.00,1044.00,1033.00,1037.00,515008
9-Jul-13,1041.00,1046.00,1036.25,1040.00,397079
8-Jul-13,1032.00,1036.00,1025.35,1032.00,442814
5-Jul-13,1030.00,1042.00,1019.00,1023.00,480405
4-Jul-13,1007.00,1025.00,993.50,1024.00,549720
3-Jul-13,1014.00,1016.02,996.50,1002.00,794487
2-Jul-13,1013.00,1019.00,1006.00,1017.00,485146
1-Jul-13,1007.00,1016.00,994.00,1014.00,696364
28-Jun-13,1008.00,1016.00,1000.00,1005.00,1037895
27-Jun-13,1001.00,1015.00,999.00,1011.00,729069
26-Jun-13,989.00,1003.00,986.00,1001.00,499023
25-Jun-13,995.00,998.50,981.50,989.50,1380601
24-Jun-13,987.50,993.50,987.50,990.50,949932
21-Jun-13,993.00,994.00,985.50,990.50,1515294
20-Jun-13,1002.00,1003.00,988.00,992.00,1305363
19-Jun-13,998.50,1013.00,998.00,1012.00,574169
18-Jun-13,998.50,1004.00,992.50,1001.00,523257
17-Jun-13,999.00,1005.00,987.50,997.00,643223
14-Jun-13,995.50,1005.00,991.50,1000.00,577773
13-Jun-13,984.50,1000.00,977.00,994.50,673756
12-Jun-13,1001.00,1008.00,994.50,1000.00,674584
11-Jun-13,1002.00,1008.00,989.56,998.00,759029
10-Jun-13,996.00,1006.12,996.00,1002.00,674501
7-Jun-13,1004.00,1010.00,992.00,999.50,874700
6-Jun-13,1011.00,1016.00,1003.00,1004.00,856549
5-Jun-13,1021.00,1027.00,1011.00,1013.00,820845
4-Jun-13,1029.00,1034.00,1021.00,1024.00,636020
3-Jun-13,1015.80,1029.00,1010.00,1025.00,517500
31-May-13,1027.00,1029.00,1018.00,1025.00,1703932
30-May-13,1033.00,1041.00,1019.00,1029.00,681012
29-May-13,1037.00,1041.04,1026.00,1034.00,637549
28-May-13,1066.00,1071.00,1047.00,1059.00,806133
24-May-13,1061.00,1064.00,1042.76,1051.00,455131
23-May-13,1043.00,1059.48,1042.18,1056.00,582563
22-May-13,1057.00,1070.27,1050.50,1067.00,463727
21-May-13,1043.00,1060.00,1043.00,1058.00,629127
20-May-13,1052.00,1052.00,1038.00,1048.00,339744
17-May-13,1060.00,1062.00,1032.73,1044.00,1208080
16-May-13,1062.00,1074.00,1062.00,1072.00,435913
15-May-13,1070.00,1075.00,1049.36,1065.00,535494
14-May-13,1071.00,1077.00,1059.00,1075.00,450521
13-May-13,1067.00,1078.00,1065.00,1069.00,404563
10-May-13,1065.00,1069.00,1046.00,1068.00,611186
9-May-13,1047.00,1070.26,1046.00,1067.00,524945
8-May-13,1025.00,1056.00,1023.50,1051.00,924272
7-May-13,1025.00,1031.82,1015.73,1022.00,497031
3-May-13,1011.00,1030.00,1011.00,1025.00,590946
2-May-13,1004.00,1013.00,992.00,1011.00,777134
1-May-13,1013.00,1019.00,1003.00,1010.00,236715
30-Apr-13,1016.00,1016.00,1008.50,1013.00,898895
29-Apr-13,1006.00,1016.00,1006.00,1012.00,475692
26-Apr-13,1012.00,1016.56,1000.70,1009.00,652522
25-Apr-13,1012.00,1022.00,1012.00,1016.00,619549
24-Apr-13,980.00,1012.00,978.25,1012.00,928750
23-Apr-13,964.00,978.00,963.50,977.00,939647
22-Apr-13,1002.00,1007.00,961.00,963.20,1283199
19-Apr-13,982.00,1001.00,982.00,999.50,1036848
18-Apr-13,995.50,1006.71,983.50,995.36,990991
17-Apr-13,1010.00,1015.00,987.50,994.00,1274758
16-Apr-13,1027.00,1030.23,997.00,1000.00,1196574
15-Apr-13,1052.00,1063.00,1018.00,1028.00,1157407
12-Apr-13,1059.00,1065.00,1047.00,1053.00,794531
11-Apr-13,1071.00,1074.00,1064.66,1069.00,605728
10-Apr-13,1054.00,1076.00,1054.00,1067.00,641452
9-Apr-13,1056.00,1065.00,1054.00,1059.00,968971
8-Apr-13,1058.00,1058.17,1044.84,1056.00,976666
5-Apr-13,1100.00,1104.00,1039.00,1052.00,914454
4-Apr-13,1075.00,1122.00,1075.00,1098.00,1265546
3-Apr-13,1070.00,1088.00,1068.43,1079.00,932063
2-Apr-13,1062.00,1087.00,1053.00,1082.00,1072261
28-Mar-13,1056.00,1072.50,1056.00,1056.00,767266
27-Mar-13,1061.00,1065.00,1052.00,1060.00,649661
26-Mar-13,1053.00,1068.00,1050.00,1060.00,555474
25-Mar-13,1052.00,1073.00,1047.36,1051.00,489533
22-Mar-13,1061.00,1066.00,1056.00,1059.00,975084
21-Mar-13,1051.00,1068.36,1048.00,1064.00,918333
20-Mar-13,1062.00,1065.00,1049.00,1054.00,705677
19-Mar-13,1072.00,1072.00,1049.00,1055.12,705728
18-Mar-13,1042.00,1075.00,1040.00,1072.00,655659
15-Mar-13,1069.00,1071.00,1048.00,1060.00,1504562
14-Mar-13,1061.00,1064.15,1053.00,1064.00,540269
13-Mar-13,1053.00,1061.53,1046.00,1061.00,639155
12-Mar-13,1060.00,1065.49,1047.00,1052.00,741188
11-Mar-13,1049.00,1059.00,1045.00,1049.90,525460
8-Mar-13,1053.00,1059.60,1045.20,1050.00,623463
7-Mar-13,1051.00,1061.00,1041.72,1047.00,1123192
6-Mar-13,1044.00,1050.00,1043.00,1047.00,680790
5-Mar-13,1022.00,1046.00,1018.00,1043.00,960159
4-Mar-13,1030.00,1036.36,1017.00,1019.00,995232
1-Mar-13,1042.00,1047.00,1034.00,1037.00,931332
28-Feb-13,1053.00,1054.00,1038.00,1044.00,1108805
27-Feb-13,1039.00,1048.00,1039.00,1046.00,993490
26-Feb-13,1028.00,1045.00,1026.92,1037.00,1120014
25-Feb-13,1047.00,1064.00,1043.00,1046.00,1458269
22-Feb-13,1039.00,1049.00,1034.00,1047.00,1111457
21-Feb-13,1030.00,1036.99,1018.00,1032.00,1281836
20-Feb-13,1030.00,1040.00,1024.00,1035.00,1439663
19-Feb-13,1011.00,1029.00,1005.52,1028.00,1575889
18-Feb-13,1017.00,1025.41,1001.00,1010.00,977999
15-Feb-13,1031.00,1042.00,1016.00,1026.00,1498523
14-Feb-13,1099.00,1099.00,1030.00,1042.00,2986359
13-Feb-13,1083.00,1124.00,1083.00,1124.00,1063697
12-Feb-13,1097.00,1105.00,1085.00,1097.01,860744
11-Feb-13,1102.00,1111.00,1093.00,1102.00,773920
8-Feb-13,1093.00,1102.00,1090.25,1100.00,580372
7-Feb-13,1085.00,1107.99,1083.00,1094.00,1169340
6-Feb-13,1087.00,1101.00,1078.72,1085.00,785392
5-Feb-13,1076.00,1085.00,1069.00,1084.00,996358
4-Feb-13,1085.00,1087.00,1074.00,1080.00,1256227
1-Feb-13,1083.00,1093.50,1081.00,1085.00,1622683
31-Jan-13,1076.00,1091.00,1073.00,1081.00,1586551
30-Jan-13,1076.00,1090.00,1067.00,1076.00,1660504
29-Jan-13,1099.64,1105.00,1089.00,1099.00,733456
28-Jan-13,1100.00,1111.00,1099.00,1102.00,1131278
25-Jan-13,1097.00,1102.00,1095.00,1100.00,1535728
24-Jan-13,1096.00,1113.00,1096.00,1100.00,916803
23-Jan-13,1103.00,1108.00,1096.00,1102.00,1277201
22-Jan-13,1100.00,1109.32,1095.00,1103.00,519063
21-Jan-13,1098.00,1105.00,1096.00,1102.00,690283
18-Jan-13,1082.00,1100.00,1078.72,1094.00,950775
17-Jan-13,1091.00,1098.00,1081.00,1081.00,994546
16-Jan-13,1076.00,1093.00,1075.00,1089.00,833110
15-Jan-13,1081.00,1082.00,1073.50,1078.00,992818
14-Jan-13,1088.00,1093.25,1080.25,1081.00,719424
11-Jan-13,1069.00,1086.00,1066.30,1085.00,1111822
10-Jan-13,1046.00,1066.00,1045.00,1064.00,1169781
9-Jan-13,1046.00,1064.00,1043.00,1048.00,1963488
8-Jan-13,1029.00,1040.00,1028.72,1032.00,863566
7-Jan-13,1032.00,1041.00,1030.00,1035.00,949520
4-Jan-13,1043.00,1043.00,1026.00,1035.00,1059012
3-Jan-13,1048.00,1048.00,1039.00,1043.00,759915
2-Jan-13,1021.00,1052.00,1021.00,1046.00,1035948
