31-Dec-15,158.40,159.89,155.00,156.10,65061
30-Dec-15,159.70,159.70,155.00,156.10,11170
29-Dec-15,158.60,160.00,156.40,158.00,66982
24-Dec-15,154.90,177.30,154.90,160.00,93804
23-Dec-15,155.40,158.45,154.20,158.10,32973
22-Dec-15,160.00,160.00,153.70,156.20,200859
21-Dec-15,159.40,160.00,156.00,158.89,42052
18-Dec-15,159.20,159.20,155.00,155.94,188767
16-Dec-15,163.50,163.50,156.50,160.00,63066
15-Dec-15,156.60,162.00,155.70,160.00,113636
14-Dec-15,155.00,160.00,155.00,159.30,38248
11-Dec-15,161.30,167.30,155.20,158.90,173539
10-Dec-15,157.30,165.60,156.80,162.00,346211
9-Dec-15,159.50,163.10,159.10,159.50,238907
8-Dec-15,173.50,173.50,160.75,162.80,82570
7-Dec-15,158.70,181.10,158.70,169.90,264469
4-Dec-15,165.60,165.60,157.70,163.00,72347
3-Dec-15,164.40,167.50,160.50,160.50,458379
2-Dec-15,163.10,164.00,158.10,161.00,642648
1-Dec-15,144.00,162.50,144.00,160.00,365455
30-Nov-15,144.90,152.50,141.10,149.00,146148
27-Nov-15,142.00,144.90,138.00,144.00,73860
26-Nov-15,138.50,141.00,132.50,140.00,49314
25-Nov-15,143.00,146.92,133.62,140.30,392100
24-Nov-15,162.70,165.40,136.60,140.00,648332
23-Nov-15,158.00,163.00,156.09,163.00,44574
20-Nov-15,158.40,159.00,153.50,155.50,89150
19-Nov-15,162.20,162.20,156.70,159.10,90759
18-Nov-15,162.00,162.00,157.60,158.50,43436
17-Nov-15,160.80,160.80,156.72,159.30,68397
16-Nov-15,161.70,161.70,155.70,155.70,52324
13-Nov-15,161.50,161.50,155.90,156.50,44642
12-Nov-15,163.00,163.00,156.30,156.30,100919
11-Nov-15,160.00,162.40,158.30,162.40,87781
10-Nov-15,157.00,160.00,157.00,159.50,87753
9-Nov-15,160.00,160.00,158.08,159.80,69792
6-Nov-15,160.00,160.00,158.45,159.20,69346
5-Nov-15,157.00,160.90,157.00,159.60,47826
4-Nov-15,160.80,161.10,158.40,159.80,80988
3-Nov-15,161.00,161.00,156.90,157.80,16385
2-Nov-15,158.40,161.15,157.20,157.20,184745
30-Oct-15,161.00,163.10,158.40,158.40,91836
29-Oct-15,164.30,165.00,160.51,161.00,56962
28-Oct-15,159.40,163.00,158.62,160.00,36565
27-Oct-15,160.00,164.00,158.80,160.90,155079
26-Oct-15,160.30,162.50,155.53,156.20,85271
23-Oct-15,164.90,164.90,158.00,158.80,109085
22-Oct-15,166.00,166.00,160.80,162.40,241534
21-Oct-15,160.20,165.90,158.60,164.30,150708
20-Oct-15,157.00,163.50,154.00,159.50,124928
19-Oct-15,159.00,159.00,151.10,155.00,79033
16-Oct-15,158.30,162.00,155.10,156.20,134403
15-Oct-15,152.10,156.30,152.10,155.80,39568
14-Oct-15,157.00,160.50,153.00,153.50,100971
13-Oct-15,158.00,158.00,151.00,153.60,83984
12-Oct-15,160.00,163.20,154.30,155.10,95651
9-Oct-15,165.00,165.32,157.00,161.70,112627
8-Oct-15,166.20,166.20,160.10,162.70,81573
7-Oct-15,164.60,166.00,160.80,163.50,105222
6-Oct-15,165.00,165.40,160.00,162.10,82715
5-Oct-15,161.10,168.00,161.10,165.00,293440
2-Oct-15,162.60,166.90,160.70,163.00,83807
1-Oct-15,171.40,171.40,162.30,168.00,75484
30-Sep-15,163.00,170.00,161.19,168.40,115605
29-Sep-15,162.00,163.00,157.60,159.00,191610
28-Sep-15,164.00,164.00,157.60,161.80,100926
25-Sep-15,163.50,173.10,160.00,160.00,165645
24-Sep-15,161.10,163.90,158.90,160.20,73255
23-Sep-15,149.50,163.00,149.50,156.70,162805
22-Sep-15,160.70,162.00,152.00,152.30,315608
21-Sep-15,163.40,167.30,160.20,162.90,103758
18-Sep-15,157.50,169.90,155.20,169.90,173148
17-Sep-15,150.10,158.00,150.10,155.20,44903
16-Sep-15,149.70,157.40,149.70,152.00,180327
15-Sep-15,153.00,155.40,145.40,154.00,100744
14-Sep-15,150.00,154.00,149.30,150.70,99749
11-Sep-15,158.20,163.00,150.57,153.00,145168
10-Sep-15,156.70,164.00,156.70,162.00,65804
9-Sep-15,150.10,168.00,150.10,160.12,258093
8-Sep-15,138.60,153.29,136.30,150.80,214986
7-Sep-15,137.60,137.90,131.55,135.07,98408
4-Sep-15,136.80,137.70,132.10,133.60,26519
3-Sep-15,126.10,136.40,126.10,130.75,232008
2-Sep-15,126.90,131.00,126.90,129.16,142255
1-Sep-15,131.00,131.00,125.10,128.60,84685
28-Aug-15,128.90,130.10,125.00,126.66,127311
27-Aug-15,124.10,129.20,124.10,126.00,146781
26-Aug-15,125.00,129.10,121.40,125.20,211999
25-Aug-15,124.20,127.10,120.10,122.90,156406
24-Aug-15,122.00,126.40,122.00,122.80,552722
21-Aug-15,122.00,124.20,118.63,122.40,214745
20-Aug-15,127.00,127.00,118.60,119.90,144181
19-Aug-15,126.50,126.60,124.50,125.00,106773
18-Aug-15,124.90,128.50,124.90,126.10,303652
17-Aug-15,129.30,129.80,126.00,127.00,122262
14-Aug-15,125.40,127.87,125.00,126.50,238865
13-Aug-15,124.20,128.95,124.20,126.60,239114
12-Aug-15,130.20,132.40,124.00,125.50,298903
11-Aug-15,128.30,130.20,128.30,129.90,34075
10-Aug-15,130.60,132.03,125.80,129.54,142010
7-Aug-15,132.00,134.40,129.00,129.88,76862
6-Aug-15,129.00,133.00,125.59,130.18,269127
5-Aug-15,129.40,130.40,127.00,128.00,131265
4-Aug-15,129.00,132.71,125.61,126.90,172779
3-Aug-15,127.30,128.00,125.00,125.15,97783
31-Jul-15,124.00,126.06,123.00,124.90,174996
30-Jul-15,125.00,125.60,124.10,125.11,234883
29-Jul-15,125.20,128.00,123.00,125.00,173492
28-Jul-15,126.80,127.00,123.50,124.99,193759
27-Jul-15,122.80,126.87,122.80,124.61,102591
24-Jul-15,129.00,130.53,123.30,124.90,311281
23-Jul-15,122.00,131.26,122.00,129.00,381061
22-Jul-15,122.30,127.00,119.49,124.15,359136
21-Jul-15,123.50,132.00,122.00,129.10,703724
20-Jul-15,124.60,127.72,119.00,119.70,135722
17-Jul-15,123.10,128.40,123.10,125.44,141566
16-Jul-15,126.00,130.10,124.40,125.44,70137
15-Jul-15,135.20,135.20,121.80,126.90,258681
14-Jul-15,131.50,136.90,131.50,132.00,72969
13-Jul-15,130.00,137.20,128.00,132.20,90302
10-Jul-15,129.60,132.00,127.80,131.40,80626
9-Jul-15,129.00,132.00,128.00,129.20,74971
8-Jul-15,129.30,131.20,128.20,128.90,101996
7-Jul-15,128.20,137.49,128.20,132.63,232830
6-Jul-15,132.00,133.00,126.70,130.00,106293
3-Jul-15,141.70,141.70,127.30,132.22,394585
2-Jul-15,141.10,143.70,138.10,138.40,78899
1-Jul-15,142.10,147.00,141.00,143.80,58753
30-Jun-15,142.50,146.00,142.50,144.71,140714
29-Jun-15,145.00,146.00,142.40,144.48,107810
26-Jun-15,142.00,146.30,142.00,145.09,48818
25-Jun-15,145.00,146.40,145.00,145.09,58024
24-Jun-15,146.00,148.10,145.36,146.60,47635
23-Jun-15,145.00,147.40,142.00,145.09,309096
22-Jun-15,150.60,150.60,144.70,147.00,95392
19-Jun-15,149.00,149.00,136.50,145.55,470347
18-Jun-15,145.10,147.20,142.00,146.05,183861
17-Jun-15,146.30,148.40,140.00,147.27,502658
16-Jun-15,148.00,148.00,142.20,146.26,210372
15-Jun-15,149.40,149.40,147.00,148.37,226454
12-Jun-15,153.00,153.69,148.00,149.66,336694
11-Jun-15,152.20,154.11,151.00,153.15,195374
10-Jun-15,153.30,157.20,149.60,151.90,190882
9-Jun-15,166.50,166.50,150.00,155.00,415988
8-Jun-15,163.60,168.90,161.83,162.70,112672
5-Jun-15,166.00,166.60,164.24,166.00,250755
4-Jun-15,169.90,171.70,163.90,166.00,323525
3-Jun-15,166.40,172.00,164.71,168.17,351720
2-Jun-15,172.30,177.00,162.90,168.19,1169505
1-Jun-15,172.00,176.20,172.00,176.20,140721
29-May-15,176.40,177.30,172.00,173.70,469164
28-May-15,174.90,176.60,172.00,173.50,191776
27-May-15,174.10,180.10,174.00,174.80,140888
26-May-15,175.00,178.28,175.00,176.90,66280
22-May-15,182.00,182.00,177.20,179.00,143843
21-May-15,179.00,179.80,174.00,179.60,97343
20-May-15,179.00,180.10,174.90,176.80,56644
19-May-15,179.00,180.70,177.10,177.30,141869
18-May-15,182.00,182.00,176.20,178.80,192186
15-May-15,180.00,185.00,178.80,179.30,160532
14-May-15,184.90,184.90,178.90,182.10,125854
13-May-15,183.40,185.50,177.20,181.00,158590
12-May-15,180.00,186.00,178.00,181.00,120717
11-May-15,168.60,182.00,168.60,179.90,379315
8-May-15,174.70,176.50,169.90,173.00,267980
7-May-15,176.10,176.80,168.56,170.00,177654
6-May-15,184.80,184.80,170.30,172.50,184016
5-May-15,178.80,185.00,178.00,180.00,63381
1-May-15,189.00,189.00,179.60,181.50,62284
30-Apr-15,188.90,190.60,185.40,186.50,145916
29-Apr-15,188.90,191.40,185.00,187.00,115349
28-Apr-15,189.00,190.00,186.00,186.00,71813
27-Apr-15,189.00,191.30,188.10,190.60,130688
24-Apr-15,184.30,195.80,184.30,190.90,185207
23-Apr-15,188.00,188.00,184.00,186.40,124991
22-Apr-15,188.70,188.70,183.90,183.90,155154
21-Apr-15,185.00,189.90,184.00,184.00,58363
20-Apr-15,189.00,192.50,185.00,185.20,84107
17-Apr-15,189.00,189.70,183.26,185.70,62042
16-Apr-15,188.30,189.90,182.00,183.90,115999
15-Apr-15,182.20,188.60,182.20,183.60,94535
14-Apr-15,185.60,189.80,182.50,183.60,40650
13-Apr-15,187.90,187.90,181.90,183.50,98817
10-Apr-15,188.90,192.90,183.99,190.00,262949
9-Apr-15,187.30,191.30,185.00,185.00,85258
8-Apr-15,189.60,193.75,183.35,190.00,76727
7-Apr-15,183.00,190.90,183.00,185.22,60029
2-Apr-15,185.00,189.40,182.81,185.16,163632
1-Apr-15,187.00,187.20,177.35,183.72,94153
31-Mar-15,186.00,186.60,181.30,185.00,140101
30-Mar-15,184.70,186.90,177.35,183.08,263951
27-Mar-15,183.90,185.00,179.70,180.42,103929
26-Mar-15,178.30,182.80,178.00,180.01,235938
25-Mar-15,181.80,185.80,178.00,180.29,187558
24-Mar-15,186.50,186.50,178.00,182.17,174275
23-Mar-15,180.30,186.00,180.30,183.08,207426
20-Mar-15,177.30,184.00,176.00,180.49,384227
19-Mar-15,175.50,180.90,173.71,179.00,223723
18-Mar-15,182.20,182.90,175.50,177.57,321188
17-Mar-15,186.40,189.00,176.00,178.61,584866
16-Mar-15,187.00,189.12,175.00,180.83,544789
13-Mar-15,191.70,196.80,180.00,180.27,151840
12-Mar-15,197.40,197.40,191.20,191.40,103165
11-Mar-15,192.50,193.70,190.50,192.30,288933
10-Mar-15,194.00,197.10,191.00,193.30,124605
9-Mar-15,190.80,196.10,190.00,193.10,272415
6-Mar-15,182.60,194.10,182.60,192.30,395847
5-Mar-15,176.60,191.56,176.25,185.10,400933
4-Mar-15,171.10,179.20,171.10,173.32,245698
3-Mar-15,175.10,175.52,173.00,174.45,574093
2-Mar-15,176.60,185.30,175.00,180.00,415378
27-Feb-15,179.20,184.50,178.00,179.50,430955
26-Feb-15,197.10,200.41,179.00,183.50,908811
25-Feb-15,150.00,209.30,150.00,196.00,4251910
24-Feb-15,285.00,288.80,276.60,280.00,142139
23-Feb-15,282.10,292.10,282.10,290.70,89780
20-Feb-15,281.40,287.00,279.20,285.40,82998
19-Feb-15,282.00,282.00,276.79,278.00,41647
18-Feb-15,276.90,283.30,276.40,278.67,356209
17-Feb-15,276.00,282.50,275.22,280.07,136325
16-Feb-15,285.10,289.90,274.04,280.06,262946
13-Feb-15,311.50,311.50,264.60,289.80,832045
12-Feb-15,321.40,321.40,293.90,307.75,241046
11-Feb-15,326.00,330.00,322.61,323.90,40394
10-Feb-15,332.40,336.00,325.00,330.00,123605
9-Feb-15,327.60,330.00,325.10,329.50,96446
6-Feb-15,319.80,328.00,319.80,325.90,77602
5-Feb-15,319.80,327.90,313.84,325.81,145387
4-Feb-15,309.40,319.50,307.00,319.50,74251
3-Feb-15,304.60,309.60,302.60,306.40,60390
2-Feb-15,308.00,310.10,303.00,306.60,100122
30-Jan-15,297.00,307.20,296.50,307.20,83034
29-Jan-15,293.50,299.00,292.10,298.60,64573
28-Jan-15,295.60,302.10,293.40,296.81,70844
27-Jan-15,294.60,301.90,294.20,295.00,154827
26-Jan-15,289.50,303.00,286.90,297.50,202097
23-Jan-15,272.80,289.70,272.80,288.30,152836
22-Jan-15,270.50,274.50,268.50,270.00,246271
21-Jan-15,268.60,270.50,267.20,270.50,92188
20-Jan-15,265.40,269.90,265.40,269.40,92201
19-Jan-15,260.00,267.80,258.50,267.50,96509
16-Jan-15,259.90,259.90,255.00,256.68,83187
15-Jan-15,254.40,259.80,254.40,259.80,154582
14-Jan-15,258.00,261.00,255.00,256.10,330692
13-Jan-15,263.60,266.91,260.00,260.00,282336
12-Jan-15,255.00,267.70,255.00,262.50,216975
9-Jan-15,256.80,257.40,246.90,247.10,236364
8-Jan-15,271.80,272.00,253.70,263.51,334792
7-Jan-15,271.00,275.70,269.60,271.20,261710
6-Jan-15,285.00,285.00,272.10,272.10,79691
5-Jan-15,285.60,290.80,280.50,281.30,128660
31-Dec-14,285.40,285.40,280.20,280.20,9798
30-Dec-14,282.10,290.01,278.70,285.00,127900
29-Dec-14,275.60,288.20,275.60,285.60,76081
24-Dec-14,-,-,-,280.80,0
23-Dec-14,276.90,283.70,272.47,280.80,211362
22-Dec-14,274.90,280.00,273.40,279.20,132011
19-Dec-14,272.80,277.40,265.00,265.00,388174
18-Dec-14,274.80,275.25,270.00,273.70,135752
17-Dec-14,271.40,275.00,259.70,272.60,368448
16-Dec-14,278.00,283.50,264.00,272.00,391764
15-Dec-14,279.90,284.80,276.00,278.00,191518
12-Dec-14,278.30,283.20,276.20,277.10,149139
11-Dec-14,280.70,287.00,276.72,282.70,203288
10-Dec-14,276.50,283.50,274.13,281.00,195808
9-Dec-14,282.60,285.40,271.13,279.03,433050
8-Dec-14,257.60,285.30,257.60,285.00,292414
5-Dec-14,250.00,262.60,244.99,250.51,531505
4-Dec-14,246.60,250.10,245.00,249.76,156160
3-Dec-14,248.30,251.80,246.10,248.10,184714
2-Dec-14,248.20,251.60,247.60,250.80,326220
1-Dec-14,246.60,254.90,244.00,249.10,338576
28-Nov-14,234.90,255.00,232.80,249.80,428399
27-Nov-14,233.50,233.50,228.10,233.00,156339
26-Nov-14,214.40,234.50,214.40,230.00,389612
25-Nov-14,216.00,219.51,209.38,217.30,487809
24-Nov-14,213.90,219.80,212.00,217.00,232999
21-Nov-14,204.40,212.80,204.40,211.70,143355
20-Nov-14,204.20,207.30,203.10,206.10,162024
19-Nov-14,205.80,207.20,204.00,206.20,115207
18-Nov-14,208.50,208.60,205.00,206.50,89553
17-Nov-14,206.30,209.50,203.76,208.00,94577
14-Nov-14,213.40,216.50,203.93,205.00,240938
13-Nov-14,208.60,214.50,208.60,214.50,671377
12-Nov-14,210.60,211.30,203.40,210.90,230315
11-Nov-14,207.00,211.90,207.00,209.20,166568
10-Nov-14,189.90,207.00,189.90,195.15,219465
7-Nov-14,192.40,195.00,189.80,191.75,212460
6-Nov-14,187.70,195.60,187.70,193.93,199821
5-Nov-14,183.60,192.50,181.60,191.10,352085
4-Nov-14,178.70,183.10,178.37,180.27,311839
3-Nov-14,167.40,180.70,165.90,177.61,591315
31-Oct-14,163.00,168.40,160.48,166.10,340058
30-Oct-14,161.90,163.30,151.70,158.23,453188
29-Oct-14,170.30,178.00,162.00,162.00,619937
28-Oct-14,166.70,166.70,161.00,164.36,572265
27-Oct-14,170.10,170.10,163.00,164.30,330536
24-Oct-14,169.40,170.50,165.30,168.69,211188
23-Oct-14,174.80,175.86,167.90,167.90,205488
22-Oct-14,176.80,179.10,172.30,173.00,136492
21-Oct-14,178.00,181.10,175.90,177.50,314512
20-Oct-14,180.00,181.70,175.70,176.60,350144
17-Oct-14,175.90,188.30,175.80,178.40,623334
16-Oct-14,169.60,179.60,167.00,178.70,581643
15-Oct-14,168.00,171.50,161.90,165.50,449084
14-Oct-14,154.60,171.20,153.10,166.30,687704
13-Oct-14,159.50,161.30,149.60,154.00,664285
10-Oct-14,168.50,169.10,158.40,159.50,537640
9-Oct-14,177.70,177.70,167.20,167.40,233854
8-Oct-14,179.70,180.00,173.80,173.80,200583
7-Oct-14,184.00,187.00,178.50,179.90,233006
6-Oct-14,186.00,189.50,182.58,184.20,341580
3-Oct-14,180.00,185.60,178.30,185.00,227717
2-Oct-14,179.00,179.20,172.00,176.64,341507
1-Oct-14,186.50,187.28,172.00,175.20,487006
30-Sep-14,193.00,200.00,186.50,188.00,634852
29-Sep-14,190.40,193.60,188.11,192.00,436551
26-Sep-14,192.60,195.00,187.30,188.20,181124
25-Sep-14,195.00,195.00,192.40,193.10,256085
24-Sep-14,195.30,197.60,192.60,194.80,176807
23-Sep-14,191.00,196.30,190.40,195.00,243478
22-Sep-14,195.00,196.60,192.50,194.30,190553
19-Sep-14,193.00,198.60,191.80,195.50,2204744
18-Sep-14,188.10,192.60,188.10,192.00,207873
17-Sep-14,195.00,195.00,188.20,191.69,219721
16-Sep-14,192.00,194.60,188.50,190.00,115335
15-Sep-14,192.10,195.00,190.70,193.50,159991
12-Sep-14,191.20,196.22,190.20,194.20,210133
11-Sep-14,199.50,199.50,188.90,197.45,104669
10-Sep-14,200.20,202.80,195.70,197.00,192129
9-Sep-14,211.80,215.00,197.60,198.90,247388
8-Sep-14,215.40,215.40,209.00,209.00,246815
5-Sep-14,222.60,222.60,214.00,214.70,180750
4-Sep-14,225.50,225.50,215.10,219.70,149076
3-Sep-14,227.70,227.80,222.30,225.00,224309
2-Sep-14,222.00,226.20,219.00,225.00,128351
1-Sep-14,222.60,222.60,215.10,220.00,109742
29-Aug-14,222.70,222.80,215.00,220.00,126965
28-Aug-14,231.00,235.20,220.00,221.80,226878
27-Aug-14,227.90,238.20,227.00,231.00,160739
26-Aug-14,220.50,228.80,220.34,226.00,72263
22-Aug-14,222.00,228.20,219.30,222.10,120400
21-Aug-14,219.30,222.00,216.50,221.50,151214
20-Aug-14,216.90,219.70,216.20,216.60,146569
19-Aug-14,202.60,222.00,198.02,218.00,263710
18-Aug-14,200.40,202.50,199.60,200.30,108546
15-Aug-14,202.00,204.70,199.20,199.80,39557
14-Aug-14,203.00,207.80,201.30,201.60,56343
13-Aug-14,208.40,210.50,203.00,206.30,162823
12-Aug-14,197.90,215.40,197.90,213.90,193354
11-Aug-14,196.10,201.30,196.10,200.00,148219
8-Aug-14,193.40,202.00,192.20,200.00,296418
7-Aug-14,191.20,196.00,191.20,193.42,60058
6-Aug-14,194.30,194.60,188.70,192.40,206792
5-Aug-14,196.20,197.50,193.30,196.00,132801
4-Aug-14,197.00,199.10,190.50,196.00,255017
1-Aug-14,196.00,203.10,194.10,199.00,568975
31-Jul-14,195.90,197.90,194.31,196.00,183580
30-Jul-14,195.70,198.20,192.40,197.00,186089
29-Jul-14,201.00,201.70,191.40,193.30,276077
28-Jul-14,212.10,214.40,198.00,200.00,148889
25-Jul-14,217.40,218.80,210.30,213.47,58063
24-Jul-14,216.50,224.00,216.50,219.20,64990
23-Jul-14,214.80,219.10,214.70,218.00,144409
22-Jul-14,218.50,218.50,210.00,214.40,83550
21-Jul-14,221.80,221.80,215.00,218.00,218178
18-Jul-14,228.70,229.00,217.90,220.00,428865
17-Jul-14,241.00,247.50,226.90,236.11,347727
16-Jul-14,233.00,243.90,232.10,243.90,224425
15-Jul-14,230.00,234.00,227.60,231.20,193079
14-Jul-14,230.00,232.20,225.60,229.20,307214
11-Jul-14,239.50,239.50,227.70,229.00,152396
10-Jul-14,235.00,238.40,230.30,233.17,169315
9-Jul-14,241.90,241.90,229.50,233.60,208207
8-Jul-14,249.90,249.90,228.20,237.60,542415
7-Jul-14,264.00,265.20,244.50,246.00,229712
4-Jul-14,265.50,266.10,263.80,266.00,124847
3-Jul-14,269.00,269.00,261.80,266.10,280771
2-Jul-14,265.00,270.00,265.00,267.50,206165
1-Jul-14,260.00,273.10,253.50,270.00,629903
30-Jun-14,268.20,270.10,256.80,257.50,230809
27-Jun-14,265.00,271.20,264.60,271.20,438712
26-Jun-14,260.60,269.30,260.60,269.00,320317
25-Jun-14,265.00,267.00,262.30,263.80,142637
24-Jun-14,260.30,263.40,260.00,263.40,377511
23-Jun-14,270.00,270.00,253.80,260.50,223508
20-Jun-14,263.00,270.00,262.00,264.75,7503148
19-Jun-14,260.00,265.00,258.85,262.00,426343
18-Jun-14,261.25,265.50,259.00,260.25,356021
17-Jun-14,263.00,266.00,257.75,262.50,182223
16-Jun-14,270.75,271.00,258.35,267.00,228340
13-Jun-14,264.50,271.50,259.75,270.00,251046
12-Jun-14,255.00,267.25,255.00,266.25,279215
11-Jun-14,254.75,265.25,254.75,260.00,247990
10-Jun-14,251.00,258.75,248.75,256.00,197647
9-Jun-14,253.00,255.51,245.25,250.00,397127
6-Jun-14,249.75,258.00,245.00,250.75,623908
5-Jun-14,260.75,264.98,246.50,248.00,485836
4-Jun-14,267.75,268.25,259.00,261.25,189045
3-Jun-14,266.75,270.00,259.00,268.75,347203
2-Jun-14,273.75,274.02,267.00,269.00,382489
30-May-14,263.50,274.75,263.25,270.00,2763702
29-May-14,251.75,270.00,248.50,264.50,456533
28-May-14,248.50,251.75,244.50,250.50,268584
27-May-14,247.00,255.00,243.85,249.00,442717
23-May-14,247.00,252.00,242.75,244.00,421755
22-May-14,234.25,254.00,232.00,246.75,309208
21-May-14,223.25,230.25,217.50,219.00,303565
20-May-14,228.75,228.75,220.00,220.00,141753
19-May-14,232.50,235.51,227.25,230.50,181129
16-May-14,242.00,242.00,226.25,230.75,473150
15-May-14,235.50,259.90,232.25,235.50,1206573
14-May-14,225.00,245.31,225.00,240.00,318345
13-May-14,225.50,228.50,221.25,223.75,346012
12-May-14,231.00,231.00,220.00,220.00,289915
9-May-14,235.75,235.75,225.00,230.00,51829
8-May-14,235.50,236.50,230.00,235.00,219911
7-May-14,237.00,238.00,235.00,235.00,315560
6-May-14,235.25,240.00,235.00,235.00,507849
2-May-14,236.25,239.99,232.25,235.00,282352
1-May-14,235.00,242.41,235.00,236.00,279503
30-Apr-14,241.50,242.00,235.00,236.00,152729
29-Apr-14,243.00,243.00,238.00,240.00,110832
28-Apr-14,243.00,243.00,235.00,236.75,172908
25-Apr-14,246.50,246.50,235.00,240.00,85300
24-Apr-14,250.00,257.00,241.00,247.00,583477
23-Apr-14,252.75,259.75,250.00,255.62,253971
22-Apr-14,242.00,260.00,234.68,255.00,330623
17-Apr-14,242.50,245.00,237.00,238.50,333095
16-Apr-14,242.00,249.75,230.00,245.50,112920
15-Apr-14,263.50,268.80,241.75,249.30,330408
14-Apr-14,267.50,271.17,256.19,260.00,159544
11-Apr-14,271.00,277.75,265.50,267.75,131389
10-Apr-14,294.00,294.00,277.00,280.50,137419
9-Apr-14,277.50,285.24,275.00,282.50,112977
8-Apr-14,288.50,301.40,263.50,272.00,223843
7-Apr-14,305.00,315.00,294.50,295.00,229390
4-Apr-14,313.25,323.39,305.00,310.00,329392
3-Apr-14,318.00,334.75,312.00,321.75,69928
2-Apr-14,314.50,327.00,310.75,319.75,75561
1-Apr-14,315.00,330.00,310.00,320.75,175439
31-Mar-14,303.50,319.54,302.25,314.00,141831
28-Mar-14,309.00,309.00,290.50,302.25,463290
27-Mar-14,316.50,316.50,290.82,304.50,350774
26-Mar-14,320.00,320.00,300.50,305.00,154272
25-Mar-14,327.75,328.00,318.25,318.25,145136
24-Mar-14,337.00,337.00,320.50,323.75,250239
21-Mar-14,350.00,353.25,326.10,332.16,111617
20-Mar-14,348.25,359.50,348.00,350.00,345280
19-Mar-14,340.50,364.00,340.50,363.00,476377
18-Mar-14,350.00,350.00,323.25,350.00,285435
17-Mar-14,361.50,363.56,352.00,352.00,118748
14-Mar-14,350.50,365.00,333.00,345.00,1803853
13-Mar-14,365.00,370.00,361.00,363.75,284892
12-Mar-14,363.00,368.00,356.75,367.75,178728
11-Mar-14,363.00,363.00,355.25,358.75,29714
10-Mar-14,370.00,373.50,366.00,370.00,175530
7-Mar-14,357.00,380.50,355.00,377.00,796438
6-Mar-14,358.50,360.00,354.00,358.11,510023
5-Mar-14,355.00,356.25,346.50,356.00,83762
4-Mar-14,355.00,358.00,346.25,355.03,905745
3-Mar-14,355.00,361.00,351.75,353.00,953467
28-Feb-14,360.00,365.00,354.25,357.50,838764
27-Feb-14,380.00,380.00,350.00,366.45,1750071
26-Feb-14,380.00,412.25,369.75,399.00,29103962
