31-Dec-15,1041.00,1057.00,1041.00,1054.00,72435
30-Dec-15,1055.00,1063.00,1050.00,1050.00,117111
29-Dec-15,1034.00,1061.00,1034.00,1059.00,125657
24-Dec-15,1047.00,1051.00,1039.00,1039.00,15064
23-Dec-15,1042.00,1049.00,1030.00,1045.00,117510
22-Dec-15,1035.00,1045.00,1023.44,1039.00,187934
21-Dec-15,1036.00,1047.00,1030.00,1030.00,214997
18-Dec-15,1042.00,1059.00,1039.00,1040.00,505681
16-Dec-15,1039.00,1055.00,1039.00,1047.00,220309
15-Dec-15,1034.00,1056.00,1034.00,1050.00,223681
14-Dec-15,1033.00,1047.00,1024.00,1029.00,199253
11-Dec-15,1034.00,1044.00,1029.00,1035.00,195930
10-Dec-15,1055.00,1055.00,1027.00,1039.00,176685
9-Dec-15,1049.00,1049.00,1031.00,1032.00,167092
8-Dec-15,1041.00,1049.00,1027.00,1032.97,217074
7-Dec-15,1031.00,1048.00,1031.00,1037.00,162117
4-Dec-15,1038.00,1049.16,1021.00,1031.00,214147
3-Dec-15,1023.00,1044.00,1023.00,1037.00,258714
2-Dec-15,1030.00,1052.39,1027.00,1036.04,278901
1-Dec-15,1015.00,1033.00,1015.00,1032.00,207501
30-Nov-15,1010.00,1019.00,992.97,1019.00,277727
27-Nov-15,993.00,1003.00,991.03,998.50,93188
26-Nov-15,1001.00,1003.00,989.50,994.50,107293
25-Nov-15,999.50,1010.00,993.00,1005.00,111578
24-Nov-15,1006.00,1009.00,988.50,996.50,183464
23-Nov-15,1006.00,1015.00,991.50,1005.00,135868
20-Nov-15,1002.00,1009.00,995.00,1009.00,181918
19-Nov-15,1013.00,1013.00,1001.00,1005.00,182701
18-Nov-15,1007.00,1017.00,999.00,1004.00,129894
17-Nov-15,1011.00,1013.00,998.00,1009.00,200316
16-Nov-15,979.50,998.00,979.50,998.00,159092
13-Nov-15,989.00,992.63,982.00,988.50,158653
12-Nov-15,995.50,1003.00,987.50,996.00,206362
11-Nov-15,972.00,1002.00,972.00,999.00,210545
10-Nov-15,1003.00,1003.00,980.50,986.00,201333
9-Nov-15,987.50,996.68,977.00,985.50,307949
6-Nov-15,969.50,996.50,969.50,989.50,228962
5-Nov-15,962.00,975.00,959.58,972.50,142848
4-Nov-15,975.00,979.00,957.00,961.00,256470
3-Nov-15,965.50,972.50,952.16,972.50,251282
2-Nov-15,962.50,973.41,960.59,965.50,120779
30-Oct-15,975.50,976.91,962.00,967.50,166883
29-Oct-15,965.50,975.50,962.00,972.50,218067
28-Oct-15,956.00,970.00,955.50,963.00,138685
27-Oct-15,955.50,964.00,955.50,956.00,100716
26-Oct-15,960.00,963.00,953.50,957.50,152349
23-Oct-15,950.50,967.50,946.00,960.50,170192
22-Oct-15,942.50,948.50,935.00,948.00,171554
21-Oct-15,945.00,952.00,942.00,947.00,177903
20-Oct-15,939.50,949.50,934.50,946.30,266627
19-Oct-15,929.50,942.50,929.50,940.00,298392
16-Oct-15,925.50,944.00,921.00,934.50,279158
15-Oct-15,917.50,926.50,914.50,923.00,150571
14-Oct-15,919.50,923.12,912.00,913.50,269581
13-Oct-15,916.00,925.00,906.50,920.50,274507
12-Oct-15,911.50,915.35,901.50,913.50,209280
9-Oct-15,934.50,934.50,912.00,913.50,226411
8-Oct-15,933.50,936.08,918.50,921.50,243987
7-Oct-15,951.00,956.53,927.00,933.00,182905
6-Oct-15,954.00,958.00,947.50,951.00,184258
5-Oct-15,952.50,958.00,947.00,954.00,244491
2-Oct-15,952.50,957.00,934.50,940.50,235167
1-Oct-15,951.00,954.50,944.50,948.50,327186
30-Sep-15,951.50,955.00,940.00,942.00,465094
29-Sep-15,938.50,942.50,932.50,933.00,294379
28-Sep-15,948.00,951.00,944.50,948.00,219894
25-Sep-15,933.00,953.00,924.00,949.50,414242
24-Sep-15,926.00,929.50,915.50,918.00,311246
23-Sep-15,912.50,927.50,912.50,925.00,210003
22-Sep-15,926.00,930.40,911.50,912.00,236448
21-Sep-15,932.00,936.00,923.00,930.00,192093
18-Sep-15,937.00,942.00,927.00,932.50,483631
17-Sep-15,941.50,943.50,935.00,939.50,304276
16-Sep-15,932.00,941.00,930.00,935.00,334823
15-Sep-15,929.00,931.00,917.00,931.00,219410
14-Sep-15,933.00,934.00,921.00,926.00,197676
11-Sep-15,927.50,931.00,917.50,927.00,206233
10-Sep-15,931.50,936.50,925.00,928.50,486677
9-Sep-15,938.50,940.00,927.50,931.50,466599
8-Sep-15,905.00,932.50,905.00,920.00,465124
7-Sep-15,892.00,893.00,885.00,891.00,142778
4-Sep-15,894.50,901.01,886.50,886.50,204550
3-Sep-15,907.50,911.00,898.50,903.00,464988
2-Sep-15,900.00,906.00,892.00,895.50,254569
1-Sep-15,899.00,904.00,882.50,894.00,392070
28-Aug-15,891.50,901.50,890.50,900.00,372782
27-Aug-15,902.50,902.60,888.50,892.00,447101
26-Aug-15,878.00,902.00,875.00,891.00,198137
25-Aug-15,878.50,897.50,870.50,893.50,426661
24-Aug-15,875.50,881.50,859.50,867.00,308965
21-Aug-15,909.50,917.00,893.50,893.50,501757
20-Aug-15,924.00,935.00,917.00,918.50,291816
19-Aug-15,940.50,940.50,926.50,928.50,343717
18-Aug-15,937.50,946.00,937.50,942.50,165237
17-Aug-15,936.50,940.68,930.50,936.50,99519
14-Aug-15,929.50,939.50,925.79,935.00,115001
13-Aug-15,936.00,943.00,924.00,926.00,424231
12-Aug-15,919.50,933.00,918.33,925.50,319187
11-Aug-15,926.50,935.00,924.16,934.50,158071
10-Aug-15,934.50,934.50,919.00,933.00,314776
7-Aug-15,939.00,939.00,922.50,924.00,286155
6-Aug-15,935.50,948.16,935.00,947.14,266409
5-Aug-15,953.00,959.00,946.50,954.64,300074
4-Aug-15,941.00,955.00,935.50,951.50,276726
3-Aug-15,917.00,942.00,917.00,940.00,251516
31-Jul-15,922.00,926.00,909.50,925.50,319212
30-Jul-15,925.00,927.50,908.50,919.50,243404
29-Jul-15,913.50,927.00,912.00,919.00,318080
28-Jul-15,900.00,913.50,892.50,913.50,456205
27-Jul-15,920.50,924.50,885.50,891.50,479210
24-Jul-15,920.00,934.50,919.00,931.00,284406
23-Jul-15,914.50,930.00,911.00,927.50,264450
22-Jul-15,909.00,918.00,909.00,915.50,167370
21-Jul-15,914.00,917.00,906.50,913.50,173512
20-Jul-15,912.00,917.00,905.00,909.00,165507
17-Jul-15,904.00,914.50,902.50,909.50,206610
16-Jul-15,893.00,911.00,893.00,906.00,177379
15-Jul-15,877.50,895.50,875.00,895.50,182447
14-Jul-15,885.50,892.50,866.00,884.00,418214
13-Jul-15,892.50,906.00,882.70,904.00,422036
10-Jul-15,882.50,891.50,878.50,886.50,173658
9-Jul-15,865.00,876.50,863.50,875.50,245889
8-Jul-15,868.00,868.00,854.00,860.00,264390
7-Jul-15,855.00,871.50,855.00,861.00,213278
6-Jul-15,852.50,863.00,849.00,855.50,239032
3-Jul-15,851.50,870.00,851.50,864.00,139516
2-Jul-15,861.00,874.50,861.00,866.50,237174
1-Jul-15,834.00,872.00,834.00,864.50,367328
30-Jun-15,832.00,844.00,827.00,839.00,237346
29-Jun-15,824.00,837.50,819.00,832.00,173929
26-Jun-15,840.50,850.72,836.00,844.50,127530
25-Jun-15,836.50,848.50,836.50,844.00,195386
24-Jun-15,845.50,847.00,837.50,842.50,190907
23-Jun-15,851.00,851.00,836.50,842.00,333992
22-Jun-15,848.50,849.00,836.50,842.00,144970
19-Jun-15,837.50,845.00,832.50,835.00,424827
18-Jun-15,831.50,842.50,824.50,839.50,218570
17-Jun-15,842.00,853.50,833.50,838.50,235278
16-Jun-15,850.00,850.00,834.50,844.00,241736
15-Jun-15,840.00,848.50,840.00,846.00,188081
12-Jun-15,850.00,858.23,850.00,852.00,189764
11-Jun-15,856.50,862.50,853.00,857.50,187204
10-Jun-15,843.50,853.00,835.50,852.00,251149
9-Jun-15,849.50,849.50,837.00,839.00,266269
8-Jun-15,852.00,857.44,844.50,844.50,196144
5-Jun-15,862.00,868.29,850.50,853.50,411769
4-Jun-15,856.00,875.50,848.00,867.00,317185
3-Jun-15,865.00,865.50,853.00,857.50,449907
2-Jun-15,867.00,867.00,854.00,857.50,257567
1-Jun-15,859.00,867.00,849.00,862.00,288215
29-May-15,857.50,863.00,851.00,853.00,345247
28-May-15,866.50,866.50,852.00,860.00,241630
27-May-15,848.00,869.50,845.50,861.00,578215
26-May-15,843.50,844.00,828.50,832.00,150283
22-May-15,837.50,842.00,833.50,837.00,95633
21-May-15,835.00,836.00,828.00,835.00,110460
20-May-15,841.00,842.00,828.50,832.50,234396
19-May-15,824.00,841.49,824.00,837.00,156993
18-May-15,829.50,833.00,823.50,827.00,203359
15-May-15,830.50,840.00,821.34,826.00,292936
14-May-15,813.00,827.00,804.00,820.50,236151
13-May-15,814.00,814.00,802.00,807.00,301265
12-May-15,815.50,821.00,783.00,806.50,541607
11-May-15,836.50,836.50,817.00,818.00,312023
8-May-15,826.00,847.00,824.00,831.50,596063
7-May-15,813.50,823.00,806.00,813.00,372128
6-May-15,800.00,817.00,795.50,816.00,309866
5-May-15,823.50,824.50,799.00,800.00,351034
1-May-15,832.50,832.50,814.50,825.50,106075
30-Apr-15,825.00,833.50,818.00,824.00,210952
29-Apr-15,824.50,833.00,822.00,825.00,180075
28-Apr-15,831.00,839.50,821.00,828.00,365099
27-Apr-15,838.00,850.00,828.50,839.00,254771
24-Apr-15,841.00,841.00,829.00,830.50,291455
23-Apr-15,836.50,839.67,828.00,833.00,279737
22-Apr-15,848.50,848.50,827.00,832.50,295108
21-Apr-15,838.00,847.50,831.50,840.50,477294
20-Apr-15,839.00,850.00,833.00,839.50,391406
17-Apr-15,848.50,849.50,832.50,843.00,469639
16-Apr-15,859.50,859.50,843.00,847.50,342965
15-Apr-15,863.50,863.50,850.00,857.00,302299
14-Apr-15,880.50,881.50,851.00,851.00,577154
13-Apr-15,890.00,890.00,872.50,881.50,322511
10-Apr-15,868.00,888.00,868.00,885.00,270990
9-Apr-15,868.00,880.00,865.00,871.50,213921
8-Apr-15,863.50,878.98,863.50,873.50,279671
7-Apr-15,859.00,881.00,859.00,871.00,295106
2-Apr-15,875.50,878.00,852.50,862.50,481881
1-Apr-15,842.50,883.50,842.50,872.50,565299
31-Mar-15,844.50,859.00,844.50,851.00,403557
30-Mar-15,845.50,859.00,845.00,847.83,363860
27-Mar-15,844.00,852.50,844.00,848.34,346608
26-Mar-15,839.50,860.50,815.00,849.00,433014
25-Mar-15,939.20,946.60,931.80,939.80,219999
24-Mar-15,947.70,947.70,938.60,941.50,148635
23-Mar-15,931.80,946.00,930.70,946.00,238839
20-Mar-15,921.00,933.50,895.50,931.80,795959
19-Mar-15,940.30,958.50,913.60,914.80,742397
18-Mar-15,931.20,963.60,931.20,963.60,361718
17-Mar-15,925.00,937.50,925.00,936.90,170232
16-Mar-15,938.00,938.00,926.00,926.00,167622
13-Mar-15,926.00,932.00,919.00,931.00,193531
12-Mar-15,910.20,925.60,906.80,923.30,222758
11-Mar-15,913.07,916.07,905.68,913.64,355838
10-Mar-15,908.00,917.60,908.00,910.20,325535
9-Mar-15,905.10,915.30,905.10,912.50,249858
6-Mar-15,905.00,916.00,903.00,915.00,211694
5-Mar-15,900.00,914.80,900.00,904.00,327496
4-Mar-15,893.20,903.40,889.80,900.60,422953
3-Mar-15,909.70,909.70,890.90,900.00,327151
2-Mar-15,903.41,906.82,892.84,903.41,277183
27-Feb-15,893.00,908.00,893.00,899.00,271346
26-Feb-15,896.00,904.00,894.90,897.20,236344
25-Feb-15,884.10,902.80,884.10,902.80,251237
24-Feb-15,892.00,892.60,881.20,888.60,211844
23-Feb-15,890.30,893.20,880.70,888.60,225882
20-Feb-15,880.10,887.50,877.80,885.80,122923
19-Feb-15,877.00,888.00,869.00,888.00,266012
18-Feb-15,870.50,877.80,865.90,873.90,196101
17-Feb-15,859.70,867.60,848.90,865.30,246170
16-Feb-15,856.82,866.13,854.54,858.52,162120
13-Feb-15,859.10,864.80,856.10,863.10,259826
12-Feb-15,848.30,861.90,843.20,860.20,206233
11-Feb-15,843.20,847.70,835.20,843.80,166832
10-Feb-15,830.10,850.00,830.10,847.20,338029
9-Feb-15,835.20,839.20,828.40,836.40,197871
6-Feb-15,823.30,842.00,823.30,838.60,163567
5-Feb-15,823.86,831.40,821.02,831.25,178390
4-Feb-15,831.20,833.50,823.30,832.40,258463
3-Feb-15,832.40,842.60,830.70,835.20,275609
2-Feb-15,833.50,840.30,820.50,829.50,236818
30-Jan-15,844.90,851.70,833.50,834.70,250305
29-Jan-15,845.50,856.20,840.30,844.90,244404
28-Jan-15,852.84,861.36,844.84,860.23,144718
27-Jan-15,846.60,855.70,843.20,852.80,228220
26-Jan-15,851.70,861.90,850.00,853.40,196998
23-Jan-15,857.95,860.80,851.57,855.68,202900
22-Jan-15,846.60,853.40,841.50,853.40,220222
21-Jan-15,844.90,850.00,834.10,841.50,147110
20-Jan-15,835.20,841.50,835.20,840.90,137020
19-Jan-15,841.50,847.70,833.50,840.30,172474
16-Jan-15,838.00,845.00,832.00,836.00,238672
15-Jan-15,832.00,840.00,819.00,836.00,235719
14-Jan-15,831.20,842.60,822.70,831.20,237533
13-Jan-15,837.50,842.00,828.40,838.10,246862
12-Jan-15,837.50,845.50,832.40,834.70,140646
9-Jan-15,825.57,843.51,816.42,816.42,196032
8-Jan-15,821.60,832.40,814.80,831.20,130764
7-Jan-15,808.00,819.00,801.00,815.00,240420
6-Jan-15,819.30,819.30,801.10,804.00,191192
5-Jan-15,806.80,816.50,805.70,812.50,141889
31-Dec-14,809.70,821.00,809.70,818.80,16970
30-Dec-14,819.90,821.60,810.20,814.80,74930
29-Dec-14,842.00,842.00,814.20,821.00,108986
24-Dec-14,-,-,-,824.40,0
23-Dec-14,823.90,826.10,814.80,824.40,153825
22-Dec-14,811.90,828.40,811.90,826.10,108021
19-Dec-14,797.20,819.90,797.20,817.60,365514
18-Dec-14,804.00,805.70,791.50,801.70,266167
17-Dec-14,790.34,805.51,779.54,792.04,419332
16-Dec-14,785.20,796.00,783.80,790.30,273185
15-Dec-14,783.52,801.14,780.18,785.80,139342
12-Dec-14,798.86,798.89,784.66,786.36,203790
11-Dec-14,813.10,818.80,802.30,802.30,289157
10-Dec-14,818.18,825.52,809.66,818.75,209471
9-Dec-14,815.90,818.20,806.30,815.90,147858
8-Dec-14,815.30,815.30,804.50,812.50,108889
5-Dec-14,800.60,816.50,800.60,815.30,125887
4-Dec-14,801.00,807.00,794.00,798.00,110598
3-Dec-14,804.50,809.10,794.90,798.90,172920
2-Dec-14,791.50,807.40,789.80,807.40,286290
1-Dec-14,804.00,804.00,779.50,788.10,231944
28-Nov-14,791.00,805.00,791.00,799.00,146575
27-Nov-14,780.10,796.60,780.10,794.30,106590
26-Nov-14,771.00,786.90,771.00,780.70,134125
25-Nov-14,777.84,783.20,766.57,779.55,127474
24-Nov-14,763.10,777.80,763.10,775.00,127069
21-Nov-14,768.20,776.10,767.00,768.80,138861
20-Nov-14,772.70,778.40,766.50,778.40,99301
19-Nov-14,775.60,776.10,766.50,767.60,158356
18-Nov-14,770.00,783.00,770.00,775.00,108325
17-Nov-14,764.20,774.82,759.66,772.73,190368
14-Nov-14,785.80,785.80,765.90,769.30,205392
13-Nov-14,788.00,797.00,776.00,781.00,173675
12-Nov-14,774.40,793.80,774.40,786.90,349848
11-Nov-14,773.30,786.76,773.30,782.96,129755
10-Nov-14,769.30,779.50,764.20,777.30,140227
7-Nov-14,783.00,784.10,764.20,769.90,213374
6-Nov-14,794.32,794.80,774.43,774.43,264587
5-Nov-14,784.00,803.00,783.00,789.00,514039
4-Nov-14,784.09,784.66,774.73,782.39,243837
3-Nov-14,777.80,779.50,764.20,767.60,216008
31-Oct-14,761.00,774.00,761.00,774.00,228741
30-Oct-14,756.00,763.00,753.00,761.00,239994
29-Oct-14,740.90,755.10,740.90,753.40,151642
28-Oct-14,736.90,746.60,734.10,740.30,248591
27-Oct-14,732.40,740.90,730.10,735.20,152220
24-Oct-14,726.70,733.50,723.30,729.50,92523
23-Oct-14,734.10,734.10,721.00,729.00,100170
22-Oct-14,730.10,736.40,723.30,730.70,201370
21-Oct-14,718.20,726.70,713.60,721.60,240994
20-Oct-14,723.00,724.00,710.00,716.00,125384
17-Oct-14,710.20,722.70,710.20,718.80,283155
16-Oct-14,726.10,731.80,706.80,714.20,413123
15-Oct-14,724.00,734.00,719.00,722.00,252433
14-Oct-14,726.10,729.50,712.50,721.00,240666
13-Oct-14,728.40,739.80,725.00,731.30,311728
10-Oct-14,736.90,739.80,730.70,734.10,422780
9-Oct-14,746.00,746.60,733.00,734.70,270686
8-Oct-14,743.80,744.30,732.40,739.80,217600
7-Oct-14,736.90,747.20,731.80,735.80,211238
6-Oct-14,727.27,742.61,723.55,737.50,206811
3-Oct-14,728.40,730.70,723.90,725.60,151961
2-Oct-14,725.60,726.10,718.20,721.00,189782
1-Oct-14,709.66,725.57,707.77,725.00,162771
30-Sep-14,729.00,731.30,712.50,715.90,337557
29-Sep-14,721.02,731.16,721.02,727.27,76555
26-Sep-14,731.80,735.20,723.30,727.30,132739
25-Sep-14,733.50,746.00,731.30,736.90,133937
24-Sep-14,748.90,750.60,733.50,739.80,117915
23-Sep-14,752.80,752.80,741.50,742.60,175367
22-Sep-14,744.30,750.00,739.20,750.00,188388
19-Sep-14,731.80,760.80,729.50,741.50,577011
18-Sep-14,715.30,729.00,714.80,728.40,151764
17-Sep-14,728.40,728.40,715.90,717.60,186552
16-Sep-14,721.00,725.00,710.20,725.00,141086
15-Sep-14,719.30,721.60,713.60,716.50,177819
12-Sep-14,714.20,724.40,707.40,718.20,403116
11-Sep-14,715.34,717.05,703.68,712.50,251292
10-Sep-14,712.50,715.30,705.70,712.50,265205
9-Sep-14,716.50,722.70,699.40,711.40,382232
8-Sep-14,718.75,723.96,706.82,719.32,323063
5-Sep-14,727.80,733.00,718.20,722.20,151467
4-Sep-14,736.40,740.90,730.10,733.50,101062
3-Sep-14,742.00,748.30,738.10,740.90,122813
2-Sep-14,746.60,746.60,735.80,738.10,111619
1-Sep-14,739.80,744.90,736.90,742.00,81169
29-Aug-14,742.60,748.90,731.30,737.50,122854
28-Aug-14,749.40,749.40,733.50,739.80,116660
27-Aug-14,752.30,752.30,743.80,745.50,90988
26-Aug-14,745.50,751.10,733.50,750.00,184311
22-Aug-14,739.20,741.50,733.00,737.50,99621
21-Aug-14,728.40,734.10,723.30,733.00,80147
20-Aug-14,735.80,735.80,720.50,725.60,230305
19-Aug-14,742.00,742.00,726.00,732.00,86662
18-Aug-14,742.00,742.60,733.50,735.20,87400
15-Aug-14,738.60,747.70,735.20,735.80,109081
14-Aug-14,733.50,746.60,733.00,743.80,117306
13-Aug-14,732.40,740.90,723.90,740.90,158879
12-Aug-14,730.70,733.50,725.00,725.60,157650
11-Aug-14,736.93,737.98,727.27,727.27,135398
8-Aug-14,723.00,739.00,723.00,730.00,133701
7-Aug-14,730.10,736.90,726.10,732.40,86296
6-Aug-14,742.00,742.00,718.20,733.50,149843
5-Aug-14,739.80,749.40,739.80,743.20,125159
4-Aug-14,743.20,743.20,734.70,743.20,182588
1-Aug-14,759.66,772.02,735.23,735.23,178572
31-Jul-14,774.40,776.70,763.10,766.50,115408
30-Jul-14,786.90,786.90,772.70,773.90,127285
29-Jul-14,776.00,789.00,772.00,786.00,148629
28-Jul-14,808.00,808.00,776.00,776.00,201203
25-Jul-14,803.40,803.40,796.60,798.30,134252
24-Jul-14,791.50,804.50,791.50,798.90,231094
23-Jul-14,797.73,801.41,791.48,797.16,146989
22-Jul-14,798.90,798.90,786.90,794.90,100593
21-Jul-14,796.60,796.60,786.40,793.80,82770
18-Jul-14,797.70,799.40,790.90,798.90,100915
17-Jul-14,805.10,805.10,793.20,801.70,80186
16-Jul-14,791.50,806.30,789.20,803.40,104771
15-Jul-14,797.00,803.00,791.00,793.00,191037
14-Jul-14,802.84,810.80,801.70,806.16,80326
11-Jul-14,802.80,807.40,797.70,800.00,90065
10-Jul-14,790.30,804.50,788.60,804.50,116518
9-Jul-14,807.40,807.40,795.50,798.30,95816
8-Jul-14,815.30,818.20,804.00,809.10,135421
7-Jul-14,839.80,841.50,813.60,817.00,107011
4-Jul-14,835.00,839.00,832.00,835.00,102332
3-Jul-14,811.90,827.80,810.20,826.70,173244
2-Jul-14,801.70,814.80,801.70,809.70,230710
1-Jul-14,806.25,807.96,795.80,802.84,167330
30-Jun-14,769.00,807.00,769.00,803.00,222998
27-Jun-14,761.90,771.00,761.90,769.30,127081
26-Jun-14,761.90,768.20,754.50,767.00,187216
25-Jun-14,766.48,768.18,755.99,761.36,153160
24-Jun-14,767.04,771.56,758.52,764.20,160024
23-Jun-14,768.20,774.40,766.50,768.20,133338
20-Jun-14,759.70,771.60,756.80,770.50,679562
19-Jun-14,760.20,760.80,751.70,758.00,286071
18-Jun-14,762.50,765.30,752.80,755.70,202658
17-Jun-14,769.32,773.76,755.11,756.25,201760
16-Jun-14,765.90,771.60,752.30,769.90,184973
13-Jun-14,780.70,780.70,761.90,764.80,148904
12-Jun-14,785.00,785.00,777.00,780.00,134072
11-Jun-14,783.00,789.20,777.80,781.30,116272
10-Jun-14,780.70,790.30,778.40,778.40,194569
9-Jun-14,796.00,804.00,782.40,783.50,94824
6-Jun-14,785.23,802.84,785.23,802.84,127505
5-Jun-14,777.27,792.61,777.27,787.47,108234
4-Jun-14,781.25,784.66,773.86,778.94,128693
3-Jun-14,784.66,788.07,769.89,785.19,208015
2-Jun-14,775.00,784.66,771.59,780.08,110940
30-May-14,786.36,790.34,773.26,773.26,319312
29-May-14,791.00,791.00,781.00,782.00,143424
28-May-14,798.30,803.41,786.93,788.03,205205
27-May-14,786.40,801.70,786.40,792.00,211751
23-May-14,798.90,798.90,785.80,786.40,176563
22-May-14,790.30,800.60,790.30,794.90,126487
21-May-14,799.40,799.40,786.90,795.50,162407
20-May-14,800.00,803.40,794.30,794.90,174451
19-May-14,798.90,799.40,787.50,793.80,201724
16-May-14,794.30,803.40,781.30,793.80,212638
15-May-14,805.70,811.90,790.30,795.50,219041
14-May-14,818.20,818.20,806.30,808.50,108933
13-May-14,831.20,831.20,812.50,814.20,120264
12-May-14,811.90,826.70,811.90,824.40,95663
9-May-14,828.40,829.50,814.20,815.30,304000
8-May-14,836.40,836.40,819.30,825.60,137964
7-May-14,835.20,838.60,824.40,828.40,216073
6-May-14,808.50,830.70,801.10,830.70,337820
2-May-14,793.20,808.50,793.20,808.50,119852
1-May-14,815.90,815.90,792.60,794.30,67930
30-Apr-14,818.80,823.30,802.30,802.30,228746
29-Apr-14,800.00,816.00,800.00,813.00,154420
28-Apr-14,807.39,809.09,799.43,804.26,146469
25-Apr-14,796.00,806.30,796.00,800.00,107889
24-Apr-14,797.20,804.00,794.90,802.30,166003
23-Apr-14,808.50,808.50,788.10,799.40,154541
22-Apr-14,801.70,807.95,798.16,803.41,152707
17-Apr-14,793.80,806.80,793.80,801.10,154882
16-Apr-14,799.40,799.40,788.10,799.40,327793
15-Apr-14,788.10,795.50,785.20,789.20,198599
14-Apr-14,785.80,787.50,773.00,787.50,157949
11-Apr-14,781.30,784.70,775.60,783.00,183371
10-Apr-14,788.07,793.71,778.41,789.20,307204
9-Apr-14,789.80,794.90,783.50,788.10,198210
8-Apr-14,780.68,789.77,774.43,784.01,270721
7-Apr-14,789.77,796.99,777.27,782.39,532031
4-Apr-14,767.05,797.16,767.05,790.93,260329
3-Apr-14,773.90,777.30,765.30,768.80,152472
2-Apr-14,779.00,779.00,769.90,775.00,119950
1-Apr-14,769.90,776.10,768.20,772.20,153546
31-Mar-14,783.00,783.10,771.60,775.00,199133
28-Mar-14,778.40,781.30,761.40,776.10,193197
27-Mar-14,779.00,784.10,776.70,779.00,155742
26-Mar-14,789.20,795.50,782.40,784.10,229495
25-Mar-14,788.64,796.59,773.86,787.96,227905
24-Mar-14,805.70,808.00,792.00,792.60,292716
21-Mar-14,805.68,805.68,793.18,801.40,867759
20-Mar-14,820.45,823.30,797.16,801.10,476009
19-Mar-14,818.18,844.89,802.84,822.00,299600
18-Mar-14,878.45,904.22,878.45,902.07,280302
17-Mar-14,874.62,893.92,874.62,885.47,209956
14-Mar-14,865.70,886.70,865.70,882.30,342853
13-Mar-14,860.60,879.70,858.70,872.70,397872
12-Mar-14,849.70,863.80,849.70,860.60,449720
11-Mar-14,824.80,849.70,824.80,845.90,331157
10-Mar-14,817.16,831.21,812.05,814.93,374441
7-Mar-14,833.80,833.80,810.80,815.20,305769
6-Mar-14,837.60,844.60,825.50,829.90,263314
5-Mar-14,827.40,845.90,827.40,837.60,196678
4-Mar-14,817.80,835.00,817.80,830.60,208472
3-Mar-14,817.20,826.70,817.20,819.70,189201
28-Feb-14,813.30,838.20,813.30,832.50,257748
27-Feb-14,828.00,828.00,803.80,818.40,370463
26-Feb-14,829.00,834.00,824.00,831.00,249820
25-Feb-14,826.00,838.00,824.00,835.00,453564
24-Feb-14,838.23,843.97,829.29,833.76,360995
21-Feb-14,836.30,848.40,817.20,842.70,371407
20-Feb-14,832.50,840.10,830.60,836.30,218784
19-Feb-14,837.00,844.00,832.50,842.70,179775
18-Feb-14,844.60,849.10,836.30,842.70,313448
17-Feb-14,845.90,851.60,840.80,847.80,170116
14-Feb-14,851.60,856.10,846.50,850.40,187923
13-Feb-14,844.00,849.00,839.00,848.00,500204
12-Feb-14,855.50,863.10,847.20,850.40,309033
11-Feb-14,849.10,859.90,849.10,859.90,213604
10-Feb-14,846.50,852.90,842.70,849.70,225389
7-Feb-14,852.30,864.40,845.30,851.60,265286
6-Feb-14,840.10,859.90,839.50,857.40,323228
5-Feb-14,817.20,839.50,814.00,831.80,718111
4-Feb-14,799.90,803.10,791.00,797.40,253449
3-Feb-14,821.60,821.60,803.10,803.80,240616
31-Jan-14,813.30,822.30,807.60,814.60,241177
30-Jan-14,817.00,820.00,811.00,817.00,156241
29-Jan-14,838.20,838.20,806.90,810.80,216163
28-Jan-14,831.80,839.50,818.40,828.00,370255
27-Jan-14,812.10,826.70,808.20,820.40,320276
24-Jan-14,805.70,822.90,805.70,817.80,353822
23-Jan-14,805.00,824.20,803.10,812.10,227318
22-Jan-14,807.60,813.30,799.30,813.30,190039
21-Jan-14,820.40,820.40,801.20,805.70,167411
20-Jan-14,817.80,819.70,812.70,817.20,138154
17-Jan-14,817.20,824.80,808.90,815.20,197755
16-Jan-14,801.00,821.00,801.00,815.00,263325
15-Jan-14,809.50,810.10,803.80,808.20,166261
14-Jan-14,794.20,814.00,794.20,812.10,228996
13-Jan-14,817.80,835.00,801.80,802.50,274196
10-Jan-14,823.50,828.00,810.10,824.20,291366
9-Jan-14,849.10,849.10,821.60,828.70,175082
8-Jan-14,857.40,863.10,837.60,838.20,236819
7-Jan-14,868.90,874.60,858.00,861.80,161548
6-Jan-14,877.80,882.30,869.50,874.00,92205
3-Jan-14,883.60,885.50,868.20,874.00,136548
2-Jan-14,881.00,892.50,881.00,884.20,134787
31-Dec-13,889.30,890.60,884.20,887.40,32313
30-Dec-13,888.70,890.60,879.70,881.60,107855
27-Dec-13,871.40,885.50,871.40,884.20,126571
24-Dec-13,877.00,881.00,873.00,873.00,38915
23-Dec-13,874.00,889.90,874.00,879.10,195007
20-Dec-13,836.30,897.00,836.30,881.00,1190943
19-Dec-13,863.10,874.60,852.30,852.30,231787
18-Dec-13,849.70,873.30,849.10,859.90,213225
17-Dec-13,858.70,863.80,847.80,856.70,128677
16-Dec-13,845.30,859.90,839.50,857.40,239220
13-Dec-13,833.80,847.20,833.80,839.50,30715
12-Dec-13,853.50,858.00,837.60,837.60,97551
11-Dec-13,849.10,854.80,848.40,853.50,87472
10-Dec-13,842.10,854.80,839.50,853.50,93857
9-Dec-13,856.70,859.30,844.60,849.70,72032
6-Dec-13,841.40,857.40,833.80,851.00,145775
5-Dec-13,816.50,840.80,816.50,833.80,197232
4-Dec-13,837.60,837.60,812.70,825.50,212472
3-Dec-13,854.20,854.80,829.30,836.30,229592
2-Dec-13,857.40,864.40,829.90,851.60,332259
29-Nov-13,860.60,868.20,853.50,865.70,190155
28-Nov-13,885.00,885.00,861.00,861.00,145503
27-Nov-13,866.30,889.90,855.50,879.70,129933
26-Nov-13,832.50,863.10,832.50,856.10,137701
25-Nov-13,858.70,866.30,853.50,863.10,111121
22-Nov-13,844.00,857.40,844.00,847.80,42984
21-Nov-13,854.00,861.00,845.00,849.00,85486
20-Nov-13,858.00,861.00,838.00,847.00,178416
19-Nov-13,851.00,872.70,851.00,865.70,110761
18-Nov-13,844.00,863.80,842.70,860.60,158625
15-Nov-13,853.50,867.60,845.30,852.30,399901
14-Nov-13,860.60,866.30,857.40,861.80,72586
13-Nov-13,851.00,861.20,841.40,852.90,145811
12-Nov-13,851.60,865.00,851.60,858.70,76950
11-Nov-13,861.20,867.00,852.30,865.70,89580
8-Nov-13,851.60,857.40,846.50,851.60,144754
7-Nov-13,854.20,856.70,848.40,852.90,154779
6-Nov-13,856.70,859.90,849.10,850.40,177449
5-Nov-13,856.70,860.60,835.70,841.40,75286
4-Nov-13,853.50,870.10,851.00,863.10,186150
1-Nov-13,851.60,859.90,847.80,859.90,162194
31-Oct-13,847.20,858.70,840.80,844.60,293359
30-Oct-13,846.50,858.70,846.50,856.10,120207
29-Oct-13,853.50,855.50,844.60,852.30,178482
28-Oct-13,858.70,864.40,842.70,845.90,174080
25-Oct-13,868.90,874.60,859.90,861.80,75206
24-Oct-13,862.50,882.30,861.20,874.00,122810
23-Oct-13,857.40,870.80,-,867.00,127108
22-Oct-13,879.70,879.70,859.30,867.60,147715
21-Oct-13,868.20,879.70,863.80,875.90,90521
18-Oct-13,853.50,870.80,853.50,868.20,96049
17-Oct-13,829.30,861.20,829.30,861.20,160218
16-Oct-13,839.00,840.00,831.00,835.00,193381
15-Oct-13,845.90,850.40,833.80,837.60,201724
14-Oct-13,838.90,848.40,838.90,844.00,93410
11-Oct-13,854.80,854.80,841.40,848.40,226816
10-Oct-13,825.50,856.70,825.50,855.50,91321
9-Oct-13,849.10,849.10,821.60,829.90,142316
8-Oct-13,845.30,854.20,842.10,842.10,132952
7-Oct-13,856.10,856.10,842.70,848.40,128418
4-Oct-13,847.80,861.20,847.20,855.50,225181
3-Oct-13,846.50,852.30,842.10,845.90,122473
2-Oct-13,833.12,854.19,829.93,842.70,142330
1-Oct-13,845.90,845.90,824.20,835.70,84597
30-Sep-13,824.20,828.00,818.40,828.00,167071
27-Sep-13,828.70,831.80,821.60,828.00,92201
26-Sep-13,821.00,833.80,819.10,832.50,126840
25-Sep-13,809.50,820.40,806.30,819.10,104437
24-Sep-13,808.20,818.40,806.30,810.10,182757
20-Sep-13,814.00,827.40,809.50,819.10,210071
19-Sep-13,824.80,824.80,814.00,814.00,118430
18-Sep-13,803.10,825.50,799.90,812.10,179104
17-Sep-13,810.10,810.10,797.40,800.60,188139
16-Sep-13,815.90,819.10,805.70,807.60,219547
13-Sep-13,801.20,811.40,801.20,808.20,56318
12-Sep-13,812.70,812.70,798.00,802.50,150847
11-Sep-13,797.40,810.80,797.40,806.90,145667
10-Sep-13,806.30,811.40,805.70,808.90,130844
9-Sep-13,807.00,811.00,803.00,804.00,76514
6-Sep-13,814.00,814.00,800.60,808.90,67287
5-Sep-13,808.20,818.40,806.30,814.00,186941
4-Sep-13,812.70,812.70,795.50,805.00,258196
3-Sep-13,822.90,826.10,803.10,810.80,179614
2-Sep-13,822.90,835.70,821.60,822.90,187340
30-Aug-13,829.30,834.40,821.00,823.50,536469
29-Aug-13,826.10,836.30,820.40,832.50,201472
28-Aug-13,815.20,823.50,812.10,817.20,154854
27-Aug-13,806.90,818.40,803.80,817.20,192074
23-Aug-13,811.40,819.70,811.40,813.30,56428
22-Aug-13,806.00,825.00,804.00,816.00,156996
21-Aug-13,818.40,819.70,807.60,809.50,114056
20-Aug-13,817.20,819.10,808.90,815.20,190594
19-Aug-13,807.60,826.70,807.60,826.70,155309
16-Aug-13,815.20,815.20,807.60,807.60,136049
15-Aug-13,827.40,829.90,812.70,812.70,134323
14-Aug-13,830.60,837.00,828.00,832.50,101449
13-Aug-13,842.70,842.70,826.70,833.80,107192
12-Aug-13,833.80,842.70,833.80,837.00,116069
9-Aug-13,844.00,853.50,830.60,840.10,131378
8-Aug-13,824.00,845.00,824.00,838.00,208659
7-Aug-13,819.10,845.30,819.10,830.60,203562
6-Aug-13,847.20,849.10,832.50,834.40,133214
5-Aug-13,845.90,848.40,828.70,839.50,163180
2-Aug-13,845.90,851.00,836.30,836.30,167446
1-Aug-13,850.00,850.00,831.00,843.00,255496
31-Jul-13,830.00,834.00,822.00,830.00,200574
30-Jul-13,814.60,834.40,814.60,827.40,269022
29-Jul-13,785.20,843.30,785.20,821.00,432393
26-Jul-13,781.40,787.80,768.00,779.50,267755
25-Jul-13,773.70,779.50,771.20,774.40,122297
24-Jul-13,776.30,776.90,769.30,772.50,252802
23-Jul-13,781.40,781.40,769.90,771.80,166985
22-Jul-13,771.20,776.30,770.60,776.30,83485
19-Jul-13,770.56,774.39,761.89,772.47,112097
18-Jul-13,770.60,776.30,767.40,773.70,148878
17-Jul-13,769.28,773.75,759.70,765.55,83686
16-Jul-13,767.40,770.60,760.30,766.10,136151
15-Jul-13,773.10,775.70,764.20,767.10,56092
12-Jul-13,769.28,773.11,764.36,769.28,107405
11-Jul-13,784.00,788.40,762.30,769.30,111158
10-Jul-13,762.30,773.70,752.00,773.10,137732
9-Jul-13,755.20,779.50,755.20,764.80,194187
8-Jul-13,746.90,766.70,746.90,755.20,119064
5-Jul-13,756.50,756.50,743.10,746.90,232361
4-Jul-13,738.00,769.90,738.00,752.70,229904
3-Jul-13,701.60,741.80,700.30,733.50,224477
2-Jul-13,713.10,717.60,701.60,717.60,112408
1-Jul-13,721.40,732.87,707.35,707.35,130527
28-Jun-13,713.70,727.10,704.80,727.10,222358
27-Jun-13,701.60,711.80,697.10,709.30,114729
26-Jun-13,697.80,703.50,689.50,699.70,202258
25-Jun-13,676.10,694.60,668.40,694.60,199856
24-Jun-13,680.50,685.60,672.20,679.30,186822
21-Jun-13,691.40,701.00,679.30,679.90,448940
20-Jun-13,693.30,695.90,676.10,683.70,245656
19-Jun-13,709.30,715.00,687.60,698.40,266894
18-Jun-13,683.10,711.20,682.50,708.60,188195
17-Jun-13,656.90,684.40,656.90,681.20,93149
14-Jun-13,678.60,679.90,668.40,671.60,101208
13-Jun-13,662.03,672.88,656.92,670.81,113906
12-Jun-13,676.70,676.70,663.30,669.70,87574
11-Jun-13,665.20,678.60,654.40,678.60,220630
10-Jun-13,679.90,690.80,678.60,682.50,55725
7-Jun-13,665.20,688.20,663.30,688.20,148227
6-Jun-13,684.40,691.40,671.60,674.20,90299
5-Jun-13,697.00,705.00,678.00,683.00,148484
4-Jun-13,706.70,710.50,693.30,701.00,114866
3-Jun-13,722.70,722.70,699.10,702.20,94734
31-May-13,715.02,715.02,700.97,708.20,196730
30-May-13,715.00,725.90,704.80,709.30,129246
29-May-13,728.40,732.90,709.30,715.70,120014
28-May-13,724.60,744.40,724.60,740.60,149067
24-May-13,734.81,743.85,715.65,723.39,164154
23-May-13,754.00,755.20,729.70,732.30,267671
22-May-13,764.81,772.41,754.60,761.62,142604
21-May-13,739.90,778.20,733.50,766.10,469113
20-May-13,729.70,736.72,722.85,735.44,30454
17-May-13,732.89,738.64,727.14,736.72,44581
16-May-13,732.90,736.10,717.60,732.90,56058
15-May-13,733.00,734.00,727.00,728.00,47047
14-May-13,732.89,738.00,724.27,732.66,165001
13-May-13,722.70,728.40,715.70,728.40,207470
10-May-13,729.70,729.70,718.20,722.00,143647
9-May-13,719.50,722.70,710.50,722.70,161591
8-May-13,723.30,726.50,711.80,712.50,128462
7-May-13,719.50,732.90,714.40,721.40,192737
3-May-13,705.40,714.40,702.90,712.50,87052
2-May-13,720.10,720.10,698.40,709.30,152300
1-May-13,709.27,718.14,695.86,716.29,183982
30-Apr-13,722.70,722.70,711.80,716.30,158813
29-Apr-13,718.20,724.00,712.50,718.20,73789
26-Apr-13,722.04,724.59,714.26,722.04,224777
25-Apr-13,728.00,732.00,718.00,721.00,125502
24-Apr-13,722.68,727.15,704.09,725.23,157998
23-Apr-13,698.42,722.68,693.02,720.12,163048
22-Apr-13,688.80,702.90,688.80,693.90,77621
19-Apr-13,689.50,697.10,682.50,695.20,88901
18-Apr-13,687.60,701.60,685.60,689.50,265599
17-Apr-13,686.90,710.50,683.70,694.60,200780
16-Apr-13,701.60,701.60,684.40,688.20,324256
15-Apr-13,693.30,699.10,678.60,695.90,263400
12-Apr-13,690.80,697.10,688.80,690.80,146643
11-Apr-13,697.14,704.16,693.21,695.22,172041
10-Apr-13,695.90,701.60,686.90,701.60,277589
9-Apr-13,688.80,696.50,686.90,692.70,247297
8-Apr-13,693.95,710.55,687.56,697.60,198825
5-Apr-13,696.50,704.58,690.76,692.03,236096
4-Apr-13,716.93,716.93,692.03,701.62,197085
3-Apr-13,720.12,737.05,715.65,727.92,150817
2-Apr-13,712.00,769.00,702.00,732.00,271064
28-Mar-13,796.20,800.50,771.10,789.00,96142
27-Mar-13,892.20,892.20,873.70,886.60,181668
26-Mar-13,898.65,904.30,888.58,899.46,132636
25-Mar-13,899.00,924.00,899.00,906.00,109008
22-Mar-13,903.50,909.90,895.40,901.10,201653
21-Mar-13,887.00,909.00,887.00,906.00,164981
20-Mar-13,900.30,908.30,898.70,900.30,134184
19-Mar-13,893.00,904.00,893.00,901.00,208319
18-Mar-13,888.20,900.30,888.20,897.00,208079
15-Mar-13,903.50,906.70,898.70,903.50,552444
14-Mar-13,898.70,905.10,897.00,901.10,282363
13-Mar-13,903.50,905.10,893.80,904.30,172081
12-Mar-13,898.70,912.40,892.20,903.50,260602
11-Mar-13,894.60,899.50,889.00,898.70,135887
8-Mar-13,897.04,906.44,886.56,899.46,237575
7-Mar-13,879.30,893.00,877.70,893.00,215724
6-Mar-13,880.10,889.00,870.40,886.60,292109
5-Mar-13,870.44,882.53,864.30,880.12,276696
4-Mar-13,843.00,870.40,843.00,868.00,161948
1-Mar-13,838.00,848.00,833.00,846.00,123891
28-Feb-13,838.21,847.07,834.98,841.16,187151
27-Feb-13,825.30,840.60,822.10,838.20,179147
26-Feb-13,834.20,837.40,811.60,818.90,338456
25-Feb-13,823.70,841.40,811.60,829.30,442507
22-Feb-13,804.20,806.80,785.00,803.50,215454
21-Feb-13,780.00,808.40,777.00,803.10,292619
20-Feb-13,785.50,790.64,779.37,786.46,100252
19-Feb-13,775.18,784.53,769.14,775.92,102740
18-Feb-13,774.70,784.80,762.44,769.70,81794
15-Feb-13,776.60,782.10,764.20,782.10,195821
14-Feb-13,776.30,790.80,770.50,775.00,183620
13-Feb-13,768.40,787.30,761.30,783.90,172496
12-Feb-13,766.15,767.25,761.80,765.67,110398
11-Feb-13,763.90,770.50,762.70,763.73,82026
8-Feb-13,766.48,771.15,760.25,765.83,147327
7-Feb-13,768.90,774.40,765.00,765.20,287574
6-Feb-13,775.30,784.50,767.10,768.20,160492
5-Feb-13,774.40,783.40,769.20,775.50,117293
4-Feb-13,763.09,776.15,758.35,773.41,225116
1-Feb-13,762.60,770.30,756.00,765.70,124718
31-Jan-13,768.60,770.00,759.90,764.10,169520
30-Jan-13,754.20,770.00,746.60,767.10,400660
29-Jan-13,750.80,754.50,746.50,752.60,84233
28-Jan-13,737.90,751.50,732.10,749.50,141995
25-Jan-13,747.00,752.10,742.30,749.90,147807
24-Jan-13,733.59,749.55,728.43,745.79,157970
23-Jan-13,740.70,740.70,728.60,732.80,74998
22-Jan-13,735.69,743.78,735.69,740.20,84861
21-Jan-13,735.50,741.50,731.50,741.00,104968
18-Jan-13,742.30,742.30,731.50,735.50,97621
17-Jan-13,742.30,742.30,729.20,732.10,178120
16-Jan-13,753.90,755.20,738.30,745.20,189431
15-Jan-13,756.50,758.10,751.00,753.90,109925
14-Jan-13,773.70,774.50,756.50,756.50,177381
11-Jan-13,745.50,761.60,745.00,757.80,124818
10-Jan-13,743.90,748.30,739.20,743.40,196992
9-Jan-13,737.00,747.00,736.30,744.70,222843
8-Jan-13,751.00,751.00,733.60,733.60,389909
7-Jan-13,742.30,743.18,730.32,743.10,151317
4-Jan-13,745.20,745.20,735.80,742.30,136949
3-Jan-13,739.90,745.00,731.20,731.20,205127
2-Jan-13,733.59,745.91,731.82,738.43,157944
