31-Dec-15,277.00,277.70,276.30,276.60,1213955
30-Dec-15,277.90,278.10,275.70,276.50,3136917
29-Dec-15,277.00,279.10,274.30,278.00,4221371
24-Dec-15,277.80,278.00,273.00,275.00,670861
23-Dec-15,270.10,275.90,269.74,275.00,5562527
22-Dec-15,269.00,270.30,264.91,268.80,6879652
21-Dec-15,266.20,275.10,266.20,271.50,11072209
18-Dec-15,265.30,266.43,263.00,263.80,8719048
16-Dec-15,266.40,267.40,265.20,266.00,7424948
15-Dec-15,263.40,266.90,262.50,266.00,6464824
14-Dec-15,263.30,266.40,261.40,261.40,8975127
11-Dec-15,264.20,265.80,262.10,262.30,8972187
10-Dec-15,262.60,265.10,259.90,264.20,6477355
9-Dec-15,267.00,267.90,263.20,264.40,6660998
8-Dec-15,270.90,271.60,264.70,266.10,7105600
7-Dec-15,269.80,274.20,268.80,270.30,5298324
4-Dec-15,267.90,269.30,265.40,267.90,5309310
3-Dec-15,272.70,275.50,268.10,268.50,7487590
2-Dec-15,273.20,275.30,270.20,272.50,4656315
1-Dec-15,272.80,273.40,270.60,272.60,5825825
30-Nov-15,269.40,272.10,268.80,271.00,10699795
27-Nov-15,266.00,267.80,264.70,267.60,3527524
26-Nov-15,265.30,267.40,263.80,266.40,3521485
25-Nov-15,260.10,265.10,259.90,264.50,5112511
24-Nov-15,261.60,261.70,256.70,258.70,6176419
23-Nov-15,262.60,264.12,261.70,262.50,7111615
20-Nov-15,267.30,268.40,263.80,264.00,10067637
19-Nov-15,269.30,269.70,266.60,267.20,9192913
18-Nov-15,269.00,269.00,266.10,267.30,7141734
17-Nov-15,267.70,270.30,266.90,269.90,10016549
16-Nov-15,257.00,265.50,256.60,264.90,9222995
13-Nov-15,262.80,262.82,259.10,260.00,8824094
12-Nov-15,265.50,266.90,262.40,262.90,8179882
11-Nov-15,262.30,265.40,260.76,265.10,7982873
10-Nov-15,262.00,262.90,257.00,260.75,13278480
9-Nov-15,256.70,257.70,255.50,256.80,9639133
6-Nov-15,254.00,258.10,253.80,256.00,5467454
5-Nov-15,255.20,256.70,254.00,254.50,6539222
4-Nov-15,255.50,257.40,254.65,255.10,6037427
3-Nov-15,255.70,256.70,254.34,255.30,6832225
2-Nov-15,250.60,256.60,250.60,254.60,6912489
30-Oct-15,253.80,255.40,249.50,252.40,8754909
29-Oct-15,251.00,253.40,250.40,252.90,5969834
28-Oct-15,251.10,253.10,249.10,253.00,9092287
27-Oct-15,253.00,253.96,249.10,249.10,7193690
26-Oct-15,255.60,255.60,251.40,254.10,4862234
23-Oct-15,249.70,257.20,248.88,257.00,6644615
22-Oct-15,247.70,248.80,242.60,248.80,8091888
21-Oct-15,251.80,251.80,247.60,248.30,6120607
20-Oct-15,249.10,253.50,249.10,250.80,7567725
19-Oct-15,247.30,249.50,246.40,249.50,6542731
16-Oct-15,246.50,248.80,245.70,248.70,6599564
15-Oct-15,241.70,245.50,241.10,245.30,9903994
14-Oct-15,241.00,241.90,239.70,240.30,8546000
13-Oct-15,245.00,245.60,241.50,242.60,5653100
12-Oct-15,246.60,247.50,243.70,245.00,6130894
9-Oct-15,250.70,251.70,246.20,246.50,8885536
8-Oct-15,249.20,250.40,247.30,249.50,7374560
7-Oct-15,253.60,254.24,248.30,249.00,8139665
6-Oct-15,253.50,255.04,252.57,253.60,5858125
5-Oct-15,251.80,253.20,247.00,252.20,10238901
2-Oct-15,248.10,250.80,244.10,247.80,9101704
1-Oct-15,246.00,250.90,245.90,247.00,12909977
30-Sep-15,247.30,248.30,244.60,246.00,12768831
29-Sep-15,247.50,249.30,243.20,243.20,12685316
28-Sep-15,248.00,259.60,246.20,250.50,13894067
25-Sep-15,243.90,248.50,242.60,248.20,6146152
24-Sep-15,242.90,244.50,239.20,240.20,6134207
23-Sep-15,239.40,244.40,237.00,243.00,7078988
22-Sep-15,248.00,249.20,239.20,239.90,8779347
21-Sep-15,248.30,250.30,247.70,248.90,9268674
18-Sep-15,245.50,248.47,243.90,246.70,12212044
17-Sep-15,250.20,250.50,246.70,246.70,6309487
16-Sep-15,249.00,250.60,247.60,249.60,7063955
15-Sep-15,245.90,248.00,243.70,247.20,7238008
14-Sep-15,249.10,251.80,245.40,245.40,6205164
11-Sep-15,251.70,252.30,247.07,247.60,5321665
10-Sep-15,249.20,252.20,248.30,251.20,8165587
9-Sep-15,252.50,254.50,250.30,250.90,7738616
8-Sep-15,246.70,250.00,245.70,247.20,6692601
7-Sep-15,245.40,246.60,243.10,245.70,4640011
4-Sep-15,243.70,245.00,242.30,243.30,8745208
3-Sep-15,247.30,249.30,245.20,246.10,7821321
2-Sep-15,238.90,245.90,237.97,245.10,13220522
1-Sep-15,248.90,248.90,237.70,239.00,14215395
28-Aug-15,250.10,250.20,246.90,250.20,8375437
27-Aug-15,249.90,251.30,247.37,250.00,10762181
26-Aug-15,245.80,250.90,243.20,244.40,12238209
25-Aug-15,241.60,248.76,237.40,248.30,15259485
24-Aug-15,240.50,243.50,232.80,238.20,18524603
21-Aug-15,250.00,252.00,246.10,247.10,10638821
20-Aug-15,255.30,256.70,253.40,254.00,6412738
19-Aug-15,258.50,258.50,254.60,256.70,7423284
18-Aug-15,258.70,261.20,257.80,259.40,7109278
17-Aug-15,262.30,263.40,257.70,259.50,5603574
14-Aug-15,260.40,263.70,260.00,260.90,8614848
13-Aug-15,257.20,261.93,257.10,258.90,9417451
12-Aug-15,257.00,259.49,251.97,254.40,12038516
11-Aug-15,262.90,263.20,258.40,258.40,8374502
10-Aug-15,264.60,264.61,258.60,263.30,9051390
7-Aug-15,270.00,270.22,257.10,262.60,21199767
6-Aug-15,276.20,276.46,271.50,271.90,11160154
5-Aug-15,278.80,279.00,274.40,276.10,9165041
4-Aug-15,280.10,280.30,277.10,278.70,8220645
3-Aug-15,279.30,280.10,278.00,279.70,7667841
31-Jul-15,277.00,281.90,275.40,280.70,14951237
30-Jul-15,277.60,279.00,270.50,271.60,9558518
29-Jul-15,276.50,276.56,271.10,276.20,10598740
28-Jul-15,270.00,273.70,267.40,270.20,15797496
27-Jul-15,268.60,270.00,263.16,263.70,7711208
24-Jul-15,268.70,272.40,268.20,269.10,7739513
23-Jul-15,272.80,273.50,268.10,269.30,7951421
22-Jul-15,272.40,274.90,270.00,270.30,7019599
21-Jul-15,276.00,276.51,274.00,274.30,3727298
20-Jul-15,275.40,277.70,273.80,275.50,5295359
17-Jul-15,277.90,278.04,275.00,275.60,5829150
16-Jul-15,276.70,278.10,275.40,277.40,4976261
15-Jul-15,275.80,275.80,273.20,274.70,6993398
14-Jul-15,269.70,275.80,267.92,275.40,9710890
13-Jul-15,274.70,276.40,273.80,276.20,7318940
10-Jul-15,269.40,273.30,266.50,272.30,6428959
9-Jul-15,259.50,266.70,258.98,265.60,9273933
8-Jul-15,258.50,259.60,256.60,259.00,5652581
7-Jul-15,265.00,265.00,257.10,257.10,9311953
6-Jul-15,260.10,264.00,259.60,262.80,5044407
3-Jul-15,264.30,265.30,262.40,262.70,4893023
2-Jul-15,267.00,268.00,262.10,263.40,7596019
1-Jul-15,263.60,268.70,261.00,267.10,9282051
30-Jun-15,267.50,267.78,263.30,263.30,11233767
29-Jun-15,269.00,272.80,267.60,269.10,7775938
26-Jun-15,274.00,275.90,272.60,275.60,8153240
25-Jun-15,273.50,276.90,272.20,275.10,6978931
24-Jun-15,273.60,274.80,272.50,273.30,5357343
23-Jun-15,271.00,274.30,270.50,273.30,6037770
22-Jun-15,271.00,272.20,268.30,269.90,7172327
19-Jun-15,263.30,268.50,263.30,265.90,10074075
18-Jun-15,264.70,265.20,260.90,263.80,8086044
17-Jun-15,267.20,267.90,263.90,264.50,9200833
16-Jun-15,266.80,268.40,263.60,266.80,7239078
15-Jun-15,268.50,270.00,266.67,267.10,6579777
12-Jun-15,265.30,270.20,265.00,269.70,11672077
11-Jun-15,264.70,268.10,263.90,266.60,7971968
10-Jun-15,262.80,265.90,260.90,265.40,8549787
9-Jun-15,263.40,264.50,260.07,262.80,8372228
8-Jun-15,264.90,266.60,261.00,263.90,7145453
5-Jun-15,267.00,267.00,263.70,264.90,8130458
4-Jun-15,269.00,269.70,265.60,268.40,8798135
3-Jun-15,270.10,270.80,268.70,270.10,10178346
2-Jun-15,272.70,272.70,268.30,270.10,7224164
1-Jun-15,271.60,273.80,269.90,271.20,11754370
29-May-15,274.90,277.40,271.10,272.30,19308555
28-May-15,272.20,274.70,271.10,274.50,9435428
27-May-15,266.20,274.05,266.20,273.00,11049089
26-May-15,268.30,270.10,266.40,266.90,6601951
22-May-15,267.60,270.20,265.90,267.50,8267868
21-May-15,268.00,269.02,265.40,267.90,5455476
20-May-15,269.90,277.98,265.70,269.10,7433371
19-May-15,268.20,279.27,266.30,270.30,10536699
18-May-15,262.50,274.18,260.10,265.00,10478232
15-May-15,258.00,263.60,257.00,262.00,18158190
14-May-15,255.00,258.30,252.00,257.30,16249360
13-May-15,261.00,262.80,259.00,260.00,10105926
12-May-15,264.30,265.00,258.50,260.80,13110227
11-May-15,261.10,265.04,260.00,264.90,12797030
8-May-15,258.50,262.90,256.25,260.70,15077674
7-May-15,249.10,253.50,246.20,252.10,11882065
6-May-15,247.90,251.70,244.95,249.84,16571091
5-May-15,259.00,259.10,246.95,248.60,15985165
1-May-15,253.90,254.80,250.80,254.30,7358738
30-Apr-15,255.50,255.50,248.50,253.60,18679975
29-Apr-15,267.10,272.12,263.17,263.50,9999143
28-Apr-15,267.70,267.70,263.68,265.60,10152928
27-Apr-15,269.40,269.70,263.70,268.60,11239350
24-Apr-15,270.50,271.50,266.70,269.60,10026901
23-Apr-15,269.50,271.00,266.90,269.70,9428746
22-Apr-15,270.40,271.20,265.80,268.80,9191346
21-Apr-15,268.90,273.90,268.00,269.20,11590988
20-Apr-15,265.40,268.05,263.96,267.10,7821165
17-Apr-15,266.60,270.06,263.15,263.59,10124591
16-Apr-15,268.60,268.60,263.40,266.10,11664233
15-Apr-15,268.40,269.87,266.00,267.30,9734231
14-Apr-15,270.50,272.50,266.30,268.20,10322564
13-Apr-15,269.60,271.30,266.00,270.50,9970220
10-Apr-15,262.50,271.80,262.30,270.60,17620961
9-Apr-15,258.20,261.30,257.58,261.30,9375425
8-Apr-15,255.60,257.50,251.00,256.40,16581074
7-Apr-15,253.70,257.20,252.70,257.00,15639412
2-Apr-15,252.60,253.90,249.00,251.00,15972849
1-Apr-15,252.60,254.40,250.40,251.90,14322091
31-Mar-15,255.40,256.30,250.48,252.90,14046875
30-Mar-15,253.90,256.60,252.70,255.20,10511685
27-Mar-15,254.00,256.50,249.30,251.40,12595773
26-Mar-15,254.90,256.30,250.10,254.20,9031549
25-Mar-15,259.30,261.20,256.50,256.60,7802201
24-Mar-15,256.80,261.00,256.40,259.30,9344321
23-Mar-15,256.60,257.70,254.83,257.70,8825356
20-Mar-15,258.10,259.20,255.90,256.80,8356304
19-Mar-15,258.00,259.20,255.89,257.40,11330676
18-Mar-15,253.50,257.40,252.70,257.30,10025228
17-Mar-15,255.10,256.02,251.70,253.90,10180501
16-Mar-15,249.80,255.50,249.50,255.30,10238055
13-Mar-15,248.60,253.90,248.60,250.80,8844068
12-Mar-15,252.10,256.00,248.50,248.90,13703369
11-Mar-15,245.00,247.70,242.50,247.10,11145830
10-Mar-15,247.10,247.50,242.10,244.00,13647845
9-Mar-15,248.40,250.20,246.20,247.20,20984859
6-Mar-15,240.50,247.32,240.20,246.50,22642803
5-Mar-15,245.50,246.90,239.60,241.00,18232903
4-Mar-15,233.00,235.12,230.30,234.50,23523975
3-Mar-15,226.50,229.60,221.40,221.80,12561243
2-Mar-15,225.90,229.20,224.90,227.80,9464317
27-Feb-15,227.80,228.50,225.30,225.30,12882532
26-Feb-15,227.90,228.10,223.80,227.40,8807467
25-Feb-15,230.50,231.10,227.54,228.00,7992165
24-Feb-15,230.00,231.65,228.70,229.90,11755818
23-Feb-15,234.00,235.20,229.40,230.00,13197635
20-Feb-15,232.70,234.80,232.10,233.10,7333914
19-Feb-15,232.50,234.13,232.10,233.40,6720522
18-Feb-15,231.50,234.80,231.50,233.90,5644411
17-Feb-15,229.50,231.60,228.34,231.20,6760396
16-Feb-15,230.50,231.02,228.90,229.50,5497685
13-Feb-15,228.90,232.00,227.20,230.50,9458443
12-Feb-15,229.50,232.90,229.10,231.00,8465948
11-Feb-15,227.50,232.20,225.60,229.90,10865666
10-Feb-15,228.40,231.80,227.00,227.50,16143556
9-Feb-15,227.50,227.70,224.30,226.10,7081688
6-Feb-15,225.50,228.50,223.77,227.70,7365457
5-Feb-15,229.20,231.40,224.80,226.00,13572905
4-Feb-15,223.10,230.60,222.30,230.60,15780173
3-Feb-15,221.00,223.60,220.20,222.50,7140258
2-Feb-15,220.40,223.00,219.40,221.60,10218094
30-Jan-15,222.50,224.40,219.80,220.00,12075636
29-Jan-15,221.40,224.80,219.20,222.00,11105278
28-Jan-15,227.30,227.60,220.20,223.10,12636940
27-Jan-15,231.90,233.00,225.90,225.90,10205830
26-Jan-15,229.00,232.30,228.88,231.70,8867722
23-Jan-15,231.00,231.90,227.80,229.60,10894134
22-Jan-15,227.00,231.20,225.10,230.70,8476278
21-Jan-15,224.60,227.81,224.30,227.60,11839738
20-Jan-15,224.70,226.40,223.14,224.50,10353024
19-Jan-15,218.90,224.80,218.90,224.80,9144018
16-Jan-15,218.00,219.90,212.80,219.60,8845019
15-Jan-15,219.90,220.70,214.90,219.50,10418132
14-Jan-15,219.20,221.06,216.50,219.00,12615377
13-Jan-15,216.00,220.30,216.00,219.90,10871774
12-Jan-15,210.00,215.90,210.00,212.50,9143338
9-Jan-15,209.40,214.40,208.40,213.50,10184846
8-Jan-15,208.00,209.90,206.20,209.50,11294531
7-Jan-15,208.30,209.30,206.10,206.80,6214804
6-Jan-15,208.80,210.30,205.50,207.20,11030230
5-Jan-15,212.80,216.20,208.70,209.40,9651957
31-Dec-14,216.00,216.46,214.30,215.20,1484637
30-Dec-14,215.40,216.20,213.87,214.70,3541067
29-Dec-14,215.50,216.80,215.10,216.10,5294005
24-Dec-14,214.50,217.90,214.00,216.20,1866497
23-Dec-14,213.60,214.20,212.30,214.10,3435085
22-Dec-14,211.00,213.10,210.10,212.50,4233776
19-Dec-14,211.20,212.60,209.20,209.90,9178373
18-Dec-14,207.00,210.70,204.60,210.30,11516805
17-Dec-14,203.80,206.10,201.70,205.30,9439536
16-Dec-14,201.90,205.60,200.10,205.40,10901590
15-Dec-14,203.10,206.00,201.50,201.50,7827429
12-Dec-14,207.20,208.20,203.90,204.00,7976375
11-Dec-14,208.60,211.20,207.80,208.30,8109026
10-Dec-14,208.00,212.80,207.20,209.30,9081707
9-Dec-14,213.10,214.20,206.30,208.50,9835065
8-Dec-14,212.30,215.20,211.16,213.90,8476623
5-Dec-14,213.40,215.92,210.40,213.20,8773493
4-Dec-14,214.50,216.90,213.80,214.50,7831236
3-Dec-14,214.10,217.20,213.90,215.45,9001854
2-Dec-14,213.00,215.93,212.58,214.60,7598992
1-Dec-14,213.00,216.30,209.40,212.40,11243943
28-Nov-14,213.40,215.60,211.20,214.20,8150347
27-Nov-14,207.70,213.70,206.70,212.90,8055941
26-Nov-14,209.50,211.20,207.10,207.20,9242782
25-Nov-14,205.30,209.50,204.77,209.20,17017200
24-Nov-14,201.80,205.80,199.90,205.00,12972580
21-Nov-14,202.40,203.95,200.80,201.80,6883965
20-Nov-14,205.00,205.00,199.95,202.00,12181976
19-Nov-14,207.00,207.80,204.00,204.80,8021703
18-Nov-14,206.00,207.20,204.50,206.50,6859709
17-Nov-14,203.70,206.10,202.40,205.50,6139242
14-Nov-14,204.80,207.70,203.90,205.00,7741342
13-Nov-14,201.50,205.60,198.00,205.10,20074937
12-Nov-14,202.20,203.27,199.90,200.60,8638937
11-Nov-14,205.20,207.11,203.00,203.70,5868820
10-Nov-14,204.00,205.60,202.20,205.60,4973368
7-Nov-14,204.80,206.90,203.00,203.30,6969376
6-Nov-14,202.30,204.40,200.80,203.70,7206364
5-Nov-14,204.80,206.50,201.30,202.70,11655634
4-Nov-14,205.30,208.38,202.40,202.90,13309714
3-Nov-14,202.70,205.93,202.56,204.60,7768298
31-Oct-14,202.50,204.80,200.40,203.00,9964321
30-Oct-14,202.60,203.40,199.70,200.50,10366507
29-Oct-14,203.50,206.90,201.50,204.20,11366938
28-Oct-14,200.40,203.30,200.30,202.00,10055666
27-Oct-14,199.00,199.70,195.60,199.00,11341576
24-Oct-14,199.30,201.20,197.20,197.60,10578882
23-Oct-14,200.70,202.60,198.60,199.40,12832400
22-Oct-14,202.60,203.20,200.00,201.90,13432873
21-Oct-14,198.30,203.60,198.30,202.60,14535128
20-Oct-14,202.00,202.70,199.50,199.50,10205527
17-Oct-14,200.30,203.30,198.40,203.10,13592006
16-Oct-14,195.30,201.30,192.10,199.90,24797126
15-Oct-14,200.40,201.58,193.60,193.90,22641452
14-Oct-14,195.50,200.30,194.20,200.10,17268343
13-Oct-14,194.90,198.80,193.90,197.20,13666126
10-Oct-14,198.20,200.10,195.90,195.90,18066569
9-Oct-14,207.60,208.10,199.50,200.10,17987602
8-Oct-14,204.90,207.70,203.10,205.80,13577226
7-Oct-14,206.10,206.50,204.20,204.40,10895056
6-Oct-14,207.40,209.60,206.10,207.00,10504499
3-Oct-14,198.90,206.70,198.90,206.20,11021728
2-Oct-14,203.60,205.10,197.70,197.80,12103312
1-Oct-14,207.70,208.10,202.75,203.30,11640375
30-Sep-14,211.40,211.70,206.40,207.80,10446358
29-Sep-14,208.00,212.24,208.00,211.10,9554825
26-Sep-14,208.80,209.70,206.30,208.40,7712995
25-Sep-14,209.40,212.82,208.40,209.00,10963344
24-Sep-14,209.50,209.50,206.40,208.50,8519045
23-Sep-14,212.60,212.60,206.90,209.20,10074365
22-Sep-14,215.00,215.10,211.82,212.30,8666883
19-Sep-14,216.00,217.50,215.20,216.00,15522301
18-Sep-14,215.00,215.00,213.10,213.90,10541744
17-Sep-14,214.80,216.20,213.50,214.20,8015181
16-Sep-14,215.20,215.50,212.50,213.70,8749527
15-Sep-14,216.70,217.10,213.80,215.00,8058024
12-Sep-14,216.70,219.40,215.80,216.50,9646896
11-Sep-14,213.00,216.80,212.70,216.80,12066380
10-Sep-14,219.00,221.70,212.20,212.40,17975845
9-Sep-14,217.50,221.50,215.00,218.00,11825994
8-Sep-14,219.70,220.50,217.27,218.40,7858185
5-Sep-14,221.60,222.50,219.50,220.40,8416866
4-Sep-14,219.00,222.10,218.00,222.00,11972664
3-Sep-14,218.00,220.00,217.70,219.10,13276079
2-Sep-14,219.10,220.10,214.00,218.50,14416721
1-Sep-14,213.50,219.40,213.50,218.70,13692669
29-Aug-14,212.20,212.80,208.70,211.20,7868454
28-Aug-14,210.60,212.30,207.58,212.00,10235255
27-Aug-14,210.00,212.10,209.20,211.60,6556865
26-Aug-14,210.20,210.60,207.00,209.80,7599469
22-Aug-14,210.40,211.40,208.50,209.10,6893048
21-Aug-14,210.90,211.20,207.50,209.50,9225947
20-Aug-14,212.80,212.80,210.00,211.00,11142560
19-Aug-14,208.60,212.90,208.50,212.00,11752018
18-Aug-14,209.40,209.70,207.00,207.50,5338533
15-Aug-14,208.50,209.85,207.00,207.50,9682900
14-Aug-14,207.50,209.50,206.83,207.80,6163860
13-Aug-14,206.50,208.80,203.70,208.30,9206410
12-Aug-14,206.60,208.20,204.30,205.20,10709050
11-Aug-14,203.60,207.11,202.93,206.50,8591207
8-Aug-14,199.60,202.30,197.80,201.80,8851342
7-Aug-14,201.30,203.20,198.70,201.80,14157371
6-Aug-14,206.20,206.70,201.20,202.10,15029199
5-Aug-14,205.30,207.80,205.00,207.00,10636688
4-Aug-14,206.90,206.90,202.56,204.20,9929973
1-Aug-14,208.80,209.00,202.30,205.60,16061340
31-Jul-14,206.10,209.80,202.00,208.70,21351636
30-Jul-14,210.00,210.36,198.90,204.50,19582594
29-Jul-14,206.00,206.40,203.00,205.00,12443043
28-Jul-14,206.00,206.77,204.40,205.80,10037596
25-Jul-14,208.10,209.70,205.00,205.60,12298044
24-Jul-14,207.80,208.20,204.80,208.20,14030002
23-Jul-14,208.10,208.88,205.00,207.00,10883447
22-Jul-14,205.10,208.50,204.60,207.40,15913167
21-Jul-14,203.90,207.90,200.80,204.30,20581726
18-Jul-14,195.50,204.50,193.20,202.50,31833406
17-Jul-14,201.00,202.70,192.00,195.10,80822711
16-Jul-14,178.80,185.30,177.10,183.80,14729113
15-Jul-14,178.20,178.60,174.80,177.40,10128798
14-Jul-14,178.60,179.90,178.20,179.00,9409644
11-Jul-14,174.30,179.20,173.50,177.80,15428626
10-Jul-14,178.00,178.40,173.30,173.70,14298234
9-Jul-14,177.70,177.80,175.10,177.70,6906600
8-Jul-14,182.00,182.29,176.70,177.70,14085397
7-Jul-14,184.10,184.70,181.80,183.01,7415264
4-Jul-14,186.10,186.60,183.60,183.80,11031381
3-Jul-14,178.70,184.50,178.30,183.70,9430652
2-Jul-14,178.70,180.60,178.14,179.00,6645120
1-Jul-14,179.30,179.30,176.80,178.80,7446654
30-Jun-14,176.60,179.70,176.34,178.18,14157249
27-Jun-14,177.10,177.10,173.90,176.10,10317624
26-Jun-14,170.80,177.00,170.50,176.30,15965437
25-Jun-14,170.30,171.80,169.10,169.50,10402782
24-Jun-14,172.20,172.20,168.10,170.90,7617520
23-Jun-14,173.70,173.70,170.90,171.40,7580891
20-Jun-14,171.00,174.60,171.00,173.40,13456505
19-Jun-14,175.00,176.90,171.29,173.50,10146582
18-Jun-14,173.80,175.29,173.00,173.50,4888580
17-Jun-14,175.60,177.00,173.20,173.30,6882360
16-Jun-14,174.40,176.00,172.90,174.60,6913193
13-Jun-14,179.20,179.30,172.80,175.00,11981506
12-Jun-14,177.40,182.50,176.60,179.40,16465332
11-Jun-14,178.40,179.40,176.30,176.60,7496633
10-Jun-14,179.00,179.60,177.40,178.00,9407633
9-Jun-14,179.80,181.50,179.40,179.80,5781547
6-Jun-14,179.10,181.50,179.10,179.60,7785837
5-Jun-14,181.20,181.60,177.50,178.79,8371470
4-Jun-14,180.20,181.40,179.70,180.79,6922324
3-Jun-14,182.20,182.40,178.90,180.20,7929508
2-Jun-14,183.00,184.20,181.90,181.99,10885039
30-May-14,184.50,187.00,181.80,182.10,14471605
29-May-14,185.00,187.00,183.40,184.20,7146782
28-May-14,182.30,185.11,181.30,184.59,7142323
27-May-14,179.40,182.40,179.30,181.70,7891368
23-May-14,179.40,180.90,177.70,178.50,6103155
22-May-14,178.80,180.30,177.60,178.60,8488170
21-May-14,176.50,178.20,175.20,177.70,6240563
20-May-14,173.20,177.40,173.10,176.60,8175019
19-May-14,171.90,176.12,171.50,172.80,11711615
16-May-14,170.60,176.89,167.10,172.50,20742974
15-May-14,180.00,180.10,169.10,169.60,22353664
14-May-14,183.00,183.90,178.20,179.10,21918644
13-May-14,188.00,191.10,187.50,191.00,10082627
12-May-14,189.40,190.11,185.30,186.80,11380819
9-May-14,189.00,190.50,188.00,189.00,9307260
8-May-14,189.00,189.60,187.10,188.90,9832071
7-May-14,187.50,190.50,186.80,187.50,13217628
6-May-14,185.40,187.12,184.40,185.91,7826557
2-May-14,188.10,190.04,183.80,184.50,14669507
1-May-14,184.70,191.90,182.80,186.60,8428298
30-Apr-14,177.20,187.07,175.50,182.00,12543378
29-Apr-14,183.90,185.60,180.72,183.70,13284398
28-Apr-14,186.30,187.80,182.30,182.40,7973718
25-Apr-14,187.00,187.50,184.30,185.10,6639427
24-Apr-14,188.60,189.70,184.80,187.10,7998930
23-Apr-14,188.90,189.20,185.90,187.93,8514437
22-Apr-14,187.40,191.10,187.30,188.60,16430480
17-Apr-14,181.00,187.30,180.60,186.20,17655580
16-Apr-14,175.50,180.82,175.50,180.00,16731819
15-Apr-14,177.70,179.48,173.10,173.60,18251368
14-Apr-14,182.10,182.90,176.00,177.40,16372604
11-Apr-14,188.60,188.60,182.30,183.00,16094964
10-Apr-14,190.20,191.50,188.20,190.10,6460153
9-Apr-14,188.40,192.00,188.40,189.20,9560530
8-Apr-14,193.10,193.60,184.40,187.80,15835313
7-Apr-14,195.60,196.20,192.50,192.70,7173613
4-Apr-14,196.70,197.09,194.40,196.60,6923207
3-Apr-14,196.20,197.20,194.90,195.50,9649719
2-Apr-14,193.70,196.00,193.30,195.60,7741301
1-Apr-14,191.80,193.30,191.30,192.64,9674452
31-Mar-14,190.00,193.80,189.30,191.49,13310148
28-Mar-14,192.50,193.80,189.30,189.40,12599182
27-Mar-14,195.10,195.72,192.20,192.49,9271445
26-Mar-14,191.00,196.30,189.02,195.98,14888746
25-Mar-14,193.10,195.40,192.90,195.00,7154353
24-Mar-14,196.30,196.90,191.35,193.00,9957381
21-Mar-14,198.10,198.20,195.00,196.00,13849324
20-Mar-14,200.80,200.80,196.70,197.50,10811534
19-Mar-14,203.30,203.60,200.40,202.20,8652562
18-Mar-14,197.70,203.03,197.20,203.00,13712327
17-Mar-14,194.40,198.50,194.32,197.80,7316813
14-Mar-14,194.90,195.30,193.00,194.50,8195171
13-Mar-14,198.90,199.60,195.70,195.90,10794086
12-Mar-14,197.20,198.60,195.80,198.30,7756314
11-Mar-14,196.80,198.30,195.50,197.80,8034352
10-Mar-14,200.90,201.80,195.80,196.80,9484365
7-Mar-14,198.60,203.70,198.30,200.50,9940108
6-Mar-14,200.60,201.20,198.30,198.60,7167973
5-Mar-14,202.50,203.40,199.40,199.90,8962430
4-Mar-14,197.90,202.40,197.90,202.20,9787032
3-Mar-14,198.30,199.00,195.00,196.10,8938178
28-Feb-14,198.70,203.60,198.60,201.90,14260895
27-Feb-14,201.50,201.80,196.40,199.20,14477353
26-Feb-14,206.00,208.00,195.50,201.50,32026487
25-Feb-14,204.10,206.30,203.10,206.10,17691916
24-Feb-14,203.50,204.40,201.90,203.80,13618556
21-Feb-14,208.70,209.90,203.60,204.20,10641681
20-Feb-14,205.90,207.80,203.20,207.80,8188282
19-Feb-14,209.30,211.00,206.00,207.70,7741179
18-Feb-14,208.00,210.70,207.70,210.60,7272451
17-Feb-14,205.90,208.00,205.60,207.80,4942847
14-Feb-14,209.00,209.40,205.70,206.20,8142586
13-Feb-14,207.00,209.00,205.00,209.00,8567354
12-Feb-14,206.80,207.10,204.80,206.90,7268513
11-Feb-14,202.40,206.00,201.60,206.00,11380896
10-Feb-14,202.90,203.60,200.20,201.10,6191200
7-Feb-14,203.10,203.90,201.70,202.00,6769932
6-Feb-14,199.10,202.00,197.50,201.80,12878066
5-Feb-14,195.70,198.30,194.70,197.50,9470196
4-Feb-14,194.30,196.10,191.90,195.10,9109430
3-Feb-14,196.00,198.20,194.50,195.30,9449836
31-Jan-14,201.90,201.90,195.50,196.50,16655909
30-Jan-14,197.10,201.80,196.40,201.80,11292720
29-Jan-14,197.80,201.00,195.30,197.70,14232552
28-Jan-14,193.30,197.50,192.50,196.60,10930595
27-Jan-14,191.70,193.80,188.60,192.50,12743684
24-Jan-14,199.70,201.10,193.40,194.10,9629080
23-Jan-14,202.70,203.00,197.70,199.30,9289032
22-Jan-14,204.90,205.80,202.80,203.00,4699440
21-Jan-14,205.80,206.90,203.30,204.60,6479759
20-Jan-14,203.40,206.40,203.00,205.80,5734619
17-Jan-14,207.10,207.90,201.90,203.20,10203593
16-Jan-14,209.50,209.50,206.20,207.10,6257465
15-Jan-14,208.40,209.80,206.70,209.60,8864892
14-Jan-14,204.90,207.50,201.30,207.30,9803275
13-Jan-14,201.50,204.40,201.50,202.80,8323518
10-Jan-14,200.20,201.90,199.50,199.50,7933694
9-Jan-14,197.50,201.50,197.20,199.30,9656208
8-Jan-14,197.60,198.00,195.90,196.70,6697602
7-Jan-14,200.30,201.00,197.60,197.90,5220146
6-Jan-14,195.00,198.80,194.50,197.70,5260420
3-Jan-14,195.20,196.70,194.10,194.80,5324963
2-Jan-14,194.80,196.00,192.40,195.50,7578884
31-Dec-13,192.10,194.00,191.70,194.00,2490619
30-Dec-13,193.10,194.50,191.10,191.60,3854404
27-Dec-13,193.90,194.20,192.00,193.30,3334451
24-Dec-13,189.50,193.00,189.50,193.00,2335670
23-Dec-13,187.90,190.40,186.70,190.40,4459582
20-Dec-13,185.50,187.80,184.40,187.20,15905153
19-Dec-13,182.80,186.40,182.80,185.10,7167285
18-Dec-13,183.30,184.20,181.10,181.30,4663280
17-Dec-13,182.50,183.40,182.00,182.60,5712453
16-Dec-13,182.20,183.30,181.00,183.20,6708053
13-Dec-13,179.90,183.20,179.20,182.60,7936906
12-Dec-13,181.60,182.50,179.60,179.70,8706641
11-Dec-13,182.00,184.20,182.00,182.40,7375622
10-Dec-13,183.00,186.40,182.20,182.20,8311270
9-Dec-13,182.40,184.10,181.90,183.60,5123303
6-Dec-13,182.10,183.20,180.40,182.50,6832982
5-Dec-13,182.20,183.40,181.00,182.10,10064363
4-Dec-13,184.90,186.20,182.30,183.20,8064859
3-Dec-13,188.90,191.00,184.90,185.00,9337615
2-Dec-13,190.10,191.30,188.40,189.40,5352021
29-Nov-13,188.80,191.50,188.80,190.00,7868022
28-Nov-13,190.60,190.90,188.80,189.00,5758063
27-Nov-13,186.80,190.40,186.70,190.10,8428266
26-Nov-13,185.50,188.70,185.30,186.80,10767221
25-Nov-13,184.70,185.60,184.10,185.20,6000893
22-Nov-13,183.70,185.00,182.80,183.10,11587673
21-Nov-13,181.50,184.00,180.60,181.80,9063762
20-Nov-13,182.90,185.10,179.80,182.00,13695195
19-Nov-13,186.70,192.00,176.60,184.70,22606002
18-Nov-13,185.70,187.40,184.90,186.80,6886990
15-Nov-13,186.80,188.60,186.10,186.50,7350859
14-Nov-13,183.70,186.90,183.70,186.40,8448444
13-Nov-13,187.20,187.80,181.60,181.80,11760528
12-Nov-13,187.80,190.00,187.40,188.30,7679532
11-Nov-13,186.00,188.90,183.50,187.40,12087259
8-Nov-13,190.70,190.70,188.30,190.50,9213642
7-Nov-13,194.10,194.90,191.10,191.60,7153301
6-Nov-13,191.90,195.10,191.80,193.80,6191032
5-Nov-13,193.50,193.70,189.90,191.00,6400566
4-Nov-13,191.20,193.50,191.10,193.10,5852726
1-Nov-13,191.40,191.90,190.50,191.00,4403074
31-Oct-13,191.00,193.10,189.90,190.90,10116550
30-Oct-13,190.70,191.40,190.30,190.90,6054961
29-Oct-13,190.30,191.60,188.50,191.40,6689353
28-Oct-13,192.10,193.00,191.10,191.90,4052148
25-Oct-13,192.00,193.30,191.40,191.80,6218039
24-Oct-13,195.30,195.40,192.10,192.60,5719988
23-Oct-13,192.00,195.00,-,195.00,4824694
22-Oct-13,193.60,194.60,191.50,192.10,6520152
21-Oct-13,195.00,196.60,194.00,194.20,5022939
18-Oct-13,196.20,197.00,192.70,195.10,7635052
17-Oct-13,190.10,195.60,189.90,195.10,8342016
16-Oct-13,186.10,192.00,185.80,190.10,9860211
15-Oct-13,185.40,187.10,185.40,187.00,7603571
14-Oct-13,183.20,185.10,182.30,184.90,4364179
11-Oct-13,184.20,185.90,183.50,183.90,5869799
10-Oct-13,179.10,184.50,176.50,184.00,7996523
9-Oct-13,183.10,183.70,178.00,178.90,9688112
8-Oct-13,181.90,185.40,180.90,183.60,12016444
7-Oct-13,177.70,181.90,176.80,181.80,9299984
4-Oct-13,175.30,178.50,175.10,178.50,6715608
3-Oct-13,174.70,177.60,174.70,175.50,8082587
2-Oct-13,177.50,178.10,174.00,174.70,9955268
1-Oct-13,176.00,178.70,174.50,178.70,6909706
30-Sep-13,173.50,176.20,172.70,175.30,7995798
27-Sep-13,176.30,177.50,175.40,175.80,5236937
26-Sep-13,175.50,176.90,175.20,176.10,5221366
25-Sep-13,176.30,178.40,174.50,175.10,14975410
24-Sep-13,179.90,180.30,177.00,177.30,13593579
20-Sep-13,179.80,182.70,179.80,180.30,14832714
19-Sep-13,181.20,182.40,179.60,180.20,9717278
18-Sep-13,181.30,181.70,179.20,180.00,9376644
17-Sep-13,184.50,184.50,181.00,181.00,10476890
16-Sep-13,185.90,186.20,181.60,182.10,8061236
13-Sep-13,180.00,184.40,179.80,183.40,11960760
12-Sep-13,181.60,182.10,178.40,179.60,10976236
11-Sep-13,180.80,182.00,180.00,181.30,10052090
10-Sep-13,178.80,181.20,177.80,181.00,11849859
9-Sep-13,173.50,177.40,172.50,177.40,13615113
6-Sep-13,174.40,175.00,169.90,174.50,10607045
5-Sep-13,170.00,174.70,169.80,174.60,15411771
4-Sep-13,167.60,169.70,166.60,169.40,7271973
3-Sep-13,168.60,169.80,166.20,167.80,6996344
2-Sep-13,165.90,168.80,165.40,168.80,6166495
30-Aug-13,166.80,167.10,163.80,164.60,11866642
29-Aug-13,161.40,166.00,161.40,165.90,9045760
28-Aug-13,163.00,163.50,159.80,162.00,10945601
27-Aug-13,166.40,166.40,163.70,164.00,9959419
23-Aug-13,165.40,167.00,164.50,165.50,6289250
22-Aug-13,164.00,166.00,163.70,165.30,6737347
21-Aug-13,162.00,165.20,162.00,163.70,9818437
20-Aug-13,158.40,162.30,157.70,161.90,11697915
19-Aug-13,160.10,161.20,158.80,159.00,7193666
16-Aug-13,157.00,160.60,156.80,160.00,10334028
15-Aug-13,163.90,164.00,156.30,156.60,10257925
14-Aug-13,163.80,165.10,162.40,164.10,6563529
13-Aug-13,165.30,165.80,162.50,163.30,9894159
12-Aug-13,166.10,167.10,164.70,165.50,5402601
9-Aug-13,167.80,168.00,165.40,166.50,7104425
8-Aug-13,166.90,167.80,165.20,167.10,7845526
7-Aug-13,166.30,167.80,164.90,167.10,10454451
6-Aug-13,166.50,168.10,165.70,167.20,5851408
5-Aug-13,165.90,168.80,165.60,166.00,5811875
2-Aug-13,167.60,169.50,165.60,166.00,7061666
1-Aug-13,167.70,169.70,166.60,167.70,7165540
31-Jul-13,165.90,171.60,165.90,168.60,15400972
30-Jul-13,164.70,167.60,160.80,167.00,21180317
29-Jul-13,156.80,159.40,156.60,157.10,9847610
26-Jul-13,158.20,159.70,155.60,156.70,7513922
25-Jul-13,157.90,158.80,155.80,157.70,7170333
24-Jul-13,154.80,158.90,154.80,158.70,8301523
23-Jul-13,160.10,161.50,154.80,154.80,10311767
22-Jul-13,158.70,159.30,157.50,158.40,7680897
19-Jul-13,158.90,159.60,157.00,159.20,7609615
18-Jul-13,155.00,159.30,154.50,159.00,12244358
17-Jul-13,156.20,157.00,153.30,154.60,17953555
16-Jul-13,161.00,161.50,154.80,156.40,16077285
15-Jul-13,158.60,161.30,156.80,161.30,11302621
12-Jul-13,154.10,157.90,154.02,157.90,11433884
11-Jul-13,154.40,155.50,150.89,154.00,10289054
10-Jul-13,150.00,152.30,148.80,152.10,10656615
9-Jul-13,152.60,154.90,149.20,150.20,12686775
8-Jul-13,151.20,154.68,150.90,152.80,7406076
5-Jul-13,151.30,152.34,149.20,149.50,12641918
4-Jul-13,147.00,152.10,146.82,151.20,9634837
3-Jul-13,143.40,146.90,142.50,146.90,11670256
2-Jul-13,144.30,144.80,142.00,144.40,7894895
1-Jul-13,141.30,144.60,141.20,144.40,8056277
28-Jun-13,142.80,143.12,139.90,140.10,12464323
27-Jun-13,137.50,144.20,137.50,142.90,12775128
26-Jun-13,133.80,137.82,133.60,137.50,11273697
25-Jun-13,133.10,133.90,131.40,133.60,9624633
24-Jun-13,136.90,138.70,131.20,131.90,12441802
21-Jun-13,138.60,140.00,136.20,137.40,21495271
20-Jun-13,137.20,137.30,134.90,136.20,11001043
19-Jun-13,137.80,139.53,136.50,139.10,8927748
18-Jun-13,137.60,138.47,136.60,137.70,15175264
17-Jun-13,137.00,139.00,136.80,137.50,8666987
14-Jun-13,135.20,138.10,134.60,136.80,12157785
13-Jun-13,132.60,135.30,131.20,134.80,7855227
12-Jun-13,133.40,135.50,132.80,134.10,9693914
11-Jun-13,134.10,134.60,131.30,134.00,11956122
10-Jun-13,129.80,136.40,129.21,134.20,20987109
7-Jun-13,127.20,130.00,126.70,129.40,11447675
6-Jun-13,127.20,128.10,126.40,126.70,7451714
5-Jun-13,129.00,129.20,126.40,127.20,9552301
4-Jun-13,129.60,131.00,128.90,129.50,6814280
3-Jun-13,130.20,130.53,128.70,128.70,9167302
31-May-13,132.70,132.70,130.60,131.10,11999834
30-May-13,130.40,133.50,130.10,132.90,10117166
29-May-13,133.30,133.30,130.10,130.40,8580811
28-May-13,131.00,133.90,131.00,133.30,8516211
24-May-13,132.80,133.10,129.50,130.10,9546781
23-May-13,132.20,133.00,130.50,132.40,12669483
22-May-13,131.00,134.80,130.50,134.70,16413560
21-May-13,130.40,131.30,129.40,131.30,12457299
20-May-13,130.00,131.09,129.64,130.70,6411746
17-May-13,130.60,131.13,128.80,130.30,9298689
16-May-13,129.00,133.00,128.20,131.10,12954887
15-May-13,129.10,130.00,125.00,129.20,20261043
14-May-13,130.60,132.30,129.90,131.70,10637508
13-May-13,130.40,130.90,129.70,130.40,5733492
10-May-13,127.90,130.80,127.80,130.60,9430926
9-May-13,127.90,128.70,126.64,128.00,8595796
8-May-13,124.30,128.30,124.30,128.10,13910172
7-May-13,123.10,124.48,123.10,124.00,8443781
3-May-13,124.20,125.70,122.60,123.60,9006809
2-May-13,125.20,126.30,123.10,123.60,11051009
1-May-13,122.00,126.40,120.92,125.30,12632307
30-Apr-13,126.70,128.60,124.30,125.90,14406954
29-Apr-13,127.90,128.70,126.70,127.10,8627247
26-Apr-13,127.00,128.80,127.00,128.00,8650343
25-Apr-13,127.40,128.90,126.80,127.40,12096977
24-Apr-13,127.30,128.00,126.20,127.30,10048383
23-Apr-13,124.30,128.00,124.16,127.60,10167530
22-Apr-13,123.60,126.80,123.40,124.30,8180262
19-Apr-13,122.90,123.53,120.50,123.20,9719103
18-Apr-13,124.80,125.20,122.10,122.50,8287162
17-Apr-13,125.00,126.30,122.50,124.50,13341588
16-Apr-13,124.40,125.70,123.20,123.80,7909763
15-Apr-13,126.70,127.30,124.40,125.00,7834138
12-Apr-13,125.90,127.40,124.90,126.90,7213339
11-Apr-13,123.10,126.70,123.10,126.70,7610455
10-Apr-13,120.40,123.97,120.40,123.60,10550709
9-Apr-13,121.30,122.84,119.80,120.40,10276058
8-Apr-13,121.70,124.25,120.80,121.20,7534541
5-Apr-13,125.40,125.60,120.05,121.00,9933459
4-Apr-13,128.70,129.00,124.00,125.00,11069266
3-Apr-13,129.00,131.00,128.30,129.10,7556613
2-Apr-13,128.60,130.70,128.60,129.30,9996987
28-Mar-13,128.20,129.40,126.70,129.40,10494081
27-Mar-13,129.90,130.30,127.40,128.60,9001650
26-Mar-13,129.80,130.30,129.66,130.00,9132348
25-Mar-13,129.10,130.36,128.60,129.90,13811972
22-Mar-13,128.90,129.70,127.80,128.70,7925895
21-Mar-13,129.70,130.20,128.05,129.60,8813522
20-Mar-13,132.00,132.20,129.60,130.10,8618218
19-Mar-13,131.70,132.90,129.99,130.90,9118810
18-Mar-13,129.20,132.30,128.20,131.80,8867319
15-Mar-13,132.20,132.44,130.50,131.20,15446264
14-Mar-13,129.80,132.40,129.50,132.30,14104655
13-Mar-13,128.00,129.90,126.50,129.90,9285607
12-Mar-13,127.80,129.70,127.80,128.10,7363138
11-Mar-13,128.90,129.20,126.90,127.90,8900568
8-Mar-13,129.00,129.90,128.30,129.00,10030302
7-Mar-13,127.20,128.50,126.90,128.50,10724101
6-Mar-13,125.60,127.58,125.10,127.20,13652914
5-Mar-13,122.80,126.20,122.30,125.10,9006781
4-Mar-13,123.00,123.90,121.90,122.30,9862724
1-Mar-13,123.80,125.68,122.40,123.40,11060437
28-Feb-13,121.40,125.80,120.70,124.20,24778086
27-Feb-13,119.10,123.70,116.10,119.00,28790393
26-Feb-13,118.10,120.95,117.40,120.20,10042349
25-Feb-13,122.00,123.86,118.99,119.80,11420683
22-Feb-13,121.00,123.06,120.50,121.10,7358134
21-Feb-13,121.40,121.44,118.80,120.40,10851018
20-Feb-13,122.80,125.37,121.70,122.10,9306338
19-Feb-13,120.30,123.40,119.70,123.00,9252410
18-Feb-13,117.40,120.90,117.30,120.30,13164065
15-Feb-13,113.00,117.62,112.96,117.00,15427802
14-Feb-13,114.10,114.90,112.87,113.40,8437193
13-Feb-13,115.60,115.70,114.15,114.50,14801990
12-Feb-13,115.60,115.88,114.40,114.80,13332110
11-Feb-13,116.60,117.00,114.94,115.60,6824722
8-Feb-13,117.40,118.20,115.73,116.80,7898045
7-Feb-13,118.40,118.76,116.40,117.10,7101811
6-Feb-13,118.70,118.70,117.39,118.40,7786079
5-Feb-13,117.20,119.35,117.10,118.20,9254731
4-Feb-13,117.60,120.20,116.60,117.30,14011331
1-Feb-13,114.80,117.91,114.80,117.50,10383273
31-Jan-13,113.70,115.80,113.57,114.80,10646924
30-Jan-13,113.50,115.00,112.90,113.70,11891153
29-Jan-13,114.20,114.70,113.10,113.50,10610611
28-Jan-13,115.90,116.10,114.10,114.10,9225763
25-Jan-13,114.40,116.74,114.40,115.80,8611183
24-Jan-13,113.00,115.40,112.70,114.90,7661479
23-Jan-13,115.10,115.30,112.73,113.50,12547393
22-Jan-13,116.00,116.72,114.90,115.40,9926514
21-Jan-13,115.30,116.99,114.87,116.40,8831677
18-Jan-13,113.70,115.40,113.00,115.20,9259608
17-Jan-13,110.50,114.00,110.10,113.60,13295299
16-Jan-13,111.20,112.60,109.60,110.10,18300714
15-Jan-13,112.50,114.90,111.50,112.40,22355773
14-Jan-13,110.90,111.80,110.00,111.70,10352652
11-Jan-13,106.20,110.10,105.99,110.00,15303003
10-Jan-13,109.30,109.64,107.30,107.70,20628045
9-Jan-13,110.40,112.20,108.70,109.30,11430222
8-Jan-13,109.30,109.96,108.30,108.70,9403534
7-Jan-13,108.80,110.10,108.30,109.60,9712678
4-Jan-13,108.40,108.51,105.80,108.50,8527411
3-Jan-13,109.00,109.12,107.90,108.40,5873657
2-Jan-13,106.90,108.90,106.70,108.90,7508855
