31-Dec-15,168.10,169.30,166.01,166.50,249427
30-Dec-15,170.00,171.30,167.20,170.30,309034
29-Dec-15,167.30,170.41,165.86,168.80,604549
24-Dec-15,167.50,167.70,164.80,166.70,70752
23-Dec-15,164.00,167.30,163.12,166.60,375441
22-Dec-15,167.20,167.20,161.40,164.20,618197
21-Dec-15,165.20,165.20,161.30,163.70,395172
18-Dec-15,164.00,164.50,160.97,162.40,951729
16-Dec-15,163.40,170.70,163.40,169.60,761510
15-Dec-15,163.20,164.90,161.30,163.50,820167
14-Dec-15,163.60,168.30,163.10,163.70,456486
11-Dec-15,169.70,169.70,163.50,166.10,500977
10-Dec-15,169.80,169.80,165.20,166.40,587121
9-Dec-15,172.00,172.70,167.25,168.90,592229
8-Dec-15,177.00,177.00,167.50,170.00,771877
7-Dec-15,172.10,176.40,172.10,176.00,808265
4-Dec-15,171.00,174.20,171.00,174.20,841138
3-Dec-15,170.70,173.90,170.60,172.70,857477
2-Dec-15,170.30,175.30,170.30,173.40,1001529
1-Dec-15,171.00,174.97,171.00,172.30,679180
30-Nov-15,166.50,172.70,166.50,171.30,619168
27-Nov-15,169.00,171.00,165.90,171.00,586161
26-Nov-15,160.20,169.00,160.20,169.00,1038769
25-Nov-15,160.00,162.33,158.70,159.50,362942
24-Nov-15,157.20,161.00,157.20,159.30,439820
23-Nov-15,156.00,160.90,156.00,160.90,347217
20-Nov-15,154.00,159.70,154.00,159.70,503018
19-Nov-15,158.40,158.40,155.90,157.70,551574
18-Nov-15,160.80,160.80,154.60,156.20,397019
17-Nov-15,156.20,158.04,153.30,156.70,327252
16-Nov-15,156.20,156.20,150.90,154.20,458410
13-Nov-15,158.80,158.80,152.00,153.70,421578
12-Nov-15,155.70,159.19,155.00,155.30,329811
11-Nov-15,154.50,159.10,154.50,159.10,217831
10-Nov-15,157.40,158.30,156.20,157.60,232431
9-Nov-15,160.80,160.80,157.80,158.00,402024
6-Nov-15,160.20,160.80,156.60,159.30,397704
5-Nov-15,160.50,160.50,157.60,158.30,455778
4-Nov-15,163.90,163.90,156.49,159.40,760893
3-Nov-15,162.40,162.93,160.40,161.50,238882
2-Nov-15,164.60,164.60,160.36,162.40,290468
30-Oct-15,159.70,162.40,159.70,161.60,508163
29-Oct-15,163.00,164.50,161.20,162.00,293127
28-Oct-15,160.00,162.79,158.35,162.20,255798
27-Oct-15,161.50,161.50,159.00,159.20,200253
26-Oct-15,162.00,162.32,160.40,160.50,175034
23-Oct-15,161.40,163.18,160.00,161.50,286985
22-Oct-15,159.30,161.40,159.30,161.40,271269
21-Oct-15,159.10,160.49,156.32,160.00,302201
20-Oct-15,159.90,160.30,157.56,157.70,256352
19-Oct-15,156.40,159.50,156.20,158.80,384661
16-Oct-15,157.00,158.20,154.55,156.70,469044
15-Oct-15,154.00,156.10,152.40,155.30,593673
14-Oct-15,152.00,154.80,151.10,152.80,449364
13-Oct-15,155.00,155.00,152.90,153.40,270761
12-Oct-15,155.90,155.90,153.43,154.20,344172
9-Oct-15,154.90,156.50,153.50,156.30,625573
8-Oct-15,151.50,154.30,150.70,154.30,511753
7-Oct-15,152.90,153.47,150.50,151.70,488424
6-Oct-15,155.00,155.00,151.00,151.90,699620
5-Oct-15,152.00,154.60,151.48,154.40,329663
2-Oct-15,151.70,154.00,151.62,153.00,270821
1-Oct-15,151.00,153.30,150.40,152.40,356750
30-Sep-15,148.00,149.90,147.10,149.46,371990
29-Sep-15,148.00,148.20,145.50,147.00,449523
28-Sep-15,149.60,150.76,148.37,148.37,359089
25-Sep-15,147.10,149.70,147.10,148.00,625711
24-Sep-15,146.70,147.90,145.50,146.10,504168
23-Sep-15,147.00,147.84,145.20,147.50,621183
22-Sep-15,150.10,150.10,145.60,146.10,639303
21-Sep-15,151.50,152.43,149.30,150.00,370537
18-Sep-15,153.70,153.70,151.20,152.00,636686
17-Sep-15,153.90,154.30,152.10,153.70,516266
16-Sep-15,152.20,154.60,152.20,154.40,424246
15-Sep-15,151.80,152.40,150.50,152.10,371440
14-Sep-15,151.10,153.00,149.50,151.10,393935
11-Sep-15,152.20,152.74,150.99,151.40,387026
10-Sep-15,152.30,153.00,151.00,151.70,274188
9-Sep-15,153.50,153.60,152.00,152.40,356192
8-Sep-15,150.80,152.93,150.80,152.20,355463
7-Sep-15,153.10,153.59,150.50,151.10,368963
4-Sep-15,153.50,153.50,151.50,152.00,414901
3-Sep-15,153.30,154.44,152.53,153.40,471460
2-Sep-15,151.60,153.20,149.70,152.60,711558
1-Sep-15,150.60,152.40,149.80,151.18,644306
28-Aug-15,152.50,152.96,150.00,151.80,807382
27-Aug-15,152.00,153.36,152.00,153.20,464297
26-Aug-15,150.10,153.50,149.90,151.20,828464
25-Aug-15,148.50,153.39,148.20,152.80,995380
24-Aug-15,150.40,150.88,144.50,148.50,1438286
21-Aug-15,153.80,154.60,150.10,150.40,645501
20-Aug-15,157.30,158.89,153.70,153.80,457830
19-Aug-15,157.20,158.60,156.60,157.10,452675
18-Aug-15,157.80,158.70,156.30,158.20,632229
17-Aug-15,159.80,159.93,156.70,157.10,390127
14-Aug-15,158.90,160.30,158.30,158.50,464021
13-Aug-15,157.60,159.30,156.40,159.00,642833
12-Aug-15,156.20,156.60,155.50,156.30,513423
11-Aug-15,156.70,156.70,155.40,156.20,314235
10-Aug-15,157.50,157.50,154.80,155.90,422311
7-Aug-15,156.20,157.50,155.50,156.50,353918
6-Aug-15,155.80,156.38,153.90,155.90,370565
5-Aug-15,155.50,157.00,155.50,156.20,402729
4-Aug-15,156.40,156.90,155.20,156.10,691317
3-Aug-15,155.60,156.30,155.10,156.00,889794
31-Jul-15,154.00,156.40,153.90,156.10,784047
30-Jul-15,155.70,156.62,153.40,155.00,1127756
29-Jul-15,152.80,154.80,151.30,154.60,996409
28-Jul-15,153.00,154.10,152.50,152.80,765990
27-Jul-15,154.00,155.76,152.10,152.10,1254741
24-Jul-15,154.70,156.00,153.50,154.10,935294
23-Jul-15,158.10,158.79,154.20,154.20,742228
22-Jul-15,157.50,161.10,155.60,159.72,1224217
21-Jul-15,157.00,157.55,154.70,155.07,1458734
20-Jul-15,157.40,158.80,156.34,157.50,559970
17-Jul-15,158.20,159.00,157.10,158.00,595912
16-Jul-15,158.20,158.60,156.80,157.30,1243719
15-Jul-15,161.20,161.84,157.90,158.48,918254
14-Jul-15,160.50,162.00,160.50,160.85,387782
13-Jul-15,160.50,161.95,160.00,161.08,695466
10-Jul-15,158.10,160.50,157.00,160.50,1211444
9-Jul-15,160.00,160.10,156.80,156.90,1055714
8-Jul-15,160.00,161.86,159.30,160.00,641277
7-Jul-15,161.60,162.60,160.20,160.40,558110
6-Jul-15,160.80,162.90,160.65,162.30,481616
3-Jul-15,163.30,164.10,162.40,162.60,366214
2-Jul-15,163.10,166.00,163.10,164.90,542656
1-Jul-15,161.80,164.64,161.80,164.20,860168
30-Jun-15,162.00,162.50,160.20,160.80,1213551
29-Jun-15,162.60,166.05,162.00,163.60,831541
26-Jun-15,166.90,166.90,164.60,165.00,722451
25-Jun-15,165.70,168.50,165.50,166.50,904809
24-Jun-15,166.60,167.28,164.90,166.80,533742
23-Jun-15,167.00,167.00,165.33,166.00,550307
22-Jun-15,162.30,166.60,162.30,166.10,541919
19-Jun-15,162.90,163.60,162.10,163.60,1497380
18-Jun-15,161.40,163.70,161.40,163.70,503071
17-Jun-15,164.70,164.80,161.60,162.20,514595
16-Jun-15,163.10,164.50,162.50,163.80,535625
15-Jun-15,163.90,165.50,162.58,164.30,605206
12-Jun-15,164.80,166.15,163.20,164.50,690701
11-Jun-15,165.30,166.80,163.60,166.20,608110
10-Jun-15,162.30,165.40,162.30,164.50,742034
9-Jun-15,162.90,164.87,162.50,162.90,632628
8-Jun-15,164.80,165.10,163.10,163.70,431310
5-Jun-15,164.80,165.90,163.00,164.20,721263
4-Jun-15,166.30,167.31,165.60,166.25,626424
3-Jun-15,168.40,170.30,167.40,169.04,1237845
2-Jun-15,169.60,169.60,166.10,168.16,763799
1-Jun-15,166.30,168.45,166.20,167.20,560020
29-May-15,169.00,171.00,166.90,166.90,744047
28-May-15,170.00,171.76,168.70,170.00,754185
27-May-15,170.30,173.35,170.30,172.30,794360
26-May-15,171.50,174.04,170.50,171.20,713319
22-May-15,170.10,174.40,170.10,173.50,1224523
21-May-15,170.00,171.80,169.20,171.30,835708
20-May-15,170.00,170.40,168.45,169.50,690629
19-May-15,169.90,169.90,167.40,169.90,690020
18-May-15,167.80,169.50,166.00,167.64,642669
15-May-15,164.50,167.80,163.30,167.32,890426
14-May-15,165.50,165.50,161.10,164.00,816818
13-May-15,163.40,164.90,162.70,163.00,874404
12-May-15,167.30,167.84,162.50,163.00,1334284
11-May-15,169.60,169.73,167.61,168.90,812018
8-May-15,168.00,174.30,167.42,168.90,1506048
7-May-15,169.00,169.10,164.90,166.10,1095959
6-May-15,165.40,171.00,163.12,169.20,1267844
5-May-15,160.00,165.30,158.80,163.40,1027343
1-May-15,157.50,160.10,157.35,159.20,226510
30-Apr-15,160.80,160.80,157.30,158.30,632824
29-Apr-15,161.00,161.10,159.10,159.90,565464
28-Apr-15,161.20,161.40,158.69,160.80,488061
27-Apr-15,160.50,161.60,158.90,161.00,622647
24-Apr-15,160.50,161.41,160.11,161.20,385533
23-Apr-15,160.60,160.60,158.40,159.80,292325
22-Apr-15,160.60,161.33,158.40,159.40,428312
21-Apr-15,159.80,161.40,158.20,160.70,380913
20-Apr-15,159.00,160.87,158.58,158.90,402124
17-Apr-15,161.70,161.70,158.52,158.60,498986
16-Apr-15,162.70,162.80,160.80,161.00,852476
15-Apr-15,161.30,161.80,159.66,160.10,419504
14-Apr-15,162.70,162.70,160.00,160.00,645975
13-Apr-15,162.00,162.30,160.80,161.80,457952
10-Apr-15,160.60,163.12,160.60,162.00,713296
9-Apr-15,157.50,162.80,157.50,161.80,992612
8-Apr-15,161.00,161.00,159.05,159.20,700771
7-Apr-15,157.00,160.90,156.40,160.60,1006832
2-Apr-15,158.90,159.30,155.50,156.00,1051558
1-Apr-15,153.00,159.80,152.60,158.30,1325551
31-Mar-15,150.00,153.10,150.00,152.30,990104
30-Mar-15,150.90,152.90,150.00,151.40,562835
27-Mar-15,152.80,153.40,150.80,150.90,597854
26-Mar-15,152.00,154.09,151.70,153.20,750132
25-Mar-15,152.50,154.40,152.39,153.50,1062328
24-Mar-15,150.70,153.70,149.55,151.40,661743
23-Mar-15,151.40,151.80,149.40,150.40,331159
20-Mar-15,151.80,152.80,149.93,150.70,780084
19-Mar-15,153.00,153.00,150.65,151.80,452788
18-Mar-15,150.40,153.00,150.40,152.99,657836
17-Mar-15,153.10,154.00,150.30,150.60,412160
16-Mar-15,150.10,153.30,150.10,152.00,886026
13-Mar-15,149.50,152.20,148.00,151.20,848952
12-Mar-15,148.10,149.17,147.30,148.90,261387
11-Mar-15,149.40,152.05,146.50,148.00,937557
10-Mar-15,150.80,151.24,147.96,149.10,573269
9-Mar-15,151.70,153.00,150.60,151.00,350917
6-Mar-15,153.40,154.80,152.40,153.00,427956
5-Mar-15,151.10,153.00,149.80,152.90,535015
4-Mar-15,150.00,150.40,148.50,150.40,949076
3-Mar-15,152.70,152.70,149.50,150.00,1243635
2-Mar-15,153.30,153.70,150.00,151.00,580738
27-Feb-15,154.30,154.62,151.86,152.80,512456
26-Feb-15,151.60,153.90,151.60,153.90,723450
25-Feb-15,153.00,153.54,151.43,153.50,1048984
24-Feb-15,154.00,154.96,152.19,153.80,716356
23-Feb-15,150.00,153.40,149.39,150.31,1374954
20-Feb-15,148.60,149.30,147.00,149.30,346384
19-Feb-15,147.40,148.90,147.30,147.80,377030
18-Feb-15,149.00,149.90,147.60,148.30,402363
17-Feb-15,147.50,149.00,145.90,148.80,516284
16-Feb-15,146.80,147.80,146.20,147.10,245302
13-Feb-15,148.40,149.70,146.20,146.60,541803
12-Feb-15,148.20,149.84,146.00,149.40,393867
11-Feb-15,145.00,148.20,145.00,147.60,551625
10-Feb-15,146.30,147.86,146.00,147.50,457647
9-Feb-15,146.20,147.80,145.20,146.30,490510
6-Feb-15,148.50,149.25,147.00,147.60,503975
5-Feb-15,147.40,148.50,146.40,147.70,413357
4-Feb-15,148.40,148.44,146.77,147.20,417962
3-Feb-15,146.40,148.65,145.70,146.70,659765
2-Feb-15,147.30,147.30,144.10,145.50,518875
30-Jan-15,147.00,148.00,146.00,146.50,484977
29-Jan-15,145.20,146.50,143.23,145.16,505010
28-Jan-15,146.30,146.30,144.10,145.20,425606
27-Jan-15,147.40,150.22,144.40,145.20,949583
26-Jan-15,148.00,148.90,145.90,146.70,490564
23-Jan-15,148.00,148.53,145.73,148.10,693445
22-Jan-15,145.10,147.60,143.90,147.30,590587
21-Jan-15,143.40,145.10,142.90,144.70,456473
20-Jan-15,145.20,145.20,143.34,143.90,779511
19-Jan-15,141.00,146.00,140.39,145.40,888760
16-Jan-15,140.00,141.50,139.00,140.90,650471
15-Jan-15,140.60,141.90,137.60,141.10,1842019
14-Jan-15,145.20,145.81,141.20,142.40,568185
13-Jan-15,142.90,147.30,142.90,145.10,729186
12-Jan-15,141.80,142.72,141.10,142.50,532532
9-Jan-15,141.70,141.70,140.10,141.40,654776
8-Jan-15,140.00,141.80,139.30,141.80,545013
7-Jan-15,138.50,141.20,138.50,139.20,619108
6-Jan-15,140.10,140.74,138.71,139.50,948977
5-Jan-15,142.30,142.70,139.70,140.30,708399
31-Dec-14,141.50,144.00,141.50,143.60,102740
30-Dec-14,143.30,143.30,141.20,142.20,467397
29-Dec-14,141.80,144.43,141.80,142.70,705920
24-Dec-14,143.00,143.65,140.78,143.50,95235
23-Dec-14,142.30,142.70,141.00,142.70,388288
22-Dec-14,139.30,141.30,138.39,141.00,832464
19-Dec-14,140.80,141.50,136.70,139.20,1649213
18-Dec-14,136.50,144.88,135.80,144.88,952583
17-Dec-14,140.90,143.00,137.10,139.40,1235659
16-Dec-14,140.80,143.11,139.44,142.10,1342873
15-Dec-14,142.20,144.20,140.90,140.90,999325
12-Dec-14,145.00,145.50,141.80,143.00,970306
11-Dec-14,145.30,146.30,144.20,145.00,1337845
10-Dec-14,145.30,147.20,144.80,145.50,460458
9-Dec-14,148.10,148.24,145.70,145.70,634857
8-Dec-14,147.70,149.00,147.30,148.50,652843
5-Dec-14,150.00,151.70,147.90,150.10,776555
4-Dec-14,147.30,150.20,147.30,149.80,967227
3-Dec-14,146.80,149.30,146.80,148.50,974642
2-Dec-14,144.00,147.30,143.49,146.80,971333
1-Dec-14,145.00,145.00,143.20,143.30,710775
28-Nov-14,146.20,146.41,144.70,144.70,994820
27-Nov-14,145.00,146.80,143.00,146.20,999734
26-Nov-14,143.00,144.90,142.30,144.40,1153848
25-Nov-14,142.60,143.70,141.35,142.80,1224131
24-Nov-14,142.00,143.60,141.70,142.00,599393
21-Nov-14,140.40,142.70,140.40,141.70,823580
20-Nov-14,142.30,142.60,140.20,141.80,1041052
19-Nov-14,144.10,145.27,140.00,142.00,3222879
18-Nov-14,146.60,147.90,145.40,146.70,526694
17-Nov-14,144.00,146.50,144.00,146.00,553888
14-Nov-14,146.50,146.50,145.00,145.40,686782
13-Nov-14,147.50,148.00,145.10,146.20,590141
12-Nov-14,148.00,148.00,145.30,146.40,665950
11-Nov-14,148.40,148.70,147.00,147.50,360894
10-Nov-14,147.00,147.30,145.50,146.90,543513
7-Nov-14,148.60,148.75,146.10,146.80,503972
6-Nov-14,149.80,149.80,147.20,147.80,703632
5-Nov-14,149.00,149.80,147.40,148.70,358866
4-Nov-14,149.00,149.50,147.40,147.90,399552
3-Nov-14,150.20,150.67,148.00,148.00,347101
31-Oct-14,151.90,152.00,149.50,150.80,753489
30-Oct-14,148.00,150.00,146.90,150.00,1079582
29-Oct-14,147.20,149.00,145.30,147.80,1812591
28-Oct-14,147.30,148.10,145.30,145.70,571412
27-Oct-14,146.40,147.60,144.00,146.20,572492
24-Oct-14,145.50,146.60,144.50,144.80,231940
23-Oct-14,144.70,145.90,142.60,145.20,365851
22-Oct-14,144.50,145.59,143.10,144.30,354947
21-Oct-14,139.30,144.08,139.00,143.60,889627
20-Oct-14,140.20,142.30,138.67,140.10,515202
17-Oct-14,139.60,141.20,138.70,140.50,597125
16-Oct-14,137.90,139.10,135.30,138.90,1133062
15-Oct-14,139.40,140.10,136.70,136.70,1109896
14-Oct-14,136.90,139.10,135.28,138.50,480474
13-Oct-14,137.60,138.32,134.56,136.60,690550
10-Oct-14,137.80,138.80,134.50,137.50,732749
9-Oct-14,140.00,140.15,137.90,138.30,833073
8-Oct-14,143.60,143.60,139.60,139.60,838455
7-Oct-14,141.90,141.90,140.00,140.80,624504
6-Oct-14,142.50,142.70,140.48,142.10,526929
3-Oct-14,142.70,143.50,140.80,142.80,654043
2-Oct-14,147.90,147.90,140.50,140.70,873856
1-Oct-14,148.00,148.00,144.70,145.30,506242
30-Sep-14,147.80,148.15,146.20,147.30,447093
29-Sep-14,147.60,149.47,144.86,147.80,351522
26-Sep-14,147.10,148.10,146.16,147.00,199620
25-Sep-14,148.10,148.74,147.00,147.50,655995
24-Sep-14,150.00,150.00,148.00,148.50,381189
23-Sep-14,150.00,151.09,148.10,150.40,743627
22-Sep-14,151.70,151.70,149.40,150.10,625978
19-Sep-14,149.90,152.90,149.30,152.50,1593172
18-Sep-14,148.60,149.52,147.30,148.60,583745
17-Sep-14,150.90,153.07,150.20,150.30,845679
16-Sep-14,149.80,150.40,146.00,149.50,652280
15-Sep-14,146.00,148.65,146.00,146.80,512220
12-Sep-14,147.60,148.10,146.30,146.30,535926
11-Sep-14,147.60,148.91,146.70,147.00,982360
10-Sep-14,149.10,149.10,146.00,146.50,852347
9-Sep-14,149.00,149.32,146.50,148.30,387960
8-Sep-14,150.90,150.91,147.32,148.60,600585
5-Sep-14,150.90,152.00,149.30,151.00,619563
4-Sep-14,149.00,150.51,148.00,149.00,562453
3-Sep-14,149.00,149.70,148.10,149.00,278735
2-Sep-14,149.60,149.60,147.60,148.00,362287
1-Sep-14,148.00,149.01,148.00,148.60,383175
29-Aug-14,149.00,149.94,146.20,148.20,881360
28-Aug-14,149.40,149.80,147.84,148.50,353541
27-Aug-14,149.40,150.00,148.40,149.00,315081
26-Aug-14,149.70,150.00,148.17,149.00,372368
22-Aug-14,149.10,149.51,147.01,148.70,278713
21-Aug-14,147.80,149.60,146.60,148.80,295275
20-Aug-14,149.00,149.00,146.10,147.30,274291
19-Aug-14,148.00,150.30,148.00,148.40,148780
18-Aug-14,146.60,147.60,144.88,147.50,175760
15-Aug-14,147.30,147.80,145.20,145.30,257623
14-Aug-14,142.60,147.00,142.42,146.50,464813
13-Aug-14,141.50,142.50,140.10,142.50,297916
12-Aug-14,141.00,143.00,139.00,142.50,332020
11-Aug-14,139.00,141.00,137.10,140.10,393297
8-Aug-14,139.00,140.60,136.98,138.50,438642
7-Aug-14,141.70,141.70,138.20,138.20,367290
6-Aug-14,139.10,141.10,139.10,141.10,368834
5-Aug-14,140.50,141.84,139.65,140.40,207698
4-Aug-14,142.60,143.39,140.50,140.50,467005
1-Aug-14,142.70,144.50,141.10,142.70,321328
31-Jul-14,143.90,144.00,141.35,143.60,314241
30-Jul-14,144.00,144.10,141.80,143.00,314370
29-Jul-14,141.10,145.56,141.10,143.90,308334
28-Jul-14,143.40,145.04,141.95,143.30,262109
25-Jul-14,144.20,146.00,143.20,143.20,427888
24-Jul-14,142.10,146.20,142.10,144.90,634561
23-Jul-14,141.80,144.50,140.90,144.20,437442
22-Jul-14,141.90,142.37,140.00,141.60,627181
21-Jul-14,141.90,142.30,140.00,142.30,418518
18-Jul-14,140.50,141.80,139.63,140.00,748369
17-Jul-14,140.00,142.60,139.60,141.00,794518
16-Jul-14,140.00,143.30,139.46,140.00,568308
15-Jul-14,140.50,142.25,139.40,140.10,580152
14-Jul-14,140.60,142.80,139.37,140.90,617677
11-Jul-14,141.10,142.80,140.30,141.00,361014
10-Jul-14,142.90,144.71,139.60,141.20,555543
9-Jul-14,144.50,145.70,141.89,142.00,960831
8-Jul-14,144.10,146.87,142.40,144.00,722777
7-Jul-14,146.50,146.50,144.16,144.50,341666
4-Jul-14,144.60,146.60,144.30,146.00,329785
3-Jul-14,147.00,147.95,144.60,144.60,728998
2-Jul-14,146.10,148.00,146.10,147.00,421056
1-Jul-14,144.10,147.10,144.10,146.70,463989
30-Jun-14,144.60,145.62,143.60,144.90,585671
27-Jun-14,143.10,144.60,142.00,144.00,661203
26-Jun-14,140.90,143.90,140.90,143.40,678639
25-Jun-14,143.70,144.22,139.50,141.00,901028
24-Jun-14,145.70,145.90,141.67,143.70,1050321
23-Jun-14,146.10,147.60,143.70,144.30,437168
20-Jun-14,144.20,148.40,143.00,146.90,2047706
19-Jun-14,144.50,147.40,143.50,143.50,795729
18-Jun-14,144.10,146.10,143.10,145.10,1132381
17-Jun-14,144.40,146.00,142.70,142.80,1220858
16-Jun-14,146.90,147.60,143.83,144.60,630747
13-Jun-14,150.20,150.20,146.00,146.60,717694
12-Jun-14,148.90,150.87,148.00,149.60,524140
11-Jun-14,149.70,150.30,147.58,148.40,395693
10-Jun-14,151.00,151.28,148.90,149.40,1222790
9-Jun-14,150.60,152.40,150.50,150.60,357552
6-Jun-14,149.50,151.60,149.38,151.00,662821
5-Jun-14,151.10,151.80,149.50,149.50,610533
4-Jun-14,151.80,153.28,149.20,151.40,918547
3-Jun-14,151.30,152.40,149.78,150.80,416280
2-Jun-14,152.50,152.50,150.30,150.80,383217
30-May-14,151.60,152.58,150.20,151.00,515668
29-May-14,148.20,151.95,148.20,150.50,332706
28-May-14,153.40,155.00,150.00,151.10,854450
27-May-14,154.10,157.34,152.20,154.40,732814
23-May-14,152.50,155.00,152.50,154.80,611863
22-May-14,151.90,153.80,151.59,152.40,646172
21-May-14,146.50,152.80,145.90,152.20,882397
20-May-14,148.20,150.80,146.20,146.20,725623
19-May-14,145.60,148.85,145.30,147.00,465403
16-May-14,149.00,152.23,145.10,146.80,619869
15-May-14,153.00,153.70,147.00,148.50,905821
14-May-14,151.50,151.50,149.50,150.00,375731
13-May-14,151.70,152.10,149.97,150.70,295890
12-May-14,151.90,151.90,149.90,149.90,409980
9-May-14,150.60,151.31,150.20,151.30,591395
8-May-14,150.60,151.90,150.10,150.73,361148
7-May-14,148.90,151.20,146.90,150.20,717193
6-May-14,147.70,148.78,146.30,147.50,243967
2-May-14,149.60,149.60,146.86,147.00,269756
1-May-14,149.00,149.40,146.80,148.00,132145
30-Apr-14,147.40,148.60,145.50,146.96,754671
29-Apr-14,147.60,148.70,146.08,148.10,209658
28-Apr-14,149.20,150.00,145.66,147.00,393845
25-Apr-14,148.80,149.50,147.50,147.80,460222
24-Apr-14,149.40,150.80,148.10,148.70,846817
23-Apr-14,150.20,151.10,148.90,149.40,203499
22-Apr-14,150.40,151.90,147.92,151.10,161024
17-Apr-14,149.30,150.80,148.70,149.40,217434
16-Apr-14,145.30,150.30,142.90,149.00,527388
15-Apr-14,145.10,146.50,143.50,143.80,307900
14-Apr-14,149.20,149.20,143.90,145.80,464827
11-Apr-14,149.00,149.41,145.97,147.69,428363
10-Apr-14,151.80,153.62,150.30,151.20,252009
9-Apr-14,154.40,154.47,151.90,152.00,340489
8-Apr-14,151.40,152.90,148.60,152.40,634317
7-Apr-14,151.00,153.68,149.45,152.00,424331
4-Apr-14,149.30,152.40,149.30,152.20,612227
3-Apr-14,146.20,150.40,146.20,149.80,449690
2-Apr-14,148.50,149.90,148.30,148.70,412614
1-Apr-14,145.50,149.70,143.59,148.40,832436
31-Mar-14,144.00,145.20,143.20,144.00,348966
28-Mar-14,144.10,148.00,142.60,143.20,312439
27-Mar-14,143.00,144.20,142.50,143.60,187581
26-Mar-14,143.00,144.16,141.11,143.00,458744
25-Mar-14,142.80,143.76,141.90,142.40,349307
24-Mar-14,143.90,145.60,142.20,142.30,443597
21-Mar-14,144.90,145.68,143.00,143.20,1158414
20-Mar-14,146.90,147.80,144.88,145.00,533395
19-Mar-14,147.60,149.58,146.70,146.70,425837
18-Mar-14,144.20,147.34,144.20,147.00,388786
17-Mar-14,146.80,148.44,144.80,146.50,254940
14-Mar-14,144.20,147.40,144.20,146.40,389181
13-Mar-14,147.90,149.20,146.20,146.20,571563
12-Mar-14,149.10,150.00,147.10,147.10,487882
11-Mar-14,149.90,149.90,147.30,149.10,339973
10-Mar-14,148.10,149.10,147.30,148.00,385746
7-Mar-14,149.50,150.00,147.40,147.40,450041
6-Mar-14,148.00,150.00,148.00,149.00,300581
5-Mar-14,145.90,149.60,145.90,148.25,488303
4-Mar-14,145.10,147.70,145.10,147.30,612589
3-Mar-14,147.60,147.70,144.50,144.80,660332
28-Feb-14,148.80,149.70,148.60,149.50,447269
27-Feb-14,148.70,149.70,147.90,148.50,651934
26-Feb-14,150.60,150.60,148.90,149.60,312892
25-Feb-14,150.00,150.80,149.20,150.00,1071828
24-Feb-14,149.50,150.70,149.30,150.00,821076
21-Feb-14,147.70,150.40,147.70,150.30,614452
20-Feb-14,148.60,149.50,147.60,149.30,616814
19-Feb-14,149.10,150.70,149.00,149.60,657057
18-Feb-14,149.60,151.00,149.50,150.00,783948
17-Feb-14,149.30,151.00,148.80,150.40,575364
14-Feb-14,149.30,150.70,149.00,149.80,238242
13-Feb-14,150.00,150.00,148.90,149.70,245821
12-Feb-14,149.50,151.10,149.20,150.10,528360
11-Feb-14,148.40,151.50,148.40,150.00,1276526
10-Feb-14,146.10,149.60,146.10,149.60,688508
7-Feb-14,146.10,147.50,144.40,146.50,624375
6-Feb-14,146.50,146.80,144.80,146.80,712827
5-Feb-14,145.10,146.90,145.10,145.60,421606
4-Feb-14,147.70,148.20,145.50,145.50,551486
3-Feb-14,148.80,151.00,148.50,148.60,590020
31-Jan-14,150.50,151.00,148.50,150.00,1031011
30-Jan-14,149.80,150.90,149.80,149.90,718914
29-Jan-14,151.60,152.50,150.00,150.30,1056652
28-Jan-14,148.10,150.30,148.00,150.10,552107
27-Jan-14,148.50,149.00,145.80,147.30,627495
24-Jan-14,149.70,149.70,147.60,147.90,725938
23-Jan-14,150.30,152.50,149.00,149.70,367764
22-Jan-14,149.00,151.90,149.00,150.00,883804
21-Jan-14,153.50,155.00,150.10,150.50,1166798
20-Jan-14,153.00,153.70,152.70,153.20,891175
17-Jan-14,154.10,154.10,152.30,152.40,307415
16-Jan-14,156.00,157.20,153.60,154.00,693245
15-Jan-14,153.50,156.20,153.20,155.50,715587
14-Jan-14,153.50,154.50,151.60,153.50,796152
13-Jan-14,154.30,155.50,152.60,154.00,634945
10-Jan-14,149.00,154.00,149.00,153.50,722180
9-Jan-14,149.00,150.80,148.90,149.20,871256
8-Jan-14,147.90,149.30,147.00,148.50,554304
7-Jan-14,144.20,146.80,143.50,145.20,438853
6-Jan-14,143.00,144.80,143.00,143.80,253060
3-Jan-14,141.90,145.20,141.90,144.30,379340
2-Jan-14,144.40,144.40,141.80,142.20,1061702
31-Dec-13,143.90,144.40,143.60,143.60,88572
30-Dec-13,144.90,145.00,143.00,144.20,275065
27-Dec-13,145.00,145.00,142.70,144.00,254420
24-Dec-13,141.50,144.10,140.40,144.10,81122
23-Dec-13,141.90,143.00,141.00,142.20,487733
20-Dec-13,145.10,145.40,142.20,141.41,2088474
19-Dec-13,143.30,145.40,143.30,145.40,503556
18-Dec-13,144.10,146.10,142.00,143.70,437093
17-Dec-13,145.40,149.40,145.40,147.00,783133
16-Dec-13,144.80,147.80,143.60,146.20,588066
13-Dec-13,143.30,145.80,141.90,144.40,610883
12-Dec-13,142.40,143.70,141.90,143.50,545424
11-Dec-13,144.30,146.30,142.80,143.00,646135
10-Dec-13,144.80,146.00,143.80,144.50,482103
9-Dec-13,146.00,147.50,144.40,145.10,889856
6-Dec-13,149.60,149.70,146.80,148.10,484796
5-Dec-13,147.90,149.00,146.10,149.00,407212
4-Dec-13,149.90,150.50,147.30,148.40,635514
3-Dec-13,149.80,150.20,148.00,150.10,1188562
2-Dec-13,149.90,151.00,148.50,150.30,678668
29-Nov-13,146.10,150.10,144.10,146.76,1555654
28-Nov-13,153.00,159.60,141.50,142.20,2669151
27-Nov-13,151.80,155.30,151.70,155.10,727432
26-Nov-13,152.20,153.10,150.00,151.90,496154
25-Nov-13,151.50,152.80,150.20,151.90,328159
22-Nov-13,149.80,151.10,148.60,148.60,207843
21-Nov-13,149.50,150.90,149.40,149.90,273205
20-Nov-13,149.90,150.50,149.10,150.10,247584
19-Nov-13,148.80,150.00,148.20,150.00,307398
18-Nov-13,148.80,149.20,147.10,149.00,324675
15-Nov-13,150.20,150.20,148.30,148.50,371646
14-Nov-13,148.00,151.30,147.60,148.90,408364
13-Nov-13,152.30,153.00,148.70,149.40,538670
12-Nov-13,153.00,153.50,151.50,152.20,425299
11-Nov-13,153.10,155.00,151.00,152.80,386712
8-Nov-13,151.50,152.90,151.10,152.50,364043
7-Nov-13,152.20,153.60,151.00,152.10,350093
6-Nov-13,152.70,153.20,151.50,151.80,538928
5-Nov-13,151.70,151.90,150.10,151.90,278732
4-Nov-13,151.00,153.00,150.50,152.00,469898
1-Nov-13,152.50,152.50,151.40,151.50,196876
31-Oct-13,152.80,153.80,151.70,152.00,567409
30-Oct-13,152.90,154.10,152.90,153.40,454862
29-Oct-13,151.20,154.00,151.20,153.10,392575
28-Oct-13,155.20,155.90,151.30,151.80,418477
25-Oct-13,153.50,155.50,152.50,155.00,715859
24-Oct-13,155.30,155.40,153.00,153.80,620475
23-Oct-13,155.40,155.60,151.30,154.80,1053120
22-Oct-13,153.30,154.50,152.10,154.10,438247
21-Oct-13,151.60,154.10,151.30,153.20,513998
18-Oct-13,148.80,151.20,148.80,151.20,279617
17-Oct-13,148.20,150.10,147.30,148.30,627955
16-Oct-13,148.00,149.40,146.30,148.50,943494
15-Oct-13,149.10,149.60,147.70,148.00,440528
14-Oct-13,146.80,150.00,146.60,148.30,715906
11-Oct-13,143.20,147.20,142.80,146.70,732111
10-Oct-13,144.80,145.60,142.80,143.00,766923
9-Oct-13,144.30,146.70,141.70,144.50,1244717
8-Oct-13,142.80,143.60,140.10,141.00,600497
7-Oct-13,144.60,145.50,141.70,141.70,392377
4-Oct-13,145.00,146.00,144.80,145.40,371434
3-Oct-13,145.50,146.60,144.60,144.60,602448
2-Oct-13,148.40,148.40,145.10,145.60,769674
1-Oct-13,150.70,151.00,147.10,148.10,627167
30-Sep-13,147.40,151.00,147.20,151.00,1647954
27-Sep-13,151.80,151.80,147.00,148.20,1092458
26-Sep-13,152.30,152.50,150.40,150.50,901731
25-Sep-13,152.80,152.80,150.20,151.60,728243
24-Sep-13,150.00,152.60,150.00,152.40,663607
20-Sep-13,152.80,154.90,152.40,152.40,886161
19-Sep-13,157.70,157.80,153.30,153.30,564854
18-Sep-13,159.20,159.60,155.00,155.90,404237
17-Sep-13,162.00,163.20,159.30,159.30,616738
16-Sep-13,164.50,165.10,162.00,162.60,487659
13-Sep-13,163.50,163.50,162.40,163.00,217280
12-Sep-13,162.00,165.00,162.00,163.50,633439
11-Sep-13,165.40,166.00,164.40,165.50,317187
10-Sep-13,162.80,165.10,161.80,164.50,739308
9-Sep-13,161.50,161.60,160.50,161.60,201038
6-Sep-13,159.90,161.40,158.70,161.10,286399
5-Sep-13,160.10,160.70,159.50,160.60,278997
4-Sep-13,158.90,159.90,157.60,159.90,404948
3-Sep-13,159.30,159.30,157.80,159.00,629104
2-Sep-13,155.80,159.00,155.00,157.80,877338
30-Aug-13,159.10,159.10,155.90,156.10,645724
29-Aug-13,154.30,159.10,154.30,159.10,441963
28-Aug-13,155.00,155.40,153.40,154.20,452019
27-Aug-13,157.50,158.30,156.50,157.20,580299
23-Aug-13,157.10,158.50,156.60,158.30,386250
22-Aug-13,154.00,157.20,154.00,156.50,596825
21-Aug-13,155.70,156.10,154.70,155.20,445096
20-Aug-13,153.00,155.30,152.90,155.00,580211
19-Aug-13,154.30,154.30,152.10,154.20,542092
16-Aug-13,153.10,154.10,151.70,152.20,576225
15-Aug-13,158.00,158.30,152.80,152.80,992304
14-Aug-13,157.00,157.80,156.60,156.60,680767
13-Aug-13,156.20,157.90,155.70,157.20,430862
12-Aug-13,156.00,157.20,155.20,155.50,503654
9-Aug-13,156.50,156.90,155.50,155.50,312014
8-Aug-13,156.70,157.30,155.30,156.54,473929
7-Aug-13,156.00,157.70,155.10,156.70,1809508
6-Aug-13,155.00,156.90,154.50,155.60,744654
5-Aug-13,156.70,157.50,154.60,155.40,570334
2-Aug-13,156.40,156.40,154.40,155.70,508476
1-Aug-13,155.60,156.90,155.00,155.80,640611
31-Jul-13,155.30,156.40,154.90,155.40,667724
30-Jul-13,155.30,156.80,154.70,156.14,912920
29-Jul-13,156.00,158.70,154.30,154.50,922693
26-Jul-13,160.50,161.80,157.40,157.50,799626
25-Jul-13,162.50,162.50,156.60,161.00,1552237
24-Jul-13,159.50,164.90,159.10,164.50,1053549
23-Jul-13,158.70,159.40,157.80,159.00,638387
22-Jul-13,154.00,158.30,154.00,157.31,958110
19-Jul-13,151.60,153.80,150.18,153.12,655868
18-Jul-13,150.50,152.00,150.10,151.30,309424
17-Jul-13,151.50,152.00,150.00,150.80,426861
16-Jul-13,154.00,154.00,150.60,150.60,541625
15-Jul-13,152.50,154.90,151.80,152.94,406865
12-Jul-13,152.30,153.30,150.60,152.10,329378
11-Jul-13,153.00,154.30,151.70,152.20,597130
10-Jul-13,151.60,152.40,151.08,152.30,434100
9-Jul-13,149.10,151.80,148.83,151.50,693543
8-Jul-13,145.30,149.90,145.30,149.10,712994
5-Jul-13,147.30,148.90,145.50,146.20,470208
4-Jul-13,143.50,147.30,143.30,146.80,624477
3-Jul-13,141.00,143.00,140.60,142.80,347680
2-Jul-13,142.20,143.60,140.10,142.50,625990
1-Jul-13,140.50,142.20,139.70,142.00,784232
28-Jun-13,140.30,141.00,139.00,140.50,735764
27-Jun-13,139.40,140.84,139.31,140.50,895315
26-Jun-13,138.50,141.13,138.00,139.20,457169
25-Jun-13,136.90,138.50,135.60,138.50,613660
24-Jun-13,140.80,142.10,136.40,136.50,488690
21-Jun-13,147.10,147.75,141.00,141.00,1520752
20-Jun-13,144.90,147.36,144.90,146.38,761037
19-Jun-13,146.30,148.00,146.20,146.90,602026
18-Jun-13,145.60,147.60,144.90,146.50,504602
17-Jun-13,145.50,147.80,144.90,146.20,621717
14-Jun-13,142.60,146.40,142.40,145.00,548429
13-Jun-13,142.70,142.70,140.50,141.40,742279
12-Jun-13,140.40,144.00,140.40,143.80,455471
11-Jun-13,142.60,143.60,139.28,141.50,535773
10-Jun-13,143.40,144.60,141.50,142.50,301899
7-Jun-13,138.80,143.40,138.50,142.10,493683
6-Jun-13,140.90,142.90,139.10,139.10,790542
5-Jun-13,141.50,143.70,140.00,140.30,415496
4-Jun-13,142.80,145.00,142.00,143.80,336068
3-Jun-13,143.00,144.40,141.40,142.00,420077
31-May-13,144.76,145.19,141.75,143.00,565305
30-May-13,145.90,146.10,143.46,145.10,360982
29-May-13,150.00,151.24,143.40,143.60,588100
28-May-13,151.10,153.10,150.70,152.60,230761
24-May-13,153.00,153.60,148.30,149.40,542018
23-May-13,152.70,152.80,150.32,152.50,559263
22-May-13,154.30,154.89,152.00,153.20,597529
21-May-13,151.40,155.00,151.40,154.70,644398
20-May-13,154.40,154.50,149.80,153.00,695486
17-May-13,147.20,154.59,146.40,153.80,935186
16-May-13,150.80,152.00,146.60,146.90,762394
15-May-13,149.00,152.40,149.00,152.40,375632
14-May-13,149.30,151.30,148.65,150.80,247402
13-May-13,149.50,150.30,147.10,150.30,370996
10-May-13,149.20,150.00,148.10,149.20,318129
9-May-13,146.60,149.00,145.60,148.80,487517
8-May-13,147.70,149.26,145.50,147.10,334660
7-May-13,148.90,149.06,146.30,147.50,450271
3-May-13,146.00,148.40,144.65,148.20,395428
2-May-13,145.00,146.20,142.80,146.20,419846
1-May-13,143.80,145.60,143.30,145.10,191122
30-Apr-13,144.40,145.10,143.00,144.80,533336
29-Apr-13,144.80,145.30,143.50,144.80,276560
26-Apr-13,144.00,144.40,142.40,143.70,404320
25-Apr-13,141.10,144.90,140.60,144.50,517954
24-Apr-13,139.00,142.40,138.88,140.70,537857
23-Apr-13,137.00,141.50,135.93,140.20,648186
22-Apr-13,135.90,137.00,133.70,136.40,386148
19-Apr-13,134.20,136.20,132.90,136.00,371321
18-Apr-13,134.30,135.36,132.46,133.50,565588
17-Apr-13,133.00,136.72,133.00,134.50,544338
16-Apr-13,133.50,133.70,132.00,132.40,518426
15-Apr-13,134.40,135.50,132.14,134.50,356115
12-Apr-13,134.60,135.50,133.50,134.60,352154
11-Apr-13,135.10,135.40,133.60,134.10,461714
10-Apr-13,130.10,135.30,130.00,135.10,500320
9-Apr-13,130.70,132.74,128.90,130.90,662793
8-Apr-13,133.80,133.80,130.50,131.00,689620
5-Apr-13,134.70,134.70,131.40,131.40,904912
4-Apr-13,140.00,140.20,132.90,134.20,1177877
3-Apr-13,140.10,142.10,140.10,140.30,417461
2-Apr-13,141.50,144.40,140.10,141.50,349511
28-Mar-13,136.00,142.60,133.98,141.50,646450
27-Mar-13,140.50,140.50,136.40,137.10,548005
26-Mar-13,143.10,143.80,139.70,139.80,722740
25-Mar-13,140.00,143.50,140.00,142.60,469936
22-Mar-13,141.70,144.36,140.50,141.40,506657
21-Mar-13,141.50,142.40,139.50,140.90,251958
20-Mar-13,142.00,143.00,141.20,141.80,178641
19-Mar-13,141.80,142.90,140.82,141.80,456923
18-Mar-13,140.20,142.00,139.50,142.00,292723
15-Mar-13,142.40,143.50,141.00,141.00,1117854
14-Mar-13,142.20,142.30,141.00,142.00,413755
13-Mar-13,142.40,142.44,140.86,141.60,498183
12-Mar-13,142.00,143.65,141.32,142.40,318962
11-Mar-13,142.50,143.02,140.80,142.20,294995
8-Mar-13,142.40,143.05,141.06,142.40,288638
7-Mar-13,141.70,142.00,140.20,141.70,331185
6-Mar-13,139.80,141.34,139.08,140.90,262044
5-Mar-13,139.50,140.64,139.30,140.20,126622
4-Mar-13,141.90,142.80,139.30,139.90,357318
1-Mar-13,140.50,142.70,140.00,142.60,288891
28-Feb-13,137.50,141.00,137.40,140.40,485588
27-Feb-13,137.00,138.22,136.57,137.70,260720
26-Feb-13,137.20,138.50,134.30,136.60,534924
25-Feb-13,138.20,138.96,136.50,137.50,335845
22-Feb-13,139.80,140.52,136.30,138.40,390587
21-Feb-13,141.30,141.30,137.39,139.50,334408
20-Feb-13,142.80,143.50,141.10,142.10,375852
19-Feb-13,139.20,143.01,137.80,143.00,538817
18-Feb-13,140.10,140.58,137.82,138.70,202463
15-Feb-13,140.10,140.41,138.32,139.60,485296
14-Feb-13,139.50,140.46,138.10,139.70,346914
13-Feb-13,138.50,140.21,137.80,140.20,313581
12-Feb-13,138.00,139.50,137.19,139.30,221528
11-Feb-13,136.90,138.56,136.58,138.00,390310
8-Feb-13,136.00,137.21,136.00,136.50,459440
7-Feb-13,133.80,137.70,133.70,136.00,1058129
6-Feb-13,133.70,135.00,132.80,133.50,241372
5-Feb-13,132.90,134.50,132.00,133.50,414317
4-Feb-13,133.90,134.30,132.20,133.20,722303
1-Feb-13,131.10,134.00,131.10,134.00,535344
31-Jan-13,132.60,134.10,132.10,133.60,416560
30-Jan-13,134.40,134.40,132.10,133.20,523432
29-Jan-13,133.30,134.20,132.04,134.00,323448
28-Jan-13,133.80,134.88,132.80,133.80,355169
25-Jan-13,132.90,134.50,132.00,133.80,350147
24-Jan-13,131.00,132.90,130.50,132.80,322786
23-Jan-13,133.70,133.70,129.74,131.20,349587
22-Jan-13,132.00,133.33,131.00,132.70,748329
21-Jan-13,134.50,134.82,133.40,134.00,431354
18-Jan-13,131.50,134.20,130.83,133.31,621045
17-Jan-13,129.70,131.00,128.70,130.80,534054
16-Jan-13,127.50,129.60,127.30,129.30,692585
15-Jan-13,126.30,128.14,126.30,127.40,571210
14-Jan-13,124.90,130.00,124.72,126.50,1308381
11-Jan-13,123.10,125.90,122.80,124.02,619608
10-Jan-13,123.40,123.40,121.90,122.70,774186
9-Jan-13,123.90,123.90,122.48,122.70,785114
8-Jan-13,123.00,125.00,122.40,123.20,1137035
7-Jan-13,126.30,127.04,124.90,125.00,527441
4-Jan-13,125.00,126.80,124.90,125.80,343427
3-Jan-13,124.50,125.90,123.73,125.30,522329
2-Jan-13,124.50,125.30,123.60,124.00,674087
