31-Dec-15,258.30,258.30,246.93,247.40,51847
30-Dec-15,263.50,263.50,253.00,254.80,120752
29-Dec-15,261.80,264.20,253.90,264.20,241514
24-Dec-15,260.00,260.00,253.06,254.80,26526
23-Dec-15,241.00,255.80,241.00,254.62,105630
22-Dec-15,240.80,248.70,240.80,246.00,120718
21-Dec-15,250.10,251.50,244.60,246.70,148412
18-Dec-15,239.60,246.00,239.60,245.30,328477
16-Dec-15,252.90,252.90,243.70,246.20,209718
15-Dec-15,235.60,248.60,235.60,246.80,350703
14-Dec-15,240.60,246.20,240.30,245.50,245488
11-Dec-15,253.10,253.10,243.80,245.30,287083
10-Dec-15,240.50,251.20,240.50,247.90,189779
9-Dec-15,238.90,247.20,238.90,246.30,352518
8-Dec-15,244.70,247.60,243.60,245.30,234968
7-Dec-15,250.30,252.16,246.40,248.10,120436
4-Dec-15,243.10,254.80,243.10,250.70,241985
3-Dec-15,253.70,253.70,246.90,248.50,254289
2-Dec-15,259.20,259.20,245.20,247.20,150999
1-Dec-15,245.80,255.10,245.80,253.40,243784
30-Nov-15,256.00,256.00,248.80,251.00,214447
27-Nov-15,251.10,252.10,244.90,249.20,201483
26-Nov-15,254.50,254.50,249.20,250.40,211607
25-Nov-15,249.00,251.10,247.50,249.10,177354
24-Nov-15,247.00,251.30,245.20,249.00,389101
23-Nov-15,259.50,259.50,249.20,250.70,205784
20-Nov-15,252.60,253.80,246.40,253.80,266361
19-Nov-15,247.20,247.20,239.82,245.90,292223
18-Nov-15,238.10,242.20,237.00,240.40,203198
17-Nov-15,238.00,241.30,236.20,238.00,383532
16-Nov-15,226.50,233.10,224.85,233.00,398764
13-Nov-15,235.00,237.40,228.00,229.40,558799
12-Nov-15,255.00,255.00,231.65,233.00,1023179
11-Nov-15,268.30,272.00,263.07,267.20,321166
10-Nov-15,277.40,277.40,266.19,267.00,251207
9-Nov-15,264.80,277.30,264.80,276.50,200583
6-Nov-15,273.10,277.80,266.90,270.30,298915
5-Nov-15,284.00,284.60,275.40,279.82,276325
4-Nov-15,287.10,287.10,278.00,280.11,195736
3-Nov-15,282.00,283.10,278.50,279.98,177204
2-Nov-15,285.00,285.00,279.20,279.88,211574
30-Oct-15,285.20,285.20,271.80,279.80,423866
29-Oct-15,288.80,288.80,278.00,280.22,284240
28-Oct-15,291.70,291.70,279.00,282.90,174903
27-Oct-15,286.60,287.00,284.20,286.19,115386
26-Oct-15,296.40,296.40,287.50,289.37,168613
23-Oct-15,288.00,290.90,286.10,288.91,421814
22-Oct-15,286.70,287.98,284.20,286.95,218925
21-Oct-15,292.00,293.00,285.20,288.50,220598
20-Oct-15,286.70,291.60,284.70,290.20,218315
19-Oct-15,282.50,285.80,282.50,284.70,194387
16-Oct-15,302.00,302.00,284.60,284.60,262286
15-Oct-15,293.20,300.10,292.58,298.10,186840
14-Oct-15,297.90,297.90,290.60,293.70,230812
13-Oct-15,300.00,306.00,294.50,299.25,205691
12-Oct-15,307.60,311.93,304.20,304.75,235547
9-Oct-15,306.00,310.50,302.87,309.25,304791
8-Oct-15,302.40,302.40,294.90,298.40,327903
7-Oct-15,298.50,302.10,294.90,300.95,609341
6-Oct-15,298.30,298.30,293.20,295.80,312280
5-Oct-15,299.20,299.20,293.30,295.30,223839
2-Oct-15,288.90,292.90,283.90,291.90,267204
1-Oct-15,289.70,289.70,281.30,282.00,263965
30-Sep-15,282.80,284.90,280.60,283.04,307321
29-Sep-15,282.00,282.15,276.70,279.80,356483
28-Sep-15,285.70,289.60,282.70,282.80,201674
25-Sep-15,283.90,290.60,283.10,290.00,661225
24-Sep-15,293.40,296.00,278.40,279.50,378121
23-Sep-15,295.50,298.60,293.35,295.30,222004
22-Sep-15,310.50,310.50,291.53,293.60,341142
21-Sep-15,310.30,313.50,306.10,308.40,171732
18-Sep-15,317.50,317.50,309.20,313.00,393981
17-Sep-15,322.10,322.10,316.80,316.80,148645
16-Sep-15,322.00,324.30,318.10,320.00,158874
15-Sep-15,325.60,325.60,315.20,317.60,221577
14-Sep-15,321.40,324.14,316.86,317.00,96368
11-Sep-15,324.00,326.37,320.90,321.19,52901
10-Sep-15,327.00,330.77,323.00,326.00,159728
9-Sep-15,336.70,336.70,326.20,330.50,161252
8-Sep-15,328.00,328.00,321.40,327.00,140424
7-Sep-15,340.80,340.90,322.80,325.90,169853
4-Sep-15,325.50,330.10,323.80,324.00,102482
3-Sep-15,331.00,331.00,321.03,329.00,228951
2-Sep-15,331.50,335.87,328.60,329.50,142850
1-Sep-15,328.10,332.50,319.50,329.90,184033
28-Aug-15,328.60,340.00,325.00,335.00,246730
27-Aug-15,333.10,333.10,319.00,331.90,314985
26-Aug-15,319.00,329.80,319.00,326.50,284832
25-Aug-15,322.00,331.20,321.02,327.50,374853
24-Aug-15,310.60,323.10,308.30,319.80,511259
21-Aug-15,332.70,342.29,320.54,332.50,319695
20-Aug-15,342.20,347.50,334.90,340.86,96440
19-Aug-15,343.90,347.20,340.32,344.65,110300
18-Aug-15,346.10,352.20,343.60,348.20,127700
17-Aug-15,359.00,359.00,339.60,344.85,195445
14-Aug-15,330.50,348.20,330.50,344.20,131191
13-Aug-15,340.20,349.60,340.00,343.30,106843
12-Aug-15,328.70,341.00,328.70,340.20,138156
11-Aug-15,354.50,354.90,346.40,346.90,103054
10-Aug-15,354.40,356.00,348.42,352.60,109226
7-Aug-15,355.00,361.10,353.70,353.70,105547
6-Aug-15,357.00,375.84,354.00,356.80,204390
5-Aug-15,351.50,356.60,337.93,356.60,105651
4-Aug-15,365.30,365.30,347.90,355.10,201999
3-Aug-15,355.50,364.00,347.90,349.80,222924
31-Jul-15,334.50,357.12,332.10,354.60,269882
30-Jul-15,348.40,354.90,343.70,351.42,312834
29-Jul-15,339.30,345.11,324.96,341.00,213537
28-Jul-15,340.00,343.60,337.40,340.40,175659
27-Jul-15,343.70,344.44,335.00,338.70,251644
24-Jul-15,344.70,356.60,339.50,340.00,281731
23-Jul-15,344.20,345.70,338.60,342.50,175443
22-Jul-15,340.00,344.40,335.00,340.00,329825
21-Jul-15,338.50,338.50,329.70,332.00,102844
20-Jul-15,328.70,338.30,328.70,336.60,106759
17-Jul-15,333.30,333.30,327.10,330.70,111333
16-Jul-15,323.90,332.30,323.90,332.30,98900
15-Jul-15,327.20,327.20,320.20,326.60,211037
14-Jul-15,335.00,335.00,321.30,325.90,147413
13-Jul-15,326.50,335.00,323.85,335.00,203104
10-Jul-15,315.20,323.23,315.20,322.50,192693
9-Jul-15,301.30,316.30,301.30,316.30,146102
8-Jul-15,301.60,318.64,300.80,317.80,216424
7-Jul-15,319.20,320.94,314.60,317.40,236337
6-Jul-15,313.70,320.60,312.80,320.00,138031
3-Jul-15,328.00,330.10,317.40,317.40,72506
2-Jul-15,323.30,327.60,319.50,326.45,182241
1-Jul-15,326.10,339.90,320.51,321.40,152524
30-Jun-15,330.00,331.40,324.80,326.40,337062
29-Jun-15,327.80,335.90,320.40,327.90,179763
26-Jun-15,332.30,337.30,319.21,336.90,191888
25-Jun-15,335.10,338.70,332.90,335.50,159222
24-Jun-15,337.90,343.10,335.60,338.82,134338
23-Jun-15,345.00,345.00,331.50,339.40,131773
22-Jun-15,328.60,339.20,328.60,332.30,120207
19-Jun-15,335.70,335.70,328.40,329.30,502914
18-Jun-15,328.20,335.29,326.50,333.00,152311
17-Jun-15,330.70,334.10,330.50,331.20,108130
16-Jun-15,328.50,335.00,325.10,331.20,122387
15-Jun-15,346.30,346.30,330.20,330.60,280683
12-Jun-15,342.00,349.10,340.90,346.20,287625
11-Jun-15,336.70,348.60,336.70,345.40,155973
10-Jun-15,347.60,347.60,339.94,347.50,179806
9-Jun-15,340.50,345.70,336.70,338.80,132848
8-Jun-15,342.50,349.40,341.90,343.40,156089
5-Jun-15,346.00,346.10,341.90,344.40,236691
4-Jun-15,341.60,347.20,341.03,344.20,403430
3-Jun-15,340.70,350.80,336.90,345.20,441376
2-Jun-15,365.50,365.50,351.20,354.00,252406
1-Jun-15,346.20,354.50,346.20,351.10,160903
29-May-15,349.00,354.32,346.80,348.00,130162
28-May-15,349.60,355.80,349.60,351.80,103566
27-May-15,341.60,353.50,341.60,352.30,103065
26-May-15,347.40,351.13,346.79,348.50,122424
22-May-15,343.60,351.90,343.60,350.00,164565
21-May-15,344.80,345.00,339.50,343.90,147136
20-May-15,333.00,345.60,331.70,342.30,266990
19-May-15,324.40,334.60,324.40,334.60,218292
18-May-15,335.30,338.11,325.20,325.20,207739
15-May-15,336.30,338.80,330.70,338.20,193085
14-May-15,329.80,334.00,329.60,332.40,179000
13-May-15,329.10,333.10,327.30,333.00,202473
12-May-15,325.00,327.70,324.00,327.30,199361
11-May-15,329.80,330.20,325.80,330.00,187723
8-May-15,333.30,344.50,328.00,330.00,517943
7-May-15,327.00,327.00,317.10,325.00,392905
6-May-15,330.10,337.00,330.00,335.20,340455
5-May-15,343.10,343.10,335.00,339.50,219076
1-May-15,336.50,342.00,335.50,338.40,73737
30-Apr-15,332.70,344.20,332.70,336.10,216619
29-Apr-15,342.20,346.30,337.30,341.00,132720
28-Apr-15,347.40,347.90,340.30,343.60,107962
27-Apr-15,347.20,350.32,343.30,346.60,189443
24-Apr-15,347.50,354.10,345.40,348.30,240240
23-Apr-15,352.20,353.90,347.20,351.00,168275
22-Apr-15,333.60,351.70,333.60,349.90,204989
21-Apr-15,340.60,351.80,340.60,349.70,107426
20-Apr-15,348.60,355.00,344.80,347.30,100789
17-Apr-15,347.30,355.50,347.30,349.20,228388
16-Apr-15,347.90,351.80,346.44,349.00,258659
15-Apr-15,345.50,359.50,345.50,355.10,202639
14-Apr-15,349.00,354.00,346.10,353.10,150435
13-Apr-15,346.80,352.70,346.00,351.50,165008
10-Apr-15,344.40,350.40,344.40,350.30,206452
9-Apr-15,352.60,352.70,341.36,346.70,234657
8-Apr-15,335.60,354.05,335.60,346.50,277171
7-Apr-15,342.20,349.00,337.55,343.90,192546
2-Apr-15,354.10,354.10,336.00,339.80,185926
1-Apr-15,338.30,341.20,333.50,338.70,264664
31-Mar-15,346.40,348.50,339.30,340.50,194932
30-Mar-15,342.30,344.30,338.70,341.60,214317
27-Mar-15,338.30,344.30,338.30,340.00,304652
26-Mar-15,341.10,347.90,338.50,340.10,298658
25-Mar-15,347.90,347.90,342.98,345.20,125525
24-Mar-15,359.00,359.00,345.00,345.00,296680
23-Mar-15,349.70,350.32,341.70,344.30,248261
20-Mar-15,341.30,350.00,339.88,343.95,274811
19-Mar-15,347.90,347.90,332.00,342.10,207474
18-Mar-15,333.80,345.90,333.80,343.30,277895
17-Mar-15,340.20,340.20,330.50,332.10,185092
16-Mar-15,326.70,338.70,326.70,336.50,352409
13-Mar-15,338.70,338.70,325.90,327.00,288591
12-Mar-15,328.00,329.50,323.50,325.90,273830
11-Mar-15,330.30,334.00,320.40,321.40,365033
10-Mar-15,339.10,339.10,323.33,327.40,209650
9-Mar-15,339.40,340.74,337.10,337.10,229513
6-Mar-15,340.30,344.20,335.50,338.20,364805
5-Mar-15,337.80,339.40,326.69,339.00,391541
4-Mar-15,325.10,326.80,317.96,323.10,162876
3-Mar-15,324.40,328.80,324.40,326.90,157284
2-Mar-15,326.80,330.00,324.60,326.50,140948
27-Feb-15,325.50,332.80,325.50,329.30,253135
26-Feb-15,313.00,330.00,313.00,330.00,316603
25-Feb-15,325.50,329.10,325.18,329.10,361212
24-Feb-15,332.80,332.80,326.70,327.00,163487
23-Feb-15,332.50,332.50,320.84,330.50,180736
20-Feb-15,323.30,330.70,323.30,328.90,268224
19-Feb-15,325.80,329.00,313.77,325.70,256812
18-Feb-15,309.00,323.40,309.00,320.14,569122
17-Feb-15,313.90,316.40,307.60,309.10,329682
16-Feb-15,310.20,314.10,308.50,312.70,331411
13-Feb-15,310.00,316.50,307.60,311.33,752535
12-Feb-15,313.00,315.00,294.07,313.80,583538
11-Feb-15,304.00,305.00,300.00,302.00,372841
10-Feb-15,304.90,305.00,301.54,303.50,321398
9-Feb-15,305.00,305.00,301.40,303.20,148666
6-Feb-15,303.00,305.40,298.07,305.00,376011
5-Feb-15,305.50,306.80,301.60,305.20,521203
4-Feb-15,303.00,307.32,300.80,305.10,210796
3-Feb-15,305.00,306.40,300.80,302.90,258300
2-Feb-15,304.80,306.00,301.70,304.00,198831
30-Jan-15,310.00,310.00,301.50,304.50,317940
29-Jan-15,300.70,307.60,300.70,305.00,191428
28-Jan-15,298.50,310.00,298.50,302.90,135317
27-Jan-15,302.90,307.30,297.70,298.20,260060
26-Jan-15,295.50,301.90,295.00,301.00,350903
23-Jan-15,301.50,301.50,297.00,298.60,290867
22-Jan-15,303.80,303.80,293.70,300.00,371648
21-Jan-15,299.00,303.06,298.07,300.60,228569
20-Jan-15,312.20,312.20,302.10,304.00,206110
19-Jan-15,303.60,305.00,299.24,301.40,139222
16-Jan-15,308.20,308.20,296.90,300.80,290447
15-Jan-15,304.90,309.00,300.30,306.00,176515
14-Jan-15,309.00,312.00,304.30,305.50,149122
13-Jan-15,305.90,312.60,304.83,309.00,404760
12-Jan-15,305.30,306.00,301.80,304.30,136188
9-Jan-15,308.00,309.00,301.94,306.00,213456
8-Jan-15,310.00,310.00,304.40,306.00,226909
7-Jan-15,302.40,308.30,302.40,305.40,141682
6-Jan-15,310.90,310.90,303.30,304.50,181806
5-Jan-15,313.40,317.70,307.80,309.20,150567
31-Dec-14,313.90,317.00,309.40,317.00,54668
30-Dec-14,300.40,318.10,300.40,314.50,79464
29-Dec-14,304.00,317.49,304.00,316.60,114840
24-Dec-14,324.00,324.00,300.60,318.90,35564
23-Dec-14,309.90,314.20,305.60,314.20,275281
22-Dec-14,309.80,312.20,306.36,308.20,106174
19-Dec-14,301.40,307.90,301.40,306.50,537007
18-Dec-14,298.90,310.00,298.30,300.80,200190
17-Dec-14,293.10,297.70,288.10,297.40,249723
16-Dec-14,296.70,297.70,286.10,296.70,375840
15-Dec-14,285.30,293.00,285.30,286.30,267030
12-Dec-14,289.60,296.65,285.00,287.00,250922
11-Dec-14,297.60,302.90,290.56,292.50,175598
10-Dec-14,304.40,304.80,298.50,301.12,196104
9-Dec-14,299.70,299.70,295.00,299.10,140383
8-Dec-14,306.10,306.10,299.00,301.40,215038
5-Dec-14,308.40,308.40,290.01,305.30,314375
4-Dec-14,302.40,303.00,299.40,301.00,210502
3-Dec-14,297.40,302.80,296.90,301.10,323742
2-Dec-14,299.50,302.35,296.80,300.00,487056
1-Dec-14,295.00,307.90,295.00,300.40,705904
28-Nov-14,292.60,298.31,287.60,291.80,200925
27-Nov-14,294.10,296.70,289.60,291.00,92551
26-Nov-14,295.60,299.75,288.00,292.00,147882
25-Nov-14,292.10,295.10,288.87,293.00,167141
24-Nov-14,295.00,295.00,276.10,289.50,170804
21-Nov-14,279.30,287.50,279.30,285.00,120650
20-Nov-14,278.80,282.60,277.80,280.10,144448
19-Nov-14,288.90,289.14,277.90,282.30,218999
18-Nov-14,280.00,283.50,278.10,282.60,228454
17-Nov-14,283.20,283.20,278.70,280.20,145590
14-Nov-14,287.50,287.50,282.80,286.00,207233
13-Nov-14,284.00,287.93,283.00,286.00,295582
12-Nov-14,285.10,295.00,284.50,284.50,305220
11-Nov-14,300.00,304.60,295.97,298.00,354367
10-Nov-14,290.70,294.90,284.69,292.40,267908
7-Nov-14,299.60,299.60,291.10,292.30,468690
6-Nov-14,272.20,287.00,272.13,285.70,229960
5-Nov-14,282.00,286.80,276.25,282.90,223162
4-Nov-14,293.50,293.56,281.90,283.60,247539
3-Nov-14,284.30,288.40,284.00,284.20,528413
31-Oct-14,286.50,290.10,280.70,282.50,265483
30-Oct-14,280.60,282.50,275.80,282.30,169871
29-Oct-14,275.40,281.36,275.10,278.70,308324
28-Oct-14,283.40,284.80,271.60,272.30,299788
27-Oct-14,288.80,289.40,282.00,286.20,207421
24-Oct-14,289.30,299.90,283.80,285.30,242394
23-Oct-14,291.30,291.30,286.20,288.00,201566
22-Oct-14,293.00,295.20,288.10,291.40,248660
21-Oct-14,282.30,296.30,281.60,292.00,377890
20-Oct-14,281.70,282.90,273.46,282.70,259698
17-Oct-14,271.60,280.60,271.60,280.60,269458
16-Oct-14,264.20,270.70,258.10,270.50,533993
15-Oct-14,269.00,273.00,263.90,264.90,512414
14-Oct-14,275.50,275.50,264.85,267.90,349167
13-Oct-14,263.90,267.10,259.10,266.50,334291
10-Oct-14,270.90,272.90,264.10,265.80,285181
9-Oct-14,275.50,276.90,272.00,275.12,374641
8-Oct-14,278.90,278.90,270.90,272.40,354722
7-Oct-14,282.30,283.20,278.89,281.00,177866
6-Oct-14,275.00,284.50,275.00,281.80,264405
3-Oct-14,281.70,284.60,275.10,282.70,320513
2-Oct-14,290.90,290.90,278.30,279.70,475158
1-Oct-14,295.10,296.80,288.60,289.40,245581
30-Sep-14,297.20,298.70,295.80,296.80,600312
29-Sep-14,304.00,304.00,295.30,297.60,356981
26-Sep-14,312.90,314.00,306.50,307.30,143957
25-Sep-14,314.00,317.10,313.50,315.00,233423
24-Sep-14,316.30,316.30,311.30,313.80,219579
23-Sep-14,315.10,315.60,310.10,314.20,326443
22-Sep-14,309.90,320.01,309.90,319.10,150685
19-Sep-14,323.70,337.00,319.00,319.00,622947
18-Sep-14,316.30,321.40,315.10,321.00,257364
17-Sep-14,320.50,321.00,314.70,316.60,198212
16-Sep-14,316.10,319.10,312.20,317.10,243294
15-Sep-14,317.50,329.13,315.30,317.10,228232
12-Sep-14,314.60,320.20,314.60,320.00,282989
11-Sep-14,330.90,330.90,314.00,316.80,222698
10-Sep-14,317.00,318.29,314.40,315.30,450757
9-Sep-14,314.20,316.80,313.20,314.50,336409
8-Sep-14,306.10,313.50,303.79,313.00,321583
5-Sep-14,319.60,319.60,315.80,317.40,139381
4-Sep-14,316.70,319.90,316.70,318.90,208688
3-Sep-14,320.00,320.10,308.96,318.90,174215
2-Sep-14,322.30,322.30,317.10,319.90,187888
1-Sep-14,317.00,321.00,315.00,319.50,155001
29-Aug-14,323.40,324.50,316.90,318.10,213515
28-Aug-14,328.80,328.80,319.90,321.60,482592
27-Aug-14,330.20,332.20,326.60,327.00,188585
26-Aug-14,330.00,330.00,322.62,328.00,202280
22-Aug-14,330.00,330.00,325.00,326.00,221226
21-Aug-14,331.00,331.00,326.80,329.90,213967
20-Aug-14,327.50,330.00,324.80,330.00,378661
19-Aug-14,330.40,331.80,325.00,325.00,213282
18-Aug-14,329.60,329.60,325.50,326.90,210311
15-Aug-14,327.40,330.20,323.19,325.80,137217
14-Aug-14,320.00,327.90,319.30,324.40,237430
13-Aug-14,324.80,324.90,318.80,318.90,292118
12-Aug-14,323.10,324.70,321.80,323.50,162589
11-Aug-14,321.70,325.00,321.70,323.45,187588
8-Aug-14,324.70,325.90,320.80,321.00,493419
7-Aug-14,325.10,326.80,321.90,325.20,443705
6-Aug-14,319.10,325.30,319.10,325.00,418496
5-Aug-14,319.60,322.70,317.10,322.50,468284
4-Aug-14,314.60,317.80,311.40,315.00,227753
1-Aug-14,310.90,315.90,309.10,313.30,508279
31-Jul-14,310.90,316.40,310.20,314.00,600674
30-Jul-14,314.50,318.70,311.50,312.40,732133
29-Jul-14,308.40,316.20,307.60,315.30,225315
28-Jul-14,310.10,313.90,307.70,309.20,284532
25-Jul-14,309.20,311.60,306.60,310.00,256676
24-Jul-14,313.20,313.20,309.68,310.50,288601
23-Jul-14,299.40,317.70,299.40,313.10,695131
22-Jul-14,295.50,301.60,293.00,300.80,590238
21-Jul-14,305.10,305.10,297.40,300.00,191262
18-Jul-14,305.00,307.02,298.30,303.30,330957
17-Jul-14,305.20,305.70,301.20,305.10,203685
16-Jul-14,300.00,307.10,300.00,304.30,323861
15-Jul-14,314.00,314.00,299.80,300.00,390386
14-Jul-14,299.40,302.30,297.90,299.90,355077
11-Jul-14,303.10,304.30,295.00,298.80,316244
10-Jul-14,304.70,307.00,298.50,304.00,403388
9-Jul-14,308.80,310.70,305.00,305.80,340201
8-Jul-14,310.90,315.00,308.90,310.40,529852
7-Jul-14,311.30,315.57,309.70,310.90,365031
4-Jul-14,342.30,342.30,309.30,315.00,857826
3-Jul-14,333.00,333.00,321.00,327.70,442429
2-Jul-14,322.00,324.40,316.10,318.90,350921
1-Jul-14,323.00,325.80,321.90,322.50,431202
30-Jun-14,324.90,328.50,323.30,324.30,242260
27-Jun-14,322.40,324.00,319.30,323.00,199129
26-Jun-14,318.90,325.30,318.90,323.90,131163
25-Jun-14,320.00,324.40,314.09,320.10,209406
24-Jun-14,322.90,325.30,315.30,320.30,240408
23-Jun-14,314.00,329.10,314.00,324.00,140386
20-Jun-14,321.00,334.20,318.80,331.60,432509
19-Jun-14,328.00,329.60,318.60,318.60,325898
18-Jun-14,326.50,326.50,322.70,325.10,200664
17-Jun-14,332.70,336.80,325.10,326.50,199740
16-Jun-14,339.70,339.70,326.70,335.70,233813
13-Jun-14,350.00,350.70,336.10,336.10,310605
12-Jun-14,349.80,352.80,347.30,351.50,224684
11-Jun-14,348.50,350.00,341.50,346.00,214754
10-Jun-14,350.00,350.00,345.70,347.70,153913
9-Jun-14,347.80,350.90,345.00,347.40,253406
6-Jun-14,330.00,351.10,330.00,345.00,143084
5-Jun-14,327.10,335.20,327.10,333.50,98426
4-Jun-14,332.60,334.00,323.82,326.06,184034
3-Jun-14,341.00,341.00,328.80,330.00,153057
2-Jun-14,341.10,343.90,338.70,338.70,107957
30-May-14,337.20,350.80,336.30,339.20,229857
29-May-14,334.70,342.60,322.00,340.40,123161
28-May-14,337.80,340.30,335.80,336.60,121806
27-May-14,332.10,337.18,329.80,335.80,173222
23-May-14,323.40,327.90,323.40,326.00,153956
22-May-14,321.90,327.00,319.80,325.00,218241
21-May-14,323.30,325.00,320.60,325.00,230339
20-May-14,325.10,332.60,320.50,320.90,143890
19-May-14,315.00,325.10,315.00,324.20,252292
16-May-14,326.60,332.18,317.60,321.80,356551
15-May-14,325.00,339.00,325.00,328.20,252310
14-May-14,330.00,337.60,330.00,337.00,208537
13-May-14,334.80,341.90,327.55,341.00,168423
12-May-14,337.50,343.40,335.10,340.30,399123
9-May-14,337.10,339.20,333.40,337.60,213250
8-May-14,344.40,344.40,330.40,337.50,141418
7-May-14,339.50,339.50,332.70,334.30,157553
6-May-14,337.40,340.60,333.71,337.30,98385
2-May-14,332.80,336.52,330.60,334.90,130105
1-May-14,362.30,362.86,328.30,332.90,88945
30-Apr-14,336.50,336.50,330.00,335.00,186245
29-Apr-14,339.00,340.00,333.10,335.00,144104
28-Apr-14,347.90,347.90,338.40,338.60,137032
25-Apr-14,345.80,347.80,342.80,345.30,168085
24-Apr-14,350.00,352.70,344.30,347.00,168393
23-Apr-14,351.00,352.00,349.10,350.00,85719
22-Apr-14,344.90,351.23,344.90,351.00,157449
17-Apr-14,346.10,347.80,342.00,346.70,150886
16-Apr-14,342.90,345.70,340.80,344.35,211382
15-Apr-14,343.10,346.30,338.20,339.00,118697
14-Apr-14,347.00,350.00,342.70,346.80,234762
11-Apr-14,347.20,349.20,342.70,347.10,193539
10-Apr-14,354.80,357.88,351.30,353.30,201741
9-Apr-14,351.50,356.20,349.60,352.80,218752
8-Apr-14,352.20,354.90,348.20,350.40,120920
7-Apr-14,356.50,358.20,353.50,355.00,190803
4-Apr-14,358.00,360.00,355.03,358.00,348618
3-Apr-14,350.30,359.90,350.30,357.30,295026
2-Apr-14,364.00,366.64,359.20,359.40,278846
1-Apr-14,361.80,366.65,361.70,365.00,255500
31-Mar-14,351.00,359.70,350.80,358.10,238998
28-Mar-14,354.70,357.30,350.22,351.40,151950
27-Mar-14,347.00,352.10,345.80,350.10,152859
26-Mar-14,347.00,354.70,345.40,346.00,186936
25-Mar-14,350.00,353.11,344.79,345.60,271560
24-Mar-14,340.50,351.10,340.00,350.10,199629
21-Mar-14,347.40,349.70,345.50,347.00,402566
20-Mar-14,343.70,349.70,343.70,346.00,278691
19-Mar-14,347.00,350.40,343.77,349.30,215760
18-Mar-14,342.00,346.90,340.40,344.60,147421
17-Mar-14,335.00,344.60,335.00,342.00,195824
14-Mar-14,328.00,339.50,328.00,335.00,229099
13-Mar-14,314.20,334.40,314.20,331.10,252123
12-Mar-14,338.90,338.90,329.20,329.20,243654
11-Mar-14,338.30,346.10,337.70,339.00,154897
10-Mar-14,339.50,345.90,337.60,339.70,295223
7-Mar-14,340.10,345.70,338.80,339.50,295192
6-Mar-14,336.70,344.00,336.70,341.10,253596
5-Mar-14,340.00,344.20,335.50,338.80,123439
4-Mar-14,336.50,345.70,331.00,344.90,183057
3-Mar-14,338.00,340.30,328.50,329.20,248208
28-Feb-14,343.00,346.70,339.00,344.90,223509
27-Feb-14,339.00,342.00,338.70,339.00,158844
26-Feb-14,341.10,342.90,339.10,339.60,286795
25-Feb-14,340.60,341.90,336.80,340.90,360193
24-Feb-14,331.40,340.10,331.20,339.20,178554
21-Feb-14,339.00,342.90,331.80,340.57,504080
20-Feb-14,331.40,338.80,330.50,335.10,383856
19-Feb-14,330.00,339.00,330.00,334.10,311162
18-Feb-14,324.50,332.70,324.20,330.00,263078
17-Feb-14,323.00,327.20,319.90,326.10,313424
14-Feb-14,320.00,323.10,311.60,320.00,616547
13-Feb-14,300.00,320.00,300.00,316.50,449547
12-Feb-14,312.30,320.00,312.30,312.40,243135
11-Feb-14,306.50,315.00,306.50,313.50,166755
10-Feb-14,293.60,313.70,293.60,307.50,192667
7-Feb-14,305.10,309.30,304.10,309.00,81254
6-Feb-14,307.80,312.10,305.10,305.10,274951
5-Feb-14,298.60,304.60,298.60,303.30,182478
4-Feb-14,300.70,304.90,300.00,301.80,247114
3-Feb-14,304.30,311.30,304.30,306.00,196067
31-Jan-14,308.30,310.10,303.20,310.10,334175
30-Jan-14,309.00,309.00,303.90,306.90,172549
29-Jan-14,320.00,320.00,305.00,311.00,263003
28-Jan-14,310.50,314.50,309.60,313.00,306918
27-Jan-14,316.00,316.00,305.70,308.30,149331
24-Jan-14,318.50,320.70,311.40,312.70,193344
23-Jan-14,325.00,326.70,316.70,320.20,125501
22-Jan-14,325.00,327.90,322.80,326.60,101788
21-Jan-14,335.00,335.00,323.90,325.00,127956
20-Jan-14,321.00,336.10,321.00,334.80,133873
17-Jan-14,336.00,340.70,334.30,335.00,284396
16-Jan-14,336.00,336.50,331.80,335.50,184802
15-Jan-14,329.30,337.70,326.00,335.20,247607
14-Jan-14,325.30,328.00,320.20,328.00,168526
13-Jan-14,333.20,333.20,322.00,322.00,359010
10-Jan-14,305.00,325.60,305.00,324.00,400029
9-Jan-14,316.70,327.00,316.70,320.70,180145
8-Jan-14,317.00,322.20,313.80,318.90,176118
7-Jan-14,317.40,319.90,316.80,319.50,78105
6-Jan-14,323.20,324.00,318.40,319.00,158572
3-Jan-14,311.00,322.30,311.00,322.30,322628
2-Jan-14,313.40,320.50,312.00,312.00,218784
31-Dec-13,315.70,318.10,312.20,318.10,46887
30-Dec-13,314.40,318.90,313.10,313.10,97254
27-Dec-13,312.60,315.00,303.80,312.20,84082
24-Dec-13,315.00,315.00,300.30,305.00,20014
23-Dec-13,301.60,305.80,298.30,303.90,130216
20-Dec-13,286.50,303.70,286.50,303.10,280294
19-Dec-13,297.80,297.80,293.40,295.50,103720
18-Dec-13,290.50,296.60,288.70,292.10,193844
17-Dec-13,290.40,291.00,288.10,290.00,130979
16-Dec-13,294.30,294.30,289.70,290.00,170723
13-Dec-13,292.80,298.90,289.60,292.20,137542
12-Dec-13,295.00,296.90,289.50,290.00,121999
11-Dec-13,294.60,296.50,289.90,290.90,197382
10-Dec-13,290.00,294.40,288.10,293.00,242098
9-Dec-13,293.00,293.50,290.40,290.80,66302
6-Dec-13,280.00,299.90,280.00,290.00,198074
5-Dec-13,286.00,290.70,285.50,288.90,206611
4-Dec-13,283.90,286.10,283.90,285.00,197458
3-Dec-13,290.00,293.00,284.10,287.80,752233
2-Dec-13,293.00,294.30,289.90,293.00,348641
29-Nov-13,294.50,294.80,290.30,293.00,299800
28-Nov-13,294.00,296.00,294.00,295.00,199432
27-Nov-13,293.50,297.20,293.50,295.00,206111
26-Nov-13,292.90,295.90,292.80,294.00,260456
25-Nov-13,295.00,295.00,289.10,292.00,130715
22-Nov-13,286.00,287.70,281.60,286.00,224412
21-Nov-13,295.00,295.00,284.10,285.90,317339
20-Nov-13,295.90,300.20,282.80,285.00,336822
19-Nov-13,283.80,297.50,283.80,297.25,127580
18-Nov-13,296.50,300.50,293.20,298.20,488027
15-Nov-13,309.20,309.20,293.50,296.20,258563
14-Nov-13,295.10,299.10,285.20,295.50,171069
13-Nov-13,312.30,312.30,294.70,295.50,496228
12-Nov-13,297.10,299.80,293.00,298.00,643448
11-Nov-13,290.00,297.00,285.00,294.50,386099
8-Nov-13,300.00,300.00,295.10,295.90,213355
7-Nov-13,300.30,303.50,297.10,299.00,313866
6-Nov-13,296.40,301.40,295.90,296.90,454617
5-Nov-13,298.90,303.00,295.00,298.00,410889
4-Nov-13,310.00,310.00,299.60,300.60,166926
1-Nov-13,304.00,304.00,298.20,299.60,254198
31-Oct-13,300.30,304.00,298.10,304.00,349636
30-Oct-13,285.50,309.30,285.50,302.00,243774
29-Oct-13,302.00,302.00,295.70,300.00,253657
28-Oct-13,298.00,301.80,297.70,298.50,692467
25-Oct-13,298.70,299.80,295.30,298.90,253323
24-Oct-13,293.20,300.30,292.00,298.90,179978
23-Oct-13,302.00,-,295.90,296.50,190883
22-Oct-13,295.00,303.70,295.00,301.00,216050
21-Oct-13,297.20,307.00,297.20,302.00,258240
18-Oct-13,300.00,301.20,298.00,299.70,373938
17-Oct-13,296.50,300.00,294.50,299.60,187606
16-Oct-13,302.30,302.30,292.20,299.90,245231
15-Oct-13,302.10,302.40,297.90,299.70,98665
14-Oct-13,300.00,301.60,297.70,300.00,203398
11-Oct-13,298.30,300.90,295.30,298.30,115247
10-Oct-13,296.50,298.70,295.00,298.60,261613
9-Oct-13,300.00,302.20,292.00,296.50,269102
8-Oct-13,309.90,314.00,305.50,306.00,237965
7-Oct-13,307.00,309.30,305.00,309.30,182979
4-Oct-13,314.20,314.20,310.00,311.00,99820
3-Oct-13,314.10,315.60,310.10,310.60,196768
2-Oct-13,310.00,312.60,307.90,312.30,135710
1-Oct-13,312.00,312.00,301.30,310.00,199005
30-Sep-13,305.90,311.20,305.90,311.20,214621
27-Sep-13,311.00,312.80,310.20,311.50,135891
26-Sep-13,313.50,313.50,308.60,311.00,137881
25-Sep-13,315.00,315.00,308.80,311.00,109398
24-Sep-13,307.00,310.30,305.30,309.90,214212
20-Sep-13,308.00,308.00,299.60,301.30,339605
19-Sep-13,308.80,312.60,305.30,305.40,169379
18-Sep-13,310.70,312.40,305.00,307.90,175469
17-Sep-13,310.00,313.00,310.00,310.80,178434
16-Sep-13,311.00,314.80,310.80,310.80,114953
13-Sep-13,311.60,312.00,309.00,309.20,187797
12-Sep-13,312.50,312.50,307.10,310.40,69840
11-Sep-13,312.10,313.00,308.80,310.00,189141
10-Sep-13,311.00,313.40,308.10,308.10,204569
9-Sep-13,310.00,311.60,304.20,307.10,152679
6-Sep-13,308.60,312.20,303.80,311.00,98708
5-Sep-13,301.70,307.90,301.00,307.00,107066
4-Sep-13,306.20,306.20,301.80,302.80,103455
3-Sep-13,309.50,309.50,301.10,304.40,101492
2-Sep-13,300.50,305.20,298.00,305.00,134598
30-Aug-13,300.00,301.90,294.50,294.50,179816
29-Aug-13,297.40,299.60,295.70,296.90,240924
28-Aug-13,305.40,305.40,293.40,297.40,220372
27-Aug-13,307.10,308.30,303.60,305.40,105536
23-Aug-13,313.00,313.60,310.30,311.40,78954
22-Aug-13,309.00,313.10,306.90,310.30,125610
21-Aug-13,307.00,308.00,303.50,305.20,76842
20-Aug-13,304.70,305.50,301.20,304.20,151065
19-Aug-13,305.90,314.30,305.10,308.00,202749
16-Aug-13,303.00,310.40,303.00,308.50,287772
15-Aug-13,316.50,316.50,303.20,305.10,161469
14-Aug-13,313.30,315.30,312.60,313.50,145072
13-Aug-13,316.50,316.60,312.70,314.20,124050
12-Aug-13,318.40,318.60,311.20,315.00,101818
9-Aug-13,320.00,320.00,314.00,314.70,147976
8-Aug-13,314.70,319.70,313.90,315.10,147318
7-Aug-13,317.20,318.90,311.60,311.60,151249
6-Aug-13,318.00,319.10,311.60,315.30,227439
5-Aug-13,325.00,325.00,314.40,318.00,196342
2-Aug-13,317.90,318.40,312.00,315.00,254456
1-Aug-13,308.30,315.00,307.80,314.50,345740
31-Jul-13,304.10,307.20,303.50,305.50,253049
30-Jul-13,305.00,306.30,298.20,305.30,219447
29-Jul-13,306.40,307.40,299.30,304.40,105875
26-Jul-13,305.00,305.60,302.70,303.30,166237
25-Jul-13,315.00,315.00,302.60,303.90,309241
24-Jul-13,300.00,308.50,293.70,303.10,224109
23-Jul-13,304.10,304.40,295.10,295.10,168381
22-Jul-13,293.20,301.80,292.40,300.50,251084
19-Jul-13,285.00,296.30,284.90,295.00,225102
18-Jul-13,287.70,298.30,287.60,292.00,79976
17-Jul-13,286.30,293.20,285.66,288.90,198384
16-Jul-13,292.90,294.11,286.00,286.00,151673
15-Jul-13,285.60,292.40,285.60,291.60,117727
12-Jul-13,282.60,293.00,282.60,288.40,290760
11-Jul-13,284.00,294.20,281.90,291.00,354581
10-Jul-13,279.00,280.20,275.00,280.20,196548
9-Jul-13,278.90,283.20,277.30,281.50,335324
8-Jul-13,265.00,275.50,265.00,275.00,329651
5-Jul-13,263.00,267.00,263.00,265.80,227897
4-Jul-13,260.40,264.78,258.60,263.80,150210
3-Jul-13,260.40,260.40,250.80,256.50,434836
2-Jul-13,262.10,264.80,258.60,260.00,307924
1-Jul-13,257.00,264.40,248.40,264.40,275937
28-Jun-13,264.00,264.00,256.80,259.90,483702
27-Jun-13,263.30,268.40,259.20,264.60,198123
26-Jun-13,264.00,265.00,259.20,262.00,190904
25-Jun-13,262.00,265.70,258.50,261.90,374093
24-Jun-13,260.00,260.30,253.24,260.30,328461
21-Jun-13,263.90,266.30,258.70,259.10,514175
20-Jun-13,265.00,268.20,260.60,261.50,226530
19-Jun-13,269.70,274.80,268.90,269.30,256595
18-Jun-13,280.00,280.00,272.60,273.00,204817
17-Jun-13,271.80,281.10,270.70,275.70,484406
14-Jun-13,267.00,271.90,265.70,266.00,298668
13-Jun-13,262.20,270.00,258.50,269.60,348130
12-Jun-13,273.30,274.40,270.00,270.80,235479
11-Jun-13,280.40,281.81,270.00,272.40,292177
10-Jun-13,277.50,282.50,274.80,282.00,206706
7-Jun-13,277.40,278.30,270.90,277.40,233089
6-Jun-13,282.20,282.20,274.60,274.80,141308
5-Jun-13,282.10,290.50,272.99,279.90,195118
4-Jun-13,296.50,296.50,286.00,286.00,173440
3-Jun-13,292.00,297.00,289.00,290.50,111385
31-May-13,291.90,294.80,289.08,293.00,170812
30-May-13,288.50,293.20,288.50,291.20,157700
29-May-13,291.20,293.82,287.65,290.00,238156
28-May-13,295.00,295.60,286.49,291.70,145134
24-May-13,288.40,292.80,288.00,290.50,381214
23-May-13,291.20,292.00,280.25,290.00,504464
22-May-13,293.00,301.30,287.62,300.10,567393
21-May-13,287.30,296.53,285.70,290.70,288629
20-May-13,275.70,285.60,275.70,285.00,321718
17-May-13,278.80,281.90,275.90,276.70,307750
16-May-13,284.80,285.80,273.16,277.60,334653
15-May-13,281.50,285.30,277.40,281.10,178286
14-May-13,284.30,286.20,276.40,277.40,295298
13-May-13,292.00,292.00,282.19,282.50,372981
10-May-13,271.40,293.96,270.71,287.70,761181
9-May-13,262.30,272.30,259.50,267.87,360839
8-May-13,257.00,261.60,255.30,259.00,638166
7-May-13,260.30,264.30,254.40,256.20,569128
3-May-13,257.80,261.30,257.80,260.00,518840
2-May-13,262.10,262.10,256.90,260.40,294384
1-May-13,262.90,264.00,259.58,262.10,327297
30-Apr-13,261.10,262.00,258.30,261.50,366621
29-Apr-13,257.70,258.90,252.50,258.90,380453
26-Apr-13,253.20,259.50,253.00,257.70,389636
25-Apr-13,250.80,256.80,248.34,255.00,388863
24-Apr-13,246.90,253.20,245.30,248.00,511716
23-Apr-13,242.30,247.80,239.50,247.00,532235
22-Apr-13,246.80,249.50,238.86,240.30,346873
19-Apr-13,250.00,250.00,241.58,247.50,850244
18-Apr-13,252.00,260.00,248.00,251.70,726737
17-Apr-13,260.90,261.70,248.60,250.90,461949
16-Apr-13,266.30,269.40,257.00,263.50,368936
15-Apr-13,273.60,279.10,258.28,266.00,468477
12-Apr-13,268.40,280.20,268.40,274.00,405917
11-Apr-13,278.00,289.10,276.69,281.60,258646
10-Apr-13,275.00,285.00,270.10,280.00,628652
9-Apr-13,293.00,299.00,283.90,287.50,484501
8-Apr-13,279.90,289.50,277.30,281.00,663781
5-Apr-13,290.00,290.00,276.84,280.40,317120
4-Apr-13,290.90,295.10,280.00,282.50,389116
3-Apr-13,292.20,299.50,285.00,289.10,286075
2-Apr-13,286.40,298.20,275.31,292.20,215944
28-Mar-13,290.70,290.70,281.20,282.40,345404
27-Mar-13,290.00,293.98,282.90,289.94,473872
26-Mar-13,291.10,293.90,284.90,288.42,431906
25-Mar-13,288.70,294.00,286.70,290.52,328698
22-Mar-13,292.50,292.50,285.50,288.07,310626
21-Mar-13,294.20,297.80,293.00,295.43,557092
20-Mar-13,300.00,300.50,295.00,297.17,361512
19-Mar-13,300.60,301.10,295.00,299.23,546617
18-Mar-13,300.00,304.64,298.70,300.50,324356
15-Mar-13,306.40,310.00,300.10,305.00,963232
14-Mar-13,298.40,304.80,298.40,299.82,412811
13-Mar-13,300.00,301.80,296.00,298.39,284964
12-Mar-13,295.50,300.20,293.20,300.00,485056
11-Mar-13,296.80,300.40,288.30,294.44,404865
8-Mar-13,299.40,301.10,289.40,298.38,344569
7-Mar-13,298.20,299.10,294.80,298.19,245096
6-Mar-13,290.00,300.20,290.00,297.69,651089
5-Mar-13,291.00,295.90,286.80,291.58,405248
4-Mar-13,288.00,293.60,286.80,290.18,677280
1-Mar-13,293.40,294.90,283.80,291.04,549397
28-Feb-13,289.00,294.60,282.77,292.31,611261
27-Feb-13,280.00,288.50,277.60,283.65,342596
26-Feb-13,278.50,281.80,277.00,278.92,286830
25-Feb-13,285.60,299.80,282.60,287.33,308391
22-Feb-13,282.90,289.80,281.60,288.08,265076
21-Feb-13,283.50,283.60,279.10,282.13,420321
20-Feb-13,282.00,290.20,277.90,285.50,548981
19-Feb-13,290.70,293.00,283.30,286.70,412090
18-Feb-13,283.90,288.80,282.46,284.90,416968
15-Feb-13,287.20,288.50,284.89,286.50,330619
14-Feb-13,290.00,295.57,282.50,287.90,386644
13-Feb-13,290.00,297.10,288.79,296.30,403435
12-Feb-13,292.00,292.50,288.20,290.00,263397
11-Feb-13,294.90,294.90,286.90,292.90,107600
8-Feb-13,293.30,294.20,291.61,293.00,168332
7-Feb-13,294.70,296.60,288.70,294.00,347424
6-Feb-13,288.00,296.00,287.94,295.20,287889
5-Feb-13,284.30,289.30,284.10,289.20,312814
4-Feb-13,292.10,292.70,284.30,284.30,293181
1-Feb-13,277.80,291.50,275.70,291.50,314201
31-Jan-13,281.90,283.00,277.30,278.00,339908
30-Jan-13,290.60,290.60,277.20,283.00,293446
29-Jan-13,291.80,293.18,290.00,290.00,163284
28-Jan-13,289.00,307.30,286.80,292.50,231592
25-Jan-13,290.30,290.50,287.20,289.00,204079
24-Jan-13,286.40,290.90,283.08,290.90,196261
23-Jan-13,287.00,288.20,282.50,288.20,180367
22-Jan-13,286.40,287.30,282.60,287.00,168671
21-Jan-13,280.60,287.40,278.40,285.60,199808
18-Jan-13,277.80,282.40,277.80,280.80,428748
17-Jan-13,276.40,277.89,272.20,272.90,252952
16-Jan-13,279.90,280.40,273.84,276.00,279403
15-Jan-13,281.70,287.00,279.80,280.50,271998
14-Jan-13,286.00,287.46,281.00,281.70,419328
11-Jan-13,284.80,288.18,283.91,285.20,234078
10-Jan-13,282.70,286.50,280.90,284.80,253850
9-Jan-13,276.90,283.80,275.27,283.10,233108
8-Jan-13,280.70,280.70,272.60,275.70,300458
7-Jan-13,276.30,282.90,275.91,281.30,369088
4-Jan-13,276.80,276.80,273.30,275.40,348186
3-Jan-13,273.50,275.90,268.49,273.30,230113
2-Jan-13,276.20,276.32,272.60,274.50,407366
