31-Dec-15,376.80,378.30,371.70,374.70,570921
30-Dec-15,376.20,379.60,370.70,378.00,1762431
29-Dec-15,371.50,378.40,369.00,377.40,1541115
24-Dec-15,374.20,374.20,367.40,370.90,164520
23-Dec-15,365.80,373.50,364.30,372.10,1356861
22-Dec-15,365.30,366.00,361.06,362.90,1304073
21-Dec-15,362.90,368.70,360.00,362.30,2167878
18-Dec-15,360.00,364.10,356.60,362.20,16761837
16-Dec-15,360.80,364.40,357.10,362.10,2735252
15-Dec-15,358.10,364.70,357.30,361.66,2593411
14-Dec-15,361.40,364.80,353.20,353.30,2492094
11-Dec-15,362.30,366.10,357.00,361.40,3255728
10-Dec-15,365.00,370.40,362.60,362.60,2117272
9-Dec-15,365.80,370.00,359.70,366.10,2108148
8-Dec-15,375.00,376.60,367.50,367.50,1774165
7-Dec-15,377.00,381.10,374.50,376.50,2323344
4-Dec-15,376.70,378.20,372.00,377.00,3051014
3-Dec-15,372.90,380.70,372.90,379.97,3410168
2-Dec-15,387.90,389.30,372.30,375.00,4520174
1-Dec-15,388.00,388.20,382.40,387.00,2182075
30-Nov-15,386.90,388.50,384.82,387.70,3272755
27-Nov-15,387.00,390.20,386.40,387.92,1572601
26-Nov-15,386.90,390.20,386.00,388.00,2457578
25-Nov-15,382.20,389.90,382.20,385.83,2325834
24-Nov-15,385.50,388.90,379.74,383.50,2137962
23-Nov-15,386.30,390.10,382.80,386.60,1708904
20-Nov-15,390.40,392.50,387.70,388.00,2034315
19-Nov-15,390.00,392.70,386.60,389.79,1628290
18-Nov-15,381.90,387.80,377.80,386.50,1933423
17-Nov-15,377.00,385.80,373.90,382.80,2621114
16-Nov-15,364.60,374.20,360.40,373.90,3281387
13-Nov-15,371.10,371.10,365.70,369.40,3278519
12-Nov-15,381.40,381.50,364.70,371.10,3695966
11-Nov-15,380.60,385.80,378.78,383.20,1687227
10-Nov-15,387.10,387.10,373.60,377.80,2938782
9-Nov-15,383.70,388.10,382.00,384.10,2517910
6-Nov-15,380.60,389.30,379.10,384.50,3091690
5-Nov-15,380.60,383.90,376.20,379.90,2983254
4-Nov-15,375.00,379.20,363.80,379.20,4772504
3-Nov-15,357.50,375.60,357.30,373.10,4145159
2-Nov-15,351.70,359.30,350.90,356.53,3248287
30-Oct-15,348.70,355.38,344.80,353.14,5204805
29-Oct-15,363.80,364.20,337.60,346.43,6987234
28-Oct-15,375.10,381.20,348.80,367.00,9082986
27-Oct-15,476.00,476.60,461.10,465.87,1472606
26-Oct-15,480.30,482.10,475.70,476.00,1440226
23-Oct-15,476.00,486.20,476.00,482.20,1276809
22-Oct-15,489.00,489.00,468.80,473.42,1336291
21-Oct-15,465.60,474.10,463.70,473.51,1363214
20-Oct-15,468.80,470.20,463.80,465.78,934066
19-Oct-15,471.90,482.86,467.00,467.66,1100516
16-Oct-15,469.90,483.60,467.80,471.80,2811052
15-Oct-15,470.80,471.70,463.50,467.00,1909240
14-Oct-15,471.50,473.40,468.60,469.90,785402
13-Oct-15,479.60,481.70,473.90,474.20,1451922
12-Oct-15,491.70,491.80,477.60,477.60,1326145
9-Oct-15,498.40,498.40,491.80,492.50,1317473
8-Oct-15,487.80,493.30,486.00,493.30,1060181
7-Oct-15,494.10,498.00,487.60,489.30,1577152
6-Oct-15,489.80,493.70,486.20,492.30,1270529
5-Oct-15,482.90,489.50,481.10,489.20,1510144
2-Oct-15,483.30,484.40,468.30,477.00,2383071
1-Oct-15,481.00,487.30,477.20,480.60,1638302
30-Sep-15,473.00,476.50,470.70,476.20,1866039
29-Sep-15,467.30,472.60,460.60,464.10,2014596
28-Sep-15,474.70,476.90,470.80,471.90,1238914
25-Sep-15,468.20,480.00,466.90,475.31,1582311
24-Sep-15,471.20,473.40,461.20,462.10,1686015
23-Sep-15,462.90,475.70,462.50,472.08,1983373
22-Sep-15,471.60,475.70,463.20,463.91,2155669
21-Sep-15,475.80,481.50,474.30,474.30,1673168
18-Sep-15,481.30,481.70,474.70,477.80,3852262
17-Sep-15,484.60,485.30,478.50,481.10,1485338
16-Sep-15,484.30,485.74,480.00,484.00,1655301
15-Sep-15,480.70,483.50,472.00,482.80,1324238
14-Sep-15,487.10,490.70,478.53,480.00,1255343
11-Sep-15,491.10,492.90,483.90,485.94,1377999
10-Sep-15,492.60,494.40,486.70,489.28,1637507
9-Sep-15,495.50,498.30,493.60,495.40,1818724
8-Sep-15,486.00,493.30,485.80,486.20,1444078
7-Sep-15,486.90,488.70,481.60,483.40,1259232
4-Sep-15,488.10,491.30,482.80,482.90,2860192
3-Sep-15,489.00,497.30,488.10,490.50,2895947
2-Sep-15,491.40,501.00,486.80,489.20,3206805
1-Sep-15,470.60,492.00,470.60,470.60,5640921
28-Aug-15,469.70,477.40,465.30,477.40,3407225
27-Aug-15,465.30,470.90,461.40,469.60,2322809
26-Aug-15,459.70,463.00,452.50,455.70,3202493
25-Aug-15,464.00,467.90,459.60,464.04,2732826
24-Aug-15,458.90,466.20,445.70,458.00,4561259
21-Aug-15,480.70,485.90,470.60,470.60,2073282
20-Aug-15,483.00,488.30,479.70,486.20,2107956
19-Aug-15,496.10,496.10,485.50,486.30,1856676
18-Aug-15,498.60,502.00,494.10,497.20,1969683
17-Aug-15,504.00,504.50,497.70,501.00,1288268
14-Aug-15,502.00,505.00,498.60,501.00,1078145
13-Aug-15,508.00,509.00,495.60,499.67,1970828
12-Aug-15,503.50,507.25,497.20,499.28,3802907
11-Aug-15,508.50,512.00,504.00,506.50,2255087
10-Aug-15,509.00,514.00,504.50,509.46,2202927
7-Aug-15,497.70,506.54,497.70,504.50,1566123
6-Aug-15,497.70,501.50,494.10,497.70,1955143
5-Aug-15,500.50,501.50,489.90,496.56,3152190
4-Aug-15,480.00,501.00,480.00,499.33,5357033
3-Aug-15,462.20,468.90,462.20,464.20,2098273
31-Jul-15,458.40,465.80,457.70,464.50,2132151
30-Jul-15,457.40,462.10,452.80,455.80,1578024
29-Jul-15,455.30,457.00,451.10,455.50,1341409
28-Jul-15,450.70,455.40,449.20,454.64,2209752
27-Jul-15,453.10,455.80,449.00,449.20,1842017
24-Jul-15,462.50,467.30,453.83,453.90,2186874
23-Jul-15,463.40,466.50,461.70,463.00,1912418
22-Jul-15,471.90,472.20,456.60,459.20,5267771
21-Jul-15,487.30,490.20,473.10,476.00,4109609
20-Jul-15,498.50,499.00,485.10,486.80,3374948
17-Jul-15,497.60,498.10,492.40,496.70,1929050
16-Jul-15,495.30,497.40,492.60,496.70,1825654
15-Jul-15,490.30,506.00,484.70,492.14,2724927
14-Jul-15,477.00,489.90,475.00,489.00,4618386
13-Jul-15,467.40,470.90,463.90,470.50,1992540
10-Jul-15,462.20,464.60,459.90,464.50,1542130
9-Jul-15,458.10,458.50,455.10,457.90,1903572
8-Jul-15,453.20,462.30,452.80,457.30,1910972
7-Jul-15,460.90,463.30,452.30,452.30,1992016
6-Jul-15,459.50,464.70,454.20,461.00,1710507
3-Jul-15,464.30,468.00,463.00,464.10,1794179
2-Jul-15,470.00,470.00,462.00,466.50,4038984
1-Jul-15,470.00,472.90,467.20,471.90,2526280
30-Jun-15,461.90,469.90,460.80,466.40,4705758
29-Jun-15,462.10,468.30,460.80,463.37,3350995
26-Jun-15,477.40,477.90,470.00,471.90,2042170
25-Jun-15,476.60,480.20,473.50,474.70,1910384
24-Jun-15,479.00,481.70,474.80,477.90,3113036
23-Jun-15,469.00,481.50,468.22,477.60,3442629
22-Jun-15,469.90,470.90,465.00,467.60,2463666
19-Jun-15,470.00,473.20,465.40,465.60,4117450
18-Jun-15,475.10,477.80,465.40,468.20,2345872
17-Jun-15,480.50,481.30,471.40,471.40,1421289
16-Jun-15,478.40,481.90,476.40,479.80,1450363
15-Jun-15,486.60,491.00,480.30,480.30,2022630
12-Jun-15,487.50,491.10,486.53,487.70,1709039
11-Jun-15,492.30,494.70,487.30,489.30,1388951
10-Jun-15,488.20,493.60,486.56,491.70,2029564
9-Jun-15,495.10,495.80,488.80,489.50,1300639
8-Jun-15,495.00,497.20,492.40,494.10,1522641
5-Jun-15,500.50,501.50,494.80,495.50,1963480
4-Jun-15,503.50,507.00,499.70,503.39,2096031
3-Jun-15,504.00,506.00,501.50,503.00,2033387
2-Jun-15,508.50,509.50,503.50,504.00,1813258
1-Jun-15,509.50,511.50,505.18,506.10,1430988
29-May-15,515.50,515.50,507.00,508.50,2258035
28-May-15,514.00,517.00,511.50,513.50,1458858
27-May-15,513.50,515.00,512.50,514.00,2314310
26-May-15,515.00,515.00,510.50,514.08,2390291
22-May-15,514.00,515.00,511.50,512.00,1581143
21-May-15,510.00,514.00,508.00,514.00,1883160
20-May-15,516.50,516.50,509.50,510.00,1839629
19-May-15,516.00,518.00,512.50,514.50,1399762
18-May-15,514.50,518.00,511.35,513.50,1429279
15-May-15,519.50,520.00,509.50,513.00,1821744
14-May-15,517.50,520.00,513.50,516.50,1508974
13-May-15,519.00,520.50,515.00,517.00,1889610
12-May-15,521.50,522.00,511.00,515.50,1830300
11-May-15,524.50,525.00,521.00,522.50,1639606
8-May-15,527.00,527.50,521.00,525.66,3477948
7-May-15,519.00,520.00,508.85,518.00,2372920
6-May-15,524.50,527.00,517.50,519.82,2251760
5-May-15,536.00,536.00,525.00,525.00,1871553
1-May-15,527.50,531.50,525.00,529.50,900952
30-Apr-15,535.50,538.00,523.35,530.00,3648909
29-Apr-15,541.50,547.00,534.00,535.00,2058793
28-Apr-15,547.00,547.10,535.95,539.00,1330999
27-Apr-15,546.00,549.82,540.50,547.50,1227995
24-Apr-15,549.00,553.00,540.00,544.50,1345968
23-Apr-15,549.50,554.00,540.50,550.00,2222973
22-Apr-15,549.00,553.00,544.00,546.00,1697181
21-Apr-15,548.50,554.00,545.50,547.26,1598889
20-Apr-15,541.50,548.50,541.50,543.50,992625
17-Apr-15,544.00,550.50,539.00,540.50,1858545
16-Apr-15,555.00,557.00,528.50,550.03,2617787
15-Apr-15,566.50,568.00,562.00,564.00,1437063
14-Apr-15,573.00,577.00,567.50,568.00,1227279
13-Apr-15,573.00,576.00,570.50,575.50,1127672
10-Apr-15,568.00,573.50,564.85,573.50,1105838
9-Apr-15,561.50,569.50,561.38,567.00,1252279
8-Apr-15,558.50,565.00,557.50,561.00,1433140
7-Apr-15,551.00,562.50,551.00,559.50,1634065
2-Apr-15,547.50,552.00,546.50,550.50,1377988
1-Apr-15,546.50,555.00,544.00,548.50,1979373
31-Mar-15,562.00,563.00,540.00,548.84,3180346
30-Mar-15,566.00,571.00,561.50,563.00,1377318
27-Mar-15,563.00,571.00,559.50,560.00,1917686
26-Mar-15,559.00,563.00,555.50,561.50,1984362
25-Mar-15,562.00,569.00,559.50,562.50,1891291
24-Mar-15,562.50,564.50,555.50,560.02,1967050
23-Mar-15,569.00,569.00,558.00,564.52,2303913
20-Mar-15,579.00,580.00,574.00,574.50,2840149
19-Mar-15,580.50,585.50,576.00,577.50,1810444
18-Mar-15,584.00,589.50,584.00,587.50,1396896
17-Mar-15,587.50,593.50,584.00,586.50,1665195
16-Mar-15,580.00,589.50,580.00,587.50,1625858
13-Mar-15,560.00,578.00,560.00,575.00,2304924
12-Mar-15,553.00,561.00,552.50,561.00,1752670
11-Mar-15,548.50,553.50,546.50,550.50,1324294
10-Mar-15,553.50,560.00,546.50,547.00,1567495
9-Mar-15,555.00,560.50,553.00,556.50,826042
6-Mar-15,554.50,561.50,554.50,557.00,1063276
5-Mar-15,544.50,557.50,544.50,556.05,1300993
4-Mar-15,541.50,545.50,538.00,544.50,1460575
3-Mar-15,543.00,549.00,541.50,542.50,1389890
2-Mar-15,543.50,549.50,539.50,542.66,1630994
27-Feb-15,543.50,550.00,541.00,545.00,1990431
26-Feb-15,540.00,555.50,539.31,554.00,2313875
25-Feb-15,527.00,548.50,526.89,541.00,2416505
24-Feb-15,571.00,578.00,534.50,537.00,3683104
23-Feb-15,579.00,580.00,565.50,571.00,1812765
20-Feb-15,566.50,577.09,565.50,573.00,2374731
19-Feb-15,565.50,577.80,563.50,568.00,1660282
18-Feb-15,560.00,566.00,557.50,566.00,986277
17-Feb-15,550.50,559.00,550.50,558.00,1094125
16-Feb-15,552.00,555.50,551.00,553.50,595646
13-Feb-15,551.50,555.00,547.00,551.50,1174402
12-Feb-15,548.00,555.50,547.00,552.00,1161539
11-Feb-15,547.50,550.00,544.75,548.50,903931
10-Feb-15,543.00,548.50,539.50,546.50,1447515
9-Feb-15,544.50,545.50,540.23,543.50,826085
6-Feb-15,545.50,550.00,542.00,545.50,1628930
5-Feb-15,544.50,550.00,541.00,548.00,873900
4-Feb-15,545.50,547.00,539.50,547.00,1068529
3-Feb-15,541.50,549.00,541.50,545.00,1584467
2-Feb-15,537.50,547.00,537.00,543.00,1656154
30-Jan-15,550.00,552.10,537.00,539.00,1828731
29-Jan-15,542.50,550.00,539.10,543.00,2953488
28-Jan-15,541.00,545.00,537.50,543.50,921148
27-Jan-15,540.00,544.50,535.50,538.50,1130097
26-Jan-15,539.50,544.00,534.00,540.00,937033
23-Jan-15,531.00,541.00,530.50,541.00,1465728
22-Jan-15,521.00,531.00,519.50,521.50,1489336
21-Jan-15,516.50,522.00,513.50,522.00,1205609
20-Jan-15,514.00,521.00,512.00,515.00,1395325
19-Jan-15,508.50,513.50,507.50,512.50,1318835
16-Jan-15,516.00,516.00,505.50,510.63,1868785
15-Jan-15,515.00,519.50,504.50,518.00,2154487
14-Jan-15,514.50,518.50,501.50,512.50,2054313
13-Jan-15,517.50,524.00,516.00,521.50,1002459
12-Jan-15,517.50,522.00,516.50,519.00,1077676
9-Jan-15,522.50,525.50,515.00,517.00,1396204
8-Jan-15,516.50,528.00,515.00,523.00,1793494
7-Jan-15,510.00,516.00,506.00,511.50,1365000
6-Jan-15,513.50,514.64,505.00,509.00,1385997
5-Jan-15,507.00,518.00,506.89,513.50,1725699
31-Dec-14,510.50,520.00,510.50,519.00,253972
30-Dec-14,515.00,518.00,508.50,510.00,597708
29-Dec-14,518.00,519.50,512.00,516.50,643846
24-Dec-14,519.50,520.00,515.50,516.00,211460
23-Dec-14,516.50,519.50,514.50,519.50,777262
22-Dec-14,514.50,517.50,510.00,514.50,919577
19-Dec-14,503.50,514.50,499.70,511.50,3661608
18-Dec-14,490.40,501.50,487.20,501.00,2848055
17-Dec-14,482.10,486.90,481.10,484.68,2239932
16-Dec-14,474.20,487.30,471.00,487.30,3196027
15-Dec-14,479.70,483.70,472.90,472.90,1944987
12-Dec-14,490.00,491.70,480.80,481.20,2105039
11-Dec-14,497.20,499.00,489.50,491.40,2406561
10-Dec-14,500.00,504.50,497.20,497.20,1238000
9-Dec-14,506.00,506.50,499.20,499.20,1414827
8-Dec-14,515.50,517.00,508.50,508.50,1093215
5-Dec-14,506.00,520.00,506.00,518.00,1440225
4-Dec-14,502.50,509.50,500.00,501.50,1264651
3-Dec-14,504.00,505.00,500.00,502.00,879906
2-Dec-14,505.00,508.00,502.50,504.50,1019162
1-Dec-14,502.00,503.50,499.90,502.00,812254
28-Nov-14,495.10,504.00,493.80,503.00,1877691
27-Nov-14,492.00,497.70,490.90,496.80,1464009
26-Nov-14,493.60,495.00,490.00,491.80,1700704
25-Nov-14,486.00,492.50,486.00,492.50,2084282
24-Nov-14,486.30,488.00,483.10,485.50,1514153
21-Nov-14,484.50,495.40,482.20,487.90,2715014
20-Nov-14,480.00,484.40,478.80,482.30,1670238
19-Nov-14,474.20,482.00,472.00,479.60,1819331
18-Nov-14,476.40,480.80,471.70,473.20,2372218
17-Nov-14,477.20,479.60,476.40,478.20,1638520
14-Nov-14,478.20,481.10,475.00,480.00,1879466
13-Nov-14,480.00,488.60,479.10,479.80,2886489
12-Nov-14,479.40,481.50,473.90,478.50,1970873
11-Nov-14,483.70,484.70,478.70,482.60,1674356
10-Nov-14,477.00,485.00,475.50,484.10,1829729
7-Nov-14,478.60,480.80,474.00,476.20,1407911
6-Nov-14,474.00,481.31,471.20,479.95,2836861
5-Nov-14,455.00,476.50,455.00,473.20,3698262
4-Nov-14,446.70,449.80,439.40,440.00,1622142
3-Nov-14,450.90,456.70,447.20,447.50,1249063
31-Oct-14,450.60,452.70,447.20,451.10,1914679
30-Oct-14,443.30,446.90,439.20,446.20,1845766
29-Oct-14,441.30,442.30,439.00,442.30,2045772
28-Oct-14,440.90,442.20,438.30,439.10,1076403
27-Oct-14,445.10,445.90,436.10,439.00,1652990
24-Oct-14,443.80,447.50,441.80,443.65,1439949
23-Oct-14,445.00,446.20,440.60,444.00,1767182
22-Oct-14,449.90,454.50,445.20,446.80,2010928
21-Oct-14,435.90,450.20,433.30,449.30,2517380
20-Oct-14,439.70,446.90,438.40,438.60,1928555
17-Oct-14,435.40,441.40,429.00,441.40,3385266
16-Oct-14,426.20,437.80,422.40,436.17,3977955
15-Oct-14,436.90,440.80,422.30,423.90,2482433
14-Oct-14,424.30,436.80,421.70,434.90,2261678
13-Oct-14,425.60,433.20,425.10,428.48,1957698
10-Oct-14,431.20,432.56,424.40,428.30,2414297
9-Oct-14,444.70,446.60,434.30,435.20,1976346
8-Oct-14,435.50,440.60,433.80,438.90,1407258
7-Oct-14,445.00,445.00,436.00,436.40,1748133
6-Oct-14,438.70,446.00,435.60,445.70,1884745
3-Oct-14,439.40,441.00,436.90,438.90,1702734
2-Oct-14,443.90,443.90,437.20,439.57,1980090
1-Oct-14,450.40,451.50,443.80,447.31,2474308
30-Sep-14,456.80,458.40,450.60,451.20,1831905
29-Sep-14,454.80,456.10,452.60,455.00,1173942
26-Sep-14,457.00,458.50,453.00,455.30,1710506
25-Sep-14,470.00,472.20,456.70,457.50,2197753
24-Sep-14,473.20,473.20,469.10,470.99,1307119
23-Sep-14,485.60,485.60,469.10,473.90,1631019
22-Sep-14,489.70,490.00,479.40,484.80,1204351
19-Sep-14,484.90,495.50,483.50,489.74,2688770
18-Sep-14,480.00,484.70,479.80,480.00,1813372
17-Sep-14,481.10,482.70,479.70,480.10,1808381
16-Sep-14,482.00,482.00,480.00,480.78,1675651
15-Sep-14,483.00,484.70,479.70,483.00,1773060
12-Sep-14,487.20,487.20,485.30,485.40,982749
11-Sep-14,486.60,488.10,484.90,485.60,1770046
10-Sep-14,478.20,486.40,477.00,485.30,2078218
9-Sep-14,471.10,481.80,470.38,477.68,1590004
8-Sep-14,470.00,480.80,462.92,471.00,1201803
5-Sep-14,478.80,478.80,465.90,470.50,1828438
4-Sep-14,481.80,481.80,474.70,477.80,1367908
3-Sep-14,477.20,482.50,476.80,481.42,1430837
2-Sep-14,478.50,480.60,476.10,476.90,821424
1-Sep-14,470.00,482.10,470.00,477.60,1095327
29-Aug-14,470.50,472.60,469.60,471.60,1426424
28-Aug-14,471.30,473.30,468.80,471.56,1271229
27-Aug-14,471.10,473.60,469.60,472.75,902499
26-Aug-14,470.30,471.56,464.50,470.00,1315043
22-Aug-14,465.70,467.90,464.10,466.70,945886
21-Aug-14,469.90,470.00,466.10,466.70,1595651
20-Aug-14,467.30,469.74,465.90,469.60,1254178
19-Aug-14,467.20,468.10,464.50,466.50,1833041
18-Aug-14,470.70,474.80,468.70,468.90,1272525
15-Aug-14,467.70,474.96,465.80,467.80,2239961
14-Aug-14,466.70,469.60,465.62,466.50,1125101
13-Aug-14,468.80,471.30,464.50,467.30,1754557
12-Aug-14,470.00,473.50,468.70,471.20,1355168
11-Aug-14,475.30,475.50,469.00,471.00,1517143
8-Aug-14,476.20,477.30,471.60,472.30,2277919
7-Aug-14,470.70,481.10,470.70,478.10,2233944
6-Aug-14,478.00,482.40,474.50,478.50,3932816
5-Aug-14,480.10,483.97,458.10,479.70,5366378
4-Aug-14,508.50,509.50,500.00,503.51,1108312
1-Aug-14,507.50,512.00,502.00,505.50,1409780
31-Jul-14,514.00,514.50,505.50,508.50,1504725
30-Jul-14,519.00,521.50,513.00,514.50,966888
29-Jul-14,518.50,524.50,515.86,518.50,976263
28-Jul-14,528.00,528.50,516.50,517.50,1155415
25-Jul-14,528.00,531.00,524.00,526.00,910257
24-Jul-14,534.50,536.50,528.50,530.00,1211467
23-Jul-14,530.50,541.00,528.50,536.25,1831706
22-Jul-14,532.00,540.50,523.50,536.50,2469464
21-Jul-14,542.00,545.00,529.50,530.50,1186111
18-Jul-14,543.00,544.50,534.50,541.50,1848583
17-Jul-14,533.00,551.50,522.00,546.50,2751282
16-Jul-14,506.00,542.50,506.00,537.00,4200385
15-Jul-14,493.90,495.80,490.02,490.10,1159438
14-Jul-14,495.50,497.90,492.30,495.00,947813
11-Jul-14,496.00,502.95,491.70,493.70,1310334
10-Jul-14,500.00,502.00,492.90,501.50,1282363
9-Jul-14,500.50,502.00,497.40,501.00,1644169
8-Jul-14,502.50,504.00,498.00,501.00,2042609
7-Jul-14,504.00,504.50,497.60,500.50,970822
4-Jul-14,505.00,507.50,503.00,504.00,645571
3-Jul-14,502.00,506.35,500.86,503.00,931851
2-Jul-14,506.00,508.50,502.00,502.50,873436
1-Jul-14,506.50,507.50,503.50,505.50,885393
30-Jun-14,507.00,508.50,504.00,505.50,1332440
27-Jun-14,509.50,509.50,502.00,507.00,1653368
26-Jun-14,510.50,513.00,508.50,509.50,1307249
25-Jun-14,516.00,516.00,507.50,508.50,2478665
24-Jun-14,535.00,535.00,524.97,525.50,1706350
23-Jun-14,537.00,537.00,529.50,532.00,1503400
20-Jun-14,532.50,536.61,530.00,536.50,2287500
19-Jun-14,528.00,532.66,527.17,532.50,1433513
18-Jun-14,526.50,526.50,521.00,524.00,1363255
17-Jun-14,525.00,527.50,523.00,525.00,1220420
16-Jun-14,524.00,526.50,522.50,525.49,898391
13-Jun-14,525.00,528.50,523.50,524.50,1273721
12-Jun-14,525.00,526.50,522.50,525.00,981708
11-Jun-14,526.50,532.00,522.50,524.00,1419673
10-Jun-14,524.00,529.66,522.50,529.50,1069371
9-Jun-14,523.00,525.00,522.00,524.00,936263
6-Jun-14,518.50,524.50,517.50,522.00,1470285
5-Jun-14,494.90,518.00,494.70,517.47,2350835
4-Jun-14,491.80,494.10,489.50,494.10,1489284
3-Jun-14,491.40,493.70,489.20,493.48,1182233
2-Jun-14,486.90,490.70,486.60,490.28,1617171
30-May-14,483.60,485.00,481.10,484.48,1179574
29-May-14,483.10,486.40,482.30,483.20,932479
28-May-14,476.60,482.20,476.10,482.10,1064653
27-May-14,475.50,477.10,472.00,476.50,979724
23-May-14,472.20,474.60,469.80,471.49,624333
22-May-14,470.90,472.20,467.50,471.00,1305702
21-May-14,465.40,471.20,464.20,470.18,1308587
20-May-14,471.00,471.10,463.50,465.30,979538
19-May-14,462.90,472.10,461.80,469.10,1167461
16-May-14,471.40,473.10,459.30,462.40,2030263
15-May-14,483.00,483.30,468.90,470.70,1058186
14-May-14,482.00,483.90,480.70,482.40,940913
13-May-14,482.80,486.00,480.31,482.50,1367537
12-May-14,480.50,480.80,475.40,477.33,1179579
9-May-14,474.10,479.00,471.80,479.00,820205
8-May-14,483.50,483.50,474.50,475.30,1121669
7-May-14,480.90,491.60,476.40,482.70,2274803
6-May-14,478.20,481.14,474.20,481.00,1657123
2-May-14,476.00,478.70,472.90,476.90,879830
1-May-14,477.20,478.80,471.50,476.70,389768
30-Apr-14,470.50,477.60,467.70,476.70,1160431
29-Apr-14,471.00,474.10,469.98,472.00,1376085
28-Apr-14,476.80,476.80,468.30,470.10,960436
25-Apr-14,471.20,481.50,470.50,475.60,1178541
24-Apr-14,475.90,476.90,469.70,472.90,1224953
23-Apr-14,478.20,479.30,473.60,473.90,1054359
22-Apr-14,473.00,478.10,471.10,477.00,1216074
17-Apr-14,466.90,474.20,464.30,473.00,2133504
16-Apr-14,467.10,469.00,462.50,466.20,1427044
15-Apr-14,465.20,468.20,462.00,463.70,1273453
14-Apr-14,467.90,469.20,463.30,466.30,1234500
11-Apr-14,472.00,472.80,467.70,469.60,993606
10-Apr-14,478.30,480.30,475.90,476.00,1421978
9-Apr-14,472.00,477.80,471.50,475.39,1378270
8-Apr-14,470.30,472.50,463.00,466.60,1212889
7-Apr-14,475.40,478.62,470.60,471.00,1235635
4-Apr-14,480.20,482.10,477.70,481.13,1271775
3-Apr-14,481.20,482.90,478.10,479.20,743943
2-Apr-14,483.20,484.50,477.00,480.10,1213549
1-Apr-14,479.80,482.90,479.00,481.29,1121994
31-Mar-14,479.30,482.20,478.00,479.90,1692302
28-Mar-14,479.60,482.50,475.10,477.60,1248869
27-Mar-14,479.40,480.50,476.50,479.50,1812164
26-Mar-14,472.20,480.50,471.40,480.50,2140918
25-Mar-14,467.60,471.10,467.60,470.60,1986039
24-Mar-14,470.30,470.44,463.10,468.33,2091708
21-Mar-14,478.30,478.30,470.50,471.20,2869151
20-Mar-14,470.60,472.40,466.40,469.50,3123639
19-Mar-14,463.50,472.10,462.10,471.80,2737970
18-Mar-14,459.50,466.00,457.00,465.30,2088432
17-Mar-14,451.20,460.60,450.99,457.75,2788174
14-Mar-14,445.80,454.40,445.00,450.00,3011950
13-Mar-14,451.10,454.50,446.70,447.70,2603640
12-Mar-14,455.90,458.70,448.80,449.50,3339702
11-Mar-14,468.90,471.20,465.50,466.10,2432239
10-Mar-14,473.90,475.40,466.30,468.74,1872877
7-Mar-14,479.80,481.60,473.10,474.50,2473991
6-Mar-14,487.70,489.10,473.40,479.20,2605075
5-Mar-14,494.20,496.00,482.70,488.53,3160118
4-Mar-14,505.00,511.50,501.50,506.50,3071302
3-Mar-14,501.50,501.50,493.90,494.90,1814851
28-Feb-14,503.00,506.50,499.40,504.00,1534291
27-Feb-14,503.50,508.50,498.10,502.50,3893820
26-Feb-14,509.50,512.00,502.50,502.50,2057288
25-Feb-14,511.00,514.00,504.50,507.90,2825951
24-Feb-14,511.50,512.50,506.00,510.09,2018255
21-Feb-14,518.00,519.00,508.00,511.05,1826099
20-Feb-14,514.00,518.50,507.00,514.50,1549855
19-Feb-14,515.50,520.00,512.50,516.50,1293761
18-Feb-14,520.50,520.50,512.50,515.00,1738931
17-Feb-14,518.00,523.50,517.00,518.00,1222269
14-Feb-14,522.00,524.00,517.00,518.50,1935672
13-Feb-14,529.50,531.00,515.00,523.00,2283016
12-Feb-14,533.50,535.50,526.00,532.50,1826847
11-Feb-14,526.50,538.00,524.50,530.50,2234453
10-Feb-14,518.50,526.50,517.50,524.00,1516103
7-Feb-14,505.00,524.00,504.00,517.50,2104795
6-Feb-14,506.00,508.00,501.00,504.50,1991668
5-Feb-14,507.00,514.00,503.00,503.00,1583570
4-Feb-14,509.50,511.50,501.50,507.00,1847348
3-Feb-14,514.00,521.50,511.00,513.00,1133213
31-Jan-14,512.50,515.50,500.00,515.50,1803212
30-Jan-14,514.50,517.00,503.00,515.00,1530319
29-Jan-14,530.50,536.00,512.50,515.50,2286835
28-Jan-14,527.00,531.50,524.00,526.00,1031916
27-Jan-14,538.00,539.00,521.00,526.50,1350318
24-Jan-14,532.50,536.00,522.00,526.00,1381660
23-Jan-14,535.50,541.50,530.00,532.50,984635
22-Jan-14,541.00,544.00,535.50,537.00,1031287
21-Jan-14,542.00,547.00,538.00,541.03,747704
20-Jan-14,546.00,547.50,539.50,541.00,529008
17-Jan-14,543.00,546.00,538.50,545.00,1250821
16-Jan-14,542.50,542.50,535.00,541.50,1145940
15-Jan-14,544.00,544.50,535.50,537.00,1409351
14-Jan-14,530.00,539.50,526.50,539.50,747176
13-Jan-14,534.00,536.50,533.00,535.00,390242
10-Jan-14,531.50,535.50,530.50,533.50,783451
9-Jan-14,530.50,540.50,526.50,528.00,1047588
8-Jan-14,531.00,532.00,526.00,527.50,488224
7-Jan-14,532.50,535.50,531.00,532.23,709933
6-Jan-14,534.00,541.00,534.00,534.50,680068
3-Jan-14,533.50,538.00,529.50,537.00,615833
2-Jan-14,528.50,536.00,525.50,533.50,842997
31-Dec-13,531.50,534.50,525.00,527.50,268673
30-Dec-13,529.50,532.50,526.00,529.00,431086
27-Dec-13,525.50,529.50,523.50,529.50,379414
24-Dec-13,520.00,524.00,520.00,523.50,96658
23-Dec-13,512.50,521.50,512.00,521.50,523083
20-Dec-13,514.50,518.50,508.00,513.50,1551289
19-Dec-13,507.00,516.00,507.00,516.00,903073
18-Dec-13,503.00,507.00,500.50,503.00,705238
17-Dec-13,503.50,504.50,499.80,500.50,936601
16-Dec-13,494.10,505.50,492.40,505.50,922780
13-Dec-13,490.20,495.00,490.00,493.90,1018674
12-Dec-13,496.30,496.30,487.20,491.60,959576
11-Dec-13,482.60,499.20,482.60,495.30,1497755
10-Dec-13,497.10,501.00,493.90,494.60,911085
9-Dec-13,495.50,499.40,493.30,498.10,1421639
6-Dec-13,487.70,496.70,487.70,495.50,1142021
5-Dec-13,482.70,491.00,477.30,489.50,1660182
4-Dec-13,476.80,484.10,476.80,480.30,1138293
3-Dec-13,487.10,487.40,476.80,476.90,1162604
2-Dec-13,504.00,504.50,486.20,489.40,989935
29-Nov-13,497.20,502.00,492.00,499.10,1020025
28-Nov-13,490.30,498.40,490.30,496.90,941513
27-Nov-13,489.00,494.80,484.60,493.60,883092
26-Nov-13,492.60,496.10,488.20,490.10,1943367
25-Nov-13,498.30,502.50,496.00,497.10,868563
22-Nov-13,493.90,501.00,493.90,498.00,1449726
21-Nov-13,498.60,499.10,493.00,495.50,1250764
20-Nov-13,504.00,505.00,496.90,498.29,1343315
19-Nov-13,505.00,507.00,501.50,505.16,537762
18-Nov-13,503.00,509.50,503.00,506.20,1052967
15-Nov-13,510.00,513.50,504.50,505.00,988489
14-Nov-13,507.50,512.50,507.50,512.00,692779
13-Nov-13,508.50,512.50,501.00,505.50,1025080
12-Nov-13,510.50,512.50,508.50,510.50,925133
11-Nov-13,518.00,518.00,508.50,509.50,856942
8-Nov-13,504.00,518.50,504.00,516.00,1611149
7-Nov-13,502.50,517.00,500.00,507.50,1921836
6-Nov-13,496.20,506.50,495.50,503.50,1916359
5-Nov-13,494.00,498.00,490.20,493.50,2705046
4-Nov-13,503.00,509.50,491.50,493.90,3566068
1-Nov-13,525.00,535.50,507.00,509.00,4908785
31-Oct-13,564.00,573.50,563.00,572.50,1117353
30-Oct-13,563.00,567.00,563.00,566.50,696567
29-Oct-13,559.00,563.00,558.00,563.06,389784
28-Oct-13,559.50,561.50,553.50,558.00,638996
25-Oct-13,560.00,564.00,559.50,561.50,945509
24-Oct-13,553.50,563.00,551.00,562.00,790242
23-Oct-13,552.00,556.50,-,554.00,658763
22-Oct-13,547.50,553.00,543.50,550.00,541611
21-Oct-13,547.00,552.00,545.50,547.50,683958
18-Oct-13,542.00,545.50,535.50,545.50,853273
17-Oct-13,538.50,541.50,533.00,539.00,522036
16-Oct-13,540.50,548.00,533.50,546.00,679909
15-Oct-13,543.50,544.50,540.00,543.50,663367
14-Oct-13,540.00,541.50,536.50,541.00,665861
11-Oct-13,544.50,545.50,532.00,541.00,1127663
10-Oct-13,529.00,550.00,529.00,545.28,944252
9-Oct-13,532.50,535.00,527.00,528.50,809719
8-Oct-13,540.50,543.50,535.00,539.14,487820
7-Oct-13,537.00,543.00,535.00,540.59,581816
4-Oct-13,537.50,541.50,536.50,541.01,710106
3-Oct-13,538.50,542.00,538.00,539.00,818881
2-Oct-13,547.50,549.00,539.00,540.00,933657
1-Oct-13,550.50,554.00,549.00,550.36,663038
30-Sep-13,551.50,551.50,546.50,548.91,839674
27-Sep-13,556.00,558.50,553.50,556.05,756821
26-Sep-13,553.00,557.50,552.00,555.00,499002
25-Sep-13,556.00,557.00,549.00,553.50,679535
24-Sep-13,550.50,558.00,549.00,557.00,683441
20-Sep-13,551.50,554.00,549.00,552.50,1171829
19-Sep-13,558.50,561.50,551.00,553.00,1047909
18-Sep-13,550.00,552.50,547.50,549.83,859842
17-Sep-13,562.00,564.00,549.50,549.50,1106505
16-Sep-13,564.50,570.50,562.50,564.00,1227845
13-Sep-13,552.50,560.00,552.00,556.00,716314
12-Sep-13,551.50,556.00,547.50,553.00,882749
11-Sep-13,552.50,556.00,549.50,552.50,751806
10-Sep-13,546.00,556.50,546.00,554.50,967717
9-Sep-13,545.50,546.00,541.00,545.00,683568
6-Sep-13,536.50,548.50,531.50,545.00,1463155
5-Sep-13,526.50,536.50,526.00,533.00,1076749
4-Sep-13,525.00,528.50,522.00,526.50,1383669
3-Sep-13,531.00,531.50,523.00,526.50,999662
2-Sep-13,526.50,533.50,526.50,532.00,457390
30-Aug-13,532.00,533.50,526.50,529.94,1769488
29-Aug-13,526.50,532.00,524.50,531.00,1129576
28-Aug-13,531.00,531.00,519.00,526.50,1178292
27-Aug-13,534.50,542.00,531.50,532.50,913797
23-Aug-13,536.50,542.50,536.50,539.13,1248593
22-Aug-13,534.00,545.00,531.50,540.51,1260446
21-Aug-13,538.00,543.50,534.50,539.28,1019829
20-Aug-13,534.50,547.00,532.50,535.81,1026009
19-Aug-13,533.50,536.50,532.00,533.34,380945
16-Aug-13,533.50,534.50,530.50,533.00,1081775
15-Aug-13,536.50,541.00,531.00,533.50,1303059
14-Aug-13,533.00,539.00,533.00,537.50,602520
13-Aug-13,536.50,544.50,534.50,537.50,874728
12-Aug-13,544.00,544.50,535.50,537.00,786776
9-Aug-13,545.50,545.50,541.50,543.50,1052711
8-Aug-13,542.50,546.00,538.00,543.50,1765527
7-Aug-13,542.00,550.00,535.00,542.00,1411809
6-Aug-13,554.00,575.00,541.00,544.00,2421976
5-Aug-13,555.00,560.00,552.50,554.50,750043
2-Aug-13,555.50,556.50,551.50,553.00,900624
1-Aug-13,551.50,559.50,549.00,555.00,1212599
31-Jul-13,545.00,552.00,541.50,547.50,1328743
30-Jul-13,545.00,549.00,543.50,546.00,1054444
29-Jul-13,544.00,549.00,541.00,543.00,1215364
26-Jul-13,541.00,545.00,535.00,540.47,1416693
25-Jul-13,541.50,544.50,534.50,538.00,970693
24-Jul-13,546.00,547.00,531.00,538.72,1164324
23-Jul-13,550.00,553.50,547.00,547.00,1113470
22-Jul-13,548.00,552.00,544.50,548.59,1179678
19-Jul-13,547.50,551.50,545.50,547.94,1071813
18-Jul-13,546.00,551.50,543.50,547.34,1215312
17-Jul-13,554.00,555.50,545.00,547.87,933674
16-Jul-13,560.50,562.50,550.00,551.50,886511
15-Jul-13,557.00,561.50,554.50,558.00,509277
12-Jul-13,555.50,559.00,554.00,555.00,1044544
11-Jul-13,566.00,566.00,548.00,555.00,1269501
10-Jul-13,549.84,562.00,549.84,562.00,1143535
9-Jul-13,549.00,559.50,549.00,556.50,1155551
8-Jul-13,545.50,550.00,544.00,546.00,654669
5-Jul-13,541.00,553.00,540.00,543.00,1246728
4-Jul-13,532.50,554.50,532.50,550.00,1049543
3-Jul-13,522.50,530.50,522.50,528.50,729891
2-Jul-13,531.50,531.88,524.50,527.50,531554
1-Jul-13,526.00,534.00,519.50,533.00,779622
28-Jun-13,518.50,524.50,517.50,517.50,1434537
27-Jun-13,511.50,521.50,510.00,516.92,1124855
26-Jun-13,508.00,513.73,506.50,511.50,871700
25-Jun-13,505.00,510.00,500.50,507.49,843463
24-Jun-13,514.50,514.50,499.90,502.00,1226910
21-Jun-13,523.50,527.00,510.50,511.50,3083363
20-Jun-13,525.00,528.50,519.58,522.50,1418246
19-Jun-13,524.50,535.50,520.00,532.00,1479841
18-Jun-13,518.00,529.00,518.00,526.00,935868
17-Jun-13,519.00,522.00,516.50,518.50,667830
14-Jun-13,521.00,521.50,515.00,516.50,989596
13-Jun-13,513.50,521.50,510.05,519.50,1085536
12-Jun-13,516.00,527.00,515.50,522.00,652227
11-Jun-13,527.00,527.00,512.00,516.50,824395
10-Jun-13,520.00,530.00,518.50,527.00,698490
7-Jun-13,525.50,525.50,511.50,519.50,1494830
6-Jun-13,525.26,532.50,524.50,524.50,536413
5-Jun-13,531.50,534.50,526.15,527.00,919931
4-Jun-13,534.00,534.50,525.00,533.00,862906
3-Jun-13,530.00,532.29,524.50,530.00,737673
31-May-13,532.00,536.50,527.00,532.65,1428531
30-May-13,526.00,535.00,524.00,534.50,637480
29-May-13,529.50,531.00,524.00,527.50,1377651
28-May-13,529.50,534.50,528.50,534.00,824464
24-May-13,524.00,531.50,522.00,526.51,1047076
23-May-13,525.00,527.50,518.00,522.00,954403
22-May-13,527.50,538.50,524.00,532.50,776252
21-May-13,522.50,528.50,522.50,527.50,610857
20-May-13,521.50,524.50,515.50,523.50,344126
17-May-13,519.50,522.50,516.50,520.50,478895
16-May-13,518.00,523.00,516.00,519.50,646005
15-May-13,520.50,525.50,518.50,519.00,660279
14-May-13,518.00,522.00,517.00,521.50,928582
13-May-13,515.50,522.00,513.00,516.00,765760
10-May-13,513.00,520.00,505.50,515.50,1491794
9-May-13,496.20,501.00,493.80,499.60,610932
8-May-13,484.10,497.30,481.20,496.50,1401224
7-May-13,482.00,484.30,478.20,483.70,1213154
3-May-13,470.80,489.50,470.60,484.40,1111913
2-May-13,469.50,473.50,465.10,472.40,746468
1-May-13,468.20,475.00,458.65,472.50,741843
30-Apr-13,479.50,481.40,465.90,468.60,1423447
29-Apr-13,473.30,477.90,470.30,476.60,705800
26-Apr-13,474.30,475.62,469.20,472.90,506267
25-Apr-13,466.30,476.70,465.30,475.00,1158291
24-Apr-13,472.10,475.30,465.60,466.70,1712460
23-Apr-13,468.80,474.60,466.80,472.00,1676282
22-Apr-13,477.80,478.00,464.80,466.00,934150
19-Apr-13,471.20,478.75,469.30,475.90,1653823
18-Apr-13,470.70,474.40,465.20,468.50,1190972
17-Apr-13,476.90,477.50,466.40,469.70,1071800
16-Apr-13,478.10,481.10,468.80,473.60,1086511
15-Apr-13,481.70,482.30,476.00,480.60,728531
12-Apr-13,482.80,485.20,479.10,481.80,660894
11-Apr-13,476.50,486.60,476.50,485.90,1053428
10-Apr-13,466.90,480.80,466.90,479.90,1049735
9-Apr-13,470.70,473.60,464.20,467.80,1090788
8-Apr-13,470.90,475.40,469.90,471.40,652093
5-Apr-13,481.70,482.00,465.80,468.20,1509256
4-Apr-13,491.70,494.00,480.20,480.40,1053815
3-Apr-13,494.10,496.00,490.50,491.00,1179036
2-Apr-13,490.70,496.60,488.50,494.20,1302580
28-Mar-13,481.70,492.00,480.40,491.00,1156464
27-Mar-13,485.40,487.41,479.20,483.10,1010557
26-Mar-13,487.00,489.80,483.80,485.24,842260
25-Mar-13,490.00,496.80,484.50,484.96,1391387
22-Mar-13,483.70,489.80,482.50,486.50,1350409
21-Mar-13,484.20,487.50,482.30,485.80,1466150
20-Mar-13,486.10,487.90,481.50,484.90,1158666
19-Mar-13,479.60,485.70,477.60,482.50,1583753
18-Mar-13,473.20,481.40,471.70,478.00,1117543
15-Mar-13,485.70,486.20,479.40,480.20,2373875
14-Mar-13,476.00,485.00,475.00,485.00,1705227
13-Mar-13,483.30,484.60,477.90,484.40,1309327
12-Mar-13,482.00,491.80,481.50,489.70,1113869
11-Mar-13,480.00,483.90,479.20,483.30,867336
8-Mar-13,492.20,492.30,479.40,480.00,1578078
7-Mar-13,476.70,491.90,475.05,490.10,1670797
6-Mar-13,474.90,478.48,471.00,476.10,1379314
5-Mar-13,460.30,480.20,460.30,470.00,3292828
4-Mar-13,456.10,460.30,453.70,459.10,890564
1-Mar-13,447.40,457.50,444.30,455.90,886721
28-Feb-13,453.60,456.50,449.86,454.75,1279249
27-Feb-13,450.70,452.60,447.60,451.40,867536
26-Feb-13,448.20,451.00,446.90,449.90,871703
25-Feb-13,458.90,462.60,453.00,455.20,1223635
22-Feb-13,452.10,458.50,451.10,457.80,704291
21-Feb-13,456.20,456.20,447.70,449.90,1065646
20-Feb-13,454.50,462.00,453.10,458.70,690982
19-Feb-13,447.60,454.34,443.93,454.30,1436828
18-Feb-13,452.40,453.70,446.90,448.00,624673
15-Feb-13,447.90,451.90,446.10,451.54,952401
14-Feb-13,448.20,450.00,445.90,448.50,766577
13-Feb-13,441.20,451.70,439.80,448.70,1083662
12-Feb-13,437.20,441.20,436.00,440.70,859601
11-Feb-13,438.80,439.90,435.40,438.50,977400
8-Feb-13,436.90,439.40,434.50,439.20,1251942
7-Feb-13,434.30,439.60,433.50,436.50,2231163
6-Feb-13,430.00,438.90,430.00,434.90,2192245
5-Feb-13,430.50,435.70,430.00,435.00,1510202
4-Feb-13,433.00,435.30,422.30,430.00,2805281
1-Feb-13,435.40,442.10,435.00,441.40,1166985
31-Jan-13,435.00,439.40,432.60,435.00,2012219
30-Jan-13,436.50,439.70,434.30,435.60,1253456
29-Jan-13,433.10,437.40,433.10,436.00,1377363
28-Jan-13,433.90,435.18,428.50,433.00,1314099
25-Jan-13,431.10,433.20,429.20,432.40,1159679
24-Jan-13,431.70,433.50,429.00,432.30,1303307
23-Jan-13,428.10,434.20,425.80,433.70,1226847
22-Jan-13,428.90,433.20,426.00,429.10,2099031
21-Jan-13,422.00,431.80,413.20,429.40,3271629
18-Jan-13,440.00,441.80,434.40,437.20,1674818
17-Jan-13,430.00,433.10,426.30,431.00,963792
16-Jan-13,426.20,431.00,424.00,430.30,1585839
15-Jan-13,425.10,427.00,422.70,425.80,1866646
14-Jan-13,430.70,436.60,425.20,425.20,1430688
11-Jan-13,427.50,431.80,426.20,431.40,1294112
10-Jan-13,425.10,429.50,422.90,426.90,1927280
9-Jan-13,415.60,429.00,415.60,425.00,2308248
8-Jan-13,411.30,413.10,408.10,409.50,750832
7-Jan-13,409.90,415.10,408.40,412.80,1325443
4-Jan-13,402.90,406.00,401.10,406.50,585193
3-Jan-13,402.30,407.10,400.30,403.00,1042885
2-Jan-13,388.50,404.70,388.00,402.80,1411734
